30 2
200000220000000102000010000000
000122020101000200120000100002
000010000001000200011000100010
000010002001000000000020100200
000021000200000101002000220001
200002200000000011010120000020
001000000001220000200010100112
000201002000002020000000002000
001000000000020010001021000100
000010000010000200000001000000
100000000000000000102001002002
100100000000100000020220000020
000000000000000000100020002000
000100200000210022020000100101
100100200010002200001000000000
000000000020200102100000000110
020000100000000000010000100001
000000200000000000000010000000
002000000000100020201100010201
000020100010000000000020001001
001100000020010002000000011000
000000000000022000000000000000
000000000020100210000100000000
112020002000001002000001000002
200000010000002000201002010001
200020020000000000102200000000
000110000000000000000100022000
200010202020200002002000010000
010000002000000001000000010000
000010212020000000002200000020
