30 2
000002101000001000010200000002
000000100000000000000120000110
200000002011111100000120010020
000100000000012000200000000000
001000100200000000100000001000
220020021200110000011000000001
002000000000002000000100000000
020000002002000012020000000000
010000000100000020020000000001
000002020100000020000000010000
102100022000000000020120100001
020020000000000000000201210100
001010020000020010020000000002
020000001210000000002200000000
000210012100000100022000020001
210000010002100100000102200110
020001100002000010220000000000
000001000020000000000000000002
002000202020020000000000120000
000000002021000210001000010001
000002102000101001000000010000
001000000000200020000100000000
001000000200000000000000000000
000000010200110200201002010101
000022001020100000000020001000
002000001200000220000000010020
000020010100200000002001000020
210000000100000200220000000000
000000100200000001000000001000
000210010020000002000000200000
