30 2
000002000110102002021000000012
010000000000012020200000001000
000000000000020010001100002000
001000220020100002020021002000
111100000000000012200000000000
000020201000000000000020011000
010010002000000200100022200000
000001000002000000020100111002
002000010000200000000012000000
000200000000100000000020000000
000000000000000200002000212000
010001021020000020020210000001
000000200020000200200000210010
020201000001100200000200000200
012000000001022102100020200000
020112001000000002021200000001
010000000000110000101000000000
000000200000000010002020000000
110000000110000010010000010100
000000010200020000002021000110
001012010000000000000000000000
200010000000002000000000002010
000010000001000000112100000002
000002012000000000000110000011
020000000010220000000002001002
201200000002000000000002000002
020000100001202000000000200100
000000000000000001002000000001
010100002000100000020001001002
020000200001000000000000000000
