30 2
200000000000202000000000200000
000000002001002100000002000200
200000020000010000000000002102
100001000020000000100100000000
000000000000010010000000200000
022000010110000100000000000100
100000101000000200002000002200
000000100010000000002100120101
000000000000020010010002000210
000001001000020020000200000200
000010000000202222200010000200
200010000000010100020002100002
000000010100120000020020000002
201000002022001102000010000000
200000000010000001200211000000
020002102000010000201010020000
000000100000020102000100001000
001000000000200002000000000100
100000201000000102001100011000
000000201000000200000000002000
020012000010000100001010000002
000000000020000200210000000200
000010000000001000000000000000
000000020022110000000000000000
000200201002111000100000000002
200001010000020100000010100000
000010100000012000220020000200
001000000001000100110001020000
002000000121100021002000000000
000021210200002220000021000002
