30 2
002001100000020000000020000201
100210210002011002110000001010
000201000020022200120000000210
000001000000000100000100000000
220000000010000002201000010200
000000002000102022200000000000
000000000010000000001001000000
002001100000202000220000021220
002000002011000000200000000001
002000000120011000000000000002
000000000000000000100202020001
000001200000012000002200000000
100002101000000000000001000000
001201002000000001000000000200
000020110000021000200200001200
010000010020000002001000100001
100000000010002022001000000000
020220021200000010000000010120
020002000000102002010001200010
002000000020000010120000020000
000002000000000000000000100000
000000210000010000200100102000
010100002001000000200210000200
000000000000000000000000000000
000002000100021000002000100000
000000100000000102000000000000
020200002010000201000220002020
020100010100000000100010021000
000000001020002211100100000000
010010000100000000000100100010
