30 2
000010000000020002000200200000
201020000200222000020000000000
002010020210000000010000000010
022200200200120000010000001000
000200000000000000000000000200
000010000020100000100112020100
002201100100100000010200000000
000000000002202000100022001000
102000001012000000000000200000
000000100000100010000000100000
100000002000000000000020000000
000000101200100020020000010000
100000000000200000000100000000
101020010002011200000100000100
200010010000000010200200200100
200002200000020001001000000000
100122200100200001100020011000
200000010000010000000100200000
200100000202001000000000020000
002202000000010110000000000000
010020000000100001122002000000
021000000000000000200001020200
000000020100020000012000000000
122000002000000000100000000000
200000100000020200000000200020
000100000000100100010001000000
100000000200000000000000102200
020210110100100000010200001000
010002010001021021002002000020
000121000100002010001000001000
