30 2
000000000220000000001000200020
100100202000020010200100000020
000002000120000000002100202000
000020002000010202010000202000
000110001000000200002000100100
200001012000000000200002220000
000000000000010000022000200021
002002000100000100201000020010
020000000000200100000010002000
102021000000000000000002002012
000000000000200001000200000000
200000200100001000001000000000
100000000200120012120001000000
000100000101000000102000100120
210000000002000020000001000000
000010020000000001220000101000
000000010010021001002002002212
000000200120000100001210000000
012020000000000000000201010000
100000002000020010111000000000
000000000102000000012002010100
000210000000020000200000202021
011000000200200000200000000020
000000001000000000000000000010
000002000200000001100111002002
010000200000000001000200000000
010102010000100100000000000002
100000000000100001000021211000
000001000000200000000000010000
000010201021000100000000100000
