30 2
002002000000020000120000021000
000011001000200120010020000100
000002020000000000000000000220
000200000002000011000000001022
010020200001000000000010000020
022000000000000000000000020000
012100001000001200000020000010
020021020000000000000110200000
020000010100010001000000010000
000010011100012000000012200000
100000000122010000000000100000
202001001000000000000002010000
002000020000020220001010000000
020000000000000000012200000012
001000200000012000010000000000
000100002010002100000000020000
000100000001000000011002002021
000200000002000000002000020000
200202000200001000200200002002
020000000000100000202020001002
000000001101001010000011002000
010000000210100001100000200000
000001000000000001012100012000
000001111000000022000000100020
000000002000000001000002202000
000000020000000000201000000000
000010200200001002000000000120
100000001021000001000201101000
000000000000202001000110010010
000022000020000000210102200100
