30 2
200100020100000111001000000000
100200020000000000210000000000
001000002020000000020100010000
020000000001020020000020000000
200000000000120000022112000010
000220000000210010100000201012
000200200000010000101200000020
001010000001020000010000000012
000020000000001000011020000000
000000000100010021000000020020
000000020002211020102002010101
002022001000110001000200000000
001010000020010000000000000000
000000000002001000200200000000
020200000000000002002202020200
001110000000200000000100220010
000101000001000002002001000000
000111100210001000000001200010
020000000000110010000000001001
000000200200000010020000000000
100020020100000000102000002001
000000000000000001100002000000
000010002200002202000010000000
100000001020001000220100000000
200010010002001000010201000001
001000000000000002200200000200
000000001010010000200000000100
002000000000000001000202000022
020000010000200200020000000020
000000100020210000020010000000
