35 2
00000010220000001000212000000000000
00000000000000002000002001000101000
00000000000002200000001000200001111
00000002121010100020000000020000000
01000000000000000020020020000001201
00002000022000000200010100000000000
12000010002200000100001201000000000
00002010200000002000000000001000000
00020000100020000000000120000200000
00000001000000000000200000000000011
00000000000000010000000000000010000
00000000000010000002000000000000000
00000000010000000020100000000200001
20200000000020000020000010202000000
10220020000020010000000000200000100
10001000022020020021000000000000002
10200000000021000200001100000000000
00000000000000000000000000000000020
00020002010000020000001002000000000
02000001000000001000200200000000000
00000021000011000001020020000200010
00000000010000001000000011200000010
00100000000100100000000000001000010
01000022000000002000000000000000010
00000010000200000000002200021100002
02000000000020000120000010001000001
00010120000002000000000000000001002
00010200000000000020000002000001000
00200000000001000000000000000000000
00001200000000000000010010001000002
20021000000000102000001000000000000
00000000000201001100000000000000000
01000000000000100200000000020000000
12000000001100000000100000001000000
02200000000000000000202000000000000
