35 2
00200001000000000000000002000000000
00000200000000200020001000000010002
00000010220000022010000022000001000
00000000000001000000000000000000000
20200000020000202000000000010112010
00000000000000000000000000000000000
00020001000000022010000000102000000
00000000010000000000010010110120010
20000000000020010001000000000000000
10001000001000001000200000000100000
00010000000000000222002001000020000
00000002000210002001220000000000001
00000020200002000000010020000200000
00000000200000200000001000100000000
00200000001010210000000001000000000
10000000000000000000000200000010000
00000001000000010200100120000000012
01100000000000000202000000220000000
00002000100000200100000000020000000
00000000011000000010000020000001010
00010200000001000100000000020000000
20200000000001001100100002200000000
00200000200101000000000022002000020
00000000000101010000002020010000100
00000000000000000001020100000000100
00010000000020002002000020000000200
00200000001001000000100100010000100
00001000000000000000000000000202020
00000010010000200000002000000000000
00000010000000000000000000100000000
00000000000000200022000000000000002
00020001000000000020000111000001200
01001002000000000000000000000002220
00000100000012000200021000200000020
00002010001110000000000100000000000
