35 2
00000000100000000020000001000002000
00000000000000200020000000000002000
00020000000200000000000000000000000
00200100000020000200000002100000000
00100000200000000001000100000200002
00001000000010020001101000100100000
00000202100000011000200000000002001
00001000012020000020000000020000001
02000010000000000000100000000000001
20020100000010002000000001000200000
00000200020000000000000010020000200
00002200000022000100001201000002000
00000000000000000000000000001020020
00000202000000010200000002000101000
00002010000000000000002000002000000
00000220100200000000000101001000000
00000002000000000000000100100000000
00000000001200000002000021000000000
00001000000000000020000020000001000
00102000201101000000001000000000022
00202000020020000000000000000001200
01000000000002100000010000000000200
00000000200000000000000010000000000
00001000000002010000200001200000000
02000000000000000020210010000000000
00002002100001000000001200000220102
00010010000000000000200001001000000
00020000000200000010000000010000000
00002200000002200000010010000002001
00000100010100200010020010020000000
00000010002000000000001100010020010
00000000000020010000000000000000000
00000000010000210000000001020200001
00001011010000000010000100001000000
00000001000002001000020000001001020
