35 2
00020000000000100000002000001000000
00000020200001100000000000001000200
00000001100012020000000000020000000
00100001000002001000010000000000100
00000000000001000010000000000110000
00000000002001020000000000000020000
01200000000000000000021000000000000
00002000100001000200000002000000000
00000020001000000100000021000010000
00000200000000000000220002200001101
00021000000000002002000000021100000
00010020000000010010001002020000000
00100000002000000000100000000002121
00000000000000000000100010200000121
00002002100100000010000200010000100
00000000000000022001000000010000002
01010000020000000000000000000000202
00002100000002100000220000001220000
00000000002000000020000000000000000
00000000000201010010200022000000010
00001000000011000000010000002000000
02222000002000000001001002020001000
01020000000000201002000000000000000
00100000000000000000200001000020200
00101100000000200000000000220020000
00000000002000100000000000100201000
00000100000000000000000000020000000
20200000100000000002120101000000010
00000000000002000010000202000020002
00000011000002000000000000000000000
02000000010002000000000100000000000
00000000000000000000000000001202000
00000200000010001000200001100200210
00000000000000000000020100010120000
00000200000001000100010000000000200
