35 2
20000000001000000000000000000100200
00000000010002000000000000000000010
00000000010000000002001002000000000
00020002000020000000001000000100000
00000000000021001000200001121002020
20000002000000000000000000002200000
02001020000002000002000000010020000
00000220000002000010000021000020000
00022000000000000022020010000000100
10000200002000000000000000020002000
00000001000000110000200000002200000
00020100000000000000000000002020001
00010000201020000000022000000000000
00011121000110200000000000200000100
00010100002012000000000000002020002
00000000000000000000000000000000000
20000100000002000000000000010000000
00000000000000001000001010000000010
00000210000100000200000000000000001
00011000000000001001000100000000000
00000000000021000100110100000020000
00001000000000000002002000102100100
00200000022020002001001000000201000
00000021000000000000100100000020000
00002001000002200010100200010101000
00000100000000000200012000000000020
00000001000100001100000000000000000
00000000000000020000000001200000000
00000000000002000000000002000001000
20020000010000000200100210000000000
00120000100200000000110000000000001
10000000000000000000002000000222000
00000101010200000000002002200101010
00000100020000010000000000000000100
00200000000011020020000000000000000
