35 2
00000000020000000001000000000010012
00000000000000000011001000000000000
00000000000000001200020000000000000
00002001120010000012000110000100000
00000002200000000000200000000000010
01210200000000020000000000000100200
00000001010000100100010010000010200
02200000120000200001000202000012100
00200000220200020000000002000020000
00000000100000000002000000000001100
10100020000002100001000000000100002
00000000201100100200000001010201000
00000000000000200110020002000000000
00000000000100000000000001002000100
00110002000000000000002000000000000
00000000000000000000000000000000020
00000000000200200000200011101000000
01000000020020100020010102000000001
00210000010002100000000000202000002
00000000000020000000000002020000001
00000000100200001000002210000000000
00000020000000002020000002100020000
02100000000220000000002000020000000
00000000001010000002000000000000100
10000000020000000000000201100200002
00000000000000001000000010001000000
00000001020000000000000010000000000
00000000000200010110001020100200000
00000000000000220000000100000100020
00000000200100100000000020200000000
00000000200000000002000000002000000
00002000000000001012020000000000102
00000000010200010000000002001000120
00000000010000020000000012000000000
02001000001000002000010000000000000
