35 2
00000200100002000000010000010000000
00000020000010000000201220000000000
00002200000000000000002102000020201
20000000001000000000000000000000000
20000001000200000000000010000011000
00000110000000000000010000000000000
00000020001001101000000010100001000
10000200002000010000100010000000000
00000000000001000200000002000000000
00000000210000000100002000000100020
00110000002000100000000000020000000
20000000002002001200200002000000001
00100000020200002001000010001000100
00100010000220000000000000010000000
00010002000100000000002210000010002
00200002001000000100000000000020001
02000000000002202000001000000100000
20000100000200001010000000000000210
00000001000010002010000000000100000
00000010112010000000000200100010000
00001000000000100010000200000000000
00000000000000200002000000100202000
00000000200020110000000000000000000
00000000202000011000200201021000000
00200200001000021000210020020000000
00000000200000000010000000220000000
00020000000100000000000001000000000
10000000000000200020000012000000000
01001012020010002001000000010000200
20000002200200000000000100000100000
00010000000000002201000000200100000
02020000000000000000200000000000000
00000000000000000020000000002011200
00000002000002010100000020002000200
00000000000000000000000000000010000
