35 2
00000000000200200002011000002000000
00010010000200022000001010000101020
00000000000100000010010000000000000
00000000200000000020000000000000200
00020000000000200000200002000000200
00000000001010000201010200010010000
01000200000000020000000000100000001
20000000010100100002000000010000000
10000020000200120000200000000100010
02001002000100100000000200000000002
00100000200000220000000000200000001
10000000000000000000000000000000000
00000000000102001200010000000000000
02101000200000000001102000002000020
00020020000000001000011100100000000
20000000000000000000000000000002000
10020000100000000000102001000000021
00000020020010000000000000200001100
02000000000200200000000000010000000
00020000000000000000000000002011010
00001001000020000000000000100000200
00210000000000020000000000000000110
02210000020001000020020000000001000
20000010200000101000000000000101000
00000000000000100100000000002000000
00020001000000000000000000000010010
02000100000200020000020000000000000
00000000100000000102002000021010000
20000020200000001020002000201000100
00011210000101000001000000020000000
10000000000000100000020220200001000
00000200000000000010021000000000200
00000000020000200000000000000000000
00000000020000000202100202000000000
00000011000020000000000000200100000
