35 2
00001011000000201000010002000000010
01000000100001000000000000002000000
00000000000010002200000020000100201
00200100002000000000000101101000020
00021000000010002200000020001000100
00000000000000000000000000020000000
20100000200000000001000000000020002
00000000000100002000001000000000000
00000000000000210000000100100020200
00000010000001010000000210022002010
00000010100010000000020000000001000
00200200000020000000000000000000000
00000000000000000000000000020000000
10020002000001000000100022000000000
00000100000000000000000020000000000
00020010000110211100020000000110200
00000002100000000000000000000010000
00000020100000200000020000000000000
00010000000000002001200211001021000
00000000020000000000000100000020010
00010002000000000000000000000000020
00000102000020000000001000020000010
01000001120020000200000100020202001
00001010020100001000000100200020200
10000000000000000000000000000020000
00020000002200100000000021000021001
00000000000010000002200010200000002
10000000000210000100010000002000000
00000000000000000000000100102000020
00000020000002001020000000000002000
00000000000000010001000000010000000
22000000010010200000000000010020000
00000000000201000000000000000000001
10021000002222000000000000020020001
00100000002000200000002000000000002
