35 2
00100001222000000000000200020022000
00000100000100000020200001000000000
10000110000020200100001000000000000
00000010000000000000000000020000001
00000100010000000000000000020001020
00000011001000020100000000000010100
01000000000000000001012000001201000
00002000020000000000000000000020020
00000110020010100000000000000000200
00000000002002001000000000200010010
01100001000200002000001020000000000
20000000200000000000100000000000000
00100001000010000000000000010020000
00200201000000010000000000002020000
00000000000000000002000002000000012
20020000000001000100000022200000100
00120020100000100000002000000000000
00000000002010200010000010000000000
00002001000000000000000002200020000
00002010000000000000020000000000000
00120000000000000000000000000000000
00100000000001000000000101000000000
01010000201002101001000100002011202
00000000000020020000002022000000000
10012000000000000020020010000000000
00020000000000010010000002002000000
20000000110001000002101000000121000
00000020100020020002000000000000000
00000002100000000000020000000100020
10100001002020001000000010210000000
00000020002000000200110000000000000
00000100000200000000000000000000000
02000200000200000000020010000000100
01002200000012000000100020020000000
00000000000000020002000001000000000
