35 2
00000000000000000002000000000000020
00011000201002000221010001000000000
00102010000020000002010010000000000
00000000020100002001112000000200000
20000000002100000020001010000000002
00000202000000000000020000101000000
00200000000002000000000001000010000
10000100000010010000000210200201200
00000000010001020000020000000020002
02121100000000000002100200000000000
02222000002000002010120102020220000
20020200000000000000120000000000000
02020000000000001012000201100000000
00200000000000000000000000110000000
00000000000001100002000000001000010
00000200000000000000100200000000020
00000000201000010000002002000000000
00000000100000020000000000000000000
10010000000000120000002000000000000
00002100000100200000000000020012000
02000010000000000000100000220000010
00000000000000001102000200001001000
20000000000021100110100000000100000
00000000000100000000220000000001000
00010001000000000000000000000000010
01000020200000000000001120000100000
01000100000000000000000000000000000
00100000010000100100001000000000000
20200000000000000000000001200022000
00000000000000000100000000000010000
00000000000000000000000000000000000
21000110000000002000202000000210000
00000220010000000000000120200100000
20000000000021000010000000000002102
00020000000000000000000200000001000
