35 2
00000000002002000000200000000000000
20020001020000000100200010000122000
00000000100001000000000000000000001
00010100000110100000100200000100000
00000020210000001000001000210000000
00000000001000002001020220002000000
10000000020000200000200000022000000
02000000000010020020000120000000200
00201000002200020000000020010000000
00000000210000000201000000000000000
20110010000000000000200000000000000
12100000000000011020200000000000000
02011000020000000100000002000000000
00100002001000000000000001000200001
00000000000000002000000000100020000
00000020100010000200000000000002001
00000000000001000100000000200000200
00000001001000000000021000000000100
00000210000010000000000000000002000
02000010000000012000000000000000000
00220100000000002000020200000020000
00000001000010020001000001010000000
01110002000222110000100001000001000
00000200000010000120000000002002010
00000001020000000000002002200000000
00120020100002000000000002010000200
02000000200000000000000000000000100
00000000001000000100000000020000000
10000000000000200000000000000000000
00020001002000020000000200000000000
00110000010200000000202020000010000
00100001000000000200001000000020000
11000201100100000000000010000000000
02000000210000000000000100010000000
00101000002000000000000000000021000
