35 2
00010000010002200010000000000002000
00001000000210000000000000001100001
00000000001000000000000000000020020
00000000000000000000000000000002000
00011010001000000000000001000102000
00000002101000010000000120000002002
00000000000002000220000010021000200
00000000000000000000001000000020000
00220100100200000020000002000000000
00102000000002002000000000010022000
00001000000000200000000000100000020
00200000000000101010000000000000000
00100010000000000000010000000000000
00000020200001102020010002000200000
02000020000000000010000000010020000
00000000021000000200010220000000200
10000010000000000002000020000001020
00000010000000000100000000000001000
00002100000001202000120001000020100
00020020200001020000010000000001000
00000100000000200000200000000000000
01000010000020000000002000000020000
10011000000002020000000010001000210
00000000002002000000000000000100002
10002000000010000000000000010100100
00100000200000010000200102200100000
02100200000202000100100020021000100
02000020000000000000000000000020000
00020000000000000000000000000000001
00020000000000100000000002000000002
00010000012100000000000020100000200
10000000200000201000000000220000000
10001000100010000000000000000001100
20000000000000001001000020000200000
10020000000010000210002021000100000
