35 2
00010100000000010100100000000202000
00000100000000001000000000020010100
01020000200000002000000000000020010
02200000200000000000201001001010002
00002100000002001000000001020000001
00000020010200110220000010000010020
02002000000020000000000000000001202
00020020000000000001000000000000002
00000201002000000010000000200200011
00000201000002000000200021000200001
00000000100000000001020002002000002
00000000002000100000020000000000122
00200200000000000000000000000000000
00010000000000000002000000000000000
20000000000000000000002000000001000
10000000000000100002000001100000111
00000000000000000000000000010000000
00000200000102000000000000000000101
00000001002000010000000200020002120
02000000000001000212000010000000000
00010000000000021000000000200100012
00000002000000100000000000000020000
02100001002000201000021001000000200
00000000000000000001000000000000000
00000000000000010000000100000010100
00000000000022000010020000000000010
00000001100100000000000020000000002
00000000000120000020000002020000002
02020002020000000000000102000000000
00000200000000000000102000000000000
00000000010000100000000000002100010
00000200001000010002000000000000221
00210001000000000010002000000100000
02000102001000000012000020000100010
00001001000100020001001000000000000
