35 4
43000210000004030000003401000000040
03030000000404000000400101000000331
30000100000010000004000202301004000
11002020001013400003000000200021000
13004420300304140304000020400000003
00000333400000140104100400000200000
00233004200303044000120020033020300
00000400100000041002202221330040300
13040000000000200030241000000020100
00000004003040000010020010143040002
20010110133000300040020010021004230
31003003000200000434200010000100000
00202030001020010040340100000034400
00000004030000100320000000040200023
04010000003040000020000002300000400
01000030140013000000020032044103000
02000000040024000000001000030400000
00230004030020010024202200100100140
30320320420100000100334000030030002
01004000002000003401000340000220000
00304001400030000010304003400000100
00041002200000020400040004040300030
00140002000002000000022000000000024
00000404000000030002202441031011014
40311000020100000000211000000000110
30000000000000022100000020000000230
20320301203000203321000002403420320
10340001301044000044003000031002112
00000331000000020004204004000000040
00003020042110030001000000010400004
10003000000200000001030000000000002
10004000000000100000003222041000310
40420200400120000000041001403000000
00000001000000010000000020230002330
04040000000000000100102010004003200
