35 4
00020020101004404202400430100003400
40000413202000001110000002021040000
32300000122001434200000000020002010
00400000200040300003010200300030123
00000100000404010000003100200204000
03040020030040004212200000031000012
21030410030003023110040001000200000
02003420304000000031002003000000000
20020000041400000000012030100030100
00400014004300023202000303100002000
10022043401130000000001003001003010
41200000001032020003101000012400000
10010100203104000040000000020100000
01400000200013030300401303400040001
03200000010000000000001000300040020
01020000300001301000040043140000000
30230000022204000003000010000000043
00000014000440300210100000200000341
14022400214300003000000000023000111
00004020000000200100020400300000000
34040024000200000000002000000030010
10400400410000000400000000000000000
00301000020021304002300230110000220
00010000400004303300031033000020100
00040310000003040240000200200002000
04410000030003000110004002000020000
00000002000040000040004002000003011
03000140000300000000020000002000000
00203400021400000343034000100002042
00000401001400004000400034032000000
40000003302104000030040000203400020
00002020040300003100314010010410000
04000100300400202400433012000200200
30003000003334000400002040000301000
00300400000401001203040000320000000
