35 4
00000230003000140000340000040232004
30000040000004001000120400300300003
13104000100120000110012120100000001
04000100003401004003030300000000000
00311101302100230001402031320304144
20000031042300000000000441134010420
00003000404000003000000040013040000
30223200000000044043100004000022000
00000040000000000000020010000201321
21000200030400000000000004020100040
00010003402000000000000002013202000
01200000000000000420102100400300100
20000030020034200000100100003200400
04040100402331132300004000000000004
40200010000400003010040043000002030
03030040000420200000000024120400401
00003040000020040000200000000301400
00020000014222430420030000000201120
10010043000030013000031000120200000
00024000400000340040410000330002000
00100030200000202104002040013000040
10004021400300000400000000030001031
40001200030001001000400040230000001
03000400004000040021300000000003021
00300000040300200002000000001000002
00032003000103030000001000040002000
00024000001000002010000240002040320
00402340000040400000433200000024040
10000002000000000003000040100020002
00020024023043043200000033000000203
10220100000000040000300000010000211
30002004000030330000041100202342031
13002040000003200030000304011300001
00001000043100100000000020330004000
00000304000200131000100020101000021
