35 4
03040000200000200003000004323004302
00443200010002011014000000100000003
00000203000044310000000000423002103
00400102420300000000000003030100002
00020030320000000001000312440001030
22332010100000003200400023004300030
00220040210401000002004030401102000
31000020300030001000020300020200024
10000400110030001000410100010103000
00000400000001040030030020044000000
21000000200000300001000021000000000
00401010400000030010000000004020000
10001002203000300300010023030000040
00000004300022101200000000200201000
00000000003000203000400030010000402
03040001003022000200010400001000000
01000010000401404300101300300421200
04030020000400000434400202303200304
00000100000120000033000013000000020
04003300002002100300230000300001021
20320340142004403044000010040000000
00000040020402401400000000304030040
00140442000420000010430101400002401
02100300000130000410000000321000003
00300000002023041002040043000000034
03010000200102004030040001400042030
00040014000001202030100240001000301
00010020011000040002000000022000000
00030300000000004040000001000003000
10400000000021000000300030201200020
00001201203400300040040000000000030
00000300302000000110300002020402104
02034000000030300004012030002000023
03314100101400010040000010000000001
04040000100004040340400200400022140
