35 4
00400000130000000020000001300002400
00000030000000200020430034000002000
00420040000234304000000000003044004
03200100000020030204040002100000000
00104340200000000301000133400240042
00001000000310020001101033100130003
03000202100000011000200000000002001
00001000012020000020000000323000001
02300013330000300040100000000000001
20020104000310002000000041004240030
04003200020300000000030014020000200
03042200003022000100001201000042003
00000003000440000304000000031020020
00300202030034010200340002000101040
34002010030000000043002000002000000
04000220100200040000000101001000000
00000002000004004000000100134003300
00434340001200030002040021003000040
00401000000004000020340024000001340
00102000231101000040401000000000422
00202000020020000300000400003001204
31000303004002100430010040000000200
00430004233003000403300010004040403
00041000030042010040200001200030000
32304000030000000020210010000000300
30002002140001000000041204400220102
00010010030000003000200001001000300
00020400000230430013000044014000030
00002200000402240000010310000432001
44000100010100230010024310020403330
00404014002300004000001100310020310
00000000030020010000000000344000030
40000000010030210004040001023204001
03001011010030000010400100001000000
00000001000002001044420043001041020
