35 4
20000001000000022041024114000332020
00301004000000200140130000040001000
04000101000100204023300100000100020
00400200400023014100000000000000100
00004032042020200000300040000034002
00102020030010003014004000030030200
00400000021200000000200004002140103
04000200000400000000133110102004040
00023000001030030000030003330000000
00300000402004204030034402000000041
03000230000000031200104030301402010
11204100030401033002030004000000400
20000000240301000000003010032000402
00402332020401000000000020010003000
00202001000023000000100210010403300
00010010430033000000013100420004433
00233340000000020020000403000000000
00340000010010100020004010014400202
00202300010040002000003002010410444
03300000300410004000100301000311000
01110200000001040104100002202440000
00400200104000332204000100030000200
00102000020000321230000000001000400
40003004001000003012200000000010304
00200100030021000000000103040020020
00020010003020304410430004101402040
00000000300003000020004030101100001
10010000000000000430000000044022200
00201000000030120240040000400002300
03001002044402003301000000000000341
00000000000002000004102010000040001
34000304000030000040000000030044002
00020003100000300000043000022000000
10004000000000000400040023000340000
00000401002031030300000000020023320
