35 4
00000000020030000001000043000010012
00000400004000000011031030000000040
00440000400000001200020030000400004
00002031120410000012030110340100000
30303002200000040004200000003040014
01210200003000020000000000300100204
00403001010000100103010010000010200
02234400120000200001034202030012100
00200000220200320300303032000024000
00003030104400300002400000040001100
10100020000002100001000000003130002
00340440201100100240000001010201040
00434304000000230110320032000000000
00440000000104304000004001032400134
00114302400300000000002004400000003
03440400300000000000000000000000020
00300000000200230000200311101004330
01300000420020104020010132000000441
00210300010042100403000000242000002
00040000003024000000000042020030431
00400000100240301000002210300400000
00004320004040032023030402100020000
02130000400220000043002004020030000
03000003031414030002000330030000100
10000300020000000003300201100230002
00003000000000001000000010401300000
00000401020030400000000010000400400
00000400003243310110041020100200000
00000000000400220000400104300140423
00000400200130103000003020200000000
03000000200043403302400000002030404
00002000040003001012024040000040102
00000000410200010030000032001040120
00000000410300020030000412330000000
02001403001000002300010000400000000
