35 4
04440000001404000010200000000330402
10100003400200003200044200000000020
11030000233043014003000040030400000
00202000000040001022040400000004402
20300140010002001004201100040210010
20000010004401000000000310300304200
12000013030020001004001002020204004
00020030001000034014300013004240400
30000220000240210020230400010000023
00000044000000000024040440014221000
04000000010240100044000002400200440
00200003000000000002300000001030001
00103000003000001000000400000430001
30000000040030010003003000010001000
03000100001000001000100030430220340
00211301020001400000000400000001320
00021000042000200010020002013100440
30000300400000200320010020130001000
40000002000000200002000000200004001
00010020002100000400003300001000000
03200030000210003001200001000300000
30000104100410030300003000002002000
10100003030100104000420030000320002
00011000400000413013000400002020002
03030140000000020042300040003100003
03412030003001200100000000000012000
44030440000300000440000030000043000
00040400004200030000300000004103004
00020021200200130340114300030041200
01042341101200000004001000000003002
00002000003000004400000000020004002
10200330021021100330130030330400000
00201000100000414000103043020000020
30030240000023000000032300003000030
20000401000000000002000030200002000
