35 4
02043303000240000014000001040100001
04000102000000002001140002023000003
03203230000010000000041000022210320
24000203040200000034200002000001303
00000022001004004003110000002020003
00200100000401000000002002301300000
00010003400303010304030403401030200
00000000021020000000010000240000041
00002034000004000401002022002000004
24002000310004003000001300240030000
00010000001002000000141103000341004
00000200100000040000000000034040011
00230003000011400010322201020200004
00032030010000040342220004000000420
02003000100003100001000140000000000
02440000011010003003000024043104013
00002000000000000003000300010120000
10040000033024000001000340003430002
40000002210400401004000040000011000
00040100302001000000013000110000040
30404000102302004000000002010410320
40040020403031400400000002000020000
30311010000200202000403400400200002
40000000100200000200100000400000202
42400402020000000003203101004330001
00300004000300010030200040100100004
00034004030402001000300100001000104
00000120000010000210001000001000310
20000000030000000020042000300001004
32023000010033003200033000030000000
02430001002010000000000230000301000
10000000140200040004300030400014303
00000244000000444033041400441030330
00200200200302000100000000100020000
03040100000000000303040003040230000
