35 4
00000000302001020020020030001002010
00200401300400401000120000400033100
44200030000004000000000042422003023
40004000220210000020000000011424000
04023000000000004010001003103300300
30130300100040433101004403010400000
01000003000030020000002400000000300
04000001000000024322000200300000011
00213000002033032000010402033000000
00010000000004000002000010300100000
00310022204014000330300000004000300
02001400000004043000030400000000000
04031001000000002010230001410000400
01000000430000202000000200000010040
44243001000040303001030000220040100
13100000003010002000004000100000000
01043414040040030004402034400000003
00044310000000202400000100300000100
00100002000000022021301000000300411
00000000031000020000002001003012131
00040040130330200410400023000204000
00102000000003120000002204002203400
02400400000400230013010002000020030
00300400202040000300400030202200030
00000220000033000023020000001230001
00000120420304430000202000341000000
00000202000010000443001010004430004
00100000003030400100002140000000000
03030041003404013002000014300220000
00010000121230404000003000004400200
00010004002143000020000200100300032
10000021200210000004004000300000000
30030000400410100410000000002010300
21040000003200000100014001010010003
00020030100000002004404011003000000
