35 4
00100041222000000030000200020022000
00004100000140300020200041000040330
10000110000020200140001003000000000
40000014044404000033000000020040001
40300134413000400004300000023031024
30000011041000320140000040000413100
01000000000400000031012000001201000
40032000020030030004400000000020020
00300110020014103430343040040000204
00440330032002001003003400230414314
01130041000200042303001020000000000
20000000200300000043100000040000000
30103001300310000000003000013023000
00200201000004010000000304002024000
00000000000000000002034002300000012
20020003003001000103030022230000100
04120020100040100004002300000400004
00030000332010200010033010000000000
00002041000003003003000442203024000
00402010000000000000020000000000000
03123304000300000040030300040000000
00100000044031000000004101000000444
01410000201002101001044103042011202
00030000000020023030002022004300330
10012000000000003020020410000000000
00020000400000010010000042302040004
24400000113001000002101000000121000
00000023140020020002000004000300040
00300042100434000434020000300100020
14100301002020401000000010213000000
00400020002030000200110004003300003
40404100000244003003000040000000000
02040200000200000000420010000430130
01002200004012000030100020020000000
00000000003300020002000031000000030
