35 4
00004010001002300000002000000400000
40300003000002000010000301001000040
04000000004100300000010144303000000
04000104102002001000330201040010200
00100000204000004240040000002000000
00003414003004000000030000000020000
00004340032420020000310000000000202
01000320000003000040012020000044013
00100400000002201004043000100002000
14000000000000240410000000001020000
33400000010000320000000103000203441
04000010101001000300001400000100022
13020440204000200030222020410000400
04000320000300200003400002104000033
00120000010210000000000440002330200
01300403020310013004000000400030030
40000000012000000001344130000003102
40000030310000000242203002003210040
40200102200020010000000002100100010
04000002430300001310000003020200200
00001301030300001420000100000043040
00000101000021103001302000000000400
40000421000000104300000000030000030
40300021303000024010020002000401410
00021003004000020020100132200000002
00000103100000040313203100343100040
20440000004003300000020000000001100
00030000440000022000100012000403000
00100300000002400114200030003440043
00200000030400000000033000040020024
00301002200000000010000030400400000
30300100234004020000030323000103100
00000443110000000400000000042002020
00100400430310022030000300201040023
02000110042300400240010031000300002
