35 4
00020000410001000000040000001000000
00021040040030300400030420001110024
00000102000010100430000300200000002
00000013014004003002100000100002002
10002010004000300112314300004002030
04010000200001000010000430030010000
10000000100341001001100440000000000
00000000000000300031000000344000300
00002312000300000442200002404020022
00010003000000120001200120000000000
00010013300302030200004000000402340
03400001200000001303030000000003030
10403313400404002000000440004200030
24023200201000110203401030100000000
01402004040111000020000023000040000
00303032000010000000100010014300000
00000010000100414000000200400140042
20300000032000000033001020000240013
00010010000042020033000000040400110
34400000000004003300001000002040220
30001000000002002003040144000020300
02300202000003340001004101000030201
01204003000300003040000404034003000
00000401400103000002020000000031004
00000010024001304040010042400000200
04030300102100000001002000000002020
10000003003240000133000000020003103
00003120031002000000000033001002000
00400403140340303000000200100000000
00001230000000000303000010020420000
00000220400002213210432020032102204
02130020044020030404004001400001440
40200000102000030000000000040002040
02000104040003130200000330400000000
20004040202000020030000000040000320
