30 4
001230000200000034000440040440
332304330001044000140040330010
111044003021020000010020104340
003003420421040210400234020204
411000020202432400000004000400
133024400200042202040014040400
202034000000000032000420223000
000102004304110000010102000300
000000000000004000320000300410
000000004300210203420302004400
041000210000302003300401321021
040003100010121002133242301301
142002103320324401001002310002
300200400003300100041001001000
100040301030010000013300300000
220040000000002000030044030013
103240314020000020140020000101
010031010140400012200000243401
030103301223030303032010200003
301200040002000202313001200244
013010200202100014001301303040
001000010000010000010001340000
130323023000402201002003301110
402404042030010000020401104021
322000144000031431300000040320
204024001000201104000004400343
104041040020400000041002230203
030000040000200301000003002000
040432200030041002023030300010
000003100041020044302430403200
