30 4
414002010201020422303010221032
000410012210000200400000010400
400023202002002000000300012400
030000000303004031312401020002
300103003042030000030324401102
034002004002000024213000400310
422002120000000130034002000040
001410000203000040001020340010
004000010004310024001003000101
040020114040440000130000000040
324020420300004100403000000000
000010020340303000003043101003
000033200400033002300002000000
042200300400002423010400200400
410001334430030000200030303031
000021003003200000302204121202
103141203002030032000214000040
010000000204031214330010001330
000010002004023033000040030001
000003400340010101200100430000
211020003020003410004004430232
023201430304022244422100021000
041043000000010100001000043000
010000100402141030402001032004
103004400200321100400021001000
400000021102040204403300431002
010214000112411111300212000400
401040202001331432044000040023
024300200043044102031103004330
020030030004030104003001010440
