30 4
244043420300234000000101100004
300240024233004010000000000302
000003233001421220003130304011
000230034330041030320300042000
302430000102040200200100331101
000041300300034302000010240004
030000200002003000001000320201
210004400001044012120200002400
001000110400030002100130020010
040400040200443301010102000004
010300022000200001200200132020
002200000100030200340000014330
010403400020022200044430002040
000003221410000000000110300030
302030410200002000033403322402
000000004440200044201344234011
440201400030023043012204003200
040000000001320141040000020341
000030003100030100203301401010
303013200300000011000031010030
100400040004413230021020001220
002004403134330023043003430002
000000303021444014010000002440
002041114420100041002030100040
200000132304000000111001210044
004210000000042030100002020000
301221023124104430100003430410
024002020003040410410130100304
000301000030040010020000000220
401310020002300004000030100100
