30 4
030010333040320002004200204000
201020000234222000420330004000
002014020210304000010040000013
022200204200124003414030001044
340230300300300403000030000200
000310400324100043103112020134
002241130100140003010200430000
400000400402232040100022001044
142030001412000000040030200000
000300130000130013000000130000
100000442300030000004020400303
044040101204100020420003010000
100304030444200300000104340030
141420010432011240003100003143
204013010030000010204203200130
230442200000020031301304300000
100122234100234001100020411000
200040010003010000000130200000
240100004202431044030340020004
002202000000310110300043000404
314020000403104041122402000000
021003003000304000200001423200
000000023140420040012000000000
122000002000000000104043030300
200000130040020200344000240020
003104000000100103010401303003
103040000200403000303030102200
420210110100130300310204301000
310002310001021421302042300020
044121004130402010031000001000
