30 4
000300020013040042200210000323
012002020000040300000000000102
130032300130120214204430000023
130030000301400430300000100414
000030010414000020041032300443
404003000130000110140001024100
320002011030403200304000020002
204004400400333402001134300033
242000002440440131003403220320
032330400300200420404000010003
204033000020040140300200101000
000040002403000023011100202000
310400200002004200000014030111
004030113303410030041020301011
000011000000210110330420303000
400004440200002034010003300320
021410204300400201004023200024
143431000103300300010100040001
003021011000110314004030003210
201000210000000230423403010030
332220000042141300103100023430
040403010010021031003004240013
000401200020233002400040100302
100003100100420020420401000000
000021400012203200001020024030
000000000002002012020200400003
044002100300000440413044140000
034000320000400231200420000004
000200000100000140020004002010
042000022000001002001440024001
