30 4
000003000002012003030000010031
310400400103200001200100020400
201013434320302110210410010002
040040104001040144030002000104
020010003204100000214000340004
020003044440320200021003432402
103034400030013134324014040022
301031103202120040140002202032
010004000000310331000014040022
444000002040202000010422000030
100000004000204000110010440300
320003000113020400003030004002
000030000440002000020010040003
200000103013002002003223002000
001030022003214014000300032000
000034104000402012300000200003
104000000400111040140100003023
140223000001001213002031301004
000004032200400003032000004041
100224003022333002300130040410
340034222212004000000401000302
410000230000404403100002300400
000010020102002042000034001002
200003433020002103003330040020
002204432000110030301030410001
300300300102320203240400210040
033400001000000430000044000000
131243040103000011310022440314
001002021200101404003000010101
003000000403410410101000340000
