30 4
300400400012002101210103100000
200000003402000032102001001020
000303200100321003000004003040
013044032202021400100021000000
043031030311003011002201004340
300002000400000000010102000200
200010331110304044000030004132
120033041030343210442040103013
404200003000233200403000231423
400220400003004121430420004341
000002330200400230302200003001
030203000002002040002301200000
004000000100203410003121444030
000002040011040221301040104204
040020004040304030020234004110
004004003002000014300002014102
000000231010010040204041020000
000401404001000000000003000010
010224023002011000030034200030
303243410023340010102030042030
401000042200003001210101104400
403002200020000000200010000204
000344000020001030340014024000
423000140010440300130030000423
044300200003020042003123200020
003000410334043211404042131002
030000402403031030013103004200
001000200003140120223020400011
401000003000000400031402200000
300001110400001020011300000002
