22 2
1200100100202000200000
0010220210100100021002
1000120002000220022110
1000210001200002000000
0001002012010221000100
0001110010001100000222
2000020000102210000120
0112100210200010010000
0021010102002222211022
2200000001020001200210
0201020020022020020001
0212101201010020022201
1000200022001000022002
0002100002111000001210
0001200101020112020110
0012020002000121021202
0011000000000001202000
0120000001221010010001
0200001100001010000100
1201100202001010012101
0010100022000002021100
0000000022022110010210
