23 2
00000022011001000200002
01000002220100200000000
00010020211010000212002
00000002001000012000221
21000000010000012110022
02001102020020100021000
02100120000110000001010
12012000222100021010200
20121000212000001022020
10002000101000100020200
11000010000002200011000
02101100200000101011120
20200021121001100200020
00001000000200020010100
00202002201101000210001
22120122000002100020021
20202000001100000010010
02001012200020002120001
00020110000100000011011
10210000100000220100020
10000000000100202200120
00022100212200020000002
02101010201200020000010
