23 2
00000002010000112020121
00210000010000200000220
12011000200112210200111
22120120000120000121000
02011001220000000120021
00210112120100201222020
10002002002022210021200
22200112000002002000001
00000010112000000121000
01220100001200000000020
01002000001000100020001
00020221001001012110210
00200210100001020012001
00001000010002000000000
01002020020002022000000
00001000120000000000000
12020101101010200020011
10101100001022200001020
00200010000121001000010
00101000220212002200020
20011200010002100101002
00000012200020100000210
00110022002000000000002
