23 2
20120020011002000000002
11100121100200000020220
00200200020010001002200
20000020010001020200000
10102022000020111000122
02020012102200020010000
10100001010010220001201
12000000211210001020000
20002201100002001020002
00000212020102000120220
02100000010010000210000
21000020010000200020200
01000101001000101000201
10000000000002200001010
10020000110000010020000
00002000100000110102000
00010110120222110112100
01020000020000110210200
10100002000122001020100
20201010120000000120122
20000001102000112002000
00011212020021000002020
01012120020202002001100
