23 2
02222011002101111100000
01220102000010021020000
00001020102100201020001
00000000200200002010010
00000200000021000002020
01101002000201001220202
00012000010002000001000
10010000000000002022010
11021002002022112201002
00010120000002000220100
00000001010120200020001
00022000020210000010121
00002000010002110000002
00100000220210202020101
02010100012012000020102
00002000212010011001021
01100100122011101100210
00001010002002112010110
01200002000020102211200
01200202200000100000200
00000021120012000000201
21000002101000102210002
00120021202000000000000
