24 2
000000000000200210200102
020000020011020210200000
001110020200010101210002
110020020000020010121000
001222020001000002000201
020000200000101001000000
201000000010200211210112
011000000100100000122200
021222000000000100020010
010000010000200001002000
202110200010020110001001
101000000000000001000001
000002022100100000012202
112001000220001010210102
012021100020000000010000
120200100000002010020110
122022111210000021020001
000000020000000021010020
002022000022202111220011
202102200000000002200021
000020200001220000000000
001000000100000000200010
000001011200020020000000
000210010122000001010102
