25 2
1100020100010000010000000
2020000000001020100000001
0200200001022001000000002
0000020001000000200100000
0001110020020110000010002
0002202000000022022000001
1200000200000020122220000
0220120100000220002211020
1102202000000000000111000
0021021002000000000010110
0000000000102000010021002
0020010200000201021100201
0002122020000000020010011
0020200012010011010102021
1211010000100000002200000
0221000001000010200100200
0002000000000000001002010
0100100000000100220102011
0001011002010100001001021
1000102002000220002000021
0020000020001200002200022
1201210002000000001210200
0010000020010000100120100
0002011000100002000000112
0020000201000001200000000
