25 2
1002010000200210100000002
0012000110000000002000011
0020201000001200000002200
0010002121200000012202020
2001000020200100200221220
0022001000012110021200110
0000020100000001000000000
0020002111010020200010100
0000010001000201111210022
0010020011000000001000000
0001002002220100200010200
1002000000000000001021000
0000100000110001001121200
0000001110022002002000100
0011210010100000000001000
0100210000000002120020120
0200000020010010001000200
0020000022012020100102000
0201000000000010000002001
0000000001002000000202000
2200001200000020011200110
2210000000000010000000110
2220221102122000020000001
1020001200021000200002100
0002200000000000212000100
