25 2
0010100000011000020000210
0010021200000011000202012
0001200020000010000001110
0000000002000020000000000
2100022000100000200200012
0210100000020012000000201
0220000002210002010000000
0000000000120000120000100
2101201000200011200100000
2000200000102100000100000
0210001010001210001211100
0000000000002022201222000
1000100021012000022000001
0002000010020220000201101
0201000020010201020000022
1220000010202100101000001
0201020210000110000221010
0000000100000210020101010
0002002000100000000000000
0000000100000120220200121
0200021022000100000002222
0000120000000010020201000
2000100000100100110000000
0021000200011102220110001
0100200000101200020020200
