25 2
0100001020000002220110212
0000000001011000000010200
2000000010012002000000000
0020022000100000001222000
0020000002000000002221001
0001000000100002210221001
0000000202100020102002111
2000021001200201000201000
0210002010000000002120000
0210001021100000220010020
2212000000001020000010100
1000022001000000001100112
1002000002120011020002202
2000000110202000000001200
1001000000010100001200000
0000011010100020000100022
2000020000000011000000200
1000000000000120020022100
0011120011202200201200010
1001000002001121000002220
0000020000001000001000002
0002102000010001100000100
0210100010000000101100101
0200202202000010220000000
0202100100000001002000020
