26 2
02100200000210200110200100
01000001010201210012010020
01120001011002100200000000
00011122000200000000000000
00000001000200000000002002
00000210002000101000010000
00000011000000100000200000
12000000002000000010010210
00000021000010001001002000
00010001002000100000100212
00001100022000200000201002
12000000010002021110200020
20001000022200101000000000
00000002000020000100100201
01002000000000220010112002
20000100000222001002012220
00001000000002000120200001
20000200000102022120200000
21120120200020020200202000
00010000001001002002220000
10000001000001020001200000
00021021000010001010000210
00200010020000000000010000
00002201201000000010202000
00010020102002200001000000
01210000001000100011010012
