26 2
00202200000011000001002021
00000000102202020010000000
00000100010002000001200000
00001200002000000000201020
10202200010000000100012220
00000000000000001200201010
00101200002000001001002102
00000000002020000000201000
21100001100000122012000100
01000200200000020020200202
00010000102001010100010002
00100000010000110001001001
02200210202000001000102022
00000002122000000002220000
02000100011202000002200000
11000100000012020020000101
10000000000000000010221101
00001012002000100000020100
00020020210002210000200000
10002001021000020001000102
02210000001011000001010000
20010000002010000121020000
00010010010000020000220200
02000000000200000200002002
01010100100200200010100000
10010000021100000111020020
