27 2
000220010000200021020200002
000220000002000100010100020
010001010100100000002200010
120002110020001000201200011
100000022211010000010002000
200200000010000000100021100
022100010002001220020020000
010021022002101200000020000
000000202002000010200000010
200002002000022200110202020
021100000020010200000002200
010200000010001100000001000
000000200010001000002000000
100000002100000000000001100
010000201000000000020110100
001000200101002001000010200
010022110000020100002100010
212000010000200002000000101
202222000200000000000200100
020100010000010010002010002
000112001021000000200000010
000000012001000001000000000
200100100120000100210000000
200000122000001000020000000
001200000000000200000000201
000010000000000000000000020
001000000002100000001010020
