27 2
000200000000202011000000110
000111000200000010210220202
111020000002000000000000000
000001002000000020000201020
000001001000010100000020000
000010110201010020000000000
000000102000000000020000002
000010200000000220021100020
020001010001000000010210110
002120000101000000002101100
120221000000012101100000000
200022000000010021000000200
000001000000000200200100000
211102000001000020000100000
020000000100200220101000000
001020020000000200022001000
000002100000110002000220000
001001000000000002020002220
100020000000012100002000020
000110120000000200001000200
010010000101220010020200002
000212000000000000000010222
002001000000001001000100000
011100200210002000002002200
200100000101000200210010000
101202000212011000220020000
000110000200200201000000000
