27 2
010112100000200002010000000
000112020020120000002000200
000000200000100000010210000
200001210020000220000200102
101000100020000001000002200
000000020000100000020000220
101000100000002010000001200
110002002000020012000212021
000000020201001000020022012
000000100000001012000002010
000100000100000002200002000
110000000100000101000210202
000000000000110000200200000
022000220000101000020000000
100000001001002000000000000
000112100220000000010000000
200000111220000200000002012
000000120010110200102022000
100002010001121000000010000
010000010000000000000022000
110202000000000020000020101
020001000020000200100020000
001102001001000002010000000
000000002000100000000120002
000202110010010002002102200
111200012000001100000000000
020200210020100210001000000
