28 2
1200000000010000000020110020
0020000000002010000000002000
0100000210000102002001200000
1000010000102200000020100002
0000101000000001000000002211
0020001022000000010211200000
0000000002100000022010200010
0000010000000010000000202120
1102000001010200000000000012
0010020200000221100001000001
0010100020001012201000202012
2000001001020000002001000020
0000201002002221010100010200
0000000100020002202111000000
0112020020000011000000000001
0001010010000020200001000000
1100010000000002002000000000
2020000000001010000102000220
0020000000101000000000002000
0001000000100000201002000002
0000002110000000000020020020
0002002012000000101100000020
0000000010000002000000000000
0022100000000000000010020200
0020102000000202110020001000
0021100000001000112000100200
0002001100002000000200000002
1002000002100000100000020000
