29 2
00001000211000000000000200002
00010100100000000020000000000
00120200200101100011010100000
00000000012200000001000020102
01010002001000000000000000010
02120100200200020102200200120
00000022200200000010001000000
00200000200000020000200002100
10010001001012210000000202000
00000000000102000000000000020
00002010000000220000200000020
01000100001012202000102000000
02000000000000100000000020000
00100002220000002202000001000
00000001000020000012000020200
02000022100002200001000002000
00000100000000002201010201000
02000000000100010200002000000
02120110002100000000000000000
00000100120002202000000000000
02000002000110001000000020000
00000001200010010000000002010
00212021000000000010000001200
10100020110000102010000200000
00201100020000000100002100010
00001010200000000000002001000
00000000000000200101000200100
20012200002000000000001011000
00000010111000000012000001011
