31 2
0000000002020000200000100000001
0002000000000000000000000000020
0000000000000100001000202010020
0010000100000000200100000000000
2101000000120001200000000000000
0001000001202000020100002100000
0000000002000000000020000011010
2000000000210210210202010000001
0000000020000200100002000000010
1000000020010020000001000200000
2000000000010212000100220000002
0000100100000001000100012000000
0010100001000000210100010000000
0000002100000000000020000000200
0000000000002000000200110012200
0200000100100022000000001000200
1201001020000000202000001000101
0200000222000000000000010010102
1000010201000000020002000000100
0001000010020000000202020000000
0000100001000000020000001000102
2000000012000000000000102002011
0000000220220001010021000002000
0010000001000000000000000200000
0200010000010011200000000000000
0000000000020100010000001000022
0000000200200000000000110000001
0100000000000000000001020000001
0000200000020202001120100020000
0002000200000000010000200000000
0001011200001200000002002120000
