32 2
10002201002000000020000000010002
00020000102020001000010020200000
01000000000010000102000101000100
00020000120000100010000001000000
00200020200000000010000100000010
00200202000002001000000000000002
20100000001000000020010200000200
10002001000012002000002000000000
00000000000010000000001000001000
00020020001000000001001010100010
00100000200000000120120010000000
00000001001000000100220000200200
00000000010000010000000020010000
00000000000011210000000000000001
00020000100000000000010001000200
20000102000000000000000020000202
00210000200000000000000022000000
00000000001000220020020000000000
10000101001200000000200000020012
20000000000000000002000000020002
01000010020200000020020000000000
00002200100100000210000000100100
00220020000120000020000000000000
21020000000010001000020002000000
00010100000210000000200200010000
21100000201000021200001100000000
00210000020000000200200000000000
10000200101000000200200100000000
00000000001000000000001000000010
20000000000001010000000000001121
00100200101000000000000012000000
00002002100000000000000000102000
