32 2
00111000000000010000020200010100
00010000000000020001020020000000
20022000000122000000002000200000
01012000001000000000000000000021
00000020000100100010002002000001
00000100000100022000000001200000
02000000200000010000020000001000
00000000102010100000000000000020
00000000000000000000000100000221
00000001121000000022000000000000
00000000000000000000002000002000
00000200000010000000000000000000
00210000020000000010202200000020
20020000021000000000110000000000
00000001002001020000220001000102
00000020000010002100000200000000
00000000000001100000000100001200
12000000000100100000000100002110
00000012000000000002000200220100
00010000000000000020000000020000
20100200200000200020000000012011
00000000002001000000002000020000
01000011000000000001000002100200
20100000010100000200002020110000
00020000000000000020110002000000
00010100002021000000100001000020
21000100201001100002000000001200
00002001000000002100000011020102
00010000200000100200000001100001
00102000000000010000100000000200
00010000000000020200010022000000
00000010000000002100000020000200
