32 2
20000000010000002201220020000200
00001000000000010000000000000000
02001000100000000002000000000000
00000010010002000000220001000000
02002000002200200012020000102001
00020000000000100000020000100000
01000000010000200200020222000000
00110000200020001000000100200010
00000010200000000102201000020000
20220100010010000100000112000000
00000100001000010000200000020000
00000201000000000200000200000210
00000001000200000000000000011000
00000000000000000000000000020000
20120000000000000200010000100200
20000000000010200000000000000000
00001000200020000000000100000100
00000020000000100000200001001000
00010000010000000000120100000020
00000000000101000001020000000000
01000020001002200000001000000100
00212020000000010001000000020002
11001220000000000020200000000000
02010000020000000010102000000200
00200100101001002020000000010000
00010000000012200000100012001000
00000000001001010000000000102000
00100020000000100012001000000021
00020020200210000001000020100021
00002022000000000110000002000020
00000000001000001000201000000000
00211100000000000010020000000000
