33 2
000011000000002000000000001200000
000000000000010010010010000000100
021000000200000001020200200001000
000000000000010000000000000000011
100000100000000200000000000000000
010000002000000000000000000000010
000110100202000002000002100000000
000000012022000000020000000200020
000002002000000002000000110020000
000002022000000000002000000001101
000002000102000200110010002020010
000200000000000200000000010002000
000000011001002120000001100000000
000000000002000000000000021121000
000000000000000000000000020000010
110000000000020000020020112000001
001200000000001000001002000000000
000020000002220000001110200002000
000000000000002000000202000010000
000000000100100010000020002000220
011000000000020000100000001000001
000002200021200000000000000222000
000000000020000000000000010000000
100102001000100020000022000120000
220000000000010011000111200110010
002000000010000002000000011000000
000000000002000000002000000002000
000000000020000000001000002100000
001211002120000020001000000001000
000120200000000000000000000000002
010010000001000000000000000000000
000000202020002000020001021000000
010001000000000020002000010000200
