33 2
010000000010000000000020000000000
000000002002002200000000000121000
000010100010000001010200000010002
010002000002010002000000100000200
010000010000010000010000000000021
000100000000001102000020001200010
000000020120020000000000010000000
000000000001002000000000000000000
000000100002200100000000001112002
210000000200000002000000202000000
000010102000201000002000000002020
000000000020020000201001000100020
001100200002002000000000100000000
200000200000000000000000020000000
002200002000002100000100200000010
000000100200002000000000001000002
000101000000002200010000000200011
000000000000000000200001000000200
021022100101000000000000000100000
000000001000200001000000000100200
000020102000000000001120000010000
020000000000021001001000000000010
010000100100000200020102000000100
000010000000010000001001002000000
001000000100000000202000000000000
000010000020000000000020000120001
200002200102100000000000002200000
100000000100000000000000000100000
000000020000020000000000000000001
002000010001000000100020110000000
002001000000200000000000202002000
002000000020220000001000000100000
100000000010001000200020200001202
