34 2
1000000102000000020000000000000000
0101002001010000002100001000000020
0000002020200000000000022220200000
0000100000001000000000001000102000
0000002000000010000010010120010000
0000000000001000200000000000000000
0000000022000000202100000200000001
2001020020000000222001202000000000
0000200000000000000000002000000000
0000000020001000020000102020000000
0000002000000000000020021000102100
0000000000000121200010020001000000
0000000000101000000000000000000000
0000000010200000200000000010000000
0200102000000000010001200010000000
0000200002002001000000010000102000
0000001000001002000000000200012200
0000000002000000201000000100000000
1010001000000000000000010000000000
0000200000000000000010000020000000
0200220010000202200000000000020000
0000000000000200110000002011020000
0000000002001100000000001000002000
2002000000200000000000000020021000
0000010000020000110000010000000000
0000000100000000000122000000000101
0001000102010000000000000000000100
0010000000200201200000000000000020
0102000000202000002200000002000000
0000200000000000000000000001000000
0000010000000001101001000002000000
0000000010200001010000001010001010
0000200011200001111201000020200100
0000000200000010100001000000000000
