34 2
0001220000201000020100000000002001
2000001000000000002000000000010000
0000000000022100000210000010100000
0000001000000000000000110000000002
0000020000000000021100200000022010
0000000010000000010000020000000000
0000100000000001000000000020020000
0000000000010000001000200000221100
2000000000002000000000000200010100
0200000000000000000000020100010020
0000020000020000000000000001000002
0200002000001000000000012000220000
0000000000011100000000011000012000
0000000012021000000001000000001000
0200000100220100000000000020210020
0010002100100000101010000002100000
0000000212200000000000002000000000
1000000200012010020000001001000000
0000000200000001000000000021000000
0000000100002002220100002000020200
0000000010001110000000000021000100
0000000000000120000020000200000000
1100200002001020020200020000000101
0000010000000002101000000000000000
0000000000000000000200200100000000
0000000001100000000000002000000000
0000002020000000000000202000000000
0100002002200000000000000010010200
0000000000001020000000000000000000
0100000000002000001100000000002000
0020000000010000011010000020000010
0020000002000000000200000110020200
0100000021000012000000000000010000
2001020020100100000000000000000000
