34 2
0000002000000000000020000020201000
0000000100100000000000001000001000
0020000000001001000000000000000000
0000010112000000000000010002000000
0100000000120200200001200000000100
0200000000000000100000020000011000
2200000000000000000000000000120020
0101000000020212002100000000000210
0000000000000000000000000000000000
0010010000000100000000002000100010
0000021000000000000000000000100000
1020000000010000000000000002000010
1010200022000001000010200002000201
1020020000010000000100000000000002
0002000000000100000000220010020000
1000000000011002200002000001002000
0001020100120000000212012000010001
0000000100010220020000000010100000
1000000000000000000020000000000020
2000101001000100000000000100000002
0201000000000000000000001100010000
0000000000000010000001000000000000
0000000000000000020000210220020020
0000201001000000000000000200200000
0000010010000011200000001200000000
2000000000000000000200200002000000
0000000002100202010000020100200000
2010000001200001010111000000001010
0100000000000021010020000010000000
1000001000002000000000000002000200
0000002000000000020000000000202002
2022000000000202000000000100020000
0002000000001000002010000000002002
0200000000020000000000000000000000
