36 2
000200000001000010000000001002010000
001000020000000000000000000000000000
000000000001000000002010000000000000
000000000000000000000200000000000000
010202200101012000000001100000000200
000000001002000000020000100020002000
221002002000101000100000000002000000
010000001200100000000000000000000000
000011000000200010220000000200000000
000000200000011100120000200020000000
002000000200000000000000000000020100
000000000000000000000200000010000000
000000020000000000100000000000002001
000000000000000010010000000022001000
000000200000000000000000000000001002
000010000000000201000020100220000100
000100002200000000200010000000020001
000010000002000000000220000200102002
200000001000000002000000001001002000
020000201200010001002100000000000000
100000000000200100002002110020011010
001010002000000100011000000000000000
002000202000000000100110000000101000
000000000000000000100000000001200020
000002020000020000000001000000000000
000012002000000000000020000000000000
000012010000010020000000000001000000
200000200000002010000000000002000000
100000200000100000000000010000000100
200200000002000000100020000000000200
000000000200001000000001000000000100
002000010000000000000000020002101000
000000000200100000002000000011000010
020000022010000001000000000000200010
000000000000000000000000000000000000
000000010200000000000010210000200000
