36 2
000000001000000020000201010210000101
200200210201000010000000200010020000
001000000110000000000002000202000110
210002002110000001200000000020001020
000000000002000000021000000000000000
200000000000000200010000010002200000
000001000000010100000000000000200001
002001001010000100001000000000100000
000000000000120000000021002002000020
100100000000000000020000000000000000
000000201000100000000000000000000000
000200001001000000000200000000000002
000200000001201000000000000010000000
000000000001000000000011000000100000
001000022001022100000001010001000000
000001000001200000000010002000000000
000000000000020000001000000000000000
210002001000000000000010000000001000
000000010000000000002000000000000002
010010020100000000000020000000000000
200020000020000001000100002000000000
000010000000020200020000200000000000
100000020001020000000000020000000010
200000000000000000002000000000000002
000020000000000000020000000000200000
000001010200000100000100001000000000
001000001000000000010001000100002020
000000000000000000000020100000100000
000021002101200000000020020000000001
000000000010020000000000000000000000
020010000000002020202100000200000020
000000000020000020000002000000000200
002000000220100000021200002000020200
000000001000000002000000000000000000
000000000000000100010000000000000000
001000000000020001000100200000100000
