36 2
010210000001000000000000000020000000
002002002020000100010000000000000000
000000210012200000010000000000000000
021001000200000020000000000102000000
010100000000000000000100000000000000
200201000000202000000002100000000001
000000000000000000000000001000020000
101000000200110100000002000000000200
000200010200000000000001000000122000
100010001000000000200002000000000202
000020000100100100000100200000000000
000200000002000000000000022000202000
000200000101000020000000000000000010
002000000000000000222000000000001010
120000001000021000000000000002210000
000000100021000000000000101000200000
000111200000000000001000000000000020
002000022000020020000000000001010010
000100000000002200001000000000000022
000000000000000000000001000100021000
000000000100000002000000020000000010
101000000001002000000020000010000000
100000200010000001000000000000000110
120000000000000000000000000122000000
001000000000000002000000001200000002
000000010200000000200000000000020000
000100000000001020020000000000000010
000000000100001000202001020000000001
000000000000100000000000200000000022
000000001000000000020022100000000100
000112000210000200000000000001000000
000000000000000200010102000000000000
000000000000010000200000000000100200
001000000000000000200000120002000000
000000000000100000010000020000010000
000010200000000200000000000100000000
