36 2
000000200000002010000100020001000000
000010000200000000000000000002020000
000000000100000000000100010000000010
000000000000020010000220020000000000
000000000100000000200101000000000010
200200200000000100200020000200000000
000000200000000020000010000002000100
000100000000100000000101002100000020
000000000000100000202020000010000210
000000111000001000000000000000200000
001000000000000002000020020000200000
000000000001000002020000020000000020
001100001000000000000100000001100000
000200010000000000000000002101002000
000202000000100000000000000000100000
000000200000201000000000000010200010
000020000200000000000000000000010010
000000000100000110000000000000200000
000020000200000100000000002000001010
000200100200000000000000000000000200
000010000000100000000000000001200002
000000000010000020000001000000000120
002000000022000000220100000000000010
022002020000200022020000001002000001
020002000012121000000010000000001000
000000000000000101000000000122200000
002000000002010000000200000000000000
001020000000000000000100000001000100
001011010202001000000001000000000202
100000000000000000000020000000010002
000000001111000220020000000001000000
001001000000000010000000000000000100
000000001100000000010200000000020000
002000000000000010000000000002000000
100000200000000000000000012000000000
002000000020020100000020000000000000
