36 2
000010000001000000000100010002200010
200000000010210100001200000000000000
000201000000010100020200022000001000
100200000001000000000000010000020002
000000021001110000000000100020000000
000000001000000000000000200000000000
000002001000000000002000020000000002
000200020020020000100000001000000000
000000000000000010200100100020001000
000001100010000201100200110000002020
000000200000200000001100002000002000
020000002000000000000000000000000200
200000000000001001000100200002000000
000000000102020000000200000011200001
000000000002000000000010020200001000
200100000000000020001000000000000200
000000001000200201000000000000100000
000000000000000000000000000000000000
020000000000220020000020000001000000
000220000100020000021000100002200000
000000100000001010102001010020000000
000000000000000000001010000000000000
000010002000100001010000000010000000
000000000010200100020200000000000000
000100000000000000000001000101000000
000000110000000000000010000220000000
000000000000010000000000200000000000
222000000002100002000000200000000000
000002000200001000000000000020200000
000000002000200000000000000000000000
000101200010200020022000000000002000
000000000000000010000000000000000010
021000002000000110000000000000110000
000000000002001001000000000110000020
000010020000000000001102000000000120
000020000201000000000000200000000000
