37 2
0000002101000000000200000000001001000
0001000000000000000100000000000010000
0000000100000021100000000000000000010
0000200000000000201000000000100000000
0000000000001002011000000000001000100
0000000000000200000000000020000000010
0000000000000000100000022000000000000
0000000000000000200000201000000000000
2200002000020000000000001100010020000
0020001000101000020000101020002000000
2200001200000000000020000000000000200
0000000001000020000020000000000000020
0000000000000000000100002000002020000
0201100000000000200000000000000000000
0000000000000002000000200000020000000
0000010010000000000000000000000000000
2000000000000020100010001000000200000
0000000011000001000020000000000000000
0000021200000021000000002000020000000
0020000000200000000000000000000102000
0100000000000000000100000000022000000
0000100000000000010000000000000000012
2100021201100012002000020000000000000
0000000000000000000000000202100100000
0000000000000002020000000000010100001
0000020020000010000000000011000000000
0200000000000001010000000000000100000
0002000000102020101000000000210000002
1200000100002101000001000000021000100
0000000000000000000000002210001000100
0021000000101001000001000000000111000
0000000000000000000000100020020000000
0022000010000000001200200020000000002
0221000000000000000000000020002010200
0010001000000100000000000000000002000
0010010001020000020000000000000000000
0010000000020000022200000000200202200
