37 2
0000000000100000000110000000100000001
0100000000000000220000020000000002000
0000000000020000000000000002000000210
0000000020000000101000000000200000000
0000200000210000000000000000001010010
0000010000100020120001000001000000010
1000020000100000000000000000220000000
0000100000000210000000000000100000000
0010100000000002202000000000100000000
0010000000200000000000000000001000000
1000000200100020000010000000000000000
0000021000102000020000000002011000000
2000102000000010000000000000000001000
0000000000000000010000000022202011000
2000000001000000010100100000000010020
0000000000200100000010000220001000200
0001000001000100000000000000001000000
0000001000001000000000000011000002020
0002000000000000000000000000000000000
0100200000000100020000002000000000000
0000000000200020000000000000000121000
0000020100200012000000000000000000010
0000000000010001000000202000000002100
0200000000000001010000000200000000100
0000202220000000000000000200000000000
0000000000021000000000000210000000000
0011002020000000000000000000200200000
0020020020210000200002000000010001000
0000000200200012100000000000000010010
0010000002000000020000002000000020000
0000010000200000000000120000000000000
1000000002000000000000000001000000000
0000010000002000000000021020100000200
2010000002000020200000020000000010000
0000120000000000000000000010000000002
0002100020000002000010000011010000000
0000010000000200200200000000000000000
