37 2
1100000000001000000000000000220100000
0000000000000000200020000000000200000
0000000000200001000000000000000020010
0100200001000100100000000101000000000
0010000201002000000002200000000000000
0000001000000001000000000202000100000
0002001000100000002001100000001000120
0000200000000000000020001020000010000
0000000000000200012020110001000000100
0000000000000000200000100000200000000
0200000020100000020000000000011000000
0000000002000000000000000021100000110
0020020000000021000200000000020000000
0000000000002001000000222100000000000
0000000000000000000010000010000000001
0020000100000000000000020002000000100
0000000000000000000001000100100000000
0020020001000000000000000000002010000
0000010000002000000000010020000001000
2200000100202000000001100000000200020
0000000002000100000002000000200000100
0000010000002200000200000000000000002
0000000000000000000002000000000002000
0000001000000000000000000000000000000
0020000200000000000000000100000000020
0000020101001000110000001000000000100
0000000200000200000001000000000020000
0001000000000020002000002002100010010
0000000000000002000000020000000002010
0000000010000000020210000100000012000
0001000000000000000000000000010020000
1000000000000010000000100000002002200
0000000020001100000010000000010000000
1002002010000000000000002000000202000
0000000000010000000002000000010011222
1000000000000020000100000110221002000
0000020000200000000000002000000100000
