38 2
00000000000000020000001002000000010000
10100020000221000000000020101000000000
10010000000000000002000001000022001000
00000100000100200000000000202012000000
02000000000100000000000000000000000000
00000010000002000000000000000000021020
00000000000100000001020100000000000000
11000000000010001000200000000000001000
20001000100000200210020001000000000000
00100000002000000000000010000000001000
10100200000000002000000000000000000000
00100000000200200000100000002000000000
20000001001000000000002000000000200000
00000000000000010000212000200000020000
00000100000000001100000000200000220000
00000000000000020100000100000000000000
00000002000000100000000101100000010000
00000000002000002000001000000000000200
00010100001000000000000010020001100000
20000000000000200000000000022000000000
00000200000000000000020000000000000221
00000200000021020020000000000012000000
21010000012020000000000001000010000010
00000000001000001000000000010000000000
01121020000020000000100202000000000010
00000100001000000020020000100200000000
00000010000001000000000000000000000002
00000000000000000000000000000000000000
00000020000000200000002000000001000200
00200000000000000000000001000000000020
00000000000000000002020100010020000000
00000001000100000000010002000002000000
00000000000200000000110000000020002000
00000000000100000000000000020100000000
00000000000200200000000010001000001002
00000200000000010001000000020000002010
00000000000000000200220000000000000002
00020000100002102020000000000000001210
