38 2
00000000001000000000000000000002000010
00000000001000020000010000000000000120
00000022001000200000002000002000000010
00000000000100000100000002000000200000
01000000000000000101020000000020200000
02000000000000000000010000000000000000
00002000021000200000001100000000100100
00000000000000000000100020200000000200
00201200200000000000000002000001000010
00010200000000100001010002100020000000
00100000100100000020010101010000010002
01020000000001000000000000000000000001
00000120010201001010010100200000020000
01000010000000012000000000000000000000
00000000100020000100200010000000010000
00000000000010000000000000000000200002
00000010000000010002000001000000000002
00000000100002000000000000000000002120
00000000000000000000002000000020001000
00010001100000002200000210001000000020
00000020000000212200010000000000000000
00000120000000000010000000000200000002
00020200002010000000000000000002200200
00000020000000000002000000000000000000
00010200010100000000010000000000000000
00000000001020000000000000012200000000
00000202000001002020000001000000020000
00000000000000000001020000000000001000
00020000000020000000020001000000000010
00200000000000000000000200000000000000
00020010200200002000000000000000020000
00000000000000202010000000000220010000
00010001010200000000000002000100001000
00000000000000000002000100002000000010
00000000000000200000000000200000000000
00001000000000000000000000000002000000
00000000000000002002000000000100100000
00200001010000000000001001100100000200
