39 2
200000200200000000000000000000000000000
000000000000000000000010000000200000000
000000000000000000000000200000022000000
000010000000000000021200002000010002001
000000000000010010000000000020000200000
000002000000011000000002100100000000000
000200000000000000000000002000000100000
001100010000000100000002000100000000000
200010000000001000000000000202000000002
020100000000000000000000000200210020000
000001000100000001000000020000000000000
000000000000210000020202000200000000001
000000000000000000000010100000000000000
000000021000000000120000000000000002000
000100200000000000000100000001200020020
000010000000020010000000000001100000010
000110001000100000000000022000010000002
000000000222200000010000200000000000000
000022000000000100000000000000000200000
100120002000000000010000001000002021000
100000000000000020000100000000000000002
000001010010000000000100200001010000200
000000000000000010000000100020010000000
000000000000000110000000000000000200020
000020001000200000200000000010000000000
200000002000000000200012000000110000000
001000000000000100200000000010200010000
200000000000100000000020000000010000000
000000000000000000000000000000011200000
000000000202000000000000000002002000001
000000000001000000000000001000000000102
000001000000002000020000000002000020000
000010000000002000000100000000000020000
000000000000000000000000002002000000010
000010000000200000102002000000000020000
000010002001110000000000000020002000001
000000000000000100000200220000000000100
000000000000000000000200100000000000020
100000000100000000000100000100101002000
