39 2
000000000002000100010000000010000001001
001000010200002000000010200020000000000
002110020000000220010000000000000000000
000000000010020000010000000000010000000
000000000210000000101000200000000000000
000000000010100000000010000000000010000
000000000200000021000000020000000000000
200000020100100000000002000200000010020
000000010000000202000000200000000002001
000000000000000000000020000020001000000
000001000000000000001100101000000010001
200002000200000000002000000000000001000
010000010000000000002010002000010002000
002000000001000000000002220000000100000
000000000000000000000000000100000002020
010200202102000000000000002000000200000
000000002000200000000000010000200000000
000010002000000000100000000000001200000
000000000000000000001100000200010002000
000000100000000020000000000001000000000
010001000001000001000000000000000002000
000001002100000000200200200020200000000
000000000000000000001000000000020000020
000000000200000100000002000000100011000
000000000000000000000010020001100000000
001000000000202000002000000000002000000
010201000000000000000000200020001002000
000200000000000000000000000000000200201
000002000000100000000002000001000000100
000000000002000000200000000000000022000
000020001000001000000100000000100000020
000000001000000000000000000000000000000
000000000010000020000000000000000000000
000000000000020000000000100000002000010
001000200200000000020000000001001000100
000000001010000000000020202000000000000
000000022001000000000000000000000010010
000000212110000000002000000000000000010
002000000000000000000010000101000002000
