39 2
000000100000000000020000200120000200012
000000000000002000000001000000010000000
000000200000200020000000000000002200000
000002012011002000202000000000000200001
000000010000200000000000000000000000010
101000000000000000000000000000000101000
001000000011002000000000000000000000000
000010000000001000000000000001000002000
002001000000001020000000000000020000021
000000010000010010000000000100200000000
000020000000000000000000000010000102002
200202000000000001000000000000000000000
000000000010000002000000000000002000020
100100020000000200000000202200000020000
220000000200000002100000210000000000000
000000000000000000002000002000100002000
022000110000010000001000000000200000000
200000000000010000000000000000000010000
000200010000000000000020000000000000010
000000000000000200000200002002000000000
000000000001020000000100000000000000000
000000000100000020000001000100101000100
000000000000000011000001000000020010000
000000000000000000000010000101000200000
000220010002002000000100000200000000002
001020100010000000000020000010010000001
000000000200020000100100000000020000000
000000000000000000200000000000010000000
000000000000010000000100000000000000000
000002000000000000000100100000000000020
200000010000000000000000000000000000020
000000000200000000100000000000000010000
201000001000000001200000012000000000000
200000000001000000000000102000020000000
000001000000001002200000100000000000000
000000201000000000100000000000200000000
000100000100000002100000000000000000100
102000002210000000000000000000000000120
201000000002200022100010000100000000002
