39 2
000000000000001000000110000000000000000
000000000000000000002011000200000020001
200100000200000000000020100000000000000
000000000020001000100000000011001000000
000100000000020010000101000000020202200
000000100021100000000000010000000100000
010002000000000000000000000000000000002
110201000000000000000000000000001000000
011001000000100000020000000000020000100
000000000000010000202000000000220000100
022000200010000001000002200100000010000
000000000200000010010000200200000000100
000002000001000000000000000020000010000
000000002200000100000001001000000002000
200010000000200000020000000001000000200
000000002000000020002000000000100000000
000020002000021000000000001102020020000
001000000200000000000000002000000000200
000000000000000000000100000000000002010
002000021001000010000010000200000000200
000000000000000020000000020000000000000
000000000100100002000000002000000000000
000000000000020020000000100000001000000
000000000000000000000001000000000200000
001000001000002000000000020000100202020
000000000000000000000000001000000000000
000000000000000000001000000000000000000
001000002002000000000000000000000001200
100000000110000000000000000000000010000
000000002010000200001002000000020000000
000200022101000000000000020000000000000
000000000000002000000000000000001000200
100002200000000020000002000001200100000
000002000000000000000002000001011010000
000000000000000000010000000000000000000
010000020001000000100000000000002021000
000020000000000000000000002200000000020
100001000010001100000000000000000000000
000000000000000000010201020020100000220
