22 3
2001220101201010023020
1123002000310100023331
0332200023310332223012
0202333100030031110000
0200302102030110010200
3220000332311031020122
3222303102121030013021
0002002011030020110013
0323212211002212202121
0000030112032000130020
1220002020001321232003
0002310123330210003021
1322120200032213330033
0303103102012000211023
3203331033311310110020
1201101021311033300313
3100003321032011213130
2100100000130011211202
0012011332232202323003
0020323020010002323112
3000000013311310320100
0313021233203210003331
