22 3
1003301203230021010020
0102200310010230310303
2020032003000223330103
3220321022030220113311
3000220230210310100310
0120101023202023313223
3011202101122132110033
1013112010003111213010
2301000030001123320100
0021001022010321132000
2023003120200103103123
2203203021122330003100
3312300320103230202102
0012331313033030111311
3013011000202230010021
0022012313201223011000
1103300020021032003130
0010021000320320201020
0312020110003321221100
3010302212030000003003
2032013111033032003133
2003220113021222323030
