22 3
0120302120133303030303
1210003032300303230001
2300010131131220211201
0100031220120320102030
3120020203200120222003
2103303010302001120110
0000222030030013303012
3112003202331130003030
0130031200020020113110
1100302010122201022101
0013031222022013111002
1113000333001231003000
0022302110131132003211
1120302123003001032033
0003301203000002031323
2220312200220100233122
0220212320201031120132
1232102233000021123003
0300322332230003012031
3321033130103002110312
3022000301301010001010
0320001213132310021010
