22 3
3220223021312301023030
1301000103200013310103
2322000000001233103131
0233103231011002102322
1310023303020210130003
3111100100321131302020
3031210321013021003032
1200003023003000301300
3311012130233010220130
3222201211200002100321
0202002000002302210110
2000001001130300312302
3200000032320131220321
0223000113003121002002
3231011211100000330001
2302301012103022133010
2301220101001300200233
2102003100030230002120
0031223111232013000021
2202312230230330103113
1130330032322001301330
2021012231200001322100
