24 3
000022300210303003312001
001202032000020321002020
030011010102000120022300
000113330200000123002000
020021300002302000303011
322030030200032132013103
003001100020020020120030
322033320012022010312313
333220200130020000310010
203120030201230120301111
010012302300000310003323
010000123011230233000001
100303311000200311200030
300010202213003302122102
312003330003001032101000
220030102020300001310101
232001000312031301000020
030011202221001002112203
100010310310320022302000
303311013033132101220310
230100200002100003000000
000000211320301100301121
012000102000220300022330
130000023002110000011331
