24 3
000000033131002000012202
100300000221002010031003
023102000200330233001103
333032302032021211030200
000033000122000110221003
000003100010230320222300
010030230200022333201002
301013100102000010102032
020213100300001102333002
010103023303002320031231
201200002000133300000030
000030300200003203010000
230303200000011313132030
001003012220320203102301
010020013013000212003313
030100122010110020000000
000201200313212032133011
201023200203000100133111
100203020130000002001001
300013223001130120011202
121101032202010103200020
130010103001033100012103
000132023122031320102220
102010110000031003022232
