24 3
330210022030032211000002
320200233300011222012310
200113000001121113303000
111003102310320000020012
300001010300002300000003
001012130001023000000130
010030210300102000020001
012032032003003102202000
000131213030003320322300
121313001120302300023013
033030033111323022301002
300210300303000113331000
101302000030031001222210
113101233012220023300001
202333201322020020232030
032100013001120012001002
130011000010220011020001
232221100320133100010030
002020300012331000000300
000020032001030223000022
020000201100030110100100
202121020032003020020022
100300311202103323331120
000030103200030013000010
