24 3
000023010330001010211133
200031031021000000203230
300020102300320320123013
030000200112001311102032
000000032332111131003310
000013100003300223000210
203301002011101203330002
202031002212310000000203
100302302010201010200300
012001022002222003023230
001122021300023230103033
101022001330100211333011
203000112130331020323000
110100200000031321000101
302002021222001131003000
320330133300003000210012
301000112023001030300200
200000002231001000030003
011200302211000310301012
330010230130202000012030
000102010230033103000033
222310000330210221030302
020000013100001000233222
020000000122101020000221
