25 3
0310001001002010031000033
0003031110000222002300300
2300020012001003200103020
0200002001102032010100302
0001120000110000320032202
2100010200012033132302001
0032200003000321000010301
0201000003000010201300303
2202011033010101322101003
0003312020001200323003330
0020100030002211302200020
0313030020001333000011100
0033330230010000200203230
0002010030021330230010020
2030200300121001020000030
0030020000300210212002000
0201203100233033303202212
0002100120332100100133232
3000000131020012001102123
0120303300133030101302100
0011000300010130011000000
1330030003320000200000100
0121022222113022000013011
1000020013100003020132100
2010003011221303200003122
