25 3
3012000232301130001011020
3020100110010011000000003
1033330200322000100201032
0020120000023020100020123
3231113300133232130030000
2300021300310021200300021
0113203301300001012020003
0210000100021032220300000
3030030100332011030001100
0000000000302030021210320
1012002302300001013302033
3232020013010110030000300
1310123320203200010303301
3300023232330000202100000
0010210022000211030000200
1000021120030303311202002
0300210102000000100003000
2010100001030023130000011
0000300023000221021221311
2000200330320020002100032
0000300230001310020020002
0210000003202202120301202
1000300000021001102001103
2000102133000020202313101
0300102001333100010000032
