25 3
0003200221123030002031030
0130110031022001100000020
3100001301020031330032002
3010003000303013001010002
0000000122003013102010000
2300013020003123330023001
0200020302310131000000020
0200120001310102000033311
0201001002000130000001000
1002230313220310000323310
0201000100030000330303000
2020100300033020020230000
2020100213101001301023000
2120000001232000020102203
0123120313001003133200002
0001012000303300002333200
0201002301000010002003200
3300003103112003101200020
1012111021001002102030030
3322103120010011200012001
0232203220302002310103000
3220112000201030101000021
2322030100020130133332200
2030000203010022303001201
0000020310000202000120301
