25 3
2021302020100030210001300
0030231010300000000101310
0300300000130033010000020
0301303012010031000010220
2012030020010010003000032
0131010130012030230000023
0100000000100002030321001
2331110000033203002000020
0320211101200102000300310
2202022000000113310300102
0013003010003200003200210
0013201000023010011002001
2120330002101130032023030
2003312001030121300002203
0003202201003301320000203
2202200233032300101302110
0300032303030033310001300
0100320333320103220132000
0021300110020011012001000
0000332000100303100000000
2002300020010012101100000
0220021002012130031110020
1020000020322102001200301
0232003003213222320302131
0010023001000222210103003
