26 3
00030000200020020011030030
02101023101020201000310100
03000221033030101110000022
00130020300302030100002013
00001101330020300200131030
02110100001000123023102000
00112000310013013102000000
02002203301000230011000301
00310000113012333020001002
00230033300000302000002230
03000010230100003201003000
00033200030301001300020230
33220102330000002000323212
23000030310200000231103112
01000100201300200000023310
02300022100200000000330102
03202000300100001000000201
11201301000000013002031223
22122301300200200200021010
03103001003000001003000101
02030033230301220112200000
01103220021000003000130003
00201213202000001230003001
03331000322000321000000000
00120201313020230002000101
20021103200002310020002000
