26 3
00302230102302030100211120
13300002310000101000301103
00010030300030030000333000
13332320000002331201011000
23101000022221200333320031
01100230000023100230000000
30000013010310321020000300
00120131302003100300011000
00300000033232010222320300
00010000201012210231000132
00021002001100000021320003
30020222130200020003020020
31300000000120003110002000
30211020300000310030023133
31112002011020003000000001
32010330000000020300021110
00200003300022012303302022
13102000303200020020203102
01120201010002001202000030
01103030102210030000130000
00200000001000030110022000
00030123021000203030000002
10233111033000010000000010
10120000000300030102100100
20000013033231120020022003
01002010010322000020000200
