26 3
10011010200230002321010021
10020230310110000003010003
13000103220300010000022210
00100203000330002200003000
20020003130201131100301300
02101030212001030230100002
00313220010102030003303320
00000033110222003001000033
30000000310202030010000200
00000233022311210000000213
30331310300001003000022000
00103002103102020330113022
00003002303301200002130000
11012000300220003010000020
00301300201303001032030003
00000100010110110122302230
21030022200030020202010101
11000002030002110220200020
03002301010010300020321201
00300003110001010033011000
32000000000032322020000220
00000030000021300030022001
00300111230200020230200003
20000130010320110001220000
00033000202020211000030001
20133100300000003213000313
