28 3
0000000000230032022003100000
2030330002320003002000001100
3000300200110001233003200100
2012001110022000000000030000
2012030020000000100000010030
0023000210103202000021301000
3022112230000022220013300030
0030001000020202010201000300
0000000003033000300301010103
1022310001120000000211100001
0032000022100000020130010101
0000000000202302133301001100
0000000000000000231203030103
0000201100000000103000022002
0330023020120000300012320212
1300000031030300300202000001
3010310200000001100000330200
1100300000310000313020030020
0102300030003201001331130013
0330000021000100023000000023
0000003011001000003100000000
1012020211002030231102202130
3230001202000030132102200000
0101000130002013020103000002
0000200002003033100001030101
0300000023223100200100000302
0002302003000000000300000000
0000220201201000000100303103
