28 3
0000200000200003220002000000
0000112001000311030000002103
0002001003000010102020100101
0001020203003330032000002110
3000000200000101003000030000
0310200020100000001003020331
3300002300220230002030103002
3000300010000021000200002000
0000000300000000313010002002
3001000020121300200000002030
0100100200112210330003213012
0000000000101210100000011030
0100021020011300020002002223
0012000330303002002300202000
0022030303011000003110022012
0002310010010000003000330130
3230003000000030312201000100
0220330302030033000000003030
0020000000300000000002000030
0000021013220303020211010100
3101210100030003003000020000
3010000200021121300103000001
0020000030112001000220003000
1003020132000010100001020003
3003010021000100300000230002
0000230020003000001023001003
0330130002222001101120203020
1033002223310010030011223011
