28 3
2101001210301100000002200203
3312201020000320100000103310
0230002032002010000300001020
1000100300000000120030003010
0003100303033030000000102000
0200021000022021020010033120
3100000002000010000000001001
0000003230300020232010000000
0000000233200301200132000032
3001200002000001110003103200
1000023130010000003023011010
2100000202000010012000000220
0001030230010002031100003200
0202000320000000030003002330
0010020200320000003210222030
0310003220021100300123202320
3010003121000100022200010200
2200100000310320120100000000
0010000200000032000030000003
1002301100010003000000030000
0300001000130001203003002000
2022300010000100000000030300
3110033100000203200110000000
3303032020200130103030010011
2000210203100000130001011000
0000030032030102003001020002
0030000020031333100000023002
1301010300100132002330100102
