28 3
3000003003122003211300300003
0100100001000000002000001200
0000000310002010211020332010
0000033000010200100300100010
3000203001001033301202001000
2200300000200123100000020030
1010030033002020000102020012
0000000000033000000020101200
1233003000000033001100001020
0302020202122103202330000013
0000102001000000300102000020
0000030213123100201100102003
2000301310010032000020000030
0032100210001200003000003122
1202001103020110230100003300
0000000203300200003320210103
3030100010032020000010100000
0000010000000000210310010000
3032013030121020300010021130
0000202000002000033031020323
3000301000003010000020010000
3020130003020132000001001222
1002303103030031000010020100
1010020130000000030020130000
0300203300202200000300000322
0030110230202000011020010020
1310000000000003000200200100
0002000200301003010202033220
