29 3
00310130002000031023013023100
02003030002000000030130010020
20200220200022301200233103330
00102010001033001001211200210
00003000000020000000010000100
00213120020010230320000030200
10103100010010300000300001020
00110000003031000003311000010
10031000000322220200032000010
11030233322003300100010000010
20000000000200000000002020003
30022000002033231000010202200
03200300210003313000120000032
00010000022021010020003000312
02102000010100020000000000003
02011320302300130011300020030
10000200030000032021000000000
00200302000030000030000000330
03210302002000200000300200000
01010301000003100003000000001
02202002000320000000130021030
00000100303000020001000100332
00100201000300230301000300002
22001001020000000003200000030
00010110001010000101003010000
00002032000002000002120200000
00011103003000030020230101003
00100010112000000300301000003
20021200310300003301000100003
