29 3
00000002021000002130000010002
22010230012001301002000102221
03002001300030031303002001001
00101100001000000021030332000
00003000000023300102031202000
00300120100100001000002000013
02000033000000002013300011301
01112002002000010000012200003
01031000030330002001022100300
00321000020110002110030000000
00100003022000002300033033001
12030003022100303220300003021
20002201100030031101000000000
32030100000110030023000000200
00000003000000000300000030301
00200003003000000001000000000
10002013203000020020032000203
10003011200200023032013200013
00021000020330110002000023100
01002200000032100030023000010
00302000010030000200123030210
00033000203000002300200000000
00000201001000300000101201000
00000000003000212321000300300
30000021020002220033022101000
00300030000000100000000010010
00323020002000331000300031202
12023000003000000001000102001
01100030000121003200101302003
