30 3
030021202000001303300003000000
200001202000000010000000130321
010012000000302210003001002000
002000110021010010000300022320
000023000200000100203300000000
332000010000000200310033000100
010100312000010000000000200201
310100200320000000100000030001
001000000002100010000000210030
303323033000100000020003012010
033020030000300323101130000002
100000000200112000300110000010
000030003000003032300010002000
200001300330200013000000033030
000000002320010100010002001001
000002020011020000000000030102
232300032303000123023000002000
301320300010100110203010303020
000331010000102000022000023200
033000210102020213001000000102
001020002002000030100003000000
200210002000100120000000210203
100000001100032002100000011010
000003002001300000010023030020
101001000002000200210002220003
000111000020020023003330010002
000000300000000003000302000000
002030003000000300100310000300
033113030000000000000021000000
020022000213002003200300000012
