30 3
000003000220003300001130003001
203200000000100000000000010000
002003010000010002000200030000
000001031330000030020000120000
200030200002300311313010000100
020003000013001012010003200020
000000100300000202100002000000
010000033232111300000110100001
002032101002021001210000000000
200033000000010200002331000100
330030000003202001310000000302
030330010000000200112000002300
002020031000000000010033030010
010000330011300001200322000023
000000032220003002000013010200
200000000001010000000000010000
001300001100000203020201300020
200220000000201103013300001100
101000012002300030020003331020
002002000000000020301020011013
000000302020000020320323111023
000000110200020023000200000001
301000000010303010022320000001
010010003001002002023032020123
330020030010030013020000001010
001200300002010010020030000000
030002102300000002300100000000
200000000330000000000001011000
020023000002030002030000001000
333000000210002200020030010233
