30 3
200101200002020000000000001000
000020103032031000002000000003
003000000300011002111110000011
020000101003000000000301000102
100100302033100011300030030000
102000000000022000031000000001
000002100020000030102030302100
001021000202000000000001022010
000100020000010020001020000100
101033000030022120310003022000
010033003010000022010000013000
030120010003020003300000001001
000300000000100202203000002301
000100200201000103003100301010
000300030003100010000010221220
010000200031000003300030001200
330002000020020000000200210100
000020210020000000000330000011
030020102000311200103100003300
000202300000000020010300000000
000200000030100030030200100000
230001000000030003000000002223
203000002002012000000000000300
033032030000030023300000223001
000333100230200313010200000100
010030200300000000210100200002
230102012030003210120002320001
000000300033302300301200320023
011200010000003000000000101032
300203000300130221030300022000
