31 3
0001033000200231210000000130200
0000230002020003011202000300000
0010000100000000020301100000000
0000320300200032000030301003210
0000020101000000200000020103003
0321310021010030020301010101000
2000000022000000030000000000000
2000200000330000000000020000000
0000300100331000100000010033001
0200030000000001001000130130020
0001330000000001030000003320030
0002001030002030000030030100212
0202010132302000002010212010001
0030000030111003221000310000030
0200020000010213300001000000010
0202003000000030300201300020330
0200200000003002000000013001020
0010030000100000000000310000000
0000100030300001010001000130000
3220001000200000000203100000000
0000010100100000002022320002113
0300000211000300000200003202000
0000020030010030100000022003000
0333000100020030320303302001100
0000002200000020000202000020100
2230130100000110000000030100102
0000000303302000213003102012322
2003300000002000020100010203012
0210000003000200100030000000000
0000000000000100112001030200003
1000110003000000223203000100020
