31 3
1200023001010003000011003200200
0010001202000231213000000110030
0003010000000003020203010011031
0000123000000000223100000000203
1321002000010021213000201103002
0000030000000000100002032200100
0000300000023001000000032200022
0000020100330000020000300300000
0000200000010001010230031100300
0000100000000000300020002000000
0000003002000000020002030002000
0000000000010010210313000000000
0000020000000300210302200000213
0002100302102032300000000000000
3001010100001330030030000030003
2000000103001003000020100001100
0310300002030000022000200000001
0000300010020332002202001000011
2000033010000000301000001000020
0301000302100020003002000020000
0020000131000301002031000330011
3000000103230001100031000310201
0002110000203000021000200030200
0003120330132001300032003000010
0000330002302200110000012200000
0001001000300000030000220000000
0003330020202000000000000030113
0002032000321000113020003030130
0200010303002001000020000000000
0021000023000000100000000022000
0000000000000010120000300300201
