31 3
0301000023310020202032001210010
0200100102001001000033230001021
0000000020100300100100010001000
0020210010030001100030231002000
0000000320002000200020002003203
0030010001230010001020220100003
0003001000010000100001200300003
2000000002000000311320100100020
2030030000300000031313020020300
0003000000000000003010000100002
0002002000100111100003102000032
0200002303030100000230000201130
0032020000000023010100000000200
0000000000000200100000020220001
2030000000000000000000003000000
0013200323203100002030000000011
0300003000303100300002000022010
0020000001000012303100000000000
0301000002000103030000002000000
0030300000000000310030002020000
0000020003022000003000330200000
0001030002000020003010023100300
0100213000032312011120201000011
0200130002030000300000003201103
0002000010000200200000010211002
0030030300220000320100302330003
0030300300000010003032010300000
0010000000201000110000003010000
3010000000000300000300012020020
3000200030000101000212001110000
0132120000002000000300230000000
