32 3
00000002210010002000002100300133
30031230000021000200030300100100
03023120230010300001000000021302
10300300000000000200330003100000
00020030000211000010310030030000
00022010003000000000000010110000
03003300122000020021000003210000
00000110100220000003020000322030
00010000130000000000002300103020
00200000020011001303100030100300
00020200100000000000002013100000
00001200000010030000012003210000
10013020200300320002000220000001
00031100001010200102020001000022
02011000010010000200000030000000
31030012221103000003010010000200
00000300001020030001000031300000
00320000000030000000000002000010
00200301020100000001000010200001
00000200230000010033000030003100
01000000300000300000000231020000
00102000000003000002000103020000
20002120000001000000201200030000
02003030002000000002102310032002
30000300003000300302320200002023
10000020100020001300000000002100
01300220012003000100000000000020
00000300003000200100000300102001
00001000303000000033310011001003
30030003000000000000000000200000
00000003000100300203201023020100
00200000003000020000000300002300
