32 3
10002022210001000030013000030030
32030300000000120000020000000001
03000001000000210003003031001030
30003001220000001000300000003000
00300001100003200131002300000000
01012120000200002210000000032023
11000010330000300300013110030101
00000000301020020302010000111000
30000010003000000003030001100013
10020000200000000001000001000000
00011000003023000000003313000010
00001000000200000000300000132012
00000002000000020022000121001000
00300220000001000003010000030223
03010200001002000000200000000030
02100010000202000020002000030000
00003030030003100000212001000301
00100200022000000033030000000000
03130001000000020120003020031200
31210000020000030300103000010020
20001000000020210002000000000000
02310300020202000020201020000011
00301100000020000000000000230300
00002000010000000000000303030030
01000032000000020000102300023000
13201200003000000330110000200000
00102330100000000020302000002113
20000000000200020000000000010020
00000110030003000232010003200212
20000032101300000000300202003010
30000000002301013000232000000230
02030000000000001000000000300100
