33 3
001201030000000000030000020000000
300010200210010010030000202000000
030000200000210030000300000000301
102100130000000010002101003000001
302000000010133020000000100000010
101003000000003201000000001200300
020000000001002000101303200300000
002000203030330030000101300012001
300022003020000001000000202001010
000002000200000000200000020002020
000002300000000000000212000101020
300000000021010000230000000000000
303030000002000000020030023000000
030000000022033011020230030000300
000201000001100000000302001100300
020020000000212001100000100010100
000012032030010000000000300003000
013120300000000020300000001100002
020300300200303100000001013000302
002000000001300100101001000002000
030000320030232000000000200120000
000300201103000101003303300000003
000000102100230000000000100333013
000000000000000000000000001000100
030002001002002203000003200000100
003000033012000020100002020001001
000200000021022100201033333223130
030210000000010001000000310000100
020130000030120300000000002000000
020000102002330032000000001000000
003000000000000130200002200000003
003002000001200000310020000000300
200000100000000000000000000001002
