33 3
002100000200000100000030000000000
300000021300000100000000203020000
300020000012003000003230320001000
000000300211001020000021100110000
000202100203000000010020110000003
030100030003002000000200002300300
002000000200000110000003302000001
030001000100000000220010010001000
030010000300000000010200220300000
000000000003000200000000030000001
011200130000000002010000110002000
003000000113000000002330320021001
000000002010000000030010032010000
301000020000000003230002300103200
021032102030020100030000000000030
000000001032020003101000012001010
200322010030031010000300020000030
032020030010000010003300000002003
000332030030030100012300030002333
030000302000202000011030002003023
000020000000200000010202303000000
200003010000010000000100000000030
200000300000000000300200000301200
001000000001002300003000020000210
031000002100203003100010003300001
001000002300002201000001100000030
000013010030132033000020100000020
000000023000010010020000020200001
030000000000001030002003000000000
231000000200030000010300000000002
020010000020100101230000000002000
300100000000102000122000200300000
000000000100000001100000000210220
