34 3
0001022000001130000230030000000000
0002000010022300000000100220030000
0000031000020102000300001200000000
1000030003300011000030100000002000
0020033000101000002000020100000230
0000002000003130000003001002000000
0202132100203301000001023202000320
0300000001000003020002013000010030
0000000000000001003002300000000000
0000000100001010000000000000300001
1000100033000000000011012000200000
0003030000000030302000000033210203
0030100000000020000000002202000300
2012003002322000001030003100200002
0022030000000001001000000000003330
3300000000000000302003100000000000
0000000101000020001003030020020000
1000000003100100003000002000303000
0001210020000030002303200020020110
3002000000000010000000021203000000
0100000230101010020110000200200000
0010020000030000100001030000022100
0200200003000200210001000000311000
0000000300003000213200010203001000
0003300000000000030130020202003031
0003000031102000120000000310002000
0000100000000000000000110000000000
0000000000000000030000000310002200
0000030002020000032000001011303101
0301020000000003000010003300001310
0200000002000002300000030020100002
0300003021020000100000010010000000
0000003030020000000000002000020011
0000100000103000000002000220010300
