34 3
0000003003003100020032000001200102
0020000300000000000002300023003000
0000000000103020000100000300002030
0221002000030000000031000002201000
0002002002010000000000000000100002
1031300000120030000100130200002000
0300000000000000320030000000031300
0002100100000100000000000100003030
3100000010330003030023000000300000
2210100000000000000000300000000000
0000000002002013003030000200000000
0000000001030100003010100000000002
0002100010002001010022200000000003
0010200003003000000100203000012100
0100000010030000002002000220300000
0300000000010220002003000300003002
2030300020022000320200300200000000
3033000310100102030000032203100030
0000002000003130020000001003000001
0003000000000003000300330000000302
0112001200000021212010010020000021
0000000003003000002000302102000013
0102000110000000002000001010000000
0000002000000010002100000300000203
0201002023000300300020000001000010
0000303023003000000121000030000000
0000100011030030000000300200003011
0000303002000000000210000100201100
0020200000000000001012030000100200
1003032000002001000000000020300100
0000000003000000300100200000000010
0000030010000001301000003000003200
0000200000023000000000001120000000
0012000020001211210010101003000100
