34 3
0000000130000000220000000100000020
1000000000021010000002000000001010
0000000001000002010000022330100000
0123100001000300000000000301100200
0200031200010000000020000003000200
0000000001000000000000003000000002
1300000030000000300100030000000000
0003302023003000300200300000002200
3020300000332002000300200020200000
0002003300020100001000010200000200
0200022000030110000013000000000000
0000000000000000100210012010000000
0001010020002200000000001030020000
1022103000003000000003000002300330
0101003001333100020000000000001100
2203200303310023001320001200302201
0000020020200000100300030002300031
0003000000300002100002030001000030
0200000032200100000000010130200000
0030000000000300100030000001200000
1010000001003002330100000000300221
0010000110021000030102100030000000
0000003202010000000000000310003300
0201030000022000012001000030003310
0020000200100000011003320000000103
0000000000002000003000000032000000
1320001010000000200000300000021300
1000000002002200020000000000001030
0000000020030003200311020010300000
0000001000000203112001030020000001
3301200000030001020000020000000000
3300000000000100000000000000101000
1102003003000001020210003000000003
1002000003201303000002000000000000
