35 3
02001020000000030000000020030000000
03020010030000000000003300000202300
00023030000010320300000000000001031
00200001000013302200000000000020000
10000230000032000000000100000000002
00003102000000030300200100100000200
00000020030100000000020000223000100
02000000003010000003001000030030002
03101200000000200002000000010000003
00000000000000000230100030000001301
01000003001200001200000000000000000
00302000001001000001020001010003030
02320002000300000002000000102030000
32000000200000000120201000000100100
20000000100010000101300100020210000
01001000012010020303000302000003003
22000120320033021000010000001000000
10100000200001232000000000000300300
12100101001000100030000000201000000
00030001020200010300300000003030000
10000000010022010100000020000103000
30002300030002330200203000000210000
10030000000001000000300000100300000
00003200320000030000120003000002000
10002000300102010000022000020000000
00100000020000100100100000301000000
20011100030000300003000000000030303
30000000000303000000033003030320001
00000000000000003030023000001000001
00000010300000220000002000002000000
00000003000002000002020000030000302
00021010210001000000000001010030210
20000000000000203000000001000201030
13300000000000200002101000001020000
00300031000002020000000000002000000
