35 3
00000003000000330000000020000010300
03101013000000000010100000300100003
02000003230000000030000000000000002
30000020000030020010000010032000000
00001000003200212233000010000120000
00001300200000100000001000000002001
00000200120000000003000000000000000
01000100033030000000100022000000000
00030002030000000012020031000220300
01230000302000300000100010020002010
00000000002330002010010000000002220
00300003020311300103000000012000001
00000000000000001000101001000010013
30002000000000100000000222000000030
10230230011000010000002000030103000
20003100000030201000030000300001001
00000303200000100010000000020333020
30000320000000001000000301020000000
00000000100000030000301010000001300
00003000000300030003023000100300320
20000020000030022000200030000013020
00000002000000010022020000020001200
00010020020001030000000010010000000
00000000100020000001130000030000030
00000000000002100001000001023000300
00000000200000000020000000200023011
10010032000000003200000023010010020
00330000211003001120203000000231000
20300000000100003100000000003000000
20200000020100000301010002000000000
00303030000000000000010003000000023
20000001002000200000000330232000000
01012010102002000000300200000000000
03000002001200020002200100000000011
00000200000000000003010000100303000
