35 3
00101000000003003103000010310000102
00000000000000000200001001001010000
10020000000000003100210001030000002
00003000000200300010002200000000000
00003000000000020000002000002010001
01002000300002000100300000000000000
00000000003030302000000102000200100
20000010100102010020010201000000010
30020023000000332001001100002000000
00010000000130010000000000000000000
02000300100010000110211030000002300
00000000203002200202320000000001300
00000000010020000030100020200003030
00010001200033100031003120003000000
00000003000000201002330000000010000
30230000000000300200300002101011030
00000003000100000000002003021020202
10000303120010030031030003000300000
00200002210130030002000000000030000
03000000002000000020000000000000333
00002000012000020000000000000120000
00000000001000000100100000310000110
00210000203000020000001200000100010
00000203200002000000002000030300000
00000001200300000000032000003000300
00000030002300000000000002010300100
20010300101011000000330000000001000
03003003202100000300000303002002000
00300300000200100330320000000011000
00233102200000031000032000010202000
10110200100003002000000020001030003
00300020000000033000000000020000020
00300000002030000000200000000020000
00000100201023000003200200320010030
02300000000200000001000000000000100
