35 3
02100300200001001000010002000000203
30000103003032000003000002002100000
03100000001000002000000020000000000
01020030210000000000230110003300012
20002020100300000010100000301000013
00030013000000000001002010201000000
00020300000003003100000000001000000
00000020000320000003003010000321000
13300020010303000200000001000001030
02030030000021210003200300020300000
00020003012000000002000000000000121
10100210200030000002000022030000020
00000300200120330000003000100020000
00000000010100000002001301300220000
20113130100301000000000010002000000
00000010000000000202000000010132003
30000000013000000000030001010000020
00002000010000000031030010001202000
00000000000310000000203000100300000
00002021000000000000010010000000000
00031020001020000000000003000120220
00302003000000020203000003000000020
01002002000000003000000200003000100
23200100003013000001201000200000300
03001000000200000000000030000303030
00300110000000000002000000000020000
10000000130220000000000000000000000
03020000000001000100320200101000000
03000021320003002000000300001000000
12200000000030000100000300300002000
01300000300000200000031100310000032
00002001100200003300031003000000000
10000003000002300000022000030300100
00300000200000100000002000000000000
00010000001000022000000200103200030
