36 3
000300000000000010001100000300013100
001300100010001000000003000000000000
030032101000130020202000000000000000
000020000000200000020003010000030000
000120001300031000130003320030033301
000000000000200200000000010000010010
200000002000300320000000000000120002
300300202000020000030000000000000210
000000000002100020203000020000223000
000000003300010000010003030000000000
000100000000200000001000300330000003
000000021000000320200200003020000000
000100300000001000000000000000000003
001000000000002000300000000000023013
003000310000000030001000300300000010
003200000000022020000000000000000000
000020120200000201000001010030000112
030000000001010200000120011003000301
023000002020020000100002000000000130
000000000020030031000000000100000013
000003100000300020100000100000100000
030130020000000300010001000020000200
002000221020020030000100200200000000
030200001000000000000030020000000010
000000000001030000000002200000030012
000020002000020003000000001300003030
003020000120000001000111013000002000
001000000000000000000001101003000000
000302000100300230003200300000303300
000001000010000020002000030023001000
010010000002000002012030001000021000
002003100000000000101000200300030000
000000010310000200000010000000101003
000000000010000300030002003000320202
001300200030030200222020000000010000
003200020020000030000101300000300210
