36 3
001000000000030000000000003320000000
000230020330002000000003010000001000
301000302200110000000030023010002010
000000033110233123300010010000000000
000000031000000000020021000300000100
300001010200000003300003000000000002
030002300000000010010000020000001300
000001001002000300003000002000010000
100000000000022200300001000000020031
001000100000300000000300000200000000
200003000000000032000000000030000000
000130022200000100000201000023000000
011000000000200023003000030000010003
100001000201000201020020020020300000
010000000000030000030030022001100000
332020000000010020033100000000022000
010000000030000030000012000000000100
000100000000030000130302200000000301
000000000000000100000013030300000000
003000001010000002000020001100002020
000000000001001003000010200020000003
000000010130003000022000000000030302
000021010000300000010010000002113021
000000001000003010000022002030003210
030000000103003003001000021000020001
002310002300101200003001200000000200
003010000000000000013020000000000001
002000000000000023000000000000222200
100013000002000100000030000200000000
100000220030003003000200130002200033
000010000000030000000000000000000020
000000000000000000030300000200000010
000010000003000003000003200000000000
210200100000030020020300000000001102
000203100200000000301000000000000220
030000300001010000010201020000000002
