36 3
001000010200003000000000020220322000
100100002000000000200020000202030000
110201120003000000000000023000000000
010003030200000003020300020003000212
000000002000003010001000101013000003
130100000000000000020000200000010020
002000001002000003100002003000000000
000300030003000300000202000203000000
002300000010000002000000310210000030
031200000002000100020000000000100000
000000032000000002011000010000000000
210001201000200000000030020020000000
300000000000000002010000300000000000
113000000210003000200200301000010000
001001200020300000000030000010330010
000020000000000002000000001030033000
002000000100000000000000010010000002
000000020001000200000300000000010012
001010000300000200100001010000000000
000000200000013002100010033002000310
010000000020001000010000200000011300
001300200000000130002000000203000000
000000000020000100000000030000031000
000300010000030100020002030000330002
000000000300200002003230010010000000
000030000020100000000000000000020202
000033001310000302003100002000011003
010200000020020300001200200000000003
200000030001000200000000031000010011
000020001031003020033000000000000200
000001001000000001100010000303033200
000303000200000031000003030001302020
000000000000210000000020000320020033
030000000003000000000030000002030000
000300000300200010100010300000000112
300002000300300300030020000103000000
