36 3
200011000000230201000001000200000300
000000000001021000031010000000030000
000023003000000003000010000020230001
202000001012010000001300000000100100
120002103000010000000000000003030300
000000000030000000100001300000000000
002002103021002000030010000002302002
000000000000000020100000003000320030
000000000000002100000000000210230021
000000033000300000000002000003000020
003000000320000030020203120000000000
000000003000010023300000000000000200
000000330000002120200002203000000133
000101000030020100001102002300003200
100100000000000000023010000032000010
033000000200100300000000000000000000
011002000000310021000010000000000000
200330100000000100000010100200032200
032200000000000233002030000000000030
000000000231310020003000030200000010
010002000000030330030002012100200000
030200003002000100010100003012000300
000000000003000301000333022000010030
020300000001020000000101003110000000
011001000000002000030000200000101000
000001003000000001030000300002000120
000010000300002020000000103012000000
000003000101000000000000000000300000
003000033002000000303003000000010000
000300000010000002003002001010002010
000000003012200020000000000010000020
000001000001000000000000300002002000
000300030020000000000000000101000000
000200213100000000102002020200000000
000000002000102000100021000022020003
003000010000000000000000100030000003
