37 3
0000202010000020000200300001000200011
0300000000002001000000000110000000000
0002330010010002000300003000000000001
0000200000000000002100100000200020001
0000000000000000000000300002200000000
0300000000000000301023000000203000000
0000000020031000000000000001000033003
0100200002000001021100000000020030000
0000200000200010000101003000203000101
0000003200010000000000100030000030000
0000000030000000010300200300000003110
2000100000000000310200001000000003000
0200020000203000000000000000000023000
2000000000000000301000000003000001000
0003100102000000000000000030220000102
0010000001000020000000000002000000003
3000000032000000000300000020000300030
0002000000000000000030010020001002001
0000300300300000000000200000000000000
1000103300020010000000000000200100000
0000100030000000000000100001302030011
1000102001300100000222000000000300220
0001012000000023000000000110020102001
0000100000000300000200000000000100200
1033000300000101000300003000001020000
0000300000000002000100201320200000000
0002233203300003300000020203210021300
0000000113000020230000033000330300000
0000212010032000200100030211100200000
1002101000000000020210000200000020000
0000030010010010000000000000020030000
2000030101000200000022030102000000230
3203000030012000003000000020000000030
0100000000000000000000000003010000000
0330000010000000000100000300000030121
0000000030032000300000030030000023000
0000000000030000002300000010010000231
