37 3
3300000000030000020000000000000000100
0000000100103003000032002000000200022
0000100000001010100000000210000000002
3000000102002001000001000100000230020
1002000300000200102020020330000002000
0000300000000000200300003010300002003
1100010000030200000002000200030002000
0000000200300030000103000000001000000
3000001000000002001003000021003010010
0000330100000000000022300100210000020
1001210010000000100100000000000303000
0000020003010100102000300100000030000
0200000020000020021003002030003200210
3100000000000000300000010200000000003
2000000000333000000100000000002000010
0000000110000000312000000000200021201
0000000003200010000000200000000032000
0000033010100032010000002000000230010
3000030000002000200000100000033000033
1000030002320002002102300000100000000
0300000020000200020001031000000000000
0000000300300020330000030000000010000
0000002030001032000000000320000003000
0030031000030000003000000200000000000
0000000000000020000300012020000002000
0000100001200000000003000031000200000
0000110000100000003031100010000000030
0000000000000230000030000000130100000
0120000000130000000001020020001200020
0200000000000001201300000120000000000
0000010033230010200000000000101201200
0100231000000000000000003200003030000
1000020000030000300002301000000000000
0000010000000203200000200000000003000
0030000000000000000000000010000000000
0030002000100000001000000000101000000
2203102103010000000020000000000000003
