38 3
00000000010000000100203030000000000200
03000000002010000320000000000000020200
00010000000000000003100000200303111000
00000000300100000000000000000003000000
00000000000000000200000000000001000030
00200002000000000300000200000000000000
00000222320011000300200000000300000020
01001000000000000000023000000300001210
00000000000000002000000003010000023010
00031030000003320020020020000003000000
00020100210100000000000020030330000020
00030003000000000000000012010010310000
20002000000000000000000000202020000010
01320310300000010000020000001000100000
20000000010200033200000011000000000010
00020002000020020003030002200000000001
03102130000000000202003011000000300200
00000200003001020100000020003020030022
30312000030000102300000310030020000000
00000000100300020000000020000100310020
00000000200010200300010003000000100100
00000000300000020102000231000000100000
03000003103000000000000001021000002310
00000000000001300200000233001002000001
00000000000102030300000010003010000000
00000300301000200003000100030030000000
00021201101000001000000000000002000000
10000010200000000000003000000000000000
00000020003000003010020303210001000100
00000300002130000000002003000000000000
00200002000130300000000303000200100003
00020000003000000000000030200000100300
00202000000000200000000000001002011000
00010000000001000001000310000000000001
00000000033000000000010000001330100002
00000003000030200300110003000000003000
01000203020000000003000203000000100000
00000000000022000301000001000000002000
