38 3
10000000000000000000003101020000000020
00000030200203000000000000100030200000
00003003100000000000000010010201000003
23000230000000030002000200020030000000
00003000001003030110000000000000100203
00000120000021000130000000000001203200
00200300000000013200100000000200000132
00310001300010010003000001000002021000
00300301000001030033003000000020000000
00001002000000000000020000002200000000
00000001020001000000002000000000002010
00100030000010000000000000000000000000
03001030010200010010020010012000001000
00000002100000030300000000302000000203
00103232000000001000000000200010001000
00031032002000030010300000000000030000
00000211100000000100300000200012202000
20000300300030000000000000000030000030
03001300111000100000013000000310000030
03000020000000000000000000320001000000
10002000000200300000000000000000232000
00020002010003000200000002300000000000
00302000000100000300000003200200031000
03000000000000200300000100000300002100
03003000000100030000000200000100000000
00000001203002001020030000000020000000
10203000003000000010002000000000000000
00001002030000000030000000000101000000
00000000000010010002000000210000000000
00203102320000000000100010010230030200
20000200000030300002000000010000000000
21001303000100030002000000200000201000
00000002000000000000011002000200003200
00000000000001000300000000000000300130
00000010000000000100000000200003000000
00302003000000000020000000002200000000
10013010003000323001300000000030000000
23000000000203212000200001000000000201
