39 3
002300200000100000000010001000010000010
010002001200021000030000000000000000100
000000002003000000100100302002300000000
000030000310001200000001300001000000300
010230000200200000000000000000000000000
013000000100303000202000100010300000200
001300110002100000000000100000300003000
000033130303000000020020003000000030000
010000300001001002030020000000010000000
000130300200302002002000000000010000000
001000320000100030000000000100200000000
000000000030033000000020002000120200002
000001000300200000002000000000000200000
000001020000000300000000000210001000002
000003030000000010000301200320000230000
000000000030000002020000000000000000300
200020000000001310000200000000003000020
000000000000003220003101000030201000000
020031000000000020000000003231000000002
000000000010020000000210010002000001000
010000030000000003000300000000000100001
002000000100000000010030000002000000000
000300000010010020001020000000003300000
000001000020000000300010000002000000000
020001000000003000030000003003000000010
000011000000000300030000000000000000000
300000000030000000201100020000030320300
002010000302002200000000000330000000020
100003000030020003002103000003000000001
000020000001010210000000000020000101100
000000030000001101310000000000000001000
000000030031022000000000010000110000000
030300200300000000030003000100000000000
010000120001000000000000100000000002300
020030000000020000000030000003000000300
100000002000003202001000000022000000000
002100000001302000100020020000000300010
000030000303000000200200200000002000000
000020000022000000000000020300130000000
