39 3
200000010230000000301000000031002000000
000000000003000000000000000312100100000
030000000000000100000030100000000000020
000003012200003003200000000010003003000
000002200000010003000000000100030000020
000000000100000200000030003100200000000
300200000010000000000000000000000000300
000000000020303000100000000010100020010
310130232000000300000003000000002000000
300002300001300001300003100001000000300
300000000000020000000123000000000020100
000020000200200000300000000000000002233
300000311000200110001000013000000003002
103000200000001000000300000003100000000
000200300300000002200200000000102000000
300000000003030000000300002013000001000
000000000300000200000000100000300000003
000003000000000000000023000310010010023
012000001000200000000000000000001010000
000200302000112000000003101003000003000
000003200010303020000000220000020000002
000300002000100000102000000000130000000
000100203200010100000000000000000000030
230001300002000200202100000000010200002
000000000000000003032030000000002100002
100020000220000000100000000021000000000
010010000000001030000000300000300001020
000000000000000001030201310302000002000
000000030000000000000003000000000000000
000200000000001003000200000001013000100
100000030000000000000020100000000003300
000000100000002001200000000000103002000
003000010100201030100000000000020000000
300002000030000300010000000000000000020
000010000100000000010030002000000001000
002000000300100030100201000120001000032
100000000000000200000021200000000003000
000020000000000000020200203101000002000
002002000000000000300000000001302002000
