39 3
010000000100000201300200000000000002000
003031012000000020200001000000000000000
000000000000010001020002033320020201000
000000000000001000020000020010210000000
000000000000020000000000010000010003010
010200100030000003000002000100010000030
300001020001000000000020000001000000101
000000000031100000000000033120100000200
200300000200000002003000001001000000100
000000000200000000001200000201000001000
023000100300000020000001000000203100310
003300000000000020000000200000200001030
000000010000030000000000000000000000000
030000000000000001000000001020000003002
100000200333100210000000000000000100000
000000000002000000000000000002000000320
002003020020000000000000000020000000200
000110002000000000030000300000000300300
000001101000000003000002000020000000020
000002000003030002300000000003220000012
030000001000000033000000030001300000000
000300000300000000000030001000000000200
000000200000000001000020000000000000000
003200010000200000030000030001002001003
020010003100200000012110000203102000203
000000030000100000030000000000100100220
000203000030000210000103000103002113000
000210002003000000000000000000000000000
000000000300000000000000000300300202003
000000000002110300003031001020003000030
300000000100010000002000200030100003000
000100303003000000000200003000030000000
013200000000020000030300220000011300100
100000010003000000030321000000000002020
001300203000300000000000000002001003000
000020300010200000000010030003000000020
000000001000010000020000000200300003000
000020010120300000003000002000000002000
000000100001000000000020002000030100030
