40 3
0300000020000003000002100000000030020020
3000000000003000023000200003000000000000
0000010003000000030000000002000203000001
0020000100000020011300300000100010010000
0020000032000000020000020000000000000110
0000203000000100000001000000000100100100
0000000030000000020003021100000000000020
0000000030000020000020100000000000000000
0000030200002000000000010100000000000000
0000000220000000300010000000000000000030
0012100003000000003001000000000000210000
3000000000120000000000033000000003201200
2000001000100000001021103003002000001000
3000200030000010010000000000001000030301
0000000300000000000000000210010002001002
0002002000000130000000000000003000300312
0020100000000000001000003000000000020000
1000000100010000000000300000000000001000
0000002030002001000202000002030203020000
3020301000000200300020000000000310000000
0002300120000022030000301200000000210000
0100000000000010000000020000000010000010
0013000300000000000003000020000000000200
0012003000100210000231000000000100000001
1300000300100003000032000000001000003110
3000000000000100000010032200000002303300
2000102003000000000100000030000000010300
0030003000000000000102000000010001200000
0203000003000030000002300000002000300000
0000000000000000000000000002000203030000
0200001030002000010100030230000000000020
0000000000003000002002000200000000000001
0200000003000300001301001020000200000000
0000000000000030230020100000000000000030
0000000000000032000000000000300000000000
0000000000000000010000000000000002000000
0000020000003010010012013010012002003010
0001300000000003020000000001000000000101
0000030030000010002002000000000000000000
0302000020003300000000000023300000000000
