40 3
0100000000301300000300000003020001000300
3000000032020020100000020030102000000003
3000003100000000010003000000000000030010
2030010100100000000200000030001020000002
3000333000000300000100130020000000000030
2211000021030000001001121200103000020000
0013003000000001000020000000020000300000
0000010010221103100100300010000230020000
0030000000300000200000000000001000000001
0200030000200000000003000000001000000030
1301000000001000000030000030000013202000
0000020000000000000030000000000000300030
2001201000000000000000002000130002102000
1000000000301002000001000200000010000100
0000000000000000001000000001000000203000
0000220030000130203000300000300002100000
2000001000000000020000220000000000330010
0000003000000000000000030000000200110200
0002003000000000000300020003010010000000
0000030000000000002020000000001220000300
0000001300320001000100000000000000000010
0000030202000000000000000020020100010200
0000001212000020030000222000003000003103
3020000000000010000000000001000000000020
1100000002000000000000000000102003020000
0000000000000100000000000000300300000002
0312012002000000000003000003300033200010
0011000010000000000000303000000000003030
0000020000000000100000030002003030000000
0030000020000000010100000020000103000000
0000000000010000030000001000003000030000
0000000200000000300000000031020000000022
0000020000020000000000001001200000000000
0000110000000000000000000000000000200120
0000000110000010000000000000101200000000
0000303030000000000003000000000002000000
0000000002000000001000030000000000000000
0300000000000030000000000000002000002000
0001021200000130000000000002002030000000
0000000000000030000000000020000000022000
