40 3
0020322000000010002020001000303000000000
0001032030010000002000000200030000001013
0001010020000002000002000001000000032210
0000000300003000000000000100003000323300
0003003000000000000000000300001000002000
0020002000001000000130000000200100000000
3000000300000000000030000000030000000000
0002000000001120000000000002000302103000
0003200000000220201022100020000000000000
0000001000000000000000300000000000001000
1200000200000001000001000000000002000000
0101003300000000000000000000000100000002
0300101000100000000000300010100000011000
0000000000000003000000000000300000000000
0000000100000030000200020000300103000000
3000100003000000200000030000101000000200
0000000300020000333320000000002030000010
1000020003300000000000000000000001000100
0000000200000001200202000020000002000000
0000000002000210300000000203000000000000
0000300000300000200000000000000003002000
1000030100000000001010000000300010030100
0000000000000030010000000200000000003000
0000010000000301000100003011000100000000
0000030000000000000000000023000020012000
3000000000000100000000000000002020202310
0200000002300200020000010020100030000000
0000300000020200000000120222000001310000
2003000101000230000001110000000010000000
0001000003000020000003000003020000021030
0001000200220000000100000002002000302000
0000001000013021000002000000000000000300
3300312103001000000030300000000000300000
0000003000000000030000000000020001000001
0120000000010000000000023000000000020000
0000000000000200002000100000001000000121
0300030020000000003001030020100000013000
0000000030000000133010100000000020020100
0003000000000012000000000000000003000230
0000000000000330000301000030002000000020
