40 3
0000330300001000000000200011000200000000
0110000000001030000000000001000000000031
3100002300002003000000000001000000000030
0000002020020000000200203101000000000100
0100003000000000200030000010000000000000
0000000000000000000000000000020032000000
0210000000023021010020000000001000000000
0000020000000300001000003200120000000000
0003000000001033000000000000100000003030
0000030000103020000000002000002010020000
0000000033000000000300000000002200130000
0000000000000000000000000300000000030100
3300200000000000000000002200000000003010
0200000301010001000003000000010000000002
0300001030220010000100203200000100000300
0000200000020000000000000030100300100000
0000010010000000032030000000000003003000
0000000000000000030002000200000000000030
0000012000001300000000003203002000010000
0201231020000000002000000000200000000000
0002101000000200000003000100100200000000
0010000000000000000000000000000200000010
0000000000000000310000000031000001001000
3030000200001000003000000000000000020000
0000000000102030301200000002120320000000
0002000300000000300000000100010000020003
0000000000000000000000020200000000000300
0300100200000000022000012302001000000002
0000000000000100200100000000000001300000
0000000020001300330030030001010000000000
0010100000000000000000000000003000003300
3000000000000010003003213000000000000013
0000000020200001000000003001000000000020
0313000000001002000010001000002000020100
0000000200030030200200000010000021000000
3030000032000000200300003001100000203000
0000330100000011000000002000010020003000
3000000020000000000001200002303100020000
0200000000000000002020100010100002200002
0033001200000200000200103000001013012000
