40 3
0000200000000000020000002002000000002200
0000000010302001003000003000000000100000
0000000002200020000000000000300000000000
0200010000230010000000200000300000000000
0032000002003000003200001000000030001001
2030313203000103010000100000000100033000
0000133000030130100120030300000010000300
0001000000200302000000023100000202002000
0000010000000100000200000000200000000000
1000002100000020000020003000001100001000
0000002000000000030001000000020001000100
0000303000003000000003000000000010000000
0300001000010000000000020000000030000330
1003000000010000000000000000002000130000
0000010000100000030000000000000000030030
0000200000300000000100000000030000010001
0002000002010020030000000000020020000000
0000032000003120120300000000010000003100
0030000120001000000000000000003002002022
0000000100000000000000003003000200200003
0002003300000000330300202000000200023000
3000000000000001001000003021200000000100
0000030000100001000003000000000200000300
3000000002000000200000200200000300000023
1000100100010002100000000000100000000000
0000000002000000000000300000020100000300
1000000000100000000300000010300000000000
0120003200020300000100320000010200101000
0103330000000000000100300030003001200003
0000100000030000002000002100100000201030
0000303000000000000000000030010000000000
0002100100300020200000000300000300000030
0000000001000000000000100020200300000011
0000000000030000000000000000000002010000
0000002000000000000000002000000001000000
0001000000000000003200000200000020000010
0200003200012010210000002003000000001000
0020000020030000200100020002300000000000
0000000000320000001101000000000030000100
0002000000000002010001003000200000010000
