40 3
0000000000000002000003032000100030020000
0000010000002020020001000000000000030000
0000000000000000300000000000200310000000
0030030000000000001000100001010003030000
0000010000030000000203010000000020010010
0000000000100000000010000000000030100020
0000030102000000102010000022000002300000
0000000032000003000000000100300200000103
0000000000000022000000030000030103032000
0330001100000000000000000100000000000030
0200000003000000030000000020000000000010
0000200001002300000000002020000000000000
0200000030000303020002000001020000100002
0003000000000001000000002000000020022000
0100201000000000302010001101000000013000
0010000000000000002000000020000020002002
0002030000001000100000000000003000100000
0000002030033101000000110003000000200000
0000003000032002000000000200000000020003
0023000000010120000012000000100000000000
2000000000100000000000001300000000020003
0000000002300000001000000010302300001000
0020012000000003000000000030300000110000
0002000000000000200201000000000000000000
0000010032003320000002000000000000001020
0000000300010300000020000220000003000000
0030000000003000000000030030000000313100
2100000200103000300000300200000000230000
0000003200010020000030000300000000000001
0003020010000000000100002000201000000002
0000010010302100000033001000001110022000
0310033110000000030120000000000000012010
2000023000000000000000100002000030000100
0000000030300100000200000000020020000000
0300200000310000000310030010000100002032
2002030000000003300000003000300000300100
2000000000000000000000000010010000003000
0031000000000000000100000100000000000200
0000010020000000000000100000000000000100
0030000000300020003020000001001002000000
