41 3
00000000200000000210301000030000020003030
00000000000000000000013000032000200000000
01000010000000000000000000000002000000010
00000020003003000000300030300000000100010
00000200021000000000300000000000000000200
00310000001000001000003000000000002020000
00000202000300300000001000001003000000020
00000030000000000020000000000000001012000
00002003001000000000000100200000200003010
02000000023303003020000020000000000001030
00000000300322000003002000000000000030310
00000003030200020001000000000020030001003
00000000013030200020000000000000010000012
02000000000020001000000002000000300010230
00000030000300020001000000003000000000002
00203000000001000000000000000000010010310
22000000000010000000000003031000130200000
31000000000000002003000002100000030000100
00100000021020000000122000000000000010033
00000000000100000000000000100000000200000
00000010000000030030002000301000000000000
00031012100000000000010000100030000000000
00000200000200000030303030000000000000000
00030000100000020000000100000000130000030
00000001003000000000230020000020000100000
32000202000000000030000300001020100030030
30020200000300030001003100000010000000000
10001000000200310220000101000002000000230
00003133200030002002000000000000000000000
00000000000000300100000000120020003020000
00000000000100000000000000000000000000200
00000020000002030000100022000100000000002
20000200000000000000000000000010201000000
00000001010210000002100000010000100100000
00012000001020001000000000000100013000200
20002200000000000000000000000000210000001
00002030000000000002010000000000000200000
00000000003013000000000013300000000000013
30030020200300010000200000300103030000300
00000000000000000001030000000000000000110
00000000000003000000000002001130000000000
