41 3
00202011230000000000000010100000201000000
00000200010020020001000000000300000000300
00000000020000301000002010000300000010120
01000000020000000000000010000000000003020
10000000000030100000230303010000000000000
00002000000000000003010101200030030010030
00000011000000020100000000300000000000010
03302100002000000001000300000000000000000
00033000200210000300000000000100100003002
00200000000310001001000003000003000000010
00003020320000000103310000000300000000000
00300000000000000000030000003000030210000
00020020000000200300000000000200000000000
00000000020000000000000001000002000000001
00000020000001000000000000000000300000000
00000230000001003000013300000020000000100
03000000000010002000002002000001000000130
00001100100000000000100000000000000001000
00000001020000100000100320000000000010300
00001300000000000200300200000000002000010
30000100000000000023010000000320000000000
00000200000000000000000000000000000000230
20200000003030000010001000000132000000101
00020000003000000100000000001000020000200
00000100010201000003200030000001003020000
00002300000022000002000030100000030000300
02000000300001020000000002000000300030300
02000000000000000000000000130003000031000
00000020000000012030000000000000000001000
00000000030000020000003030130020000000010
00000000102000000000033000000000000002220
00100000003023010000000000000000000000020
00000000000000022003000000000000000002000
01000011000000200000010000000000020000000
03000200030000000000200000100000000000000
02010100000000301000310003000002000000200
00030000000000000000000000000000020200000
03000000000000130002000000003300020000001
03000000003002000010200020001302000000100
30000000002000010210001230030002000020000
00000003030020000002020003020100301331000
