42 3
000000000000000000000000030000130000030000
020030010000200000000000000002000200001020
000000000000000020010300000001003100002000
000002000201000100020000010000000010000000
001000000000000200000200000000000000000000
100000002000000000000300103030000000010000
000000000200020000010100000001000000000000
100000002000022001000000000030020020300020
000100002023000000000000100000000000020000
000000000000000001000000300300000000002000
020010000000200000301010000300002000300300
300000000030000000000013000001300000100030
000003000000100000000200000022020000000000
030000300000000000030100000000000000010300
030023010310000000000000000000000010000031
000010000010200000000013000003000010300000
010000000300030023200000301000030000000120
003020000100000000001000001010000100000020
000002000020000000003000000000200000000000
000000000000000000003000003000200000000010
300020000003020000000000000200100020000000
000000000000300000000100000000230000000030
000302000001100000000000002300001000000000
030000010000020000000002012000000000100003
300000003000000203002020000000200300000031
320000000001000000000201000010001000301000
000300200000003000020000001000000000002000
300020000002000001001000000000001000000000
000100200000000000000000100000000300000000
010002003000000002003010000003032000001030
000000002000300320020000000000000210200300
000000200030000000000100000003033010023000
000100000200200000030020000000101000000000
000000000300000000010001002200000000000000
000000012002000000020000010020030000300001
011000010312200000010000000000000230000000
000100020000010000000110000020000303003100
000300010000100000000000020001000000000003
000300100000200000000000000000003100000000
000020320000003000003300000020000000300000
000032200000000000300000000302001002000000
000000000000000030030002000010200000000010
