42 3
000000000030000000000300000020000000000000
000030000000300020010300000000000000001000
000200000000000000000200000001000000000000
000030000000100001200000000000100120000000
030301330000000000000001000002030000230000
000000000000300000310000030002030000101000
000331002000000000000300033000003003000000
000210003000000000000000000001001010000010
000000022000000003300003000000300000200000
000000000003000003000200020000031100020100
200300010000000200000002000002000000000000
000000003020000002000000000000000000000200
000100000000200002300300001000200000000000
020000000000200000000000100000202000000000
000030300310200000000000000000000030000000
000200200020020000000030000000003003000000
000010000000220100000010000000100000000310
000000000010000001000000000000000000001020
000000000010000000000000000020000200030000
030000200202000130000000000000010000000001
030000003000002010003300000100030000001000
330000000000000000000002010000033001030000
000100000002000000000000000000000122000000
000000000010000200100000000020000000000002
010002010100303003010000000000000000000020
000000000300030000000003000000003100002000
030201200303000000020300012131000200001000
100000000000001000002300030000030003000000
000000000000000000000001000200000000001300
300001000200300030010220000000002000000020
020000200000000000010000010000102000000020
000000322000000010000000000300000000000010
300300001231000000010000300020003320000000
000000002200000000000011000000010000000020
030000000010020002000022200010030200000020
000010000301001000200000003000000000001000
002300000000003000000010003020101000000200
020200000010010000000100001000000000000003
000000300001000020001000001002000100002000
000200000020000030000000030000000030000000
100002001000000000010000100000000000000002
010000013000010000300000003300020000100100
