42 3
000000000000020000000000030010000000000020
000000000000000000000000010000003000003300
030300300000000020010010000000103000020000
200000200203000000001001200200000000000003
010101000020000000003000000000000300000020
210000003010030200000200001000000003000000
000000200100000000000000200000000100020000
300100030303000002000000000000000000002000
000210000000033000000000000000000020000000
300000300000000013000000000010020003000000
030230000000003000000000000000002000000000
021000100000100300000000000130000030000000
000000300000030000002000000000001203202020
000200010300000000000000003010020000030000
000000200031000300010030000000000003000000
020013000000030300000000000000000000000000
000023300000000100300000200000030030000100
000000000000010000300001000100000303103000
000000000020200100000000020000200000000000
000000010002000000000000100000000000200000
000023001002020300003100002000001000000000
000000200033033000012201000000003000010000
000300000210000000000000100000030000000020
000000000000200000233000000000000012200002
000002000000000000000320000023100301000000
000000002000020010010002010000000200000030
000022100000000000300000000100000000010010
000021002000010030300000000002000000310000
000000000000200000200000000100100000200100
000000000200100000000002001002000000003010
020000000020000300011300000012000000000000
002010000000000030010000000100300013000000
000000000001002000200000000000030000000000
000031000022000100000020200210000000000000
210000000030000000000010000001200003002000
001200000101000000000030000100020000000020
300003001000001000000010000110010300000200
000000000100002000020000000000000000200000
300000100000300000003000300000000100330000
000000010000000010000000000030002000000000
000000201030000000000330000000000012010000
300000000002000000300101020000003000100000
