42 3
010000000000000300000000000000030003000100
000002000002100000000020000000200010000000
000000000001030001000000000000000000000000
000000100200000300001020000000000203002000
001000020000030200000000000000010000100012
000330002000003000000000003003301000310311
110010000001000000100013000010000000002000
000000000000000000002000003000320000000000
300000300030000001100000331000330000020030
000000000012000000000000000002000000300000
000300010001200000030330000300000200000120
030000010001300000000000000001030003000010
000000000000010000000200000200220200000030
020000000000020200000200000000000300000000
020000001200000021030000200000300032020030
000000300020000000200300000003003000000100
000200000000000001200000010020000000000100
001000000003002000000000000000230000000000
000000003000310002003000020000000000001000
000000001020020000000001001000100203100020
000300033000001200300000010000000000000000
010000000000200003000103000000000000101000
002020000000000000030302000120000000000000
000000001000000030000000000001003130020301
011000020000000000000000001002020000300000
100000000000000000000000000330002000300000
000002000000000000330000100000000100011000
200000000000100000000002000300000000000000
000000000000000000303000030030120000000020
000000200000000000003000020000200000000001
000001011020000000001001000000001010002300
003030000000000000000030300000000003000002
000220001000000030000003000000000010020000
011000000000000013000020302200202010000000
030000000010000000000000000000002000331200
200000000000000030010000000000000000300001
000200000000000000002202000012000030000030
000001000000000100100001200002003000000000
000030000000000020000000000010200200000001
000000003000010020000000000000000000000000
010000030000000200200000000100300000000022
001202000000000030000000000032010000000000
