22 4
1143014333004310343401
0420344112204200320024
3312010140411222424033
1311412002402331142143
3303234310032023440131
2224123202340000210210
0441320014211334234341
3200230131344313121304
0132212444143034122001
3131140041442344243103
3231120212211043122213
1313143321420224434444
3242220200333130321304
4222012342304423032103
2241242210112240113241
2144332033304110422012
1414430443022110032111
1030012121233314131444
3231330342423213440142
2043022342440440131343
3340431444424334412040
1141242200112201230101
