22 4
3004014331320441430204
4141314024001340242244
2241122132023444033343
0024111021142124441013
3133023321323443341432
2120341022013404233302
3132134203240210401114
4312112403042220144012
2443320413434333332001
3312014332042122020021
1131440120342311220443
0131224222004433402214
0231131211332003014131
1040342303414123414014
4233404122003244144002
3101411121023031320443
4023311430213343121300
2320204441044120432130
2232011422141430001103
4241214111434411203413
2432331123203020432401
2342033003122243222411
