22 4
3432042201132212013244
3333132132444423314412
2433432014441122241013
3334002232424120330441
4004211304332002403110
1200022230432413410411
2410113104340011044021
4143431424422104120033
4440320211023342213233
0244014233433240421213
1003240343020414110220
4301022221222221444024
4404331143410221440032
3210442312423214422311
1324120044413323004304
2433131013313342404233
4132422301301131004311
1221331331430030114330
3124114200302211041401
4004133222202211200120
4331130131102021342043
0323041114344211201323
