23 4
34212422420224443342030
03300411103431011104314
01104243004001424233400
13144010002223204123001
40222243114003323110123
40142104042210102123233
33340032141302032030022
44021424103400444022031
23433342004324432440100
40133314213030113431344
03231021420414012343222
33133410040004001312330
00420143112230300223033
44111010432224111303021
31000104111034030142401
24240024323024323403301
30411442130341240211012
03400020123204243303423
01320220443144412002142
20101110030042201440324
10033022144121022031022
03301123020044424101424
21311230232341113301104
