23 4
14011123014340431242023
02000033124111211330003
43133340142243320302030
23004223021403012442111
10312041140344314000411
32304202012030100404400
33432023113143012400433
01423013102024204414002
44202131400204230024310
40042204124420414130212
03421411320241331144424
32214302440424002123224
12220131143142033401102
22324031003110243324131
42000304132311212130203
43032414104324422322032
02404202021004311034102
41343031301103032224213
13030440300413142231020
00112200230120431011330
02300440341003400441430
13220210433443043320404
03221104314231310101423
