23 4
42031244120401201210204
11321413004300100111044
01233003410010420320114
00343140303331321102020
23342102442002323123114
11202031010422013312113
02320333100220311433304
21044102240242034324432
12421130430412234021433
23304332243210341232324
01440300332441044332242
12141422444322101030041
20244120241012003033114
13121100024011340242301
02142010014040033042304
34000224100442030101121
12433040104000244324142
40443201312041441233032
23213404434122401010304
44322323014340143340301
12020203401223300030434
04102120201003332211211
13430403431003300014342
