23 4
14103101104033201244011
21040020004120141030132
22132431334422401111200
00430421231244133412320
03401340034420300012003
13421103330041343043004
20343041020134333400133
33232440230001304222444
43241413311210004310014
02043422133233223310021
01340411140043301042034
23230000444341201130010
03422422300200021230200
22330422300210334001323
01023141042314214002423
01231320404034222211444
32442220220203104013331
42433104441233123110320
10223241102130324213044
20021101402444404343341
00420204140111240412202
24221140330421014104131
24214114330320113113002
