23 4
02322114120144324102400
14124041400312143221131
00100440301140211044323
20412431132431442011223
10313342004144024332422
11100012310302444023202
42204011314331023323031
13232410124113301004141
00203223444200400242423
01420103110111101230423
12420300121344022040231
23021320441104024013120
24343430010201241342303
33400421133243341024222
20400131322002313103343
21042020402400424230403
03101402010040433404323
33432220342142333330413
24100113424001321002423
10330421433400101243014
44011304112334000240444
13410220004230332033421
02001303300023012110040
