23 4
30121203341403011410413
21410200042013142430242
30030342203042423140304
43002234031114310314302
41430324334343030111404
02124310022011122021041
22344342142434103122020
00111030333222424202000
30224002010104030042330
14024123331133032111204
12422120041342143011334
30323012244000104141430
04121422013122143044100
40313014434001420141442
23140303000024413214023
02003001213231210402202
44043000014434144233040
41331242230031123020213
12431003442133033043323
40202202102212010414404
44200231333140332121214
14413101132300211342022
21030134043324201340000
