24 4
304110234300043203430142
013234034003311414204123
022302204014404024043104
003030002004332223012431
342030102431403030243013
122000441040431244001120
331241200224024323010012
111334030111234413403442
120200122300214133103334
111200002240030001042042
043021003442101212000310
012202400411232004312141
031420210123031103000303
411334024441303324303231
042424442400020440301130
010220222344404403201100
344412142403111344343401
031304231203213114340434
120030111300040022342121
212110311141000103321000
343013220100000002030120
002201331200243431024024
420404201320000204000203
240003000321423000430412
