24 4
413234224000413410012343
014011001112123410241403
432442011420044002011024
203301104034120234100120
102340011101443210303142
000141040231012032430030
344332322343140342120302
110412231300300141103200
320110033203234100420340
432311200420303111413202
202103230033004434302030
401023012203303141144304
143020432343404443402040
420304442210031130300033
431303200042120400001021
104200404010410032422042
403312043321013413240032
233100420340004400021212
213032013222013400324104
033000140020110200100221
101444432040243020224120
210100013140301234330203
332210411444000334204021
000404043200102121220210
