24 4
231341042241432330344033
420402244034322030021210
003041314342101330024044
203300104030323200212410
042111001014000313024110
231010221224042240124414
114142130210132002403100
040014214140124202242434
001204343130002123420401
303032133102332403020342
020030001011021041223300
232413244200302032022300
234003403042120412112121
313410120400300002201000
113414400244343422331134
200013311343142102040403
414234141024334124000110
003003131003043310210000
434441302010204031331320
040213022030000413030040
203024103233402230014142
041101400223304010140130
411031433222442000102104
000312243433001004420000
