25 4
2014003103143314044034032
2020203103042223144102210
3002331344301343400120022
2001240000130040030322242
3410321203330300201443112
0403404000220420134221032
0020434410040244011224343
2414230230230031330123100
0303420034001020232020300
3000110410010400330021230
3311000104311224000041001
3004203304441441230031110
0400310212040100311010234
0003133000200014443420100
1110403030403004040013011
4110320212201010014040302
0003343120020013000320032
0100003010101042120230004
4010042401244320243203313
2334000422140402010012031
0424404020301400103132222
0440144134020403211031024
3104300423141404024140302
1321001002400403021112400
3040033422004212220042100
