25 4
1100120030000111002122010
4440100431001324133030031
3142020302330002201000122
4404122400140104033030431
0414342040222404221030014
2003140203202001421101100
0323223330300204414001304
0212010424004203030403431
2410143110340411041403233
0003401301430002100323140
0002033021021004313003200
0010220320043033140002200
3200020103220400024113303
0243233143112004213200204
0340031420144104342323243
4400003340023240403040431
4210231300342004243144200
0020113140131121401400014
0110022401130211000031000
0002202010244210400230100
4202444020440304000200224
1003330032010133230103222
1224040301133342444330421
4123000100010410100124200
1031024001043300230444032
