26 4
20414113100303000330023032
10440044040000230214400140
02002341333341002114104101
00404032003104100000020233
21230200443334002031300000
30012114300332230204300000
03000020140000020300002340
40043411020000032411234440
04203122021030403030004214
10400041020341141321140000
20000200101002400133011030
32104010004000102300402230
43102103200400340412330010
00420244000131230000433004
20002432400311431024141021
30100422431430400043000024
22000403320413000340020440
00040022020201041200420020
13221133202310000304020414
00103304400130304220002314
00321041400114010000004300
20023040331314000111303212
13211223120001003042121220
24012141020123241101124034
43304022200011002300210340
03034001334321004444230220
