27 4
023001020303041001100001304
030010440400000000034100002
003003440400010220112220030
330000111041013023200402001
220202102014402041400000031
234002043000001321040000100
430330021000001343034020343
204130003001440420102003030
202300003024412110022020001
330212204000001200040203104
420114420313200103130403012
004144000200133034000130402
110010020332224034002000324
223201420004401010100410343
103411040004000034240023234
010031330120000013400043204
000301034234314001101032011
030001102010000033100430003
400000400200004002010300001
441131000220102223024010110
024040403130321404400243010
002220040010233223030300040
003300010400041303020044003
004200144304024300003400001
312430043041012100012124120
040240024440004223031233221
442100123213002200403324210
