27 4
010000204223200042000310000
314002430111022013031001014
000001032404431203010401010
134000000000043033200201013
304300041031300202300141403
420004420140001004013313000
102040212100031022040200040
011040030001432322100213000
200034101004324102300002004
013020034104402302402242233
303034303001003413000004224
002223020341420401030021000
023042304410003041042200230
120012004100410022013000021
404011334201320000000302420
011043414000001022000003330
400124040403014023000103003
323401040040120334223040304
240410202040000300200000024
414421420313300010034400431
244040230002104311011001000
231031000140231100200102310
043000403010300301000311103
240020430020000040000030000
203011110340011322140023040
300001104330022022040020302
013400244220423020443044210
