27 4
000312430300143401410413432
300003332012130014020300444
001040014004202400120020240
030301103000302002200040030
200240030320100010402204000
010143410401000020130220040
002000431110004000310220300
000030041004043234001204340
200004201004130420011000242
000240403024034300001030300
131422203000000130400011000
043303400204201000040332000
233200010004010200010332044
403401041434200210002004312
403030030101410002001000023
021000104204330013410003042
000244130324300032312013324
133041001020132333130140030
000332040000242100031101003
002004404402002000100400402
004231212221011131340442100
201000034002410000141122434
110113031002030313203013242
001244020012420402000130000
404000332313041432104002012
000004331232241203132100020
000042114200020240401030402
