27 4
003140003111400000103340043
200003430103131004030002040
000010443032313000000203110
000023011102023234020000434
430240040130204423311040000
424010034201414103012311002
000002430401440202401004120
120203022222004000030004331
402403020030410200112134323
322230000222400320000400030
142220202300402430130410001
000000023004300000420004041
430314133031000400020400004
312104214000003022030214101
200000100414230122000402304
200011041400032100100210340
032203220041000003020030100
433401230010040401024210023
304020420304300434030400000
300102000004340203300111403
222301303001004400014104324
200013140103110004034221241
000123000310400000001043104
324132004100210300440030320
420001011000043320220020132
400312011110400100301031210
310404044202043212230000300
