27 4
420214002003130330240124003
013321421404220000000001030
203010301020040201400004300
410132043420001020400421201
004440003102034012302000404
200030300000400320101204040
113020200010040431002342200
000030103023001333202040401
000021334040230123102200133
022102000000020013111421104
402040000121000404033001400
203004130100210410021032003
020240100012144022401014112
013000200004320040401033201
021000001040030404113220043
220001200120444023003400040
103212032103004344014034000
004222021003334010312000040
000303220002104232000004000
143100224320003010032240041
242034013021214323344000401
010401334400412104044303300
104010230013243000200100440
403000130104430010003030240
003300142313020004023020042
003301302000101440230004331
103002031013110043000000341
