27 4
400133200002232332300220021
011003030042030114020030140
404000041030102400101211203
010203002140023344440242021
000100300211420400212400211
433004001400333403234430203
013034402044240040300202010
410320003021200104000000131
300400000440421040044123030
022100003021420110111034030
013201003103020020141310040
030003210010030000003240400
110420403202104001020032242
302202403030012022203102000
400000000001013043432044002
004000011104100344020220040
414004234443024340411010030
243020000010003330000034014
202202020033030132132104004
000000010202011304432401000
000001110000023234400400420
010313400243043200010012030
413430100020002003202300300
030103240240003403030343400
310031040034012023001010421
330041100101100002201340002
212103034102443021400140010
