28 4
0000110302440021302240000412
1401000141043420000210302330
0003000420442440300000443010
3000404040044000103301134310
0043300430010000220303000023
3010240010011201420400200040
0003001000120010004002330140
4320001000121040011010320300
3224013001003040223202001000
3000000000202230021304034443
2000001400402020130141000302
4024030001443144000301043320
4320214303230004131001433000
1034000020401241232020002000
1002003012100040000030400303
4122030300023010003412304112
4001000000010401300230021142
4300102003100230044130300301
2020010010002002300200040003
4020124300033102200104000120
0401000002034224004241100041
4010133402040041403030003401
0340000300002001410022202030
0010000000340001140012341201
2021040301020202100000000402
4040120004031430004302403200
4100230430431030000422001311
2302240331202300413200002010
