28 4
3004200323000240110301200003
3004023002000040003301301023
1011210404043001010010420210
0023003020012310202000023100
0004204400100300041101100301
0010014100000240100203010132
0024004001024400033030042000
1200000010430202004000032002
0204020041004222101424400330
3430200001302402401041234404
0300010002040003231000410110
3300000100413200313200033400
0002003030010204420201042434
3003013013303000031000024042
0030000101122031100101000023
3440010044030034203421030044
4000234003442000442402013134
4000010012000000300010014010
3231430200310131304002302030
1022003102011004030022230404
2020002033140041413042030302
2012001114003020020300040140
3020300044110142040402001240
0314000000000010403101120004
4004002002020201132200030004
3034120220000003344020400212
0100220303032003100303440020
0441104000000013004004440203
