29 4
01400241101000030120110043302
20310103110044000012402144034
00303020000002242010304220020
01200102320001003002010003003
02014200320130121310030100023
00010200424002033400000441000
00004200004000420310011000000
00103200033023224102000200300
34014002143300000404041102001
01000000400000004300000342430
04010040004102102044100243001
43020010400010001000000043100
40130212130004000200001002300
32001430230334010003003402022
30143020040300002400030001014
12000002310000000440400030000
40402331302300010204030130302
30000420000030130044000410001
01020241334220012300320030100
03033140400000000000020204240
01322200000303003023041003310
10030020040021440303110404004
44000020000121003103002002310
03334020000003030100302004002
20430240140442140304000021004
00331202043000422000011004400
01001300440000430112331200043
20100001303040041004002404200
01200200402112042000024120101
