29 4
00003304013040001340400220100
04000003343140412000430220220
40002013001402410003002431040
01000001000444011011242141300
40012310240200400301434112000
23410330001030000330104204000
20411003242040401203401001430
00000123000000002201140001002
40001003033232100020430004330
00012404001303400001021000030
00140002340402300001444400100
21303422400040040430032443002
10010230301320201020041000004
00200143101002243020100000130
22000040000003102431041002340
20030010001312100033100432000
03302100130430323100220204200
00110200013030332002020002040
00323010030000001100004130020
01000240000300012041034001302
40030004302021004012023000004
00100111001403021013000400002
41000000004031004113001032442
00030000043040000030034020002
00111000030341042400000200300
00040202400000010000302400242
00123030000032003002200400004
00104300003004021402000210000
12003340432322004000020004232
