29 4
04010440404203304001433400222
44000004202001042343011041001
00303300120003010000002302003
44043132004240200400230200003
24030120114040130230300010010
30030321200240103232410010200
22020001000304102134101012440
00100231004422020004321402201
40010033400320000303032034004
40010003132123000301001103400
03002333100000000203000300004
04233110040000244010400200203
00401202004001010234300004211
40124131041030100013031000400
02000032240020000124000301034
30200001400003024300000203000
00330000203403002003004000000
14040400232100031000411440003
01001040000440410300200030044
20020310000010000001400200300
10004233400000201101000220140
40020430003210000004100240002
02002000213113330304102040410
30020000013004404100000000412
20002002143040201102200100040
13032304000200002002000111000
01002010040001020033000004200
00000144000012403330001033441
00400202012100403000003023021
