29 4
10000002033012330122130000122
20000000001043000014104300400
13004000003301001032203000311
20043022040014004010030302002
00003020403002240003400400023
10133022413441040004044300110
30320000243100400044002000112
00200002300000012104010000400
00030132244003000210004004000
01220000000030302011410333300
12034010030040000020310400402
00100040000320300100023110040
40400404043040424443021100102
04024000100014040330222040220
01312004010003000320040010203
20244013120002000011040100010
01001001210020300001200000014
02302230002012000040003401210
03004000030403440404002401300
02410032200001020100430430324
00001000000000014000010300003
00234300013302030202044000323
40010020313400441040331401002
30000201343204220031031103110
00002200000222311303204001010
00301023000200000101000013001
04220032240144020120000000010
33300044003401440421323040004
32200001041040302003420014030
