29 4
00020314230000110040120230031
00330010030020424001110020000
02030040000410020431020040322
00020003104004121000020302310
11300002003211312003002430020
00101331031020200100220000100
03014300420104000030000000032
03200030300444004001014004400
00400210032400402020010420202
02133100000000042440401002013
20300001203030202200030424004
31000011130420302100203030010
03010100103003400100010020300
11141042042422204041003010404
00100004200300033000000044400
00000301021002400404000421040
01404224302100444310043000040
13000340304310421001020001034
03003201002020303341040401203
00343034200301300303430344034
03024000110430040010024400013
04020100000112031041000120040
02000000321001000001131000220
22030000102003310300000201033
02001000120300400000040042203
20202402300001000003300340044
00030102011400003400033310400
04402200022000103420340200400
40120024004010000021440010223
