30 4
010000002203000302440120430122
442010000020430003103100200000
103000004043001400000203400020
034022020000101002103410030201
400223000000342032201332012403
013330000000144001400000002000
034410042041330424040414043301
120404000130300032200000330004
101000001200300001300210300141
200003241212031410002020004000
411030200010020403001201000000
000020023000030040240400410402
103024011401001101334031231100
000000201013210000000104000040
120000004000400004040330202000
002030010442300233240030300040
230440013202000020010300422103
440000100000442030213100310040
000003000001340110002000000033
002000020102122001010210000020
301013033004030133030000024020
000300030300000000000303044200
300443400003004000003040132113
023000024010004000002002420301
420011340020421230000000000100
002400041040000303000203210340
200101002404102030400002000033
000010100001020320032102000240
013404000304010102404202010000
030040100000000410004001244444
