30 4
040040012403300201200000003020
004012000403003200010010012001
300343303400031010000300022040
403130020002300000000004410040
302400300331300300240003032033
320000300440320342140040423201
303020103000004004030001310000
020000011000310042010000201100
000040033010021100441000031000
000000313033104001300141400212
341000002031134040020000001000
010000020201032331040042104404
041400302002104002000200000300
404100404300000202200000004400
040022440241020134004120130403
002401140000030041210304000030
420004020000002400300221040000
304000024314000014020330003002
200010041010020042243000000200
040240200102040013004030003400
004433310030000003031400012020
002000202100000000200003000020
010300310000000231022020101242
000203003301100000001131020110
100000004004200000011304000000
000401000402100012410000101001
000430400330040144302120100030
000122000000010032404020030240
202343243400124011303104021022
001440002203202003310440012230
