31 4
0002020000000000000420034400322
0300140040311004020000040200013
0200020033000000302002000033120
2020020000000010000023002000400
0020022410021030204044020010020
0040044000330201010024130101010
0030042404122213230400204000000
0003023040441300003000002210032
1201004120001002013020000300301
0001000130000041200310403103000
0022000204000000400220000314430
1003210000000040400400044040031
3001043301041032000011004434301
0001300301033104101000022241010
0444000001001000012200000022042
1000313303330400000000000102411
0300013000120314002000000103001
0200100443000420000214140002000
1030002001001202403201000100300
0000204411020100103000310000001
3003001403200020241004030400400
0200110010020232240000200422400
0003333000300300400024200010010
4413004004030420002032000400040
0000312101400001024030031030400
0440003200000000130100000403420
0000004000023000310000040000000
4320001031000030003030413400000
0310030040001300000010403100000
4042440000004202020000010000333
2302004301340001320020200040440
