32 4
10002120003404441200033000420042
04000001303000444000301000200010
00000000311002001000301201230000
20003212443000121021310030000000
02444000441011142003201033441430
00040400030001040030000030010022
00103401040002400021300033000140
04030232004010030000202043040004
30402000011020040000430000000000
11210012030230002000003240000014
00010000000004004003002200400010
13404004030433000200000003010010
40203003003300121140044000002034
42300001230040103010000442020000
02000003001023004320000100410324
20020034000004400100103101042000
22400330040040003002200012202020
10440000400010000030003200100020
02000004002300000000140000120300
30020300020300000000000401000103
10040400002000100001042003000300
03010013003040000030000000200012
00043101100002244043004000303002
30000000203000000000000124003140
30034000402002000200224100001012
40000300020203101033220010000100
10040000032001000001110003000031
02000000000100003000330004100001
02410000000040000020300000000400
00233000020014200100232320004300
20200000000340240010401310023403
40003000010241000040112040020010
