32 4
00000100000011000000000002000304
01300300003000340100034000000000
00323002000010004120040003041000
00400000042040100030200301004020
00000010100034001340000024430402
01100200000212002000030020004000
32224000104004220013030030304120
02000000003100001400000000000000
03204020204040331200400043003043
40204201331440100000223010002010
02400300300000000003004200000043
00323113400100210200400003000002
41342110430004003000000324103040
04044202004104120031240400000100
03004000000320000303103000020010
00400000140000303203030423410000
01030300320002441200000000000303
00030204000442320300230000110001
10333100000004202031030130000103
00200002100000000100030004300000
00000000000100134000204040240000
24103000000000031102344000000040
20032040021032202010042201002000
00302403013000000100010001044000
01120410232000000220100141000031
00004040320001130401200104040100
40000020000010000104032301002304
02000002030003322000024014440030
00002000000000000024121000110002
00224004020012000000010330000104
44000400401010211200110234200002
00030100340400302001000030003411
