32 4
30440200140140010004030000000310
40240020000000020100020200200004
00001002130102440024000010221003
10014441004400010011004033320003
00100003022304000000204400020001
00212400001000230010213320001410
20423034400041031400130000004400
00104000020003000040203300000100
00440200001000003000000000010400
10030000413300040000000300003402
00001000000310000312010120404000
00100030000000010030100002021000
30002013000313020001000000002000
02034342001000000000324004000000
42300101042404040001001300023000
03003000004000100332000302000002
20040101130000204001002310440003
04000100040020400010000002000044
11041010000004000400200013034042
10213010000002200302120002100004
32030040000004403040000000000030
00032014000003041001004000040404
03100204323232000244020000003220
00220010023142302320203000002003
00001040403003022130013110002000
31300010000010021403134000300000
02000430120200034440220330000400
02002001000304000320041003004022
23233003000400000000400000100030
10000001000000400030210102103004
04003324421310121023210200000000
04000301003030010003020040400000
