33 4
000003030004200034004000100000000
000411000103010003020020000320401
031010332434001030040103422040300
004000004000231004000000003403402
000004000410030020404000200000000
300000200123100000410303000010020
000440012302121020000001000200400
000001000040400002014003040400000
300001020100020040000300404004020
000000000000030202000002030000400
300024024203030000400000010010420
040030401101030320000020022332003
320033000100200100021103100200003
000200000104000304004240020100103
140300000000002000000120040442000
024103001202401000002000020004400
013000000020000000103002000000004
010040020320324003332303000010030
003001000004000300020003310002000
300032021201000003003004304040002
004204030010134000000000444021003
003000040000200000200000000000000
210000040000000310002300201001002
320114030100320031440100040000043
001001003000000040000010020000000
010001000000002341044022103000010
001242400000043044002300010014024
120131040102103400102241000100010
031230201203011001030000040200101
000114200042300001002303300201000
010001020000300300400000300004000
330212000224000010402334000004130
004000040440020300230000404110000
