33 4
202030030000001002240002322000400
400200030010400020300000000021000
410001003000100200100000010310100
000000243044030000000012000204300
000004030300001020100413400031030
000234020400100000000000002000101
014032240000004242013041100000440
202404204030134030010200020300040
204000000031322000240122030003000
001000320023100002000020112022210
000011403041200402040204000234020
040004000200020003304244402001000
000000000000031032000001200042203
040200201210003410010100000003100
430003000200430000004000123000013
003040300000031000000004010020100
000003203400040030402003032400004
100000022000000000001030000000011
000000012300040010002130402010400
020040300040200040000040021003000
010201002300301000001133043141000
000000202112000000003404034320043
432300100000004104444000204001000
400020003004433431020004000120303
010000101003110000002400040004002
001201000000000003300040000200203
004000001140014033103001011300041
310000320000032000004010000000003
042000033004100140004202300210310
230100300010000044000000000230004
000300000030002000000000330000400
310430000000110344002200020300200
000010000000040000000001040003010
