33 4
420200404130203040001002000040002
000224344004200230020013030031200
041200220110004000010004023420034
140140001100000000001000233010020
000100000000020000000000400000000
000000040020310330033002010000300
100300004003003000440003010000300
001300213213040340113100000140004
330000000100013000010400042000101
023040134000031024000001300001000
200200010043020300000330003133000
440000040010000400000000400412304
200000001003002000420001000100020
103020100402000014214022100000001
004000030010020100001403000003404
000242000001020220023101102000003
310240000134104331004204300000040
003330003403003010100402000200041
040004000000410200430001201000103
020000000001200020000003000000023
001000030002000000030000000010200
002230303000040000004040200122040
000210233020002000044010004400404
304000010023000003000230300002000
020003300240010040004020313220000
000400020000000424041300000014000
000002010030003340000020000000003
102320010020201000040100002040220
000110001400010022420110000000001
000110440000400331003040020020004
000001140000002010000000400032000
311203000200000000204043040030043
214002004443231003000003001030004
