33 4
004200000000004431104000220310100
020410210340424020131040410301040
030000400120000202200000020000000
230300000000000000010020003000100
300414001001040000204321330200120
302040030003032214031010041001000
000030000002032301000000030414001
404031003100302230110020200420000
000001223100010043020100000120020
004040200044000110200000221300320
340200400400000030010000000000010
040000040400324002103141202400002
010433024024123034020200000400004
042313000004300000300003214210001
023400120100000000000020431200111
013004020032400000000000000400004
000000200040010003200040020401000
042000000000023303004000031000012
032002200034000000410114020001000
323003101003400000200020004010000
040301003040034203042041000010000
033021043003001100000003000320020
304041002000003300400030000200401
003240000302400000101003000000310
000010000140010000000410230000020
200000400001000040040300302040200
404000000000041003000002040330001
000000020001024001003130034040000
000003240300300300003300400003101
040000100000000000000000210030020
020001030001041230300030000000000
302440043000000100001000300044042
010000022012000100204002040000000
