34 4
0000004001003000240430000000023012
0010203010410100300000010003230021
4000000344000130040123001004000100
2000030200441000002010003402004414
1001400100000100300002000400000040
3400300420031022000004302040022000
0100000002120003030023022330100014
0300033102042020403000000010400000
0100303001113344400003400203420440
0404011000000103340022130000020010
0000000200140002144000000000200000
0200013000001023010013000000000044
2000300020200004000041000002304023
0020333220131004030200000300003434
1000000013300204300200000210020400
4001101324000000000301300010000013
0000002211400200000002000400002100
4000410002000410000130043000400440
0000200001320200000314310000103000
4010403000002000120302040001020001
1000402000000003101000020040000300
0302032043020001310010001000310100
0003300240000020040000000103100000
1100000100000023000000040030002001
4001022200200020402300030003000000
0042000402042044023400020000000000
2430000000000030404000010410003400
0000401404000000400000000300000000
0003310000000000330002000300001000
0001100000400000330403300000001000
0044010000000000013001000010024210
0300202000002004000000200010000334
3340000300000004000004000220002001
2202040000002240400000000210000100
