34 4
0000301000240014300000032003000203
1020303000001030043031003003004000
0020000001003000400011100001000020
0220011100002023200002040103413042
4200101000000322304212010002120403
4300031003400020004030400300002400
4044000420000003040203020220040000
0000020004300200000003001000010330
0000004000413001000100000010030300
2010004000000310412000200100000020
0030303102030020011004000010003000
0014010031104323403000004144420200
0010003000400023000000310000000010
2420000020030000200403000200000003
0000400000000000000030000040430333
0000003000000000011340002002000200
2320104000001202000001100000004000
0002300042004010202000003101341000
1003020301300002040100040032200101
0103000000040034000003000010410021
0010300103000300000001010100002031
0003100430020000000014100041000110
3400010300320023430042000000000040
1010000020020000040040040000042000
0010302400100004100200430430300400
0244100000301204100000000040001403
0020040000000400010000000200000000
0332000021000000140220400000400120
0111201004002004000001002401000002
0440040030000000002003230000004002
2204000410000130003030030400042400
0000003004042040001001020000400200
0000000020042340020041000300000040
0021200300030030404000030002020200
