34 4
3000310200104000200022400400410040
3040001300221041414000000002000400
0000001000001040040044000000000001
1000000000004002100343400302040034
3000300000034300100003030220002302
0004000400000000000003104244001014
0001100200100200220000440040000000
0400000200002000100100000010000400
1400101200004000400002101300013400
0000300300300004100013044013010040
0140000010100004043101300000002300
0400100404200400002003013000030004
0000002000004111220000400331240004
0202010000210021000300000100223002
0030200004200430203000000000000000
0000001001040200040100034120431010
1013040043040002000010042000002000
4002201010000330000000100200030310
0002201003200200400000020200012040
0220000002001203004004104400002100
0000020000000100000020120333000001
0000004400200030243303000000000000
0041300000000042040000134310140020
0030300004000010221000303002000000
0012003034000100040000002000400340
0040402000000001433030400000011020
3440000000003400023000012330000111
0004000000121023000001400000000100
2230000030100200002040002014020300
0010000000000300003020000220004300
0120000133220002230003301311400030
2000000023032000300001000000040020
0003300010000232103000003040204002
0430000303010003410003030024000030
