34 4
0000002400040320000020003000412000
1103023030300030002000340004331300
2000140022040030430401040004000000
0200124000030000000210141000033000
2030001303000003041021104200000010
2000100301001001104200220301000242
0000000030001204000201000201000200
0213002000140400010001000000201040
0040201004200001400003004003030043
3020000030000000100300000330040420
1100001101040004000000000000020000
0140400030000000400100040044000004
0001030013020000200000321200011020
0000000444000030000020030000031030
0010400040010020000022040100000040
3310243324000001110000200000410002
4100400411400003231030000010003102
3403000200000020040000100300010202
4301012004230101040200021433000240
0300000040000310010000030110000034
0000100030300301404200433000100000
0020022400030000000000000004404001
0000002020341002004024014030440440
2034400300000000000110030004300300
0004202003002014020303000340000401
1300003000200300000041002002400340
3002400020000000000003004030012020
0000030100404000010000320104200000
0002100000000100003200033004000000
0000000030000031000000000000022002
0220030200040000042302000204001002
0020030011000000020300101032000002
0000030000300000001104300030020001
1002040200400042000400102000004100
