35 4
02230000001300003420400001100202002
00000200144000004004101112440002000
40023100000300010000020020000001000
10000344003200000000200010432000400
43011120000300033041400002021003020
00002100000000030000003000002000003
00000000020421000000000011030203040
20020000000300000000000300030000440
00300000014440200103024203040310130
00100020000100440410000424003400100
00004200000400003003300031000021422
00210041000000034040020203000100000
00000000100040101010203004000300000
02000311002024000000320000020012033
01203000000000000000030002000000200
00000000410000000001200240010030043
00003400300000300103000000002200200
00100013202100020000302000000043000
00300000000132000000010004000004000
00000312004000400000000103004004400
20020003400000002400131041230000403
40100003034000000000013012202000000
24000000002000020004303400010000200
00030312240010303301020104400033321
00020000000001003100000310004100010
00043002100030004000011000010201040
00240011020004010010010004000024004
00002000000020033000414400000003430
20031000000300040400000404000420304
02000030001004210124000000000040400
10000130003143001300000401000402002
00400000002110200001000000040000023
30014000000300040000030404200030010
04200001110030000340020300000010200
30403003002000000400020023020000300
