36 4
000400003320000000012020004000040003
000400040040100304040000041133000010
000300203000020041111030000132000200
020024020003020010000000030100111001
003440000012010000000000340243400001
000301010000000030300300004000020000
103140000300000000320100040202000000
022040400000400000001004004030344400
144100200040040200002000300000000024
001000003300101004000000000012031000
000040020000230000000000030302003000
403001000040203000000000002001140300
000130000202000031012004000001002020
000323003002200000004000440320000000
200004010302040000320012000300000140
000000023000003030001100203300000004
021020300000001100043000024202030004
300010002000241000000000001000002000
013000030004000004100303241000000300
000000104000102000000000000002000000
000000000000004200100003404040000201
300000201001002000000202000300000001
040400000210004000003000000020000010
300040000200400140000104010302400004
000400030000000100200310101100020100
140000400201200010000124201313000004
000000302000000000210200000420100001
303000200400304020004003042334310040
000030000003203040004000010100000322
300120044300000430000000000000000001
000202420003030301002010000040310030
101002000003004000020004000220014000
000000400000100000000004020000002042
300000003004040030300000000104020020
000030040301000001040100010400320020
000102040000403000310002230000001043
