36 4
000004000000000030003000040000414300
010034000001223000040301004200304200
000000220001042000000400000030220030
000140204004000000000204301400400100
300000000200300001010000030000204001
200000000401001201031130034103210000
000040000200200221043003140004010030
000200100000001040000300020002200013
003012000023440000000100000004000430
400020000020000023300000002202040100
000000000004031313000200004200000001
010020000100030400200004000140304020
000030004000322200022000424000000000
000000000040040100000040100100000040
430200000000300004030000404000000001
020022000000200001300203003100030000
403000000100103004000000000441001100
000001000400000400200002000202310003
010000040200013030000004040000003103
000203020300004000000204000330000000
000300210000001000000030001000000230
000001000020100000200030203010000400
030000000000000000300010000004030000
040001002020010000400000302040330020
003000002000000004200224000000000203
304001000203000044000000000310240034
000000203321000021001002110303001000
130020001300400040400030021013000100
220400013110000033000411004003300034
300001003000001000020040100000101000
000003400000200020000010010003000000
000000040104000300240040000300020010
000000200041000300140040000000430002
342040031030040214140001002000320100
040140420010111004000300010203043410
022004200021000040000000000000220003
