36 4
200203000312000000400000004000000200
002000000040000002202100001000301000
040003000000000300401040000101304010
403304000140004020002430000002000040
043300000033004002200000200000030000
400404030000003000000000000004004000
020003030200020000000000103000000000
000000410030303000010002000000020100
001000000000304400022000001102431300
000400020400003002000440000041000000
000340010200034000000202040000433000
011104010100000100410004000200032021
000410044100030000120010000000102000
300003003010223300002011142000000200
000001131000020020000204004000200000
030000021040300002400020400010024110
032100400212100010200301400100403004
000310000200010200000000000034000102
320411000000110000000200020000000001
010010002030240000001200000030030000
000200003300200000040100000200300000
101000000004000000004040000110010400
130143000000400000033000230000244000
400110020000004200032200013330013000
202300004001000103000000040132200043
000104010001404000300002000130040044
402003401000430334010040300103042000
200000040100402000001000100000030010
300002200000330000400040024030000100
040001000002300200000004200040402000
000000000001031020003000000103010020
004430010100220040003000040000223310
022001300200000000000100400000000040
303204000010000400003000400003000003
300020310300000030010040000200202300
030200023002000000000000000000400400
