37 4
0010103020020000201000000201000400100
0000440000000000440000000300000000000
2031031101012000033003043400000020000
0200000100000000000024040200000000103
0000001300000400300000000400030000043
0000300000010002000000340000004013024
3010401404002002003000400000001004040
0412000000002000040000000000303012120
0002100032000002010004100000330000402
0002000401121002000000301432040041200
0004022003101000004012403000000001000
0040210000000000100000440010000001002
0000030121002002300000100000000000202
4400000004000012012300021220300300000
0040410330214030020200440021003302400
2000000030000000040002000200000010043
0000100404000030432020004000030002010
0000201003400400140013000040001010020
0404000000000402100000013020140000000
2000030410003000000003300000010010003
0030000330000100000120040000300300000
0300200000030003203102004000300040040
0230004301030002000001400000000000300
1132000000000020321324101000030240000
0043030200000003002002010400002400300
0030000000000310010002000012000000000
0000000000003204000204101000400202010
0340012000000000403030003030000300012
0000000000003004002040040010003000030
0000100000001410020000034020000044000
0400010000000002000140000000240000103
1300000000400010100433000020030003040
0020000000001000030004000010000010000
0002020040040000000003320000301000000
0100440300000004000300000000001223010
0002000000000000304000200001000300040
1420000000000020000020040000104410202
