37 4
2000000200100000300304410000000000002
0010200400000020040004001001020300000
1000023303404000204000400000000000000
0020023000300004001130000000000010000
0200010131104204022000000000100400000
0000000000040000300004030100200000400
4010002003000000013000010001000012000
0040000033000000010000013000002020003
0240030310100214000304423004000020200
0000300000000000000010100103003000400
0000000303002000203020040000002000000
0100000000011300000000041020004000300
3000000000040100002041000000000300000
0021030020002002003402000000004043000
0000040022014102000200000104300001403
2023013033000023041200140101440000100
0033000242140000000200330030000001300
0000000400303003000020010002001000001
0000000000000020100010001000300000002
4000020100000240104000000200042004041
0010400000000000042002000114000301010
3430000000100000000004230331400000001
0000004000401003131002031003400000100
0000000004033000410400000000003003301
3200240040000020200002000043400010000
4000034001104000200000400004140101022
0100030103043202200004020010000110003
0000000413212000000000030200030300000
0034000002003300000000100000000400000
0200003000000020033000133000400403100
0002000100040000000000000001044023301
0000200000010000004002000040340202210
0400000200000000010000000004000000002
0000300300003404000002040000040000000
3000430210000000000020001000040020002
4403310200000003014010000400222000203
0200000410040004200020000010230000042
