37 4
0000000100040000010202003110400300300
0000400000130000000003313303000000200
0402033014000002020042000000100040400
0000004040042040403040000014004030000
4200000000000230003404100000010030000
0100000000400300000100000000103020001
0040000000100000000030000000203000000
4000000000000020001100000040002102030
2023040000000303002304400010000000000
0040004000030030001310040400000001030
0004020033003000100200020003004000120
3004000010401000200000200000000410000
4000000200300030330000044100000000000
0000000004210000040000002000010300030
0210030412000000200300001001400000000
0004020100030032200022010301100000001
4002330000001100002000002004000000331
0300000204000400004001110030000000002
3000000000000000301002400020401300000
0300000003040000000000202000020000443
0300002032000004000000331002001002000
0000004040202200400000002101004220400
4302003030000200010000000000010402000
0020000111004300003200000000000010000
0000000023410400004144042001023100000
2000000004000000300000140031042030000
4000000340030023020400010130104003000
0400000021020000004100300200003020134
1000000100000100100002000040010003000
1440000041000020003030000302002020110
0000240000000002000002100002001000030
0000003000001001002430000000000201000
4200000000000000004100100401230003000
0103304041303420002300400022002020000
1020020130001023020100200000020000100
0030400100100000120002003040010400030
0000041000002400004040001004020304030
