38 4
00004100022001001100004020000000011003
03000000000010000001303000301000201210
03004000000000003040020300100000000003
10000020003000100020400401000300104402
00030000000000000300400304300200140001
04003011000000200100020000000000000000
04034002030002000330003000230412130003
01000000000403200040010000033000000000
00020204400030200033004010000400000000
00400020030000022000310002003000000000
00000101020200101020400031300440020400
00010000300000020004403204040000010030
04000000002040040000000000000000001000
00000100004030024030000000004000000004
22002002010343023100234004000010000000
00010000010400000000001000230000000000
20000000000410002200000400000040200001
02020003001000000000003004401400001000
43004401012000000100030000000000020010
20302040000000000020000000000002000200
00000000113023012021000100000100040020
41430000040400000003204000004013004020
03400100000000103010100010000002000300
00240000004002000200000001000230020033
03002400000010040010000000000022400020
00004030100300030100000000140000011400
00004000000020003003004000000001000004
20001003300040000100104001000004002000
00000000000400000043003002000004003010
03230304040013002000100010400000000000
13013400200004021030041000400000002230
20000000000030220200310000030000100200
30030141002002200010030010020400320000
00000013002020034001000000040000403000
00211000010000200000420000000204030002
00300000000000130000000000000000000000
00004030410000042000000420040400000000
30000300014240030001020003040023000300
