38 4
01000100000100000000003040212030010400
04043004032000000300000001000200000024
04320020100001230400020000000000010003
00203000200404000000000240001200000002
00401040000140002210000300030204003300
03000000040000000100000000033000002040
20000204100000002400000000303040000000
00000100104000020000002010020000030103
00000001000030000100401033001000004012
00030200003002034400002200200240000200
00001000020104301000010000200200000030
40300003000000000400100200000000201000
00000000210000000002030040000002000300
40000213000040000000030000003002103000
00010010100002301000000000003000020030
03320000002003000001100000010000030000
00000232300400010020000000000000410300
03030100301040100400200400000040000020
40001200004301044120402000400010000020
00000010000024000324040200201000000000
00000000000010404402000110030002000004
00101000200403001040000030300200004000
03300010021020104000300000000000300030
30404003000003033000400013400010000003
10100004000000000000000000000000200103
00300000003100000000000202000000000000
00003000004240310002240400110022000002
00100404200003200001000403003200130040
02304000300400000001040200000000000020
10000004002410020000000222000034000300
00400000010100014100010000004000000422
34000000000302000003104000010200004000
00004010000000004201002000410030030100
04300000330100000000340400000000000000
00100000100044300000040040002010100020
31020000000100000000410000100100000300
04430300301004030000000040002004200000
30422000003200031120003004000401000000
