38 4
00100000000000100000000000004003000004
00030000300000040011010042000030000000
00000000100103340403020000024012001020
00000000031000020400401000010004012003
02000300000000000002303311000101100400
40000400003030004002000001100000400013
00400002003400040040000040200000000200
00001020004000000000034000002403130000
00000000201000003200140000000000300000
02200100000010101200003002000400030000
00003000001004000000004000000040003000
03003000003000100000000420100140000010
10030004400000000011000010010300001030
00004100010000030320030000030021000100
00010301203000120032002001000000000300
00000000000100000100003004302000000020
00100000024000003410002040104300001000
03030000000440000020004003010002000042
01000004010302302303100000001100020000
01200044032041000020000004020200100000
43004000000010000000000000003043001421
23040010002030001033000004020010400000
00000400023210040100000000000001200000
00340004000012020000032000300000000024
20000000403100221000210420040000000400
04001000030000003101010000400000000033
02020000334300044000300030000031002423
00400020001030000000000000000000103004
20040000020200200000020130000000000200
01000000201000000000041000000001204300
00000000400000000030000000000000100042
00000000233044040000040400334110003000
20000200020000240400032000020200000024
00200000030000000200004410002000004000
02000040033023000301030202000002000004
30031020400000002300000400000002002003
04240201004044000000000000000020010300
10123000003000004020400100100302000004
