38 4
30000101300004400040000000004000003000
00004010203400004000100020010030010042
40000003001003000300030004003400000000
04003000200000310100000000000100000000
00300004100343022014043010031000040000
01023000020031001200133000400020002000
00230003003002000404000003010000300000
03040400400020000000000021400022200310
10000400004000000000000020000300000000
00020400000000410000100100042000001040
00010030000200000100000000230002301200
20300000201020000002000043000001022004
10003000000101003000000000002000100000
00040030000100000000003032020220401400
10002011002040303020000100021000314002
00100000000410004000200300420000200004
00002020000004010400113004003010203000
20044100000013003101000000300030200000
00010000100000100402304002000400003000
10002000003320000004030003000000000040
00221000400040400000002002000000000010
00003000000000000000011410000200000440
01300003010004000100023001410000002000
00400030000040304030001203000000002002
10010002400000000042000020000020001000
01000000000010014000002000000200000000
00001000000000002000001100204000000000
00404400033001031000200300030020030404
30043400001000400000000001000000004030
23002240020401300030034000010230300301
00100000020000002310000430000304023204
20000022000030004200000000000204102000
00410000003000030000001000030000000000
34000300003000000240000000000000102000
00030201000000000040000300000043000410
40000034040000100040000010100044230002
40120000400410000000002413000000002310
20040000000000030010000203000020020000
