38 4
32020010000000000110000000020040043040
30020030000000000004040002044020000040
00000000040203001000010010000010100200
00000000303400003100300200002202000000
00000000231000000000320000300000002300
04004300000000412000003001100000012000
40000440000033010400040030140200003200
00140000000102301240002001203040402000
00302000440100030030004000020000000000
04000043020000000123020104000002010304
00100004000001003000100000004022300001
02000110100000000321430003400020000003
02100003004300000000010001001400400000
00000002040000000000023000003024000020
00000002200030040200040030000300040020
10024000000000011000000200021000400100
30000003000003000030012000002304442400
00200022010310000400320000400020000210
00004200000300000431000000140000002000
01400113000000001000000300120203020104
00003002004041204000000000200303000100
00000000300300004430002000000000000000
04004000040000000000001000010000000002
00020000000000200001000003200101300000
11000000004000000000000000043000000003
01000020000004000001310000040030000000
04000000000010440020000030000003130300
00104004004304000010000000040040030000
40010001340000300201200020011100110000
00000200000100030002000000100000300403
00000144001200030000400000000040100440
01000302000200002004244231000000100010
41003002302020000040100000321030003403
03400000000002000123000000300002000400
30030200000320002002000010000020000000
00001030100000120030003340003100000310
40000032030003000000004010000040201000
20000000000002042000000010001004004003
