39 4
000030003004301010024000000001300000003
400000030010000003030000030000004000012
004003000040040000000044320001030000000
024000000044001224400400042000000030300
000421010000200000030000000000000000000
112004002000300010030020000000000030014
001230100040001000403000000010000000001
000000303000000340300000000000012400030
400020004000100404043000000000100000100
000020110001000303430000001000000300300
000233404000012000014202014400200042101
001000040040020000401100100000010000000
010000000000000044400000300303000004003
000000000013000022004000000130000030200
000030010440420003140000040000002003300
020001300001400004000202000030010040020
003010144043000002000003000000002000003
010030000020000020000000000000100003002
200040000002001000402000100020000000420
400000000000340010000300002314240301000
020000100030001310000000000100000003000
300030003040030004000003300000000000100
400402100040030000002303000000000000000
000002200201040020300004000000000000004
200430203202400300000000000200020310330
413000400010004000000001000000002330311
420200002020010000000020230010000000000
000201404000014000000000400000000000000
000200000040000002000200010024000000004
012200000400030400040410300020000000200
000011040000200000000000003000000000000
001000003002030000000000013200000010000
002000210000000142000000032020210003001
044020012340000300000001000000100020002
404300000040030000000001300000002303100
000002100000101030004000000100000420000
000000000410000004000020000000200201030
100400000000002000010032020010003000200
010000104203000002000000102000200100000
