39 4
211200000000410013400000002020000304002
001000002040000010120004000001000002302
040000000000000000001003003000420000400
000003000000000430300032033000030000330
004000000003010024001001420000000000000
003000004000430230001001000002201030000
044000000341020000000200100003000140000
400043000000000020010003010000000000103
002404020041042000300000000000000003002
140400000000003110120400000222340240000
003000000000000030100000000000200000000
023000000304000100002000000010010330000
000200000020000403000020020040000003000
320000330000440004110000100100012000000
130001400010000400000000000403030000010
034004014002040032400000000011400002400
200001000000000000100000000200200001400
000000004002100000000000110400000000000
000000000000300000030303100030100000220
000000000002320000000043040001300300401
030040000000000012000002000300000040100
000010000200030000020234000003000000000
200422320040000323040320000000401400000
003000000001002300000420000300403000010
024100000000040000000200001300200020002
000400002000000120202144014400332010001
003000000012000020402000004004000014110
000000002000000000200000301000004000000
003030000000000000000034000003010400000
041000003020100041003014030000100000040
114000014000300000420002000020200042100
000210100020000000000340000000003010213
300044030403000002000200000000040020000
001100030004000000000000000040000000000
000020040000001402011100030000030000002
000040200000100010000003004004340000201
000000000330020300100000114000300000003
000002030002000200000014000200300000000
000400000020000000111000000340330000200
