40 4
4000000200100000003040000000001012024000
0030100004000000000200000000204000401400
3040120000400100000003000400300000000020
2000100301000003000000000000030002400001
0001230000203130020010020030000200004000
0003000000400030100000000000000040000000
3400040003000010304010000000043000000001
2000430000100102004000000030200000000101
2100000030000004000000002000000000010000
1041200020400320120000000043000010010010
1000021020040000000021030000324000040003
0003000003000200000000030204000000300003
0144000000420000000310020300040130000003
0000040000102100010301040204000002010010
3032000000000000000000003000040000000002
0400000003444000000032301000001000400000
0101203100000300410000010400000000400010
2322030303000000000001100000000010010000
0000020200100000000404001301200002004203
0000000030040210043400000000000003000000
0020030000040000000300400003030200021000
0000000000000000030100000020100000400000
0000000000000000040000402000330400000001
1032020100000000100300000030000000000000
0140020000000000400000000000023202000100
0400040000000000000034000400020000200030
0000003001000200002000010200000120000000
0343330003210000000010000041040100000000
0030020404320000002034000040100330000010
2001200000404000000000000400000001000000
0000003002030010002003200020000000020040
2442000000403000302002200010000200000000
0000000003000000000000020100030110004300
3000003000200002000000040010000034001120
4000013040401002000040040110004002430000
0000010220000030001030000000003401024400
2040240000200220000000300002000040000002
0041000000400004000020000000001000400200
0001040000010410030004000200301303000300
4000000000100030000000000000000001000000
