40 4
0300000102301000000000313000030000000040
0000020300304000040200002020000000002000
4020003000000001030000000040000000100000
2000004002200000000040010000003010000400
0000000400000000100000200100043400043000
0034040002000100200300020000232040000401
0000004000000000310000220000010040200040
0000200000003000000000000000000000000200
0000000040004000001224223002000004003000
0043041000000000200030000000003000101202
0300010000020000310004000100000000000310
0032000000000100203003002030030200300040
0000000040143240000420000403100000000000
0000000000101000003012000000000003020001
0300020003100213400400000020000000000300
0000001004000000101033000001040200023000
3300040000040000003024400200400000000130
0300400040000010103043030000000030000000
0300100020000000440300000000101000002000
0420200012003000010000100310420030004000
4000030000001141000040024010004000100003
0000000001210003000100000000000000000101
0000000000000000000010000000020010000000
1000000000000000003000000020032200344403
4010000000000010000000003000040000000312
0014100200000000300004003000010000001300
0000302001010000200000000000432004000003
0000003001400100201000023010020000301120
4000000000000003140202040000000040400000
0040001000030000300402001000400000300000
0000010000000002000000230001001020000010
2041023420404000000002004004100000000000
0000000003030000400000020000003001000002
0444002143300020000300020100220020000430
0010120000030300200000004003000000001000
0400022010023014040000004000001200030040
0002000000030011101200024004100000000400
0020003000000400000000000002300000200040
2000000000003400300004000000001000000240
0200000010000400040010013000320001000030
