41 4
00000000010330000000000200040000004000000
10000003010000100103440020000010000000000
33440000032200012323000030303100400020000
10000040000000100003010011040300043000001
00000000000040000000300020000000030000200
01031004002100002000030040010003000000001
00042030000000000240004100000000330100400
00000300000233000000000010220004204000000
20000001000024100404030000000002040000000
40410000040030000000003020010042000000400
43004010100030000000000201211030040000000
20010100300000020000001000000002003400040
00000003010000000000330040000000000302003
20000240040011000000040000002030004200000
03002010000000040040000001004032440010001
00000102002020002124300040101300220100000
00000100003200000401001001000042000340300
00020000000010002020100040000000000003000
00040000000002000000000000020400000000103
02003100300000400400023000002020001200231
00200040043400020000140002000000002200010
00040000000400004004000000400000000000030
40000000043000000034000000200000000410000
00200000000030103000000202000000000000300
00000004000401200000234000300142010000040
00040000000000000010000320000021000000000
00000001000400000000000000004000000030000
04110300010002001000000000000000010003030
00000301010000040300004422003103200000014
00000003021000020002000100002000400000004
00000000000003400000020400000000020000003
00000000040240340000100003032000320020000
00020000040000014010001300000030400000000
00003000000010400020000000000000301003001
00340000010200100000000030003000000000000
20000000200200003300004000000003000000000
00420000000001000001002300000000004000000
00000000020000100040003000001030000430021
00000012000000000000004000000040300002000
00032000000110130000002032012000300402103
10003000000000010010000000000000240000000
