41 4
02003000002010000010004020100400000000000
00000002100020140000010000041000020010000
00000000100000000000000300003010204301004
00010013040020010400030003000402030304404
34001000002000000000000010300000100400000
02001030000100000000100000000000020000031
03010000000310040001020000040001000000300
30000200001011000000000030040000000000401
04000100300000000104320000000010003300030
10000400000000000004030400130000000004000
13210000000000040000000040000000000004000
00204000003000000000010024002002400000000
40300000002301410003400013000100012040040
00000000300000000020000100302020002033030
00240002000000000020030200011000420002100
00400100300000001030110000002300030000000
00040300000100000000000001000000200200300
00000003320130403300000000000100020003000
40003300030000000000010100200004000402000
00000003000004040000002004000003000200000
00200400000102000000000040000040030000000
02000000040004000000000000000002104201000
20000000200011040402200000020301200000000
00000000000020000000003000003110000420000
40400403020001230000030000000004100004000
04200004020400000001000000000000042200030
03400004001000000300000000000044202004000
02000210030000000000000000400020420204204
02003000230100004202030004400000200310010
00200000004300300100000001000003003040020
01300200200002040433020000000000100033103
03003000000012003000004020300200000001000
00000010100000000000004000000000003002444
10400000340000402002000000002000303000000
00000010000000002000030200200200000000000
01104000000000000000004000000010000000000
04000320302000200000000300000000003100000
00000002004002004002000000000040000000000
12030000410101000000041040100000000100000
30000000003300000004000040300010001000023
00100000002000034000001110020000000030000
