43 4
0040000200000140130000003000200040100000200
0030401200200000000100004100000000000030420
0003000000000000010004030000002000002000030
0000300000000000000000200140000040000100000
0000024000200000200204000220000000200000000
3000100030000000000401000002304020000403000
0103000010400000000000000000000303403200000
0100000000030000000021000020000000000000100
0242330000000000304000110000000000100000001
0000000003320330144000420033000000000000000
0000030000000100000210200400001000014030003
2022034000002000000000100000020003000001110
0000200000000010000000000000000100000000003
0000001010410030000000000000000000000001003
0002300024000002003030120040300200000000000
0004000200001000000010000000040000000000001
0033000000000010003400000000000000000000000
0010000000140041004140000010030000000000000
4000010000004000000000000002044200040000300
3042000000400002000000001003001001000040200
0000000000000004000000000000004000214004000
0002000000000000130000400002024020000000200
2000000000102002000330000000003400100000010
0001000002034000010400423000100000001000000
0030000000200003200000000300300000041033002
1000400003000000000000000030040000000040030
4003000001000000004400000000003032000100004
0020000000103000000020000000000000000010003
0200000004000000003330000000002000000000100
0100000002200001001100012000000000000000001
0000000000000101000340040000000000000010000
1340020000000040100000010400002000010033000
0020000000000000020300020010300003010000000
0001332000000000000000000000400000430101400
0000300110000000001000040000040100000003104
0020000000000330000140310022040030230002200
2000000424000020444004003010030000000000000
3000010002220100000000200004000043000000400
4200300200400040000043000100000300020000000
0020000000000200020004041000002000020000000
1000000104002001000000203040042030400000000
3000003000000000000010020443400400000000000
0310000000000030004020404000020320000000000
