43 4
0030002000000000030000000003010000401000020
0020000000400003000000004004300203200000114
0000000000000003300004030002000000000000020
0001120020000000010003000000200034000320000
0000040000200000000000000400100300000003000
0020000000000001003000430001000010000100000
0020041002000041003020000004000000020000000
3300000001000100401030000000040001402400000
0000000000000110000101000000100013000000302
0000012004000000000000100030000000400010010
0300000430020000041204030000000000040113000
3000001200100003000033000030003003000000004
0300000210030300000000000000001001004300002
0002100404001040000000000200000010030000004
0000000000100000000034001020000000101000000
0000000000001004000010200000000040002000020
0303002000001400022040010002000000000300400
0004000300102000000200000010130400000000001
0000000020030010201000000000020000004000002
2000004000000000000240002003000003000000000
4300000000220000000000100000003000000000031
0204000000003300200002034002440401000040000
2000000000000000100000030040142030000002000
0000000200104000004200000040000040040002040
0004040000100000000000010202000002000003003
0000000002000010000201010004000000040000000
0001000000001040040003000000101000030030100
2000320004001003000000000020200000000000400
3400000020440000000000000000000010230000011
0000400004032003000004430300300000020000000
0000000100002300300001020001000000000030004
0010000040000000000000203000020000000003000
0000000000000012000220000010040020000020000
0000000400020033210030001000013000000000000
0000000000002302000001000000000000000042000
0300000000000000003200400040211000013001400
0000300000002000000000000040002000200000000
0000000000411403000004000000304003032004430
0000040000000040000100000000030300040000000
4000400010300000103000400400000000200311000
2000000010000004300200040040000200000000220
0000000000000020400203004034000301400100000
0000000130000020000020000004023000000001010
