44 4
40000001000100000010002040000000000103000000
30300000300000000001100030000020300010000020
10020300000000100000003000001320400002000003
00100000301400000003000033200030000440000000
40004000000300002300003400030004010303001000
03100400000000000000300003000000001000003000
00100000410001000001111000001104013010010000
04000000010040300000200000000000100000000420
00003000000042003000000013313100040000020000
00000004020010000004003010000000000020020000
10120000000000200300022000001001040000202410
00000000003001030000000100000000010100000000
01100300000000212000001000000003044040000000
00030000001000020022000000003011000000400000
00040010000202000040020001400440000000000404
03000004000000100000000240300003001020002000
00000400100040000000000200320200000044000000
00004320020030400000102000030142330004000003
00000010000004000000030000040000000004003000
00010000200000000040004000000000000004010200
22000400000002002202000000000000404004103000
00000000000300400000023000000000001000300000
00000401000000020003040030020000000000000121
10000040000000000000200200100000003300000000
00000000010000000003122000002000000030000400
00000000400000200000000000000000030000001000
00000100000000020002000000040000000300000000
20000202200000000010020000033000000001000000
00300400030000000004001003200003040000020000
00000400000000000004020000000022000400030020
00000000040120040000000043000002010000000030
00401000003040100310200000000000000000000000
00021200010030000000040000100000000000403000
00000030000200000000000000044000000000001000
00024002100000000440000040032000000000000002
12001000020203400100014001010000004000000000
30200000400300100040000001300400004012000020
30040000400000000000000304000000132002000000
00002000000200000000023000003000000000000000
30000020000000000000004000000000200000400000
10000043000000004030040000000001200220000000
20000003000000000100230000400001000010420000
00003004000044000000000300000000000000000300
00000030000030000002304000000000000030000000
