44 4
00000021020000000000002012004000000000000002
00110030000000010020202001001100301000000014
41310004200000040000400003000300040000000020
00104000004001000000400001004000000000000200
30142100003030200000000331000000000400300000
00230000000100004000400000010030000200310030
10000000002320034000300303003000020000000100
00001030040400012000000000000000020000000020
03000000400000010000004000200000000000000000
00004000000030000201400042000000022000003000
01000300001100000000000200042200000041000000
00000000040000000002003004320000203000000010
00000041000400000000003201030000000100010000
03000000000000304000000300000003000002000000
00400000104000000000000000002000000000100000
00041010000040000024030000000001200000100040
03210000000030020002000000002000000000300022
00000000320400002004304000000300000011000000
00000031020400000000434000010210002000040024
00000000001003000401044000002000000030002040
00000410000000000442200000004000000030301000
00002040000044202000000000000040000000014000
40004000401103000000020000000000000200201202
20000110000000003000004004000000000010303000
40030010210030000002000004000000000222002034
04000400000340000000200000100240000300300021
30000000301000000000030030020000300000200000
00000200010000000000040000000000000010000031
00000002000000024000000000000000000030200030
00000230000000000000000000000010300000000011
10000000000000000010003000000000000040030040
00000000000030003000000020330020000300000003
00000003040000022101200000000000010400003210
00400001000010000000004000300003000030030000
00004000000000000030043000003102300003010030
10040040000000000010000000000000000000000000
04040000001300240200000201002000120000000040
02003000000000000000004100440000002400300000
00000000000400000000000000000100000000000000
00000040000000000001002100200011003000030000
00000000000004000000000000020000032000030000
00000003000003003000000000002203000000000000
00003004001000000000000000040000100000200040
00000010000004000401401100001020014400001000
