44 4
44300000000200010000300303040304000000002400
00003400000002040010000000440030000000000032
00000000000002004000001000000000004400004020
13002020000000110003400000010000004023002003
01000001003000000001000200440000030000001000
40002002000000030000030014000300002020000300
00030010200000000100000200000100000000000030
00240000000002000000020020020200000000004000
00000000000000010000302003000000100300000300
30000000140000010300100310000300100400000000
00000040002220000000100000000000000003020000
00030000100000001000000000024000000101300001
00000000000004100000000000010000000104000000
00000420300000000001000300000200000003400000
00000000000000001000000100100100040040020000
00010000100000000000000400000000030000004000
40300000000010000000400000000003000000000320
00040000400000024023030200000100000100330001
23000404004000103000040000200030000000101400
00300040000001020002201000000000000004000000
11200004200000000000000000121000000410020004
00320000030000001000000000400300000010010203
00100003000000100300000000000000413033200000
01040400000100000000020030000000000000000000
00000000000030200004000030000000004004000300
00000000000000230431201000044000002200001000
30030000000004004401001004000004000400000200
00000200000001001000000021303000000000000000
00000000204410000002040100000020000000100000
00000300023000204000000000000000000000000001
00004000000000002000000000004000400000002200
00000122000010300000200003010000003000000000
00000003000002202440000000000002000300300020
02004440000020040121000200004200100000001003
00000000000000000000000302020440030000000030
00000410100000000000000003030300000000020000
20000003230002000000030401000003000201000030
00000000001000403000000000040031010001004013
10000000000213000040000344400200000000000000
00201000000001000000020000000040010000140003
00000000304000003040000003000002000000202000
10003000300000000002040300420000000000040001
20004200003104000000000002000000200030000002
00043000000000100000400000000000010000020001
