45 4
020200040000104000000000001030000000000000000
022000130000000000000200040000000001011240000
000000000000010000001003004000001000000040010
000000000000000340000000003300000000000010400
010000000004000001000000001420300001000000000
300200000000000104000000400000000040000000000
004004010000000000040003000003410000002011000
040000400000000000000332000040400000004001000
200100000400000000000000000010000000000000000
000400004000020000000000010000303000000004040
000020000033000024010010000422000030000000400
200030000401000000031000000000010300000030200
000000400120003000001030000000010020023000030
020030003000000032030303002401000100200000410
412000000000021000000000010000000000200302000
020400200000000000000004000002000003004000040
000000002000000003000400004000000300000000120
000030000000000000031000010200001000000000000
000000040000004000004020000000000040000032000
000000000300000000000000000000000000000020000
340000000000000000002000000000000000004000000
003000010000200000033000300000003200000103102
002000200000020320104001000301001010000000000
300400000020000003000000000000000000000000002
000240020000020200000000004000004000000200200
040200020200400000003000000001000003000040000
202000000000040020000000000030000103000000000
000010000021020000004000000002000000400004000
000100000000200100000320000040000000000000020
032000020000402302000020100030404201000000000
000020002040001400000000400432000000000000010
000000000000000340010001200000000400004000000
031200300020020040400000000040400000001003000
100000200020034030000000433000003000002000000
000000004200000002000000000004000000000000000
000000000000000100340300000000010020303300000
000111000000000320000400300110331000020000000
000101000030000430000040000002003040000000030
000000000000000010100000020040000000200000000
300000000002040000200110003000300000020400001
000300000040000000000003040000004002001001000
000000000000300011000000103004304010000110300
000200000033100200400000040014000000100020000
001030040000000004001000000000004200303100000
100030001003000100101140040402033000300000020
