24 5
345320030022450314302411
543311240355400124011421
020103243415241115421035
002123215433102052203423
510024505553355501245241
301113352341050510332512
200155513510230335233555
423105101302355005115425
535113434252113503454013
401204440042415344545413
423102342011521003422531
543353454103200542230402
254331452043342134430515
342151010402422420244433
542102553152322454333345
433011542141434005240515
205314551312215252215204
222211431134452243543433
045235310531314213542204
423402525415141450214124
245352154554555201411023
434131153432101514212212
235533351431514504322511
134523403052223323142401
