24 5
141531013133105431025143
335421545122202115525415
553025550522523215001123
551243242511243203111451
204045453042341535223100
353323015140040105252021
134524131243141222345335
344205224042221122512434
524114553203442400331435
404301334515052351223001
221343033102114051222454
331553001031334451531302
025010032300120355442522
412121012551154151523402
554531351154442010431155
403224205500445343243524
430015211430441443134424
355431255151244043455212
352500020134412354140532
433513212332200140011543
530103155244324441544250
214002530134020144342335
450551213212431135340552
315354231423534332435220
