25 5
2143350201034101044230242
5101101133152010253345155
2140013143002555322130013
0125252100434321403500400
3013502125134404300501022
0524114133143522200412420
3211453435410251251243253
1515150005211142321044031
2451315412012515234003532
3235440544153010543515550
5304523250452230515200302
0114203503311002252103432
4415512130245520523354003
0311400203342105532314415
2223102110403055050000214
5414345200544324525155503
1434332440232021245053533
0343012541432231053532203
1324011133005401453055424
0304120145440055225205053
1005502013540200022443401
2415324340154144030011342
3344124300042451304120225
4335300545223441200312154
3045115301425301425434452
