25 5
0504200351545452505221301
5012421103520040104321044
1140000023324110312030353
0451322105212251404120204
2325413255155203000313131
5210310243322052054533100
4512530043304415402421245
5020433310303542410443212
0421122022131504213240054
1520223112310551514441154
1343023140313515015122424
0440423221433403350322240
4152450203050141103031503
4250241342311555432023213
0343022424030224041502134
5050414025124505022520144
3330531340553421421334255
3553150140454050403502152
3034544221220054124041031
5453255015210231012241504
0451055240315310035030005
1254335453333345314111105
1104502440355352330032044
1230414334031055300551103
4301135145522055400240255
