25 5
2055211222242521405430411
1453535152535411321531234
0225243011525421304414110
2040021114541045502132133
3534230111533042510032230
5522222043350452345241505
5532103003351144324512531
2501255402422422400250212
5000001411125140501555000
2352042403423340113000410
2101335405410342020513335
3010521051100245400251233
1045355120303513540301254
4554304124435301200303455
1503525015024355005405411
3411031123230501540522401
4221022305041041411145524
3344145034300310554452020
0424430132531334453424500
1311120043030454344420001
2214131503533042501431004
2353522134203223455103325
0032000013342401250432354
1042400241245130034110304
5332534205345532002043112
