26 5
04300113331233001241031211
32114311350411251134212505
41042554200403243120240444
41000004552004441255014030
04234055435140221255335210
03014520340155213240553002
40405545251311230330405401
54430214430000140052534202
40533131152250145011045400
50020442144015305425012300
02300401033010445530303230
02343500335020014035441412
13534251404542524030320201
11042005123022233005020020
00330004101010004215424320
50241421512325434551155303
03010253050020021151000112
25332121002203253422555350
44405313353052314335405315
21045343033054241440042305
04023111200335542200432522
05000000355010142512330424
04501555523010113125042214
03540130002200013103142204
14055500121030204501502445
25325132303504031041532015
