26 5
13204340045011305001501402
32205521534022343152541124
25024031044121325404230055
02001045040242003054412012
20300401543050504332101105
00431530540401533102052302
22550020142523142415012235
10330241431104101050235042
53311250333325330521303432
25052001014515505101224045
00302515010045144024503041
00430121002002100000330555
05221301534041010032040431
14401401205334455044320013
35310510202023115223345051
44435005033121204313250324
22143001014005200520003450
51030221004504102321405550
01200310500110435420355002
51021055331113243533021225
25213310442050403330440233
34325212140415045453511404
00510012035430505305330104
41413032043550352452424315
44540142144135230025203400
54400404305352222214123014
