26 5
14434404230412255533044200
33425250041020112302003341
23525411050130033014014153
51424544002321500223204011
10235041251104235105302503
01124354052053221502243501
01402413503000232050421321
20221204231500031434411304
21523120534303035315140522
14440102450034441405402215
11552555414311210431042252
33350534023040050033410141
30323241040532412325214003
41421502025102203222043450
25103110304043400420200300
33054024040030102250001234
10335102025035014543034150
11404514520140345514255510
33412452335144100450114211
55515042551015334341054055
33101350410350554052333000
13523025103530044020350052
32050553501231024520500450
00005003012133402003100500
04300524320033152004000215
12024054052012200305014410
