26 5
41215030000500504155554445
45053001054154130250301303
55134451421012454535352010
33203141310221420353131452
40005520003441131354205301
32154350005005535420530004
22400110301103203000454340
15120204430020531504020001
41351044104035142121004240
00223452321022005235320353
40244533540310400400200243
00203343032210311251044102
30313214020542444141250052
10000243021305012332544020
25224321525450024334340523
21341145030035451032500341
05445152113304555241011310
04120151502143305144204510
30203322215112010401410005
53240013305423404302334430
00541043442045102305205021
32000200023130334233005120
10003400011520044135200150
22111212252523403053325054
50521553315201544135443221
01005054525110040225312205
