26 5
54312002215310205000105000
14002402435510203330214520
21245205032253343230005241
00114550405424503324012004
13403241044013501333051332
05332123010502100524433235
40211524250003115210351003
41200230323513524443050354
04100044413000041511131500
50353005544535541340444053
44214051012131545050243224
55054154253102310500510214
55300104021321041503014114
55033031210033524400422004
22031334403332304235035203
21024114200415251014301510
42411021405000423210312000
12512025505540054243011122
54020355310402450505325554
01005040320502423003432505
01545323133144313203343001
45040203104032442220440441
40010115404500233334352432
10302505032100302400520350
03322050051051502011005512
11422101151430221254020254
