27 5
425553410000402312122331242
023010033111440323000510435
341042020054404113220013353
111145312515224023341223500
451103005504200535022311354
140255101534114250230245520
041004001212150130320542145
552034300013340202451532020
045014044444241220050040054
521034402003232443345230020
052200055025253011401002002
300424003415100505500500450
220004010504123003522541345
302003135340320050310204351
130541225050305002301300304
144114002012114054045100030
014035320252344520025010240
003332153300505331052500101
332100440140011504410533041
502040042350401100430322333
011004450023500034001420405
505520103033523153202001512
440013523120544453030144054
025003500530002024514400113
320400041000510030005024050
520004321515152300245104101
035021310200005204033211035
