28 5
3051233020333500250001233205
0211010405004012250001020300
3000400434405040440004401404
2005004500000203004445000011
5100502005140102344320004113
0410000520132502040020001140
3354051150105010431204130000
0540104012522320000020253000
4114401051421204005402001250
0500500404201330101000044020
1120322140230350012100003022
4505535511022533151313001230
2300102000320424052045004254
0000040000304325021054520101
3020441330000013105500320000
0432305500140340011035203154
2005525150105320334200330202
2150255350003112054355203052
5353504020020504501045021005
4030443303403003004453400153
3542552251022524135342403413
5031421405352333044230133002
0212340052000355021350044304
1340520514325515454311552011
1411000400235015043552034300
4022010440050310304205424010
0021100414510432103051102202
0023413002132000145341031005
