29 5
02055000100400001104054024253
00024020320053014000002010541
43013500043010401044134501041
25222304001002030200001003055
03531341025105300524443322240
00431111454040010114400350514
00220051302405010300040004213
20300005013004401504044400204
11301320230000255500013231025
00002202500254024000050004100
10400000120130250523000311042
01504500212401513004502504110
03000030522040415404554341540
22105032504504301003202254405
42502244050053050533050203203
31000204020404500050240043500
33403202135000041520433503355
52111310001210040035055120300
50005332040040353513123010002
02011503304040254502030330150
05420530102502000320140425010
22011000534033541000003021004
12310000014450030335025104350
30051500500310040014300024024
04100421300450403011003030205
20000120000010030302225220010
05332523302404000320005511253
40510200000124133151514400020
01531305050250000140134334002
