29 5
00340040200300300325401000103
20554304140220010301102012010
00320524333014000303010400524
55414550410251502320322131044
03304422512040011405000003315
25040503034050000440150040412
00250315240253324000111400031
05004000225000514000010323005
51033025044020033222044000022
04105145551050514304025100312
10204220010310022155205034002
20004010200425440020350440330
41522124010104350000421005425
02024344025005010033241014020
34241540550203030351310005020
50112220050040050532000051220
05004403020000552205121130405
30304525143140032300304045020
34001530210531015003000053300
20040001000012550301100000320
10134505552331042002024010000
05005103040200050430110004325
05113000000041434004411553014
01400013502020055004324030150
30540305320000025500304030000
00314542401231032405330512100
42003312044000012514000305012
10203130145005012535004030213
00030010543005231000305143004
