29 5
03200010440300105024230401040
04523020350104030204003300513
55004000252001355200550110320
20003400000020500054020144140
01140000035450100033004353400
04505301015030532104055020300
50125000014500025435215310005
13000000000542201040104102001
00055422003051005100020055400
34501303113005554554003042400
00411510213341510200543104304
22330520550030245004152540003
04311035024003004404002200205
04010223003524050300204010102
43452515120020201122402045503
00412052501515530010235030034
51000100510101401022103403013
30401442530000404412410031002
43053532000002410220200200031
40334400030020201045204330504
51510405554003050050203450203
00050030200334102435000002202
14252201034203300031030045000
04201101132500410130132112042
03302301302312343023451000020
40504010030024030535442434253
00502012550140001103005031012
00400103110220300545514310010
02452403004100002242001415203
