29 5
00050400300240001140014305104
54342010304424004000052132003
00024410004100200414454000205
51034000020005041400005015442
04000104000300001141313400530
40004454453534300200150504404
30335020002000000350240221004
50521010500313200002150205300
20550004023200120535051305045
50530401002250320151203004502
34050551204534050210210002550
50305223205130320320525314005
11240120050000001024024540421
22152301000400500042000435430
33550410402001040004442422000
20005040115020304502042400001
34200031103010050030152203010
23450240300030100140100520305
24452250444344020330230535200
00050040412433000230320013505
20201100010115401105320051150
11030011050351510401000323013
20300032030152030450323300101
11403235431000030402330053205
30313553004310350201005110001
10555131055450520401201050000
20202001330524013402021031154
04020300033031511033040455004
24030402520412202100433022100
