30 5
105054203015224143515502334020
125422000200420435050003404040
210001432310502502100130211004
505421022310100000012304210100
000203000400000534002010500054
425400003004300453130220331030
444520120405432120111033200201
011005000012130510050000553301
050430045200003225304502050324
120000045552520053230005040010
001103405505450000100000034001
151235501000030053140300030031
000030051000000050400000004240
520020004030150530102405315021
004104201023210050525500050001
500003050540000103101002400320
020040010500200443502403535000
203032154401030510040442152003
134055510042404400021003004402
013303300001000005000204404150
435410405501023030000000354030
322050550053040052500300440025
003435413001200001140001054332
011024132350012321232404025404
214031100301404500502000022530
211320100342111020200425000400
442344002020300040030210054300
100005004545302003331030000401
042200135020050214543003002051
001330032105300301001000052440
