30 5
152250043252300202301050000254
250340000105003510000050510300
044500033100551104000502301030
021305051030051052500243010340
340040550420053320000201452201
230000420200315301001330000004
532304504100150004032552202200
123100103200000030100230012005
412520250021055000500422200423
114020054313400101402100010050
200444334004141100100043030405
341532130000040204515105004041
005200201100401002500304510100
020530050032215300043500030020
000514004014000000541102410003
102000520023041041300004003344
021421001001335502504500200200
001202030000204423010400030243
504041505114105040000043250202
530330025002000140000302402052
240510330002320220003500400200
500040051204020300000520310250
242352120040553401032520155420
100242114300003000125400503041
400401300200532114355440055331
035553010400404403051331343453
045001000500042054100341030405
050333505004011003020015320304
004443000400325014000301300001
421002500135400001003010500100
