30 5
004043005000030231051240015122
005050402000140030304400410350
000000303003043200040042010054
040152032031403430031053000001
430013053055221530522340520020
001205342033000300045510030550
304101002001450505404045051004
002035502010201001045300000504
504200522120030515430140300000
033422311204400410240220233100
200501302010040500552224015005
301000220050050011031100213031
420051441002530030004001113000
530000000000200215054150303251
505130302110001550054420034040
413050205023002300032030024203
035532055440534010301500124001
031510320040400505033220302002
305130500002045040520300002122
004050042110440400012505004521
001330234020240404404341500101
500300501010210000200002012032
100003404000005344300505301033
541045100050110020510505540541
000300152400220034502203020234
402223000510340030000220050301
300041042140010130322202310015
340034011251004031002155004400
133300012501144000005200440050
105510244440000002000045400003
