31 5
0500005032402010015040020002210
2240001050210401150503051040103
0020040040350040205200420002502
2403041004200204542201000540300
3320100002300543010411054013001
0402000101444000054051015104355
4500010011500033003550332100005
0000120500040352520450030300403
2025020400052004512003131001032
5033540000000000010102510243000
0222005345242350013413400003140
3330010055105140120043000001004
4050200000005500150405234034034
0000105300333004020200041053030
0402402030004050000002045002400
0220001400204420000202021000050
0030404433114100132035040014420
0405500041040302300330030051015
0052401114000345200555352000013
1450110030001100140413001100500
0052300003315341034200400000010
4523002033205352204503000103001
2530000025055403000311001040055
0405550200003420300000043013020
0020132242100033501050003140540
2021044050121100344300100000005
0001233300324023000430204000010
0005254042001541012311010300015
0044002001042023000205020200313
2005000001044050350010000550000
0022300250005535000225200104355
