31 5
0002004540000044431330525200000
0220200215350235000303000040010
0004000101115010503201140002542
2040045003510501205000040100513
1204050312554000414535055030400
4000542040005140402430403100053
2054040300512004300303051010211
0005553445400433002005025030000
2420001001404554425120054003330
5010340200001000420404323050105
0034550200002005054003344000031
0033031400150400331435230000500
1550153004011100100020000320003
0021301000401233000000001000540
1032300053003042002000500331500
4150200211000020000203012250202
0005013000250454211340010400000
0031000201015100423214044411230
0001100220042523323000030204322
0103000305403201401510400313020
4000140300405320512000225401500
4453000301040213400005202513430
0420001200200050030055001014004
2200024035035342100500134520055
3400402404203000240300042053250
0000140050550205123340300413000
0242000001015300011020000405000
2040320000005020220011010403003
0003002002230550550200000010000
4101000113000114300050130200034
1550000030100205541455500000002
