31 5
3203300010000200032020003530005
0014004430115411400120303151015
2152002320220000000012400002200
0033040025000300550150500320123
4001220010000540422000350145100
0252000000500410204000110010024
0140500220000510300000014000023
3130005242150400052430004503104
0330115321050020054030002023055
1002003505010300005300401404100
5121300300000105330221300000205
5000444100050330002005200443340
0000110020210552104002100400232
5010100205304003304030412040000
3505001052203030200012000025030
0000352030251004020030200504320
0100035035302031003240051000503
3404053500043111003020340141105
3310050030355004044025420043445
5242442202500010050350002553141
0010102403050352341403010104324
4041530053110343054004540005003
0300520540020244033105003002010
1300050400040400205415105051004
0040040504140040003540042130310
4010500054550000400425011430000
0200125310003050000005003010412
0400005055244003030030000020020
4520000405000202000040302350520
0510211002020404000020004212310
2151030010440000250110041000301
