32 5
13005410005433000400054330044300
10104050003113450205201202250342
05000000023000040005110430115230
20344530030020221052020000004541
00000000000402001500005000510020
00021023030002344002020000030103
20500010050320102410002511000002
12440000000005100151050504040010
24010005052201005330132000530443
54002250150001303332000323000502
03004000032230500005310400000003
40010241030400200000041103050505
34045000004000140140050002300000
00000330012500141201050010004422
03430005100010010201015003220103
00555003350200011052041320150200
00000530400030010000550000005305
00101352330052021502040353504040
50525402430301440200530043104053
00001020050334002000005003000005
01055010010004100000050405001502
30502054451405020300000314024230
03050000102000340401405451430004
53020300002404000140030400000003
05331024114504022541000530210054
01040000300303004011503100024300
10021005002000010000040550220350
02000104200040005023020343000310
42253000510024000031200320440230
30201502310500000221102003402350
02204445005150434000001454100000
00000400400042250410301002011412
