33 5
300000420002530540050305000000030
500050004003050521400000020531333
025353001014000404033000020500504
101003003013551020030003203010202
000404201231000033002515440100055
402302550011434004250003420014005
052050040043020021445000540202500
500000030224142001340105500245040
034055210000420350150000205030202
033354000321200124250003500400020
003040100002003000030300330500000
300340013100300004015000032000002
100050400000000005000102030004021
500500005502503000000100000000301
500211302044201100000450020100303
553100330430040004101503510000002
552015010000040002002030000001000
002122500031440002100025222500001
140001100000034400105144040250002
000510002020020102032103100000540
515000023045001005400030321400401
000001004105404500400515400001002
200240430005002000003000013303404
400110540043401033301053030230400
000322054515500440140150050001400
300015040400020302000004404503010
001300430010440050000004300001152
005002453140010040100230120200300
220110200000030000000024005002000
005150003030010000004200111330500
514005220400501430220143002000320
310000040250040000004050340000320
102530500202002001005000001001024
