33 5
550404000020004001010023540010050
003240000000245200015101010000051
010402100205233025420102400300400
530012102000040000330004000204330
300000115012003300000550200050030
000513500504030014000504432030134
000002100013003004005220010000050
140000340200030400001032422501050
102305003005003040500500300000000
310400222300405550020303000202000
150002030055300040452000000204003
005030010040000005005025304305021
020030050000500533001021540500052
300000050031110000110542000000005
000054452150333020000014000020000
000130030004050000100100520000040
010000500145025424035004004001022
430045105000130501405100203000204
040200103402000000301030510320530
400000300201341310000000040100504
102043404201405140001023050000120
241100030305022030140053505450502
032000000110001300000500443244040
351110302430033500504210202040010
000100100020400001000052432000004
455010024000311440021542530015433
010000004000400000200230345020125
400241002120440010030303000010000
403052000200301103032420552001442
005041004321004500302000105540033
400030052155120450043311000504500
000040501001345000002000000020000
002320500530000232302402200100100
