33 5
020010233010010005405000014120004
423050005003033000201300000420143
104003035000430300034400005455501
401444302000005003200503104130400
401403020001424001301350024025135
040002000000145030300404040400000
012005300555040100020504300023003
011011000020005005000314003402003
503220540040000000005003510000201
000400405020322101002000303000525
001200003335002001235215005000505
004205000015152004000020205000543
003130142054000000151500102204133
002003420315000111010131040502022
120250000022004104105000402005403
002000000040004400050150032500100
500030500000042022020000000003350
051140010400140004200003102240030
500002324100310004000001300340102
100132005100520030003400014450001
005042000011120110320000000400003
150500000242203125200331040304004
400320330200000001400042001000020
425000400501055100055140000020003
000004230100020000201200055425504
000352500400004002042103000003032
404215000504050220000310020003000
030402055110500200300200300020100
000005053020000403100010020004040
150015104130050030455000204000005
335400521000035043053130043000500
105004020033500030531055400000000
004512000003340030020201034410000
