33 5
403040045014202000000121400030001
000000004500002000000323100543010
203000000000000500000005320100455
302344002000040112100000003101333
000315210212400500404000050210050
050003001034030330000010410000135
000200030014002432550201104003342
030500005500201405355220201504300
030400351002103440400300002020000
130005440344200101302000200501503
003201504403015130200020150000020
500000030500000040530514520101510
304305000000400222130344000040002
020350450050040030020033032152040
031350230100540503042522150052011
031200103500224400050030005201000
200004400520040000500330300010020
010253403000000100211050303120500
105203001001010100400000000000502
000000521001001504500110244000011
535020001320005434020050500300200
502400402524054000050300000300430
045300230022001021400504000001110
200014205520144004001004034040005
003504400304032031150100000140300
010050003000400003000000200050441
244502404003100000053400042102024
001301000000505005320030225000025
100040002000420200500500205500410
042335000500200030000000011103302
010000105052115500243003100110000
050042400000024433050003301500540
040000320035204004000400451000302
