35 5
00310025423130013015000254004054000
02000500043034500040030142300010200
00505340000302040300004200000020430
00000000000120000000000005400000030
00555004255010320050020004032030340
20001211052000000000210200010040150
50103000005100535200000300300400020
50000004001301300001000230000023051
00400000104500002042000001000505202
10420400550021030000030000500400200
03000010013200233103502000050001404
10420101000220400050000020002003205
12040051303000000011055000000000302
34400000001041140050045300301500003
52003000004001120205000105221201500
45031310000043105000030004100150020
50354525002001000330035020400300342
00000050500401100000003152004415420
00010340430205000501004000320200520
00000220050010501310240000024400000
00200003330041040400100000500503000
50000505000220102441313501503401004
20230033040300040505400100243002040
02041000000545002000000003000410010
00000500000001400034020020340100000
04005000000100203250005005050500200
00000010004320000100020405033500030
10002200300405030100100200000043004
02215000100413200405004120000001015
03003142030402001100050004305500045
40540330254000052040343520301302001
00041200000100042411000005000000021
00005030400131020300105000000224020
50010300045300044000005000030030000
00430000000000025005000004410401033
