36 5
100502404040401000423240520005420020
510000402203001404505410002045420000
000030040020003400000000400100003030
100011005005430005400000400500200102
035000301000400000550003204200000030
235000050001050100040050003404001000
030010000000004100003505050150505004
045350010200000002301004431000001005
000010054052030004200345232054005053
005520000030501004010040100120120000
040003022000043000000003550020000020
020550000000000021020101003501500100
300010000501500023201300100201004300
000000050032051030504043102400000340
002350310105400000000000000051500400
202020502000303000000034020400500000
000000100000341250003010002000503033
000020045002044004003000500545001200
520100000000304200004200042004040151
000403050020000010000003300035024040
012000000100400021210011000420050000
001001000005204100101002201000505005
300040300000050033000042005401003040
040000000003110050040500023000200002
100030002500022050300000004321300540
020014100104302000000420010040303002
351320030010000020000032000004201000
000000100000000104050000003042000010
010230050005030020100000005000400530
300515000033102020100500503335000013
000015202400340505025000421000041000
001003201200324030313433310000500400
000000400011003000040002002420511030
054005000001300203243000232004015103
350000010500200304000100000001024205
050000040500030302400000040440000040
