36 5
005204400044250030002000102001000555
000502050004005000432430000100000500
210001500120000020520021302002053010
405043002000030030041000000005010150
001540100001030000521033300040000250
000034003400020130010000001140400230
340000000004000434031200000000000030
202132000010013530004004003502204200
402324100020344500120202502200304015
000200040000230002300004040040410520
000300045500400050300000000000020540
305000050550524005553003304035040140
500030030000301010000013021030014100
304135000200000005000021000000100300
131123000003510100031402340202010002
303045004024000013400505544410010030
141002000004530005000400032504002203
300000025000000000000510512000005305
000001020020100200050005202000034002
030000005000502210000000001000053100
000050133010100200312000010004020500
000000053000110010004030210003000000
300000000030000000003304310000135500
000550000453031500350000040055500024
201020000400014040000405010022003020
300015004005200100030505042100004003
000510450230500210000402105410004100
015050050000402000320004002000200000
000020300002300000110040020002012045
541000000500400005501304000000400004
000100405001200000004000023000010041
033040000005000030000020300410203045
030002020000303003010054005000402003
001001040004000002000031000401055045
020002000020420021430005000000100000
003502544010000000105000400000003401
