36 5
251012252041000310040004000020004000
150340054310313000003300200103000000
520000030350000000020000400000050000
000004041002000500040000400005303325
103000304005000012140403000300532013
000000200030000020000340010120201000
032405005010024001050030010233100230
010000300030053000004000010301200201
010202405000500542005403510000500230
025000200500150231012003252000020000
000000324000220000040220030301220000
200001013501004400502002000100203400
000002002450040430100000011014300041
450140430103200241200000330033001000
020205040301350005012120101010030124
000403100000000001000000040004004101
000000000003000205004000505000000102
050000550400541030003403000300230004
015540020004005000005500040004000450
000504005002330004000330000040001012
310000030020504000000000250000044000
104000002000005040341141420020000400
100534001000000004050000000215010440
000132000410002200000305000000040100
500000022000100000120022002055300001
030000000005000002000005320000530020
010330050500004505040000220105030413
400001000052005053304054141404014224
540004000400050304055000100000540020
020500400522000300104010022505000050
000304304130350000003003004034030201
502300050305020400000300200240000004
000210100010300055000000030000000004
000505050004000001002002000303135551
402430050005000030050000100340430520
000000105103010001500052001100000501
