37 5
0024200000050400023004153000100320000
0003041015000500452505400201020002000
0000500204300001000100203001002000320
0100002003300200000002052012000050000
1000000010000000053120100000151002202
0300001533200222040003400000002004505
0400000002002021352155033010010050430
0030040300000000010400320000300435004
2404001300020140300001000004211140000
0000003010000000040000021000322000052
0000002000000000041100030004001001001
0350020041140004020500000004400502501
2020102200300305030450005041040140004
0002403031533000003030103002314001500
0030015000000000000000000030000050100
0000000203500035000405000101404050000
0002045400354000000500000411030000430
0012000040004000300001103000301054043
0000020000023310003050020402000415020
0100002031100003034300005400050000000
4452000050005420010003052020005000100
0000000020000300002300000000200413005
5004301003400000340020540030001500015
0050000000200031004025000004500002052
2040002300400300250300000004000003000
0540000051000010230155003000000300000
0000005000024411505003000004200401010
0040301000504000000000200001030140450
0555004140200253520040000005050000000
0001010400044000500100000020000502000
1503003010432252310003523000000200000
2010430400000254400004430002001400040
0220000331054010005000000000040502000
0505010200000000500051230000500001104
5001510033000300033020403200000420005
4105001000000500400502003400004002200
0401005100000050000033314550003005100
