37 5
3000050402205040005005000001400000304
4101200000000030001130000250501043300
0044000004500005010402000000500300003
0322000005000325030400040324500004040
5000530451200505202003000035020000000
4203020215100203000000430020305042040
2410030002040000002005000000240100200
0000420010320000000000330000321053000
0040000000100200000030000010002050000
2004100000000000000005030441200110000
0321030030003000000000000400400000000
5500045010335000300200020442404000000
0410000030100015500010500000001252521
0201011200300010000010000543030200004
0035013000003030400500000041200244002
0400030102302010005332050000054001450
0031000105000540000050040010000005000
0001501000000003320000000310040200001
0014000140104200050000023000005510323
5010000000000420023450100041504023000
2400500000000100000121004030430033000
0020020004000034102000425030100000500
0200000000005000500550000301000053003
0503030200000010000404000505105200510
0001000300010110502000541011510000550
0150000500200133000002000025030052000
0000441200020502011501001355104011000
3000400011034010000000203000002000000
0322300033030002005000020000300340102
4340443440500000000210300004552205053
1004000552050040000000020240000050130
3400100300040000004020030531240000004
0000200400040020003100104000503011320
2023000001004000020305100200000250400
0440000005000000030550105005003400000
1200000110040030000004004000050005032
0302001020520040000040051004400000000
