37 5
0502002501010020045000000000404200010
0200400000103003431050500504000301005
4010033055000003310053000000401341003
0030410000000120133300050004022020000
4030000020000000000100100311012000000
0420030400003001541000000040024000050
0020035004520004001205100000430005100
0010050502050050000010040015002000021
5033000024110000050040001005001005005
0253400050001033000000003400120400000
0230000200000000000000040001004000500
5200004054050400000042000035000400522
1000000050201140204050011233100100000
4001003000001000040100100000200300004
2550004000000530303002022400552450201
5000405005000000500020005000001000500
3003000230000035000000103004230000020
1020004000000200433001030010200503000
0001011030005400402050001220000010200
0002013010000010010104052300500300041
0005050050000000020323000000003000002
0000002004210300000300403350000003100
0000002200450345000004020000444000105
0004000200003002000003040020500550420
2502200230000045400400010150230130004
0001004250004000400020000031240001300
4241300130000000534004532100020000000
0000310001040002000050005310004000114
4040020000005043424000040000030020000
0020500000305004221013000005105000003
0000530030400051003100001000005500000
0005000000000003055100000020004000040
1000020000015333350000000030030041033
1000000021302005000020505050055055420
0004100014301040000000020024001004200
5420033103500002120300000000501040310
2442300051032004000240340200020025403
