38 5
00430005041000002040005000030032000500
00001002201000422405141010005000120000
00100000550031000002000412300030000430
00000320000001000030013300500102000020
00200300020000000050000003300003500000
40500000000201000000001000000100000050
20000000003100050001005000100000000005
00000005000030001000130502040010000100
03041224004010000053000300000400000550
04000200111053020530012004040033010550
00005000125124020400303000010000004203
03500420500000100005104500002121330304
05205000000051000000000004010410020000
00502000000114030000243010010050210020
05225000001201010003400020250130400002
02050000012000020003200001103300400000
50004400030020301520020100320054030032
50000004055030010000010001000005000500
00000002005000002002320000201000000040
05000130003245024000020400200005000010
03005002033000002003215000050401000004
30044000001200000040250000001220030300
20420052100000300000100040023340004505
30000054300000000250500301005003004100
00004000000500000000030000030330003000
30000210101010004003300000034000010000
00000040000005105000410005000005000000
45000000100003205400012021100003200000
40042402400054400251020034003004100000
00100003500005000404040000002025403224
30104030005040002200000014500020020043
02104000000200000000000000204100003345
11404000050440025300000050540000000042
00003001055005404400030050310004000050
00021300305350000000403254550400000002
40000000100044320050313504130010010004
05005000105200005005300400000000120000
00030400243003040000100010504430530000
