38 5
30000030550002400000000025240523500003
15110452000030000300000400405040002000
04000000000024510000100550050104000310
03001023000400001000000023400000000000
10050000030123101000000000000400000002
10030205003150320231004050001020020501
00000001020020105525000300000415000100
53000500041000020000500000000202012012
00003000004503002000000050200000252320
00300000144011500000000002130304000333
01500200040030001030000500001005000000
00050100403100450203550000304022031000
30141503405000000400001110020000200200
00000200000002121000020000000403000041
00340000000040000500000000040320200500
52000200300000220003023004002000010400
02351000001010030000035020000440000022
00300040010500310031004020300010301545
50203000020002000011020000500010000040
40002005004050324004000500002000205340
00500010401200105012004420400500000401
00544001004004041000400324100010001004
45000001440033000000000104005025004000
04000102501012020003000105101000040500
30300000001102000003000040300030002050
00000050000400440000000002050500150105
05100050503020050001000103450250000003
10344033005000004003003105050400300004
30200100003400430505300000031000000100
30320020053300003000000400000500301004
20214000020050400000000000000000015400
03000040000003041005000041340000305022
20050050030020104003000220000050342000
45000000100000000000000500330100110500
00003000000000004555300000200000000200
40000050000501000500400033200154010000
00000500030000010000340404220020202002
00230015004200043420030050000000004034
