39 5
000000024500000002005000000000400004000
000000400130405400040000135030523010000
000001213500030000000030300400005050000
354000010000304010040002000001200410400
020405030300000000001300001042220200025
011130101000000102404300000300010405100
000020400540001000055000320304000140000
000300000044000204550000210500400002000
000302001000002002001000030530100003001
000050055000304000004010000002000502420
430000303320015302004000100054545041000
000030000050000002000000300500022020025
000010300000002011040323400400051000000
000113110000300520005020300000045203340
004000000020511000000102000530510000400
035355504040400402020023010000300000300
210000040020002004000000004014000000000
220000000440000010040000502300032000410
001340500555024000003300000450020000000
000500045021001040230530000000000501423
005000200011000000000050010100000000200
002000233022004020055001030020443004000
000000005000005300205235040400000100000
053400500005005015022250500405020430004
003020425130105140400002001420000040011
300010002000000031010020000000000052030
300010025000000310000001040000000010001
305020004500333323005050000003100130400
502040153000000040000000000005000052100
005004000530002250030400003300450201000
000434410300000402010300005101500010004
000530004003010003000000040020023000000
500004000413520400010000202000000010000
040040200023305002000500011000004000005
000000000030050000000003100005000000000
200100012050004043000530012500000001020
020000500000000200000000005200100401000
000000000003001004300000010000050000311
005400000000010000000000230300000000002
