39 5
041000000210500004100004505000220000003
004000000000001000000050014000000240010
100210000300000025104330350200010400040
000000024002040011003000000000120400003
005440034031053050300000004004000000040
400000040042050030000000003040402001000
300500000500100000000102030005020000040
000050001000142000001100000012530400030
040040000533001100301050000011200000005
100040000051000400502000500000000055003
010000000001243030000050500000000234020
040250150005203450030400300000030120520
024440000000551300050004004000105000000
003050000000402000300000010030020010000
044012000000001300003502100000250000001
000200500020005005403020040010000000502
000000040020200003102040200001001050500
000020001140300001505402100030105030000
000000000000025040000000012002000000020
404050403000023000450015003020055010000
200000230102034510030001005300000003020
000205032405000301000001000330020000041
004520200040510000000034500005402003000
505001003025430100002000000031520005002
003300304405500002000302255051000500001
300035000100100400004005040005400000210
320000020000350000450001130000020030400
505000000000003020000023203021500303030
001000050031000400010040500035200010040
440000500100102000522000320004000000210
050023030104200020000002050004000401002
004000103100000000003000020400000000010
300000302005000000040001050030135000000
005000033300154001024005000100020301004
000001400400400300534040000400502200000
400525010005003000000010010000231100003
400000000004003200020100030000234020000
002000004002040010100330000530004020000
002000040000030150001000003400200005000
