40 5
0000023004000005400005004005020100500050
0030200000000005000404040041000000000100
1002000200000040200000200400000000000000
0002000200000000200303500000000510000404
0102002001003000020000024000220050030003
0232110403050500040003000000000010000040
0000000024400132140050000500300050030510
2024001000000043000000500004005030000022
0000051000100100000040140400000404402450
0000005050001040021221500400200040000000
3030110005010000000000003300202204000000
0000500003000331330250000000050030000110
0051010040503300102001010001050500200000
0000000100000005005000040200010303320000
2420000000010200000043400000000400010010
4300005000502000045430000324021000210002
5000000310000000000400530000240500204043
0135005413004400000000200002005430331401
0044101300000550530000044302004030501000
1200030000000003000000400302000005400000
0000000002000000020043502034000040000000
0400040050000101040321030000000000010310
4050000021400000001340000003304043000000
0100504300000530000300450000000400050000
5010040000050000000003531003005050000500
0500100000315400000040001004405400000000
0200153323500000000502102003000030253200
2000000200000000000250400020000250501430
0500000100000020100030210000000010550500
5000012030000000210005210000000101000542
0253000000001503005032205000004000000040
0402000500505000025020020045000001000002
0000000000003100000000000400000200125013
0100040000000000000000000000000353000300
2000000023000000000200000000042000000100
5000004020120002000400040000000004000310
3201500000030024000330100000000115100000
0400304020000033010300250305000050050005
0000201500011001035004301005032004004405
0013040001031031500000000000232110002000
