40 5
0000020300000305002000000200050002014045
0100003000000005002200030200510000401012
0004030500000000000041040205100003000500
0003023540205010320300050100510105300432
5030023011501050005000000500203000240001
0000000200000212040040000302001400000021
4000030052503400000000300003050000040000
5002030100341025300000450000010420023000
0300035000002000000000150050312000100000
2000320020040500000004041000014001400000
0000500250041000040000020502000000200000
0043003504004004400000000303005005044300
0300000000000012000000002540104020400005
0432130000000000005032530301000002000004
0230000500020000000030500000030000000050
3000501023400050000000000100000010550000
0005402200500000100300200010000252005504
0403000000000000000000100005303400200130
0000100400000000050053000350023030015000
0450050000502000500040000303400000400201
5010000005300000010044300401305050000004
1020000000300000100010000000000000500003
2001000000000000000000500000310040000000
4040100200000140202000022000330004240000
0403312400041210003021100020004032105400
1020000000550100005004003000000000000000
5300005000002120000000000010001045140000
0302000010300003000300000002000020033000
0000400002300000000040000130000530003000
4400044000114250013055300002050000200000
0004004000000040000300000202100211401033
0000025003200000000030045040015000400002
0001000000010230000140000024050000000400
4200401020000500000000000005000000105200
0100502004000000001000003521005000450001
0400100040000000015000240000500503005001
5301031030000010102045424102001000000100
2000345420210200004000002400400050020001
0000000000410300033500000000014200004003
0013000150000100000300050050000000003000
