41 5
30022000020003000300200430243202020100004
00104400003000000410250035000004000500044
50000004240020005002000000000001500200000
05000000000000020003000340000033000240005
53003000020000030010020050020100000000000
03020110050000030033450301000403000000000
00000540000000002030200205005300235005000
00040020450130001040002005000000100505400
13200030050110004001000120000000542400030
15105000330000000000000000042000002000000
03000000010010000004000000020400125400005
40210500000050500000000200130010410004300
00000114015000000300030501000054230002000
00400002310200002200300300000000001005040
00000540000001144003300035002300000150000
00340200005004004040040301000000430200130
10000154020220000000500500240304235400031
02330000050230040000000002300052142000004
00050050300000050341010031000200000300030
10005103000001001502020000000051000400100
00420400000005051001000000020010004040004
00000320000000500003000000004102004410000
00500000040000050310000000000500050121500
00000001040210035003000000531440040000030
00000000000204000200100020110000000004052
03230000120000500300002000040000200000000
00203040004004415140000340550000101334000
00000151050000000000000050002050402401000
00005000050330001000510400120000400305000
00000004040100500001520000125320000300000
00050300000150000400200020000500503000000
00000000210003000002500000000000000405005
02000002040400000100000010020000003052000
00003000010050000000005000000040203024400
00001000000100000030050000000000002100100
00503400000010500300500001002440000000000
00040000130020000000002000030000001000205
00340004000004043100000000205000002005000
00050500020120050035000000000020001000000
20000050030001000401311000520100030000344
03000030002000000000051000000004300003000
