41 5
10300000000303000000010000000530000004000
00420043300000500303003000002044050000000
03000000550100022240201000001044341002000
10001000000000130004000110001000003101040
00000000005041100500005040422041100001300
20004002410002045030000520205405100200000
00000004003000000050330050003000000000000
12000102000020041000005505055000003203030
00100000102005000034000010000030030002410
00000000020510200003503420000000044000000
20000224140050010500024001000000000000004
10040001010000030050030005020033000000000
00300000400300000000000000000215004030000
32030203000005100000042000424000010000000
00020200000002100000111320100010240200230
00001020000000100000000200020501000020033
50030001043005000012032002032010000104000
10004100052004200003504000150000020003040
00400040000203431030405500500002515000014
00000002000240002000000400000001000001402
01450040000000500010000050032000402502003
00350000002000011043021000050050030000210
00000200000105040000004202450000400321001
01002103400440040000030003022000500004200
40000000000000300304053000515014000100010
11300052000030000002004523550000400001040
20040003023400510130500403520041000000004
00001044005050004000000050450100003002002
00000030400003000000004000000000001002010
20000004001000300000000000000440000000000
00040030000500400005015050000450300000050
50000005000000300005000000030005103000000
50200000041000000000003050100000000000000
20400300000000000004013000020000040050010
50001400000145001003000000500050000004000
50000000220000000200030000000300504010013
00005002200005300040000005205000000054004
02000000500000000050000000030135000350000
05005030320023000000000030000300003000520
00500000400000001000000000053033022000005
00020500000110204002000000000000030500530
