41 5
00500100451200000500000010002020200000400
00400003004400030000000300001000000002024
00003055000000000012140100000000003100042
04000000504005100205000005000000400010000
00000000051000004400300035000100400040040
00003010020300000000400000050000105304030
30520000000000000000040005040500000000413
01030040000300000002030300000010305050400
20115000300120100050000200032003000110104
02000130000000400043050003004013003105040
00040000033400501100055400004003001000002
00000002003400050001210000243500020000500
00200000000102000120000005002000430050004
02020000000400002432330300540000000003000
05350015000000020010010020000000005005000
45000000004000000000030003000005000420002
20100020052001000040003000300005000000500
00000100000140000300005031200000000004001
01000051230002000024000000000251001000000
30000345000045033110030514000300100040000
10000000211030000040003000000200031210101
00000041040022000250003202500055500003000
01450030000500045020000000030025023050114
00001020000230000403044200004130300004000
00000313400004050400000000000000500003050
00100505200350022002003000502000000004000
00033400010000000202100000004000500002404
45001000510010000530500305004020010320500
00000000000500452035000000000003005100003
30010020001100100300001050000000000000000
00305002000020000010000000040300000130005
00100000200040445020000024000005301050011
50005003012000030000004203000000200500010
14013002000010551102400000000500500000031
20000040000000000300000200043001000040050
00002220400010200000400300002000000200004
05000000040000050002000000000005200104205
00000004404000002000002000000000200040000
23040430450001000402000000200000000304000
00011000350050004000020300000205005002000
01015005000000030020000303240300000430000
