41 5
00002000000100040005004000100010000051001
00000040550030000504004503040040000041000
00040000000120004011000000300505402200000
04500000013055002031010023401000400220003
00000012040100500100100200000030000005000
00220000040000000000000300020000000300000
00520000005500010000002030000003040004000
00320000002140002340033020500000003530404
30003315300022400050005000023200030000000
30510041000051000400500000053145040120201
00004000000010030205000000115000100440030
40000000000000030000000000000020003025022
00000000000400000000000000053035520000030
00550400300000000200030040000201000005000
10001000003000300000000000000540500000500
00000031000051520000002502000000050000012
30005000050000530220044000530000000500000
40214040000000100050000000000000050000000
54000410400020005531020000044400000004005
00010000000100052030000000000455000100205
02350001010100005004000004004200005230030
05030040002500000420000000024000503000201
00044010040304003050004011020002030000000
30022040000100300100001030054002000000000
00004200300100140000140000003502240015120
00000000010400001133040000013000003002000
42500004344533000100000000401320000005020
20000500002004400300000010000230000020014
00005005000000330000000000000320050103550
00500023000100103100000000033300000000000
05250000400020100050004000000100004500400
11020000044243002000002422200031040000003
10505000100000020040000050200003104100000
00440024100005000020330505004200100020000
00000400005022000000000530301000304011003
02024000010100302010000200000004000000100
00051000000000000100010003000000050005000
00023005100003000000005000030000100000052
40020000405020000000002300000010000300003
00000003000313400100003000500000300040020
01140000010010330000000020002050200550004
