41 5
00030001335005002000041000030004000000510
03000000020100000000000000100044000010400
02302400000300000044000002001000000052000
35010001000000100020040000000000000030500
50000005504000000000000003400100000102000
00030000001030200000000000000040100020000
01300010505000033001500400310052031000000
00410200000000304205024030000000000040200
03000011020000020400000000503020005000112
00000000004111200000050010000000000005400
00005000100002000000500000000004000004005
04500000000050030340000010010005230510025
35205105400200050000051000300000205350000
02230010004000030040000400001000002000001
00330050010000043010004000400002040000000
00000042411000000005000400000000520000000
00000100000450100000010200000010030000400
50000340503000000200053400045000000010000
00000141001010040000002030004000000510000
34002520000000530000403300200301055530000
00000400000303101223200004003000000212104
00204040030502510000030003202030004301400
00000001000100000003005000200420025500030
00053000040010300500000313005002030011010
03102002000500400000000310000000000101040
00050010000000200004500200020021400402203
31405001002432054300000005340000041023001
00003000000000500010030002001024203000500
02130025230500004000013101055020030500000
00105205051040000000000000050000005203500
00000400502440002500003430030000000000020
54000100430540000400022040000100210005002
00000103200000300243000003000404001220202
04400010055000000500403300000021500000200
00000000000200001050000004300000022300003
42000001401010003000000000003054040012050
45030040000320000030000350000000040000003
00000050400000000000050000000020040053200
00040400000010504220100000000000005000505
00003040400400500050000020300000000031200
03000004000000002050000540010002000100500
