42 5
000040003012000000002004030000500120201000
500000005035010000000031010005000250300000
030000000005040300000010002530000001004130
000005021000042300050402300400400022000240
400500430000000040014020054050100005000000
002530030513000001000000000400200041001400
000100040000000501001210032000000001004000
320020000110400001202000000052002405005000
400004000400000000000000000000000100200000
000000000000500002100000000000000000000000
000000200020004050000105045004030000000000
000050000023004000000005000000004000010103
001002300030000000051000000020150430200000
300000000050001021002040500000003000500050
200100505000000000520000020000000000000000
054000021040100000502005000000303403500012
000000000534000200005203000300001301000200
200000320500030000000000000001000000004051
003100000000002000000050000501000000003000
000000100000200450005000002040000300003050
001050200000050000000000000300500400105000
000005000202300400000340035100001304010005
000003020000050035302132420000040000050543
020000400020305340000000000234000030000000
140000000000043100010000010001000010004030
000520250030000000415300050000020000000000
000505100000000000000000000020000000120000
000021202042001000200000000531030500000010
001000100054300000001000004405500000000050
000004550400030000000000000000012000400003
000010010330103010105000034010050200100000
010014000032000040553000000000000400050003
000030000400002110220013000500024000000000
130004032040005020003400103040100000203002
100310050100003000005004330033000020000034
000210024013040500300000120030300300500022
400030410040004405305000400400500000233200
030000400020000202024003000440000002001042
000300054014050033000300205030040020000200
001100000004103004001040000020505005000000
001200550000000012401404000500000000004000
050000200020010004040500050030040004000040
