43 5
0000050020004320000500003000104033000050400
0402002143004000020010100510002010205200000
0200003000000010300000005052020040000400000
5400010002010542000420030000040205000025004
0001000200000012020000030004020000035030000
0400000000300530050500000000052000000005004
0401400200400000000000000000041015020050030
0005002350100050005000001430001400002000000
0000151003000510000000050000000205000031000
0003000041000300010041140000004000030000000
4140044204000101000000100325250005100100350
0000000020000500004003000500050000000010150
0020500000505000000021000000303050004000002
2100000000043003003050000003424000000543000
0000020003020100200012000000000001002000103
0140000500515004000105050000000005305005030
3010000004030000000000001030000100340000000
0040000000000000004001000030000000001000504
0040000000000044020020000030020004500004000
1300000000002000405510000000000000003044550
0015000000000000450000303000000503002500000
0040000040102004100004000203000403000030403
1030000020000030000010000000050410002000100
2042100003045000220002300000000300000040510
2010400000500040400000005000410000000032100
0000000110200000000003000550020403030005502
3003000000240210040000000030002000020000001
0100000200000000013000004000300100030000000
0000000400300400000000000000030000020020000
0000340100040031050101000021500200102440300
0100000000020004003200000102000005003000000
0000030000000030500000200005003400000030000
0000010204000300010000205000040305000000003
0050000300040042000000000035300050040554120
0005000130000012000040020000003202330050003
0010054030012000021240150000000520020000042
0035402000000000002100201000000030020000000
0000003400040000000200000000000000000000000
0000003000001205001000111304550200500000001
0000500000200000000002053000000000005001003
4000000005020300013003003000000400000100000
0000150404505400010000000000050000042500300
1000000020000005000004000000020000000000010
