44 5
00000003000005000250003000050100000000030000
50001040030400010500000000040000024011400131
23055000505022000005020004000002300000520010
00000000000000005000030003030000000010000000
03055000003000011000140010000410040502010000
00000010410042030020510000054000020000020500
00000300535100000005000000000010001002004305
00000203003000004003020000000120000020000204
00000500000000000000000500304000020000020400
00000000030400043000050002000000000020040000
41002005300000500000000040500000004000000005
00000100005500000000000000040000200020001030
00202000022100153022000000000301005000000040
05003000401000500000000503000003000000310000
04200004000003050000050200400004101100000402
00000010000000200200004000505200400001000000
04010400000040000000000522002000000053000000
00000000000001005000000000010000010003020000
00100100004005000000000140041400023030000000
00033000400320200002040000203000002040003002
25000000040520400200000400502000000000000203
20000010030002500310300010040000301435030400
40500000000011000130000000505000102000000000
02004100000030010050001002205020000010000505
00040030003000300000000003000000050002000005
00000500000000000002000001500000203021000200
01002020500000040000003000010001001000034103
20000000001000400000001002000114000000000020
00000000004000040000304000002430041002000000
00000005020000330000400004550000400002034030
00005042000000100000000000000042300000000000
50040040001501300022403400000045000020430000
50030020000300430000300000000000500320000000
00500004300000000000303001200002102530301030
20000002000104000000000045000500040000004300
00010003433000005010000000540003235055300020
11240030000000200000000500001000000000000000
03500005300000005000204020100000021000041050
20000000020001003005000000000040010050100300
00504000000010300000000000510300040000000000
40140000400000001500050400400010000231120300
01000001050500000503000000000000503400540003
00004140000000024011030001000000000500300010
20040000100005000030000005004500500004000000
