44 5
01400000000000000000401200020000000001004020
00000034000000400400000000140400000000000000
00120002004000010000350000000002000000002000
00000050001010024020002003000501044005002000
30000000000552000311000000140000005400000000
00000020000052000030000100000010030001010000
00011010010005005003303001000000000303400011
42012000013300003000203023000301053330000200
45041000304150313000200020031400004304000350
00000033050000000000000404010000030003000000
02021004000000000000000030000000003030004000
00050200000045040205005305000000030000050030
01000000000000500501000000300505000000000000
20000304000000000005040204500500003000000500
00050002000430000400032020000000331000355020
00000000040000000000000000053100020200030000
50010000000400000010030150000002200420001000
30002540000500000001000155002000020001200040
00001050303400000250000010001555001000000004
02000000000010040040210200000200000000010000
00000001400003000030040000002000001000240505
00014301340050100020500041100000055000010500
02005201400401000003053010002000003000005020
00000000004200200035320400000001400500000340
20543005012000001051154000000002020000000002
00000000053400305000003004003201050400000000
00000000005000001000020000032100000000300003
01100000002000000000001000000320000000000200
00020010003500000000004004000004000204001200
03400000510005320030101000000000000000020000
00000000000000400200000001030000000010000000
50000405401000000000000100000500302102040010
04000024004000011312004040500000002000100004
25502401000000400050004050000000000000400000
50000004030020005000051402150030420000402045
00000400500000000000001000030000010400010000
50000000000000000000000002400220040000000000
00002550401000000020205000500100302053000020
00030003000050400000051030000040000020000000
03000050042004005301000040033504000000002040
00000000030000000550005030200040000100100400
00000005000300050000000030004030043200000040
30500000002000000000000020030000002003002000
50000013000000000000000000000300000050000000
