45 5
100002103024000000402003523400000030000000000
022400000002000000010300000450000400000300050
000000500000300050010000000030343322100000000
050000000301055000000220000500000000450000010
000400030000005200000001000500000300200000020
000000000005005000010000300000000000030040000
000000000000000500040000010040500001005005400
000500203400000010040001000000000004000000500
000250040203010400030050000100425505010000050
020000200400000500000400030000510000100000000
040002200020500000000002053044000030000000000
001000000200001500000233000300000000030010003
310030000000000000000030000000030000000000000
010005100000040020004003100000034000000100000
000000043000000052051005040010020004200000440
000000000000400000000000050541000000000000400
204040000540200024000000000030000000500000000
000000015000002150000435030033500001001100002
040002001300003000203000005000025020010445000
200004000030000000120000000300002005010000000
050032000000000052500000000000000000000001000
030000000305203005520000012403030050000000010
022000200300000100200050000001000000004004000
105051020050000000041500000000023000000023001
345004000250000001020000100002403001000000000
400000000000000000013000000000300000000000300
100000000000200000000005010010030000530050030
000000100000404000010002101024040010000010000
000040300003001000000021000005000000052000200
200000000031040030000500110005500300020000200
005000030040031000000230000000000403500000020
000000000000004000220002050000500000345004100
320003430040040020515000010240001000002440020
004420030450000400000030000004004010000000030
004000000210004040000030000000000000000000200
300200040000001100000000004000040030000001504
035000000000405000000540450003020200002005010
000000000000000150000005000000405010050000000
010300040205101000501040000000005050000005000
300500000300403100000310002000000000000022000
130312100400000020051002000000040000000000000
000050003050300150000040004001000003340000001
000000204001005300010000000000340200000500002
020000000200200023000000000000040000010010020
300000000000000010403031204320501000100140000
