46 5
0000000000550000500001050500001330000400010400
0003005000000000000000050000000000000000040005
0000200154000042300000044000504000040002000000
0000053001404500200005200303000100002020000000
0000000010000003000000540100000010500500001000
0005300500520005000000001200021000000040510245
0000000000000000010000004003001500000000000000
0001000000000100020000000500000000000030000300
2000010002010020100033020010300000003050000400
3002000000001000000013000000000010100014050500
0000000000510040005012000020100200000000050000
0000000200000200000001000000400000000000000000
0000000000305000500000000000002000000000000000
0221200100024000000003000010002301230050000030
0300000000000552020004000002002000000050000353
0200000003300000020400014000000204000000020040
5102010200400001300000003022001014010000004000
2030000002020000203100000000400000000004000000
0300100003000030005001020500000000004030000003
0010000000000000500000050050010000200400003030
0102004000040001020410100044000030005000000500
1000005350050000000001000005005000000000004030
0120405002000000000200000000024440500000001200
0050030000040000304002020500000010000000042002
0010041000010005000000031000000000100100200300
0020300000000205130000003550000400000000100000
0000030000000003210044003004504011200000000000
0000305030210503030020003000000300043000000000
2000000000000000300003400000004300103000110505
0300000030200000000000200020003010520000200035
0001000000055010002000000040000200000230040000
0000500030400000004000000400002004000100330040
0500000000050000000005000000004000003000000000
2010000000030000030000000001000200000001400402
4004000404000003320000000000000300402000310010
0003231001000005500350030001005400000050100000
0000005000100040000000000000510000000000000200
4400000400400000500050002000000001004000000000
1201011000000500000000200000001000010000004400
5025000300500002100000000000023000500322400002
0000000000000000500200000340042005000000032000
0000000000010003040004301000200000000500000054
0200200030030053000304000000000000050005300004
4000000343140000500403010004000040004000000000
0204000005545500000103040330000200200000400000
0010005400500010000500000000000000000000000044
