46 5
0000000200001001000100000000550002301020005301
1500030000300000000000000005000000110030020000
1002050000003040003010000420500024350000000020
0000000500012500000203004201000002200000000010
0000200350000010000200005040003000000000100000
0003010000000010000002000000000205305003400400
0205000000500000000030040000400040000000000000
0010000002020404000200300410400000004000000430
0050000500010003040350300240000540400420200000
4400002140001400000000030000010030000020030000
0200000400000000051000040200000050055000000000
0400000000040000301204000200204000051500003440
0000000100041400001000020000050001000500400500
0000030000010000200001300035000100200000034300
0500020202001204200000054400000002504050300002
0000000000000000003000050000034000000020024000
3000000030000000500000400000300020000500000001
0000000030000000010000020500010000200000000002
0002005004124000000010201000010050100003000000
0000010000000012303000000005000010303050000300
5000100035005000000000203001010100021000500030
4005100303000000003010004000000000005005003400
0000010100400200001003003000100000400100000200
0500200000040050000015000300404000505000404020
0000300100040000000010004000000500004000000050
0200000000000502000013100020000000050003050010
0301130000005000300000200030000500000000000000
0301000000000003100030020000005003000000050020
0000000025020000202000000002000004000240030000
0200003000301000000000000043200000040001000040
0000044300001340203005004050000003302000000000
0500000005303005044010003000500000400005300004
0400000000000000003005000000000002001000000015
0030020002010020000000002055000000050000000000
0000000000000000003000000000000100000040500100
0400030100000000000040000050501010004020004401
0030000000000040000000353043000200300002000000
0104400000000010000000020000000000045100100000
5130500501000000000000002001000103000000040105
0200000004302000020000000000005000002000020000
5000004100010020050010000400400001000000400000
5000033000051200303000000100010200040000400240
0000400400000500000000300100000000301042000000
0000000000200000053000050300000210000205000200
0000002005000000000005400020300000000000000005
0000040000004000521000300400000000050300000500
