46 5
0000030040050040000013000000000105005000300000
2020054550000000030000041202511040000000520000
0000000000010005200514003000300000004040000022
0030040054300050000000050200040000004000513000
4015200130110020050005000000000000553000530005
0040500040330140200041000000040043500300000001
0000540100104200000004000200000040000000000000
0000000000003022020000201055000553500204000003
3400000000000000000245000003000200010000050000
0002000001000300021000050000050100500010003401
0000400400130000030050020000100000000500003000
0000300000200000404000200001003100000000000000
0420000303004001000004000300400002000100000550
0000003003000040000550000000000500030000200322
0404400520000020003005000002000000500100000000
2400310010000000000033300000000000200012000000
0000000300000000000000100050000100000210001000
0040000001030000040000000500000000010010100000
0505420000004000000000004020000004300000004000
0000000004000000003000000200002000540034000000
0031240000000004000000050403100000005030040000
0005020050000000004043000000000400505000000502
0050005000002002200000000000000000313050000002
0000044000000020000100100020400000000000200001
0400143030000010003000510000000040100240100330
0302200100000000534000000020000020030010000000
0500500004005300000000000000002403000002003033
0100030001050000000000000500000001020000400000
0002000003301050000040000000000000004235000000
0020000110000005000005000003030004000000000000
0400200050200000000200000002400013001400200000
1000000000000004000000005100005003240000200000
0205020000000040401300200030000020040005000011
2423010000004030001023000000202020045000523000
0000000200005002500000040003000230050001002043
0000000100000020300000000300000500000004201000
0100000000000000000000000000030020000000000000
0005010002000004005000310500000000004102000050
3400303000030020000050020400204010005002000000
0010000005500400020000030000101000300001001010
0100000000000005005004500000100000000331000103
1000040005000050004020000210002030340005010300
0000000000000100010000000000550004050004000300
0020004000000010000000001000400000005005000200
0100000010000000000000010030004000000000000000
0000000000000000000100010000000000300000000000
