46 5
0110000403003000000000000004000040010000232340
0041000031000030002010000000300005000001400000
0200140010000000000320000020000100030020000002
5030200000100500000200010004030000300000000550
0001003040000000001023000505040000000305000000
0020040000200000000004000500000000020300010000
0000320003000010024020224200000220004240400000
0200410000000000000043000250000400010200000001
0000000040024000400300002002300000002034000000
0004200450000000000000001004330040000305004202
3002300000030402000000000000000050300005000010
0000000001000000001000000000000302002500010030
0000000002000503410502000000000000040005000001
3301330000300001040000000000000500232030305004
0000000500441000000004030030030300002040050000
0000000025500003000003005000000000000000030000
0100000010000050000023000002000000500000000220
0000000500000000005000000050000030004501001000
2552100000000020000100003500000000005020010030
0000002020010000000005010000000044002000505013
0200004050500050002400000000015000000000401030
0000503023002002000000500050404030500000023010
2000040200004000050000000001403000000040100020
0020005000030104000350000000140005000000040005
0000000400040000005000100050000000000000030204
0400000013003123004000000000000004000005030000
0050000000000000100020000430000235000000400000
0000000005000020140000200001002510500010001000
1054004500000000000500000110000033000001004000
0004000000000020005000000000050000000001000200
0320000402000001200000305400005013004002000020
0005050030400040004000000005000200300000000000
0040040000000043000030100000020000000000130001
0504000100000200000000000000040000000002000001
0005040000000000104035000003000001000000000203
0400000002500001050400400100500000020000030005
0020100000050001005000000000030200003040400133
0000000300000010000050000000000001001000000011
0003000050505000000410502000052005000000050000
5000005050400002002004000000300000001100120040
0000050550000001020000100000104040000200000000
0300050000000050000100401040003000500030000000
0340230000000050400005100000000000001000404000
0000000040000000001010050200040300000000000000
0010000005200000011001000003000400000000050300
0400202000130000000000010300100002100000033000
