46 5
0000401020044043010324050000000200500000002000
0000002000000000200000400100000300000500102000
0100000000000000300000000000400050203550030040
0003230000000100440000020300000000030000001030
0130000001010000003300000005010050540330000000
4000000043030000010005025010000000100000000000
0000000052000020300000000000002022000000003000
0300010000005200050000045000001000010001050000
0000020000000005014020100005000002010005000000
4000001000000000300155000000002000054231005005
1020520300000000004000000000040003200000104200
1000050003000013423005004000400304000000000000
5050030420000000040120000002002400100004000050
0000100000000000502000010000000005000004000005
0010000410100340051020000000005300400033040000
0005000000000000000020005030000005200020000404
0000300000551500040050320000023240000050000000
0400010000300000000021000040000000300000050000
0000003000000200000000000400300110000030002010
0012000000053520002053005000000000230000003000
0010503050400032023000405001054300000300053003
5200000520000005000100000000500052002030000000
0000030100140050000001000000000010500300250004
1000003500001030002030020002040050000441405054
1000000000002000010000300000020000000030000000
0040000000000030040000000000000050030000150001
0030000100000400001102240000000003000000104020
0040000000000000030000000000000122000000000020
4000004005100000000050000020000000004400010040
0440402000000020400000020000000503000030000025
0000000000100001203000030000000000431000000200
2030005200400002000000500003020000002000000000
0000000300000000000000400300000240005400000300
0000005000000040000050010104000002000002030002
0000000000020201000000020000000030300000000350
0041300050000450000000002001000500004000000000
5000000010510000300001500030300004003000055400
0000004000000000000003010000000015022000000100
0000010010000000000010000000030500400050003505
0000101000000001000034000030000000000250200000
0002050001000004000000000000020000000000003001
0000003000400400000443202004003000050010040400
0110000010001002005050004000140000000005400000
0004001004400020001000000440000000305000300000
0040021440030102000002000000010001100000000500
0100000000200030030500200000000400000000000025
