47 5
01105001140000040403000250005020023020000000000
00200000000000000000105350000510051050000002020
50000000000001000000000000000000400000000000000
05000500202205000000000020020000500010000220000
11000030000003001000200400000000001520000000400
05004500005400043040105301015430004003352000300
00310000400004000500000000002000320000050204000
00043005315000000002000010100200010200200500000
03000000010000100004003000003010500000404100040
00050000520000052000004050000000204000000340000
00000400000000002000045000000004000054000300002
00000005000020003000000020051000500000510020002
00000000003300300000000000201000000300004000300
03004300000000200002000001000045000000000000500
24000140340000000000000003005000040204000050000
00500000050000000000050004000000000000021000000
01003101001015150000050000032000000000050110005
00000004000100000200000340000000004000005000000
35100030300000000500240000300010100000004004000
02000000000010003041100000000000000000000000200
00100000100000000050104100020003000300000002000
00202000000000000000400000000000000005021003000
00002000000001000000002350000002040002000000000
32001002442040000045000000000000000040305000000
00000005102000000000031000000000000040000000000
00030100001000000000000000000000050000000420000
00020000000320000000000000050000010001015000520
00010300300040140000000200030000000005000000000
00100500004100005000020000000000000040000300100
00400504000030004000000510000000210000202030000
01020003000500000000000000030002000000000000100
00040400000000002400000440023300003010305010000
02020003000000100420002000004010010300000010020
00004303000300000000003510030000100200000000042
00000000001000200000010200000100000500000300051
00400000000510040001100000000530401030505004000
00202405400030000503000032000500000003000004000
00000003000000000000340044000002000045000000301
00000003000304005500000100001000005003001004000
00000000000000000005000000100200000001000000000
01040000303000000300500020500400000300300000400
00000500300500000020000001000000000000000300000
00000000401330200040300500000030300005000004011
00020200022400052020000000030000000001000045040
00005034000000000200304054005005000000000000000
30000004003000000302000400100004210402350000000
53200042100000000005003020000000405000000005000
