47 5
00500000030000035100000014000034000200000004400
00300000200001000320005300030000500000000034500
00240020020000010002000050400000000001000304005
00000000040000003103000050040000000000002250000
10002032300000300020010500000000023035000000000
30000000050000000000000000000000200044044015305
00035002000000140000100501000400000043400000024
00000000100000001100042000000000305000000000005
01202550000002100034000033050000500002020500000
00400000340000000000100000005000020401001000000
00040020010404003000400500002004000100510000010
00224200005030500100000100200000010000000000000
03000000004510002000005010000200302000010000402
20000000040000040502000000004000003000050000002
00000400040050100010005000302200000040000200340
00231000000000001000000000000130000000040000000
04031005000000000101001000045000030000000000002
01000200010000202000001000000004002030300400000
00000200000303040000030003004200000200000000000
00000000000000500002000001050310200000100300000
02140030000330020000003002050030020042000530002
00010000200005000310510000000000004202000000550
03000520000105000204000002200500000020530010004
00004310050400000055005104000000000005003000040
00005000003000040000101000025000000002000035005
02030044000000000103000100050020004050000001051
00000000022434200500002100004000013400000000000
00001030000000011050000100000000000300000000000
00000000000000000005305000010000000000000310050
00001003000000000000000005003000000000000021000
00000001000000004000000040300004001000000000002
05140000040000000000000000000240050000000004020
00005000450400000000004004003020001002031124002
00000002503400034000000000000000000030020000000
00400004000501000002100000000000000000300004030
00000241505000000000000030030000000000000000000
02000010000505000102300000000501000000001000005
30001500000000000001020000004000040000040000000
00000000230110001000000000000000000000440000000
02000010003030005000000300000400443053000000000
00002000040000000000000000000000000000050000000
30520200050000000204000033000000304030000000000
50000300004000100000050000010100400205000400000
02034000003250000000000000051500000400000031500
00000003000030005030021010000000000505020550000
00000005140051000000000000200000053000010000040
00005000000000000000001010000002300400300000000
