47 5
10013100000200500000150040000020000302500040500
00000050000050000005000200000000000000240000003
00000004000004050050000000020050010000320000000
05500000000040402000540000103001000500030000003
01050000040000000002220400400003030200000000000
00000030302000000500201000004000500000000000030
00000300030000000040000000150000001102010000050
00500001130000043050000020500200003000000004000
45000000000001002000050000000000000500200001010
03000000000000000400000000000001000000000220003
00040012050512000000100000030000020000040000013
02000000000000003000000020050000010000000000010
00001305000010210040000030000000300000004040000
10000000000000200000000330010004003000000303000
00205000000000000000040000013400200000400000000
00250210050000020002500320003200000410000500100
00400520000010100000220000030400300000300000100
02001005000001300000500200004140000000000000041
00504000200000000000300002005000504050000000000
30005000000000000300003001040144000011005300000
00221050003003000030045403000000005500005030500
00000001102010050300005000031300100100000002400
00200002000000400050001000003030000001400035000
00000001040000000000100302054005001000040502000
00030030500000001110000045050000000000040000203
00000000300000504520200000540500002000300000000
00001000000000000000000203000002000004000000100
00005300000020400403004500001000200000400000004
02024000040020003400500030301000030420000000000
04025010100000000000000100000000004000000000320
00040000000024000000400000000000010000000005050
00050401000020020250000004000050100100003003440
02000000035000000104000000001000000300504040500
00000100004300025000050002010000053040040000000
00030403003000000030504000400000000200020000045
00000000220000000000010405000000000000040000000
00000000000000400000050000040152303000000000000
00005400000020300000000400400000000030204004020
00400000000000000000100003000000005000000203000
10005200041010400005000000004003003000030101020
00000030050000000000100000030000000500000000034
00304120000005000000000030000010000000100004500
01000302000000000000000000000000000000014000010
00030000020012000000000000040002000000300002100
00051503050100000000002000000005200000000000302
10020030402000300000000301010005202204550050000
01020000000400501000002030400000001000000200000
