39 2
020000000000200000000000101000002000000
002000000000000000000020000000101000001
000002200000000000000000002020000201201
010000000000000000000200000000002001100
000000000020200020012000000000000200102
000000000202000000000000000010002010000
110000000020001000021000010000000001010
101000000001100000210200000000000000000
022001020000000000020010200000000000000
000000001000010000100201010000000001000
000000000200000000020000000002020000000
201000000000010000100000010000000000001
000000000000000000000000000000000000002
000000000000000000000020000000000000020
101000000000000000001000000200020000001
000000000000000000000000202000010000000
200000000000000000000000000000000000000
020000000000000000020002000000000000000
000000001000001100000000000000000000000
001000110000000010000002000000200000000
000000000200020000020000000000001000000
000000000000220200000120000002000000000
010200000100000000000020020000000000000
100010000000001000000000200000000020000
000000000000000000000000000000000020000
000000000000000000000000000000000000000
000200020000000000000000000000000000000
000000000200001000000010020000020001000
000000220000000102000000010202000000010
002000021000000020000000000010000200020
000000000000000000000000000000000000000
000100001000001000010200000000100101020
000011000000000000000000000001001200200
000002000200200100001010020100000100000
200000002012000000000100000100000000000
010000021000000000000001000100000001002
001000000000000000002000200001000100010
000200000000200200000000010200000000020
000000001100000100001000000000200000010
