39 2
020002000000000000000000022000020001000
010000010000010000000000200010000000000
000000010000000000000020000000000220020
000000102000000100100001100001000020002
020000010000200000000000000000000000000
000000200102020000002000002000000000000
022000000010000000000000000000002000000
200000010000000001000010000000100000000
000012000020020000010010200001200000001
000000000000000000000000000000000000002
000000000100100010020000000000000200210
000000000000000000000000000000010000020
000000000000000001120000001000000200000
000000000000000110000000000100000000100
000000000002000000000000000000000002000
010100002011100000000000200002000000000
020001000000002100000000000000001100010
010000000000010010000000000000020001000
000100000000000000010000000000000000101
000020110000000000000000200000002000200
020000010000200021002001000000200000000
000000000000010000000010002002002000000
100200000000000000000000200000010000000
002000000000000000100000000201000000000
002000000020000000000000000000000000000
000000000000200000000100000000000000000
020000100020020000000002020000100000000
002000000100010000001200000000000200000
000000000020010000002000010100000000000
000000000000010000000102002000002000000
000010202000000000021000000000000002020
000002000001002000000000000000000000000
000002000000000000020000000000000111000
002200010000000000002000000000000200020
000000000000000000020110000020000000000
000010000000000000110000200000000011100
000200002000000210010220000000000000000
000000010000000000000000000000000000101
000100000200000101000010000000000000020
