39 2
000000020001000010010200000000000000000
000002000000020000002200000100000000011
100000000000000000000002000000001010002
000000000000000020200000000010000000000
000100002000200000200002000010120000001
001001000000000000002011000000000000000
000222000000000000000110000000220000000
002200010100110200000001002020000000000
000100000000000010000000000000000100010
000000000000000010000110010000000002100
000000020000000002000001002012000020000
020000000000000100000200000000010200200
002000101000000020000000000000000002000
000100100100020000000000000000000000000
000000000000000000100000000000202100000
000002010020000002000000000000000000020
020001000010000000010000010002001000000
200000000000000001200000002000200000000
000000000000000000000100000000000000100
000000002000200000000000000000000000000
011000010000000010000001000000020200000
000200000000000000000000000000000100100
000000000000002000000010000000000000000
000000000000000020000001000000001000000
010001000002120000000000000000000001000
010020000010000000000002001010200000000
000000000000000200000000010000000000000
000000000000200000000000000020000100000
000000000200000220000000200000000000200
000200000000120000001010012000200001000
020002000000000200000000000000000000000
000000000000100200000020000000200000000
000000000000000000000000010000000000011
000000001000000000010000001002200200000
000000001000000000001000000000200001200
000000000000100011000001000000200000100
000110202000000020000000000000000000000
200000200000000000200010100000000010022
000002000000010000000020220000000000000
