39 2
000000020000000000000000000000100020210
000000000000000000000000000000000000000
000000000000000002000001020000000000000
020100020000002000000001020012000000200
000000000000000000000000010002010021100
000200000000000000000000000020001002000
000000000020000000000000020000010000000
002000210000000000000200001002000000000
100000000201000000000100000000000001000
000000000000000200000000000202000000001
000000000000000000200000000000002000010
010000000000000000000000000000000000000
000000000000000000200000200002000200000
100000000000000001100001100000000000000
000000001000000000000002000002100000000
000021002000000000110000000201220100000
000000000000000100000000000000000000000
000000000000000000000000000020200001000
101001000000200011010022000000002000010
000000000100000000200001001020000010000
000000001010000002020000200000000000000
000000000000000000000000000000120220000
001010000200002101000001000200000000000
100200000020000000000000000000100200000
000000022001100000000010000000000010200
000000000000100200000000021000102000001
000000000000000000000000100000000000010
000000000000100000000200120000002000000
200000000000202101001000000001000000000
000010000002000000000000202000202000000
002001000000010000000000000000000000000
000000200000010000000020000202000000110
021000001000000100000000000000000000000
010000000000002020000001000000000000101
000000200000000020001000000000000010002
001000000200000001000000222010101001000
000000000000000200200000000000100200000
020000010000012000000000000002000000000
001100100100000000000000000020000202000
