39 2
000000000000000000002000001100000000002
000200020000020000200000000000100000000
000000000000000021000000000200000000200
000100200000010000100000000002000000000
201000000000000000000000000001000010000
200000010000002000020000000002000000000
000000001000000100000000000000000210000
000000000102000000010200020000000000000
000100000000000000000010000000010000000
010000000000020000000000000000202000000
210002000210022000000002000000000002021
010000000000000000010020000000210010000
000000000000000220000000000000002001000
100010020000000000000000001020000002002
000100020010000000000200200020001001000
000000200000000002002000020000000001000
000000010000000000002000000020000000002
001002002000000000000000000000000012000
000100000000010000000000000000000000000
000000000100000000000000100000002000010
000002000000002002000100000000000000000
000001000000000000010010000000100000101
000200001000000002000002000000001000020
020000000000002100000000000100000200000
000020000000000000100011020000000101001
010020002000100000000000200020010000000
021000002000000010000000002000000001000
002000000000000001010000000000000000000
210000000000000000000000020200101001001
200000000010010000010000000000000002000
110202000000000100010002000100000000000
120002000000000100000000000002000000000
010000020020021020021001000002000000000
000000000000000000010000000000000000000
200200000000001000000000000000000000010
000000000020000000000000000000001000001
000001000000000000001000000000022000200
010000000000000000020000000100000100000
100000201000000000000000000000000000000
