39 2
200020001001020000000000010000000000020
100000000000000200200000000000000002000
000000000020000000000000202000000000001
000000000020000000000020200000000000000
101000000000000000000001000000020001000
000200000000100000000000001002010000000
000000000002001001000000000001000010010
000000000000210020000000000020000000000
001000000000000000000002020000100000000
200100000000000000000001000020010000100
000100000000100000000000000000000200000
212002000202000020000200000002000100200
000020000000002000000002000000000000000
002000000000200000000000000000000020000
010000001000010000112001000100000000000
000000000100200200000000002000000000010
020200002000000000000020100000210000000
000100100200000020000000000000000000020
002001000020200000000000011010000000000
001000010000000000200000011000000000000
010200000000000000000000000000012000000
000010002000020000000000000002000120100
000100210000020000000021000000000000000
200000100000000000000000000000220000022
000000000000000002000000100000000010022
000002000020000010010000000100000000000
000000000000020000000200000001000002011
000000000020000100000000000010000000200
000000000000020000100000010000000000000
200000000020120002000000100000200011000
000000000000000000000000000000001000000
000002001200000000000001100000000000100
001020000000000010000000002000020000110
200000000000000000000000000000000000010
000000000000100000000010000200011001000
000000000000000020010000200000000000000
200000000000000000000001002000000001020
000000002000000000010100000000000100000
000100000100000000000001002010000000010
