39 2
000000000000000110001200000000000000000
000000001000000000000001000200010000000
101000000001102000000000010100100000000
000000000010001000000000000100000000000
000001000000000000000000000000210201002
000000100000000000000000000000010100000
020000002000010000000000022000200000000
000000000000000010001100000000000000000
002100000000010000000010000000000002002
000000000000000000000100000000000100000
001000000000000020102021001001201002200
000000000000220001010000100100000100000
100220020202000000000010012000002000000
000200000020000000000000000000202100000
010000002000000000000000000002000122120
000120000100010000200000000000000000000
000000000000000000000000101000000001000
020000000000000000200200010000000002000
000000202020000000010000100001000100000
000000002021000202020000000000000000000
000020000000100000000100000002000000100
010000002000000000000000020002120000001
002000200220000010100200000100000000000
000000000000000000000000000220000000000
000000220100000000000000000000000220010
000000000000200000000000000000001000000
010000000000002000000000000000010202001
000001002000000000210001000210001002200
100001020020000000000000010000200000200
200000000000000000000000000000200000000
000002000000000000020000000002002000000
000000000000000100020000000000000000000
001000000001000000000000200010000001000
000000001000020000000000000000000000010
000000001000000000000000000200000020100
002000000000000000100000000000112000000
000000000000210020100010010000000020000
000000000200000000000000000000000000000
000000000000000000000000000000000200000
