39 2
010000000000002000000210000000002000000
000010001000000000000002002000200021000
000000000000020000000000000202000000000
010100000000002000000000000000000000000
000100000000000000200002010000000100000
000000000000000010000000000001000000100
000000000000010000000200000000200000001
002000000000000101001000000000200000010
000000000000000012200000000020000000000
000000000000000001000000000000000000000
000010000000011010000020000000100000000
020001000000000000022020000000020000000
000000000000000000000000000101000202000
012202200000000000000000000200010000000
000000000000000000000000000000000000000
000000000000000020000100002000000100200
000000001100000012002202000000000000000
000002000000001000000010100000000020000
000001000010200000100012000000000000020
000000000200000020102222000000000000002
100002000100000000001000000020000000000
000000000000001000000000001020000200000
020000002000000000000002000000020100002
000201000000000000200200201000000100000
010000001002000100100000000000000000000
000000000000010000010000000000000000000
000000001000000000001101020000000010000
000110000000000000000002010020000000001
000000000201002020100002020000000000000
002000000002200000000000000000000000000
000200000101000000000000000000000000002
000000000020000001000002000100000000010
200000000020000000001010000000000000000
000000000000002200200100000000000000000
002000000000000002000000000101001001010
021001000000000000001000000021001000000
000000000110200002000000000000000000020
010010200000000001100022000200200020102
000000110000000100000000000001000001000
