39 2
002002000021000000100000000000000002000
010000000101100000000000000010000000000
002000002000001020000000000010000000000
000000000000002000000000000020001000000
000000000200000001000000002000000002000
000010001000010000000000000000000020202
000000000000100100000001001000000000100
002002010001010000000000200201000201001
010000010000000001000000000000102000000
000000011100000000000000000000000000000
000000020000000000010000000000100000200
002000001000100010000000000000000000000
000000000000001020000202000000002000000
200200000020000000000000000020020100100
000000000000000000000000000000000000010
000000000100010000000022000000000000000
010000002000200200200000000000002000000
000000000002020000000000000000000012000
010000012001000000000002000002001000010
000002000000000000010000000000022000010
210000000000000000000000002000000001000
000000000000000020000020000121000000000
020000100000010000000000000000000000200
000000100000000200000000022000001100000
000000000200000112020000000100200001010
000000000000000010020110000000020020000
010000000001000001000000000000000000000
000000000000002000020000100001000000000
000000000000001200000022102000000000000
000000000000200000000100020000100000000
000202000000000002000000000001000000001
000000000000000100000200000002200200200
010010002000100002000020000200000000200
020220000200000000000000200000010000000
000000000002000000000000012000001000001
000000020000000000000000000000101000000
000000000102200000000001000000000001001
000000001000000000000020000000100000000
100200100000000000000210000000000000100
