39 2
000002000001000000000020000200000000100
000202000000100000000000200200001000000
000000100002100000000000000100000000000
001000000000000000100200000200000000001
000000000010000000000000200000000000000
000000000000000001000200101000000020200
020000000000000010000001000000000000000
000000020000000002210000000002200002001
000002000000000000000000100101002000000
100000000000000000000000022000010000000
000000000010001011000000001000000100200
000000000000100001000000001000000000200
010000000000002000010000000000000000110
010000000000000000000000020000000212010
000000100000000000000000200000000000100
001000000020000000000000000002010000210
020000020020000000000000000000000001001
110000000000000000002000000020000000000
200200120001020000000000000100000000000
000201000100000000100001200102000010000
000000000002000002000000200000002120000
000000000011000000200000000000000020000
200000001000000000220000000001000002000
000000000000000002000000000210000000000
001200100000000000000102000000002200000
010001000020000000000000110000020200000
200000000000100000021000002000200000000
000000200011000000000000000000000000001
000000002000000000200000000000000000000
100000010020000020002000000201010000000
010000000000200000000200000000000100000
100000100000000101002000000000002002000
100010000100000010000000000002000000000
000000000000000000000000000000200000002
020000000000000000001000012000102000000
000100000100010000000100000000200200000
000000020000000010000002010000002000000
000000000000000000000000000020210000000
200000000100000000200000000200000000020
