35 5
00000000000001000442345000004410101
01213010000000540004005050501500000
20001302142110054052520000000420104
50300340005005000300020402203101150
40100000044000000000533200355310305
00000004000303020202000530000400400
21033000030500000000050430035232000
00015301011103045500050500550300000
30000000025000304300130003404014031
00005050010000023400000131200201200
11542433000002240020000000200013001
51000035000010424000040005000100300
50330050100021313000210000205000000
00005040405002120003000000352040102
55300004000032003000535005154013011
00015000300000400020102040020021100
30040402030404000450402513040510020
04001013000000203020000000402043440
00032000305045000000000500000001425
20012023321003005200055020040304105
01000000102000002000003101502400000
03304025501400020503004500000000002
00151240502201430022500003000040303
03500053400502400004100034050000003
02040000500200005230340000000000500
00000050401025300505104304020030040
44000015340304225040000050450003155
03051004040500001000000001100301000
05311503302042002140000002000140301
04000003401030000000004502000000001
10000000232003500002500410000500500
20014020000042330001020000003002010
04002224011500205100500050403000404
00420201000040003005020205230230101
12400050000044002130000000001034021
