35 5
25000500020000003020004050000403012
30020503052003050400500102000000500
01110230254002240000030000205002301
00520010303420304400000300200334400
20300532302200130204300514000040040
02020001100210250105040000000025000
35243321000000150020000000040001403
00503200101000450200300200000000101
02000020400514050531040000050204420
00200341100004103411421000001000000
20010550055004450002031500302400110
50000000000100144450430040000440001
00000000002400300002522000010030240
30400000000000041000002031400053000
00004500003000100000000000231500003
10000042002000002330310440304050022
00003031340000050230435402050005030
20000030203000400203005050000000040
01101010033000005000040000210052005
01005030050355020000003002101021500
55000003440000040100010000004003000
00400202002002041030044000010101205
42250000000000300225044004100004310
50020001313222004301000000200003005
00400003254004000050200001000120355
40000500300131025503000201000012000
00000502300100001502310400050113000
30500200435040150501000500100035003
00003120440010004304030001505413000
00021525020430004004004505300100000
00135530050205005030000003450054403
50030104000004141500500500025010053
02405000000140403303001400004001000
32004000250000040001205113105440120
05350002300000051201010034003000020
