35 5
30540125550004301010040051200100400
00100005302010000000400000501043030
45101000051000000501033503000300140
00000000500552301001004001003250202
22032020004350200500510005000011000
20200001001500004020100000002020003
30000002345000001054000000000400105
00005400410404105000000352000154001
04100404230334300020030500330005000
05004004053000030045201005300200520
00430024031401400023100000000000042
01000030300150000445100445300300022
00504421000005300300000315002000034
03001030254013425040034124003000020
02000054503300000024010000004502030
04400001000030002000005001050454500
00403242034000050042010050205100023
15000330402005402031000000004005112
05120020232451004400120200000200000
04045000043003300300220100501403000
50000030103320000030400101345301040
20001001012050314200151150011230301
00200030500000202103030505403130004
24004041100500000000200000203304023
00045050001002040000200000003010000
00002005000504301040000050320000301
00000000504400005100040120005200004
45030000010013030020015500240002302
02024000010000000035000301000000500
05033044050520005250040001002100020
00140005030002000200402531225200401
00200404100010200000133230500005231
00054000030000050200000000020000400
00010000000410001220044030250003440
50005000300300000100020015053015015
