35 5
00300003000200200302011530402000540
30010510400240022304001410000101020
50300040500100004010314030300034400
30000300250000000020433000003400200
00025000000340254050203052000450200
50050000001010000231010200013010000
01040200000000020003033000154300051
20000000010105130002003005414000000
13500020000250120055203040000140010
02001002300154103000000200500550042
03100405200054225004500050200400541
10000050543400043330000043050300000
00004000434102501243510030000000000
02101340253503050401102003002000320
00020020030040001534411100100030005
23053005050000000000045030400002040
15020000100000005343102041400043021
00000020520013000044003040200001100
42005000500200253405500040010050500
30023403005400003044004000002511315
00401001004020000000000005100000200
03215500003000520000000000000050110
02210000024041355320020000000001004
20040010205004101000000000000151000
00053000040034150103300000052000000
00520001000005000000000503500510413
02000103000200020330020053000305000
03504400103500350102332000021315440
23000020240000041023302530201050100
40411210500151500001004405024030440
15000000000000104000020220200001304
00305200040000000014021450000030240
00000003324300204004000000003000005
30000500320030400252144202054053505
05030011000020450000040000250104400
