35 5
20400255000302430030300020200053005
54103030040000000000242400100010300
04000025001005530505000144003103000
50031100000200000000003020002020012
04200303050003002414430141000030304
00530100000300030010012025500001202
05320300041510052000020000013040000
01500000050030500004233021005014130
10001045020032030050053202004000450
00200000100000540020000000224502200
02000040020500030053000005003430000
00055010410100400502500550004300200
00200240054000000500000500100510400
11003020001203040002010000100202000
40024001000540300000003045031500000
53520214000010430500340140121040000
04040000101000000000500000004051450
03104013021004013200005050300500000
10030100002020000310021400400020005
00003000000020055000005000405000310
04221050000302200320003013005000000
40000300010000000050000002300004032
00140305304004000050220110125030120
10000000020055030500015400003450003
02000015000320000000200000035002000
15252050050104004013400500040031442
30035030004404000402050001104052002
05004154300003404301201203553413531
00454500021510320153000000010051012
40420143204103501001400000200400520
30002040340404300053003030402050000
00340000355310403000412430300300000
42001010034410001420000001400000050
25122000402100005000000000050023020
25000304002000001011100000000000004
