35 5
00004000000050303002000000000005524
00011030251302044221010001530400000
03102014003420000502010014305000500
00304005420140002001112305030200500
20000003002130043020001010400000052
40000202500043004040320055101003000
00200000000002500400500001000010000
10004100000010010004000215250201203
00030050010401020030020030304020002
32121100050045300002150204550300040
02222003002000002010120102020220500
20020203500000000000125000000540300
02023004000500041012400201140400000
00250400000000004000405400110043050
00554000303001100002540030301300410
40400240004504003350143200340000020
00005000201030010500402002000000505
00000000100403020000030000000000350
10013035400000120400002005055505004
30002105040100200000400000024512003
52000010050403040000140330220030510
05300003033005501102000200401001005
20050350030521150110100000000104000
00300550340100550000220400030051300
00310501004004004400004030045000010
01005020250000030003341125000100003
01005103003040004400000000400000300
03130300015000130100001000050003044
20200500000000050403405001200422000
35040035000050030100540500400010040
03030003003005034040050334403400004
21003110004000502003242533050210340
00000220410000005005040125230100000
20033430500021500014000530055002102
04020534400003400003005200405001450
