35 5
00054010001002300000052000000405050
40350503000002000010000301001000045
04000000004100300000010144303500500
04555104102002001050335201040010200
00100000204000004240045055002500050
00003414003054000000030000050020000
00004340032420020000310000500000252
01050320050053055040012025000044013
00100405500002251554043000100052000
14500000000000245410000005001020005
33400050010000320000005103000203441
04550015101551000300001400000100022
13020445204000200030222020410000450
04000320000350250003400002104050033
50125000010210000000000440002330200
01300403020315013004050000400030530
40000000012000000001344130000053102
40000030315000000242203052003210545
40200152200020010000000002100100010
04000002435300001310050003020200200
00501351030300001420000100000043040
00005101500021103001302000000505400
40000421050500104350000000030000030
40300021303000024015020002500401410
00021003554000020020100132200000002
00050103150000040313203100343150040
20440500004003350000020000050051150
05030050440050022000100012000403000
00100300005002400114200030003440043
00205000030400000000033000540020024
00301002250000000010000030400405005
30300100234004020000030323000153100
00000443110000005400000000042002520
00150400430310022030000300201540023
02050110042300400240010031000300002
