35 5
00010003015002250014040433000342000
00301004450215000455000030001150001
00000500031000040300050000040020323
50500000544053004400000054300002053
50311010401000040404030401000102000
30043002101000310000000123500342042
04030000030402300220000010021000200
00400430000000300034051000000025050
30220105133200000020004002004005005
40102003440002502030000400013022000
00001000505040200500000004150030024
30200500004000101410404500000005000
00100013040000044000010000003000000
03055323203001102325013002000253000
02040020000000003310000040010020050
05000000021000403200310225300000240
10004010550005340552450020000031420
00053015035000350100000000000501403
00052104030331242040120001400025130
00020020200031020400010003540001000
00504150503300230400254000403030000
01003010005025040004452000050020000
15311500040402020000405410001035210
00003040332402005500030000000130042
10002300000510040000003454510100140
50130005255003010000230152200130000
02100230050202000100100020021505103
02500024545000003000000500400024000
00520503500000440500500000400040001
00020004400403105004000032455004032
04010053412100000500003020103000200
10000000205300201303000003223000000
15001400100515050400405000400501100
20000003300000301001004020005200004
10020000000013040214002521303100000
