35 5
44131050100400120500505014000010050
30110050031015003102010100000000004
12325000020003054000200010230000550
00200500020040203000000500010504000
00000003300031404000020550300000200
40140340024450305505001100303004033
00042201300305500040050310000230504
00200030005403200400042000040005002
55455204000010520020150000000025100
24020004005540020100002035335030100
00001000204000000030410000230415400
20030000054050100202102400024004000
00002500043000025111032000000201250
00300000010003500415040000004013400
01540020223300305102050010020330000
00000120055500021023500300410020100
40040000004004004441300004104001020
04002000001020001003004002400005135
40451003303210305040403510000205002
00004200050530123032030001005050251
42100002043510550000104210400205424
10202010500000000003500551000040010
32010005004000203000002004000200030
44005000010000000320014050000000010
00540400023010000000000010035000103
00030000000000300330503210000050004
00000203420300150301000000500010020
04000500000400203500140010030052100
00015213043101433000042000300445003
53003400300023000000020200001040000
03034020021300213040004005053042000
04212124355200001100150000000000000
33540003010000050000020045420000030
00020015100324450302000015030211400
10000045000000005343000301000000252
