35 5
24004540030035145300200420300052240
45024000405000000020405430001000132
40500400002000050003040540303000050
00010020540100035200003100010050004
00100025000000405300030020050010100
00005000012000210022000000540101001
30005000030053010050554110000111001
00000100100140000430350010100000000
50001000310445000200302505200332131
04450500005004000000120303020502455
00300320004000000204305040000000040
01000000020003043000100250401001151
20400200200001050005103102000210421
04005045100004033011043552000000013
30000100403000454000040002000233050
30024200013500100004010024102030201
45020030003300000001050010040250000
00001310020000520300005050000000123
54054300105453310000000300000015000
03515400000030000101430031002200300
04500010024231000000005020010000000
45000030005401311000000015200500533
00440002120001000000001001005000000
30300052000130000001000000005004203
22345400024300101000005451405205203
00000000004405000000004000510053510
00215020204002021001303005000002400
24300302004004130503002530001400200
43004203000000200430050000400300504
00202053000035314202300100000430045
30253042300200005200404203000005030
52011142004300003031002220002000050
00000200350000454100300000000400140
02505320041000004220300022100004404
01003400500203000020055000020400124
