35 5
00010100300303013100100000404252050
40000100000400031000500000020013150
01020004203305502045400550000025010
02233005204000504040251001001010552
00502100003002401030400001525000001
00000020010200113220300015504010023
02302030004020040050400030000031202
00025020000500034501003044000050502
00003231002000443010000500204200011
00003201000042035000200021000200001
00503000103000035401520402002000002
00005340402000100000020030005000122
04200200500050300000000403050005304
00010003003000050502000000404000000
25005003300044300000302300000031000
14000040403000130002000541100000111
00044300540000000005050000410300044
05005200000102005450000005000530101
30000301002040310005040240020002120
42000403050501045212500010405005004
04010004000035021000005034230153012
03000432000500105353503000300020000
02140001302400201005021051035000203
00503053300400003001000000004000000
00005000000030410000040100500010154
00503553535322000410020040005540514
00330031100105305005000020003300002
00400000000120430020000352020040002
42423302020043300000300102000400500
04000200004444005400102534304335000
00400000015000100034450300002100010
55000250501000010442400000000050221
03214001000000045010032040000100400
02000102041044000312000025000130415
40051001000103023001301400034000000
