35 5
24310010010130021050040002315200000
00000000212001350001101000502002304
03000000002400000500020000504000021
00502000121000300002004501410420002
00300000041020510001400555002334004
24400054030224002000250041502121002
30020305030005350504000435000400010
01010030000035001043000504000024002
00400300451125000000520500054000003
00402155320000040005501040001002010
20000003000032000010050030525411020
54042050000400034040052010425000030
01000005000000024540434005021001030
10000000504004002010000030301040300
01030304030551022050040414300003100
10010020025002510001140000000001000
40000105320200000355555003042430030
00040103015031100201003300001000104
00502400003003004301520040100014000
20502320000403000530010310410000101
04030030200110503040003020000000000
00500020050400500305000533045400000
44020000330000000020303050050045000
30511005250020050300200022053000000
05000303513003402020000005004000000
20000030020000400025014010303051500
00052400300000045000020030005003001
54000030035010441200305141504300040
01005003000414040000520520200303000
50000000304005000231420000002400300
30012200430404004030000001100104000
20100010000100023002340003100010025
02045200000050101043205040500055002
02020104021400000004033003040050300
00335002020010000100020004002400120
