35 5
00040030040050233000200003000001450
22000220055000200020303000010400020
24000100230312010132054440505501010
30000000301000044040103102015400100
03000440000201000400330000000000000
10050400000020004235314120534010200
00000404042220004025002050010400000
03300250500000004400003000000002232
10034000300235010400200543031003131
30004000005000002035000110004002502
03035450300402000001000000045010010
52420000500000030000001000000001010
00000000020030000500240000000310350
00200000043033540310430402040450000
01003400045304001540001200024050000
00002000453000000000000002310035300
00011200020022253500520100030404250
52002424002000002240300315030400532
00051020050032004301405000000040001
00052051004400024000401302000000100
00400020405240000000201001230500010
34005041001411000032005000403031030
00224005000000001000011042000030101
05000420001204500000025023000540125
52340025510000453430452000400110005
01005012340051330044422030000100200
00312500300005002504010310033000050
50055130300041344000002000003150005
50000100015000450000103000300200300
23400000010052000003550210002005000
30005305200001140500033123220100300
00000001040220035120500102000404000
00500000300000030005004000155101501
01100050130000005250000005410500005
40000154051054331400100300400000400
