600 1708 600 1035 6
398 566
402 567
60 190
286 428
128 244
207 520
280 438
163 573
102 133
388 535
474 483
24 389
526 530
122 582
65 334
58 307
271 343
175 297
154 372
256 565
107 596
203 242
190 501
127 426
182 472
105 303
19 323
6 416
165 498
134 196
25 315
385 427
145 565
360 441
409 534
0 399
47 241
283 364
384 481
89 544
185 269
174 397
323 394
288 496
111 275
66 227
112 577
335 524
119 423
124 316
74 483
146 151
132 567
113 433
31 44
117 127
274 383
292 376
282 362
273 378
266 271
25 121
245 339
120 348
213 248
395 464
404 458
91 280
197 577
102 477
59 363
13 198
3 119
18 425
188 526
301 494
161 164
69 132
302 572
33 210
171 517
465 544
101 181
361 568
226 386
531 549
34 212
266 365
26 402
192 208
256 323
391 584
280 475
261 547
499 569
210 422
50 301
3 532
329 518
42 271
29 195
269 528
403 485
32 187
407 551
451 533
114 441
40 207
74 309
169 464
2 89
19 256
367 506
376 538
260 443
502 510
357 587
133 281
25 259
343 397
48 339
162 212
102 502
340 516
528 541
515 594
39 48
1 303
196 229
161 375
382 440
246 475
175 449
378 521
465 568
83 103
124 462
176 277
415 535
353 489
137 291
98 593
223 436
272 493
19 565
128 333
449 551
279 353
76 90
143 299
202 466
2 490
278 589
154 411
301 595
250 381
61 214
434 468
386 583
91 182
298 544
324 436
382 517
277 558
57 275
204 341
45 541
139 149
172 445
272 500
0 241
135 431
76 570
415 503
110 523
224 313
342 498
354 359
93 595
2 149
196 529
254 565
17 71
78 371
311 484
82 117
192 341
43 440
528 573
96 499
160 447
327 445
25 131
309 515
125 484
205 217
135 212
6 80
85 190
65 226
49 308
225 456
92 252
157 184
321 327
8 156
92 233
28 150
445 566
152 341
170 281
178 375
2 61
142 223
207 511
91 438
21 262
40 79
412 592
68 192
294 466
23 508
18 514
126 524
105 420
86 388
59 481
169 395
262 439
143 197
46 548
55 225
58 524
185 508
306 342
52 242
56 466
74 460
483 519
104 535
387 566
14 439
269 433
370 554
363 572
427 478
143 200
473 481
145 324
80 172
220 404
339 562
278 595
130 219
480 570
308 554
72 349
147 540
229 552
160 263
270 512
153 341
148 225
7 225
91 472
73 497
211 505
159 516
35 548
74 377
209 536
336 461
67 196
467 558
20 393
411 412
20 535
82 222
37 345
345 485
0 460
470 598
225 334
197 200
128 533
96 324
396 539
469 571
326 435
345 476
118 584
544 556
215 382
91 176
113 172
108 597
360 456
247 359
262 384
112 451
37 555
103 569
182 438
343 527
202 517
251 342
73 106
115 431
303 553
156 275
352 519
10 431
47 289
61 89
136 208
390 402
179 487
62 476
114 464
71 238
258 594
151 255
9 429
272 596
206 295
529 533
260 559
127 142
57 496
409 507
464 526
432 529
132 390
369 578
33 108
342 355
412 526
217 351
7 456
81 239
259 523
25 523
95 410
259 310
25 219
52 401
166 461
195 580
268 354
67 529
214 403
263 504
51 384
108 262
4 151
55 148
227 531
319 494
163 385
217 411
52 586
237 479
72 100
295 464
409 550
137 273
222 435
464 530
233 400
213 401
243 574
129 250
352 374
377 460
72 462
3 339
33 227
191 295
79 352
431 522
211 422
277 487
170 525
21 239
174 343
473 598
253 425
357 451
295 360
358 472
475 487
293 341
409 424
38 578
478 540
35 46
304 495
87 585
115 277
332 543
107 272
201 493
399 474
76 95
83 263
37 476
156 426
7 299
82 353
231 348
56 294
284 549
159 560
29 461
137 378
4 175
300 527
530 547
232 314
301 471
270 545
138 371
165 216
258 515
98 584
584 593
476 485
322 564
72 237
326 426
40 591
154 374
465 556
54 388
50 494
123 502
430 465
355 376
263 517
212 457
145 233
313 566
168 296
36 497
165 355
266 343
324 565
63 165
297 492
456 493
171 252
95 346
302 370
17 463
370 549
134 513
146 450
165 265
106 501
166 304
49 565
86 535
234 449
52 248
47 459
399 460
276 304
367 402
87 396
370 561
220 269
382 466
161 548
414 469
242 543
35 276
336 484
15 316
275 426
72 590
5 369
218 516
200 325
221 366
30 421
317 570
206 386
116 192
44 331
274 368
153 448
79 515
505 525
430 486
300 446
503 535
385 573
519 594
571 599
43 254
42 60
143 500
57 326
221 425
113 541
182 213
94 386
446 527
176 437
155 554
67 112
554 561
155 440
278 522
363 598
392 574
287 316
502 511
390 506
116 208
117 426
141 159
245 459
22 247
282 364
106 389
215 447
61 485
184 221
167 279
59 597
305 323
174 266
120 542
114 360
539 553
463 569
96 252
6 566
9 177
99 390
130 189
366 379
351 411
191 360
169 453
336 343
15 286
111 555
362 490
235 387
11 25
539 588
286 546
266 350
87 154
64 391
22 406
38 359
311 338
4 450
294 565
95 570
53 210
16 390
122 305
274 511
470 561
45 528
360 493
22 555
159 232
255 270
54 509
385 478
97 379
82 489
419 453
442 447
220 458
36 190
11 260
243 503
93 522
319 458
139 249
292 521
35 179
382 447
255 512
486 576
185 528
17 569
120 314
55 381
69 99
30 344
285 473
306 376
529 552
122 394
218 232
84 563
70 392
152 192
30 40
330 375
413 509
173 581
339 423
298 465
126 307
128 136
22 173
344 421
506 580
146 512
79 207
346 459
199 274
311 527
113 347
274 563
193 372
7 325
384 597
189 287
194 396
34 101
352 594
71 436
557 582
21 81
199 563
20 417
135 397
166 484
254 308
57 288
326 575
418 479
14 211
371 387
252 499
559 569
276 338
129 204
307 524
157 481
141 523
240 422
288 555
31 113
470 572
427 540
253 589
28 31
315 428
15 287
383 563
202 252
267 401
241 289
16 506
121 287
52 203
504 545
62 485
163 508
186 580
361 369
428 489
13 323
166 276
440 554
42 365
24 190
80 398
243 415
427 454
48 401
33 507
118 448
234 263
455 488
393 574
344 520
81 242
219 287
214 298
44 113
168 457
97 182
131 428
62 249
578 581
94 583
29 495
88 443
79 383
161 178
179 338
85 365
19 482
391 451
424 550
25 130
228 593
226 456
300 397
75 111
199 583
13 122
214 465
23 185
422 424
48 245
47 317
470 473
237 434
15 320
273 376
76 332
260 551
193 411
24 106
348 434
89 364
58 204
399 420
78 413
204 250
212 497
75 476
483 594
78 104
257 531
441 596
179 311
213 267
243 568
403 430
102 368
112 391
81 421
184 366
82 435
131 315
38 581
178 179
287 320
40 570
29 367
195 564
54 503
42 452
118 325
78 224
153 250
3 518
81 332
525 579
89 298
400 466
349 462
333 492
449 559
163 482
111 288
253 514
27 160
50 433
179 475
88 238
260 449
118 152
123 170
102 170
203 366
238 428
43 294
359 469
407 449
359 414
297 450
418 552
127 156
140 507
27 263
150 181
187 568
128 290
240 281
18 221
118 200
189 219
78 86
281 525
143 325
195 367
144 310
224 491
299 325
134 536
271 452
90 95
94 199
30 480
479 552
133 240
137 246
570 591
323 490
269 541
165 373
546 575
317 377
330 373
82 575
35 178
100 237
84 374
404 561
277 300
150 162
32 413
135 266
460 483
343 452
44 347
314 333
215 440
267 438
115 522
402 506
385 454
238 279
215 549
136 492
26 367
296 457
180 474
275 405
18 253
157 425
82 426
199 368
107 169
451 587
181 327
394 436
6 540
23 308
522 558
58 270
162 457
193 563
14 505
135 318
216 375
61 62
15 546
264 427
364 427
229 418
77 316
100 479
304 567
80 478
0 109
534 550
182 267
109 562
360 464
197 500
54 187
437 467
244 533
134 209
84 383
128 451
70 393
86 413
244 432
455 577
478 573
404 554
73 501
207 274
306 538
290 314
39 267
329 521
203 213
67 587
55 236
70 417
589 595
252 400
395 592
387 491
68 584
76 543
444 547
233 252
100 462
232 297
67 134
325 448
206 261
185 573
507 524
36 318
12 407
205 453
171 569
196 209
430 576
435 575
116 492
464 547
55 334
257 442
285 494
396 553
326 405
103 559
116 293
491 566
380 424
141 259
513 536
414 571
217 592
92 324
109 241
171 499
180 483
69 567
376 521
137 280
113 301
119 518
21 51
334 477
347 457
51 262
60 85
216 373
417 571
249 476
453 592
285 471
45 80
173 345
158 529
23 404
364 454
428 546
388 509
110 516
98 455
364 544
9 275
354 469
243 361
188 412
438 537
187 503
319 561
23 220
181 230
19 362
355 498
97 472
280 378
205 539
255 504
39 537
280 537
224 413
188 261
108 284
261 386
253 278
154 351
47 377
49 508
367 580
133 424
23 269
471 589
166 311
54 535
18 358
129 550
106 387
12 340
421 579
32 224
322 336
67 158
183 570
190 389
20 70
36 350
224 371
361 576
144 348
425 514
188 563
55 408
216 330
461 495
548 567
180 420
163 283
332 480
48 423
80 573
128 492
220 433
1 87
65 225
39 401
9 557
276 311
210 211
242 586
283 482
125 461
556 568
63 328
279 436
349 590
7 493
70 574
405 426
169 419
237 552
368 583
245 562
68 152
420 474
447 517
37 75
75 249
208 492
39 521
139 177
485 581
193 412
218 407
309 317
306 355
191 456
369 576
12 110
204 550
256 324
19 49
62 149
295 547
7 148
4 297
43 155
363 481
284 531
311 446
282 490
187 509
532 562
325 408
228 584
159 542
58 550
24 104
518 538
88 463
282 312
265 532
140 524
77 124
317 346
425 589
409 422
98 112
73 190
279 489
35 338
126 545
31 331
89 312
372 411
276 567
366 472
112 587
97 366
27 126
398 445
120 232
13 490
313 416
344 579
330 337
1 553
53 422
66 126
85 350
116 297
346 410
28 181
429 557
40 183
105 519
39 329
228 488
84 193
135 296
432 533
293 450
236 334
347 595
34 162
175 407
75 555
467 472
380 477
203 379
328 390
200 584
137 475
521 537
442 531
76 586
114 596
172 327
108 210
186 367
291 375
43 382
309 483
312 490
125 336
146 255
236 250
8 9
414 599
300 487
203 248
152 153
111 496
232 492
308 508
244 314
515 591
215 257
55 250
198 323
370 440
36 85
334 380
462 513
232 407
433 458
342 518
138 387
324 394
321 445
164 337
344 525
32 147
12 260
107 464
26 567
29 304
80 540
370 470
230 327
336 564
335 534
71 279
172 230
149 429
151 234
1 396
144 468
314 432
216 355
493 500
329 538
369 486
192 293
516 560
437 558
42 564
356 539
356 588
119 329
60 365
111 249
40 515
120 432
41 239
212 318
258 483
209 513
328 337
292 538
81 480
369 430
70 469
34 497
77 590
56 145
65 477
142 436
200 228
59 108
106 235
21 41
295 444
281 505
201 360
100 418
368 502
196 552
268 578
540 556
95 586
58 335
147 556
5 430
132 402
79 594
153 204
482 508
71 88
164 328
389 501
98 391
168 522
395 453
86 104
46 178
372 374
313 491
24 138
407 516
63 337
221 472
342 532
103 171
264 544
110 141
331 457
121 590
157 285
32 509
340 407
33 284
11 443
112 455
122 323
46 161
28 162
568 576
53 507
458 561
572 598
116 450
34 150
28 230
71 499
268 469
368 511
294 382
207 510
265 328
26 29
63 265
420 519
227 284
110 340
136 391
553 588
184 384
141 542
39 423
219 320
58 341
179 446
270 307
388 413
5 581
207 502
10 296
232 333
71 96
22 359
64 451
99 328
299 500
336 452
154 303
100 513
180 519
14 210
234 255
59 284
222 575
188 530
277 280
178 246
319 470
432 552
131 238
93 168
122 198
102 583
177 429
22 581
87 351
194 351
408 448
369 574
237 348
88 131
58 534
173 485
11 523
22 38
122 557
31 172
62 139
284 363
359 599
21 203
18 278
184 203
424 477
411 592
139 429
409 524
96 436
106 138
167 436
97 213
159 218
68 136
42 322
147 224
323 324
25 189
76 480
309 591
212 296
358 558
34 73
77 121
278 558
99 132
9 122
51 184
299 493
380 550
272 441
231 237
524 534
115 397
128 314
201 441
247 406
172 541
168 595
216 291
284 302
371 491
17 499
209 418
226 583
92 145
257 447
21 439
151 449
137 178
346 570
103 517
201 272
188 547
265 342
102 226
283 385
341 512
33 53
254 554
281 422
8 275
260 463
273 291
26 304
78 138
286 320
123 525
146 293
168 431
395 526
109 289
164 330
131 443
30 520
292 329
41 421
460 474
321 566
171 202
12 551
348 432
264 556
53 409
397 431
406 555
397 527
421 505
219 315
318 350
51 203
158 533
213 379
87 194
23 554
83 234
416 566
488 593
147 313
439 505
237 468
293 512
13 582
302 363
3 562
11 110
205 419
105 374
13 149
125 166
29 336
430 568
91 467
473 494
55 153
263 545
334 550
285 425
3 251
301 347
283 454
291 355
468 590
127 353
133 477
345 555
147 568
19 282
164 548
301 589
172 398
329 423
77 287
2 13
277 437
27 66
154 585
350 365
28 457
418 513
72 468
2 62
66 442
36 73
30 183
73 101
48 410
121 189
101 387
401 586
126 263
28 172
122 223
191 226
352 383
251 518
93 278
410 459
84 372
45 573
285 301
79 274
219 428
142 167
369 392
103 449
158 357
25 310
13 429
45 172
270 504
117 353
426 435
24 78
21 242
167 353
358 467
11 131
218 560
10 135
61 298
206 444
245 289
343 484
173 555
425 471
141 348
202 400
61 403
120 159
241 377
488 577
219 286
313 540
257 549
273 521
194 539
308 565
144 259
15 575
282 482
289 459
184 425
47 346
466 517
240 424
261 444
27 447
433 494
361 574
71 463
101 106
94 261
6 398
69 548
319 433
278 358
84 352
65 102
433 541
310 468
228 577
303 399
92 96
121 468
262 597
227 442
101 327
233 466
481 598
103 234
489 546
29 564
440 549
231 432
265 498
312 364
191 206
277 522
82 546
266 318
20 415
124 590
115 300
374 519
55 325
276 548
322 452
141 144
5 578
127 167
126 270
275 496
91 437
188 193
277 475
14 262
242 332
198 305
306 518
66 507
111 177
176 280
63 330
290 333
68 118
70 268
69 164
14 108
138 235
83 517
221 358
145 466
463 559
110 260
183 480
303 585
258 309
271 365
89 490
64 136
280 521
40 520
238 489
392 578
205 356
267 537
16 580
48 459
68 208
309 377
109 245
206 226
510 520
160 517
177 249
166 495
8 122
254 294
225 226
297 407
209 229
317 591
282 283
44 457
184 481
291 376
323 362
105 154
41 81
140 409
251 532
194 205
141 516
231 552
348 542
153 408
41 439
142 156
284 370
370 572
135 174
133 170
243 393
9 111
147 187
234 504
261 563
157 473
508 573
318 497
90 570
153 381
484 527
13 557
264 364
126 507
20 243
41 505
443 463
217 453
136 584
69 328
481 597
321 387
178 291
7 55
119 339
457 595
502 520
20 571
30 81
158 587
214 430
123 344
57 405
34 181
155 254
28 331
179 300
354 578
241 460
417 469
427 556
63 373
197 272
296 431
357 533
197 228
8 223
543 586
416 540
427 320 476 452 182 564 507 556 465 217 206 408 289 535 29 521 64 468 433 454 339 585 134 372 573 232 31 81 51 447 69 404 92 247 103 572 85 567 591 511 458 431 135 206 457 197 122 444 247 196 370 322 394 276 488 451 110 556 267 497 2 474 142 486 54 521 129 429 546 563 481 525 479 78 505 28 254 349 404 539 428 3 317 511 102 4 556 88 407 563 215 40 529 261 502 445 246 585 152 78 253 442 193 20 521 257 113 265 7 139 106 54 544 185 39 540 475 380 575 466 509 451 478 349 174 457 5 285 395 65 439 184 130 241 200 361 590 4 80 334 124 282 254 230 589 388 385 169 259 505 51 266 541 352 346 3 244 20 334 299 48 276 92 348 474 476 247 569 308 47 443 566 260 51 403 304 411 248 533 36 394 597 290 525 232 34 155 586 137 256 73 381 207 54 251 267 569 547 191 282 207 345 369 463 320 428 335 59 425 537 67 240 410 26 101 238 191 447 434 352 399 590 534 515 339 409 143 30 563 361 515 534 439 5 551 323 399 87 537 271 443 40 178 439 411 338 152 529 538 277 381 155 312 253 499 62 176 254 167 380 201 257 181 279 455 224 435 356 579 387 457 402 597 174 245 579 245 158 295 42 171 30 484 217 256 34 563 389 350 27 6 375 512 158 46 535 569 537 146 113 173 427 116 483 579 587 344 304 5 580 103 70 318 109 24 260 229 202 114 564 191 143 25 256 186 509 72 195 157 52 278 424 431 127 186 222 501 271 291 581 265 378 132 397 184 223 216 265 327 206 137 334 215 22 543 163 94 244 524 236 192 259 104 494 423 555 23 319 298 203 379 273 122 389 345 156 565 422 9 516 266 241 181 251 155 391 198 276 52 209 335 146 417 484 11 207 84 345 72 557 308 573 415 464 268 75 577 382 434 399 40 418 41 144 587 511 119 288 385 359 385 548 200 507 320 5 305 437 596 428 418 385 458 292 193 221 39 532 436 299 310 47 254 552 405 449 384 57 254 517 35 564 532 337 580 333 565 521 429 465 179 107 354 147 501 94 96 384 333 397 7 184 402 33 289 453 145 237 581 370 554 589 187 48 13 354 448 89 597 441 477 181 215 315 122 160 242 558 539 82 413 236 12 520 287 188 64 553 322 169 440 307 516 435 263 345 70 91 304 207 130 208 193 256 540 257 246 156 28 587 193 31 1 316 122 564 415 44 436 501 550 125 185 100 161 335 84 78 510 81 531 551 339 215 461 245 385 41 428 519 529 393 298 405 11 108 308 387 535 447 188 291 38 441 344 149 525 48 420 290 473 190 403 263 525 597 166 529 553 244 524 54 518 356 219 110 203 296 186 592
361 983
123 983
724 180
552 971
246 340
871 146
811 423
128 567
573 98
608 121
830 640
301 178
280 228
650 195
409 638
329 56
981 984
411 250
650 665
637 298
988 202
461 698
829 13
641 416
995 438
273 133
921 862
413 455
808 528
952 823
350 766
758 497
888 327
397 547
885 534
830 852
941 582
762 36
899 70
582 837
308 818
400 704
999 705
549 374
766 546
727 450
795 846
413 917
505 863
620 316
698 509
498 664
500 764
376 588
977 293
169 535
501 325
546 16
271 475
476 555
998 633
766 181
690 152
721 989
92 341
200 622
407 482
5 213
117 407
845 909
968 170
390 213
124 53
954 541
333 924
720 41
430 814
224 43
961 381
244 846
762 419
428 757
438 60
378 366
173 834
960 619
984 361
98 927
361 201
753 206
423 838
658 752
497 259
744 643
160 721
444 851
457 222
582 750
66 377
868 963
103 74
907 496
232 679
366 328
990 395
204 939
956 496
2 656
441 582
445 985
269 206
622 46
13 332
725 515
36 645
768 698
189 362
450 91
107 467
560 919
124 205
209 75
582 181
295 724
192 1
888 786
374 451
492 86
121 300
237 545
298 109
337 159
873 926
273 639
0 78
854 642
123 346
711 841
943 436
674 127
351 517
207 192
488 136
70 514
227 143
515 287
232 425
862 317
159 562
657 170
833 514
284 366
152 452
190 482
119 873
553 409
512 112
589 599
38 225
163 244
433 413
806 886
819 566
693 372
785 901
689 942
864 799
461 136
770 638
3 723
269 669
409 293
778 481
821 82
872 676
271 323
684 747
640 93
777 828
784 803
251 954
861 494
615 775
345 794
548 648
665 405
966 899
911 275
96 764
260 108
988 561
102 628
161 410
113 812
46 912
989 832
8 173
25 505
628 209
166 748
66 479
50 595
442 327
510 701
254 493
3 944
144 664
262 803
160 365
35 105
410 606
379 644
861 581
555 750
805 185
480 415
734 909
56 881
226 267
318 92
648 442
626 697
426 32
517 165
903 367
171 593
167 639
406 518
27 443
30 155
807 490
105 153
185 269
478 309
335 360
947 468
193 556
127 127
384 168
419 733
303 644
387 976
461 770
927 230
97 262
493 959
744 834
945 15
531 747
676 89
224 523
594 961
459 260
674 618
570 345
287 408
610 278
456 430
309 908
255 150
320 241
111 725
457 628
380 400
792 309
692 991
922 652
574 796
907 143
671 462
309 428
941 699
17 567
679 838
200 792
563 71
854 828
754 762
691 643
408 162
647 800
330 678
693 286
722 321
489 492
622 569
366 85
268 60
649 13
435 928
135 274
697 874
642 875
219 400
542 350
91 674
820 616
221 321
809 214
70 558
775 737
688 546
514 494
163 987
888 844
603 205
639 917
307 452
606 363
353 908
222 107
846 771
728 280
876 377
122 244
334 111
217 6
384 880
885 598
613 525
304 66
867 451
984 759
617 234
571 273
108 524
505 11
846 467
787 992
595 873
764 950
784 518
436 790
168 291
214 587
306 502
923 774
784 966
816 810
520 931
247 221
217 448
628 984
858 702
331 732
794 76
434 885
739 553
145 172
129 23
933 620
94 888
208 866
425 103
924 102
667 926
8 974
55 275
658 691
950 48
60 632
874 208
657 270
499 533
759 275
978 656
578 702
950 872
220 740
883 173
543 464
941 409
139 827
741 940
170 887
755 897
663 901
370 943
649 826
539 721
274 590
180 508
506 358
190 814
517 644
711 355
149 697
913 447
980 318
978 468
898 959
61 340
910 170
949 208
540 177
10 751
85 954
826 697
795 443
299 996
455 287
526 818
929 914
792 151
593 454
543 45
858 4
247 286
145 530
333 546
470 875
99 847
85 796
949 313
988 62
973 222
843 404
989 139
67 124
4 822
206 967
388 734
354 613
541 888
306 590
614 627
478 53
775 329
361 119
658 146
836 191
808 657
82 197
672 492
158 125
457 18
474 185
704 733
615 799
419 676
551 438
22 599
437 456
340 183
123 697
834 444
803 765
453 399
150 495
299 307
215 376
70 294
958 718
18 847
746 333
25 362
113 598
798 580
635 463
452 904
337 977
933 797
74 13
362 238
24 683
826 249
483 342
668 720
188 106
964 112
560 526
655 571
629 729
589 544
271 979
723 811
728 87
259 615
764 361
90 104
396 811
523 598
686 320
294 936
889 757
762 109
861 184
744 785
33 418
394 110
708 221
903 425
158 327
74 601
641 542
916 826
586 32
916 549
663 982
428 271
54 537
978 521
251 742
940 269
352 399
364 678
948 940
375 525
659 371
928 298
265 767
220 778
244 449
33 32
649 629
305 858
222 235
440 353
609 940
215 912
300 765
629 853
751 672
240 177
336 492
313 696
34 752
835 722
694 439
63 214
40 716
442 486
580 995
74 255
322 521
981 264
18 56
617 826
610 904
35 960
822 338
731 486
172 216
467 815
787 250
345 426
396 65
66 680
834 880
513 458
265 541
296 278
70 161
86 989
586 413
740 0
824 300
626 140
688 683
334 282
193 244
576 482
516 1000
157 776
997 782
576 300
853 427
867 885
860 251
382 281
383 853
999 111
550 503
712 388
939 186
402 0
854 224
10 401
870 114
353 706
1000 927
851 97
622 175
193 699
98 379
117 950
490 826
30 263
33 987
670 591
186 41
350 867
77 829
42 389
276 880
730 614
9 625
494 573
528 558
996 29
