600 956 600 1064 13
65 197
271 275
105 373
214 364
68 544
302 385
84 131
335 544
3 543
216 285
95 360
113 188
128 175
53 129
257 514
109 123
170 283
257 477
410 545
62 307
231 490
319 544
107 464
62 298
338 528
265 329
318 465
368 519
98 211
25 571
110 422
366 560
244 520
270 583
267 445
221 466
357 436
15 472
31 472
66 241
425 531
538 571
7 66
162 539
448 584
419 557
179 574
88 379
72 198
413 516
64 477
235 474
134 510
20 199
336 391
98 333
33 580
431 453
155 464
309 369
120 145
391 430
118 239
434 561
120 135
28 503
119 459
401 459
153 546
22 422
261 346
174 478
139 596
395 490
8 463
198 239
2 591
408 573
9 576
240 267
140 496
127 579
252 344
218 507
461 479
149 178
117 212
421 482
5 331
108 541
127 499
23 29
387 537
517 530
183 578
132 589
171 350
193 569
174 270
51 380
290 291
162 209
188 241
68 138
144 386
396 434
11 252
270 478
63 277
395 485
50 273
61 204
214 353
448 549
31 359
389 470
66 368
18 243
265 549
268 307
120 522
315 590
24 523
275 301
17 518
254 452
83 410
223 298
229 391
112 265
424 492
219 596
140 410
1 366
336 487
66 67
373 516
366 470
172 550
268 392
118 558
67 372
209 412
4 255
229 522
13 104
93 587
83 248
450 592
121 338
293 553
168 195
177 429
470 506
236 467
383 575
165 297
509 518
416 559
370 489
165 240
68 475
145 290
281 324
219 240
238 267
86 104
167 213
137 565
250 491
179 390
104 457
478 594
271 340
81 498
121 415
82 191
209 515
115 321
223 268
227 562
202 509
566 581
459 468
34 69
116 403
114 569
200 492
192 347
533 599
126 346
475 592
345 586
488 493
295 494
285 288
123 134
79 352
333 495
99 258
161 291
356 539
238 393
404 583
26 170
185 396
109 589
60 440
274 276
53 69
229 314
323 363
170 212
13 147
163 352
358 367
5 240
525 555
219 533
201 233
30 508
99 515
21 81
144 380
151 219
302 489
93 106
251 387
238 418
156 280
206 513
350 367
30 428
196 284
393 418
66 289
52 316
38 209
61 122
423 493
178 454
41 291
105 317
254 269
394 463
10 388
376 434
326 394
44 100
66 141
262 407
382 592
52 312
497 535
182 279
125 599
54 155
425 511
66 250
405 581
215 380
297 381
35 192
134 524
9 147
156 529
21 28
260 525
144 187
67 368
153 560
30 271
19 363
475 520
191 344
86 395
305 373
153 429
150 349
352 587
425 554
479 599
511 538
251 557
99 412
107 173
217 264
94 551
444 529
88 386
113 241
196 514
247 336
270 494
431 501
148 329
232 591
223 292
122 437
159 190
205 209
159 281
579 586
249 259
386 588
186 237
268 364
30 362
322 511
25 206
265 511
83 137
433 593
2 64
377 534
12 78
311 380
249 421
397 437
106 225
217 226
316 575
172 552
413 435
426 531
178 262
160 502
388 541
181 356
439 590
263 463
392 422
34 443
154 186
120 224
266 537
480 503
82 344
71 75
433 591
47 328
337 461
330 530
137 248
145 522
108 256
402 534
124 551
287 552
269 348
218 231
364 421
322 486
116 526
393 596
248 565
80 170
269 424
529 555
146 580
373 413
67 553
380 385
59 320
270 404
24 213
114 193
259 396
191 252
351 406
55 530
150 281
280 418
523 598
69 278
63 250
302 370
11 374
67 293
68 335
21 341
159 548
358 540
376 561
405 555
387 557
46 336
118 126
414 594
177 215
138 319
185 259
22 223
360 378
116 134
411 581
158 227
232 339
100 535
28 325
163 386
96 216
126 417
245 304
98 221
154 467
97 328
53 273
61 349
106 577
440 462
189 200
191 262
192 476
136 579
16 221
50 228
71 354
274 418
274 334
135 173
163 587
55 183
41 558
96 481
126 198
237 467
387 398
355 465
76 138
159 484
112 329
56 210
147 218
201 466
188 595
499 579
576 578
451 455
479 482
58 597
216 481
31 205
226 359
171 199
184 326
234 353
73 520
316 563
427 432
106 587
562 583
28 81
2 232
258 412
135 290
188 469
13 399
260 327
1 180
164 195
17 121
374 572
69 273
90 203
219 331
206 571
306 494
253 490
81 463
225 514
219 561
152 533
10 15
202 344
255 496
19 388
151 393
241 409
39 301
9 13
12 384
426 568
277 522
236 237
212 283
345 563
10 19
248 419
353 542
222 497
306 308
175 441
245 554
41 118
495 575
271 508
402 426
78 371
100 497
353 536
137 245
106 593
339 466
118 198
246 534
244 447
132 510
11 205
3 313
48 373
58 235
280 566
246 402
18 164
57 424
397 450
67 446
18 208
573 592
460 511
562 584
50 355
144 163
245 423
190 500
82 518
57 296
45 459
38 162
27 462
337 533
304 441
11 169
32 342
197 310
289 519
406 418
449 506
242 477
285 320
321 447
33 474
120 250
111 470
30 424
62 210
334 558
196 498
192 419
362 532
121 528
100 407
146 398
154 176
52 333
378 542
47 569
279 428
337 381
378 536
93 352
160 436
116 299
369 372
312 333
58 190
92 307
7 141
296 477
30 532
225 471
109 510
25 75
431 432
379 591
325 394
0 346
507 547
272 597
294 576
150 324
70 429
279 477
51 590
319 437
19 108
485 567
8 284
312 495
114 305
217 472
175 176
183 222
251 474
365 489
61 216
158 243
293 489
213 526
25 154
43 55
31 226
36 526
172 287
87 181
245 531
124 192
327 555
474 580
159 500
251 580
157 342
493 534
69 318
60 237
78 384
135 409
267 418
62 582
20 322
119 441
101 435
23 184
265 426
80 283
41 343
79 439
128 186
291 556
60 505
12 596
51 103
1 449
415 579
296 428
141 237
210 381
156 327
311 439
329 511
215 385
179 229
107 470
70 302
283 341
22 153
262 454
175 398
113 519
51 315
377 545
379 386
4 484
3 408
155 161
149 323
124 410
471 593
91 527
252 358
102 385
341 480
107 389
286 480
407 455
123 132
50 318
201 365
59 437
74 427
57 242
372 553
11 472
98 499
324 437
249 364
243 404
277 462
9 301
359 472
351 464
308 332
453 517
19 454
117 564
257 456
361 501
488 545
365 383
92 337
254 427
429 560
206 350
471 514
215 311
478 568
17 100
15 262
191 451
214 542
75 206
53 505
130 207
349 465
35 438
400 483
53 462
203 373
497 504
71 563
318 443
294 453
303 542
108 160
414 568
309 372
583 584
105 328
19 178
486 513
141 250
77 118
183 517
218 399
83 347
129 186
220 523
32 148
88 593
213 564
146 266
25 166
320 552
167 283
142 538
46 179
42 53
139 376
115 140
402 414
242 296
513 538
266 398
438 551
208 308
40 72
82 451
460 554
86 231
41 483
497 578
99 209
85 236
72 487
95 325
152 461
50 69
230 346
283 299
393 566
222 578
109 570
252 374
158 168
133 573
102 302
6 157
59 285
458 586
447 520
352 590
35 551
37 575
402 568
199 513
153 420
155 291
35 251
469 489
126 230
65 183
528 535
228 465
45 571
103 590
311 590
461 533
181 317
396 599
189 242
126 525
0 261
113 368
259 482
198 390
100 455
166 369
24 524
277 440
169 262
228 318
300 535
16 86
54 400
10 264
423 488
42 273
46 390
291 314
483 585
117 348
49 393
331 337
26 341
12 131
21 480
344 358
111 389
71 206
411 527
10 454
521 596
398 537
66 519
3 143
348 424
448 568
85 369
272 355
227 243
101 413
304 565
117 170
154 166
91 393
217 256
176 571
215 429
111 469
255 543
216 465
12 521
266 580
322 329
6 32
270 306
179 391
18 332
14 325
127 316
49 267
441 554
109 132
274 327
181 226
22 420
64 253
48 305
293 446
398 565
491 522
87 164
171 258
71 350
318 336
102 489
198 230
200 498
120 290
23 420
251 419
260 334
140 255
107 595
135 464
304 554
230 416
49 238
137 488
487 512
0 417
165 267
37 316
307 461
103 163
49 219
180 470
444 555
186 505
3 4
133 408
61 150
172 481
463 498
16 567
74 452
130 326
588 593
194 449
24 134
382 520
4 573
164 328
333 365
299 403
353 378
14 394
145 314
56 307
172 442
303 503
91 566
231 395
63 141
197 497
1 470
94 124
425 460
23 207
309 575
264 472
223 375
280 529
241 289
383 495
143 255
190 272
263 326
89 471
210 307
210 582
133 543
387 565
248 387
357 413
122 150
473 540
253 395
282 592
15 264
335 450
42 474
173 595
228 355
425 426
31 181
72 559
367 412
358 374
0 416
267 406
72 390
7 237
209 374
157 584
578 458 364 291 242 192 363 58 145 59 355 220 143 157 401 226 259 436 548 238 11 178 160 488 162 247 75 17 387 46 568 97 195 60 264 97 283 397 13 107 312 53 288 73 256 597 270 116 263 14 516 153 171 302 98 58 307 17 414 317 312 94 227 27 88 310 445 310 574 148 407 273 338 399 339 227 47 532 515 83 545 367 467 342 1 537 194 419 377 123 59 336 368 86 302 159 144 209 342 10 122 162 487 60 70 100 575 344 532 541 77 570 589 495 48 36 261 267 398 105 137 317 373 270 363 584 434 125 529 426 94 81 530 144 329 458 268 597 108 592 362 98 20 396 551 49 500 45 339 25 186 171 34 241 199 273 457 264 494 190 336 201 187 64 345 464 507 96 382 399 440 530 483 56 222 173 267 169 157 476 186 257 422 333 111 448 458 102 33 428 211 71 164 545 211 25 419 553 308 193 501 331 106 488 11 134 56 198 362 515 378 45 385 265 199 130 52 518 288 186 401 472 545 459 12 62 316 15 139 199 205 391 5 365 118 61 389 411 413 506 514 502 65 40 240 395 554 107 459 598 204 229 506 341 248 34 513 284 468 170 541 569 242 130 13 150 232 57 545 176 261 26 157 256 218 287 237 452 351 432 80 504 324 343 590 246 563 402 285 488 254 110 227 510 134 24 151 127 96 419 454 34 82 456 113 349 502 168 308 255 395 338 115 287 583 21 235 439 589 495 75 88 41 93 194 224 148 493 293 522 98 468 31 510 92 78 497 337 520 307 90 109 540 329 68 300 435 253 376 426 299 592 96 29 344 200 220 235 218 541 236 545 2 291 393 23 10 473 409 272 483 142 512 560 352 455 296 562 137 21 318 180 167 309 545 548 69 302 5 289 346 544 115 372 345 104 386 410 31 417 356 529 352 84 596 248 563 248 126 427 341 45 399 124 107 122 103 348 229 548 185 26 161 84 477 78 90 133 72 183 440 88 230 200 354 285 11 221 528 209 18 467 194 282 9 259 163 502 534 247 390 1 33 598 363 596 55 503 444 46 387 540 244 573 88 6 539 414 6 424 415 396 32 186 128 555 9 30 235 429 236 15 474 541 415 377 163 379 511 120 212 367 28 225 216 445 303 262 74 423 361 152 420 117 219 326 132 163 188 68 464 157 583 520 557 322 334 172 534 482 133 228 427 418 453 140 526 220 354 287 102 412 504 249 269 490 22 585 457 339 380 166 229 396 594 261 72 324 553 223 465 113 266 314 375 146 474 447 372 360 149 450 505 195 336 254 277 592 36 149 448 341 404 418 365 267 312 202 257 515 308 74 204 152 509 438 259 184 6 418 162 309 161 391 472 109 430 324 426 25
988 540
681 750
318 639
785 48
781 98
754 878
312 131
630 456
343 844
137 517
111 261
236 300
943 944
160 528
383 947
153 295
306 566
229 422
232 47
58 281
399 217
264 923
549 818
459 865
33 794
556 353
224 891
790 405
313 942
451 909
114 675
198 219
289 134
747 275
818 417
748 159
139 936
492 417
265 197
63 537
986 464
843 630
763 294
39 396
138 405
553 294
882 445
164 27
59 86
838 850
810 315
459 685
448 481
743 378
792 651
37 444
662 840
177 785
806 146
997 314
690 376
935 275
633 824
720 448
294 629
56 429
636 481
585 490
968 66
806 368
563 695
439 350
943 462
934 7
29 697
492 365
989 104
877 560
963 911
456 804
230 916
285 906
227 366
636 87
900 985
599 429
225 507
171 115
354 709
277 688
125 22
938 889
685 872
402 795
677 68
421 953
935 322
142 54
346 505
345 235
171 410
37 141
539 633
458 723
168 496
124 114
384 783
697 679
102 193
4 888
527 940
616 670
374 143
628 555
62 58
680 0
148 976
157 894
869 597
572 225
723 540
282 458
951 251
16 932
695 108
756 982
948 608
413 438
618 343
643 309
401 838
976 991
20 953
797 27
60 913
721 593
322 446
612 129
988 77
860 930
697 15
694 442
525 242
762 38
431 662
775 536
688 273
131 566
342 166
110 370
908 243
863 871
726 923
601 777
587 353
752 622
933 780
332 82
253 100
889 161
24 181
766 595
251 229
433 708
201 70
772 816
536 403
141 912
244 132
189 281
197 869
381 302
926 381
674 633
374 12
602 317
569 321
526 753
99 338
823 465
702 741
198 163
232 636
52 495
409 895
684 974
632 376
404 632
625 579
250 797
831 152
212 322
710 129
18 13
781 773
202 127
319 847
107 396
930 503
413 264
240 830
457 577
276 396
129 87
973 262
251 252
461 312
431 836
254 14
301 251
694 833
353 547
179 887
105 900
549 998
524 708
923 298
142 222
179 612
841 903
31 881
338 565
81 466
570 843
699 551
364 797
166 184
277 116
832 292
797 461
948 566
211 573
369 638
510 597
477 965
783 221
627 413
676 399
845 826
887 533
811 849
670 535
207 778
259 68
848 24
553 124
529 65
861 442
625 151
581 988
696 504
729 213
275 337
249 616
81 707
732 65
135 182
288 751
374 269
648 968
965 699
974 558
143 320
363 905
142 271
484 146
662 263
810 801
557 908
104 749
342 45
129 620
789 253
772 340
865 738
94 585
897 782
742 447
769 385
210 675
954 823
869 194
856 118
186 915
357 817
964 327
289 947
957 353
962 282
650 506
787 583
806 596
570 810
546 539
19 530
395 13
171 747
783 861
613 816
190 955
128 484
106 546
550 656
330 990
584 156
102 98
289 5
655 865
205 18
531 476
72 408
507 724
457 507
764 13
808 538
487 709
437 440
156 155
852 341
997 165
996 353
795 0
426 221
62 363
892 221
368 971
397 862
929 738
168 80
382 189
9 228
787 898
187 30
447 526
875 676
953 84
854 387
732 885
323 494
390 612
85 620
245 943
343 129
839 596
246 355
405 351
968 582
650 122
108 775
893 260
407 325
767 672
447 748
504 996
446 418
813 275
217 185
22 56
295 352
179 210
420 928
3 731
111 704
21 285
573 950
523 554
617 741
356 348
625 507
574 427
561 637
988 883
558 475
73 121
302 301
527 876
874 976
548 11
452 969
369 684
476 671
678 779
874 43
513 517
963 936
516 638
405 673
680 208
93 232
659 671
900 502
829 441
537 896
886 854
375 925
270 556
710 996
914 193
637 256
186 552
823 684
507 213
478 53
166 945
299 30
996 806
847 752
137 378
801 77
667 587
655 57
959 874
336 293
41 118
469 32
319 414
976 487
978 630
859 795
662 142
504 808
627 931
500 883
569 86
141 727
499 163
491 117
50 659
183 707
556 743
840 415
73 569
64 607
320 687
820 1000
61 143
21 89
994 203
754 118
500 774
724 419
568 192
977 408
832 356
967 733
759 787
608 541
819 2
367 93
734 764
906 110
184 369
59 764
12 563
123 283
157 389
276 784
181 528
405 400
557 245
531 174
696 896
760 410
349 886
733 684
865 276
373 555
613 390
569 266
593 623
656 733
323 730
186 240
364 368
760 236
895 47
732 130
244 664
394 49
698 950
285 984
891 357
651 942
846 668
836 131
275 577
426 243
900 430
592 34
563 616
236 584
717 498
183 817
538 42
316 1
478 492
732 29
130 442
307 868
397 465
870 170
17 667
18 249
322 968
165 452
686 345
718 709
171 588
163 663
301 429
12 994
486 185
871 400
436 295
317 810
256 159
98 144
21 473
249 407
640 531
892 18
910 918
765 479
8 848
41 850
977 663
89 932
950 849
247 447
993 778
5 345
537 100
96 725
746 914
499 23
187 458
502 953
670 233
502 235
238 199
328 367
117 231
454 995
744 2
944 121
631 24
648 800
149 581
877 123
379 117
895 408
727 97
970 382
550 497
561 153
988 728
818 627
671 187
860 650
998 443
591 724
831 950
294 83
413 378
119 855
604 166
922 854
316 616
442 68
67 13
0 757
537 312
338 333
823 68
840 511
508 459
81 519
389 817
98 493
367 452
723 255
984 830
675 810
301 54
353 69
859 693
386 378
427 738
403 734
11 973
489 744
348 680
854 60
358 739
415 20
650 632
878 946
798 206
18 826
710 969
