600 1266 600 1082 11
135 499
542 564
75 158
373 495
73 494
85 412
240 569
37 376
216 230
364 406
345 577
46 365
11 118
259 360
174 241
223 227
497 527
270 587
175 528
222 243
314 501
32 486
242 407
432 590
99 302
275 500
149 366
245 445
86 275
59 277
119 239
107 432
196 427
53 437
408 562
378 512
115 152
286 543
117 467
127 239
371 430
424 510
154 401
330 491
16 526
37 510
191 527
224 411
450 557
179 229
170 456
294 535
95 247
405 554
80 559
16 182
246 254
8 117
355 597
400 510
371 507
98 338
163 362
128 530
128 199
131 363
122 183
209 283
121 304
178 348
147 403
90 223
78 554
34 128
190 468
234 427
61 251
456 525
199 486
31 318
83 117
3 334
129 580
107 394
198 548
168 491
495 571
213 506
330 332
274 393
95 153
464 520
19 359
363 458
308 331
84 357
374 455
157 489
201 467
56 431
9 517
439 538
104 556
398 459
265 594
89 228
7 54
58 189
89 361
353 453
513 565
174 460
64 499
91 157
143 392
283 301
239 435
205 206
485 516
176 204
92 204
173 479
472 582
163 535
365 573
212 333
300 304
166 475
233 588
118 194
7 421
113 379
160 527
349 446
2 198
340 576
196 420
24 197
202 259
152 412
138 227
209 565
285 361
56 99
94 389
515 530
252 462
417 518
317 571
426 583
440 557
51 383
111 331
4 391
251 426
261 452
55 67
214 551
466 575
12 488
189 500
61 426
74 524
236 398
152 565
255 584
205 395
361 526
259 310
176 270
307 359
329 335
17 302
69 567
135 240
283 422
321 399
124 528
72 375
360 475
239 418
59 586
254 464
186 356
233 396
392 578
362 589
109 588
236 459
34 530
63 99
407 482
19 307
331 393
398 491
339 571
324 441
244 579
452 479
254 474
431 597
82 184
124 385
45 430
173 443
218 575
121 396
401 556
187 258
40 267
166 345
239 309
132 366
25 581
22 98
349 357
514 543
267 282
121 309
114 480
182 576
104 119
169 551
137 329
31 218
288 533
175 516
24 37
314 334
127 558
202 222
33 254
60 61
365 425
339 559
43 219
293 300
55 318
55 402
234 311
145 415
119 418
447 477
272 535
264 355
147 313
26 408
79 298
147 299
27 563
123 436
140 486
168 221
57 324
369 445
28 96
147 436
311 420
185 353
265 466
192 507
29 543
116 594
92 184
17 595
401 431
196 255
47 306
242 458
256 326
97 563
204 270
216 551
191 256
260 590
253 571
169 214
121 435
145 230
61 409
391 549
68 376
208 530
316 481
92 270
43 581
140 323
465 599
439 594
260 451
21 488
542 558
83 467
271 351
62 353
278 363
334 501
253 276
205 480
44 91
150 283
513 585
227 280
65 123
165 321
251 583
78 350
86 406
128 523
48 206
29 266
119 309
20 412
397 560
203 512
183 441
338 567
23 586
242 482
129 374
203 382
134 362
171 371
12 240
114 290
216 354
44 489
305 470
218 388
307 456
313 436
442 572
133 499
233 264
139 244
34 208
250 276
131 570
40 315
66 129
0 73
17 136
370 528
57 441
10 15
268 527
222 404
255 311
35 181
505 512
130 344
513 561
101 549
76 308
91 235
514 592
65 403
18 129
139 516
310 360
45 371
3 445
375 428
264 304
62 453
158 584
82 232
160 191
354 472
322 476
47 242
115 448
41 194
75 216
446 573
195 506
90 444
280 471
139 376
264 293
50 265
133 589
206 577
33 474
76 219
65 147
139 292
505 552
235 470
188 439
105 522
226 329
241 552
157 442
263 407
154 562
339 495
163 198
5 39
40 282
395 414
495 559
127 423
410 484
400 522
204 471
107 590
178 186
548 568
80 325
414 531
171 527
49 371
276 373
12 21
110 238
144 512
565 585
120 381
39 203
205 498
16 102
182 307
486 596
129 273
25 295
168 254
44 235
334 364
313 360
52 84
253 495
150 209
89 220
97 126
193 537
161 531
104 415
263 273
132 454
69 179
104 145
203 390
468 523
457 519
63 489
412 442
498 531
319 351
22 343
328 406
32 508
23 455
159 458
111 437
289 524
109 535
200 435
378 449
49 507
132 179
144 484
162 251
4 568
35 490
43 399
262 341
163 541
194 281
138 223
75 450
170 525
53 111
78 405
316 584
327 381
62 507
101 391
90 184
57 445
3 534
428 487
372 563
397 583
312 409
88 433
45 240
14 374
291 492
21 58
211 326
53 266
440 450
160 507
14 150
341 411
277 476
269 392
103 166
2 163
370 577
319 392
74 312
246 570
201 284
110 464
67 402
140 529
352 484
421 548
472 551
143 578
28 288
67 532
113 180
81 390
459 523
17 227
157 235
357 543
161 414
351 594
101 452
85 99
73 434
344 506
336 596
509 525
136 264
125 300
367 463
385 528
172 577
416 480
387 583
320 330
164 387
28 52
48 212
87 89
183 324
273 553
312 467
183 521
541 569
373 381
3 369
76 399
165 342
296 543
378 463
347 429
69 338
342 347
28 473
253 493
227 302
16 59
532 594
11 592
337 560
373 519
333 369
188 241
54 500
62 192
186 571
121 233
46 94
120 388
291 522
172 370
181 490
318 575
40 349
7 549
23 27
249 530
137 515
60 426
387 397
50 484
279 303
173 457
159 487
162 260
84 274
323 484
157 572
213 557
265 323
142 475
183 411
83 367
255 316
434 478
127 368
164 581
131 458
112 541
194 544
284 547
484 512
180 478
394 590
481 584
438 481
550 587
6 478
67 269
368 589
117 463
87 115
358 585
177 308
139 291
167 486
366 591
41 297
120 279
19 207
241 460
281 297
517 574
435 537
250 356
433 440
182 340
367 552
191 268
495 519
237 331
391 568
354 517
18 580
49 185
53 514
213 542
318 373
150 322
217 566
412 585
109 233
174 201
196 234
130 229
4 462
266 331
136 550
181 332
68 522
8 382
202 404
117 555
386 589
94 452
305 585
241 439
111 237
8 467
355 595
116 351
190 520
59 526
207 223
130 195
238 464
86 328
38 204
296 324
53 286
14 476
424 522
136 471
221 570
117 367
251 321
71 518
127 200
343 419
359 444
319 533
396 435
254 570
320 491
80 571
133 494
7 500
393 473
20 358
76 96
197 231
62 141
446 543
71 417
159 238
126 242
390 593
157 305
276 381
4 294
88 450
112 134
172 205
161 298
42 138
380 434
348 550
269 402
548 549
45 58
223 540
44 401
8 378
31 575
15 433
103 310
277 455
79 333
41 281
322 448
103 404
389 452
289 390
142 189
547 560
40 52
154 187
90 232
32 199
97 407
131 278
33 190
417 570
153 525
329 593
358 565
406 501
343 557
128 515
291 376
156 231
243 579
345 534
102 509
198 421
336 466
508 596
5 390
467 560
67 594
132 149
83 555
47 458
340 525
249 593
232 247
401 562
89 285
171 507
92 178
111 266
382 390
130 366
71 491
169 216
186 348
39 390
337 409
300 431
391 462
252 391
312 394
353 507
22 427
108 582
249 515
50 352
209 513
300 597
62 160
156 405
197 376
122 328
442 469
64 73
137 593
159 246
23 59
146 153
49 430
297 347
338 419
195 344
429 544
365 452
394 432
21 500
55 261
220 228
96 295
322 377
137 199
463 505
263 455
324 411
10 257
181 593
425 573
462 550
60 409
290 531
29 286
156 350
370 480
17 355
138 539
166 404
74 477
214 316
181 530
6 268
133 368
466 532
99 115
312 447
27 487
124 480
68 510
180 558
190 464
201 560
467 555
340 509
36 155
299 313
27 586
36 363
77 430
160 171
265 538
242 306
28 267
302 504
236 332
216 472
32 596
37 197
75 413
16 72
154 415
438 584
229 506
430 436
271 533
101 559
226 484
476 526
178 587
261 315
271 319
197 292
38 471
95 279
349 543
124 416
48 345
127 542
143 261
345 404
146 210
190 459
51 327
92 356
190 509
173 248
119 496
178 356
474 491
388 508
394 477
459 468
276 327
20 565
240 488
12 500
156 197
179 213
88 440
65 291
9 154
146 468
183 364
21 189
17 471
18 283
94 262
349 573
77 436
262 411
140 167
385 405
277 374
269 351
83 201
196 584
238 428
54 569
26 470
24 510
37 68
86 142
165 399
96 473
100 375
76 393
118 161
279 511
44 431
95 232
368 558
96 393
230 413
451 503
130 379
65 492
56 489
120 327
57 514
158 169
87 106
149 211
105 492
197 385
231 350
175 370
218 381
27 30
261 425
115 225
421 569
179 454
323 352
286 514
431 556
509 520
31 381
314 534
379 591
350 554
497 598
346 384
187 517
235 562
136 272
414 498
32 465
279 388
112 499
209 377
7 86
247 444
276 493
325 348
11 57
54 240
71 221
82 356
137 335
232 383
36 47
55 532
218 596
124 370
3 212
358 412
181 330
118 298
75 427
27 372
148 243
189 313
310 404
216 413
312 590
399 461
9 562
471 550
127 217
230 354
263 563
123 492
207 307
230 415
336 575
177 461
427 584
187 354
90 540
297 429
55 519
17 504
214 481
150 301
41 53
304 309
80 391
102 340
56 504
56 355
169 438
372 487
292 376
58 488
217 496
318 536
81 181
126 372
162 590
341 446
76 177
290 498
403 579
151 155
224 262
109 136
191 326
295 533
1 480
334 441
194 297
452 457
112 569
282 578
410 552
213 423
70 308
30 372
329 529
57 296
324 341
364 501
40 84
243 370
274 357
83 460
493 495
271 581
394 447
61 590
405 416
131 417
197 405
39 593
296 446
217 418
70 347
43 96
382 524
200 589
218 336
303 508
67 116
267 578
106 138
14 322
24 400
58 546
180 379
153 456
100 102
455 563
268 598
52 267
93 141
95 210
99 489
378 382
272 550
502 590
170 576
258 354
0 64
266 286
43 295
236 287
102 520
278 518
195 564
387 581
53 592
412 572
341 365
220 448
410 538
2 568
375 586
220 285
431 489
289 382
382 512
158 216
359 456
106 207
85 152
131 518
50 410
13 539
283 561
122 411
43 321
6 591
26 235
133 483
11 369
409 590
69 419
213 229
354 582
243 404
190 545
129 553
179 419
90 207
79 414
179 343
165 177
141 160
167 335
42 539
158 427
195 542
409 467
301 374
443 457
243 577
81 384
232 444
222 299
72 586
189 360
118 544
377 565
144 226
40 573
57 592
432 503
200 239
15 566
406 475
287 332
159 570
42 87
27 428
244 291
162 503
121 264
79 369
17 280
484 529
274 473
536 575
260 502
1 416
145 566
29 357
184 204
217 239
58 313
70 177
174 188
185 507
335 486
348 587
225 448
134 386
475 534
116 269
291 579
119 217
109 163
452 495
10 423
516 528
243 345
3 314
109 272
572 585
15 217
311 338
237 297
215 236
146 525
164 174
180 434
348 462
263 553
410 505
193 362
200 537
262 365
38 280
142 500
423 542
170 182
36 306
382 449
260 503
308 393
234 420
401 415
34 332
7 275
46 262
106 223
219 399
175 243
329 484
18 422
93 160
151 518
321 387
98 419
235 408
176 587
197 485
351 439
154 258
432 502
35 320
531 544
321 583
2 535
136 595
98 343
66 407
81 593
175 579
33 545
305 572
142 360
160 192
51 250
220 526
13 42
248 479
323 529
428 464
235 305
266 393
66 482
5 203
86 122
238 487
264 595
113 591
86 500
34 287
333 414
100 464
42 106
73 180
211 366
101 389
230 566
132 229
522 2 71 287 369 553 35 64 517 25 259 30 389 546 430 135 370 518 493 70 155 83 312 478 455 582 17 553 211 200 585 590 297 543 554 209 323 75 491 15 599 138 341 50 3 505 437 592 111 435 390 69 242 278 391 429 371 467 285 295 24 172 586 468 106 277 539 475 476 332 235 521 105 145 358 474 361 347 64 433 6 45 64 330 570 514 257 594 120 101 31 377 5 486 319 582 567 46 372 550 102 36 576 111 311 272 191 188 95 113 374 348 545 393 24 544 114 86 360 506 65 323 277 581 159 79 341 425 566 262 307 383 491 482 287 22 33 195 148 498 477 207 440 353 110 524 516 569 516 235 120 61 307 146 519 424 150 583 428 333 578 307 199 362 349 506 371 330 325 179 592 440 476 188 40 259 170 99 435 179 479 545 573 335 110 67 500 27 203 379 490 315 94 533 230 195 295 72 28 68 92 466 500 13 79 198 54 467 402 517 296 191 6 21 65 161 416 70 425 194 281 541 75 484 554 572 523 20 155 443 431 504 110 286 198 445 385 326 24 118 141 336 272 14 378 392 134 84 214 420 504 342 250 73 315 112 12 333 250 226 500 86 481 301 42 432 476 371 196 256 99 2 59 465 591 55 504 247 171 183 483 404 224 469 380 121 473 191 385 319 46 141 434 292 99 144 598 97 11 360 92 19 234 157 526 53 496 266 326 121 488 125 236 205 513 430 207 364 401 191 336 293 598 599 107 472 569 340 470 220 576 333 479 402 350 71 187 426 464 128 535 564 520 276 535 202 480 377 231 531 567 259 78 242 59 449 107 116 122 157 112 397 353 424 518 310 521 126 82 16 31 599 383 76 438 492 326 567 453 348 37 69 18 493 455 139 564 444 112 137 392 362 153 337 579 370 492 229 549 171 361 19 595 569 136 505 592 325 241 320 323 74 159 67 367 43 77 214 295 241 115 15 345 393 99 368 170 132 442 495 378 251 59 351 418 178 49 449 504 21 532 95 374 469 248 287 171 395 538 21 516 7 161 441 221 62 37 456 477 249 424 351 560 131 44 410 127 290 139 442 479 7 427 34 200 503 54 84 275 27 356 189 491 103 6 77 57 187 402 478 290 539 62 457 596 138 316 111 336 464 133 260 321 6 195 239 267 439 431 369 469 408 342 594 152 233 83 399 470 408 483 212 53 348 16 520 323 368 350 119 295 172 142 328 351 382 542 82 361 196 240 296 268 206 276 404 230 526 49 146 453 200 508 193 133 571 246 128 416 448 525 480 328 597 475 174 310 87 215 564 533 202 436 504 555 268 239 380 86 178 33 112 308 155 8 58 260 294 70 91 320 330 582 125 101 200 501 428 37 146
462 875
992 859
488 640
835 654
468 600
599 43
448 940
606 664
736 56
46 656
226 817
882 601
583 730
225 482
90 342
190 789
204 276
295 549
11 311
282 368
61 475
595 761
124 942
125 218
880 988
834 291
4 605
116 194
799 364
834 491
124 156
538 312
465 249
278 76
399 127
397 11
50 33
869 968
320 485
546 60
750 415
938 546
203 465
922 303
164 635
541 814
652 493
48 68
871 717
634 900
648 207
436 375
791 386
896 519
575 683
622 317
240 570
791 577
598 795
162 281
881 123
920 85
634 963
149 548
475 857
756 876
21 189
657 285
824 956
208 987
960 429
201 21
164 236
443 859
782 37
103 872
900 366
612 831
985 924
885 670
518 534
500 24
428 438
770 132
780 430
135 514
641 660
179 475
145 866
163 384
317 390
133 604
414 473
570 993
645 518
364 318
833 365
77 146
158 940
196 511
215 186
547 538
264 202
749 740
173 691
758 957
216 422
880 10
2 792
403 628
218 96
902 479
452 744
387 933
992 754
123 449
677 270
736 103
933 582
225 721
462 341
311 669
667 568
670 885
917 844
225 688
86 121
295 802
439 141
38 264
348 939
134 46
283 996
397 764
423 716
484 770
374 578
515 106
267 439
829 885
550 214
603 981
670 699
673 348
615 161
149 727
338 236
733 858
764 821
341 995
47 375
90 2
97 469
332 264
80 670
42 1
936 960
118 588
74 885
128 92
572 950
927 642
997 134
447 653
829 246
998 358
781 722
530 193
235 36
43 852
282 296
556 902
895 782
587 406
795 185
860 858
377 515
961 383
430 498
239 969
369 882
415 66
241 261
710 564
388 446
629 923
468 508
54 702
780 255
634 758
293 152
526 968
591 927
370 683
966 554
312 908
62 940
894 943
543 639
471 172
335 737
808 154
749 766
600 67
364 491
965 719
913 750
249 356
393 98
24 400
376 240
448 993
824 702
273 877
2 845
326 45
88 838
220 761
506 292
913 346
148 368
190 50
801 790
301 447
652 546
94 404
596 143
279 519
145 404
281 966
121 753
943 997
402 399
326 645
125 972
94 616
342 72
948 472
152 106
295 745
515 749
755 220
53 102
866 805
838 857
811 621
191 92
368 355
577 437
475 75
465 418
962 169
496 572
525 426
242 82
36 971
491 980
230 856
89 705
700 752
982 88
673 396
688 494
62 194
289 628
613 251
880 489
751 370
468 954
678 303
394 494
806 285
401 593
60 262
813 388
630 683
515 377
100 300
111 7
416 316
305 511
960 531
718 388
14 361
828 184
198 333
853 517
373 111
759 342
624 8
992 728
777 891
868 919
255 627
451 584
848 314
785 535
971 511
901 615
749 804
222 630
59 340
246 511
441 289
264 655
37 533
13 19
293 327
915 408
268 694
724 731
101 1000
833 54
664 807
755 661
700 401
13 894
520 488
567 320
742 311
369 9
937 274
69 384
587 215
752 535
476 537
530 999
466 389
706 614
542 149
367 31
910 453
378 77
862 693
762 625
497 155
538 256
862 107
156 981
529 463
260 244
709 498
991 419
198 928
320 936
810 728
456 0
995 469
450 532
769 449
978 947
709 273
616 217
648 934
60 754
281 582
452 467
804 440
23 480
325 332
703 723
217 342
425 671
90 34
735 606
679 459
369 986
727 176
345 811
865 663
914 808
556 844
103 156
549 363
73 280
157 216
844 927
73 411
674 86
366 928
460 918
505 342
665 30
436 399
478 1
932 887
431 750
887 194
460 308
631 548
602 15
516 581
703 325
881 431
846 9
908 722
330 679
889 164
313 70
931 327
782 990
132 662
649 338
777 846
772 754
969 870
706 636
40 149
70 642
847 70
670 187
710 543
99 518
121 808
917 691
131 689
970 824
170 27
256 748
217 965
74 973
556 660
1 341
277 853
808 974
685 433
936 136
97 912
188 173
992 549
621 856
185 650
933 4
175 813
449 896
324 712
655 845
937 502
35 878
742 254
193 859
795 604
111 546
614 414
363 379
836 624
752 487
823 23
123 396
661 68
160 885
984 58
617 476
635 985
262 997
98 278
323 297
625 389
82 63
338 147
772 171
950 360
475 578
700 140
227 161
392 195
573 231
790 108
324 187
154 524
36 593
335 513
49 790
844 389
258 40
735 696
114 352
771 7
418 910
613 439
987 775
8 870
14 155
427 777
624 181
900 897
505 221
151 155
542 765
159 584
430 2
291 8
743 912
520 398
378 805
555 440
175 735
496 884
957 697
431 832
622 709
733 671
958 38
999 42
225 537
666 141
292 928
603 908
477 282
309 236
830 983
398 284
643 93
2 444
832 546
464 103
866 893
11 733
150 4
593 356
254 171
686 559
781 966
396 150
691 10
300 275
192 297
524 925
900 873
549 173
442 113
957 641
601 271
799 338
793 686
426 617
603 297
352 702
685 214
248 485
344 432
472 713
322 861
807 489
982 579
289 128
619 773
822 208
580 631
587 594
425 563
20 828
731 221
39 214
998 902
756 116
152 684
223 888
343 843
555 508
854 169
0 413
95 649
90 180
341 904
39 446
172 769
228 1000
515 620
502 712
200 72
504 445
77 542
722 443
2 755
567 289
266 277
876 771
712 358
857 828
25 291
821 268
20 774
916 213
46 905
1 477
143 235
429 528
367 656
387 718
929 56
392 962
881 564
508 68
657 262
301 590
503 263
241 606
491 919
400 242
