600 966 600 702 8
470 584
242 428
347 417
97 516
203 446
201 388
190 259
216 235
299 447
16 432
586 599
447 452
143 189
160 181
231 369
550 560
325 558
42 548
96 193
313 573
126 471
18 529
369 590
37 283
376 526
468 472
201 598
104 359
2 561
263 330
103 189
203 534
278 401
88 281
87 228
229 371
145 402
47 502
392 526
83 155
326 345
325 477
153 463
455 590
505 592
48 564
114 347
375 496
42 119
6 332
93 495
194 500
47 443
108 344
140 220
135 426
182 213
20 276
116 278
38 340
288 579
235 473
400 458
162 338
146 425
23 409
198 244
43 374
366 530
456 495
295 435
203 287
504 579
85 318
553 575
56 461
159 516
359 570
115 157
34 343
125 383
35 328
426 454
369 493
334 356
57 516
452 571
89 209
102 461
434 441
295 552
287 567
24 173
116 329
69 459
19 165
433 482
208 210
241 562
387 496
126 179
377 389
185 519
110 384
107 108
464 560
201 430
439 564
450 570
107 344
17 471
261 288
170 279
74 217
203 320
28 424
144 520
63 527
134 512
51 134
348 420
213 588
281 368
191 462
26 424
53 291
168 194
229 548
171 454
398 533
361 383
164 273
294 585
228 573
32 556
249 300
28 263
37 158
121 201
91 197
275 345
13 435
18 389
122 178
98 526
94 277
13 26
221 538
31 82
155 374
205 387
232 247
95 540
68 272
62 484
209 211
185 312
259 474
361 433
62 364
22 102
390 487
123 403
33 165
247 266
82 532
147 466
205 411
119 305
533 534
328 409
49 413
274 339
433 436
148 308
16 304
328 373
174 335
292 430
121 186
195 367
47 158
57 348
90 574
20 442
428 535
275 528
23 415
274 485
6 557
394 541
32 332
405 533
234 599
92 160
144 257
334 414
371 378
164 472
274 564
302 388
48 390
457 566
124 170
13 129
258 267
339 479
347 362
170 242
538 562
362 594
125 179
520 545
173 404
0 428
7 542
189 417
262 547
74 421
455 501
105 495
38 194
48 439
317 509
311 555
132 195
467 504
344 541
31 532
123 511
98 200
197 546
108 112
73 233
43 237
265 530
332 476
269 300
0 153
12 255
289 498
450 467
8 92
377 466
390 591
343 545
115 289
68 150
310 366
293 467
337 508
496 542
562 566
172 352
61 518
54 562
99 293
151 387
355 582
197 308
570 579
25 365
128 403
205 478
322 459
409 437
248 438
298 583
48 167
405 534
69 303
63 490
218 595
103 309
112 489
560 565
341 347
92 314
13 372
65 342
6 32
289 383
95 234
27 150
133 470
163 207
98 503
177 533
88 368
258 328
163 520
469 549
86 519
260 321
380 484
305 501
76 173
368 554
125 427
182 269
186 598
46 145
386 402
18 466
318 542
88 287
212 322
99 297
64 280
232 575
160 367
197 422
323 488
118 291
58 235
20 368
342 380
2 394
192 401
297 315
134 190
87 137
127 449
148 155
246 470
147 379
353 567
247 587
3 556
144 419
59 106
28 124
242 404
510 535
262 449
447 568
24 262
346 367
176 195
425 482
35 415
357 410
127 136
207 543
104 331
199 425
340 500
24 449
164 171
186 350
260 301
515 597
191 393
80 303
179 471
406 543
128 264
100 369
231 487
169 272
200 270
348 592
157 317
413 521
66 541
230 445
74 334
178 505
162 386
137 323
79 580
14 326
129 529
420 422
31 86
34 431
171 468
34 520
180 416
217 302
160 314
146 427
206 414
412 414
391 503
323 375
214 219
253 482
173 242
271 436
52 403
104 233
137 551
114 215
8 595
65 380
55 107
350 501
137 573
88 442
96 393
56 244
5 329
495 530
192 470
165 516
34 577
177 446
117 162
317 437
361 436
142 242
167 479
93 456
303 490
180 291
196 593
147 583
29 310
94 109
138 236
246 278
230 384
133 245
165 586
274 407
206 378
265 441
132 176
333 525
35 572
346 453
228 563
282 329
249 378
42 493
35 498
66 107
63 80
14 88
20 239
269 414
85 312
461 595
71 125
176 587
245 309
1 11
245 585
92 102
155 237
93 130
97 546
421 501
134 486
60 396
150 178
312 536
382 394
200 556
67 527
67 219
327 597
63 140
107 425
55 541
280 548
115 317
42 594
4 174
259 328
288 359
245 470
227 458
238 277
94 238
25 84
311 411
37 223
360 593
276 534
61 464
141 395
101 346
116 523
184 593
263 279
383 572
135 205
70 268
135 454
280 491
29 193
301 557
136 142
46 490
114 362
102 314
457 549
221 566
215 231
170 330
400 484
524 550
24 127
147 299
108 126
240 480
193 284
130 530
250 490
98 391
316 581
96 130
54 241
204 371
316 352
12 285
193 445
82 472
103 509
102 181
83 346
64 594
274 479
53 118
64 578
230 513
89 172
384 513
140 466
525 561
175 403
17 141
533 543
3 270
162 451
27 336
329 517
233 359
237 537
123 128
254 536
30 308
322 497
286 372
347 432
199 253
222 376
319 382
177 207
411 478
161 519
303 431
422 438
3 78
118 341
351 413
27 249
494 542
243 592
204 378
1 141
45 473
313 488
130 506
22 461
244 461
236 237
344 394
332 475
364 484
241 358
45 508
117 525
54 469
57 178
372 452
273 496
166 483
40 160
358 375
301 579
1 490
220 459
164 481
46 250
150 249
62 227
309 509
81 396
379 527
279 330
129 568
296 445
225 347
40 195
538 566
140 224
372 568
311 410
184 248
61 560
42 305
268 426
50 272
415 498
30 599
205 426
17 489
84 330
565 576
185 254
52 264
292 549
118 596
194 532
377 449
155 156
188 370
39 541
266 448
354 502
26 389
12 196
225 341
86 252
21 41
50 187
212 520
15 166
50 154
166 218
262 408
12 399
259 349
130 210
47 106
235 337
328 415
69 80
30 236
283 569
163 257
388 501
71 214
50 585
385 577
110 550
221 364
211 436
174 535
276 406
149 430
204 414
34 250
275 465
264 403
171 363
15 370
260 261
227 484
248 420
99 315
191 445
251 370
297 576
44 65
148 197
39 344
510 539
172 211
332 504
202 355
50 243
38 500
212 419
516 588
299 568
297 396
92 218
243 505
256 331
275 357
45 216
376 477
120 413
258 523
319 489
95 462
33 210
283 559
65 563
301 475
71 179
65 538
418 494
346 507
429 515
59 287
58 327
143 491
526 574
120 383
111 554
154 470
141 522
107 146
391 549
104 324
392 477
431 497
74 501
152 474
69 224
370 544
368 442
187 585
140 379
86 532
11 67
26 127
144 547
171 472
422 492
183 219
362 417
24 136
39 394
280 594
33 208
424 435
350 485
293 476
342 400
336 378
410 528
132 367
6 227
306 552
266 587
355 414
243 593
235 429
36 480
204 206
52 552
223 283
58 597
0 554
345 465
297 558
17 108
85 536
343 497
304 351
334 355
267 401
53 452
258 278
177 543
253 271
263 552
310 423
265 366
21 393
4 428
453 537
355 514
377 459
309 585
98 574
531 569
211 373
3 200
289 415
89 352
100 305
196 399
446 559
72 483
194 472
17 522
121 598
209 373
94 105
94 495
270 457
513 550
44 228
232 448
50 68
4 111
240 502
113 589
251 544
172 253
161 252
152 259
132 448
100 493
73 104
238 526
61 73
15 544
439 455
323 411
69 431
70 311
283 446
29 96
217 334
128 167
78 364
238 392
21 540
87 323
209 512
449 547
124 279
16 351
241 469
171 426
137 228
131 214
60 81
399 584
90 109
213 456
106 397
419 520
97 197
145 338
315 450
29 423
305 590
132 266
259 486
166 247
109 277
474 597
72 544
198 461
33 588
23 317
488 551
80 490
87 563
212 343
432 444
53 147
488 573
86 407
358 469
189 432
319 402
95 236
41 599
504 570
445 462
29 284
154 245
58 515
338 385
18 299
443 502
37 567
357 397
184 255
290 340
100 590
239 320
133 192
79 81
131 179
98 270
324 565
290 363
315 331
152 597
446 567
475 504
45 188
288 570
52 263
78 221
185 536
99 558
204 356
81 434
210 588
524 560
139 397
77 429
130 366
223 446
328 381
410 555
48 479
391 430
220 377
426 478
119 421
85 292
41 208
220 466
281 500
113 441
53 447
9 439
68 505
430 514
230 296
142 404
113 392
118 298
286 452
222 476
216 327
148 374
10 583
219 521
99 467
215 571
226 234
347 416
175 460
116 440
267 409
169 336
253 425
222 556
475 579
106 465
154 593
72 282
59 326
248 592
366 441
64 362
448 492
180 452
204 421
3 457
15 595
30 226
189 304
282 483
8 22
11 490
397 443
60 558
284 423
126 427
252 407
438 553
286 591
287 353
0 25
241 307
7 273
494 499
167 264
75 282
93 210
163 408
157 341 314 348 204 211 132 408 138 316 235 569 593 286 254 560 72 249 136 461 143 48 509 437 179 52 172 474 122 375 17 487 461 399 53 488 366 477 239 312 441 318 6 431 552 440 322 173 400 73 264 219 504 352 431 523 313 189 30 23 294 42 398 537 436 541 227 439 28 26 247 470 57 511 129 516 353 543 313 84 559 368 280 42 73 427 377 544 145 146 221 394 378 339 212 79 397 177 256 42 403 305 218 128 359 23 80 552 101 183 543 473 333 64 69 122 363 157 52 149 319 239 275 490 477 552 166 463 23 415 555 375 493 96 582 340 158 355 309 216 462 400 198 503 543 238 198 29 525 231 403 569 291 375 130 548 281 259 234 443 360 251 551 106 41 335 250 315 157 271 206 596 35 431 43 201 160 140 378 457 346 465 212 75 107 188 235 476 37 537 381 238 391 321 158 407 512 288 137 334 481 450 114 132 531 540 154 256 142 83 378 579 272 530 154 92 129 40 153 247 203 170 454 478 598 508 209 483 588 228 585 465 97 207 562 263 257 434 123 316 469 473 595 556 480 436 65 526 443 493 554 37 388 416 2 203 476 23 157 285 48 123 243 457 133 271 417 408 19 214 115 496 468 153 179 460 220 556 96 520 199 168 436 305 511 9 377 142 278 369 322 220 225 393 150 452 185 153 156 489 308 298 241 143 32 171 274 468 13 159 170 113 38 392 384 282 595 517 296 196 500 391 565 285 81 175 80 329 527 241 128 594 440 482 371 338 573 236 491 164 387 181 282 339 318 239 368 507 540 57 86 412 539 405 461 565 251 392 19 218 64 190 430 279 116 592 206 582 416 171 514 380 130 151 217 213 76 584 550 253 159 246 177 319 439 556 494 537 330 276 222 524 362 407 312 354 192 546 258 341 193 86 2 331 260 571 165 248 14 471 367 581 215 443 267 385 160 153 231 109 328 207 57 490 258 521 136 388 340 272 171 161 140 260 522 440 266 473 42 235 439 38 12 94 561 260 462 413 423 326 462 9 415 553 489 120 154 11 154 71 454 585 279 291 410 580 16 389 336 529 27 240 556 376 44 417 21 215 564 188 26 442 526 251 282 538 221 338 556 149 271 585 362 36 435 380 42 239 411 226 4 432 69 91 311 573 94 171 238 427 248 76 282 470 507 204 48 359 1 429 310 203 435 122 12 298 209 512 503 267 587 10 554 453 373 171 381 418 296 149 575 123 329 127 437 526 189 478 10 251 454 388 517 552 241 78 152 35 350 243 526 2 227 194 131 428 436 50 571 371 333 597 243 56 427 525 183 157 526 17 341 95 189 8 141 496 316 206 528 534 523 568 196 543 257 313 323 54 228 88
837 321
905 793
956 931
312 141
872 336
332 800
215 55
543 227
118 919
542 449
791 713
896 756
264 764
734 528
794 191
186 949
607 739
823 833
811 611
123 589
893 273
37 512
87 944
532 794
866 512
790 312
796 534
345 541
751 455
119 384
72 604
617 278
250 64
166 500
991 651
589 856
930 40
898 104
716 236
885 959
44 865
81 513
475 563
13 649
401 7
300 961
965 749
856 38
601 455
681 820
333 662
496 956
706 399
713 637
404 115
777 967
160 978
244 584
394 928
824 148
136 243
13 203
283 69
882 707
513 637
377 42
825 979
840 740
315 626
926 628
715 68
724 785
223 916
9 134
437 444
280 939
929 417
420 989
343 137
150 310
908 684
103 284
649 256
38 731
781 342
447 252
590 300
485 58
845 203
608 969
309 285
142 615
77 903
218 434
266 327
9 567
99 436
182 580
317 207
165 168
496 539
15 811
44 955
483 713
45 113
298 373
816 97
798 936
839 893
304 316
84 309
905 306
890 898
222 317
613 617
554 773
375 849
996 991
698 662
442 512
649 805
500 340
236 514
661 342
793 463
716 868
789 864
855 546
639 366
740 570
165 418
805 782
126 792
434 727
533 963
626 144
825 515
510 24
46 637
788 17
847 670
867 803
834 453
465 658
982 499
957 795
744 907
769 646
112 678
423 294
327 569
571 128
460 902
819 293
381 691
57 687
96 721
530 753
863 88
158 562
15 882
561 295
998 927
969 420
631 230
139 536
185 901
642 416
678 312
394 572
818 421
653 193
641 970
870 461
943 346
725 331
118 829
1000 223
272 545
758 818
649 620
7 989
289 463
750 717
268 686
512 303
502 379
370 629
264 994
510 687
518 926
33 453
412 756
51 411
704 272
92 865
280 723
156 672
41 992
741 997
295 185
449 335
311 399
909 175
391 472
616 79
356 496
995 325
134 485
588 944
173 471
616 923
967 545
235 476
772 789
605 574
334 918
399 368
134 888
739 755
865 635
329 93
261 188
943 116
898 653
661 729
43 582
250 20
463 2
423 564
26 352
577 533
186 815
30 78
63 551
368 946
14 603
4 685
257 260
917 237
952 6
440 122
872 407
277 647
124 995
411 692
371 774
185 853
215 702
328 509
975 703
246 960
561 344
703 999
482 315
246 740
101 126
955 481
445 824
516 889
71 9
43 22
903 476
748 397
678 391
225 364
156 832
452 768
693 113
317 479
342 169
687 964
347 610
598 212
559 398
766 63
939 258
278 285
390 818
774 427
455 628
799 222
268 884
957 84
84 374
273 823
649 524
865 168
89 55
618 819
717 184
664 653
396 253
189 185
427 612
697 489
55 371
111 194
722 680
756 596
285 516
130 24
429 370
951 669
561 744
485 503
674 467
485 98
119 643
450 688
159 353
678 40
507 253
629 12
34 927
106 158
480 997
498 758
503 222
933 876
897 212
1 32
918 558
559 79
44 171
184 217
759 156
375 887
497 843
316 858
797 389
75 151
212 95
904 992
376 397
939 314
357 580
374 990
992 817
609 388
747 201
661 700
363 3
991 601
868 933
729 99
61 786
605 658
243 613
480 877
500 431
635 764
558 993
854 119
884 58
355 373
392 440
752 27
477 141
66 75
339 721
656 881
558 615
701 154
290 106
770 284
187 397
49 831
828 242
538 539
191 980
408 532
680 534
583 913
72 662
516 118
237 233
844 601
375 524
798 678
340 49
417 865
914 917
653 845
54 309
998 755
972 898
601 122
453 390
823 564
644 467
367 241
220 261
60 469
917 952
882 830
85 226
801 60
970 258
315 744
295 7
421 796
969 836
691 350
859 433
955 182
961 294
602 356
925 455
493 812
691 14
635 41
317 428
676 777
351 418
590 827
638 667
562 655
453 220
950 513
205 654
426 480
172 707
111 342
778 507
749 950
661 142
759 869
852 370
405 962
371 286
962 634
577 696
694 893
143 275
738 481
683 921
485 784
206 745
560 474
331 887
176 325
870 234
818 20
542 682
24 393
960 144
703 584
160 787
904 530
138 132
963 964
650 577
14 769
603 165
523 471
275 430
369 157
211 19
917 591
739 272
87 985
0 474
803 264
3 284
780 114
822 651
192 130
688 190
428 157
394 731
793 817
673 223
342 977
471 930
166 66
226 150
179 253
652 84
600 420
985 27
566 255
719 932
223 866
315 66
518 407
550 905
621 501
581 27
916 850
925 714
425 641
134 760
506 571
478 182
253 382
549 149
959 594
624 851
506 156
756 241
479 455
893 19
364 188
177 96
278 617
128 420
63 757
315 1000
469 743
945 387
612 319
554 942
4 322
340 302
424 930
218 563
313 826
3 94
534 281
998 528
712 734
857 764
415 834
85 260
961 1000
275 233
835 697
724 36
789 563
216 397
1000 89
650 288
961 230
929 196
892 385
461 295
8 722
359 93
977 348
17 538
870 991
532 179
993 283
220 947
980 574
210 618
920 505
463 599
426 206
35 279
553 50
702 429
192 774
858 300
662 13
262 149
179 34
149 213
995 127
24 252
935 981
397 80
432 56
572 443
47 232
370 124
908 141
715 553
993 58
105 82
616 538
616 894
544 19
314 253
242 802
79 194
998 723
487 620
134 66
117 312
456 968
312 346
758 677
347 754
397 657
107 553
154 866
206 515
199 287
546 501
658 496
238 647
319 691
521 605
152 937
692 701
432 893
473 358
86 573
