600 1581 600 983 12
288 369
338 535
271 529
61 487
363 537
135 319
64 485
114 143
187 383
167 365
194 500
92 511
258 431
236 283
179 411
22 324
40 403
143 434
183 543
29 140
449 575
187 201
374 445
203 473
106 430
46 248
209 337
21 137
437 564
53 252
352 366
364 405
130 460
276 344
556 586
282 472
336 444
90 596
536 579
384 553
66 320
452 589
408 490
215 575
171 512
420 426
231 245
309 583
216 526
98 437
325 485
101 588
247 408
268 530
36 388
175 529
53 353
218 342
323 405
233 483
255 401
417 504
34 272
232 554
159 210
195 586
331 367
379 546
282 329
345 449
174 439
175 349
292 541
158 319
197 212
20 473
42 498
292 515
54 238
132 223
6 72
302 317
292 592
474 488
225 509
236 323
306 431
157 284
96 377
178 261
105 587
77 113
50 408
287 532
175 241
50 420
454 469
232 523
381 573
90 356
62 121
308 557
101 193
105 109
456 563
415 471
413 576
175 583
285 498
4 125
123 562
167 596
258 381
58 507
163 503
130 560
138 347
93 325
439 480
252 517
152 311
159 527
19 180
44 425
113 583
305 580
104 192
298 360
248 587
195 444
145 463
98 402
303 576
232 519
210 345
259 305
256 301
223 413
121 499
8 27
118 309
108 471
288 497
205 255
34 311
129 504
212 452
1 24
35 547
77 523
60 365
390 588
265 468
157 174
192 213
32 282
253 344
171 391
300 352
379 554
181 565
569 587
62 499
196 200
413 474
142 596
17 313
114 386
444 478
58 472
221 294
103 373
170 562
240 247
465 540
165 225
437 460
389 580
170 572
156 171
11 328
118 437
37 398
23 57
28 516
314 370
140 574
361 432
374 598
130 346
286 370
148 567
51 579
25 134
333 375
33 573
9 442
134 154
112 137
0 468
5 363
228 590
107 459
288 425
220 361
92 321
234 395
382 479
70 543
243 408
67 486
91 230
428 583
342 558
30 524
115 452
198 404
245 421
42 348
186 599
97 210
289 430
33 119
11 201
306 544
4 595
240 447
302 589
86 539
150 428
28 235
288 455
467 494
255 497
74 127
18 555
59 322
25 375
195 299
266 384
404 535
261 572
194 512
33 570
156 390
236 334
163 435
443 581
71 379
317 452
207 361
147 400
4 330
426 461
140 243
55 62
40 214
129 211
436 449
273 539
51 184
346 484
477 534
181 442
209 569
21 344
26 501
351 416
104 576
249 542
137 317
408 467
179 284
402 437
243 490
160 517
400 464
263 312
41 549
334 585
308 444
72 564
250 526
64 459
126 353
120 254
105 258
31 393
199 240
194 347
284 385
324 486
390 445
273 424
411 555
546 554
73 110
51 327
202 257
215 518
196 541
414 524
381 470
299 556
127 387
458 576
63 116
30 570
204 578
387 476
203 538
415 546
144 203
222 318
509 538
285 348
117 325
184 384
130 484
89 247
436 518
354 549
301 466
405 513
408 420
51 503
188 279
416 498
96 300
250 581
491 592
230 457
0 295
144 211
131 417
11 106
167 216
71 535
279 499
543 561
23 95
18 516
382 414
238 314
22 448
202 203
48 422
41 116
171 566
91 520
171 410
47 555
350 551
284 480
126 517
237 414
231 511
108 542
215 436
192 531
330 429
20 172
214 556
128 557
78 390
70 561
363 454
75 504
312 342
222 444
106 419
359 396
150 271
475 523
99 253
494 571
79 542
283 364
111 380
396 537
413 496
220 279
69 340
132 488
341 575
295 468
48 209
286 428
455 483
155 479
174 387
214 403
157 439
26 356
89 251
35 159
69 293
114 482
141 239
425 497
156 598
70 130
92 117
46 587
17 450
8 142
303 563
188 220
372 435
347 590
19 367
319 457
89 123
132 139
446 463
447 479
148 185
16 419
463 531
222 308
91 394
372 503
114 434
168 599
241 365
326 378
294 478
91 105
269 489
42 416
303 458
363 508
131 595
262 373
0 52
105 569
195 336
380 585
199 420
193 499
168 256
424 592
71 471
83 141
132 412
340 434
368 453
213 401
177 368
60 241
321 511
313 374
47 235
223 496
187 593
98 581
232 475
55 193
393 544
497 548
227 346
553 579
111 334
136 561
150 312
458 559
174 476
35 575
31 451
5 135
499 528
168 280
55 211
401 591
371 373
251 572
229 390
530 583
30 506
357 480
254 293
88 193
166 448
385 480
78 208
370 375
281 514
147 292
62 211
187 328
100 588
39 288
87 433
286 314
47 174
123 237
128 308
122 401
190 203
22 67
17 331
350 378
369 514
72 98
7 578
197 354
294 452
176 250
169 406
194 492
77 232
156 495
42 351
220 441
16 84
49 435
172 191
110 180
118 136
295 406
287 316
1 59
467 490
102 153
412 487
42 539
186 280
116 582
61 559
91 431
208 369
324 547
254 482
320 563
186 376
20 332
136 519
88 297
300 377
226 547
333 433
239 558
264 547
218 312
518 597
402 460
309 564
153 189
223 358
102 578
138 590
338 385
14 553
21 253
10 312
157 343
106 389
143 386
269 485
297 392
65 535
176 526
144 538
410 450
82 569
160 540
506 584
65 357
439 519
51 536
200 246
80 493
225 538
61 488
124 256
54 433
73 521
23 393
116 355
37 585
381 451
388 486
194 369
2 332
330 595
381 431
575 597
166 394
572 574
245 409
120 409
418 486
212 221
228 347
18 47
362 507
76 204
1 275
81 322
174 183
118 519
228 410
389 419
98 443
73 331
373 400
445 598
6 530
426 438
275 577
186 366
129 417
359 537
69 114
285 318
285 444
247 420
376 398
534 591
172 456
28 510
190 202
101 399
198 535
4 5
202 487
158 457
239 529
267 356
6 564
250 545
234 502
96 366
100 494
363 469
391 410
68 283
170 307
375 462
259 466
85 187
366 427
65 338
179 555
16 404
244 522
262 282
64 107
327 536
404 552
187 389
245 524
237 307
236 585
111 376
126 252
164 539
242 386
19 73
353 549
79 278
195 489
390 442
166 230
9 390
65 71
429 528
66 514
399 588
367 450
10 177
5 587
20 392
138 455
84 249
81 596
411 516
236 533
90 322
83 395
270 412
284 343
353 435
155 447
296 583
311 533
373 464
70 127
74 387
68 405
147 491
112 317
378 436
11 187
45 161
1 267
379 471
220 429
6 583
277 424
394 431
182 386
188 426
200 550
9 133
358 474
515 541
146 297
492 500
51 134
107 143
25 154
129 131
259 335
229 445
207 569
115 212
67 508
208 442
315 491
60 167
186 427
333 370
78 156
169 265
196 277
323 334
253 294
495 512
26 80
386 459
138 234
470 573
60 98
47 476
0 521
2 144
13 579
61 474
303 559
57 551
38 427
89 261
230 394
193 297
398 585
53 126
0 13
243 291
118 523
239 395
440 574
50 438
34 533
238 301
60 581
116 185
163 372
8 493
120 584
226 418
99 498
164 348
37 377
212 582
12 320
66 288
237 447
283 329
216 581
97 326
30 33
206 378
73 367
172 423
266 353
77 583
301 314
427 435
15 589
2 20
226 341
414 540
475 519
6 309
188 399
151 507
68 364
113 286
214 355
181 281
131 528
85 383
177 312
344 416
269 557
77 79
241 530
249 305
438 467
183 439
94 439
134 503
359 417
57 350
106 289
79 259
446 477
266 372
33 274
28 568
50 467
304 489
187 376
192 205
21 244
316 339
253 444
253 498
383 599
40 556
46 569
101 390
23 293
200 351
336 586
83 239
92 409
292 491
264 527
122 577
159 394
217 276
353 354
43 252
562 572
221 355
40 586
42 285
192 401
229 571
4 363
41 582
471 535
526 596
274 479
156 445
23 31
3 237
122 275
208 565
303 456
224 484
25 433
261 562
1 287
154 427
173 426
159 310
184 372
343 555
454 508
45 326
13 52
161 310
149 424
151 246
18 411
181 208
295 521
34 236
211 332
356 497
240 420
128 164
127 224
65 554
278 542
222 285
89 178
10 558
103 464
122 477
145 496
246 515
14 43
153 223
180 502
466 525
82 105
291 408
69 434
294 317
477 577
210 310
361 461
457 508
368 375
263 368
205 303
103 262
74 510
149 351
3 123
39 347
85 599
313 494
51 553
369 512
162 572
149 277
180 260
72 437
152 272
165 509
179 385
400 515
401 407
233 360
360 501
413 594
233 497
330 528
49 154
19 450
121 131
338 357
479 573
387 543
265 406
222 348
234 590
419 430
461 569
45 57
202 270
450 566
41 517
108 415
172 281
43 53
8 365
66 369
109 520
211 225
111 187
528 595
255 425
24 275
2 473
288 483
199 461
58 282
221 403
429 499
45 393
58 103
7 223
86 424
191 456
100 229
188 361
266 481
92 459
13 162
514 565
15 353
122 548
9 392
153 578
289 513
323 364
59 267
335 580
478 586
23 584
31 570
143 459
253 317
307 540
98 268
110 406
178 562
117 299
313 331
247 251
284 555
72 268
29 331
353 481
319 508
34 329
188 461
88 146
505 510
191 257
227 402
151 400
301 433
204 270
88 392
120 245
474 576
309 523
160 170
312 453
101 133
151 550
37 217
472 507
69 482
410 492
12 514
94 232
234 298
19 228
151 200
233 356
165 538
265 462
401 548
322 356
4 537
286 375
517 567
176 346
96 398
243 574
198 338
12 563
63 92
144 332
391 492
117 214
121 129
201 323
33 382
306 310
130 561
533 585
496 594
86 273
346 581
27 80
349 583
313 598
136 437
430 552
10 342
502 590
360 483
13 521
208 514
396 417
14 572
89 240
402 581
49 427
94 554
324 418
470 479
47 343
30 120
79 525
310 393
155 209
169 368
245 511
150 349
13 440
162 574
267 497
87 124
313 566
79 113
377 522
281 456
145 446
286 296
3 89
263 286
26 83
192 303
293 584
161 393
53 266
92 386
149 196
26 141
74 235
18 568
93 489
347 500
419 552
304 557
490 494
392 442
10 406
130 224
186 398
87 280
446 534
52 579
410 500
116 214
113 296
197 353
152 472
351 424
212 354
235 568
231 421
310 544
265 295
235 510
45 551
104 303
136 183
175 530
177 406
150 583
67 448
516 568
45 97
230 448
376 585
14 170
260 502
16 535
182 254
181 392
123 307
17 367
94 519
11 289
15 352
94 480
136 543
244 377
100 438
7 153
207 441
52 536
17 566
158 508
357 554
220 499
277 541
185 567
394 527
127 219
30 584
213 531
18 235
128 222
54 301
458 474
523 583
244 344
139 270
145 594
166 527
566 598
176 545
255 548
41 148
344 550
127 543
151 464
205 563
117 459
60 443
1 548
361 441
249 471
81 316
174 343
309 437
9 88
484 560
223 474
269 325
100 571
12 281
395 558
296 428
469 537
125 397
84 419
4 397
103 282
56 447
237 540
174 543
59 532
139 412
431 544
281 423
344 362
16 471
260 558
122 591
88 101
39 194
168 383
26 298
193 279
448 457
348 539
276 522
48 569
147 373
125 587
422 569
460 561
259 525
104 531
114 182
360 455
290 292
0 536
12 456
239 342
32 262
149 200
11 323
68 513
29 313
311 585
115 353
355 582
43 553
265 536
335 466
280 427
207 461
102 189
47 74
84 580
69 95
246 400
396 595
234 455
101 279
72 530
7 139
231 465
414 421
397 429
157 480
331 440
205 425
465 567
44 66
35 210
5 109
417 595
41 567
87 256
209 479
189 223
38 352
352 377
61 202
451 544
134 163
111 323
456 559
73 295
221 452
27 141
286 368
236 364
146 193
164 222
416 550
15 435
76 139
531 534
147 315
457 520
242 459
139 204
274 573
477 591
391 512
61 257
254 584
219 510
44 288
37 96
171 598
468 536
80 90
70 224
36 454
160 252
438 494
245 414
259 542
264 324
116 148
256 383
420 438
56 382
7 132
290 491
9 101
190 204
14 162
208 512
274 382
241 268
203 509
290 592
175 271
270 487
294 444
42 86
35 226
120 506
335 389
251 261
276 377
227 581
302 352
82 209
115 197
199 422
159 547
134 327
180 406
389 593
54 333
162 440
152 282
81 532
88 133
200 416
123 178
166 324
104 594
239 365
99 416
346 545
210 449
463 594
194 288
328 593
89 447
298 501
26 234
100 426
234 558
432 461
379 415
160 567
87 154
483 497
67 454
20 55
109 587
104 413
112 244
356 501
314 525
61 132
57 95
403 478
39 138
31 584
20 423
83 234
258 337
59 81
263 453
97 161
195 557
326 345
293 482
218 529
347 410
78 495
150 263
109 319
192 255
570 584
302 452
67 457
238 333
105 520
173 588
29 490
217 377
29 440
269 304
107 340
67 388
135 363
19 410
312 529
39 455
55 297
29 574
319 520
62 129
240 422
173 399
48 240
124 301
75 225
172 257
87 427
14 579
64 325
92 242
106 328
81 339
213 534
63 185
170 252
24 287
177 453
301 525
234 260
126 549
231 567
511 567
27 365
135 508
401 534
172 473
318 348
371 400
277 592
243 572
142 167
162 579
418 547
43 266
180 590
15 38
263 428
316 532
78 442
63 117
79 314
93 299
142 493
59 287
421 540
291 572
216 596
160 465
108 278
112 377
305 542
289 323
180 228
366 398
206 436
422 461
169 177
21 317
43 384
184 503
354 582
250 346
141 365
147 371
199 426
352 589
109 135
336 478
272 329
46 441
324 448
173 188
95 293
246 541
192 407
325 459
132 358
79 286
12 66
195 308
294 403
71 554
437 561
81 90
144 473
185 321
541 592
154 433
339 526
212 355
267 548
155 240
301 335
130 227
159 264
463 534
330 397
248 397
112 302
29 494
36 67
108 249
403 586
93 117
16 249
49 134
251 291
10 260
33 414
3 447
251 408
46 207
8 167
326 551
74 219
35 341
425 563
278 546
374 571
137 244
99 344
232 546
374 494
105 209
181 514
4 587
518 575
257 559
32 329
90 493
326 350
206 449
182 482
25 327
76 578
292 400
298 455
383 389
61 412
34 283
299 586
125 248
25 333
164 273
248 441
100 173
20 181
255 407
181 423
356 360
68 329
111 201
167 581
253 285
202 473
60 268
106 593
190 509
300 366
227 460
517 549
150 529
376 380
440 521
124 433
91 258
305 335
92 185
271 349
58 464
169 375
355 403
27 493
44 320
23 45
23 342 295 208 339 506 94 569 231 128 152 379 105 430 586 530 533 512 532 548 29 11 80 135 277 12 186 122 263 209 60 89 406 233 165 598 51 286 355 240 442 363 512 581 209 361 483 377 414 292 523 91 506 262 364 306 118 173 207 446 466 463 585 429 206 260 161 240 246 410 359 442 170 188 191 64 116 99 255 150 370 557 586 406 231 312 165 355 581 45 14 300 260 527 36 60 233 217 532 18 532 139 201 319 398 457 37 69 431 532 313 544 13 0 235 330 404 233 103 22 42 222 55 486 405 562 564 404 328 573 296 141 409 188 6 84 554 367 291 280 42 157 331 442 436 349 202 427 406 436 25 220 138 335 520 540 428 37 465 406 148 92 106 185 246 87 190 346 417 457 202 428 203 422 153 224 70 90 285 33 525 58 283 277 78 573 166 101 418 171 450 159 396 453 106 73 221 66 0 280 430 553 502 325 375 127 289 310 67 234 420 434 68 480 43 132 387 386 193 573 373 430 310 246 81 153 185 225 348 281 237 440 6 372 289 87 224 440 546 222 381 69 159 157 109 16 373 425 24 520 155 283 313 303 497 133 570 279 187 267 227 267 595 270 204 149 290 415 560 14 151 467 80 297 306 216 340 424 448 104 391 533 254 198 217 323 508 532 41 417 89 279 511 311 120 377 474 39 275 54 479 392 411 197 22 577 342 369 235 210 464 368 265 297 516 281 309 377 0 262 52 347 205 265 368 123 249 134 141 583 185 82 345 559 26 506 445 46 88 214 575 232 331 590 558 506 468 463 214 502 591 51 484 280 260 281 141 158 374 295 70 172 196 506 100 174 81 117 286 9 148 536 487 211 487 527 499 596 202 219 462 228 117 484 44 407 233 38 169 482 242 78 75 134 403 591 449 36 95 583 317 79 277 211 172 199 302 523 434 468 28 422 234 272 510 72 17 85 191 104 164 429 303 328 18 277 170 357 387 390 316 181 386 105 33 235 541 85 133 572 189 131 165 99 160 219 137 248 592 30 461 175 81 58 30 480 497 270 141 351 174 502 134 424 526 472 561 563 415 203 188 433 48 339 418 65 436 296 512 89 69 471 340 437 368 103 384 203 196 535 372 76 492 91 326 343 498 121 119 419 420 283 400 512 195 283 554 105 93 126 452 107 39 181 590 203 550 120 13 369 429 104 74 78 371 173 338 274 25 465 361 440 84 414 577 155 78 285 480 505 47 230 232 198 383 54 542 424 268 564 598 16 119 205 36 330 322 220 423 579 344 91 336 7 195 373 426 507 545 429 553 99 93 129 436 595 498 140 64 269 257 272 103 136 179 291 86 49 504 65 448 520 52 504 538 364 162 520 144 478
493 475
59 597
294 905
686 641
587 914
627 907
227 261
85 965
131 426
375 762
330 437
545 78
214 763
518 526
593 523
652 340
398 75
438 592
117 29
370 541
316 855
810 259
770 932
912 737
25 592
466 377
185 525
151 453
33 12
489 579
830 678
855 754
739 11
792 686
697 97
896 924
749 990
670 172
626 285
262 606
833 366
750 426
918 203
626 490
184 711
944 801
621 840
118 75
665 744
557 343
558 659
529 433
519 490
663 463
446 310
369 884
698 692
970 772
793 79
54 549
155 366
154 881
420 886
857 490
950 508
315 42
219 694
765 966
644 12
968 656
70 180
304 77
166 277
407 517
58 108
391 993
129 995
285 216
342 727
351 250
140 486
53 494
655 785
208 504
432 96
537 189
953 208
533 279
425 820
634 633
82 505
749 838
862 529
903 449
215 114
968 718
644 229
905 831
110 311
822 218
502 726
443 791
15 994
821 39
100 807
673 825
492 55
977 522
371 141
652 869
374 501
559 121
750 255
300 245
925 606
696 319
787 452
875 464
180 214
783 653
866 633
443 909
34 665
682 584
496 273
571 885
704 449
50 144
982 291
427 947
57 231
475 946
104 927
409 795
522 355
673 946
152 203
777 239
255 558
115 964
527 579
176 489
96 438
948 548
327 928
22 825
398 846
920 17
768 479
949 152
283 342
858 119
730 98
48 974
510 325
653 700
400 699
196 71
692 905
857 878
699 513
888 805
566 510
560 384
997 249
300 984
801 903
105 396
511 231
374 426
639 541
360 652
255 843
477 747
151 114
217 313
7 353
344 398
661 605
179 0
343 516
292 798
906 627
148 167
580 442
801 511
586 210
539 141
511 772
23 957
216 963
201 846
96 751
443 863
281 642
944 369
920 126
691 352
337 3
580 715
890 146
574 89
217 925
263 950
158 997
142 733
952 902
599 822
312 723
688 762
902 859
375 922
739 350
65 758
820 409
971 951
53 406
702 170
251 400
11 109
502 828
792 347
933 288
48 902
22 189
347 986
863 970
66 276
335 569
450 715
741 873
761 530
269 153
158 602
238 508
86 63
635 69
715 606
404 307
213 427
610 691
191 336
901 552
536 612
773 192
807 583
925 98
599 644
592 862
404 121
44 355
602 612
677 489
846 253
924 682
106 688
482 229
186 870
734 787
405 201
289 464
628 593
785 32
334 340
856 907
426 449
645 423
97 597
158 318
977 427
181 934
246 340
716 65
989 185
769 715
6 627
736 151
966 109
338 195
466 812
553 244
264 778
745 39
662 51
216 34
875 243
338 308
21 550
215 661
544 24
991 50
570 604
939 56
939 715
823 299
428 480
301 276
365 849
212 546
891 391
680 245
455 265
724 268
158 784
977 396
400 171
839 832
675 546
967 335
209 220
859 807
684 139
300 385
463 617
382 274
964 13
0 476
779 280
909 249
678 880
213 733
833 537
101 540
604 66
830 931
949 447
968 836
500 383
511 113
696 24
536 921
458 557
323 884
417 334
612 114
447 194
920 337
695 799
301 5
18 436
990 583
901 956
268 428
157 80
802 191
931 877
20 298
316 593
939 254
255 305
998 833
920 168
655 272
678 386
714 380
790 391
118 564
276 44
84 880
555 990
196 571
522 801
817 133
636 963
626 34
181 410
605 236
398 567
364 357
255 679
371 312
879 17
598 375
845 15
440 644
398 360
595 170
710 221
983 867
321 106
587 128
764 789
744 692
505 166
612 418
240 13
927 574
101 150
795 983
469 125
396 730
331 671
366 795
886 755
798 854
212 460
560 954
540 882
629 190
476 785
866 44
71 684
119 271
821 338
368 27
592 22
392 457
88 710
570 633
841 590
348 602
130 0
139 940
73 834
744 626
343 156
851 173
499 978
836 994
453 60
549 706
747 557
625 731
286 834
984 143
172 672
534 733
573 287
308 319
511 866
477 15
805 816
579 784
475 317
969 610
618 352
997 939
140 239
494 690
180 116
497 549
570 843
332 770
112 350
899 305
415 671
0 756
667 665
765 893
925 923
383 591
800 767
748 295
337 370
694 981
223 586
222 798
736 903
161 828
909 499
96 238
576 753
455 413
30 795
843 68
725 537
436 236
510 646
454 468
637 998
727 758
348 124
763 72
262 901
102 855
257 184
105 107
8 689
860 330
716 721
237 92
634 381
933 642
195 622
2 228
985 469
792 952
161 913
119 900
934 416
502 608
999 14
302 662
106 465
471 654
360 705
19 863
145 628
887 193
470 850
318 628
160 543
280 510
553 412
425 997
7 25
854 660
817 103
701 941
272 987
18 56
802 552
328 700
567 7
254 732
898 59
98 1
715 479
978 988
206 162
711 867
480 516
742 183
257 220
782 620
421 269
17 395
821 877
482 899
263 371
190 299
76 784
31 521
666 104
44 731
342 65
501 427
593 989
303 954
985 213
722 570
956 79
368 190
117 179
826 787
18 327
304 142
862 940
79 624
703 414
814 163
978 808
439 6
589 469
292 109
147 30
851 388
994 350
255 463
182 807
18 256
115 213
653 569
178 750
200 253
290 742
412 610
744 497
61 22
624 800
858 709
448 671
592 578
752 740
552 563
936 961
132 819
0 661
94 998
542 468
437 136
85 341
752 390
252 274
898 700
648 147
894 360
620 869
428 744
678 294
289 568
44 695
989 92
484 94
44 847
524 962
59 440
930 996
393 648
508 194
