600 982 600 1067 17
195 209
232 369
26 254
304 342
281 290
515 589
428 579
209 461
129 530
258 510
176 455
317 599
87 222
75 539
289 458
243 584
125 595
234 391
94 246
100 156
69 227
75 538
74 253
317 442
51 243
52 149
277 589
310 419
6 551
178 366
210 240
178 488
314 368
83 174
104 303
217 323
247 498
266 381
18 161
126 277
262 597
321 346
252 325
434 485
3 375
189 596
183 549
241 492
77 300
387 569
340 370
189 503
299 417
96 509
233 290
236 428
255 409
296 593
7 553
391 546
259 597
0 298
200 523
52 506
1 500
490 593
124 277
166 555
56 86
47 332
533 557
379 431
383 453
229 459
463 514
70 364
3 191
305 307
379 452
364 542
403 492
88 528
49 319
330 518
268 359
421 455
252 584
248 358
121 468
5 340
426 440
191 400
542 558
121 594
125 148
14 218
158 453
21 139
486 575
177 387
190 225
43 586
288 596
350 364
31 237
244 575
16 338
338 437
354 592
128 514
50 232
350 542
429 569
184 339
185 564
448 477
79 134
42 105
262 460
114 517
46 365
160 588
201 208
14 321
216 279
284 320
172 293
389 399
83 492
31 469
102 444
544 561
124 286
249 425
71 480
110 257
563 573
208 413
9 390
40 232
133 550
269 509
76 398
342 596
115 258
68 432
157 215
255 511
325 589
237 586
480 546
232 564
79 383
192 321
273 459
120 217
251 503
26 73
62 233
196 531
330 454
149 583
33 221
330 574
106 355
108 422
46 407
45 332
378 527
174 337
139 536
291 543
184 318
388 476
326 360
339 552
168 459
157 393
131 560
87 332
230 236
103 575
4 23
384 530
141 335
186 335
169 524
179 482
321 523
25 304
311 434
24 585
23 177
54 122
324 373
330 401
35 564
140 511
207 324
443 517
142 499
53 238
219 291
154 471
119 538
112 594
155 291
122 524
447 581
281 415
285 505
363 413
319 504
243 489
208 470
123 460
180 581
140 255
179 460
19 429
127 475
166 514
130 353
170 410
174 376
121 214
5 6
109 343
329 340
41 419
35 560
96 401
185 250
8 536
70 306
127 351
378 437
363 397
148 258
163 226
354 541
135 564
176 319
30 534
246 559
114 336
426 565
186 415
52 347
150 218
355 557
312 406
164 384
13 576
217 266
48 495
126 591
240 445
497 546
165 202
433 477
58 356
230 286
188 397
253 386
40 560
32 57
37 501
439 530
372 493
513 518
398 430
313 485
289 415
145 333
161 403
175 265
333 491
347 506
135 232
74 77
62 477
74 260
341 411
123 179
60 540
129 300
101 197
99 260
189 288
61 153
398 508
181 447
201 526
258 309
114 443
496 498
202 371
207 424
69 212
155 543
211 249
47 546
400 479
33 84
425 519
81 461
401 520
423 575
209 537
138 531
241 383
451 535
217 571
231 593
252 512
100 186
350 558
290 477
146 227
0 291
151 457
329 441
149 423
74 356
74 256
166 213
35 232
516 582
164 328
45 47
258 496
75 487
264 310
24 295
211 501
276 364
20 362
250 564
270 587
294 547
15 230
21 214
40 131
20 70
215 393
125 484
79 143
442 599
321 499
212 279
58 536
474 519
260 493
142 346
52 373
56 490
157 392
397 487
409 580
168 367
134 488
173 452
148 484
145 459
158 488
208 502
66 369
342 535
22 517
79 241
188 526
201 502
188 413
205 249
83 598
55 595
98 260
427 504
514 555
16 74
215 352
316 584
458 594
112 478
210 292
128 276
526 538
298 426
159 259
61 401
292 445
257 500
168 562
33 368
2 314
45 222
78 385
118 238
328 355
348 499
482 582
461 507
475 556
273 330
361 405
196 579
212 227
38 175
148 294
464 531
230 428
264 425
87 386
56 102
92 112
396 534
404 587
17 353
4 543
94 467
36 257
91 108
333 465
37 192
11 341
113 203
158 366
71 97
96 371
109 469
299 524
260 585
101 365
324 545
486 590
242 263
283 507
24 342
225 349
330 367
297 396
270 583
176 421
174 377
158 162
305 498
99 287
345 556
161 174
210 445
18 284
41 434
25 476
389 398
108 410
217 547
512 584
209 374
70 182
288 342
159 582
352 393
192 499
363 566
118 147
113 557
103 590
395 400
369 588
458 462
419 519
31 43
453 467
385 394
270 557
68 173
174 261
243 316
120 199
129 315
120 333
14 523
123 262
219 565
309 494
215 305
491 544
198 228
222 311
339 550
50 473
102 317
75 293
29 190
406 578
57 279
116 576
13 537
177 486
397 526
367 465
186 594
65 283
362 364
182 206
271 294
16 439
59 355
53 563
111 227
311 474
319 427
70 431
115 275
382 467
164 471
118 293
90 253
96 202
306 398
263 280
71 546
337 495
113 355
73 266
102 270
64 479
453 488
2 455
182 389
91 147
259 301
263 438
9 239
12 514
278 440
48 175
236 584
52 567
80 513
190 289
225 522
52 587
541 552
72 140
89 479
172 238
220 504
11 320
222 474
165 509
263 598
89 551
30 104
132 197
126 205
108 147
68 431
143 483
84 438
239 565
439 454
139 313
61 581
219 532
183 351
280 495
339 358
157 450
154 328
4 231
276 362
26 206
148 418
87 311
150 402
25 596
318 585
172 538
85 265
200 321
343 435
171 331
38 495
41 474
359 434
287 372
323 580
132 407
86 257
117 204
29 92
105 466
361 377
192 197
32 340
189 272
533 534
515 516
90 386
244 429
20 363
82 575
298 565
105 365
18 224
66 375
46 105
407 433
194 469
421 427
351 549
431 452
183 193
392 572
313 434
28 208
86 599
297 384
150 197
133 163
215 496
18 403
100 458
205 548
160 405
308 324
295 318
174 242
126 249
263 483
263 336
15 579
251 373
330 562
226 550
67 73
323 409
132 186
421 472
90 234
81 308
4 278
469 572
87 253
231 543
194 555
509 574
15 45
518 525
240 413
190 349
173 379
82 244
273 436
426 543
146 399
173 595
88 456
124 584
117 414
347 355
3 369
215 258
125 294
374 570
59 107
123 158
187 331
80 396
193 351
314 438
281 522
165 234
73 199
441 524
25 347
583 587
228 294
217 561
123 366
396 513
73 254
351 556
371 408
25 272
355 446
249 548
37 499
484 595
180 556
245 469
505 535
220 472
103 457
478 493
282 423
113 404
428 464
42 344
131 232
124 325
68 182
57 216
39 122
307 343
121 141
183 243
30 521
196 464
274 420
25 412
81 324
106 557
49 176
59 328
61 235
51 193
15 425
126 515
361 495
162 482
390 450
295 585
195 461
156 594
284 560
366 488
35 475
344 448
23 278
39 172
422 563
425 548
416 585
217 381
29 289
168 333
104 544
0 426
330 509
437 454
483 598
293 538
327 381
17 184
195 374
286 584
26 171
189 274
315 530
183 357
198 532
32 292
25 251
184 260
135 204
280 438
240 363
413 470
257 481
144 349
5 370
248 339
52 576
353 553
383 411
342 446
316 357
391 480
380 434
206 399
260 451
184 358
1 547
82 423
415 458
40 326
297 471
29 462
246 325
141 434
138 489
56 481
347 388
112 458
71 577
34 441
384 525
171 254
44 370
246 482
224 360
202 480
66 135
10 546
255 303
235 312
69 398
111 117
281 433
324 568
111 212
26 432
53 91
152 399
98 451
17 133
78 327
114 488
69 146
15 519
119 502
204 250
256 338
376 377
54 524
114 178
351 560
288 541
141 268
69 240
157 554
78 394
219 302
373 412
11 403
91 238
174 598
139 214
214 434
305 343
100 415
24 535
251 412
320 549
234 546
296 486
260 416
381 385
396 471
69 223
449 541
12 237
494 558
575 590
97 447
164 322
105 218
84 517
15 428
157 435
134 483
311 485
181 193
226 339
70 363
102 442
106 471
409 571
27 132
219 298
17 339
452 484
495 504
157 305
50 588
204 578
220 427
422 573
308 461
364 452
42 167
197 268
309 510
142 259
235 406
334 553
51 489
8 87
401 408
80 104
179 597
12 31
45 497
93 415
264 519
544 580
515 591
161 261
170 276
193 556
60 473
135 250
288 449
426 554
97 371
23 296
241 403
22 84
355 388
151 270
481 593
149 587
63 66
31 514
364 431
111 414
454 525
529 592
63 89
132 141
68 206
144 163
222 519
71 371
336 483
175 220
107 535
225 289
88 400
8 253
19 244
212 216
265 528
95 410
130 493
188 363
37 310
7 29
120 145
40 360
128 350
177 278
173 267
49 455
9 565
138 428
24 451
207 592
295 358
463 469
180 578
137 589
239 390
9 426
14 402
21 287
210 223
288 420
205 277
128 166
200 346
500 571
80 534
424 592
213 275
72 599
410 422
323 561
251 272
397 539
409 511
69 210
413 445
136 280
290 433
126 501
6 340
196 546
284 351
150 466
5 89
348 501
411 467
330 525
43 237
166 275
337 376
85 175
139 287
491 260 255 415 386 172 479 327 208 11 35 322 215 529 549 563 260 165 351 111 327 445 499 423 280 466 329 252 596 410 125 44 111 180 351 303 554 217 597 50 151 415 33 381 511 302 439 344 44 270 43 146 104 448 215 366 268 466 151 566 155 242 428 173 180 73 545 455 151 95 14 376 320 99 350 195 522 193 44 283 231 382 553 161 182 334 30 381 512 222 3 466 346 552 461 216 472 74 220 561 479 347 310 545 481 267 388 551 134 6 598 124 120 89 79 150 420 421 199 282 77 315 368 233 167 354 120 110 501 127 223 152 319 426 591 139 279 533 278 183 60 512 155 28 368 6 247 99 22 226 323 361 330 207 420 202 306 382 519 93 123 387 127 6 149 285 430 530 282 407 65 405 143 541 175 482 134 258 81 400 534 515 552 285 306 235 146 76 120 261 151 467 226 300 142 542 303 290 122 293 528 539 393 455 505 134 163 155 103 69 504 422 193 554 597 497 318 590 544 283 16 483 466 384 282 302 241 227 255 290 554 240 33 139 538 86 248 156 334 288 360 220 209 62 547 338 519 508 306 270 181 416 350 241 236 300 483 253 497 411 354 40 124 355 77 321 288 36 77 224 223 120 459 244 31 580 378 244 220 578 78 430 378 472 181 29 437 494 402 462 317 579 217 261 201 153 343 258 440 224 39 91 504 238 112 36 5 244 168 160 527 339 575 289 225 131 512 371 516 441 434 351 265 97 205 349 479 489 480 305 99 38 170 286 301 54 386 480 228 460 238 257 530 29 419 304 573 230 177 519 288 267 373 417 583 505 344 546 581 302 414 591 513 69 248 61 390 349 255 53 358 461 57 300 539 427 468 240 185 7 448 258 487 424 125 561 154 316 233 280 348 469 301 283 296 30 471 451 65 331 493 63 405 320 209 369 480 116 587 125 345 438 316 403 132 102 406 45 272 464 324 185 75 514 160 595 143 574 564 196 119 62 591 516 393 166 263 452 296 462 62 485 322 91 250 297 197 403 336 293 219 207 434 589 196 422 311 8 490 406 369 227 320 246 461 315 283 136 31 552 24 402 290 155 36 103 214 8 542 226 259 350 175 320 505 221 323 531 467 209 38 47 426 15 559 281 448 414 307 121 432 37 288 90 141 267 310 262 37 550 403 214 494 282 399 377 532 102 72 554 131 393 84 357 66 176 373 536 302 17 551 566 298 118 12 545 493 137 162 500 479 274 492 130 421 147 422 525 289 120 356 133 513 215 232 108 247 536 252 523 180 336 57 526 322 278 59 111 384 481 249 596 242 77 363 255 235 546 345 363 180 10 519 248 93 180 423 93 594 443 66 264 91 367 479 472 290 291 110 19
69 529
171 494
963 98
668 144
58 565
524 126
531 86
732 944
702 723
31 440
686 474
799 324
78 82
57 849
940 729
755 552
558 726
628 944
779 297
1 814
262 161
713 829
972 185
78 615
515 850
310 877
394 383
874 889
368 43
729 918
310 649
12 86
452 144
996 76
467 51
629 304
159 530
877 643
769 68
366 2
706 273
790 737
953 877
4 48
566 196
707 626
947 845
663 620
803 83
913 83
682 203
701 444
192 832
146 1
401 29
248 423
144 636
486 190
661 764
418 813
733 196
533 407
944 984
599 126
571 82
25 992
619 176
387 469
325 318
445 203
279 210
611 507
211 609
360 443
583 746
244 61
397 225
564 780
298 382
892 294
333 611
94 939
45 814
860 267
999 160
729 48
176 615
713 672
613 41
574 138
618 673
188 36
691 921
814 978
885 411
141 110
557 545
608 481
505 774
618 805
815 907
902 835
170 686
81 748
308 598
976 821
347 723
445 845
197 81
23 238
128 587
508 266
728 867
279 767
946 269
141 278
100 857
489 310
222 37
328 41
339 513
768 806
443 5
967 403
820 522
202 415
850 590
668 350
150 163
489 735
621 900
676 278
865 847
618 971
921 281
621 214
882 141
894 516
752 472
698 783
233 629
814 835
921 583
919 249
652 974
363 497
415 300
209 58
167 374
154 782
926 774
165 729
477 331
492 470
372 736
120 550
803 879
21 342
945 359
961 494
734 152
772 237
935 396
600 995
409 711
591 659
125 209
993 903
407 525
530 31
188 119
431 385
298 18
262 339
837 226
802 41
893 47
56 652
977 308
954 449
582 368
632 450
342 292
725 411
563 907
592 296
837 896
463 405
332 128
348 936
740 973
662 82
892 736
682 427
55 184
55 920
694 532
899 811
140 484
327 481
976 638
339 101
583 583
246 787
555 281
815 567
364 320
214 994
372 72
26 892
420 166
849 627
453 253
149 191
749 779
117 337
468 214
288 486
968 735
109 482
836 23
986 10
742 654
458 170
743 309
775 988
549 993
449 296
193 480
422 491
759 522
104 595
668 225
922 995
607 603
452 371
766 494
41 46
238 8
78 412
390 134
852 316
858 195
753 446
7 790
68 231
881 441
104 245
537 964
795 592
589 263
258 887
852 441
631 720
409 435
235 584
610 699
167 583
166 326
969 525
575 843
815 246
997 421
887 178
800 634
719 17
333 432
262 381
836 818
497 565
227 686
230 442
316 909
461 507
306 972
145 243
206 169
846 559
20 576
509 242
928 109
888 924
131 767
57 990
739 339
440 796
783 517
665 812
398 941
767 949
911 972
121 505
464 118
273 17
204 457
490 895
104 656
404 659
69 492
500 13
532 729
998 557
90 447
270 607
385 875
80 316
340 252
64 267
141 954
190 279
875 710
737 699
509 352
723 766
959 145
470 750
786 422
170 644
529 908
883 81
778 341
954 672
385 678
257 545
185 915
845 497
751 268
321 365
389 762
488 67
451 597
438 429
668 645
375 528
664 921
827 865
959 235
839 161
561 672
563 960
492 94
793 362
463 879
35 293
965 912
642 409
950 637
236 826
904 601
705 996
189 198
704 394
143 360
639 917
383 994
334 784
641 779
761 410
530 932
865 784
708 298
767 136
239 187
295 165
229 219
936 800
993 382
425 584
996 135
647 161
533 166
584 517
661 839
192 888
83 899
624 131
806 151
779 176
492 623
281 300
811 759
327 398
820 403
892 329
436 693
263 451
664 675
30 694
305 821
391 306
58 390
617 569
8 271
107 388
274 425
564 39
368 638
282 132
366 254
425 342
633 56
525 516
916 736
812 293
253 762
732 92
544 370
906 877
558 467
227 543
127 79
860 342
234 880
385 108
528 281
791 926
527 829
546 10
140 396
805 690
348 963
883 21
116 11
78 797
255 975
774 604
50 514
844 47
726 521
7 729
357 184
266 276
359 367
926 912
761 750
47 330
498 416
526 663
947 172
508 703
29 538
445 68
205 675
999 286
145 713
412 98
388 831
605 438
997 929
458 957
13 392
505 813
233 317
919 370
474 669
949 44
577 11
134 736
777 891
431 516
993 447
65 949
735 890
25 158
730 491
379 572
962 784
859 376
786 826
0 200
391 55
358 694
796 1
707 211
780 687
642 332
363 832
935 959
679 865
593 99
629 543
149 600
911 417
922 225
191 361
736 727
82 689
261 113
933 329
726 466
123 681
354 548
850 291
599 844
177 256
834 114
119 303
693 570
105 271
919 669
200 552
877 615
319 64
284 956
835 74
474 778
205 862
11 969
375 281
546 585
165 301
208 583
823 439
389 609
76 165
872 546
918 543
993 201
428 612
766 652
550 518
266 655
830 997
982 695
477 27
448 662
308 120
491 651
681 64
260 950
481 704
706 501
155 462
322 706
347 658
476 838
693 750
5 853
279 69
235 116
772 207
452 984
203 251
90 554
322 554
198 937
658 563
226 476
777 563
756 375
592 971
563 113
517 991
683 949
4 445
84 193
621 345
307 736
190 226
892 489
684 322
296 531
437 549
69 4
615 272
71 468
321 206
215 839
162 878
11 668
137 886
216 519
0 231
70 28
523 632
39 785
142 832
640 477
571 343
715 586
281 550
571 401
913 471
161 757
790 475
526 874
30 11
246 732
693 154
868 512
92 720
883 570
273 999
113 624
799 854
220 372
371 905
988 486
881 210
202 632
