600 1055 600 1096 8
256 479
37 444
289 548
342 353
346 532
236 594
11 248
123 155
242 596
173 590
65 145
137 219
350 439
50 69
333 404
162 409
351 483
133 247
312 592
172 292
146 482
165 178
313 511
255 527
24 578
29 576
200 580
94 349
225 227
248 332
269 293
0 64
187 188
232 314
138 589
92 93
437 470
98 387
190 455
90 120
477 527
83 268
393 531
75 337
210 397
128 151
133 193
291 572
51 393
352 506
119 585
203 216
57 480
182 360
64 572
285 451
59 136
319 523
192 326
231 502
483 503
232 491
266 298
42 196
13 99
117 502
56 430
5 212
57 436
536 595
63 126
506 562
73 402
57 580
402 446
305 410
101 510
66 112
300 471
127 452
53 160
25 334
73 358
292 361
305 538
168 580
573 583
247 387
173 363
301 431
211 285
27 404
295 454
128 553
239 478
160 571
75 186
100 447
74 545
168 414
257 429
267 302
170 440
94 430
150 583
177 203
98 115
101 553
137 139
536 565
331 508
12 62
519 593
310 342
225 292
443 470
159 423
32 218
532 542
73 446
35 149
296 326
447 587
55 208
47 596
190 323
20 566
58 460
160 545
124 487
212 392
199 378
237 287
37 85
209 267
417 450
316 462
44 486
1 277
47 242
143 520
118 176
468 586
158 410
37 207
5 563
258 299
414 580
88 455
287 321
133 387
233 395
60 413
306 548
30 254
206 599
274 595
253 264
171 571
102 406
324 522
310 391
284 531
3 410
134 220
407 582
362 445
221 599
82 195
97 389
129 177
8 502
109 262
12 473
392 543
24 111
164 307
378 535
97 365
78 532
40 309
58 477
33 131
11 455
228 571
54 588
289 540
161 227
226 313
186 430
426 518
111 215
202 350
379 416
503 541
284 393
168 473
369 447
155 516
398 445
379 390
156 238
275 549
8 246
177 577
159 200
74 525
265 409
381 519
154 252
121 334
263 485
151 336
48 586
233 374
301 314
152 383
410 538
166 425
2 187
36 242
207 444
250 380
114 259
348 483
290 297
169 486
338 378
63 379
161 226
73 599
304 326
107 522
275 522
405 448
41 123
200 473
550 595
101 140
244 456
281 331
287 494
234 554
170 285
139 251
199 535
75 430
2 554
167 558
47 126
192 238
233 275
113 481
58 552
281 452
507 598
120 129
96 309
16 379
143 339
135 153
72 222
165 423
218 365
295 419
193 569
478 509
270 319
18 426
191 229
208 403
276 504
13 115
277 283
64 173
101 568
161 352
194 577
263 370
27 266
208 260
418 439
19 545
106 125
211 440
404 512
461 492
16 126
102 426
42 461
270 523
494 515
286 389
109 162
4 80
219 536
44 66
3 305
385 402
309 454
85 214
55 86
194 359
221 505
338 367
72 250
335 505
53 228
99 355
45 425
266 380
270 370
46 47
208 432
103 368
270 482
59 142
323 541
205 398
171 255
149 299
308 425
28 113
238 246
161 439
165 256
176 385
16 46
108 375
160 228
24 61
225 288
251 371
505 583
309 419
50 119
170 476
143 345
435 505
385 399
47 453
251 425
51 438
142 327
215 486
346 375
76 478
232 301
157 460
172 547
224 253
51 452
136 284
66 149
378 456
332 556
133 287
59 521
32 162
400 525
211 451
59 125
227 288
57 178
262 380
33 289
90 194
274 452
231 401
77 535
203 328
293 551
438 508
337 558
396 413
451 490
130 315
103 517
142 334
12 559
111 253
474 541
10 253
132 271
331 539
367 378
148 185
474 503
134 285
107 267
264 366
51 387
20 559
97 373
134 490
352 354
109 380
82 549
476 510
65 268
14 166
32 333
183 343
260 432
301 382
120 328
10 111
20 473
107 495
36 256
31 236
36 303
14 45
18 376
267 324
158 578
424 525
62 473
29 376
304 466
129 328
276 316
214 277
69 192
35 215
80 213
466 561
122 203
226 429
277 380
185 498
28 62
171 582
243 525
395 551
52 368
178 200
473 559
416 576
11 190
308 411
32 409
216 386
69 296
322 332
143 147
157 552
302 549
112 149
22 359
68 112
51 127
293 556
42 254
308 371
197 361
146 485
320 521
201 408
68 486
123 258
244 535
174 260
184 239
255 477
145 400
91 278
457 458
358 471
53 571
273 344
251 317
337 400
92 316
171 217
319 449
262 404
282 447
75 94
272 435
9 567
51 315
388 484
497 534
274 550
232 294
226 257
353 440
102 557
282 587
267 516
25 570
48 550
272 472
24 215
345 382
132 455
85 277
219 543
191 499
419 454
122 329
173 274
177 360
480 504
142 454
130 546
76 93
374 551
251 544
348 381
466 502
95 523
340 488
254 461
387 542
13 130
494 569
197 288
234 492
88 91
298 501
338 499
35 428
313 372
120 535
148 294
275 495
468 469
0 382
79 93
8 238
374 413
533 581
318 394
80 100
41 258
348 503
115 417
27 28
318 368
124 240
156 399
479 526
372 476
212 543
29 381
458 545
208 349
12 182
310 484
314 438
321 346
285 440
120 210
520 528
144 521
279 318
453 567
206 530
157 259
448 575
413 574
403 490
109 404
100 213
427 505
481 512
123 524
101 386
204 240
107 574
307 588
57 398
131 356
151 432
2 417
12 28
100 507
217 571
213 303
7 579
70 514
515 589
334 584
274 301
450 515
24 555
182 577
36 596
13 437
92 485
213 311
376 518
318 448
31 299
382 587
80 311
5 139
125 470
117 261
61 264
472 597
122 389
278 448
109 265
436 526
504 588
48 595
396 434
5 223
325 581
217 304
129 194
265 277
31 235
289 396
402 599
125 584
11 332
221 435
114 552
319 422
49 464
339 435
199 244
70 85
415 422
60 474
294 387
480 500
26 171
11 556
50 192
332 395
139 565
161 418
124 443
3 158
39 391
2 234
145 558
293 395
229 312
280 500
106 570
164 359
269 413
63 445
371 411
6 415
78 185
165 526
10 24
463 536
445 526
235 594
92 276
220 336
225 245
243 514
65 265
231 514
419 468
31 149
328 535
100 282
183 585
306 413
99 130
132 420
232 447
49 512
295 347
191 319
70 261
67 464
83 167
369 579
17 519
133 569
278 318
40 96
547 591
311 423
276 462
391 484
26 407
312 547
119 460
102 239
24 538
153 176
116 181
144 320
498 542
6 592
64 147
197 439
550 586
14 259
43 573
350 484
191 338
130 531
233 383
188 234
390 576
311 340
354 429
164 168
119 564
87 182
84 510
89 467
79 154
22 95
88 190
35 68
0 431
161 344
163 365
198 407
423 573
256 526
472 488
152 322
142 295
232 382
288 361
298 459
172 180
128 174
394 567
501 573
95 397
144 355
52 318
158 312
379 519
28 573
450 569
239 518
119 259
141 506
22 307
73 221
449 465
287 357
158 592
43 583
47 497
17 517
114 544
30 461
249 575
295 393
543 595
135 384
163 260
41 209
56 525
109 409
108 532
212 219
201 401
136 295
74 160
516 524
15 367
119 412
319 482
64 528
245 591
425 544
246 283
195 516
356 428
164 559
281 539
273 352
105 358
339 520
55 349
279 375
2 377
329 389
215 578
286 364
296 564
480 588
184 509
18 406
27 501
348 540
204 487
182 559
300 358
217 408
412 460
38 363
103 351
154 467
115 546
55 260
452 550
416 433
403 451
376 493
207 265
351 517
91 103
67 365
383 395
257 313
28 501
76 264
272 505
46 497
64 590
32 442
104 249
253 428
515 569
9 375
73 335
241 342
122 364
343 585
126 379
222 266
341 500
422 592
289 306
261 514
32 34
101 216
54 276
35 112
296 304
43 150
347 419
263 307
15 591
71 582
449 482
134 336
176 489
49 122
97 174
153 411
172 245
10 61
312 422
389 464
168 307
49 360
124 125
209 258
175 368
318 534
103 278
273 456
21 578
242 453
315 546
9 279
294 542
48 543
392 475
221 335
50 230
177 194
133 494
477 585
498 532
501 583
138 357
396 503
177 182
91 405
104 375
107 209
56 94
71 407
109 277
77 506
254 581
114 317
322 395
60 269
564 585
469 475
45 544
254 575
44 112
204 513
18 29
85 117
59 334
22 263
151 220
138 492
160 458
104 357
297 598
252 276
15 181
203 441
291 528
275 383
499 523
4 488
294 438
64 291
290 598
17 175
309 469
49 182
242 598
252 480
164 566
65 207
205 280
83 558
487 513
417 529
497 567
140 553
65 442
36 479
376 426
106 584
231 466
217 457
88 541
135 411
159 165
243 424
37 514
30 234
79 467
220 490
26 582
574 594
19 525
127 468
122 360
256 303
321 532
18 330
100 369
39 350
154 376
19 537
355 521
186 337
116 273
274 431
15 245
366 555
210 535
233 495
57 165
313 342
517 593
235 258
55 94
116 378
57 500
206 402
411 565
293 374
488 505
79 478
193 387
5 317
23 590
137 496
233 551
54 462
289 330
179 486
60 396
153 308
264 509
78 498
58 114
34 409
376 576
8 117
325 405
110 267
364 389
78 579
237 515
89 493
520 599
9 108
89 154
324 549
228 407
55 167
307 359
211 353
77 141
145 243
469 586
29 390
17 46
31 306
69 564
14 119
127 586
336 553
155 524
353 476
23 274
339 472
78 297
211 403
191 523
152 275
97 260
68 215
227 273
166 421
365 389
453 598
217 401
14 230
192 230
114 560
229 319
33 356
135 291
85 207
247 542
18 540
231 537
9 189
357 461
81 520
72 266
330 540
156 246
401 457
474 556
381 483
130 284
121 454
203 568
152 395
271 533
49 87
475 134 544 566 22 101 242 266 188 462 37 247 375 96 404 27 466 33 598 68 225 591 267 167 503 521 216 392 372 405 392 588 441 120 248 518 375 415 55 465 185 214 122 10 397 500 525 39 370 196 396 55 77 433 259 213 215 233 252 38 59 236 221 170 87 220 407 453 145 314 203 193 598 242 48 60 210 196 253 1 56 76 471 179 246 328 311 207 64 483 446 433 543 305 49 517 241 328 419 115 138 574 322 435 573 84 241 60 452 445 257 437 68 164 597 129 565 317 128 303 511 517 519 479 358 594 426 235 28 449 48 93 389 488 188 39 234 459 180 99 435 367 28 347 396 318 36 225 326 107 245 383 327 136 52 200 426 486 109 279 197 485 143 287 260 427 549 393 460 480 544 487 554 222 101 557 565 503 208 386 498 260 332 436 516 505 571 106 533 126 391 421 146 451 264 401 506 159 23 536 544 447 304 565 501 75 311 308 513 468 528 291 326 87 537 154 279 420 338 420 16 268 304 317 99 428 247 390 590 549 244 470 97 120 175 310 142 296 39 290 530 203 113 50 392 448 33 537 591 109 578 162 80 413 362 274 425 62 535 449 544 486 306 271 395 401 553 473 474 363 463 586 565 395 175 88 307 320 78 184 390 202 474 559 160 497 325 562 153 525 22 41 373 597 290 319 6 294 231 384 546 313 6 236 463 325 246 157 176 545 213 504 205 488 266 425 43 550 130 500 531 15 459 59 397 106 243 464 296 121 546 568 512 265 214 299 115 584 357 360 121 348 319 37 33 306 328 154 6 323 332 490 495 529 3 227 134 494 495 59 354 52 166 288 256 119 336 328 527 340 148 188 82 376 398 39 593 220 89 497 15 459 154 317 344 183 547 16 107 463 560 56 117 40 123 413 414 359 471 370 185 449 339 316 329 528 36 169 28 57 123 334 305 59 275 482 87 544 181 465 594 158 499 370 213 56 20 39 14 404 218 335 229 401 99 297 161 153 451 134 230 47 135 54 81 25 217 282 279 306 200 72 584 238 299 581 349 127 586 479 50 228 3 158 286 4 83 185 326 316 40 350 285 205 157 318 593 10 576 369 240 386 7 429 448 525 291 83 397 217 206 495 206 19 177 90 180 513 40 102 274 431 112 118 243 284 13 351 334 561 590 434 182 584 98 129 583 173 162 46 477 375 504 301 375 80 174 224 2 331 317 420 56 174 95 79 105 533 288 61 416 456 115 149 230 160 474 17 260 445 262 505 564 261 33 248 404 266 80 134 87 408 144 27 527 186 468 487 327 434 573 389 569 229 12 280 368 364 68 170 137 304 408 434 168 564 49 206 380 204 165 228 28 144 76 230 406 158 458 261
418 220
720 282
48 268
524 978
503 400
513 8
550 923
342 330
810 222
202 429
395 910
70 663
644 538
140 184
688 111
739 889
330 571
275 557
269 711
939 256
615 578
438 977
646 707
374 168
447 947
75 7
934 77
663 468
664 508
296 680
10 353
202 895
796 455
292 789
837 427
296 928
413 485
867 329
466 142
972 987
321 0
134 936
43 432
558 464
240 984
652 66
318 544
321 505
373 83
748 569
722 113
247 175
239 516
980 135
557 665
954 515
999 316
487 596
748 15
92 90
163 732
442 917
589 532
382 588
451 190
840 396
205 944
790 505
289 975
766 132
852 286
964 9
708 356
601 301
974 230
982 388
479 824
779 762
279 399
470 780
465 397
481 223
18 963
903 451
870 750
814 297
988 455
692 549
160 605
430 732
704 682
160 580
532 738
515 796
998 416
647 762
294 0
848 564
237 216
166 162
421 386
881 702
321 779
197 551
88 422
624 381
1 77
88 888
203 400
764 402
85 978
352 919
272 936
697 495
650 9
182 227
761 860
801 258
621 183
734 85
730 707
196 2
779 609
179 969
15 124
64 79
352 544
316 90
898 636
746 666
178 187
289 823
44 602
183 300
968 651
564 173
181 90
469 46
94 344
503 53
837 655
802 714
189 44
487 260
143 91
913 380
551 756
454 220
308 303
255 902
555 424
912 610
1 812
580 127
427 700
152 956
721 233
714 32
564 977
534 535
971 193
861 896
779 429
879 527
622 615
481 549
638 119
901 512
569 607
316 981
916 747
897 49
694 925
417 159
882 594
230 557
626 156
725 635
538 564
209 977
654 963
745 920
667 588
840 27
410 828
303 345
977 328
17 279
12 236
244 410
114 647
643 837
757 162
204 276
692 656
39 984
33 455
821 993
994 31
787 812
563 545
853 186
912 999
810 635
31 191
415 593
567 229
824 360
979 545
118 911
707 738
980 715
389 0
438 437
795 315
347 987
832 712
892 128
834 487
422 18
974 594
581 318
660 388
459 13
322 914
758 960
902 853
792 920
994 105
634 879
714 178
871 209
364 278
65 798
0 309
157 894
165 842
116 328
755 209
394 791
13 172
999 746
372 457
920 274
809 790
729 944
757 240
207 329
33 638
124 444
736 335
557 51
460 693
384 848
12 471
828 5
467 487
912 814
172 926
692 69
894 565
828 246
725 411
598 691
441 869
795 382
678 425
102 946
873 423
122 748
600 773
10 571
502 340
798 879
359 148
57 826
507 698
770 322
144 526
166 449
418 622
291 154
429 356
753 276
206 91
929 699
803 596
170 354
807 962
247 760
346 396
496 158
695 968
76 722
287 266
233 86
805 95
312 395
638 443
214 918
665 343
345 228
63 955
432 464
837 139
490 952
212 802
587 651
564 75
264 31
965 875
517 471
639 927
928 842
312 233
216 187
564 696
570 10
187 498
613 834
122 113
208 357
10 698
138 630
73 916
76 561
792 117
154 4
768 684
776 584
266 736
300 202
54 683
749 475
115 4
591 363
944 620
946 369
698 835
511 276
507 427
424 665
985 820
865 72
829 896
436 265
163 399
260 79
220 681
996 521
938 991
224 603
848 835
972 762
856 859
156 131
320 825
108 380
651 320
677 677
747 609
713 987
402 512
461 113
836 611
821 513
506 876
681 868
197 526
365 379
622 742
514 93
953 797
869 621
100 763
152 426
375 711
90 314
751 817
348 609
729 386
256 633
410 270
30 813
594 192
640 225
849 736
230 288
959 949
811 552
297 635
985 922
362 6
235 117
192 461
24 763
193 738
685 711
447 590
692 255
940 340
898 190
612 255
995 652
734 453
118 538
303 756
971 84
870 145
811 404
525 945
543 119
734 50
137 771
544 622
543 876
363 661
121 220
908 918
254 54
10 664
607 124
585 899
501 523
953 307
595 79
350 726
532 401
295 866
882 808
996 364
372 212
948 593
407 645
184 771
544 305
468 575
109 197
256 235
885 956
955 718
789 662
860 456
38 135
852 354
413 550
661 268
373 332
89 530
561 858
144 256
965 684
335 129
307 445
224 12
132 600
815 819
896 160
926 201
620 410
766 34
48 381
533 688
402 79
767 533
505 846
826 192
435 764
284 68
300 26
87 148
706 304
484 322
592 560
150 695
357 36
923 776
803 20
424 791
439 490
489 648
697 523
546 803
192 638
933 928
583 735
266 992
52 160
506 367
686 216
986 625
354 306
41 356
403 720
144 330
73 847
472 81
293 485
276 371
725 807
460 633
610 460
848 226
172 677
488 679
539 349
839 772
391 427
276 194
448 812
908 721
942 894
749 501
84 185
872 239
128 279
66 1000
243 579
401 749
311 602
518 240
115 141
56 888
625 798
160 997
966 280
437 537
781 7
509 208
73 226
614 211
225 158
222 382
7 517
250 487
753 762
441 65
912 234
485 925
319 173
244 723
140 655
237 322
390 48
620 59
944 225
212 215
666 923
263 815
47 918
367 113
50 754
698 12
886 669
46 320
467 890
101 680
343 758
943 400
642 595
597 44
811 157
889 777
487 16
772 87
489 105
589 588
260 453
855 675
164 275
8 47
950 150
484 181
580 500
129 839
74 475
336 642
683 629
466 997
335 369
532 599
51 540
927 39
584 452
34 59
789 68
345 83
413 297
528 663
105 292
388 191
706 899
587 949
285 587
145 870
406 105
379 490
449 313
330 428
568 281
