600 965 600 694 5
291 569
99 381
137 383
16 485
38 143
16 53
134 292
392 421
485 518
491 494
154 288
250 296
402 449
51 144
217 519
15 522
10 74
120 122
57 230
175 440
306 470
283 379
107 569
161 538
222 569
244 246
361 434
452 571
164 417
89 152
492 548
452 549
66 398
325 552
476 566
335 515
368 496
324 361
330 409
148 277
183 196
174 442
57 574
90 287
279 434
456 569
146 153
122 512
168 260
245 247
28 418
87 175
371 523
313 323
307 511
136 147
405 532
29 106
218 232
242 297
343 348
240 250
252 453
81 442
184 192
572 594
136 424
76 112
318 370
288 487
172 573
297 309
177 570
122 454
12 111
170 184
387 462
114 507
49 194
304 577
309 465
474 586
110 385
98 378
136 500
11 555
326 544
298 537
87 440
120 370
243 402
37 497
40 420
364 412
165 230
415 556
321 524
129 466
288 373
164 471
314 497
26 182
45 243
233 425
113 404
87 504
115 403
419 530
316 523
340 385
102 535
351 529
89 459
452 468
150 331
276 387
403 561
290 405
112 517
117 291
99 256
161 369
296 438
102 137
208 404
14 206
114 391
206 489
117 545
234 259
168 277
281 531
402 561
27 285
395 479
157 325
249 487
188 425
153 585
139 379
120 448
42 576
286 436
97 510
44 147
33 374
259 405
408 486
60 234
88 350
398 535
71 545
122 448
40 323
433 597
480 547
443 552
59 451
319 539
359 462
229 261
61 485
69 537
479 562
52 186
428 479
346 573
5 479
49 499
342 451
152 322
202 571
94 562
124 256
255 558
318 415
128 196
145 367
79 123
342 436
357 570
285 578
3 287
265 514
399 429
72 239
218 468
10 105
91 275
470 556
158 276
310 329
469 537
449 561
224 393
25 565
21 139
328 407
320 361
12 79
401 421
254 479
233 435
345 490
19 470
121 579
404 423
44 336
52 246
295 567
97 339
310 580
94 329
422 571
27 536
155 293
152 381
194 499
41 426
62 298
88 151
123 148
130 152
91 383
112 334
85 229
55 334
153 406
24 225
197 495
50 329
316 335
363 451
528 533
126 208
155 506
202 263
91 525
44 167
147 204
7 211
23 481
265 496
181 421
199 565
328 474
111 403
253 572
45 335
209 553
316 338
102 294
18 510
284 348
171 390
68 171
498 589
77 109
238 427
130 322
78 164
376 414
471 584
141 582
210 524
75 526
307 489
343 514
395 428
155 365
156 277
444 459
102 175
12 561
195 585
251 364
26 117
109 580
338 541
139 597
343 380
293 333
188 239
392 585
340 502
308 430
36 139
54 114
402 403
132 501
255 427
178 434
558 591
57 564
82 573
220 597
302 531
189 230
14 559
124 270
51 517
49 308
3 388
151 375
193 540
132 490
7 535
305 597
69 502
234 290
258 463
187 253
199 437
257 407
282 361
8 290
243 515
188 588
46 178
70 550
394 581
17 579
109 205
80 593
214 423
270 502
13 324
116 203
362 475
274 575
60 320
7 102
112 179
32 597
209 460
92 467
384 447
31 136
60 183
28 306
191 534
124 381
114 332
153 529
50 384
284 522
157 277
56 547
278 437
101 169
87 306
349 552
319 459
159 377
272 370
352 380
60 73
187 572
167 261
129 516
241 290
227 336
126 391
263 571
12 82
122 528
48 312
52 244
228 231
51 467
231 595
265 343
311 443
208 473
222 590
292 581
119 425
298 469
15 333
244 307
46 75
351 481
247 376
278 541
33 517
412 451
202 575
68 413
270 340
54 406
95 168
64 576
365 506
226 420
46 132
150 271
248 565
314 417
350 462
545 576
181 386
72 498
66 442
425 504
294 300
42 289
128 361
47 234
12 312
55 257
17 56
22 65
2 17
133 409
147 167
370 448
158 387
367 587
157 168
298 340
36 324
164 497
143 558
430 533
21 283
165 525
352 485
185 569
110 322
267 564
595 596
66 239
369 549
116 590
138 178
16 209
385 409
136 596
200 478
305 339
520 561
413 482
137 418
62 479
113 410
422 452
134 217
95 260
58 253
38 441
151 276
358 499
16 264
24 227
189 326
443 583
320 592
490 501
85 511
461 572
171 384
228 397
151 158
293 347
431 494
102 440
199 278
179 591
181 401
12 520
48 476
99 124
131 582
186 244
246 584
288 546
205 516
35 411
476 578
339 510
121 399
244 511
139 283
311 416
374 558
473 593
210 221
68 255
217 292
248 465
266 341
35 43
221 524
63 527
464 483
88 366
223 539
96 127
468 538
487 532
275 525
5 41
130 133
315 367
354 536
73 320
28 65
250 292
496 514
202 213
30 500
427 482
72 365
37 469
153 332
206 560
18 205
173 265
79 578
84 559
66 174
192 543
491 496
421 553
300 478
385 428
358 492
240 292
2 480
227 379
66 355
171 372
171 413
92 112
160 384
393 477
0 173
54 423
303 597
425 440
142 360
205 490
119 470
200 383
188 233
71 117
61 264
155 396
69 340
74 357
23 380
266 289
17 480
372 390
134 252
237 413
111 561
352 481
145 241
339 345
546 550
81 491
244 408
212 429
503 519
1 380
234 337
39 253
405 542
1 343
48 578
33 382
191 511
0 368
213 571
61 142
426 469
8 532
148 400
469 567
50 413
26 545
146 265
118 198
26 107
253 382
213 232
220 584
196 472
315 587
235 300
68 390
512 568
309 338
10 371
190 380
40 583
253 462
65 230
22 306
78 567
303 486
285 536
477 539
71 262
133 551
498 506
77 237
26 170
5 580
89 539
510 516
98 185
2 405
442 494
35 477
161 468
436 512
421 518
53 460
305 345
422 549
50 77
115 312
236 484
414 459
318 435
122 568
184 197
35 280
76 179
145 315
133 245
321 451
219 387
81 355
8 241
238 462
182 397
481 518
250 582
78 432
141 503
187 464
138 555
84 206
83 123
277 565
371 437
10 357
26 201
209 273
50 237
194 308
253 419
55 328
246 408
21 225
97 466
135 210
167 336
325 599
142 333
409 428
25 277
263 422
115 180
259 290
55 407
248 309
127 587
107 291
62 426
87 102
286 415
117 458
31 218
126 554
331 398
46 118
130 444
128 282
241 315
48 180
10 177
334 467
342 512
0 54
37 314
215 363
117 185
132 252
60 282
184 317
127 138
134 159
331 535
213 391
76 143
243 346
266 547
396 494
527 577
401 553
532 542
20 391
299 567
125 591
455 579
159 292
301 336
81 331
33 39
281 375
513 595
47 60
14 268
473 534
272 286
121 493
449 520
275 567
186 559
139 486
131 240
40 304
439 530
185 590
112 257
313 357
49 430
9 183
328 376
8 405
323 583
520 573
491 514
130 330
86 354
1 352
135 354
63 311
397 598
397 463
94 384
79 400
317 545
356 547
302 375
432 471
106 546
236 378
21 486
250 581
353 521
232 571
455 493
215 536
13 108
161 424
207 353
217 240
347 498
63 103
221 533
128 472
347 506
379 450
176 587
322 330
419 461
423 554
64 289
312 578
101 441
350 387
301 456
70 106
107 182
23 190
335 338
375 550
88 238
140 403
365 431
55 474
55 112
66 588
378 484
35 319
222 301
228 463
30 456
258 598
347 589
211 294
131 141
65 577
271 475
140 180
80 557
24 283
288 367
227 283
157 349
405 493
34 544
305 433
59 412
219 359
306 504
24 336
229 534
279 501
80 511
9 472
185 222
77 310
220 246
172 389
125 517
174 365
94 479
326 525
106 526
13 203
67 344
239 365
237 482
251 412
59 286
205 377
270 457
210 215
85 191
224 316
339 433
41 314
101 257
259 341
15 540
341 480
71 236
383 418
306 418
73 96
231 463
173 406
116 379
36 488
246 486
204 287
351 518
99 105
78 471
42 317
60 337
61 360
238 350
100 516
72 188
103 416
103 527
266 356
115 140
104 341
31 538
16 460
409 447
219 419
20 232
219 530
411 505
73 127
417 497
212 579
2 455
216 553
21 24
296 366
227 301
124 340
114 406
133 330
167 229
31 204
122 327
359 387
90 388
226 457
39 374
360 446
368 509
311 599
223 523
135 563
169 407
493 542
475 560
145 487
23 351
29 163
461 594
192 266
6 309
79 312
410 473
93 412
552 583
43 319
240 582
87 137
269 575
344 376
149 358
494 514
358 498
327 430
40 63
431 442
141 281
183 378
365 498
42 192
162 274
86 135
120 445
298 395
98 590
398 425
121 455
202 274
166 338
214 368
77 377
206 268
219 462
86 563
177 357
24 167
216 518
85 167
174 239
18 100
69 267
189 564
285 400
225 408
190 351
280 477
155 347
118 132
138 176
39 462
436 448
4 43
275 432
70 546
160 372
38 76
156 521
209 216
33 508
59 436
27 86
321 191 533 464 23 255 93 312 378 575 174 72 568 471 212 119 99 462 574 355 559 400 346 147 391 221 554 427 196 331 408 139 341 500 45 28 292 82 110 306 187 56 329 484 274 503 105 462 29 385 457 469 558 563 546 589 182 353 80 209 174 512 180 462 527 183 185 317 194 104 516 549 19 573 527 533 107 244 310 215 269 357 536 260 321 517 216 321 95 36 432 7 171 116 108 513 268 216 233 22 99 223 125 590 102 68 263 239 504 416 576 110 372 516 275 374 22 337 75 599 462 396 1 497 406 115 353 233 420 493 9 191 259 2 559 437 456 198 314 482 384 27 553 125 407 47 17 92 21 462 497 396 449 334 385 371 463 302 56 359 556 176 241 134 339 380 571 556 358 338 109 303 112 432 226 454 96 402 65 372 580 262 119 413 414 422 253 571 540 134 304 199 136 429 256 485 254 231 58 44 25 521 136 152 559 522 307 467 574 549 566 424 376 198 538 184 198 597 174 21 226 29 569 15 469 273 104 32 249 576 459 525 492 170 232 435 102 445 45 317 23 155 399 571 493 388 360 524 127 440 173 211 348 273 542 1 588 135 312 206 189 276 126 90 229 596 59 181 552 271 217 337 428 367 220 507 491 564 229 89 545 349 395 584 457 250 425 353 213 427 159 336 118 353 344 549 304 456 488 301 312 334 479 57 530 461 434 379 70 28 137 575 287 482 87 287 223 125 586 481 174 591 245 238 107 165 489 10 75 17 386 536 431 307 436 0 124 488 109 151 280 534 20 535 284 478 169 513 455 329 373 377 591 29 404 283 34 369 147 378 57 575 314 67 266 595 70 189 200 445 426 291 579 16 249 264 162 124 130 81 281 157 511 368 505 535 340 436 31 91 559 517 263 32 70 319 67 179 167 272 196 390 160 1 476 474 240 552 33 402 111 258 428 89 193 249 114 271 412 300 205 99 541 284 291 529 311 256 211 19 341 44 532 461 203 200 320 43 420 419 156 51 8 335 347 388 27 468 260 232 141 45 263 449 409 488 485 257 488 408 88 49 269 506 23 192 223 2 200 50 328 2 298 296 437 45 156 64 564 18 146 485 88 98 224 331 121 357 549 123 524 53 553 355 193 581 83 255 558 76 13 1 398 35 295 43 406 525 547 114 123 248 43 554 165 598 25 343 31 453 370 531 152 154 82 448 2 22 203 264 24 64 362 405 530 344 159 564 192 251 68 244 42 317 48 87 84 573 52 381 219 410 483 399 275 460 198 247 197 122 250 130 189 571 367 202 409 389 72 61 120 470 599 138 363 219 444 535 513 212 184 236 425 539 247 498 101 320 87 473 279 223 542 309 67 356 583 428 451 541
246 230
118 194
915 130
441 201
540 911
694 601
243 922
271 402
964 213
762 219
403 803
865 353
118 940
717 258
458 440
37 241
44 74
904 93
751 488
311 577
333 106
611 324
356 562
117 145
565 284
221 851
649 82
33 833
381 539
946 463
541 166
457 130
704 360
872 870
510 548
487 951
758 329
597 558
725 822
881 810
361 671
654 580
732 35
545 948
551 203
350 989
861 468
855 203
72 890
12 518
781 689
811 961
543 417
5 45
292 211
691 973
892 36
437 626
981 919
193 632
865 255
19 156
624 631
298 661
805 78
390 569
193 389
598 966
801 753
525 645
978 550
740 107
73 433
886 288
336 792
898 489
743 853
787 653
538 490
103 877
443 312
213 327
157 929
206 918
456 471
517 288
4 798
321 501
910 741
506 847
392 196
429 496
759 994
224 683
693 660
187 757
889 319
662 479
722 174
459 777
756 522
722 887
303 441
290 616
825 174
475 840
965 521
600 118
711 224
760 587
586 729
96 970
766 955
334 301
266 164
52 979
655 240
687 129
881 521
245 519
120 554
988 56
106 599
156 882
532 741
839 868
342 167
918 334
765 285
682 551
607 806
917 596
857 497
642 792
827 563
18 703
507 124
353 479
895 388
654 335
11 975
930 624
2 208
784 849
854 937
981 289
187 184
508 159
181 852
91 480
243 320
964 730
530 818
203 143
944 408
68 349
156 822
263 791
980 763
825 625
726 717
415 54
279 114
915 453
585 471
425 548
388 873
527 233
246 765
660 879
667 54
756 738
215 889
212 203
135 384
296 479
934 367
435 755
865 412
788 897
39 928
179 6
610 84
827 222
676 21
661 169
505 404
918 948
161 479
465 587
147 146
494 309
789 7
27 285
52 510
225 73
790 241
630 19
924 527
299 824
402 460
673 103
306 51
697 287
456 170
771 550
421 417
117 791
368 238
59 19
60 718
317 383
923 0
325 77
291 315
60 763
89 42
869 558
402 121
968 845
633 410
32 662
642 209
449 855
408 959
531 319
449 673
600 263
545 3
466 223
415 591
505 10
365 113
187 511
890 200
389 419
774 145
814 683
868 779
142 418
896 617
950 254
256 949
287 992
533 361
678 826
569 402
640 842
293 874
995 211
870 653
196 723
824 504
939 897
686 703
777 804
476 733
723 927
545 90
908 163
224 744
480 192
793 115
323 5
8 105
202 236
839 58
492 648
469 398
231 30
519 715
270 355
187 597
37 38
261 87
476 508
947 758
202 812
322 852
770 419
424 1000
973 615
822 253
614 290
98 290
77 805
215 605
373 142
979 374
768 42
925 222
631 129
864 602
10 322
314 412
559 549
877 709
301 966
575 645
512 511
362 404
600 223
953 698
648 377
363 617
693 414
334 536
499 358
56 545
292 938
728 623
284 703
91 918
354 740
635 518
935 298
380 903
697 74
198 542
496 903
840 286
107 675
560 773
390 723
737 301
275 738
508 586
70 603
640 947
750 661
600 759
240 381
246 137
6 257
725 1000
362 955
556 255
909 260
335 910
701 465
562 694
875 134
150 663
151 223
574 920
746 444
247 978
27 364
110 261
298 779
898 771
123 100
94 172
132 741
31 763
199 354
837 20
389 770
40 439
946 823
44 212
796 316
372 338
95 728
238 715
105 393
856 750
983 322
222 263
450 35
153 577
413 835
711 767
970 425
837 826
997 684
608 908
795 592
775 185
646 274
146 184
504 793
910 898
397 509
731 688
615 709
280 10
948 794
426 230
249 869
746 799
308 136
185 62
413 920
849 698
623 663
74 307
577 49
213 440
996 22
124 847
133 21
220 990
99 999
346 268
951 155
238 173
687 928
571 350
644 750
373 279
500 984
195 672
781 720
596 851
225 573
239 638
623 475
354 513
996 885
408 657
152 44
352 2
301 274
471 80
229 491
602 603
833 773
656 709
959 1
13 588
102 350
510 470
662 425
799 370
147 522
159 630
354 835
915 707
997 735
264 473
709 858
165 352
324 711
553 840
102 530
66 190
692 735
135 611
181 988
676 267
155 708
385 33
848 530
56 576
952 91
583 192
475 703
720 135
544 870
13 17
997 951
913 812
531 52
911 1000
272 900
668 510
842 983
398 92
567 580
282 570
563 452
754 255
415 272
657 999
310 343
33 880
446 928
354 444
664 649
875 102
82 137
818 718
883 946
811 141
51 136
618 374
995 245
734 368
442 371
794 493
165 313
6 456
995 107
123 314
612 50
194 280
577 516
43 389
62 478
565 141
814 455
502 691
951 592
278 510
553 981
73 379
314 188
878 912
276 259
717 514
475 334
118 636
461 6
151 268
392 994
721 543
844 907
93 90
928 567
155 963
177 790
101 233
423 885
70 681
456 551
935 494
326 643
67 632
166 106
1000 840
953 658
973 185
38 626
456 259
241 448
46 803
546 620
442 101
461 892
81 258
357 869
994 144
894 4
537 568
704 103
990 473
874 64
5 489
394 0
990 577
700 801
328 757
101 13
325 215
845 376
252 597
425 337
809 818
488 431
378 377
125 986
695 630
23 732
492 618
262 829
10 857
537 528
90 651
629 169
423 718
345 51
950 927
206 951
395 621
265 37
741 67
334 600
79 859
921 48
714 577
841 662
919 659
351 700
610 447
219 111
584 997
951 325
181 435
0 353
676 208
805 873
826 338
400 303
960 987
480 41
499 66
677 388
576 92
304 740
