600 1716 600 825 20
107 371
337 549
367 398
70 598
26 518
137 265
52 490
1 46
1 456
17 507
102 435
110 492
298 309
126 261
171 309
383 387
158 336
133 473
267 371
110 136
135 256
146 347
35 588
151 451
189 315
356 382
467 497
157 309
186 561
23 223
17 446
428 440
59 241
23 244
73 538
278 346
213 251
464 485
169 183
341 424
49 180
4 597
336 551
205 469
129 283
331 428
167 537
58 576
0 209
81 292
295 552
266 517
118 251
273 541
482 599
379 469
107 296
22 344
125 283
19 591
175 472
463 506
47 220
428 504
220 391
64 361
487 520
305 318
263 511
293 558
457 505
528 548
10 142
31 596
286 413
246 398
251 481
263 579
89 409
418 591
172 495
28 571
331 501
146 291
342 400
127 231
507 580
172 240
423 540
230 477
227 353
38 112
148 244
62 201
327 359
174 383
37 115
331 440
194 342
156 327
229 251
172 381
4 348
108 442
83 463
406 574
335 348
291 527
566 583
69 228
56 349
165 450
262 351
185 457
92 298
22 518
58 93
144 211
181 261
441 596
472 567
61 448
259 537
395 425
29 66
141 431
165 577
331 523
64 572
177 537
324 384
185 524
203 450
173 328
26 50
32 563
193 240
83 559
475 511
61 190
32 227
121 235
14 36
378 498
100 418
243 357
158 360
90 541
82 522
12 283
393 496
101 524
106 236
261 395
347 410
133 577
19 570
46 65
389 484
80 281
482 543
166 536
196 454
321 483
266 354
501 528
325 361
251 475
450 511
45 329
70 140
150 208
24 402
163 358
449 559
176 212
182 471
209 227
34 362
138 288
41 119
173 262
210 558
56 571
194 494
249 471
149 333
15 214
173 351
296 327
77 110
432 538
0 218
98 577
215 360
12 334
39 382
62 495
136 365
6 307
231 552
452 572
316 591
314 492
449 463
190 329
81 399
437 443
229 324
307 353
181 532
16 352
61 195
139 453
216 527
155 392
300 556
194 400
449 496
330 438
140 204
77 365
9 155
302 532
138 212
204 239
96 517
96 191
45 242
246 496
53 499
82 289
397 534
312 482
188 574
12 125
183 459
187 534
57 501
67 142
78 211
338 492
167 374
44 307
69 276
222 505
90 421
94 279
38 206
107 323
297 398
19 532
143 192
67 484
250 524
270 455
87 361
127 295
248 309
57 428
105 530
256 555
394 538
114 233
248 352
333 569
411 448
16 421
332 499
232 594
47 360
110 387
75 424
225 489
92 248
148 392
462 493
439 476
29 97
276 423
415 598
76 413
6 12
275 295
390 537
80 110
9 105
495 512
35 438
282 452
34 388
186 388
223 522
410 514
542 545
393 449
21 96
56 343
134 268
396 524
39 421
350 508
279 321
212 417
174 338
172 485
224 370
116 424
46 587
14 593
316 546
130 306
524 539
34 561
505 586
417 512
206 387
367 566
50 529
473 511
312 492
202 492
245 557
203 213
24 339
240 381
310 400
128 576
53 195
111 138
396 447
493 557
44 573
427 476
356 458
142 389
424 429
436 594
246 367
142 172
185 368
29 99
184 305
255 519
322 435
30 412
84 382
357 441
112 430
24 351
431 576
46 408
199 372
267 369
98 592
480 565
257 572
121 371
28 280
7 275
314 338
113 192
96 354
173 205
278 331
88 458
237 584
43 433
150 174
406 578
5 476
83 449
106 401
58 184
95 556
100 253
362 427
363 435
22 562
251 534
429 555
393 397
32 40
301 488
450 577
284 404
270 516
216 574
235 260
504 594
96 439
204 483
87 282
306 333
422 510
372 589
15 265
152 314
321 590
10 122
19 68
203 511
151 197
133 592
221 486
320 415
368 531
258 290
146 404
120 458
27 242
242 586
54 568
228 374
433 481
260 458
9 544
246 274
102 363
27 40
282 285
329 563
176 492
284 515
126 302
236 514
350 504
120 356
77 176
462 480
68 418
132 379
164 340
130 255
401 404
423 587
42 319
147 178
270 380
242 457
38 294
376 394
93 525
21 480
310 379
344 562
32 293
192 207
12 18
51 146
426 443
216 406
58 479
28 472
131 374
59 408
271 520
117 459
278 440
133 579
154 423
117 304
200 236
27 97
261 583
242 498
139 575
221 321
291 404
143 483
297 367
342 504
280 308
85 548
379 428
174 398
27 509
59 580
17 238
44 286
219 373
2 477
343 571
55 428
10 464
20 467
60 62
89 199
85 458
83 506
60 172
261 425
47 391
18 353
414 441
51 527
10 36
7 219
252 305
208 297
50 497
379 582
360 445
254 466
264 318
210 344
37 384
34 345
101 505
140 483
136 245
435 597
113 415
476 517
26 562
177 567
315 545
174 506
577 592
313 553
80 151
156 319
474 583
97 368
223 399
41 487
84 90
117 416
155 343
228 438
156 217
9 471
3 59
337 496
105 581
203 251
283 448
57 350
40 490
148 155
272 324
104 401
103 178
416 459
461 532
422 561
253 295
8 82
408 587
119 487
454 584
112 206
49 339
326 502
163 442
5 111
344 407
346 453
69 374
368 513
149 553
66 149
241 298
410 516
271 487
432 578
151 281
397 521
36 464
245 288
36 485
8 59
204 321
255 306
119 502
103 318
399 465
308 536
463 496
30 204
170 417
402 518
20 293
243 488
180 243
329 498
256 403
210 562
42 342
323 500
25 309
137 386
122 277
103 584
281 489
37 304
232 372
199 409
78 250
265 449
62 585
350 491
162 395
77 492
26 467
259 390
87 482
270 556
63 470
215 416
43 118
201 247
216 412
531 564
194 310
108 279
79 191
166 167
148 269
341 555
48 312
32 209
330 479
151 225
191 288
116 271
182 495
206 294
175 177
95 300
274 337
142 464
472 571
258 268
318 454
210 407
42 194
106 358
426 499
95 500
334 595
17 244
202 212
185 531
12 595
298 408
153 299
311 523
305 525
307 478
5 247
34 476
438 588
214 287
85 373
162 583
271 424
177 330
349 381
1 69
301 419
105 325
254 348
397 468
532 570
134 555
16 355
393 468
123 200
160 399
296 550
222 250
91 156
215 317
96 480
179 429
109 225
142 193
13 39
225 370
377 448
46 63
227 307
357 529
201 427
253 523
302 453
110 338
70 320
122 454
3 120
288 565
39 90
185 539
3 84
295 373
443 448
285 461
81 280
539 564
220 317
235 267
16 486
152 482
127 552
132 346
144 426
129 554
538 578
30 216
66 333
26 497
238 257
91 286
75 429
434 515
149 315
41 521
107 409
195 332
106 200
343 392
107 327
250 447
127 507
470 536
114 582
545 553
38 151
363 370
111 191
229 272
316 418
37 324
366 575
175 567
163 371
97 99
310 428
54 401
126 181
74 280
126 395
37 117
275 373
302 570
326 391
171 540
67 385
40 375
159 243
372 436
115 229
396 564
112 506
268 290
232 350
160 289
112 174
398 463
74 390
20 562
0 573
157 352
60 427
19 460
84 120
31 490
144 250
388 561
132 453
260 528
206 383
217 589
92 541
328 469
357 488
466 597
272 384
325 543
106 444
380 556
25 587
71 202
88 120
72 161
137 254
354 388
99 513
124 297
2 516
295 507
163 323
269 572
43 304
0 91
233 582
54 198
260 501
15 102
36 593
117 419
352 355
13 267
162 579
516 556
67 389
6 334
50 357
234 449
58 264
163 267
232 491
277 454
347 514
421 486
252 535
414 569
388 476
11 156
280 292
113 207
235 491
558 562
348 520
43 115
345 510
77 136
59 273
18 411
386 597
399 522
137 597
162 425
381 495
8 408
87 325
88 373
462 565
30 434
123 401
186 422
253 552
300 550
107 550
467 562
121 267
150 297
80 136
534 547
33 83
49 165
90 352
15 559
175 390
51 291
181 599
167 536
215 304
95 503
70 415
28 390
64 269
497 596
173 402
215 551
293 562
239 406
218 293
168 286
288 557
4 256
71 105
33 451
316 552
122 385
28 303
203 272
152 181
299 422
459 551
263 474
40 563
180 488
103 196
80 493
455 516
180 419
140 320
29 52
335 533
107 500
124 367
306 519
511 549
128 364
94 284
166 537
41 397
95 106
425 583
75 555
218 558
169 519
281 493
151 294
152 261
94 434
169 255
153 422
3 7
29 596
107 589
515 527
518 529
333 519
67 431
75 341
239 578
59 84
456 470
69 423
42 436
283 377
295 523
323 503
207 540
241 273
11 91
54 94
21 79
352 541
170 512
9 64
154 309
355 483
130 301
104 284
62 427
233 346
388 517
61 411
82 580
22 26
171 207
249 349
337 393
322 403
78 560
54 358
148 223
44 478
62 417
280 303
325 581
11 413
328 407
192 352
208 566
4 466
472 484
7 507
13 108
323 371
364 576
290 435
526 536
287 451
161 215
89 121
447 564
501 508
109 480
158 445
285 546
64 581
296 380
338 383
315 368
327 589
159 339
140 239
56 381
143 405
283 595
76 296
456 536
393 534
157 248
135 555
376 538
145 168
299 510
115 118
301 420
321 355
133 395
450 473
9 349
407 469
213 475
205 328
453 460
400 504
29 333
178 318
246 337
361 572
132 262
68 278
498 505
63 289
14 345
330 588
220 326
8 289
88 219
195 499
82 244
182 249
231 546
103 237
238 269
400 428
73 140
315 542
235 356
18 329
68 591
351 592
531 542
489 493
73 239
446 507
223 343
242 329
157 171
198 279
39 84
310 407
292 303
33 287
32 375
238 244
256 268
33 430
171 192
81 465
479 525
241 408
12 307
239 412
249 381
519 553
21 565
223 292
244 269
71 530
4 135
531 545
263 549
0 210
130 459
35 167
375 563
164 397
116 179
202 530
371 409
102 137
403 597
405 483
273 298
33 214
141 567
109 493
66 315
132 469
18 125
333 414
465 470
163 503
575 592
13 235
47 317
139 395
264 277
81 536
292 343
150 338
131 456
92 273
102 287
395 575
135 533
169 336
226 385
15 83
159 529
48 202
0 558
295 311
86 519
523 548
380 413
437 448
65 408
106 230
98 351
36 454
374 526
154 587
94 515
57 504
128 330
15 137
115 324
177 364
123 404
5 439
100 278
139 302
184 264
1 587
103 153
432 574
125 377
116 487
265 559
342 594
79 565
101 457
326 487
137 466
117 130
80 206
85 528
292 399
355 405
45 509
537 588
475 534
160 465
29 441
410 444
44 168
82 160
420 569
311 548
237 318
106 123
426 560
132 139
111 247
69 131
27 457
118 229
501 548
145 334
149 519
105 544
253 418
108 421
317 360
49 243
141 576
414 420
1 276
278 460
141 177
20 40
579 583
191 439
44 91
188 527
132 366
19 461
70 73
26 529
546 591
177 588
213 511
72 317
227 563
108 321
2 410
7 59
47 179
40 45
119 326
167 526
264 576
9 148
144 222
87 543
240 571
64 148
121 491
200 514
189 513
152 599
153 196
329 411
114 346
301 569
300 380
260 491
16 221
188 216
124 208
85 311
226 277
424 533
101 222
30 239
195 378
212 245
244 580
110 206
165 272
7 580
134 429
151 287
303 571
279 590
116 429
335 520
332 498
62 512
20 31
340 348
182 544
30 527
57 508
337 547
234 340
66 189
157 192
170 202
222 499
70 538
55 440
474 566
197 287
221 355
431 567
203 229
138 191
320 483
60 585
74 537
89 491
178 252
31 40
243 339
105 312
104 404
23 522
49 98
193 571
51 347
574 578
27 490
9 249
118 433
48 530
354 517
368 542
244 446
254 449
332 505
72 481
133 575
331 548
256 290
187 521
199 589
55 278
89 371
15 33
196 584
439 517
59 90
267 442
117 301
409 589
128 177
510 561
129 595
332 378
93 305
485 593
99 189
113 320
106 163
108 369
149 313
474 579
456 526
290 322
277 385
351 366
126 532
310 469
227 478
276 587
21 191
168 413
557 565
53 426
521 534
402 529
357 414
108 486
223 244
442 568
340 520
453 570
279 442
109 462
50 441
434 590
24 159
322 597
13 369
177 259
481 502
199 232
352 421
479 576
394 598
86 553
199 491
257 452
253 331
345 362
106 503
254 265
94 104
222 332
183 551
313 545
102 386
233 379
352 405
141 364
204 434
160 470
217 327
28 74
309 540
78 447
67 226
4 533
45 563
197 370
211 560
147 535
384 419
475 547
125 411
30 515
135 341
222 426
40 509
386 435
43 161
372 594
300 500
3 219
17 127
376 432
282 361
136 557
190 378
194 210
55 582
334 554
493 565
56 155
10 67
277 576
35 228
55 379
177 390
447 524
430 451
264 454
194 407
256 258
170 182
55 114
0 494
123 146
319 436
358 401
255 459
302 395
91 573
6 44
242 509
245 365
71 544
14 196
246 463
68 460
24 173
271 533
67 567
85 295
174 206
25 154
502 521
54 104
150 152
193 484
8 580
418 552
36 196
159 402
82 399
441 497
178 305
204 590
27 185
114 278
81 308
328 518
133 162
68 100
312 543
60 362
13 382
20 596
452 546
473 577
179 391
58 525
23 82
460 570
312 530
2 230
48 492
176 202
132 233
130 569
2 556
348 466
184 318
113 143
181 461
101 185
164 520
76 359
117 384
328 402
5 201
195 443
430 506
97 490
170 212
125 448
37 43
201 476
72 433
102 214
87 285
478 573
226 576
290 403
344 518
296 300
226 431
345 593
158 215
274 367
180 272
28 175
186 354
53 443
238 572
262 366
151 224
210 494
145 413
547 549
396 539
10 454
92 309
195 448
61 378
6 145
65 289
420 488
366 592
57 331
284 291
6 168
231 257
20 32
279 434
211 426
263 566
398 506
181 285
60 485
446 580
234 397
257 546
467 596
319 494
98 165
93 184
235 382
172 585
161 317
200 347
449 468
328 344
315 513
90 273
25 408
227 573
234 468
254 340
35 537
237 454
234 254
314 482
475 549
134 256
284 527
46 289
304 416
14 299
87 599
190 411
78 144
444 514
410 477
187 251
85 88
263 274
42 494
127 257
317 481
287 363
242 505
495 585
166 308
457 586
275 507
71 182
225 281
230 444
473 579
138 417
531 539
105 543
151 430
98 339
179 487
79 288
158 551
109 489
176 245
103 147
5 191
193 389
209 573
270 554
187 481
155 349
260 356
217 372
52 596
129 455
224 225
169 551
358 568
94 198
239 538
491 508
118 481
180 384
414 488
63 160
38 430
187 502
47 445
196 299
156 436
76 380
182 381
78 564
321 486
4 403
303 343
120 382
312 314
416 551
161 304
164 234
274 549
444 477
127 238
11 76
142 240
209 293
193 472
9 581
101 250
143 320
63 456
167 228
138 245
71 170
484 567
80 557
156 359
66 99
10 385
208 261
139 366
282 546
362 476
413 554
289 408
70 394
208 583
183 255
96 266
341 533
129 334
197 224
124 566
458 528
220 502
369 442
209 218
25 298
190 498
220 481
11 359
174 297
287 370
14 510
358 442
1 131
74 166
342 436
306 569
138 247
353 563
1 63
223 392
465 536
500 503
172 464
350 594
339 351
152 338
11 286
455 554
419 488
43 72
150 261
296 359
86 169
192 405
182 512
87 181
471 544
313 315
49 272
329 353
247 417
361 581
511 579
338 387
80 294
406 412
31 52
92 352
91 319
205 262
164 487
361 452
285 591
393 547
83 430
345 561
154 540
3 88
146 200
391 487
362 593
201 417
272 450
270 413
236 444
74 308
97 185
100 331
145 554
13 421
217 436
97 513
230 556
198 568
176 365
18 307
51 188
0 319
374 456
260 508
207 89 451 159 361 81 367 60 359 268 196 394 50 388 565 361 507 573 19 526 125 415 350 259 43 312 534 565 289 97 33 504 534 324 1 364 151 186 304 388 287 567 204 59 559 235 83 356 11 87 451 571 104 23 274 173 581 506 315 391 136 111 9 214 7 399 245 548 309 156 353 298 140 247 179 212 563 113 521 583 480 269 43 214 285 429 494 155 82 374 591 382 55 113 27 64 348 277 144 154 80 229 281 120 199 550 453 177 72 581 323 488 58 122 31 92 158 472 343 163 92 562 105 588 189 180 188 519 178 340 94 319 127 147 378 236 307 125 138 281 352 505 73 430 91 379 513 469 332 445 544 205 443 391 458 77 409 94 539 69 512 598 429 359 295 201 35 251 575 256 486 529 445 177 274 331 287 264 340 435 310 411 99 234 103 599 79 454 157 124 332 0 277 318 48 538 420 471 509 338 378 593 362 203 522 552 396 349 119 509 446 532 493 420 111 313 544 359 217 499 362 7 356 117 541 6 175 291 309 423 312 453 308 321 112 480 192 29 287 498 243 468 434 542 171 341 470 96 72 285 496 427 240 296 536 327 308 142 120 366 107 121 259 404 597 335 564 62 6 557 394 288 466 499 584 386 174 593 368 11 286 311 487 82 387 80 157 154 362 64 535 447 146 293 330 278 583 171 308 320 240 356 403 296 298 278 376 436 513 493 109 50 118 469 480 207 559 31 135 35 219 70 18 250 371 307 418 239 155 434 562 124 558 48 596 422 122 576 562 93 438 430 240 88 476 576 153 347 502 211 258 349 413 497 470 241 140 316 89 398 73 415 251 509 372 448 104 374 322 185 190 533 460 432 233 115 261 223 311 456 336 111 393 204 314 492 589 332 491 307 57 337 29 184 446 468 518 97 466 361 433 440 527 121 12 364 58 278 225 254 288 170 228 310 359 293 235 297 553 486 129 539 351 310 129 408 415 375 574 9 561 357 139 324 542 207 164 587 144 250 119 567 62 238 112 452 338 555 499 191 97 569 444 376 325 229 388 530 80 339 80 579 276 440 154 35 9 261 257 14 429 112 96 178 419 136 211 167 274 340 385 404 48 228 196 167 160 389 118 79 354 329 439 172 71 539 361 461 232 171 501 310 572 155 334 204 221 548 161 124 234 59 438 325 360 154 457 123 457 524 341 479 544 426 574 454 514 140 52 258 124 114 111 538 463 507 200 297 348 68 141 193 402 88 82 472 152 495 247 464 341 459 391 315 47 318 63 81 447 147 151 575 155 480 152 229 137 162 123 260 25 423 9 161 168 76 389 590 88 427 394 193 406 207 264 64 510 193 412 551 452 22 298 260 350 54 351 39 366 310
363 741
955 527
516 964
773 619
143 78
628 121
362 892
766 559
819 530
656 329
816 125
438 821
335 907
755 739
782 70
249 112
842 737
709 517
269 876
513 463
242 715
547 25
283 663
751 456
287 557
940 610
252 646
120 784
842 315
152 663
814 918
195 725
270 754
315 90
707 68
970 357
780 124
146 426
373 133
785 687
213 765
129 240
426 715
126 386
389 849
218 828
922 535
23 275
522 256
258 495
212 616
765 983
159 731
131 985
742 850
507 602
748 315
580 641
958 166
821 570
716 160
220 939
678 179
891 485
666 369
886 540
93 652
842 214
519 498
995 470
955 861
592 270
99 358
921 865
888 346
32 103
484 856
477 178
6 912
561 73
439 104
843 403
797 481
284 154
769 658
679 604
18 580
536 359
727 623
618 764
812 666
396 792
882 653
973 136
769 869
592 893
589 25
104 754
312 478
102 701
549 548
81 872
257 50
879 37
729 887
585 320
617 911
571 823
785 773
475 4
449 158
594 130
351 169
966 789
476 577
165 384
24 166
117 473
158 353
82 214
730 669
648 754
849 133
668 907
368 286
294 939
463 414
664 508
982 234
382 981
96 534
956 490
413 514
344 428
2 16
71 61
486 122
207 94
574 153
408 465
893 824
910 236
783 194
942 748
49 931
406 922
715 975
910 19
709 393
56 623
428 295
393 75
441 352
853 10
981 600
725 344
435 789
929 693
2 410
246 570
842 475
80 400
356 388
650 845
136 189
269 450
908 377
964 395
407 888
21 536
594 226
957 676
744 206
332 560
376 233
873 282
517 202
948 268
948 52
4 216
216 478
482 378
635 260
43 507
951 108
81 819
700 1
163 299
808 983
74 690
223 904
594 96
967 729
788 242
431 679
151 937
823 56
338 28
771 831
576 739
669 964
652 146
555 236
241 386
856 862
369 559
416 153
992 709
391 331
332 778
364 683
43 972
570 207
243 348
276 92
52 385
850 967
532 774
328 743
763 589
75 280
842 769
99 918
754 414
380 34
391 5
880 183
302 814
999 400
200 380
559 937
628 490
558 689
444 558
195 178
692 742
623 954
895 80
688 472
910 914
774 282
848 589
172 843
234 530
718 439
540 130
278 221
622 156
896 683
694 292
61 898
193 336
991 16
587 550
192 124
68 549
49 37
639 458
82 9
931 315
657 697
416 384
368 525
309 302
914 138
226 132
621 21
675 780
45 2
687 431
450 960
69 146
226 429
833 632
287 268
734 567
997 540
878 142
505 542
806 833
839 352
431 58
575 404
321 984
755 912
553 443
425 862
315 50
533 96
845 509
124 9
732 950
798 391
298 715
408 113
636 542
515 836
395 258
872 616
797 26
532 881
135 519
450 459
800 355
109 427
990 82
101 586
313 861
860 376
912 638
405 636
648 588
530 294
38 650
481 294
36 708
594 497
68 328
918 100
450 760
939 811
841 806
156 25
617 837
187 410
591 350
75 248
511 805
335 595
207 872
987 280
576 585
145 903
128 619
373 935
100 128
7 465
256 257
456 260
285 509
171 158
60 91
466 707
765 363
317 643
739 72
466 528
663 995
150 114
701 323
552 655
337 511
869 702
274 837
659 12
873 767
696 690
216 575
685 851
477 825
20 372
617 389
721 129
233 0
945 236
513 156
379 488
335 267
58 755
746 782
302 13
641 807
536 726
718 593
974 444
245 777
989 968
278 969
182 937
416 593
491 888
732 252
712 716
399 197
184 453
846 166
221 56
431 219
680 48
810 215
893 316
29 241
738 379
208 244
972 906
417 434
27 842
173 245
321 216
815 423
451 651
690 884
308 579
128 45
712 923
896 743
879 949
357 636
895 572
586 786
587 994
276 914
864 918
456 909
160 585
982 816
80 455
637 186
565 518
154 490
163 551
793 728
765 11
1000 574
40 133
386 394
100 981
688 128
499 640
2 120
327 124
907 197
934 992
127 347
814 876
215 25
500 749
196 992
1000 355
629 80
538 601
175 619
711 797
164 993
593 947
13 333
739 509
24 874
244 985
247 175
269 401
348 81
610 419
444 498
845 103
448 995
936 452
112 831
692 646
84 497
490 510
521 433
490 32
287 191
782 159
847 437
177 92
236 677
186 212
377 606
887 436
656 285
842 281
304 406
327 330
240 317
662 91
559 973
345 839
991 192
517 10
100 328
509 320
898 791
820 253
747 154
814 756
46 193
205 521
435 9
161 762
605 706
492 246
470 56
391 708
671 229
246 210
212 656
180 891
115 949
586 861
614 643
105 283
620 873
487 679
109 888
320 159
677 540
624 676
187 816
762 45
273 347
629 227
83 725
625 987
784 904
486 987
646 43
291 613
61 593
125 158
144 269
784 451
614 583
52 861
990 161
940 420
795 944
663 635
252 603
559 273
7 773
487 433
99 90
197 277
965 1
885 406
939 363
955 949
32 806
984 651
840 677
24 740
549 327
625 293
9 691
610 450
228 288
634 616
269 304
557 852
20 434
610 527
17 617
412 958
26 66
510 913
489 90
336 714
255 144
2 970
721 36
266 695
273 792
1 824
527 49
352 313
871 246
710 830
126 551
481 469
790 317
651 410
368 815
893 991
378 458
928 165
308 439
923 958
324 383
777 509
633 360
446 588
353 358
867 65
707 193
140 846
955 573
986 323
554 798
837 837
569 480
342 459
748 110
504 713
347 951
188 685
171 60
985 859
481 347
