600 1426 600 737 8
34 451
200 376
333 479
16 42
165 395
116 565
91 318
350 419
91 358
308 427
237 409
284 446
76 374
463 589
108 401
5 318
53 123
304 468
292 366
130 255
24 62
145 337
90 98
341 511
401 522
26 143
519 541
32 411
368 494
419 576
139 209
210 371
426 538
269 432
238 321
165 468
145 285
357 420
186 417
55 288
114 308
257 388
40 500
207 390
399 492
412 435
108 124
393 425
93 269
461 560
34 394
142 447
41 383
51 115
20 49
69 151
42 576
472 484
261 417
186 423
75 363
199 491
242 595
495 573
177 377
242 359
58 155
217 399
440 479
386 437
36 496
553 587
256 327
183 325
14 231
130 349
120 456
187 528
60 344
149 423
79 275
53 544
452 466
60 551
176 353
97 341
239 387
250 392
180 326
100 568
208 232
293 352
11 244
116 400
158 483
292 575
1 509
408 517
394 488
110 139
22 340
45 523
266 361
421 473
136 418
244 283
432 571
182 290
352 461
24 499
166 208
29 236
457 570
54 541
73 230
150 530
30 35
512 526
240 519
21 152
104 206
150 171
58 340
50 303
394 451
181 537
111 454
41 495
188 291
233 263
48 590
87 484
180 249
220 315
309 373
177 433
380 456
33 299
350 422
196 323
408 444
43 298
254 480
31 271
28 404
270 339
486 579
403 535
30 442
290 518
48 374
207 428
550 578
385 467
272 461
405 468
99 186
46 131
46 577
136 542
365 503
205 241
6 179
22 403
460 478
250 260
530 577
12 368
4 268
83 491
65 580
22 593
183 447
101 415
315 432
83 297
79 282
254 317
118 585
484 492
230 468
38 154
390 584
111 455
132 424
108 146
383 485
373 453
279 565
131 583
65 108
179 533
141 198
67 114
127 142
519 550
131 133
177 312
130 290
208 241
189 424
535 564
220 432
60 177
135 216
158 544
283 393
418 542
349 556
86 514
83 387
85 561
182 529
312 336
52 334
57 493
13 508
21 236
272 428
147 524
59 195
333 507
128 365
62 293
38 258
286 599
104 225
314 582
24 38
110 209
385 465
109 451
161 235
15 373
122 531
549 577
297 387
155 571
25 163
24 96
238 411
46 355
89 319
121 217
303 437
349 518
172 287
271 322
133 210
91 173
426 589
175 348
237 494
413 446
340 593
20 389
83 204
231 340
129 430
373 580
229 452
331 463
25 324
19 380
54 276
182 291
308 320
359 488
83 191
148 360
56 344
204 239
516 570
56 338
52 368
35 500
226 503
128 359
237 368
476 554
27 319
476 544
167 524
409 572
470 553
144 474
3 516
464 502
337 338
102 321
375 509
73 468
245 364
51 288
251 388
283 382
283 540
269 517
374 421
213 294
178 227
12 494
7 47
27 562
120 152
33 411
243 249
6 330
64 77
107 547
468 557
222 298
226 360
391 448
127 367
268 553
39 197
206 533
256 378
191 240
75 374
36 375
456 525
17 54
161 347
75 566
406 451
104 557
13 516
319 357
65 201
214 509
465 487
142 325
346 585
93 273
6 131
193 381
399 415
80 536
67 313
23 454
12 471
301 459
537 594
1 256
196 281
273 481
177 336
227 592
185 209
114 398
59 270
121 492
134 333
439 569
392 409
183 265
156 535
26 581
66 482
452 543
147 475
354 473
156 287
77 87
415 466
72 437
66 81
111 592
346 436
9 15
354 419
157 282
53 186
169 348
41 69
267 443
119 243
137 250
216 560
252 474
200 516
153 329
117 165
76 138
210 391
123 372
313 567
78 276
284 413
188 289
274 539
35 229
37 279
115 279
88 309
40 471
126 215
107 502
21 313
237 328
386 582
136 568
126 456
100 474
6 583
332 364
398 537
6 10
327 378
31 376
58 164
66 490
235 429
392 513
44 283
159 295
208 419
439 543
134 479
77 484
280 581
240 325
87 502
308 398
289 598
114 213
335 562
142 367
24 356
252 568
89 143
331 589
441 582
47 55
241 419
402 436
126 525
15 339
95 138
320 427
341 561
87 399
108 522
336 433
163 576
325 491
9 586
213 313
362 536
106 143
181 320
281 528
369 460
96 404
246 463
33 94
142 519
387 408
443 549
407 554
340 418
384 526
200 596
40 229
445 506
165 396
224 453
328 513
333 423
300 548
36 414
31 388
100 252
61 176
94 299
315 571
201 580
56 551
45 268
358 579
189 223
74 260
217 466
294 329
301 367
71 249
28 96
161 262
20 434
529 555
321 370
152 168
63 175
49 434
510 545
48 76
57 91
258 505
339 373
296 458
51 428
43 493
1 353
174 479
7 288
8 262
10 179
395 531
72 450
422 472
145 338
44 382
304 575
70 155
28 318
265 396
235 262
26 321
360 503
199 265
49 201
246 589
4 147
291 467
302 551
405 573
179 445
45 315
462 464
115 565
116 169
237 382
433 469
186 483
435 529
136 555
98 286
343 497
186 219
166 562
28 248
455 592
41 187
291 542
64 472
186 599
94 238
121 209
465 518
21 33
74 386
225 557
453 462
287 568
5 248
4 305
244 378
95 218
25 42
83 240
208 335
137 328
317 592
256 509
207 272
166 232
120 591
202 474
104 122
17 593
55 272
60 416
225 304
143 581
63 251
117 396
137 283
27 420
251 348
239 475
5 28
111 144
90 552
190 412
221 431
246 350
24 404
276 578
265 460
494 527
90 377
324 363
81 112
97 156
162 391
405 485
10 330
2 73
235 490
337 397
331 440
109 334
89 426
98 377
254 332
28 62
343 448
247 505
109 515
131 355
107 118
7 279
296 586
531 557
297 449
1 378
216 376
257 560
313 431
233 595
299 537
16 121
59 302
407 476
136 403
238 581
267 549
15 552
121 192
178 520
85 254
47 560
267 345
191 297
312 497
100 136
228 362
407 490
480 592
218 566
174 440
283 311
84 120
478 514
272 390
147 220
247 390
346 463
37 51
317 558
121 185
29 141
431 567
172 252
306 514
409 515
85 145
529 542
87 585
234 421
80 498
155 164
132 359
460 531
79 579
237 392
45 220
184 258
95 278
367 550
175 251
377 551
66 158
128 488
136 340
123 423
316 397
49 545
178 455
1 176
82 376
50 450
463 588
153 361
465 467
225 468
383 575
262 429
364 592
30 510
416 478
103 289
13 202
250 425
2 468
134 372
179 206
176 378
128 226
438 452
266 295
160 529
130 518
215 266
187 323
105 529
406 439
237 527
161 253
165 557
61 283
54 504
245 332
195 270
333 547
221 567
353 375
30 545
353 509
200 457
399 466
8 197
460 574
407 482
351 489
469 478
26 102
297 408
227 245
202 508
81 158
75 218
190 349
198 370
44 176
250 513
0 20
187 587
8 429
370 521
174 333
126 310
15 261
3 23
80 323
333 402
56 203
243 493
385 487
335 350
3 202
340 403
28 477
471 494
215 329
196 536
124 580
201 224
3 13
19 525
508 596
493 579
117 395
316 522
212 552
423 507
106 320
62 499
63 410
32 141
26 89
181 308
192 492
43 119
76 488
46 112
27 357
307 316
521 589
475 524
343 599
24 446
440 521
214 375
276 550
8 159
280 594
9 502
255 349
150 577
253 347
372 407
265 369
66 259
437 582
99 552
18 527
438 466
42 192
381 531
122 557
173 570
285 332
69 495
307 397
30 434
61 311
74 223
588 589
463 501
2 396
9 261
38 446
228 281
190 255
87 464
51 584
41 292
39 347
151 305
52 569
252 558
29 84
91 178
558 592
93 297
15 586
470 528
16 192
252 287
414 496
74 582
243 430
161 490
23 570
316 337
319 562
141 479
369 514
157 401
368 569
159 525
370 440
144 558
244 393
433 546
247 584
512 533
71 559
154 194
199 230
135 352
376 560
35 71
105 160
151 587
12 439
322 412
328 392
183 199
54 550
522 548
238 280
73 396
53 476
131 330
433 478
34 76
138 406
416 514
194 214
88 203
47 534
4 151
153 294
169 277
204 491
297 504
265 447
78 564
444 517
442 510
163 354
421 489
246 335
149 333
231 289
384 533
137 393
389 415
249 430
38 505
192 576
52 109
170 305
119 493
86 369
132 189
46 162
346 402
127 306
114 294
403 568
16 25
277 342
20 438
49 389
208 350
274 549
154 509
342 556
216 461
331 521
24 194
79 548
291 529
56 459
105 202
374 590
145 301
7 55
87 118
202 454
147 408
39 259
57 477
95 406
97 564
215 567
89 538
434 545
17 297
542 555
92 314
22 564
211 498
195 552
32 236
49 510
331 588
109 189
261 552
274 345
86 478
163 473
247 284
404 477
2 165
29 134
152 221
43 214
167 405
295 525
164 273
156 564
82 508
85 285
123 476
275 332
359 450
498 526
173 318
319 538
58 563
282 300
47 257
100 555
187 281
245 592
106 181
192 350
131 443
188 487
188 598
87 101
212 261
53 483
0 452
497 599
502 547
157 300
188 385
485 575
289 418
353 414
93 164
25 363
303 450
128 503
344 416
149 261
159 429
95 439
418 598
103 563
37 115
227 520
399 484
59 377
66 161
371 546
316 548
436 547
391 497
269 571
224 373
533 597
287 403
388 534
14 58
127 514
44 353
8 161
227 275
301 511
389 438
155 269
295 310
45 379
279 534
204 387
350 463
260 515
171 197
76 394
74 314
220 379
232 241
223 260
158 554
270 552
334 406
167 305
485 573
109 572
76 128
6 445
151 553
93 593
204 405
356 390
59 90
263 360
97 317
40 494
139 532
75 324
332 548
373 586
119 430
209 532
26 238
301 561
193 574
342 348
366 526
124 307
95 139
274 530
85 332
89 102
270 302
193 531
358 486
424 488
199 325
154 256
95 110
343 483
147 444
275 548
235 380
148 263
138 451
184 505
278 543
322 410
395 557
111 474
192 422
336 546
287 317
29 407
162 355
214 222
127 459
54 564
93 113
498 536
225 512
371 583
43 477
135 248
18 382
244 425
273 593
255 412
22 535
167 170
58 273
34 138
31 82
284 356
174 402
445 583
31 410
142 550
189 260
169 388
129 243
196 228
180 559
68 351
390 428
511 550
27 166
193 371
341 578
466 532
134 141
98 312
0 438
109 409
142 183
36 125
301 341
309 339
366 512
57 358
211 292
458 464
289 487
221 456
112 448
9 149
239 524
132 450
149 417
144 592
383 573
109 394
49 462
213 329
234 489
106 420
512 575
43 404
255 290
129 249
306 416
351 590
331 346
194 509
43 57
300 401
432 444
221 591
63 388
299 398
272 352
229 471
460 469
156 317
106 280
21 431
173 248
87 107
33 398
408 475
131 577
346 440
0 229
161 197
167 204
137 425
81 259
214 404
272 356
180 496
271 410
542 598
90 219
470 587
250 515
32 198
82 271
143 280
308 537
371 469
118 436
236 411
64 350
98 599
0 35
13 200
78 578
367 459
100 202
72 595
117 265
316 332
531 574
31 257
109 260
44 414
137 513
56 88
158 407
384 597
90 99
33 236
37 288
23 173
47 388
285 316
122 506
158 482
280 537
395 460
334 569
122 381
12 543
224 462
36 430
3 454
248 352
265 395
52 409
148 359
296 453
213 567
286 497
227 486
74 425
483 599
458 462
194 404
28 499
171 530
81 448
39 577
88 302
84 152
291 385
40 527
101 389
305 524
231 563
171 274
157 249
18 496
249 442
32 321
266 310
90 195
21 398
88 337
143 319
358 493
182 435
32 370
70 563
210 355
506 583
344 459
116 279
276 564
364 480
138 566
218 324
189 450
336 497
154 327
170 495
65 146
381 506
36 180
8 539
544 554
143 357
181 594
210 497
369 447
277 400
496 559
156 403
166 335
284 390
111 202
428 584
176 311
91 486
422 492
125 430
457 516
406 569
304 512
76 365
54 191
199 204
29 152
59 551
356 446
248 293
69 305
401 510
64 422
243 282
314 425
266 329
246 538
187 196
17 504
9 296
147 379
290 467
303 386
168 431
11 378
279 388
176 540
486 520
112 259
10 345
432 517
62 356
368 409
96 499
18 237
292 323
106 594
113 297
72 303
468 575
80 196
133 583
335 538
282 579
50 189
35 264
333 436
79 300
350 576
452 532
4 524
93 449
123 507
74 441
60 433
227 455
225 533
133 371
55 461
223 303
267 330
250 409
454 455
103 487
134 507
500 527
145 561
231 418
140 382
36 214
81 483
538 562
447 514
417 423
234 590
453 458
326 496
61 540
48 365
247 413
313 398
280 299
58 70
273 340
95 566
375 414
98 219
211 366
240 541
277 348
113 449
389 462
330 345
152 591
275 579
206 506
29 32
78 97
123 134
94 411
271 508
174 346
35 40
125 214
146 510
223 386
107 436
63 556
456 591
301 338
317 480
30 264
102 521
98 177
19 159
121 399
104 533
157 510
67 213
322 349
302 339
127 447
296 502
118 346
198 440
515 572
86 460
75 421
372 476
467 518
386 225 379 55 343 11 75 415 530 325 97 430 20 434 484 180 544 268 470 449 3 93 11 347 361 462 562 90 375 55 475 484 216 350 374 25 58 47 393 505 58 84 593 14 494 575 578 418 118 275 244 67 162 428 48 307 231 178 189 452 172 159 340 343 18 304 157 570 581 375 327 336 43 260 364 386 385 225 120 357 534 531 433 487 588 385 520 274 278 518 473 117 171 575 210 134 389 542 410 379 475 178 562 491 129 68 476 6 295 260 562 555 308 364 238 309 561 215 204 548 320 367 52 409 199 107 34 593 570 159 140 448 389 187 139 519 451 394 10 280 373 315 366 510 448 287 231 282 515 166 35 376 307 545 34 173 65 223 197 554 362 342 133 269 509 309 509 249 342 410 0 258 58 437 158 34 231 349 23 596 188 420 551 61 593 99 225 165 304 388 429 561 547 590 321 540 542 36 186 474 169 495 383 481 564 585 285 159 435 267 451 449 38 62 462 216 367 497 591 167 379 21 584 98 447 314 422 492 343 540 263 170 11 428 562 161 374 70 569 232 369 131 540 312 239 500 136 167 89 524 414 317 464 491 189 281 205 284 458 427 353 352 30 57 398 79 367 368 248 209 320 423 201 337 540 191 592 410 123 90 282 214 469 438 222 367 94 118 238 591 196 446 257 487 425 357 143 571 512 560 469 392 156 373 457 481 355 118 588 153 235 307 464 240 428 235 57 401 469 465 54 47 271 157 384 533 56 270 41 538 214 390 166 238 585 382 435 218 142 288 227 203 103 454 433 123 63 89 234 242 12 24 556 583 488 112 414 442 569 206 440 7 452 553 2 13 394 265 410 423 559 112 248 343 5 19 331 237 386 221 146 171 333 404 556 593 515 95 495 512 496 119 263 237 23 448 153 345 447 210 142 64 257 496 570 251 542 509 225 282 114 561 354 508 397 184 407 143 235 161 551 41 144 496 363 228 558 222 465 538 43 314 593 281 374 338 107 290 204 115 416 502 226 370 327 265 448 201 547 514 23 300 60 480 102 155 90 165 228 354 181 579 30 351 301 485 484 130 463 258 577 199 46 376 182 362 220 321 452 135 196 428 241 477 292 592 52 110 56 459 415 242 387 483 488 323 182 259 175 358 365 156 31 91 491 257 565 318 424 117 560 440 57 484 119 164 245 138 123 148 132 251 130 117 268 196 78 410 518 152 417 387 444 403 561 260 267 365 500 595 70 485 470 184 255 395 515 399 29 586 407 575 99 223 155 98 316 244 420 447 68 146 40 287 426 153 532 446 300 17 564 345 340 342 577 561 437 168 566 391 407 128 16 378 589 316 114 528 382 371 264 532 492 325 506 513 24 427 337 372
695 347
525 77
265 819
224 292
93 788
334 162
387 957
157 58
674 992
613 586
416 975
657 26
728 274
193 283
74 490
567 589
873 390
165 577
638 206
746 952
664 385
892 868
179 525
264 287
346 83
901 388
899 707
993 611
375 161
771 808
627 342
170 177
806 785
866 837
869 224
639 307
508 214
154 30
411 58
597 933
660 278
148 894
887 453
400 210
561 122
23 763
509 889
166 89
938 241
628 429
875 89
208 8
757 210
655 754
207 575
209 95
428 591
369 231
52 530
498 661
468 697
599 77
324 111
96 135
836 509
524 456
658 846
955 885
994 213
108 871
12 529
609 293
877 36
265 761
748 64
915 308
896 242
796 520
271 535
413 361
105 982
620 831
132 238
221 679
771 858
327 476
381 743
717 521
442 559
899 647
535 676
358 270
692 10
128 585
868 800
821 298
380 102
266 485
508 731
607 702
146 390
679 489
895 678
31 449
329 911
164 320
990 738
699 571
467 445
806 169
834 355
261 345
587 860
126 622
989 896
130 11
71 5
318 796
756 573
463 244
769 900
795 425
361 870
689 737
504 486
484 192
810 946
374 625
936 193
523 295
12 251
453 896
896 146
459 853
729 732
269 153
104 421
708 93
838 252
770 353
668 169
769 765
329 635
946 702
284 377
399 523
521 429
106 747
974 68
685 636
575 954
43 837
824 878
965 987
471 70
19 575
222 491
496 339
654 814
734 981
129 299
672 906
536 868
920 414
58 597
291 847
974 576
163 808
865 901
39 83
135 837
581 982
247 434
304 241
783 688
67 132
571 79
484 750
300 296
356 972
540 229
981 775
75 311
318 701
425 19
837 396
624 729
97 898
68 358
847 109
52 223
191 638
863 471
410 840
436 101
528 645
80 955
619 961
795 741
293 756
184 247
562 448
190 329
470 610
218 735
988 415
328 955
242 55
915 535
810 390
525 817
169 953
590 672
940 925
459 154
843 944
204 144
765 426
878 318
576 726
31 720
826 920
435 189
778 59
570 515
293 899
964 125
341 324
30 947
720 333
233 766
37 486
952 538
958 5
962 302
742 884
833 838
700 177
877 765
179 740
269 688
972 464
922 36
480 283
659 57
355 356
885 579
318 2
303 162
564 310
745 104
73 103
193 393
645 889
345 428
54 252
512 43
147 141
447 2
601 884
772 95
609 632
700 933
989 15
602 329
333 758
878 998
486 974
48 803
56 635
533 613
108 223
242 82
106 561
537 977
385 376
249 561
31 44
789 309
120 40
927 777
56 922
439 347
617 107
340 34
389 483
542 764
204 463
192 39
37 411
50 296
90 338
181 912
286 101
969 944
810 988
599 552
147 646
444 218
911 817
451 389
382 551
512 595
848 39
256 893
96 818
408 667
468 474
964 821
485 534
829 968
598 46
514 766
914 906
739 2
16 684
434 447
289 447
332 227
943 650
997 800
868 739
69 180
120 953
904 358
292 716
569 215
539 22
655 133
911 970
437 935
824 633
381 417
731 679
799 213
926 577
489 798
444 531
414 547
504 566
100 476
323 523
1 113
592 795
435 670
453 975
772 628
639 927
26 129
7 217
879 544
1000 260
260 111
514 115
951 443
504 848
292 71
985 694
386 267
925 107
998 97
907 999
25 985
929 385
340 400
967 199
201 953
359 587
738 236
363 721
821 753
433 806
713 763
512 516
916 273
502 144
207 195
497 699
571 36
56 750
745 917
396 865
631 168
181 872
246 971
27 358
807 41
182 704
110 110
656 454
264 30
553 845
727 149
681 76
874 188
343 815
288 783
447 502
925 843
744 470
0 20
532 400
757 651
148 472
415 121
199 782
800 251
714 796
114 692
742 178
108 177
821 808
81 247
347 4
578 162
702 473
422 697
654 671
75 419
937 483
989 664
949 329
866 509
659 711
845 146
721 57
891 616
995 853
234 22
697 962
504 252
886 926
49 680
437 773
650 359
107 283
739 609
831 10
708 414
759 265
815 695
766 10
538 342
476 927
82 696
377 923
372 31
368 691
587 833
99 631
914 64
833 197
736 355
597 524
250 316
305 335
769 936
228 221
628 518
397 586
374 778
226 122
612 496
839 573
652 482
8 330
730 439
36 320
250 843
408 783
17 906
691 290
811 476
956 400
231 361
136 722
682 765
366 196
417 734
753 716
313 425
106 529
727 824
610 759
773 480
215 848
395 313
5 412
908 193
993 304
741 854
253 711
835 460
436 267
703 254
148 866
598 192
551 803
131 993
351 114
641 246
803 576
665 541
960 161
174 606
392 4
379 895
700 703
166 275
478 112
558 386
318 582
241 939
709 126
394 703
776 126
231 253
79 665
9 303
300 641
327 286
841 709
448 422
5 802
121 790
782 978
218 976
677 233
59 892
104 313
548 951
339 845
764 391
269 943
137 81
209 516
56 974
938 813
922 619
627 992
586 106
229 618
102 366
715 303
646 784
594 377
462 793
713 598
412 391
502 951
284 596
458 644
557 641
10 839
684 802
160 350
21 181
332 882
244 396
557 259
187 121
361 524
952 592
0 477
246 521
104 3
859 296
911 941
169 453
772 233
273 246
21 634
777 154
182 831
389 804
226 908
902 477
533 917
306 544
428 308
546 476
916 729
803 6
417 892
261 3
768 544
551 562
80 870
840 606
848 655
965 243
800 900
317 367
148 551
956 763
924 1
159 225
272 988
68 388
571 770
