600 1329 600 1179 15
320 331
75 173
230 386
242 519
228 356
130 448
153 303
79 450
233 272
163 481
390 520
40 293
111 436
202 543
547 563
543 561
42 489
245 446
165 233
417 430
61 508
238 276
216 529
464 565
121 141
73 222
300 367
48 244
396 570
12 419
214 430
76 186
103 413
57 484
266 489
434 475
262 283
97 425
110 173
241 390
164 504
45 587
38 223
171 207
163 262
172 563
164 235
62 340
260 262
430 544
76 195
415 564
234 592
70 543
13 496
270 474
30 436
56 243
426 513
67 549
451 550
108 304
198 408
397 546
159 369
197 294
11 169
212 256
356 533
125 565
474 555
447 473
283 481
168 261
21 498
42 304
55 177
367 517
249 391
122 439
87 307
65 433
189 243
307 381
286 331
268 551
286 478
62 310
11 305
26 319
276 573
242 253
40 428
146 268
108 338
428 539
266 338
72 564
168 485
334 597
9 285
113 183
201 312
274 541
188 195
422 516
270 551
256 263
389 395
164 335
321 522
23 53
82 568
316 531
69 191
35 406
135 235
356 446
172 565
213 332
167 470
151 490
90 103
525 597
193 446
69 176
59 480
126 353
302 484
74 548
175 404
105 212
483 553
140 244
17 306
17 508
103 554
390 589
119 192
16 246
314 474
278 519
219 412
239 271
129 591
97 194
101 471
39 429
186 195
360 590
103 523
297 338
274 384
85 579
63 154
131 238
27 467
222 569
364 519
151 372
319 389
515 586
315 581
228 576
334 575
134 527
509 538
35 375
57 93
148 477
312 580
352 432
190 564
156 271
72 350
159 364
56 386
52 285
343 396
254 315
19 150
38 585
449 588
95 469
170 330
29 215
218 323
117 222
236 573
294 534
413 594
300 517
359 388
144 373
240 540
72 247
317 407
262 368
15 461
401 535
199 333
227 574
34 108
246 494
227 376
100 567
154 516
101 332
298 374
44 458
15 136
150 574
2 153
19 227
40 129
90 594
192 376
2 192
32 170
366 466
64 317
162 426
352 496
57 548
263 569
146 512
35 398
94 261
91 314
330 412
476 568
162 442
51 420
295 571
216 541
332 388
60 120
1 415
63 209
170 186
41 216
496 566
157 259
105 497
12 560
357 381
290 455
44 349
319 590
180 516
254 476
52 433
284 425
46 197
139 206
131 340
148 259
9 421
379 557
158 494
506 579
47 274
208 483
124 180
98 273
16 34
22 112
282 320
132 539
196 486
228 311
212 569
6 511
539 546
262 450
58 293
274 347
247 564
97 329
241 516
199 438
18 444
176 463
273 493
327 375
344 474
209 237
260 530
588 589
37 456
67 178
429 589
491 596
351 458
103 127
71 179
133 274
295 383
379 396
273 343
219 237
140 544
211 548
300 532
386 517
301 530
208 262
446 542
146 551
295 527
5 47
209 491
519 520
84 180
319 391
116 334
202 311
106 518
592 599
210 479
8 435
384 401
387 548
219 558
102 414
309 575
226 234
12 370
49 483
317 359
145 271
533 578
57 593
230 243
291 416
471 501
128 360
197 264
243 386
193 405
60 326
400 418
277 496
62 131
228 446
170 499
334 355
556 586
172 547
187 490
182 370
200 318
126 341
159 469
297 453
228 533
36 539
92 211
62 238
369 507
148 416
371 443
117 386
56 222
24 239
149 298
275 389
69 548
281 378
186 330
59 592
11 269
237 558
45 435
87 124
44 353
13 459
107 174
145 368
341 446
350 467
9 470
390 516
291 424
225 262
1 28
169 550
188 237
248 521
1 224
154 209
172 573
136 487
50 454
231 449
6 443
232 521
326 329
179 231
264 294
188 330
308 473
124 294
407 495
359 495
38 548
128 581
77 268
408 566
20 300
251 484
108 328
80 326
193 542
102 437
16 273
185 526
190 203
414 455
266 297
262 481
190 534
251 302
17 229
275 401
15 390
308 505
10 53
123 192
369 469
165 224
339 561
355 597
121 127
137 183
486 502
419 513
462 505
476 579
281 321
101 586
97 384
99 401
228 245
13 588
346 556
100 439
247 467
333 431
528 586
146 309
114 122
119 252
199 445
402 410
172 464
232 257
37 546
141 184
75 444
147 173
33 123
131 573
10 68
45 477
48 592
128 590
74 463
342 358
14 402
117 122
397 539
346 515
198 566
214 354
170 525
194 329
384 535
267 411
86 587
161 596
107 341
88 490
199 252
318 578
143 465
343 557
29 258
175 316
474 489
77 575
145 399
380 570
422 429
52 280
18 60
106 460
400 492
199 292
284 480
88 367
339 347
548 585
65 318
69 407
101 388
244 527
81 393
38 345
128 506
95 159
29 96
490 518
298 305
92 345
391 522
344 494
252 438
339 430
61 221
485 599
70 202
336 436
304 314
296 551
14 385
69 387
185 488
393 519
200 578
125 509
195 279
453 512
182 291
227 438
18 75
523 554
63 316
490 517
182 259
513 545
275 321
75 454
107 126
470 522
60 444
198 569
80 194
139 351
218 457
189 460
82 386
196 481
159 229
166 178
239 325
294 461
201 331
167 421
30 323
96 215
224 451
8 419
81 364
500 597
2 581
194 401
147 424
199 369
265 495
480 485
216 281
132 397
252 421
90 127
343 493
441 443
258 366
297 512
462 508
28 382
238 464
194 384
144 428
181 506
267 542
456 538
526 559
133 347
136 520
9 280
3 336
308 447
402 506
188 219
178 458
168 329
220 561
342 437
196 502
85 476
178 356
11 324
29 434
158 555
169 305
96 162
40 144
23 112
8 545
135 189
443 511
299 555
333 482
71 459
69 74
66 312
59 133
447 458
239 502
74 504
48 417
171 523
265 407
99 275
375 406
95 280
366 479
321 470
280 469
58 129
237 357
53 66
352 365
178 351
378 541
287 430
99 510
452 489
223 387
351 447
123 439
131 562
87 534
71 482
356 458
192 574
79 553
270 296
239 317
104 254
21 51
332 586
460 504
103 323
337 501
150 227
358 414
248 405
97 284
71 253
299 531
21 103
109 138
70 220
156 481
313 580
160 177
371 441
9 529
0 260
9 216
19 445
390 429
197 461
403 414
98 108
16 494
420 450
205 462
59 347
254 506
161 237
374 447
499 500
363 424
68 173
147 363
119 438
133 384
214 561
504 577
99 492
435 584
221 240
160 299
67 206
347 417
45 86
41 47
339 578
161 180
345 528
390 422
2 303
134 244
102 403
240 362
15 255
221 306
129 320
234 244
20 402
177 531
402 532
304 344
66 201
62 236
83 297
444 492
281 470
10 23
74 302
130 352
259 291
67 115
33 153
261 485
140 295
421 469
359 368
73 117
71 137
203 324
300 594
130 493
93 102
186 499
520 589
149 458
17 205
8 573
73 123
232 361
23 173
349 353
94 210
201 478
32 525
427 540
116 185
192 438
4 424
457 498
424 454
33 303
33 439
126 267
396 593
2 6
279 524
36 293
87 161
142 362
61 427
130 246
92 290
53 360
81 306
188 524
89 130
140 430
306 393
30 572
362 503
39 246
8 217
149 165
500 525
87 350
30 377
138 250
11 190
267 405
104 128
0 301
148 286
132 409
211 345
174 349
7 597
102 358
338 437
76 330
302 335
337 471
106 176
249 275
377 594
341 542
5 65
257 583
67 351
161 516
413 582
306 362
16 328
46 269
151 518
535 541
22 389
205 229
179 278
199 431
211 585
288 485
191 495
30 336
154 596
352 497
376 438
538 591
103 594
418 444
274 598
335 577
370 442
259 477
339 354
353 472
64 176
11 415
334 488
104 322
3 572
153 439
68 147
306 508
260 368
171 323
225 553
459 588
277 352
167 522
261 288
102 593
108 489
534 564
512 551
84 87
13 137
255 461
142 487
107 349
61 240
70 214
317 495
15 241
178 392
100 114
23 395
286 313
482 566
81 536
259 370
133 598
202 232
279 357
533 543
37 539
159 431
158 422
56 109
419 442
50 162
293 456
64 143
130 557
374 540
394 518
176 407
223 528
52 115
75 120
64 239
437 537
156 283
169 415
71 242
263 566
302 548
213 528
100 315
375 405
163 450
179 242
342 453
225 450
106 463
131 236
25 295
43 377
271 399
38 387
208 337
19 408
19 198
267 382
66 360
0 101
404 412
75 424
47 52
165 451
93 593
98 537
166 356
477 584
25 140
15 487
271 502
20 410
110 147
114 567
103 184
21 457
144 402
126 382
345 346
86 509
364 431
421 552
404 558
208 260
468 481
270 489
92 455
475 514
103 141
277 432
532 568
125 538
135 138
26 389
37 293
371 581
77 270
174 458
155 218
50 442
372 518
206 351
307 350
160 270
87 294
355 559
85 506
364 393
216 378
499 597
32 160
545 573
52 229
106 189
272 451
139 473
149 472
68 291
333 408
63 422
323 582
403 455
567 568
178 578
301 501
31 51
358 437
135 460
67 204
32 412
1 451
520 588
282 385
144 572
27 595
145 359
140 214
365 496
121 372
405 411
270 299
141 394
220 543
5 274
7 575
158 531
187 243
235 250
52 95
339 533
133 425
503 519
177 299
78 398
31 468
41 541
101 501
425 480
355 499
78 571
298 540
275 492
515 528
87 180
249 321
484 593
531 555
4 182
395 492
75 110
316 422
327 406
56 569
233 305
131 310
246 440
253 431
48 234
10 66
233 298
39 589
230 517
173 418
240 306
121 594
60 80
197 487
131 276
40 282
94 326
149 224
204 549
54 465
226 599
97 168
28 224
31 481
296 489
312 416
372 394
208 225
4 291
296 297
269 305
35 361
338 489
275 510
106 143
69 265
138 569
108 537
86 563
533 561
409 572
82 517
109 243
373 428
350 595
209 596
205 508
124 461
195 524
90 121
20 532
161 357
40 348
44 472
213 586
377 413
155 523
135 243
269 540
272 550
210 466
308 374
435 477
31 163
321 378
24 145
64 325
20 594
177 404
361 521
388 495
54 394
49 225
89 352
320 509
438 445
366 514
134 295
2 443
122 386
416 580
129 293
129 282
83 338
324 564
343 570
325 465
285 529
12 157
264 534
298 447
295 583
141 372
143 152
164 250
259 584
432 440
47 216
226 592
335 484
493 557
194 326
253 333
377 582
64 407
126 349
46 142
380 437
73 122
260 501
46 264
139 308
164 577
172 276
120 479
201 286
278 520
434 514
348 402
314 344
357 524
170 500
111 336
145 239
23 68
167 391
65 578
292 445
333 445
324 415
162 513
320 591
476 506
109 135
42 452
42 108
162 215
191 387
392 578
123 150
53 112
136 142
360 506
59 599
118 234
389 391
66 181
155 457
11 264
15 520
307 595
121 151
94 168
341 458
547 587
58 456
158 344
291 363
231 459
106 504
189 518
70 140
193 576
185 559
91 304
217 560
63 175
280 285
100 254
14 506
309 334
157 584
364 536
251 548
201 385
2 33
257 361
113 137
61 462
113 482
273 537
296 512
440 589
373 572
394 465
215 434
67 578
206 462
396 484
44 174
232 583
207 323
442 454
435 547
511 552
18 120
200 347
361 398
210 261
32 177
354 430
202 533
77 551
350 564
166 458
2 315
273 570
76 188
118 288
13 277
348 385
245 356
198 263
469 507
56 117
537 570
467 595
256 497
311 576
57 403
311 521
297 342
17 81
21 486
14 348
37 125
122 123
516 596
142 269
57 102
308 427
206 505
157 560
492 510
196 468
34 98
165 298
182 454
252 507
104 315
352 440
142 240
302 504
94 479
97 485
423 553
210 288
5 347
148 313
307 357
183 566
138 212
450 553
188 357
157 435
417 544
169 272
14 201
218 498
442 513
89 497
521 576
4 454
114 439
132 373
272 305
25 583
332 387
339 417
193 248
270 575
369 431
44 149
112 395
454 475
21 31
327 361
367 490
191 265
175 209
361 406
323 436
248 327
3 397
103 582
54 486
286 580
54 141
443 552
252 369
82 122
258 466
119 511
158 246
28 472
231 278
332 495
235 504
446 576
23 418
82 567
47 289
51 450
327 405
202 228
115 549
518 545 62 504 191 596 500 53 360 418 197 355 596 17 591 157 183 336 514 483 461 101 104 521 587 196 548 485 320 493 75 266 342 166 483 63 149 572 186 450 191 449 171 298 597 309 306 378 256 302 546 158 536 597 40 513 13 421 256 519 209 370 255 321 90 378 51 316 377 341 206 397 201 513 2 272 148 216 241 343 133 119 227 408 575 205 174 228 196 298 594 265 453 199 247 275 312 4 474 393 457 516 433 425 539 270 383 257 12 10 412 270 482 240 278 357 422 425 464 231 196 186 138 64 441 62 274 370 224 44 31 328 79 521 165 378 512 448 421 495 103 422 158 409 340 353 272 595 3 127 287 175 392 249 345 219 504 211 55 524 263 520 388 511 102 555 330 337 329 191 396 452 185 486 248 204 275 109 261 363 123 101 356 501 599 330 139 332 84 494 26 346 262 79 563 523 504 236 316 517 574 210 530 362 247 509 365 511 184 306 579 267 289 63 417 200 68 140 94 170 81 577 163 120 159 323 331 171 408 266 300 413 371 456 351 79 305 574 285 131 422 507 358 527 259 260 131 512 112 221 38 516 94 392 247 223 323 513 299 494 530 159 34 254 189 519 72 99 593 553 454 207 379 419 452 185 196 210 232 432 568 201 576 242 110 30 137 204 110 206 415 313 431 489 12 505 56 7 194 268 75 1 318 226 570 293 75 576 255 532 388 184 365 302 410 479 23 340 267 452 550 205 552 32 306 244 305 555 149 192 460 236 121 455 346 504 487 586 302 523 254 263 407 451 182 10 240 364 308 69 541 97 348 11 32 259 485 546 524 293 246 355 587 430 185 258 170 316 56 351 189 3 391 206 469 172 135 494 35 230 387 244 547 206 270 253 365 375 75 188 573 408 303 478 175 360 430 64 450 491 298 201 346 145 60 402 476 502 57 47 453 237 11 581 567 313 21 207 281 139 238 308 495 164 477 306 20 208 96 222 392 176 381 511 572 430 112 572 33 347 319 56 274 477 457 104 567 28 472 71 41 404 505 22 37 190 242 39 77 100 263 577 560 221 421 156 86 142 223 42 262 119 535 404 291 573 155 187 300 468 210 141 166 474 430 382 48 451 548 190 214 276 112 409 28 578 581 61 437 38 503 548 64 114 238 359 404 247 542 152 211 370 70 475 311 470 449 400 289 313 554 526 512 523 531 577 403 345 517 365 146 458 423 281 423 591 508 432 227 239 34 71 466 432 356 347 201 177 356 505 25 142 210 448 427 404 376 384 115 456 490 578 372 585 359 405 272 400 351 482 56 255 315 363 96 306 183 342 312 129 65 240 509 66 165 42 9 72 63 191 313 574 62 251 126 403 424 409 548 12
199 923
992 433
401 428
7 486
336 139
657 195
444 444
836 893
194 69
582 336
303 289
894 473
253 133
610 651
218 391
784 603
636 793
705 414
415 146
501 561
203 524
83 737
385 283
369 244
228 821
834 88
443 314
976 692
994 342
394 15
63 553
61 772
842 843
404 495
625 817
985 52
86 378
55 366
353 885
704 684
105 406
612 233
666 862
84 555
940 334
152 170
832 518
642 235
693 39
51 935
327 78
27 810
650 326
357 329
210 740
797 804
389 593
458 913
69 313
644 90
437 141
759 416
25 0
817 715
236 790
712 225
295 331
735 271
334 234
304 855
829 121
627 578
961 596
432 543
356 807
385 169
963 848
793 913
928 26
0 870
461 132
688 434
334 546
660 928
878 614
269 426
75 213
900 622
247 641
561 720
139 655
698 856
426 961
494 900
500 59
636 394
317 12
547 104
597 815
499 191
350 501
216 944
544 947
123 672
341 436
491 755
335 771
922 274
615 852
370 665
365 168
8 556
364 288
614 599
352 525
680 307
894 976
401 577
635 9
497 454
405 123
184 648
371 547
449 522
866 594
5 289
964 285
160 653
349 401
110 318
573 759
83 58
40 452
638 126
780 27
384 691
772 571
621 619
413 696
783 339
768 61
188 707
801 487
269 759
102 437
186 868
781 979
330 205
227 214
933 360
462 542
254 684
310 784
383 465
811 685
52 705
149 873
193 134
735 741
632 429
784 834
882 665
259 42
55 839
440 734
918 386
840 239
540 366
522 59
942 457
908 862
72 669
63 142
365 202
909 303
846 738
326 817
830 784
796 256
657 575
855 615
231 374
315 138
581 608
160 677
957 978
943 869
323 675
918 779
330 729
926 548
294 876
469 486
953 177
503 117
985 834
107 789
850 559
476 587
590 475
737 181
202 333
872 130
911 507
711 268
728 366
767 352
52 652
89 919
880 715
479 36
435 931
448 697
311 921
805 129
344 35
569 269
194 93
10 685
873 782
825 147
766 442
419 586
344 912
989 362
62 896
637 41
505 533
883 173
677 391
320 637
692 600
883 109
932 411
658 42
383 732
99 6
902 716
34 85
205 811
786 454
814 638
651 553
345 665
747 34
864 191
650 741
981 578
937 109
493 270
419 727
447 849
540 404
602 548
317 441
829 614
475 680
885 49
419 14
245 189
140 948
514 40
90 871
479 636
860 503
275 858
675 912
976 219
792 939
839 486
757 870
137 801
935 436
583 787
604 203
501 238
62 115
607 708
715 567
988 793
624 362
549 310
133 323
117 867
566 82
624 332
224 284
783 95
546 5
658 219
437 998
308 168
573 505
67 338
871 559
854 43
706 936
675 959
874 410
774 799
245 595
186 956
428 825
403 473
685 823
897 444
754 477
948 656
792 360
811 946
80 24
894 142
248 326
245 265
712 841
361 438
802 740
248 819
706 199
389 328
88 258
520 259
329 418
72 627
935 523
210 779
497 84
970 120
652 807
513 96
905 795
160 286
265 909
582 555
859 973
468 789
9 532
103 963
650 909
741 139
30 20
932 231
607 956
539 823
722 796
405 945
383 977
681 164
145 423
939 304
940 621
810 290
581 733
957 318
771 146
908 921
832 215
961 713
609 977
213 903
346 360
947 65
783 476
327 183
642 490
589 696
434 61
265 627
171 883
601 438
259 166
402 396
214 687
74 451
829 386
994 123
492 501
147 555
536 241
521 834
575 903
918 667
988 289
876 30
592 135
158 406
341 579
329 873
234 925
428 283
749 622
463 319
786 213
698 505
227 725
407 274
543 858
9 426
978 23
183 838
423 212
502 159
193 448
479 952
830 753
973 179
988 95
283 828
566 578
34 479
210 499
999 162
854 793
131 601
538 997
986 467
259 246
714 128
387 217
246 98
57 801
566 365
770 663
3 911
339 162
625 99
197 22
823 415
82 416
739 659
764 103
622 499
638 679
671 241
359 49
172 150
29 581
595 893
547 491
384 527
656 692
442 376
286 80
426 423
414 169
556 537
908 180
838 353
618 765
711 593
28 834
957 403
680 846
656 982
339 119
491 987
39 339
25 710
872 293
642 617
363 733
846 585
750 394
332 793
23 136
234 762
445 0
979 613
93 763
605 381
540 335
155 999
973 341
821 335
733 821
397 95
299 472
197 186
220 319
425 88
601 75
114 844
591 581
35 950
479 841
585 45
160 759
807 568
919 994
683 882
273 670
874 684
462 200
560 783
686 790
253 888
580 641
543 706
7 725
920 891
887 876
147 980
193 766
776 497
388 770
781 383
271 397
576 392
734 447
36 260
487 211
479 413
745 977
228 48
417 49
364 959
802 666
326 599
267 732
714 538
735 580
915 130
504 292
80 691
969 770
857 878
990 978
771 2
337 931
603 303
158 963
810 774
234 514
810 200
909 570
534 156
678 460
594 846
28 297
35 426
855 441
584 204
949 200
846 137
738 64
172 14
22 397
105 140
385 865
684 277
971 423
751 935
513 401
22 900
90 716
764 769
321 990
507 801
879 740
955 901
220 106
809 160
40 56
90 182
984 543
29 216
559 612
287 501
265 496
462 616
571 877
924 1
90 469
118 69
472 509
810 924
923 149
441 773
739 211
243 441
243 306
369 416
110 580
862 75
206 161
404 901
291 941
123 152
691 638
711 665
386 352
72 270
643 68
485 882
174 602
965 643
851 681
854 906
638 150
623 79
