600 1131 600 696 6
451 580
83 116
68 358
111 346
370 436
131 204
305 572
43 368
114 172
11 464
234 497
159 519
94 358
107 180
127 263
79 278
343 472
59 180
406 581
313 503
179 542
138 433
11 472
72 540
189 583
7 320
229 273
375 420
251 325
434 454
186 222
398 541
144 254
88 123
260 507
200 562
339 457
104 139
156 404
41 140
342 599
317 587
429 584
354 558
119 295
123 227
312 509
267 320
110 597
188 246
95 538
340 597
53 446
580 592
371 546
33 328
158 543
326 372
89 439
14 163
13 312
361 382
0 115
110 154
121 195
126 192
95 344
250 536
2 120
386 527
103 508
6 27
35 327
439 461
113 224
187 304
0 465
191 534
16 409
322 569
71 127
102 327
209 241
81 334
233 506
234 421
248 483
138 551
93 164
26 517
75 106
469 527
118 174
40 541
298 478
140 280
122 337
341 402
175 310
106 492
326 486
170 494
35 60
172 410
336 487
161 268
492 595
134 494
231 240
288 315
50 440
456 490
143 165
272 341
296 590
52 514
84 97
347 415
281 448
125 588
214 224
154 468
149 168
109 478
115 490
197 364
133 417
336 362
268 585
262 397
395 523
106 595
381 593
5 560
49 287
372 486
48 335
379 559
229 317
83 441
31 505
96 522
356 453
59 522
519 592
157 414
157 362
102 228
499 575
261 359
105 388
137 309
195 223
43 111
347 499
143 152
380 409
373 548
329 512
96 274
235 373
554 566
364 588
402 565
15 547
539 551
425 426
304 561
23 198
79 455
336 365
291 382
239 430
179 333
256 316
191 491
89 461
68 438
364 441
144 212
417 556
9 471
30 477
30 362
78 353
215 309
38 215
99 300
335 520
199 271
25 161
97 490
392 402
74 388
365 369
193 445
242 388
100 214
111 191
145 158
148 557
101 434
65 145
129 394
4 156
7 230
293 294
245 323
425 436
125 581
164 183
251 520
130 253
139 235
570 579
16 75
34 80
319 429
286 506
287 408
217 560
264 580
132 512
125 504
435 576
137 530
362 571
162 221
303 384
59 236
193 355
314 537
161 443
141 552
261 442
126 400
117 593
284 438
28 289
238 277
128 431
72 500
542 574
4 567
41 328
84 510
81 266
97 115
406 431
262 484
82 417
32 56
78 216
300 521
63 378
84 231
266 590
113 344
366 467
110 413
219 468
238 481
360 364
172 279
103 461
147 253
29 437
222 415
51 566
243 477
194 355
81 485
164 496
55 146
454 496
99 174
269 560
335 488
113 565
44 123
3 438
189 599
12 106
85 102
24 579
488 577
278 455
213 298
271 570
108 576
422 440
62 63
345 561
93 432
51 255
283 570
26 524
168 494
237 297
318 444
121 289
114 457
241 260
123 218
12 421
74 303
3 424
76 112
47 419
269 588
110 497
223 283
76 249
35 313
216 495
342 435
8 574
202 246
330 538
520 577
269 364
494 526
389 427
123 467
65 318
322 535
52 312
65 559
202 426
222 503
57 268
74 129
92 527
23 547
154 219
126 455
19 315
268 498
384 394
160 331
191 363
463 510
9 493
117 400
129 388
264 550
109 390
267 370
39 457
281 559
69 142
98 569
365 591
41 188
177 378
294 484
137 474
284 383
307 486
311 594
49 200
302 537
407 562
355 445
48 136
108 540
319 321
458 502
322 515
181 278
225 473
200 467
244 347
416 441
163 197
387 494
214 471
183 225
175 298
350 366
38 483
305 589
454 553
506 556
51 473
97 407
72 587
470 506
5 162
117 434
7 425
151 162
205 590
528 551
2 22
141 188
245 391
40 82
56 234
65 420
44 110
122 410
142 176
343 545
7 426
253 460
201 480
500 587
208 242
289 568
256 412
247 376
122 295
144 559
365 414
300 382
188 208
398 428
29 313
28 592
1 268
109 298
358 438
267 436
210 572
124 449
166 455
222 598
254 379
323 513
72 317
133 556
435 502
80 495
36 359
530 573
140 190
329 523
82 398
168 270
266 422
445 533
96 465
251 255
15 171
152 165
42 582
210 589
183 377
277 553
171 397
353 535
222 529
462 500
5 580
393 469
132 171
392 439
407 427
5 221
335 566
126 288
315 554
48 566
31 543
0 199
86 185
70 553
206 494
206 247
338 497
201 389
294 301
212 281
174 562
292 596
23 309
75 366
297 505
529 531
179 524
22 235
54 352
382 521
134 526
338 421
415 418
269 441
327 369
316 531
87 523
130 236
113 341
308 417
20 29
124 229
477 511
64 499
46 431
354 522
162 405
367 537
33 105
22 139
148 201
417 485
186 548
37 524
274 526
172 295
0 96
16 106
80 231
59 107
198 547
14 258
116 383
211 525
14 197
26 179
116 507
92 319
196 332
174 389
221 560
46 305
285 315
217 580
83 416
413 532
204 569
540 576
321 527
54 323
422 515
88 467
64 347
195 274
186 332
62 90
66 383
54 533
125 269
135 371
61 476
140 573
257 292
73 578
35 73
11 446
236 465
173 437
68 258
16 175
77 465
237 342
41 549
81 508
56 421
118 271
44 511
0 148
120 235
4 404
208 351
211 591
292 582
98 515
302 345
10 147
135 177
313 475
203 446
315 543
71 263
418 481
39 245
197 424
203 476
202 220
415 575
256 356
299 343
36 493
1 230
19 145
188 549
187 387
177 385
131 296
278 524
169 406
4 151
42 276
464 584
155 405
223 289
8 333
216 231
131 590
367 416
136 232
271 521
200 287
197 360
30 44
95 458
412 415
138 528
279 410
433 528
274 558
392 461
30 511
18 564
108 237
243 362
326 411
264 592
182 478
36 555
13 359
35 578
53 545
199 557
310 409
252 571
442 555
393 474
312 440
46 128
418 575
145 516
35 475
18 349
15 399
453 481
174 557
127 405
12 32
168 170
275 348
153 478
212 559
397 453
166 288
325 492
161 307
296 428
491 534
5 217
7 324
456 480
146 586
43 258
97 463
250 592
146 276
225 255
243 382
184 587
16 595
174 200
172 457
8 542
217 264
21 28
142 398
466 501
57 230
42 553
66 260
36 390
45 83
192 473
90 135
152 235
15 316
226 297
188 202
73 327
378 379
207 251
122 172
156 185
78 298
233 430
483 512
336 369
322 495
332 548
162 211
226 594
14 372
115 489
332 578
249 550
90 371
202 425
71 365
259 584
2 15
413 487
128 269
137 328
361 511
286 430
473 496
95 479
123 468
178 571
142 556
232 500
347 598
17 358
254 378
363 491
295 457
234 338
233 470
171 301
101 400
391 396
389 480
298 310
250 580
27 315
88 482
321 384
257 276
102 369
62 181
54 147
412 418
178 362
37 400
340 413
168 387
275 497
203 403
52 359
344 458
471 493
366 408
127 591
50 266
142 470
13 52
174 419
97 427
215 386
169 450
76 416
26 37
129 384
149 304
96 558
433 453
332 503
381 496
320 436
162 567
431 581
55 539
133 506
36 401
194 323
397 484
240 279
341 565
100 449
333 546
32 492
75 175
276 481
284 358
122 296
208 220
78 535
59 253
206 354
134 354
213 466
166 315
116 209
132 483
360 441
75 213
525 567
224 538
4 525
114 339
421 468
317 449
299 472
93 348
8 586
196 373
409 447
113 272
212 385
287 467
151 567
121 526
28 519
23 139
458 479
502 599
427 456
437 598
360 424
197 504
12 350
444 583
123 511
215 483
398 544
19 181
110 252
69 239
149 187
61 203
413 597
203 329
211 567
70 454
58 260
69 470
395 551
227 467
314 592
328 549
47 300
59 247
431 450
440 452
7 423
42 238
259 464
401 449
119 239
83 284
173 244
330 540
9 565
16 310
518 583
303 306
504 588
225 251
356 399
333 371
372 443
21 579
105 549
195 526
475 503
167 479
153 535
42 277
247 354
10 460
105 242
356 412
442 565
252 362
55 276
180 376
423 498
179 371
452 461
124 401
356 397
2 316
334 508
245 513
485 541
218 482
253 513
109 182
251 577
404 525
157 382
216 562
371 524
22 120
442 493
215 248
43 68
322 509
171 483
312 452
226 505
382 477
283 563
467 482
108 435
128 560
214 565
223 570
67 595
402 439
192 496
83 374
297 342
214 330
104 309
27 285
34 569
171 294
192 593
288 566
205 428
109 310
165 280
64 244
335 577
330 449
224 344
136 335
262 395
109 409
242 549
187 260
82 556
61 329
415 529
128 221
287 501
210 228
10 533
400 517
333 542
409 595
302 568
275 377
155 263
101 596
176 428
415 598
55 586
31 594
261 555
327 552
219 338
517 596
110 532
156 382
71 591
188 351
157 404
24 592
120 186
270 561
380 390
476 523
119 337
182 390
18 505
92 459
155 572
525 591
22 547
198 248
50 334
77 115
117 454
33 388
305 450
120 529
151 250
161 498
139 152
342 502
429 464
102 160
72 330
408 501
384 469
282 311
91 554
119 355
173 598
72 449
41 141
90 181
464 472
66 94
174 427
307 504
124 273
316 415
159 568
203 512
204 422
422 590
252 532
216 466
143 573
303 393
26 542
60 413
246 552
34 279
353 495
265 295
360 374
70 164
123 361
271 557
178 487
50 461
87 484
194 265
162 357
45 58
29 173
173 347
412 453
309 393
56 225
108 500
184 232
71 369
124 447
39 323
282 594
536 579
198 483
3 374
418 499
232 462
136 488
196 578
150 269
192 381
112 314
114 240
36 442
321 429
0 283
268 331
60 313
182 359
64 238
281 375
318 420
31 158
470 556
193 239
58 367
281 385
412 481
184 317
116 241
85 552
1 324
19 543
202 370
184 207
9 214
123 154
472 545
61 523
318 518
6 31
320 425
189 311
87 293
148 489
156 521
66 116
249 441
32 325
267 423
214 538
63 177
213 501
39 396
92 299
26 400
216 353
380 447
13 182
225 234
97 456
98 322
346 534
270 568
17 368
311 583
199 283
42 292
346 368
391 463
328 573
256 399
81 290
39 339
150 550
401 471
96 236
257 582
33 549
509 515
167 538
46 450
520 566
287 366
420 444
100 471
136 554
70 93
532 571
401 447
236 522
142 428
6 91
64 277
41 190
489 490
303 328
526 558
147 460
245 396
20 597
220 242
299 429
12 366
45 367
0 274
371 512 5 11 161 150 200 61 72 2 358 436 410 561 149 296 597 188 146 47 279 541 272 27 544 164 294 110 535 381 166 143 418 515 53 258 137 301 194 576 38 214 584 441 420 457 363 150 116 386 518 143 9 88 321 259 61 469 508 251 360 544 455 221 162 309 447 382 437 336 150 260 214 350 235 64 26 107 62 337 336 516 128 567 9 428 314 116 404 393 41 421 37 29 224 20 246 264 5 281 448 29 492 498 271 400 412 451 299 63 562 597 535 34 563 120 262 32 100 12 181 76 335 547 385 569 270 292 585 500 115 481 236 342 61 383 142 134 58 130 145 579 142 312 203 505 403 179 114 222 221 389 269 482 521 227 545 246 349 363 425 23 185 293 174 389 369 491 338 234 558 392 350 442 353 360 31 433 139 410 90 324 88 335 40 501 58 574 502 44 215 317 41 456 336 480 26 19 348 302 584 106 219 416 157 425 580 444 468 384 145 281 118 64 99 56 81 342 372 337 525 564 242 82 583 472 257 232 350 170 47 391 599 569 442 438 474 106 344 598 274 22 13 97 504 519 391 325 216 61 44 307 145 523 447 204 128 170 117 450 188 150 205 69 553 327 114 247 477 143 470 106 203 135 430 211 375 25 176 251 435 341 44 512 470 313 535 344 439 113 199 474 276 554 527 255 493 361 140 105 110 355 169 146 301 464 229 389 429 332 438 224 258 236 235 485 327 199 493 181 165 96 572 70 315 221 167 510 417 54 434 165 329 88 37 236 258 139 504 427 89 420 586 477 306 73 222 406 143 588 377 161 165 170 405 414 107 30 337 448 576 333 468 414 559 27 318 233 174 25 257 431 514 458 96 117 398 541 71 137 511 597 4 563 243 119 591 500 524 348 363 167 46 301 279 551 411 121 443 21 289 287 176 15 303 118 206 196 115 337 78 67 111 528 445 512 392 304 153 23 254 268 240 350 540 76 435 108 480 555 474 111 3 19 44 326 336 308 222 524 352 170 295 448 404 402 99 543 230 112 378 305 505 293 542 560 592 35 40 553 296 116 152 506 117 29 423 366 346 433 490 210 476 98 480 94 411 569 459 409 343 42 314 79 598 453 135 303 307 250 457 495 125 213 449 581 594 377 225 237 401 265 293 267 335 324 124 524 94 134 391 200 331 105 299 416 260 117 101 548 98 291 24 337 325 503 10 395 539 393 257 576 21 546 152 346 218 151 139 26 591 371 472 436 70 188 31 399 551 93 179 290 518 291 332 461 509 538 63 92 273 211 38 228 193 371 378 435 518 244 395 198 518 255 364 574 382 427 390 339 469 212 143 446 49 494 65 383 311 280 15 101 499 553 301 33 548 54 415 297
190 495
429 904
795 720
102 840
381 650
299 760
776 156
461 947
972 395
529 110
1 349
976 937
540 380
409 168
201 921
831 735
534 302
16 914
758 112
875 201
663 552
232 607
757 718
775 812
256 652
301 899
895 364
821 184
190 608
643 594
488 555
824 131
595 358
703 924
237 185
594 670
494 181
873 326
884 852
150 278
183 37
646 869
860 530
61 939
502 517
126 758
345 815
344 492
752 258
356 363
330 107
741 339
409 112
960 843
34 305
982 489
612 386
366 957
103 728
65 412
549 648
978 760
933 255
973 235
763 537
900 99
1 802
606 287
78 896
74 120
769 447
493 719
650 162
586 721
738 959
502 358
182 721
136 397
384 293
874 241
251 266
283 46
142 54
108 803
231 323
531 869
332 626
987 682
431 469
387 71
940 288
748 199
882 899
677 473
4 838
602 36
132 468
222 367
293 219
367 458
599 132
868 437
541 814
341 21
743 804
681 949
547 336
3 379
690 102
478 262
560 512
77 991
207 692
527 44
204 232
179 398
33 781
837 401
303 511
66 172
753 686
86 562
160 167
454 498
573 201
275 872
835 312
462 730
316 824
761 997
107 385
278 156
883 766
97 13
84 513
983 284
709 249
718 849
940 538
737 765
613 803
610 879
121 84
644 806
972 130
903 179
937 448
51 344
241 483
19 633
237 775
356 695
694 777
377 215
524 485
449 766
343 594
434 618
871 136
151 677
481 866
297 934
346 763
153 901
716 438
664 769
817 253
636 62
49 613
382 856
30 575
884 711
155 199
701 574
324 410
471 322
121 127
994 183
504 616
928 347
23 429
903 259
451 202
672 426
656 219
313 602
688 662
15 675
621 910
784 3
601 843
132 968
788 340
10 199
54 243
142 578
645 711
194 885
825 775
251 538
370 410
266 463
550 940
944 807
287 185
258 90
25 511
649 290
622 953
90 759
470 829
422 710
966 90
429 349
561 93
848 851
359 323
262 755
401 510
568 473
577 984
303 794
707 632
209 582
564 49
655 384
786 62
484 445
504 801
623 229
408 949
279 315
702 198
20 57
611 432
717 733
124 433
715 44
821 530
23 141
214 263
55 750
661 989
439 585
726 524
130 322
578 895
29 481
844 821
202 764
289 668
674 343
522 541
105 355
966 164
705 372
839 640
911 478
114 943
975 970
21 712
461 99
970 594
501 768
253 710
99 260
296 97
443 993
381 910
240 810
93 606
282 549
459 16
574 236
151 520
647 501
900 543
793 490
884 291
198 196
625 766
978 47
853 100
216 534
66 808
788 203
7 27
384 383
794 299
132 612
253 57
377 540
847 481
955 701
907 685
124 232
226 138
745 43
438 289
919 921
343 537
904 735
113 669
774 920
47 673
388 772
769 962
257 899
35 4
795 848
496 298
838 49
381 147
616 612
183 672
836 212
817 694
623 195
871 42
875 952
484 973
838 952
331 223
77 284
476 917
626 343
236 979
556 757
680 889
935 757
633 109
421 873
663 687
996 375
319 73
717 283
518 649
98 191
575 438
180 272
611 558
486 30
722 12
949 879
556 15
89 693
19 983
734 566
689 514
703 73
498 413
592 949
9 277
349 289
67 483
44 199
890 633
348 725
39 890
444 169
173 846
439 530
474 600
179 969
209 833
498 685
466 402
153 735
16 951
524 736
549 999
957 324
199 998
675 721
140 821
928 20
1 462
645 445
948 212
932 140
504 242
775 385
399 574
32 817
814 973
996 96
854 882
0 578
707 987
286 417
484 217
171 350
419 1
779 880
845 998
995 627
165 312
920 633
189 83
865 671
865 367
541 187
462 68
915 840
391 619
425 744
353 890
255 346
430 381
531 260
194 162
272 967
837 610
574 578
461 654
757 627
163 768
135 2
815 589
332 458
917 57
573 384
312 141
396 991
127 864
514 962
522 926
272 372
155 118
887 990
16 90
346 860
713 495
916 576
829 440
686 13
519 994
674 611
66 865
395 34
344 142
203 803
499 127
285 1000
889 5
4 238
992 834
543 227
986 11
592 174
380 813
317 725
372 112
880 602
803 406
851 278
244 406
154 235
605 0
911 879
36 372
353 60
714 123
202 343
934 948
156 438
413 319
404 430
535 432
813 908
73 90
560 140
950 911
720 401
745 872
626 657
986 791
454 559
423 261
628 20
246 440
862 570
396 472
878 814
949 650
222 16
248 941
556 609
669 261
212 465
218 423
154 992
595 321
531 153
54 527
297 288
758 413
604 478
334 995
781 561
688 153
391 344
654 1
657 642
230 882
792 118
58 31
22 742
312 34
362 188
196 312
470 528
907 788
77 318
430 84
323 173
918 206
915 414
854 4
166 636
709 336
315 569
95 442
998 735
904 317
431 671
106 539
854 924
972 561
736 649
714 812
781 659
549 555
3 308
114 999
361 249
290 636
140 705
601 67
960 513
661 127
224 47
944 381
854 175
228 80
983 875
998 342
777 754
700 691
655 930
225 722
989 531
563 862
817 472
768 227
479 153
91 52
277 496
114 503
938 110
276 808
90 648
312 365
164 553
744 143
510 84
737 308
391 686
132 645
260 227
243 578
527 595
462 795
685 840
945 417
777 595
661 35
693 304
612 701
286 582
284 728
310 859
887 505
818 1
949 986
331 911
977 456
672 192
235 848
412 809
262 130
464 692
213 656
807 370
818 97
572 294
900 447
598 529
718 601
751 0
