600 1047 600 846 19
504 527
454 477
287 394
70 450
291 391
204 543
112 136
211 403
38 50
5 285
283 581
176 411
72 388
93 476
94 374
252 467
305 500
143 282
1 380
339 484
248 539
268 487
219 573
49 235
0 599
145 373
182 294
4 53
138 319
576 586
302 435
368 455
8 320
217 264
168 362
23 204
490 582
448 558
389 576
100 555
53 351
11 556
14 464
199 518
363 556
66 252
25 271
54 276
322 377
499 510
276 518
378 412
53 564
111 252
400 428
47 139
191 473
114 189
172 532
52 321
371 510
7 8
59 83
287 521
253 447
164 315
157 403
387 534
179 185
23 212
200 582
25 506
386 470
105 228
331 521
113 586
260 564
319 598
279 303
76 198
370 455
405 579
188 580
123 286
59 431
193 293
241 520
140 396
427 588
376 488
228 394
85 464
349 587
275 278
380 530
464 552
221 265
69 129
153 362
310 584
108 326
2 531
148 414
53 163
88 326
278 547
513 598
430 523
207 465
272 345
135 597
62 263
89 301
46 114
156 197
156 177
160 424
361 553
235 484
53 281
172 199
119 231
282 397
495 559
26 257
297 568
255 535
142 596
15 59
15 41
152 537
230 493
37 359
397 428
159 456
81 184
53 260
16 322
410 545
22 200
169 515
233 342
314 409
175 423
39 131
90 152
59 156
267 484
580 584
429 546
47 399
456 512
105 271
356 457
435 592
112 244
213 333
78 292
310 580
82 189
198 296
472 596
200 555
238 284
160 216
208 428
82 214
12 244
110 229
292 522
151 454
200 572
22 587
202 548
157 173
412 427
187 252
399 424
276 436
162 535
121 226
232 470
174 420
286 350
161 468
372 566
64 229
353 413
295 331
6 594
79 124
481 529
364 374
256 454
261 599
22 599
142 323
14 552
128 520
73 457
114 218
9 361
173 524
295 521
35 63
297 367
33 548
266 412
214 559
445 555
117 133
77 364
436 518
114 130
234 525
51 386
284 422
57 114
503 591
61 140
277 454
52 347
324 403
372 440
27 202
301 557
202 418
496 596
149 377
3 13
264 304
411 414
139 417
255 362
203 438
573 599
188 190
4 485
274 540
18 162
97 344
228 271
61 396
348 367
163 450
443 599
489 544
253 553
249 537
163 549
313 503
69 554
245 496
456 595
124 334
351 416
246 418
247 342
83 546
60 134
307 468
375 394
256 291
47 314
21 232
365 396
308 553
115 469
187 321
282 404
227 589
108 579
5 44
293 525
12 389
377 426
401 424
82 159
25 105
267 396
20 149
335 585
256 385
48 343
168 359
225 503
14 560
173 403
332 581
116 215
11 538
35 348
133 481
94 205
93 297
463 595
244 389
343 477
44 285
109 526
198 580
228 331
31 270
371 383
126 253
152 492
9 390
399 440
41 431
301 550
35 434
54 282
170 536
144 518
58 456
411 446
405 444
327 384
258 587
45 568
164 427
93 202
123 284
352 391
346 447
229 457
91 155
193 570
12 544
204 515
451 517
20 377
270 300
296 529
28 252
222 550
91 299
93 551
25 473
118 165
113 489
268 595
78 547
154 491
141 249
177 239
106 143
124 306
6 379
338 455
180 547
60 251
322 426
116 424
215 401
439 523
374 419
402 563
266 333
122 216
115 133
152 383
345 562
52 380
131 499
170 242
68 100
50 523
175 281
426 485
154 233
165 504
296 449
434 452
230 460
43 117
16 64
49 239
28 524
48 477
85 552
254 483
312 320
103 190
451 584
32 169
383 537
8 347
371 542
85 193
222 261
134 487
231 596
180 434
122 145
16 425
252 589
369 582
74 478
55 332
42 68
379 526
293 471
146 197
313 591
78 278
160 220
31 520
479 485
151 531
114 196
410 585
95 363
269 416
121 171
210 597
556 563
185 326
140 169
14 80
181 325
254 317
473 506
92 532
101 546
27 522
31 87
63 180
424 466
141 492
263 539
199 298
376 422
183 494
36 489
6 494
172 518
123 422
318 333
3 447
441 581
204 212
275 507
397 404
234 465
17 88
98 131
118 378
234 382
181 496
95 334
286 393
416 450
62 131
59 546
96 111
73 585
10 217
17 185
19 415
121 344
499 542
226 311
463 487
77 253
350 393
355 405
23 168
44 259
260 416
89 206
373 593
215 405
172 298
312 540
43 143
459 549
534 548
65 245
381 484
199 282
408 483
210 275
47 409
235 330
337 523
190 578
54 106
28 51
312 581
167 467
36 87
23 209
238 442
449 481
109 399
59 197
386 466
540 581
79 306
10 52
137 169
41 72
560 561
135 501
194 268
487 533
40 484
196 441
272 581
138 399
413 555
23 147
7 10
8 217
136 594
397 407
359 365
191 487
26 276
138 372
373 524
292 578
222 301
49 571
422 571
383 510
192 370
207 214
71 511
166 507
479 564
71 97
398 574
18 153
186 233
459 472
427 464
124 538
211 324
293 588
396 523
102 275
100 418
131 542
75 113
231 423
22 572
58 159
77 447
160 566
227 575
4 564
285 316
486 516
86 136
310 451
312 563
340 594
66 120
4 195
40 381
263 499
382 570
53 459
395 503
50 337
287 374
88 560
178 190
258 270
422 442
90 492
200 443
107 398
245 397
13 58
316 460
17 80
24 348
109 138
227 435
298 486
106 517
1 294
233 490
18 265
40 255
253 346
158 478
95 402
96 524
9 357
207 345
107 110
15 396
141 323
30 294
192 579
126 150
9 504
38 478
182 321
183 513
91 553
95 329
268 463
41 203
372 399
462 512
68 555
100 551
266 378
140 439
289 469
237 255
367 387
63 548
365 381
232 338
82 207
100 184
277 329
229 356
26 436
176 545
148 453
302 589
117 448
189 498
79 98
291 317
334 371
5 167
32 515
46 538
271 506
231 472
402 556
206 342
444 579
319 509
435 575
1 52
79 334
166 275
229 569
68 353
152 249
36 328
63 292
87 489
13 253
360 437
114 456
157 324
32 359
52 55
190 224
147 153
6 340
200 599
138 526
81 127
352 353
67 362
299 333
320 477
194 533
501 547
157 300
37 381
64 410
230 502
206 247
158 169
87 171
39 62
103 507
233 582
304 343
412 464
75 389
11 274
204 209
117 580
84 439
56 175
57 169
101 429
88 185
188 584
170 509
18 221
508 570
184 555
524 577
413 445
202 551
15 83
323 596
32 61
155 213
277 477
250 586
485 564
240 433
56 281
460 502
201 428
96 157
386 455
274 556
440 566
331 394
203 431
139 444
339 429
348 434
125 474
318 495
358 436
97 406
16 110
395 491
6 513
400 537
210 336
231 288
479 567
294 590
185 192
45 247
205 375
557 573
230 349
17 433
293 427
127 225
146 410
335 415
476 591
45 503
215 355
258 520
150 155
79 158
194 366
156 235
366 420
103 166
359 381
80 560
21 475
38 539
42 436
459 596
113 250
249 428
21 368
498 562
34 392
259 349
315 465
208 397
67 354
103 279
2 537
232 435
457 569
186 369
239 571
63 534
234 530
20 485
45 154
203 414
352 413
32 140
58 595
182 592
66 467
136 280
33 292
460 482
354 362
257 276
290 391
84 478
491 503
31 324
178 584
395 490
103 243
286 356
226 406
144 172
234 380
187 592
142 249
167 468
202 246
496 565
153 221
43 310
150 495
171 544
419 527
198 529
128 599
261 573
454 531
16 229
168 209
75 544
278 507
301 328
22 445
24 434
509 598
202 387
132 306
177 235
86 170
377 461
421 431
72 203
14 378
223 437
248 423
366 543
505 508
382 505
85 392
0 128
190 303
541 570
11 124
106 282
164 234
259 316
27 292
0 22
44 125
9 527
104 424
125 458
129 530
86 183
13 595
431 545
10 167
402 477
148 175
38 263
372 509
254 532
70 416
170 183
384 578
234 345
206 219
273 397
199 273
205 527
345 465
135 452
99 333
379 409
32 168
29 190
420 533
1 182
415 585
156 429
8 312
237 354
432 460
115 325
50 439
28 577
177 415
65 142
96 173
173 593
232 302
165 390
155 299
268 512
178 384
320 343
27 548
488 585
15 72
157 458
178 451
324 511
121 311
464 588
317 486
341 408
232 589
439 514
198 448
81 236
93 313
443 573
288 423
7 347
127 591
232 475
87 544
338 470
240 475
239 376
187 467
111 120
86 594
56 119
186 443
470 589
322 574
76 243
370 405
76 103
0 241
65 565
31 258
32 209
148 248
260 479
484 535
15 388
134 191
1 505
31 300
45 519
179 192
70 481
214 427
330 484
71 145
19 335
370 579
213 495
513 536
235 571
455 470
162 237
505 570
274 312
254 353
75 250
29 76
201 298
86 112
219 443
350 457
226 509
365 484
102 262
330 429
72 453
57 132
92 486
334 542
317 516
452 547
409 526
90 263
174 221
179 368
271 583
151 437
279 507
163 469
147 366
71 211
126 559
60 271
114 498
497 500
414 446
352 482
170 226
9 165
145 173
338 368
199 404
176 480
148 446
133 448
115 289
5 161
125 467
319 372
242 509
178 578
40 359
151 516
233 247
95 528
96 120
142 565
149 574
14 561
46 132
481 558
122 566
237 535
196 498
27 33
145 211
358 483
458 474
111 577
130 538
391 482
353 408
91 150
250 389
477 563
77 308
42 202
257 517
137 500
134 271
197 585
283 345
204 500
21 179
2 277
31 309
109 314
35 180
238 376
215 370
220 440
379 417
124 132
94 419
270 458
127 551
224 578
175 288
329 334
317 385
48 561 0 397 153 366 559 390 23 441 315 121 69 414 29 537 299 79 428 515 7 526 178 38 260 499 231 81 343 420 234 447 14 21 544 143 137 304 538 456 416 233 72 285 486 54 74 170 40 575 546 63 584 246 390 229 332 461 130 510 395 469 575 45 149 209 233 221 336 168 406 500 162 150 587 101 594 180 598 114 386 516 545 196 282 317 168 561 361 359 94 454 538 59 510 563 0 597 295 166 575 149 441 224 573 353 402 477 548 501 192 348 393 561 216 57 478 506 65 568 446 482 369 511 218 162 320 302 526 421 547 284 111 463 265 484 322 120 371 526 285 267 107 551 119 45 70 17 46 279 511 394 293 150 147 54 231 354 510 25 567 296 330 557 169 45 259 543 384 102 347 162 78 526 264 495 205 428 26 271 167 578 407 441 100 581 475 288 325 141 409 512 63 235 210 229 599 421 25 128 184 593 222 437 254 531 252 164 256 345 107 64 220 547 599 428 93 10 357 163 457 197 360 398 71 98 263 419 214 7 521 514 529 214 169 363 274 101 172 197 34 182 77 575 88 494 501 448 526 301 179 521 516 253 60 376 358 532 176 183 263 201 71 149 200 341 405 259 351 574 575 256 131 367 418 379 36 10 195 215 589 577 448 175 511 398 242 463 248 229 550 477 474 310 224 210 375 359 543 196 83 357 26 555 352 428 285 268 433 4 337 170 110 293 27 397 572 125 442 331 528 515 349 549 255 586 190 179 499 419 81 170 259 322 390 169 184 1 154 579 121 13 98 262 204 244 107 256 20 0 233 432 27 381 52 49 430 535 547 7 462 267 259 180 133 551 379 482 267 418 189 467 137 241 481 249 67 390 459 218 125 21 262 492 123 43 125 275 78 475 183 222 143 254 518 95 145 126 80 323 109 513 125 41 130 149 346 307 594 269 467 502 438 516 292 218 58 569 411 489 406 403 252 131 264 401 36 527 340 394 279 591 504 470 578 15 504 354 140 420 241 453 75 95 534 310 176 80 218 276 500 434 53 206 480 286 84 595 14 399 316 594 50 426 508 238 268 558 576 64 498 344 427 344 491 578 149 87 355 590 371 580 246 351 494 134 179 475 116 363 175 588 1 346 91 186 362 368 167 589 406 24 510 544 221 571 74 44 69 580 77 504 290 221 570 177 458 103 123 166 215 256 197 411 56 230 575 481 597 283 392 418 188 382 538 235 361 564 269 127 288 518 259 107 351 263 428 344 306 289 553 14 141 316 20 366 332 109 372 35 97 98 126 535 484 424 305 553 326 358 58 68 428 440 503 165 441 424 576 565 430 311 12 13 385 149 118 292 531 547 470 448 573 31 367 182 169 107 450 88
467 842
238 487
585 466
199 159
901 354
447 635
41 921
355 497
360 467
43 225
350 538
434 371
220 939
233 190
20 427
708 172
914 190
51 492
387 30
785 71
976 327
108 541
496 849
450 116
767 992
261 0
807 726
787 758
213 664
940 692
154 509
362 802
503 160
798 782
138 480
836 908
340 978
575 62
673 300
533 300
520 37
747 203
732 765
876 639
422 675
651 996
417 316
38 794
499 544
733 20
643 207
179 639
310 493
909 404
769 652
328 418
813 381
447 272
256 210
718 126
231 113
577 138
630 320
849 850
890 175
770 502
319 618
448 59
676 773
290 398
929 515
222 778
727 221
869 87
605 245
238 956
983 675
139 128
888 801
511 331
48 441
689 871
263 268
698 150
638 249
90 442
88 969
355 906
35 466
468 977
697 343
111 212
679 611
759 897
40 141
533 437
306 673
228 816
552 366
106 310
683 810
688 122
966 874
999 774
97 691
181 7
794 648
983 149
13 584
87 803
955 138
274 631
128 982
258 972
348 260
886 512
102 659
895 620
3 285
778 380
318 645
310 861
203 712
945 21
465 347
369 674
190 224
703 891
411 803
274 375
399 349
601 326
452 319
904 560
246 74
914 998
48 996
458 217
115 796
22 747
573 166
740 428
769 468
824 629
694 664
231 747
813 137
401 98
765 290
992 303
158 229
610 557
665 420
406 65
602 961
113 249
737 104
345 759
514 263
258 236
172 711
485 612
414 9
899 451
182 359
40 276
991 814
405 577
503 111
512 204
162 913
303 899
713 648
286 727
321 66
786 317
842 216
752 56
885 719
60 551
856 925
847 486
245 526
114 925
632 855
33 518
547 891
277 566
910 697
297 254
924 748
282 61
65 607
124 415
317 141
826 307
355 293
769 140
972 585
754 628
560 857
673 544
764 798
775 217
452 156
11 109
537 995
278 300
738 508
471 130
993 939
280 780
418 139
161 254
187 319
54 670
179 674
388 505
363 239
519 957
153 742
342 83
365 936
666 517
897 773
671 919
221 882
230 596
125 12
935 121
517 740
776 412
171 574
583 924
228 377
712 8
649 893
460 23
861 57
779 38
97 504
434 813
144 890
977 720
166 956
769 532
746 828
564 981
717 279
702 466
242 994
233 141
262 609
136 192
628 664
487 29
577 565
806 669
418 740
476 728
954 413
438 911
928 869
665 334
388 542
325 29
65 331
625 106
310 192
991 418
375 722
196 66
300 370
731 588
406 389
968 843
772 683
552 473
932 816
949 781
28 966
838 384
797 623
316 326
898 31
464 656
979 48
48 105
777 348
908 530
530 580
601 640
834 805
144 366
193 515
144 72
998 569
764 951
705 610
83 239
366 772
397 973
199 585
920 787
431 562
404 231
479 323
499 575
110 134
348 840
860 659
256 897
407 437
715 950
58 818
208 332
496 669
622 617
184 281
138 838
435 486
290 517
952 256
764 444
318 799
849 536
6 513
826 684
373 989
564 447
658 25
117 42
327 387
153 289
549 409
805 55
958 930
649 177
139 589
633 46
5 945
687 721
540 944
449 545
255 834
272 338
177 169
334 459
796 977
447 724
963 72
935 430
588 697
614 698
432 41
40 707
990 110
78 291
723 719
528 80
622 516
65 195
475 68
509 400
103 105
594 106
365 112
790 923
105 578
577 876
48 636
582 429
153 816
237 720
76 126
35 57
831 16
946 307
31 321
6 848
219 451
565 23
193 434
626 419
858 726
591 601
142 640
786 897
689 213
203 974
29 250
574 660
111 469
935 60
84 28
622 936
609 143
746 560
945 191
79 764
646 488
94 733
482 435
308 765
763 592
24 663
205 850
706 573
660 741
26 830
863 144
824 253
50 350
585 751
773 257
772 94
957 450
15 786
725 809
69 170
335 107
826 192
856 4
746 323
127 695
922 248
925 337
100 365
708 543
685 53
595 183
778 179
545 655
72 527
844 957
221 560
759 729
645 542
816 223
608 216
166 773
355 336
873 26
524 921
3 697
562 781
814 284
184 125
930 603
989 533
929 458
853 682
886 940
740 246
556 528
99 629
283 214
917 77
340 704
839 447
531 690
949 331
390 183
258 141
78 382
248 325
150 665
352 615
468 573
914 482
147 615
165 410
818 413
307 45
329 682
186 539
729 907
471 472
583 269
963 384
883 226
931 549
543 716
658 698
613 7
947 355
652 606
271 105
832 69
300 968
614 910
633 958
718 364
551 758
86 941
199 247
820 468
378 213
331 295
660 382
421 194
915 918
504 694
670 947
7 238
194 468
263 43
978 791
168 487
155 867
603 392
297 838
347 164
68 878
568 249
476 179
620 586
836 656
742 685
697 988
434 776
84 79
841 749
624 179
258 685
187 397
44 851
44 176
509 455
971 558
252 406
573 495
662 651
297 96
811 857
510 3
120 892
645 441
428 341
704 302
397 414
131 449
583 373
381 159
267 939
850 184
708 100
911 847
797 809
888 418
362 964
724 868
67 418
105 173
286 430
580 811
467 416
440 967
946 584
227 251
6 454
17 396
304 305
441 446
938 391
792 476
179 751
981 353
732 982
905 117
164 446
780 6
535 837
485 937
989 250
257 583
168 981
248 651
869 776
7 615
908 648
373 363
605 883
188 94
888 681
816 93
270 999
470 804
127 386
204 616
219 521
699 925
274 540
264 716
55 949
270 177
807 440
952 998
114 854
489 873
