600 1177 600 1001 12
318 498
89 245
95 107
63 513
284 304
326 539
288 420
21 202
520 570
51 477
100 574
252 413
93 486
260 342
368 595
140 536
409 418
562 585
161 281
102 390
194 532
408 506
237 347
76 450
221 380
424 510
293 573
26 467
281 555
357 526
187 438
215 387
339 450
70 367
259 575
9 581
357 460
153 508
311 535
361 375
339 351
40 138
333 443
36 538
517 582
455 546
184 482
49 503
157 217
157 230
347 586
46 564
253 296
121 334
340 414
361 451
224 533
235 344
8 49
7 250
126 238
84 181
167 496
165 344
11 348
75 120
102 567
301 550
19 130
150 172
366 416
283 478
268 465
24 355
78 128
198 428
429 458
70 479
30 363
344 457
197 381
87 566
84 337
57 78
265 526
235 572
73 492
137 142
10 218
136 454
5 458
172 489
331 579
87 238
173 422
123 501
100 214
119 198
277 583
99 227
526 575
11 463
108 127
69 436
274 427
66 136
372 478
279 591
120 290
218 595
332 545
231 577
1 513
164 490
115 204
141 590
82 433
54 539
269 544
133 145
55 391
320 351
225 250
428 476
51 539
113 178
192 563
320 592
118 469
413 494
139 144
131 221
117 416
272 588
212 273
138 291
458 538
241 590
150 489
413 424
325 410
45 432
324 591
18 568
315 512
73 431
57 138
92 427
395 436
349 539
96 503
149 383
8 536
209 578
103 135
6 364
65 133
178 469
296 519
125 229
169 529
258 353
387 599
85 587
541 549
25 267
200 548
11 389
58 426
206 554
246 377
281 370
44 201
65 277
2 186
245 343
366 569
315 562
306 356
237 498
217 565
300 317
132 464
285 509
47 98
128 138
312 586
52 514
556 577
400 597
179 429
108 298
414 571
3 45
94 495
496 579
397 486
32 99
156 414
166 567
3 114
76 403
77 433
173 592
220 560
304 405
227 388
119 428
167 331
386 448
190 544
109 119
229 385
124 196
23 77
506 583
56 473
359 443
236 541
108 495
301 570
85 228
256 543
113 406
590 598
55 407
69 448
494 510
48 402
205 543
219 282
372 598
38 185
228 461
194 259
99 155
0 126
160 583
29 71
344 387
183 369
100 140
105 283
37 562
272 304
398 578
416 507
249 421
151 299
41 425
165 387
402 535
45 309
417 425
291 528
125 248
118 316
261 383
168 502
184 282
207 480
100 464
403 576
206 446
65 145
293 555
53 589
368 497
194 255
439 455
42 366
178 406
129 194
166 597
142 541
177 354
192 314
173 324
153 378
171 496
196 313
73 217
163 502
365 467
111 439
338 563
39 413
54 181
315 374
84 434
75 435
23 573
43 354
391 407
195 315
55 467
60 80
175 406
103 445
272 273
262 469
269 586
230 345
143 164
303 583
368 537
310 451
437 597
260 465
375 426
85 358
431 455
55 213
337 434
121 367
463 560
419 485
17 394
282 410
225 253
239 401
235 382
137 159
371 481
68 212
1 550
155 545
111 516
354 564
436 441
120 326
165 270
83 317
445 504
309 439
177 191
174 310
266 470
411 581
8 447
15 230
421 522
357 553
84 292
151 291
322 369
119 530
313 580
141 501
204 554
20 387
141 556
189 460
196 376
185 187
185 569
354 386
269 341
33 413
58 230
288 510
94 234
310 415
25 192
178 404
164 194
234 240
20 168
447 536
10 348
319 346
397 564
275 409
49 116
93 542
192 338
66 568
88 327
40 572
544 591
119 174
169 284
172 279
514 521
77 389
34 401
7 253
435 491
20 127
360 419
92 473
259 403
256 321
304 513
230 543
213 215
543 565
174 224
154 265
220 278
175 471
215 344
40 351
88 544
316 406
520 552
113 118
350 353
370 555
56 294
406 566
199 204
27 163
191 354
249 250
390 400
164 532
144 525
493 525
283 598
93 154
175 404
217 342
282 462
160 407
114 546
67 130
196 311
6 67
127 211
263 321
104 371
110 570
354 441
371 527
73 410
107 413
83 188
412 497
99 271
139 500
89 432
318 461
311 449
57 227
42 416
48 315
8 378
364 399
2 523
69 386
112 205
399 410
6 70
265 357
105 427
13 447
52 276
169 513
88 190
151 339
423 567
125 449
101 296
127 165
443 584
69 129
65 502
5 62
239 246
199 262
427 548
193 405
430 595
189 190
86 386
279 488
231 466
54 561
295 468
385 449
59 414
422 499
173 352
313 417
114 455
92 274
208 239
104 417
7 225
323 547
226 273
69 294
78 332
555 579
241 478
327 518
293 411
77 370
249 393
84 321
41 296
269 594
260 420
51 381
54 120
161 383
268 299
233 536
397 542
352 592
507 569
324 499
103 589
383 523
339 528
17 585
81 298
16 295
210 410
257 432
142 236
376 505
53 374
8 264
217 492
80 150
141 231
462 479
45 89
18 95
16 468
96 343
81 382
197 286
552 570
241 419
140 574
146 563
209 380
34 102
76 151
202 342
478 549
219 245
272 513
304 384
301 514
32 332
315 330
242 516
21 510
352 518
69 86
357 518
227 271
529 531
63 552
10 50
13 233
27 502
213 467
40 339
329 462
223 402
457 572
108 211
474 596
498 586
23 370
371 401
299 465
62 458
172 222
140 214
193 284
9 38
20 64
171 238
199 554
56 69
2 483
162 554
123 412
140 179
1 452
75 326
94 133
309 432
168 211
218 261
213 407
271 540
0 571
216 509
437 567
278 560
400 567
306 374
187 507
289 412
376 508
109 167
292 561
395 396
107 473
403 551
44 593
204 375
9 171
103 442
31 126
369 398
149 476
119 533
177 386
317 571
44 452
26 365
247 522
80 489
174 337
247 442
21 260
162 199
147 233
276 285
188 238
154 526
103 247
231 590
133 158
330 562
452 550
335 520
132 216
32 57
40 382
277 506
137 419
331 392
103 506
144 515
10 595
18 524
162 206
201 301
143 260
132 509
256 263
237 318
243 463
450 518
355 588
189 327
5 453
208 296
66 491
62 417
275 308
312 587
182 186
256 287
438 507
130 284
84 263
81 592
218 430
250 363
293 579
483 523
362 597
18 231
40 320
359 584
13 525
348 370
169 531
307 346
37 391
345 426
409 477
31 238
91 453
538 574
136 289
420 510
415 451
28 74
227 457
388 457
201 593
423 453
182 337
330 484
22 153
213 387
282 399
252 424
300 571
97 471
175 178
0 254
39 197
4 591
235 440
362 400
297 598
10 161
219 343
517 573
82 117
361 379
446 554
6 19
390 480
60 240
187 569
200 427
155 342
200 386
379 451
332 465
375 451
99 439
259 576
412 577
132 285
340 369
30 315
456 490
19 67
296 371
23 582
333 414
140 264
229 248
149 161
109 533
43 436
3 534
28 423
32 155
261 523
392 511
381 539
305 585
152 180
220 537
41 101
231 598
194 395
58 543
182 198
393 442
372 590
289 577
140 147
360 485
29 526
290 368
493 531
216 276
51 349
59 212
250 314
315 484
180 568
426 446
5 417
19 262
88 189
117 411
285 538
439 546
67 70
456 576
147 536
179 574
244 328
24 588
25 393
35 285
271 365
116 493
112 418
223 257
33 418
55 516
0 38
24 272
230 373
299 332
128 299
94 168
180 577
297 427
132 538
272 355
89 336
244 258
259 490
160 356
36 319
75 290
272 452
263 275
121 479
257 336
537 560
170 177
277 408
127 387
146 225
469 475
6 262
559 591
38 569
263 308
165 440
308 409
111 271
289 491
15 157
137 485
524 568
63 493
542 575
12 209
327 460
142 501
412 556
222 544
245 336
139 525
342 465
62 124
218 483
341 586
422 592
125 257
298 499
205 308
220 501
100 132
76 551
144 520
43 46
64 163
99 431
392 555
198 337
93 265
56 86
160 306
302 359
38 238
156 244
129 255
150 488
151 268
388 540
377 401
62 474
442 444
239 557
81 440
259 542
159 241
36 307
64 599
31 61
319 538
172 347
151 403
186 472
544 594
511 555
373 565
134 135
32 545
98 153
6 282
198 476
2 472
123 220
71 450
99 492
130 169
50 463
260 268
176 530
34 72
171 579
485 501
212 226
207 362
296 527
96 219
134 522
115 361
97 533
34 371
312 341
466 598
244 300
108 488
284 405
72 401
194 490
331 476
118 384
27 65
263 543
309 546
161 348
173 544
80 488
72 207
9 579
272 384
37 160
37 407
3 90
348 389
288 424
5 74
229 470
252 294
414 443
280 586
42 569
258 300
290 497
142 220
365 516
184 462
150 279
118 405
222 279
343 470
0 302
49 447
431 492
123 537
18 92
239 267
361 404
91 437
190 553
216 520
21 112
46 395
120 595
83 350
201 521
94 504
57 457
61 232
108 270
7 580
203 353
155 217
202 205
143 268
282 364
23 555
15 410
59 340
472 483
39 107
464 500
435 497
44 295
519 527
172 237
367 479
75 491
97 109
324 422
156 226
45 534
487 569
33 381
81 165
279 559
380 578
32 227
122 461
84 561
66 197
23 433
57 332
52 216
205 217
460 518
251 316
131 380
256 415
90 534
80 495
11 77
122 228
116 447
42 581
239 519
303 599
452 593
116 525
134 247
90 219
459 493
376 449
152 231
28 104
124 313
157 373
366 507
325 446
360 590
183 333
289 454
111 309
404 533
222 347
112 409
344 572
285 307
281 511
330 356
124 417
0 187
340 468
27 277
106 465
154 575
146 338
262 364
183 302
14 94
63 335
369 578
393 444
190 341
93 397
25 444
159 236
55 242
310 337
316 566
159 419
286 381
139 147
137 236
31 254
152 568
106 332
323 358
249 314
147 214
81 422
248 257
67 367
52 570
412 537
334 462
149 182
169 304
74 104
115 404
27 583
217 373
117 433
18 274
155 492
350 566
487 581
38 487
2 149
34 481
331 496
19 284
316 353
110 216
335 552
498 587
240 358
428 530
105 297
33 197
251 353
271 516
24 244
320 352
90 282
368 463
226 355
85 323
176 476
35 538
298 591
234 495
37 356
259 551
0 232
9 293
15 210
212 414
396 542
474 508
24 203
172 318
66 75
16 68
122 358
15 345
71 76
80 234
138 572
232 571
107 252
329 334
53 306
242 394
347 594
408 445
56 92
287 321
181 472
116 334
64 502
22 378
346 453
442 522
180 231
14 495
53 421
24 384
429 596
128 291
255 395
558 580
206 399
174 379
28 481
306 583
137 501
136 577
293 517
263 477
10 261
34 423
82 411
0 185
196 558
123 141
191 564
204 446
128 151
259 396
87 167
214 464
122 240
107 294
154 542
8 98
148 303
262 475
79 91
394 432
551 575
75 286
249 363
96 184
196 580
149 511
232 317
31 216 186 191 346 442 129 505 39 437 465 127 208 36 552 246 326 495 68 429 210 190 549 141 169 440 144 211 2 233 438 324 398 116 447 18 124 232 217 533 526 386 586 375 234 270 135 485 52 231 168 303 521 517 210 422 302 427 220 282 199 565 25 293 539 404 282 489 360 50 53 212 109 229 196 271 54 492 120 235 508 213 591 587 110 84 463 158 505 399 288 518 384 26 158 501 173 226 202 480 110 313 265 209 441 448 395 381 457 383 39 410 267 130 220 298 90 276 156 26 272 518 13 179 348 398 352 461 171 567 130 568 415 386 52 112 72 327 279 219 273 518 95 286 114 91 398 224 407 230 109 269 221 197 408 434 235 538 198 2 459 191 495 226 22 156 206 132 77 486 371 63 574 565 121 579 378 436 315 96 560 123 529 442 454 351 527 272 337 508 543 271 239 300 413 427 498 280 23 487 332 79 516 343 573 273 440 373 576 532 21 54 147 13 579 432 502 333 470 28 422 367 265 417 45 75 1 476 312 116 75 70 265 387 484 29 507 209 226 404 228 519 320 460 117 151 441 350 3 128 430 440 542 446 283 581 301 463 269 29 57 228 594 1 52 25 220 9 348 462 496 28 307 147 278 7 365 470 5 49 273 59 32 518 539 524 174 378 194 287 102 73 359 567 84 82 270 300 212 477 279 398 408 273 428 39 158 312 127 366 486 33 517 91 398 361 219 553 557 155 130 414 396 217 175 237 594 567 104 263 103 476 260 558 451 327 94 227 138 591 367 356 366 593 128 37 406 436 481 514 527 377 401 217 525 207 309 313 14 260 72 576 183 114 557 342 496 76 261 121 400 170 217 172 74 480 550 89 555 553 370 519 56 121 269 170 393 531 591 144 364 425 197 477 561 455 214 286 62 45 579 251 183 283 125 87 14 561 252 52 388 565 344 93 451 484 117 109 52 209 127 316 48 272 513 485 521 140 162 234 398 504 138 184 371 64 300 577 325 206 414 340 127 537 429 80 271 188 127 468 148 311 313 167 112 9 398 313 222 224 93 313 484 140 249 13 276 271 535 50 210 238 356 108 280 561 19 70 78 225 17 467 308 537 372 25 392 194 83 441 455 518 355 207 290 240 416 249 416 244 9 221 579 310 482 266 591 389 282 289 214 421 160 17 536 592 155 151 383 416 345 288 504 531 452 376 427 457 532 528 407 292 546 92 388 243 367 430 424 278 340 210 326 263 207 264 46 154 534 392 177 43 103 259 105 3 553 159 571 190 140 322 413 422 598 162 304 296 131 15 159 316 444 551 181 19 551 197 346 487 449 200 451 459 569 259 541 460 171 191 414 8 106 199 298 269 207 444 321 144
192 898
108 605
573 823
482 432
823 179
114 222
333 549
318 156
220 363
350 881
631 904
584 994
141 972
205 436
733 29
510 518
41 751
498 294
868 769
272 584
699 120
697 545
213 289
440 938
166 696
371 22
681 270
599 115
125 138
924 423
445 153
254 819
661 420
755 699
126 82
42 311
58 278
541 232
302 877
801 714
794 321
186 152
315 961
892 563
9 662
467 382
922 526
311 361
416 196
246 393
639 952
708 739
30 498
501 94
646 765
591 276
890 676
685 381
529 596
83 802
801 35
209 822
173 228
140 534
632 164
634 80
791 798
300 559
54 777
899 642
302 515
910 368
118 30
548 483
124 189
713 851
862 396
479 994
712 386
33 187
773 79
800 232
401 965
193 781
598 704
948 17
927 681
350 774
897 273
439 356
425 439
2 210
898 738
969 509
705 35
833 728
350 412
376 733
269 331
630 394
106 336
238 147
88 69
541 22
144 160
967 748
726 444
851 694
771 111
406 767
51 457
602 331
698 595
296 686
512 452
413 637
234 431
346 990
259 664
460 746
678 831
256 478
862 25
834 940
196 213
372 281
272 839
724 156
768 381
859 629
231 561
88 987
59 374
680 64
480 51
503 37
813 828
908 951
743 353
132 403
146 346
849 889
888 980
762 506
112 451
659 93
308 100
151 373
595 218
544 842
825 101
801 394
859 808
245 278
975 472
638 456
95 733
549 515
616 49
957 930
569 195
536 927
387 540
613 138
787 540
754 202
24 116
392 797
704 85
175 569
985 642
352 834
867 88
871 252
485 722
369 694
434 815
973 610
374 666
169 295
846 832
616 782
537 794
81 906
355 445
219 926
568 789
203 951
273 763
939 258
955 232
970 559
337 31
273 618
815 553
445 246
303 219
769 737
504 781
411 609
953 687
46 575
669 549
186 719
442 602
647 585
406 563
77 0
269 93
51 943
487 544
736 96
61 723
619 228
120 368
675 228
54 415
603 499
623 857
388 428
803 968
52 974
883 154
385 253
449 690
338 129
99 691
649 366
892 23
344 302
550 556
889 828
190 842
174 403
781 11
740 266
951 976
900 99
305 790
246 38
830 24
955 878
572 326
684 970
137 727
421 387
191 27
469 27
370 331
395 98
367 147
236 695
823 644
269 128
229 866
838 578
559 640
422 276
206 757
836 495
726 500
601 894
357 579
616 623
203 337
996 435
299 323
283 23
781 461
962 172
761 155
627 339
154 641
56 686
912 762
665 645
4 417
579 70
775 974
847 119
945 127
486 887
390 480
993 792
222 593
14 370
716 784
579 683
767 611
788 882
696 907
779 357
612 735
392 891
868 660
12 717
240 117
962 780
800 192
749 415
146 772
73 566
155 917
587 167
182 599
462 298
531 117
16 271
669 616
520 350
524 703
340 199
993 103
239 174
363 70
465 202
275 705
175 815
927 41
85 250
824 310
600 655
6 824
980 21
856 218
438 513
700 806
933 302
137 690
319 441
502 205
426 842
709 419
88 859
272 449
114 505
407 348
526 758
306 68
848 370
58 818
1000 186
666 497
344 357
705 250
514 551
53 241
915 124
586 958
674 736
260 734
876 321
861 298
227 724
942 587
126 659
529 166
994 358
918 8
133 901
900 899
443 649
24 9
400 169
360 534
642 285
284 961
271 526
721 958
9 884
535 964
177 111
958 840
591 528
483 130
482 612
303 248
160 31
231 326
470 673
18 975
738 743
769 272
543 882
198 662
332 269
955 641
686 181
681 298
553 990
58 66
540 262
460 878
408 60
495 323
871 547
881 522
948 534
29 911
402 516
20 40
223 54
418 248
855 437
418 670
223 621
316 705
570 249
569 29
695 654
479 501
381 928
794 915
784 686
122 782
525 660
293 990
193 186
719 671
930 910
737 531
429 114
835 246
80 149
785 657
210 166
495 573
919 719
465 800
143 285
644 832
566 449
477 349
422 991
549 718
723 899
878 592
16 165
214 995
544 379
752 229
912 592
430 16
120 851
399 13
634 17
450 566
220 389
935 623
353 246
878 349
495 659
62 601
94 204
775 833
540 420
801 488
712 319
139 244
243 533
959 296
878 46
323 487
662 995
80 398
753 443
916 792
640 255
3 757
308 640
325 331
347 716
600 819
860 727
214 252
366 634
509 823
698 699
993 867
282 491
55 30
132 111
356 476
587 850
501 179
895 928
1000 548
326 896
801 113
834 67
819 518
753 871
595 447
204 499
755 670
738 69
386 826
749 912
948 88
824 206
102 426
867 938
659 119
292 400
661 17
276 280
540 90
240 988
257 239
28 405
753 636
482 856
442 181
136 595
53 540
147 486
604 299
408 931
903 318
244 76
78 479
11 562
451 67
563 862
813 769
174 451
957 427
218 83
803 368
165 542
438 783
198 536
763 561
412 725
453 431
393 214
186 378
786 948
85 295
696 766
654 320
985 996
924 496
569 606
937 183
700 446
519 403
994 55
996 676
995 966
100 564
881 433
99 527
983 265
422 584
466 910
831 909
248 1
300 189
818 146
747 972
641 710
491 231
339 60
930 562
609 554
326 734
56 128
839 787
297 917
57 513
140 817
754 304
426 912
121 306
916 455
817 455
825 873
5 944
377 862
269 168
347 941
427 965
573 118
146 878
487 265
971 124
959 44
154 667
514 67
910 858
849 166
809 277
32 620
936 157
655 878
188 265
1 62
961 812
614 189
