600 1705 600 1149 6
206 229
16 167
47 129
438 513
77 553
72 120
393 504
288 408
14 543
362 393
55 472
465 538
162 479
39 111
279 404
2 521
407 482
126 456
105 455
235 334
103 186
23 188
304 539
311 413
66 542
29 456
144 374
126 136
61 65
130 241
248 327
34 122
209 250
485 563
76 127
140 366
33 312
216 257
377 598
164 400
212 535
174 347
23 596
26 577
1 202
56 429
70 141
148 515
26 33
161 550
298 337
362 418
122 597
205 255
91 419
250 399
296 491
278 397
62 106
471 570
305 527
239 593
101 486
176 365
18 191
70 149
32 82
5 441
177 453
150 181
165 314
53 208
473 511
83 281
121 395
117 279
160 292
73 171
37 481
86 201
135 272
303 486
562 597
234 369
313 315
46 67
264 304
247 551
77 397
39 437
267 304
155 244
95 462
9 241
361 577
32 317
43 204
172 358
83 241
205 265
262 273
167 251
132 420
43 376
143 245
198 330
264 591
340 549
140 543
375 432
178 233
4 116
408 496
58 334
396 492
406 407
15 281
44 508
21 413
323 473
222 386
388 492
60 224
264 393
392 547
31 60
395 551
242 323
547 586
425 507
451 569
70 290
305 415
304 321
130 389
70 194
315 408
310 430
247 395
300 435
192 592
125 254
362 591
154 240
238 579
389 470
337 531
69 104
347 430
99 163
196 544
366 543
198 497
461 592
149 290
192 332
101 552
103 161
120 475
277 567
111 505
174 228
342 460
54 72
396 562
220 437
477 573
168 358
126 537
76 258
181 381
421 567
335 578
101 229
121 389
107 278
152 539
12 451
68 480
145 198
278 512
271 586
299 412
354 355
22 342
42 196
25 104
17 189
108 566
217 521
6 326
426 574
325 541
85 237
338 595
159 483
81 157
83 389
492 558
486 487
169 349
334 544
380 508
433 570
190 570
315 506
226 249
250 564
127 305
174 363
102 271
39 220
289 547
264 493
122 424
154 465
201 580
117 243
24 519
69 302
176 462
2 217
309 387
82 223
182 238
449 565
231 589
35 305
71 531
288 315
0 26
45 253
92 408
353 420
237 595
280 545
410 425
5 160
10 146
12 558
486 552
245 545
254 359
207 281
27 579
524 551
45 153
183 247
39 200
131 330
240 589
177 237
119 435
386 543
88 301
25 38
444 491
401 481
279 312
2 541
367 432
13 16
63 572
134 350
227 322
254 280
109 202
389 455
302 347
434 518
223 587
46 404
140 347
158 481
205 207
277 513
107 465
99 394
267 321
107 512
351 353
236 453
128 363
483 550
197 200
288 313
244 438
68 191
37 516
72 581
216 572
129 519
168 373
346 374
94 216
160 350
169 394
331 593
40 472
179 306
138 582
330 490
290 402
230 320
22 69
172 218
387 417
332 536
32 589
558 599
196 441
57 71
253 325
372 480
113 459
51 364
192 349
155 318
19 439
18 490
122 373
467 520
368 430
58 459
41 52
486 559
396 597
118 560
37 285
211 369
135 461
128 430
248 499
93 280
175 283
272 485
227 446
62 185
451 546
81 122
168 597
25 490
157 162
275 351
31 205
62 146
111 200
387 419
128 347
137 504
335 535
75 534
259 598
212 569
392 502
393 591
270 390
202 547
204 501
275 420
93 549
515 528
357 465
183 191
52 237
234 249
467 594
47 110
407 552
135 361
74 389
303 487
182 579
60 99
45 283
46 279
53 354
119 269
264 293
82 399
156 242
34 373
48 166
410 574
1 562
175 428
121 524
213 417
259 291
162 599
333 380
424 536
110 521
73 111
33 66
19 443
143 151
172 577
154 548
93 124
225 301
120 581
179 331
273 311
40 218
117 584
371 437
146 561
168 218
145 460
305 316
217 541
282 549
372 455
253 319
583 595
265 384
179 565
79 568
317 589
268 469
151 243
9 207
85 434
167 457
116 222
97 495
249 435
188 204
357 442
278 538
11 143
433 534
187 520
36 406
254 494
234 300
339 352
76 415
468 507
166 293
402 446
180 198
249 517
231 483
131 490
201 353
232 431
159 550
66 88
256 577
118 329
69 228
53 116
418 539
280 494
71 575
272 341
118 476
188 282
159 161
359 488
408 528
193 370
11 245
107 538
86 580
315 498
306 516
235 458
225 454
157 479
247 585
241 377
25 69
235 309
257 572
253 324
292 431
119 466
147 534
69 327
50 58
190 402
129 339
322 411
77 538
167 362
417 419
138 230
246 576
131 460
188 570
136 291
257 339
312 584
353 580
141 533
260 302
64 336
3 290
156 297
46 407
193 529
36 243
61 298
105 389
75 448
97 108
399 483
241 343
329 476
310 505
34 361
10 474
418 493
360 487
34 424
126 176
7 450
473 489
25 286
219 350
164 316
414 456
256 361
57 498
374 385
171 310
96 310
272 576
44 500
85 453
1 530
127 415
409 469
127 450
46 117
154 357
167 418
500 508
457 560
194 218
289 392
352 534
127 258
67 406
68 557
158 320
39 505
465 548
338 473
347 590
202 546
40 405
109 546
77 560
55 178
200 335
111 212
295 499
94 257
241 525
276 580
87 381
434 453
218 533
21 534
20 537
429 480
228 499
290 510
260 347
57 58
90 568
413 484
14 260
62 370
521 541
140 590
405 562
6 520
30 182
289 500
345 526
54 527
175 422
311 534
237 348
4 543
44 380
360 559
12 569
361 373
210 294
179 284
87 447
210 428
500 586
346 515
261 376
186 446
28 95
197 371
177 555
362 426
275 353
179 239
142 488
382 567
197 495
22 222
199 446
52 142
103 411
333 457
228 302
485 576
103 413
138 401
410 504
120 316
235 298
84 245
96 363
145 330
5 350
163 556
192 391
402 570
197 566
367 375
155 514
212 263
41 142
67 243
242 422
160 431
176 537
144 317
42 587
277 452
282 596
141 510
2 47
316 400
170 270
102 569
350 564
37 306
305 512
275 284
204 340
44 476
48 62
262 390
239 365
304 573
212 539
445 573
319 423
325 521
416 590
57 506
58 544
423 501
459 523
292 387
133 142
3 141
93 454
504 574
215 245
72 397
452 567
32 399
48 507
80 555
164 509
133 488
263 508
163 412
251 380
15 83
44 289
382 514
48 468
134 219
149 178
537 559
434 582
90 297
8 303
26 141
264 321
142 555
49 551
90 325
4 386
170 262
448 501
44 329
85 348
276 353
409 522
17 417
66 312
2 319
198 326
191 480
359 494
166 504
225 584
354 520
157 327
74 455
51 132
112 348
274 308
261 314
343 487
452 469
115 551
11 36
81 492
74 183
101 407
19 381
226 234
37 158
321 477
294 554
10 561
257 352
313 463
21 311
120 574
163 224
18 247
272 461
275 436
492 599
394 563
223 459
150 443
401 518
6 460
63 257
219 413
304 477
89 532
111 535
376 549
352 423
36 133
214 409
251 539
405 472
81 536
284 518
524 556
186 413
372 429
164 182
26 172
251 418
79 540
25 536
525 598
150 447
124 454
65 531
513 514
6 187
489 583
355 520
94 203
281 532
88 312
283 314
27 316
230 582
35 397
139 439
109 388
29 176
252 428
304 445
137 410
375 496
78 374
359 378
157 248
74 105
273 534
240 588
16 574
140 416
287 404
188 340
26 356
59 154
284 434
196 292
349 461
262 352
92 463
219 311
147 501
38 391
44 300
5 250
8 207
93 165
121 183
104 490
397 581
336 557
25 332
284 444
194 233
279 287
258 375
108 200
147 352
61 213
34 592
459 463
12 73
114 355
277 382
90 422
2 325
152 493
328 477
14 347
365 462
358 373
301 596
365 456
10 193
53 447
167 333
114 354
168 405
216 417
173 496
255 482
5 564
351 420
30 238
200 220
237 338
96 171
63 129
519 572
125 323
237 555
144 385
152 264
50 459
274 469
79 242
479 499
80 142
0 384
2 339
28 559
190 433
16 457
430 590
89 556
12 479
135 592
3 542
242 297
118 119
332 592
23 282
493 591
449 456
169 246
239 565
82 463
98 364
6 180
147 423
272 563
190 446
546 547
141 542
228 295
269 442
92 346
331 462
56 455
7 548
138 320
4 366
323 554
432 548
398 540
61 531
176 456
80 133
153 283
448 534
281 307
451 558
384 563
256 272
97 566
335 573
49 412
209 413
183 395
41 359
347 416
28 486
69 295
271 478
81 383
271 451
381 443
31 563
244 318
249 588
316 410
369 502
131 145
256 341
5 427
149 402
85 230
220 371
187 460
355 443
116 354
365 593
526 594
58 235
89 281
500 547
213 409
494 545
328 495
464 522
25 383
84 133
108 573
462 580
30 529
52 555
265 404
201 444
410 579
13 167
188 501
70 178
293 321
60 205
255 265
187 342
240 357
85 112
301 503
60 207
100 387
503 542
345 594
336 429
309 417
320 481
157 383
355 594
205 229
38 286
57 315
199 211
59 432
234 435
104 131
89 524
41 221
113 523
364 406
532 556
367 515
262 431
59 367
442 465
421 572
132 353
90 153
103 322
33 141
74 121
86 331
189 213
535 578
213 298
232 262
209 564
85 177
49 349
348 595
3 471
270 292
184 240
194 533
203 216
130 525
80 420
27 509
36 84
203 390
139 594
226 411
93 545
287 384
445 539
49 192
216 421
450 548
125 252
95 580
367 528
9 343
340 376
129 257
365 565
269 588
3 510
119 329
425 468
137 166
454 545
287 356
123 469
379 472
31 265
116 187
106 293
60 394
184 517
16 581
238 468
480 557
459 498
137 425
21 433
88 225
125 294
124 549
169 576
212 445
368 437
127 512
160 219
184 231
132 133
291 414
163 169
248 479
49 391
12 599
271 546
284 285
100 458
211 411
521 540
132 364
283 376
379 392
374 463
399 427
106 321
1 472
146 370
47 318
281 524
526 557
167 380
388 396
310 368
33 440
5 42
183 480
102 263
113 223
57 459
12 162
292 441
12 171
138 344
18 183
489 511
263 586
292 419
171 499
7 432
56 64
181 447
365 449
254 378
147 448
68 345
388 558
326 460
312 440
114 150
189 567
90 175
66 440
387 458
364 552
251 263
151 454
195 206
39 310
2 129
174 302
111 569
154 589
76 305
78 463
268 438
19 139
241 259
295 327
357 588
51 276
523 587
55 199
224 556
67 117
77 278
344 401
363 430
159 484
422 554
236 275
226 550
36 67
509 579
207 224
285 481
38 490
374 515
152 304
69 131
201 275
211 234
285 516
84 359
286 391
151 225
259 377
433 501
292 458
210 422
54 475
369 379
247 490
346 528
214 469
203 270
221 338
261 549
146 468
154 317
478 586
424 592
125 378
80 177
380 476
420 436
285 401
71 235
72 527
50 587
148 367
63 519
161 411
235 575
231 399
75 433
221 378
95 276
8 343
14 222
59 148
8 206
442 538
92 313
163 551
312 356
207 343
245 359
11 243
97 328
276 364
90 156
136 414
33 356
179 296
321 328
414 598
59 317
300 466
468 579
211 226
101 482
325 568
182 509
443 594
27 410
290 471
439 594
17 421
148 374
24 382
143 454
113 587
377 525
16 77
3 503
470 525
406 552
22 460
166 507
38 585
296 444
134 413
22 131
270 431
171 479
114 443
117 151
106 166
184 589
23 403
298 417
137 507
59 548
279 584
139 443
553 560
201 331
20 462
99 169
61 409
315 463
81 597
301 542
35 512
266 307
25 391
93 314
134 564
59 385
161 226
88 584
221 473
42 441
360 537
136 537
18 68
79 297
91 387
143 545
124 282
2 253
232 311
184 249
180 326
285 518
426 504
121 266
211 446
269 538
332 424
151 584
345 497
253 423
123 464
193 474
393 426
80 453
93 261
475 527
146 238
33 542
241 389
22 260
225 596
43 501
200 535
122 168
4 53
341 384
391 585
252 314
48 106
91 417
143 243
10 370
246 272
0 356
127 432
186 227
8 195
153 325
275 434
199 369
455 470
517 550
107 127
164 305
102 586
344 582
43 340
496 528
224 532
118 269
0 577
574 581
74 372
297 568
228 363
73 569
195 303
271 547
118 553
68 330
344 518
284 516
94 390
79 398
41 488
48 146
171 505
394 576
279 356
173 367
97 477
3 403
462 593
429 557
95 559
306 565
398 521
438 514
307 389
388 546
100 235
64 526
102 478
92 288
294 323
10 238
388 562
250 483
284 306
327 383
417 421
219 232
153 175
229 486
196 458
109 562
266 389
291 598
65 522
140 368
92 374
148 385
314 428
284 491
80 436
495 566
216 419
248 295
125 210
13 574
324 423
235 337
206 486
4 222
405 597
203 419
398 568
200 371
145 326
435 466
218 233
348 583
209 484
305 400
61 522
262 534
100 309
196 334
310 437
334 458
403 471
165 254
265 563
149 446
74 480
205 206
108 335
56 336
78 144
116 520
487 537
202 392
49 169
202 530
394 485
20 176
472 562
78 82
64 594
180 345
219 431
231 550
73 505
16 397
252 254
25 327
14 386
299 551
165 280
382 421
42 223
246 461
50 196
114 447
50 544
94 352
112 583
135 256
96 430
115 395
403 596
67 407
445 578
95 364
157 492
102 212
438 571
236 434
344 434
52 221
162 492
138 481
64 557
258 432
222 342
462 559
333 560
115 247
298 309
49 585
255 404
259 343
46 255
275 444
30 193
180 520
208 447
103 484
256 384
358 361
45 324
44 466
30 474
106 185
75 501
43 324
149 199
125 428
54 120
345 467
82 427
24 47
26 533
337 575
221 323
179 593
303 343
159 250
32 144
15 307
317 385
170 431
397 512
7 127
70 510
196 587
136 343
435 588
212 578
49 299
77 457
246 349
41 378
360 486
305 475
222 260
55 233
314 376
84 215
190 413
84 488
36 98
392 530
347 543
107 450
251 508
123 274
242 554
245 494
270 419
283 324
184 588
96 499
51 353
189 452
180 497
87 181
52 338
175 210
156 422
0 287
28 552
173 528
268 452
68 497
55 369
40 233
103 227
23 570
513 571
294 422
163 299
268 274
34 135
382 513
134 209
323 511
277 571
170 390
61 337
20 559
13 426
316 475
238 474
40 55
322 446
28 364
98 132
169 412
379 530
425 579
289 502
130 470
229 482
57 235
384 404
5 223
136 487
268 277
71 506
118 538
126 414
187 222
150 381
382 519
215 359
13 362
319 339
97 573
269 357
300 502
307 524
55 379
122 536
47 155
128 174
160 441
99 224
65 464
355 467
345 557
490 585
255 407
184 550
123 308
179 491
338 489
56 372
409 452
66 301
232 273
11 84
402 471
185 321
195 486
112 230
152 418
226 517
123 214
211 322
178 194
26 218
282 340
32 231
185 328
573 578
508 586
185 495
341 563
98 406
9 83
403 503
436 453
403 570
108 197
133 420
244 514
69 260
25 192
17 213
119 588
346 408
208 354
264 267
9 281
358 577
1 109
18 330
188 433
324 501
363 499
319 352
110 318
24 514
178 199
166 264
180 467
263 539
24 155
47 519
225 282
546 558
29 365
70 533
165 252
153 253
250 427
489 595
316 509
205 482
124 225
213 452
352 390
266 524
450 465
268 571
175 314
17 567
186 190
349 592
264 504
333 476
218 405
207 532
161 484
68 198
214 522
159 209
300 369
0 256
476 560
218 358
201 296
173 375
383 536
163 524
35 72
102 451
82 144
35 527
123 522
325 398
370 561
538 553
60 563
121 551
114 208
136 259
289 300
21 190
68 423 109 342 316 55 164 43 289 576 290 192 450 501 68 267 585 293 44 590 42 211 394 182 405 407 598 42 281 297 15 526 92 300 229 440 376 218 306 417 328 353 322 586 511 357 160 203 291 583 429 204 583 573 363 171 368 357 245 246 315 116 224 339 145 68 10 598 74 171 155 436 135 145 510 489 169 78 213 531 440 421 328 550 394 472 211 546 222 309 0 455 161 485 306 314 360 571 232 254 361 434 281 539 207 530 158 569 104 500 560 193 228 56 89 36 175 458 55 537 386 98 543 527 514 376 250 139 342 518 26 482 180 408 28 344 204 382 22 380 355 310 185 535 50 284 326 223 512 301 483 217 328 124 481 270 402 205 304 396 216 548 106 375 443 266 588 231 134 576 564 568 78 174 461 410 107 55 369 460 592 262 78 493 202 17 568 97 16 483 105 424 64 320 295 319 382 231 334 412 302 72 360 391 496 255 123 325 333 6 457 354 63 184 155 148 40 372 493 560 227 362 499 297 411 437 342 179 270 259 366 443 211 338 217 92 153 115 117 127 182 119 333 95 311 442 322 242 64 385 397 489 398 444 236 220 574 547 432 213 336 232 592 248 357 158 56 349 259 523 389 195 448 326 212 329 429 120 85 550 481 446 51 138 446 255 430 233 110 484 565 93 367 448 215 148 248 587 304 172 466 91 310 14 360 166 434 183 421 288 139 375 215 93 236 246 151 278 16 506 409 399 384 415 449 213 374 384 449 77 71 500 6 396 146 235 57 158 476 282 586 91 524 219 506 380 66 436 133 493 323 351 508 161 70 417 219 322 569 333 54 591 147 546 310 551 594 434 394 596 480 504 387 332 467 407 230 545 374 279 328 453 129 52 524 248 190 320 46 352 363 400 449 361 266 326 523 128 269 143 441 88 32 111 311 592 328 100 426 339 31 160 491 95 123 120 88 583 369 337 404 478 483 212 219 234 366 231 22 487 582 559 504 536 228 472 533 12 40 237 527 64 493 217 391 101 230 168 281 380 9 475 61 503 126 398 517 51 477 441 594 332 290 411 431 80 432 143 97 249 370 316 580 277 507 5 431 401 49 4 395 190 452 179 120 526 134 326 539 334 243 531 529 516 466 122 546 561 476 121 17 205 499 283 147 558 544 529 3 80 408 442 287 147 360 186 100 435 35 531 436 532 277 87 445 542 398 313 302 435 413 92 110 141 405 25 504 249 380 222 121 470 406 58 506 546 410 475 275 448 91 99 265 101 98 227 259 107 570 434 387 314 187 2 390 465 179 358 257 567 576 562 439 42 82 429 359 256 462 269 519 8 302 193 416 581 329 267 585 574 434 352 318 128 351 30 584 357 114 182
512 380
366 551
894 680
579 517
7 222
624 792
117 168
394 916
511 158
464 86
27 930
742 312
180 517
221 763
61 292
411 88
240 786
873 859
245 178
90 12
693 103
655 619
137 233
675 504
921 781
211 327
520 438
147 929
648 199
689 52
73 971
500 270
522 820
541 419
380 397
285 867
716 290
922 9
245 249
77 491
420 516
884 344
665 839
778 559
314 689
853 557
632 307
927 718
73 844
306 240
662 905
727 214
918 309
6 151
226 874
413 597
252 16
677 972
686 935
452 881
461 244
854 943
9 831
869 742
191 20
823 989
605 450
677 300
215 140
145 317
513 532
717 979
251 859
142 540
329 73
722 600
298 992
301 791
558 894
979 574
872 243
285 431
538 845
450 60
797 299
925 190
751 138
8 6
655 413
416 140
926 543
794 827
544 957
786 424
804 738
684 158
117 451
39 644
693 252
416 228
753 915
598 231
203 597
538 662
192 293
355 49
46 807
345 853
35 605
326 521
987 706
112 546
973 211
617 865
50 88
307 174
31 186
657 329
349 743
393 734
225 846
345 138
330 408
959 997
748 425
916 415
619 66
337 926
69 369
860 700
425 10
167 227
741 254
792 265
635 729
393 372
576 96
129 824
982 87
98 41
1 339
553 486
847 277
722 348
523 895
179 201
68 880
760 649
495 909
526 579
49 38
681 360
146 684
898 551
427 847
961 758
947 502
248 448
957 18
558 729
687 779
532 698
200 486
372 208
195 995
833 432
84 813
250 753
358 442
366 272
746 726
148 495
477 442
447 952
105 365
890 496
658 84
915 238
484 557
822 41
141 132
16 37
124 979
316 114
464 776
15 763
599 644
90 182
664 547
909 901
617 606
264 137
306 318
19 958
485 501
553 173
697 846
7 604
185 159
484 599
47 552
765 173
324 554
785 762
743 548
526 246
518 194
479 166
29 130
602 731
921 453
476 650
168 608
849 891
931 977
816 334
823 788
944 656
432 466
675 742
52 515
944 356
73 209
608 825
408 200
703 428
480 692
565 644
134 355
555 224
993 127
505 777
680 704
448 545
446 690
734 944
872 168
926 264
89 941
755 35
449 810
462 34
983 490
702 327
997 783
775 332
379 318
281 198
208 433
448 751
580 776
202 694
864 454
879 592
865 408
576 295
482 359
837 741
348 973
520 38
112 285
783 483
712 692
206 651
111 756
526 299
367 120
74 727
970 897
381 775
749 767
256 569
412 315
693 666
986 960
830 166
710 182
923 852
315 826
622 354
802 397
442 120
720 479
862 524
868 106
911 49
244 300
546 344
562 992
347 653
554 548
555 29
733 812
80 776
952 417
170 366
803 123
972 532
815 910
346 222
394 676
672 441
106 336
527 113
81 682
266 933
844 16
383 94
993 999
779 886
82 443
657 675
630 400
577 956
832 475
604 997
179 914
483 848
996 743
836 653
990 41
47 716
527 634
991 399
823 599
921 591
158 175
208 364
22 701
348 710
215 172
765 101
273 341
279 734
726 874
58 588
229 33
774 966
946 318
826 690
733 508
460 328
113 218
497 84
934 123
147 88
506 968
39 343
967 246
351 314
659 767
794 212
794 678
763 219
61 138
84 98
562 375
419 803
436 421
852 373
622 144
453 381
188 750
113 397
690 216
726 36
7 293
465 924
31 427
426 658
6 891
1 522
296 51
393 428
529 926
417 985
810 513
497 17
900 376
380 588
254 706
54 9
936 823
245 400
517 329
496 880
68 240
772 847
298 502
385 55
774 736
275 284
335 612
155 779
408 255
317 142
293 465
275 827
956 605
548 804
199 963
925 83
583 596
601 542
595 337
383 481
659 264
596 268
518 1000
924 949
165 854
509 673
344 250
626 684
587 9
300 956
15 364
826 872
182 721
777 803
824 231
867 804
964 463
796 639
310 379
142 875
188 794
573 828
893 448
260 49
60 412
708 743
395 949
672 583
907 158
424 711
845 203
53 469
993 856
130 38
587 419
692 815
386 810
73 56
838 119
123 632
543 602
21 67
748 621
699 3
378 874
194 564
930 920
888 220
707 389
324 29
654 19
275 773
743 851
623 918
133 197
360 343
732 107
576 927
882 983
396 846
373 695
115 102
101 879
958 950
370 2
583 565
399 563
981 345
48 952
217 902
310 723
56 669
236 590
169 455
270 83
948 64
572 249
533 769
579 692
435 286
600 166
561 122
857 306
986 312
217 244
823 73
264 474
128 725
779 375
6 676
450 994
179 130
639 952
176 416
289 666
752 580
375 642
627 512
157 819
124 516
669 999
114 849
253 647
144 958
548 514
999 370
331 889
966 834
992 818
502 940
878 38
473 738
902 118
906 754
104 135
979 646
886 946
634 888
384 149
459 3
196 74
262 903
470 969
10 994
349 578
777 999
453 148
516 472
729 648
86 576
273 387
609 106
358 828
169 645
995 606
912 634
594 478
32 311
697 908
734 375
284 541
291 585
412 876
756 454
520 732
346 179
647 227
331 779
974 435
894 271
424 172
224 80
266 514
674 130
310 755
43 895
367 504
471 283
613 764
754 0
7 641
901 830
943 568
159 567
628 568
957 871
851 778
65 633
186 832
746 974
388 290
490 402
104 600
112 917
730 159
231 818
937 160
998 244
656 377
267 231
223 627
657 866
430 776
478 810
25 399
154 751
318 350
745 75
110 71
974 275
665 477
349 472
541 2
221 509
