600 1572 600 780 13
59 504
329 418
237 539
68 563
65 124
51 337
51 416
195 360
243 409
167 379
24 422
321 410
312 359
283 399
124 483
94 129
233 422
275 281
405 414
120 280
11 43
126 267
270 599
161 530
104 476
70 256
390 424
106 522
454 470
40 377
266 495
187 291
139 361
301 360
137 278
272 485
31 466
202 278
8 90
328 475
238 381
301 419
16 469
84 240
109 416
524 569
44 268
346 503
277 385
171 469
195 276
173 454
371 505
113 575
150 291
590 597
132 298
284 438
184 329
305 539
313 320
263 282
86 204
222 342
412 523
98 531
147 437
136 538
251 285
175 591
281 482
102 457
80 228
231 491
143 562
375 459
59 231
51 596
340 598
122 477
12 244
102 414
192 473
84 127
225 539
3 197
444 539
272 401
162 309
370 479
101 364
248 265
86 407
92 343
100 323
52 292
49 79
166 171
3 163
195 419
124 597
57 504
92 327
65 597
67 259
266 305
215 517
181 326
117 544
134 250
5 28
13 319
293 447
119 157
215 395
253 536
71 302
272 290
72 186
386 439
72 167
431 483
113 368
124 540
73 391
32 157
249 504
494 507
34 445
159 215
250 349
336 346
153 217
235 554
522 547
97 450
133 560
198 512
225 237
360 419
107 410
384 534
163 496
121 179
217 290
117 270
1 518
47 398
158 242
407 551
145 563
33 208
454 558
133 298
114 311
59 506
17 518
209 592
368 385
200 306
308 474
31 576
290 436
316 541
129 292
108 297
125 149
110 532
97 560
89 180
19 534
41 569
78 369
228 361
77 493
22 454
369 553
75 289
299 532
109 330
457 550
160 255
154 239
143 357
144 177
27 447
83 118
368 575
226 444
273 359
433 488
325 408
106 310
90 246
48 323
352 505
60 124
265 564
243 517
53 386
27 139
87 493
481 580
23 547
129 160
3 537
61 112
278 376
219 353
116 589
11 411
105 235
60 188
211 425
448 492
120 215
201 381
20 492
106 533
302 315
2 50
35 75
92 296
110 234
459 540
60 486
66 188
64 93
34 515
559 578
98 332
342 530
66 597
204 407
239 363
151 475
129 551
251 581
443 588
422 548
182 574
473 567
270 530
121 255
377 474
178 327
161 346
339 589
190 389
375 446
298 420
74 448
52 128
48 407
7 251
115 130
393 536
137 424
147 191
11 451
129 494
120 259
110 348
231 249
90 413
94 207
62 109
27 125
376 502
102 405
95 97
85 110
42 505
11 308
346 586
307 370
350 441
99 383
249 476
112 493
504 580
14 116
82 451
193 408
396 538
44 319
12 105
77 370
70 339
111 265
146 501
377 583
195 588
139 559
502 515
485 565
218 256
338 416
500 539
36 443
228 254
236 505
261 402
284 536
120 142
23 522
87 360
282 538
213 573
211 307
200 312
132 437
103 326
284 442
459 491
146 300
91 234
362 483
162 521
38 48
61 359
162 207
226 545
175 357
123 435
89 498
42 236
112 158
226 489
327 452
298 560
0 190
250 296
305 320
444 500
158 557
44 288
105 212
58 230
83 350
483 566
322 464
248 593
292 551
423 596
234 445
170 236
369 388
116 339
85 172
13 397
212 235
15 250
122 410
95 174
32 130
203 482
76 437
259 366
261 573
387 544
41 445
110 569
80 556
356 449
440 458
140 406
40 367
253 414
174 467
107 523
323 494
202 239
111 248
439 589
150 565
193 477
251 335
201 465
103 551
71 315
11 45
302 420
14 311
61 431
192 521
166 579
278 502
100 529
105 554
60 66
9 467
590 595
8 317
141 354
361 559
7 335
275 357
165 181
222 400
387 599
43 164
91 348
31 83
82 183
112 359
191 257
81 284
296 452
100 309
12 554
203 463
168 313
205 264
418 583
347 471
488 525
46 530
53 73
30 300
199 241
333 538
233 429
331 401
119 541
290 593
109 286
417 421
150 272
54 99
140 484
116 311
370 449
283 596
294 593
54 329
202 223
63 309
192 221
285 598
41 502
17 277
72 302
71 484
282 468
238 513
456 548
394 408
107 460
270 342
273 428
104 249
72 276
75 466
507 551
229 448
332 415
76 191
65 446
370 493
282 525
247 516
32 555
144 425
326 585
284 286
250 343
121 128
168 456
29 104
96 283
355 529
433 520
301 421
8 413
341 460
235 496
183 451
196 242
137 382
88 236
40 246
55 578
160 192
282 333
129 507
348 570
396 520
297 560
404 556
397 400
248 564
38 479
361 549
221 460
50 581
122 321
19 340
564 593
179 465
124 486
223 332
94 494
367 413
46 336
223 415
413 535
320 422
114 376
330 438
392 569
138 220
282 396
33 44
186 195
113 316
42 271
37 496
69 564
271 533
58 403
89 516
157 374
23 380
46 270
41 564
477 529
19 384
178 492
490 599
461 536
224 585
341 567
296 343
74 428
235 279
256 403
473 509
261 296
268 394
371 581
103 292
85 272
316 374
176 315
98 390
162 412
513 580
373 581
8 383
68 520
85 532
245 421
6 184
17 166
65 375
69 524
121 160
369 432
390 531
337 399
196 493
209 562
269 398
453 471
115 453
193 529
254 361
284 378
95 195
65 540
152 365
459 497
318 419
384 503
382 511
56 244
101 342
232 541
138 322
351 404
468 525
23 257
180 328
101 599
12 293
444 495
70 480
301 318
176 561
152 509
266 451
417 449
440 578
40 418
70 218
61 566
162 523
16 277
144 307
125 440
230 235
274 518
57 238
386 589
429 492
97 108
562 592
132 147
405 550
6 54
259 514
371 373
193 394
73 478
423 471
100 193
25 498
128 292
389 485
50 219
168 225
305 313
331 568
258 381
57 93
190 299
213 250
54 418
323 507
408 425
120 264
192 567
151 317
61 483
397 472
313 548
204 370
37 322
169 286
354 545
340 582
155 473
117 553
342 364
535 571
226 338
68 145
41 265
130 157
298 437
244 267
178 573
174 421
445 569
122 546
153 593
397 527
285 340
166 518
62 337
544 553
418 535
316 575
195 467
12 198
152 567
5 260
63 510
103 585
445 515
95 467
34 234
55 559
30 501
194 587
18 236
39 267
126 149
325 425
184 250
293 574
300 501
63 100
289 350
326 506
452 573
376 515
330 489
166 442
189 498
87 112
318 421
227 499
101 372
283 304
298 427
152 473
209 291
13 477
136 315
335 582
320 429
334 470
11 164
401 568
171 232
127 442
73 146
242 552
346 400
41 524
381 485
430 572
225 305
62 286
394 477
117 387
372 514
328 498
176 298
59 181
5 435
283 572
307 449
253 461
130 541
226 500
244 447
126 447
430 541
207 521
359 566
33 177
297 298
277 351
398 426
106 371
64 465
295 471
228 574
163 481
489 500
194 461
26 114
295 453
208 340
3 104
277 578
220 403
142 280
264 599
7 50
210 451
209 591
322 513
237 489
220 464
293 391
347 572
214 241
549 574
37 464
254 556
232 579
174 318
24 548
344 346
216 578
49 463
303 599
45 305
17 499
94 160
365 395
60 306
202 502
55 216
112 196
351 361
184 308
146 574
113 555
148 480
135 243
344 586
286 438
383 571
221 567
202 363
162 221
196 552
312 566
32 374
270 490
204 314
366 372
433 525
36 379
241 284
93 181
419 467
459 557
207 309
382 441
222 530
75 589
388 553
108 353
209 357
112 557
332 390
25 206
1 457
212 487
199 378
334 335
413 571
351 385
241 461
192 592
161 222
108 132
262 398
343 349
263 328
89 475
82 444
299 403
134 320
95 558
243 395
238 258
19 505
45 266
10 107
155 592
362 566
222 364
11 266
132 353
177 543
131 321
86 370
249 481
153 564
219 526
183 210
483 540
261 452
353 373
114 515
76 176
446 455
200 448
263 488
197 496
197 212
315 420
173 174
197 537
1 28
121 291
219 373
426 568
403 464
34 114
375 540
128 179
74 273
136 333
136 252
262 294
336 586
99 136
67 365
122 397
175 209
80 254
316 555
175 331
131 477
288 340
241 393
309 355
279 464
83 289
413 418
78 388
98 434
403 570
12 56
346 527
390 576
181 292
248 577
10 460
149 267
405 457
63 94
221 521
20 24
217 272
26 311
269 436
248 294
214 284
333 508
265 363
169 337
16 227
103 181
198 480
144 356
472 503
208 288
410 546
221 341
16 575
61 497
2 22
41 239
184 213
414 462
185 503
398 436
365 567
82 354
227 324
495 539
29 476
175 275
257 287
206 263
304 541
84 169
383 413
455 487
219 581
366 514
76 298
129 255
232 240
317 383
123 595
176 420
85 485
471 572
258 465
550 595
54 213
476 491
316 469
51 542
314 551
149 358
122 400
481 504
187 592
367 418
299 570
246 413
130 430
171 499
39 358
143 509
178 448
5 440
71 406
118 382
307 479
128 465
26 137
144 543
131 529
204 585
457 461
421 449
296 327
230 554
221 412
111 577
115 430
78 120
303 342
66 414
28 528
362 486
190 403
84 442
337 542
150 591
101 264
191 287
33 582
134 349
149 435
75 386
388 599
6 213
106 373
121 187
296 402
99 406
62 416
48 507
95 560
224 326
391 478
118 441
304 430
155 562
148 230
187 209
285 582
89 247
96 399
259 460
69 153
37 513
497 557
182 361
327 492
302 427
216 440
158 459
104 487
179 201
299 348
224 231
92 429
107 529
10 514
20 233
260 457
368 404
139 549
247 317
156 389
306 486
335 470
420 427
30 80
478 512
21 284
334 454
87 273
314 407
138 389
247 475
229 359
3 249
252 561
31 424
146 293
108 526
412 460
26 441
5 528
460 514
424 576
163 580
106 271
119 374
345 409
53 300
4 592
308 583
169 399
484 573
32 316
315 519
109 338
291 591
39 595
335 454
312 448
220 389
10 372
442 579
95 454
173 558
151 247
301 417
178 443
430 471
191 310
0 299
313 456
117 432
180 498
133 195
459 483
178 452
354 444
436 593
519 561
70 512
58 218
360 588
73 386
167 573
52 64
422 429
450 526
256 570
66 124
461 587
139 447
110 299
198 293
69 217
41 515
168 253
100 510
2 219
59 326
268 425
462 548
231 552
137 415
78 142
372 546
384 472
62 542
24 188
11 474
54 535
95 450
173 334
147 310
206 488
47 463
239 502
184 583
553 599
28 440
166 499
324 499
61 459
214 378
263 525
441 511
389 532
197 235
314 585
175 568
125 216
145 257
105 267
189 206
270 303
137 376
64 165
277 559
231 476
74 229
119 130
18 505
310 380
91 311
398 568
278 415
70 478
77 87
134 343
88 185
355 523
201 258
38 325
198 554
76 287
35 386
7 22
37 163
375 455
83 466
266 539
473 562
82 141
218 403
317 508
213 402
213 484
217 524
201 565
86 479
26 350
45 134
1 274
68 252
54 140
333 383
135 365
339 570
16 385
185 344
106 380
93 258
144 268
225 330
204 493
62 169
74 360
173 421
93 238
84 399
19 288
225 489
91 114
143 203
436 568
174 558
199 274
364 400
446 590
252 538
44 177
331 591
272 331
361 574
88 352
79 409
288 472
245 449
431 459
9 419
5 125
443 448
218 230
114 137
414 461
433 468
20 200
117 490
199 518
19 185
351 368
5 595
385 575
550 590
223 434
282 520
39 212
329 583
175 426
160 592
289 589
52 181
243 280
321 477
97 297
200 362
177 356
2 526
27 216
279 403
379 588
28 260
447 549
138 513
220 322
205 366
45 250
22 335
68 396
83 441
111 584
90 247
143 463
135 409
382 424
288 319
228 501
357 562
112 497
375 491
47 426
210 411
25 189
29 491
18 42
330 536
324 469
57 181
31 118
257 380
44 208
217 593
505 598
101 366
36 178
472 534
133 302
233 492
191 437
464 496
1 194
319 394
116 350
250 402
458 518
237 500
146 228
74 87
323 510
102 461
4 187
268 543
160 521
190 220
163 249
240 304
39 149
152 345
36 167
374 541
52 465
19 352
288 534
152 409
135 152
313 422
310 353
170 185
1 461
171 579
254 351
44 543
46 161
226 330
38 211
458 578
391 512
48 86
19 598
400 527
29 487
138 238
1 587
48 479
229 428
254 404
245 334
4 121
186 302
71 167
82 495
468 520
67 395
222 346
93 165
304 399
285 505
395 517
231 326
344 503
176 519
494 510
28 518
268 319
454 526
24 233
232 304
173 245
275 482
110 172
138 156
107 412
105 244
357 482
101 546
33 340
17 458
275 426
306 362
432 553
189 263
393 461
232 469
338 354
450 454
225 536
39 446
154 502
58 279
469 541
483 486
218 480
246 367
279 496
71 72
290 401
172 217
337 596
189 328
9 174
108 450
99 535
43 411
240 399
116 289
212 267
380 522
177 335
3 212
177 582
48 325
330 338
29 375
159 259
274 587
332 434
267 447
347 423
42 371
163 537
177 334
392 524
434 531
215 280
85 217
150 331
137 511
14 26
72 379
100 408
294 577
154 202
307 356
231 242
151 508
81 84
64 181
463 509
166 199
438 536
363 584
73 439
36 573
577 584
236 533
345 509
21 442
211 479
253 456
387 490
92 134
327 429
67 341
133 186
63 207
291 565
283 423
99 333
73 300
132 297
19 88
2 7
15 402
14 350
79 345
309 529
215 243
150 594
96 596
127 579
135 395
277 361
160 207
378 442
66 405
262 269
480 512
103 314
256 339
24 306
49 345
107 355
370 417
202 415
264 388
115 471
64 258
76 252
269 294
73 293
39 455
13 472
308 377
215 259
271 371
383 508
172 392
238 580
252 519
397 477
67 215
253 462
250 308
224 552
213 261
16 17
269 593
188 414
139 216
456 462
496 537
125 435
480 554
144 211
552 585
9 318
141 416
4 160
17 578
107 131
234 569
78 264
520 563
120 205
524 564
241 274
168 536
315 406
95 133
71 140
47 262
110 392
58 235
151 328
147 353
43 377
128 129
166 378
550 597
185 586
141 338
310 373
257 547
188 306
268 408
199 214
0 403
182 228
272 594
8 247
156 238
285 371
188 548
70 589
281 426
122 364
444 545
379 443
240 579
156 485
87 359
112 242
76 561
446 595
55 139
72 195
66 550
448 588
49 509
123 149
89 328
304 572
22 526
57 59
358 595
539 122 63 167 487 444 304 121 324 108 266 133 111 237 568 378 270 54 507 304 179 91 439 25 436 62 125 73 262 437 589 51 546 538 197 319 98 64 70 317 170 139 523 441 598 572 565 311 186 315 296 435 597 229 554 112 405 398 321 422 39 108 555 449 452 195 560 247 579 79 537 83 316 133 9 315 499 169 104 151 144 7 105 127 158 416 396 326 82 198 336 200 149 513 251 286 155 87 293 482 7 126 146 50 514 588 461 263 427 257 112 123 295 103 165 338 501 38 72 565 85 33 436 476 26 171 279 34 59 318 294 186 540 221 43 34 149 281 422 589 409 539 66 167 215 44 334 507 135 369 313 343 409 257 157 228 247 555 343 323 2 335 94 345 123 228 58 162 403 501 486 237 462 579 359 452 219 564 293 312 211 49 599 66 345 534 571 410 367 547 598 140 295 92 350 341 173 262 380 559 107 433 385 105 374 511 322 192 190 173 562 478 85 82 516 440 418 301 80 337 103 135 47 562 566 441 341 108 231 347 75 275 570 9 312 533 92 347 593 430 313 172 390 312 143 346 368 100 374 543 368 386 10 272 88 315 279 53 156 586 53 173 87 427 491 212 565 385 116 163 522 541 292 21 451 389 574 438 408 177 268 458 365 543 119 392 259 557 343 88 164 125 346 340 298 486 354 269 58 96 247 533 123 584 244 403 282 595 372 177 453 524 14 373 26 521 406 135 567 159 78 418 109 551 549 193 353 479 124 88 520 12 402 543 118 92 61 495 51 379 309 501 227 398 80 351 441 311 316 399 80 268 39 417 3 239 543 498 578 353 154 11 305 515 330 289 226 378 588 391 266 331 8 296 444 211 0 544 546 142 494 147 511 189 576 223 373 438 538 127 577 520 35 575 319 353 412 206 169 138 494 468 122 233 73 84 83 188 106 232 113 96 523 399 504 85 411 41 560 67 65 129 247 565 52 121 162 12 384 190 589 169 166 357 598 277 352 423 522 79 120 174 269 159 476 17 148 552 54 325 347 402 452 449 435 185 233 231 64 123 263 557 408 280 466 264 469 309 465 91 272 44 238 545 310 442 258 18 497 433 332 397 458 75 33 524 459 590 49 585 598 281 184 352 257 509 414 416 408 149 326 265 493 566 460 276 187 148 582 493 316 528 56 551 500 40 213 467 145 282 103 342 519 190 466 434 587 129 411 259 582 344 434 95 470 198 518 566 126 358 552 173 50 582 504 349 511 580 228 318 325 542 9 554 68 461 286 45 413 171 484 311 475 516 369 385 174 86 275 442 586 22 551 178 210 498 276 300 208 202 20 486 277 515 498 173 28 43 115 309 27 12 105 587 491 504 105 256 486 510
257 274
306 728
834 520
363 457
564 213
283 637
684 850
844 476
781 930
695 564
788 164
552 954
208 449
838 293
132 218
623 836
105 705
174 729
910 453
896 396
524 726
271 846
809 511
969 595
479 737
999 981
125 173
199 592
266 694
446 504
33 464
1 198
15 833
829 409
164 150
2 341
659 723
339 381
653 398
311 552
678 968
222 70
926 481
568 990
801 395
541 899
994 211
425 22
637 374
572 0
852 502
252 990
503 315
12 429
710 851
160 628
181 503
406 339
257 373
443 384
427 671
537 590
310 935
673 283
478 307
404 590
404 650
717 100
965 780
294 111
158 364
726 760
724 682
88 437
629 610
35 318
886 674
612 490
877 16
633 15
14 534
254 889
428 993
42 225
213 868
333 180
613 439
601 546
956 400
905 995
762 979
186 166
551 816
422 318
608 299
739 576
201 971
788 580
21 45
788 828
695 309
876 148
374 717
546 385
414 487
248 469
928 542
752 185
820 595
340 896
260 175
262 7
555 528
22 739
152 172
67 937
113 273
982 96
46 191
63 845
816 63
518 239
829 214
287 603
432 628
206 623
196 553
207 843
531 285
577 292
43 862
782 217
844 607
756 630
541 871
678 49
857 791
104 121
358 291
154 604
706 795
366 996
843 25
541 36
741 412
979 701
88 491
868 621
221 401
259 567
446 179
855 925
630 76
315 88
166 26
608 132
386 238
42 822
495 522
742 83
598 228
961 254
682 219
375 413
588 961
455 336
206 790
683 725
446 809
230 924
965 430
137 772
300 159
718 510
701 536
463 129
842 715
772 419
598 722
500 259
938 990
487 356
108 539
458 989
657 861
950 367
755 670
541 203
425 727
952 946
281 248
924 638
622 155
738 292
328 745
714 647
550 500
315 466
172 414
243 756
546 661
476 227
148 7
502 47
564 435
862 85
994 925
657 260
846 356
479 150
502 972
680 409
303 503
668 821
290 801
767 64
196 649
323 120
223 331
853 537
311 291
678 164
923 246
122 19
522 450
412 860
405 918
131 723
66 547
605 634
256 403
478 452
122 810
515 767
204 148
285 441
964 458
438 897
399 300
190 39
156 857
317 792
503 499
721 2
205 507
703 487
735 996
830 961
285 40
397 457
612 875
873 473
903 753
392 794
44 607
542 255
181 341
986 657
427 278
778 93
297 704
631 758
413 0
959 909
888 97
242 37
498 893
240 549
752 352
386 11
952 166
927 517
393 135
591 574
279 755
480 93
696 679
133 669
130 74
293 382
783 13
469 33
935 851
162 949
289 827
864 435
296 884
957 668
851 330
85 265
380 91
495 186
549 316
136 477
336 6
61 988
597 806
801 616
816 641
257 236
57 469
640 549
771 705
923 137
130 882
471 865
485 710
671 444
620 907
684 254
885 589
146 197
579 646
473 809
584 399
799 743
45 771
819 931
673 547
817 319
511 833
810 236
329 320
657 338
109 737
668 360
503 387
570 740
915 969
669 891
384 871
432 122
61 56
855 841
732 473
797 440
965 280
249 956
365 932
132 299
854 396
688 128
936 189
581 827
983 325
603 28
940 273
138 955
228 221
578 866
120 244
69 625
922 408
857 568
384 976
720 232
700 451
503 101
289 563
563 600
659 587
112 602
517 643
217 25
873 190
670 79
855 114
724 957
14 667
906 9
640 464
906 503
817 129
892 543
70 810
438 545
144 94
631 981
229 783
672 687
943 592
428 230
76 185
796 899
912 361
57 669
54 368
943 72
891 38
334 253
5 75
129 442
274 148
343 793
766 320
697 65
938 799
866 232
409 40
206 907
891 234
399 110
635 805
250 317
8 632
368 687
768 775
609 404
730 337
673 9
803 197
546 1000
702 172
746 936
398 721
108 46
311 971
639 522
706 894
690 597
815 692
664 519
497 801
135 982
29 149
720 374
467 71
801 661
595 600
552 766
79 900
493 574
985 15
983 834
57 19
259 615
368 38
887 650
342 847
79 367
212 670
76 223
231 812
641 704
432 946
179 124
368 550
157 549
601 676
667 480
795 555
496 947
602 749
33 998
769 512
392 538
447 776
319 689
190 701
489 548
723 125
373 742
413 755
506 11
317 354
451 267
1 269
713 584
959 837
104 777
780 468
91 969
883 313
605 108
616 955
884 952
453 454
809 261
109 392
649 433
189 385
409 414
518 74
488 601
691 751
374 203
493 658
372 495
987 875
411 889
965 133
465 532
554 716
576 487
633 328
467 948
341 419
538 565
969 990
165 773
431 921
58 524
154 58
929 342
417 389
892 431
477 414
598 341
835 879
576 55
658 310
100 181
148 423
367 318
800 107
169 95
847 998
747 41
256 731
874 741
979 803
648 206
987 558
703 204
255 104
955 878
823 551
894 280
236 670
745 265
953 217
17 17
318 217
963 522
887 369
781 862
365 807
336 449
887 784
464 908
448 572
102 831
277 950
762 393
966 65
403 956
816 157
982 616
473 769
140 571
369 632
600 370
527 481
956 29
239 438
10 781
23 584
525 540
737 536
132 633
765 607
874 699
539 110
982 744
291 72
452 213
547 624
649 114
439 62
231 138
202 291
772 887
111 938
657 765
145 526
25 697
19 121
299 12
173 661
204 815
376 341
878 505
834 435
647 905
235 2
524 401
1000 308
309 764
678 659
108 322
350 600
444 149
543 173
322 50
407 191
309 592
184 993
385 614
873 412
932 96
