600 1078 600 905 7
69 266
37 588
346 517
538 550
14 428
45 156
341 578
427 556
191 418
190 434
136 298
256 374
363 564
28 285
76 471
10 158
228 245
459 598
154 319
83 310
442 512
93 494
365 386
51 216
14 576
108 472
113 480
121 490
35 405
85 501
235 530
322 523
60 435
221 453
259 376
2 102
212 278
355 421
64 566
355 362
170 573
246 301
245 340
86 187
525 551
124 409
108 511
51 139
81 248
112 213
257 440
223 507
300 543
58 265
20 493
22 75
237 520
45 406
11 564
84 516
523 592
9 358
275 380
260 300
119 191
227 406
253 408
211 354
156 207
211 370
284 591
147 166
181 396
278 589
119 517
475 568
118 320
147 353
61 309
171 571
15 500
384 460
162 228
78 343
118 511
110 183
160 570
73 382
32 538
330 565
133 403
82 579
17 42
112 451
267 303
13 67
274 542
222 512
196 255
54 475
308 442
246 477
104 366
208 231
3 431
43 62
510 553
97 422
67 284
70 510
131 470
338 537
77 418
271 515
448 594
422 584
64 168
78 334
80 509
166 408
347 496
178 321
381 471
28 66
47 484
90 290
83 430
378 491
488 569
331 401
391 449
159 263
357 359
431 517
433 556
216 260
404 543
332 401
340 589
135 171
251 447
101 434
279 572
105 379
49 553
320 403
376 431
20 266
38 502
359 585
270 563
22 436
490 498
187 573
251 398
96 279
365 491
105 108
122 467
58 493
237 311
236 503
367 464
130 174
275 343
339 532
74 588
220 241
160 230
185 434
318 518
232 513
324 555
164 323
37 174
152 351
584 598
420 479
185 243
241 283
303 510
39 441
256 301
363 418
255 447
256 520
100 317
219 501
95 322
341 498
198 402
282 557
121 410
54 507
221 223
166 353
164 350
27 205
358 416
75 117
146 532
324 366
39 206
39 583
252 361
81 313
84 195
23 216
344 553
194 306
43 295
13 89
123 165
81 432
135 211
323 526
126 159
217 562
89 284
128 291
22 258
120 158
97 584
150 430
93 539
25 574
55 115
262 596
179 261
185 375
26 335
222 318
70 553
389 560
135 370
78 415
108 280
255 306
197 239
342 501
153 512
43 237
514 558
241 399
179 295
102 584
51 561
190 264
201 387
198 390
283 585
180 577
378 519
151 469
220 574
151 535
136 287
129 466
170 460
11 420
201 481
411 420
414 482
317 345
238 446
7 365
111 483
413 440
205 575
176 229
87 548
158 200
164 526
200 321
182 321
261 465
34 94
106 207
30 587
68 207
205 392
40 109
84 297
141 242
95 421
399 574
258 385
138 203
169 305
23 558
65 482
282 454
147 286
127 486
425 537
19 219
567 590
155 496
239 278
95 505
247 336
121 129
158 497
7 97
392 567
229 231
386 537
294 473
284 541
78 225
174 588
100 557
337 369
123 229
287 298
269 294
369 549
213 423
426 555
252 408
455 595
315 400
82 108
55 227
208 292
178 218
75 258
191 592
377 463
193 535
19 142
273 599
479 505
46 123
432 499
164 283
64 338
229 372
273 463
212 239
85 142
289 394
23 51
31 444
190 495
210 238
96 225
140 550
15 564
296 564
8 200
409 535
12 30
253 559
86 519
429 506
242 423
60 469
6 12
354 428
452 543
416 484
95 222
99 209
273 438
268 401
343 571
2 474
556 563
360 580
4 276
50 565
362 483
122 317
176 470
114 470
55 536
218 439
153 421
95 318
104 250
410 498
77 191
56 204
0 125
36 573
345 424
138 247
134 590
475 596
246 582
15 504
197 324
83 545
23 444
54 596
244 550
281 558
113 498
27 567
7 378
79 509
21 548
80 183
220 359
175 236
222 421
328 360
387 504
180 513
52 177
299 543
143 278
120 321
92 541
283 574
268 542
145 536
159 429
222 518
38 488
246 374
262 284
199 355
196 529
421 580
6 446
500 564
473 554
279 325
300 433
240 584
211 242
107 560
355 360
473 587
348 352
149 529
21 25
464 488
341 490
323 574
396 463
93 393
129 550
493 531
371 488
352 365
4 151
454 467
159 462
137 417
38 371
105 107
20 364
50 330
25 198
164 359
478 510
168 338
336 358
167 406
197 426
377 516
112 334
225 572
11 527
52 279
379 397
183 513
21 60
135 485
201 401
305 392
63 345
213 451
169 551
249 259
299 346
32 427
79 430
447 542
151 193
244 308
27 575
416 447
160 501
22 357
133 525
239 366
187 324
150 396
496 586
457 510
122 321
366 457
188 422
311 339
100 326
101 439
58 266
103 476
337 517
204 349
182 317
89 568
348 386
105 280
221 333
222 427
328 355
110 549
400 435
72 468
327 364
417 438
32 41
283 323
259 453
122 326
91 502
319 524
20 58
42 201
217 537
316 406
214 439
352 571
55 458
446 530
194 542
4 44
158 508
177 476
149 439
114 406
13 47
389 489
167 227
128 507
24 198
195 297
57 160
310 430
191 363
140 308
155 553
475 507
12 465
8 467
364 444
309 403
2 246
448 591
150 181
371 529
71 253
19 303
146 227
191 376
206 269
14 173
4 535
73 431
172 540
119 376
148 513
431 549
86 378
15 185
210 383
231 522
53 494
274 484
304 437
53 509
108 397
28 345
330 349
368 406
277 345
273 417
171 343
255 350
144 263
32 556
188 204
546 549
144 157
127 339
161 246
59 421
82 508
541 591
305 590
378 576
168 459
101 214
66 424
24 502
116 202
175 480
245 496
178 450
480 503
566 582
292 333
15 411
190 492
115 449
96 591
1 290
427 442
101 495
27 511
153 199
124 162
228 312
19 104
105 389
98 268
35 574
206 210
167 446
176 391
226 335
558 577
139 444
478 553
218 569
248 286
271 423
278 457
23 192
292 541
133 575
386 562
337 514
110 281
184 297
78 451
58 69
527 564
31 147
50 474
44 228
17 259
160 257
31 364
495 529
5 95
537 566
390 574
62 311
208 471
90 368
133 309
358 447
114 131
126 412
245 589
167 295
326 557
148 266
1 463
289 560
152 256
32 270
334 415
141 247
163 437
95 109
29 538
15 492
191 527
11 15
404 523
14 378
26 539
272 297
77 296
219 570
17 296
204 445
208 333
291 542
220 409
163 356
168 582
164 540
90 419
400 487
21 574
64 582
36 552
9 336
204 460
247 423
407 586
183 577
85 304
452 592
170 552
34 294
109 360
92 123
537 562
10 508
333 381
10 511
68 106
79 287
139 432
524 594
172 350
285 521
235 383
177 189
71 408
234 493
44 124
44 162
67 334
133 551
27 461
114 368
198 389
28 482
79 522
117 141
29 427
141 211
117 203
395 446
33 345
125 191
169 205
192 514
235 429
156 446
207 530
141 212
361 364
268 332
8 454
318 523
332 593
56 460
76 381
145 528
352 491
37 329
268 291
60 87
481 495
150 176
71 286
131 368
383 429
161 168
169 590
197 212
1 273
217 566
73 381
10 118
304 501
300 518
324 356
250 267
343 468
342 552
62 295
270 499
242 370
281 549
284 596
43 261
204 384
358 385
3 369
331 332
188 445
84 377
59 580
290 462
348 468
202 499
120 579
141 203
191 452
163 187
364 493
138 258
177 594
8 497
221 262
201 507
40 505
264 481
48 276
108 508
245 347
33 218
306 495
99 454
394 400
234 265
150 438
359 436
214 434
366 437
80 287
18 37
354 426
278 340
33 178
148 293
405 502
428 555
398 447
60 289
195 412
519 576
52 329
99 282
366 510
224 405
300 318
298 546
505 521
98 507
189 329
285 375
250 366
384 445
254 449
22 162
96 597
116 433
169 575
84 184
315 487
410 595
67 597
233 245
135 173
416 542
230 413
129 373
436 540
214 218
397 472
61 320
128 568
127 237
43 311
15 420
378 384
464 579
381 453
41 373
357 436
85 219
388 502
267 510
490 559
187 519
13 547
131 599
216 561
141 288
40 521
74 572
417 470
150 310
103 154
227 458
152 443
49 589
456 559
16 451
25 390
256 544
126 157
146 152
61 525
30 238
150 522
16 213
46 449
117 138
186 461
166 252
334 534
137 438
40 307
55 145
38 224
427 512
115 254
162 357
408 503
98 401
314 358
22 117
519 555
206 294
507 568
288 312
92 165
68 159
67 89
197 555
312 340
465 554
36 187
380 566
138 358
165 319
155 347
432 456
232 293
404 452
52 74
225 334
36 501
479 523
143 457
372 541
72 348
244 538
284 475
86 460
106 462
174 189
4 496
306 529
161 598
16 343
42 387
83 509
143 344
208 541
78 572
368 419
394 435
198 280
210 530
454 557
120 450
209 497
159 583
34 206
325 572
487 560
136 231
470 599
297 412
246 474
316 458
170 440
215 536
324 519
394 560
361 531
117 228
156 406
414 483
305 567
348 365
177 329
200 467
74 78
85 104
194 255
149 371
162 409
176 254
111 282
137 176
278 344
258 436
505 523
163 324
53 545
188 349
19 85
90 462
163 366
178 464
243 411
264 495
102 477
124 535
415 451
215 449
33 277
351 528
68 235
434 495
484 515
283 399
91 280
0 119
17 564
173 352
81 286
280 367
10 108
281 337
337 558
51 499
289 389
40 360
202 563
20 444
129 559
25 389
16 78
139 499
88 388
46 391
429 583
6 395
140 244
225 325
331 593
95 581
49 344
229 522
387 492
71 81
385 436
277 375
189 215
19 510
41 456
460 573
122 182
279 448
439 488
12 446
116 563
86 384
112 515
486 544
232 494
104 142
14 519
103 319
550 595
26 53
41 270
405 526
184 272
111 302
386 425
421 512
102 240
45 106
552 573
253 503
494 539
315 533
130 588
41 466
230 501
62 146
210 429
12 261
132 160
1 90
44 535
123 154
243 285
104 437
171 485
527 356 323 168 507 83 481 24 496 139 135 589 239 247 279 65 168 277 450 424 75 76 540 417 311 532 141 399 327 389 338 469 355 9 193 221 461 161 61 181 409 473 279 148 469 391 412 367 408 277 293 317 468 108 330 446 240 565 75 525 102 91 230 101 146 262 156 51 596 420 594 585 149 392 80 418 45 571 241 589 74 281 496 26 45 481 190 84 452 27 59 91 482 40 396 338 36 8 197 225 439 31 407 547 292 232 266 209 365 24 292 570 366 299 480 151 346 146 500 205 61 411 345 392 175 119 142 243 471 529 211 343 85 18 228 538 130 475 496 36 349 402 354 345 275 259 81 456 148 49 278 209 529 352 440 222 430 273 150 395 85 539 421 457 115 398 208 590 568 373 493 95 480 243 484 293 148 474 305 23 296 267 66 231 587 524 441 128 250 436 295 562 580 57 35 173 153 164 537 109 263 25 339 520 189 280 525 187 37 154 415 107 8 424 311 294 119 420 515 378 454 385 19 130 580 488 569 173 325 287 195 270 138 442 577 599 104 125 433 33 288 193 210 221 194 315 313 438 170 38 524 340 534 116 180 190 41 400 122 301 343 329 543 378 483 8 185 367 430 431 335 44 119 412 366 247 226 409 365 18 585 300 115 316 283 413 514 596 393 60 599 145 160 554 438 307 286 501 469 46 338 223 340 130 379 590 90 490 320 55 183 351 559 360 566 71 136 463 381 27 507 89 455 399 259 348 487 271 375 139 229 207 45 449 344 494 129 29 215 302 148 385 576 381 574 451 265 202 318 571 406 404 30 491 290 91 1 383 28 525 101 542 432 225 571 345 445 126 595 540 356 262 371 114 368 555 208 326 46 278 458 353 541 443 121 372 520 507 400 112 91 239 517 422 219 240 43 582 252 561 93 489 43 234 247 174 0 76 55 358 345 278 501 434 77 579 77 38 222 320 42 359 387 331 379 299 328 98 161 305 435 571 32 149 17 575 386 475 92 42 126 544 539 57 521 282 583 139 358 111 36 493 85 187 349 423 133 373 475 24 588 312 420 504 74 450 548 339 250 154 296 178 169 233 472 84 167 29 498 568 175 407 72 512 49 580 194 108 152 335 113 421 101 310 228 131 553 189 527 470 118 174 7 189 190 45 61 100 335 498 582 309 0 317 521 166 560 113 476 56 370 524 235 138 230 122 311 419 116 4 330 347 358 259 216 79 462 421 561 432 320 512 223 293 210 278 400 433 465 13 128 491 338 62 402 338 59 526 356 225 393 562 315 299 430 70 21 245 342 132 307 71 539 323 295 16 238 540 89 563 347 524 539 506 5 72 370 127 173 423 478 206 212 554 393 599 215 254 243 183
302 715
141 310
576 26
290 601
967 480
364 835
240 87
677 121
750 915
665 400
835 859
460 726
238 45
527 458
721 174
491 723
588 299
452 627
471 264
997 174
68 630
880 616
838 437
208 716
801 679
881 648
91 475
931 882
557 865
238 938
183 59
85 726
216 891
618 816
76 6
834 633
876 116
437 258
729 694
24 81
472 869
181 880
484 612
286 67
895 415
179 208
329 357
597 451
989 504
926 333
626 5
165 758
448 330
136 476
469 541
349 213
778 11
956 0
46 555
397 936
961 620
804 916
319 119
614 912
504 133
585 911
538 847
493 432
96 188
73 559
995 326
62 826
613 242
339 570
524 282
794 421
284 490
383 623
557 325
231 463
179 549
89 850
800 801
113 442
78 352
963 104
756 95
921 561
720 738
502 456
160 292
800 726
420 415
116 522
24 24
352 877
481 390
642 125
543 576
767 959
657 925
625 725
589 72
359 297
969 182
893 743
129 222
947 731
830 795
428 901
209 574
623 962
588 378
31 940
270 263
306 267
253 812
802 370
860 858
314 669
748 829
107 941
698 868
369 398
896 464
337 718
59 278
382 84
524 541
139 932
444 169
240 280
987 23
858 944
911 978
701 241
238 504
240 370
755 427
121 739
197 988
734 333
983 153
913 278
0 215
356 178
354 142
79 775
103 557
661 665
210 419
984 541
446 121
301 988
352 341
986 372
176 177
21 297
792 858
30 209
958 50
527 86
873 480
891 144
771 584
393 384
39 780
263 144
532 131
935 944
819 51
628 283
734 588
720 210
429 195
27 913
258 388
413 302
688 809
269 91
110 649
182 389
643 818
185 593
93 372
524 771
976 880
831 145
691 69
410 222
542 702
377 711
247 703
933 516
666 577
53 344
720 636
829 248
862 726
342 989
746 867
557 607
216 820
767 379
720 21
920 914
62 53
150 191
357 484
793 971
97 87
764 266
812 304
630 358
603 749
364 262
232 731
546 229
607 779
993 97
894 544
432 539
311 894
441 583
754 665
499 364
10 461
304 159
852 408
312 435
908 44
272 441
153 539
852 381
23 511
110 161
11 880
368 21
186 118
872 237
614 70
853 537
740 307
482 787
208 963
933 374
500 46
721 403
116 782
413 574
945 221
717 522
22 761
60 864
291 302
693 576
447 41
897 18
747 461
376 589
270 777
284 11
424 473
27 240
560 665
19 549
78 586
966 237
587 536
109 45
209 865
670 366
22 413
182 306
562 477
549 264
989 452
572 792
894 301
456 370
828 765
212 622
687 995
825 574
467 469
504 825
85 807
211 533
815 335
969 645
129 280
559 516
401 487
136 575
138 11
279 118
423 634
18 335
231 549
282 732
300 803
464 3
602 944
991 214
940 128
973 943
657 614
482 898
238 986
825 933
133 412
317 79
851 346
124 854
704 497
978 742
272 217
642 879
333 819
376 321
841 898
705 834
415 841
808 598
836 207
507 335
693 897
28 696
439 994
460 293
645 48
600 628
612 541
381 506
551 378
47 467
692 423
247 669
518 176
344 70
874 318
57 946
893 82
584 270
933 309
582 883
286 685
958 370
598 201
670 9
750 627
388 153
681 184
35 739
781 222
393 997
845 172
808 482
696 462
815 506
461 934
14 673
477 994
414 704
47 674
621 154
912 227
791 773
211 276
258 625
718 278
683 695
372 430
166 923
462 81
538 796
338 659
84 318
710 127
952 757
475 212
337 528
307 555
112 132
747 52
724 477
576 169
530 650
742 718
921 700
843 680
293 344
950 922
68 501
975 673
253 112
135 369
885 772
681 507
860 564
1000 701
584 575
872 672
868 912
352 784
789 641
242 224
918 398
14 790
898 508
119 975
506 751
51 319
860 57
577 957
581 352
663 443
214 346
399 667
165 246
460 759
363 942
656 90
709 336
547 820
556 147
797 261
293 932
758 204
80 148
192 467
333 599
141 810
262 868
580 762
998 623
771 507
920 154
162 355
663 734
850 11
7 48
266 988
410 83
134 669
716 56
213 119
658 517
437 388
336 281
739 796
596 328
358 736
363 549
716 933
94 999
172 853
901 255
308 193
567 116
774 67
924 852
97 240
135 337
699 768
257 24
141 901
729 895
586 229
958 563
244 340
320 485
903 791
169 35
568 0
472 502
392 286
544 61
954 295
456 803
1 917
575 628
558 904
537 991
637 459
675 309
392 39
974 716
696 721
931 646
79 924
698 153
500 696
6 599
160 512
615 683
979 403
774 895
79 962
166 806
452 656
916 96
772 707
10 832
475 679
445 862
32 111
476 579
798 827
183 501
993 258
912 819
326 926
147 600
216 682
638 422
106 347
274 661
307 827
775 141
397 7
476 831
243 424
374 810
401 347
839 976
783 612
407 744
398 189
672 640
148 152
18 641
357 108
964 809
535 422
930 478
382 222
543 181
194 925
131 502
766 555
411 445
602 506
296 755
421 29
77 444
267 526
602 415
920 598
263 574
163 954
875 987
865 90
961 337
175 1
784 182
234 872
655 952
202 656
91 882
951 699
203 765
566 199
245 842
427 664
618 42
475 170
988 903
499 494
663 770
992 55
652 257
521 312
805 76
853 613
889 896
749 147
145 629
54 904
772 814
435 934
376 916
485 107
6 139
592 110
819 532
942 418
145 67
475 239
898 329
1000 970
444 428
385 775
642 564
425 364
163 995
446 506
465 410
562 83
216 313
