600 1288 600 1010 13
162 501
89 315
384 571
121 377
350 394
242 557
321 553
46 359
106 568
37 358
173 218
277 338
412 537
279 314
7 217
470 576
203 547
142 186
494 504
165 360
7 561
51 328
43 508
474 495
440 569
24 414
340 437
545 593
152 214
69 153
40 137
463 493
33 267
366 590
438 515
25 596
35 289
12 468
110 326
141 343
91 259
288 338
272 443
434 471
353 451
108 443
158 367
378 495
257 280
14 429
252 323
295 299
217 595
286 344
93 152
433 472
36 283
58 230
377 591
256 454
53 251
349 502
38 294
139 316
118 334
48 547
90 407
127 573
124 167
338 519
29 498
147 255
160 534
26 409
4 418
41 287
268 474
26 542
321 489
67 154
139 457
188 266
411 434
65 187
539 545
241 567
242 597
105 566
88 470
277 288
133 489
482 506
243 529
84 209
58 556
379 426
183 189
148 296
11 345
286 508
165 526
139 574
116 479
41 359
295 529
41 493
16 433
227 437
60 225
100 226
205 474
158 492
309 585
139 530
226 512
354 446
111 210
193 558
324 528
149 537
80 186
369 459
70 106
15 535
7 115
84 413
115 283
43 67
490 504
227 456
199 217
17 484
88 284
34 44
154 363
92 260
263 358
135 572
93 214
290 356
209 226
267 379
248 306
40 143
355 425
434 497
60 549
357 450
120 357
112 345
24 467
30 145
382 419
70 204
53 350
88 178
31 358
432 481
185 453
234 591
17 144
455 511
518 571
430 444
100 264
102 444
81 222
1 417
278 477
56 109
205 505
16 524
43 195
187 565
181 274
81 375
190 258
56 353
87 163
401 428
259 465
337 442
43 376
222 399
338 395
103 136
116 509
98 163
537 588
352 417
336 558
500 569
55 439
5 576
50 70
334 528
570 583
102 324
125 185
255 523
25 323
135 493
432 459
247 488
251 301
118 172
248 599
12 228
404 514
180 247
99 332
88 348
67 195
162 334
94 106
216 471
22 462
314 538
264 569
9 354
221 309
32 258
21 474
150 439
58 540
342 417
369 481
81 320
33 180
271 475
155 487
35 504
13 221
169 350
448 587
233 236
294 356
206 558
118 528
23 271
181 219
447 499
156 276
387 545
324 430
178 319
106 249
16 110
260 516
202 251
306 574
196 574
72 304
52 492
128 206
390 568
292 306
124 159
239 522
339 529
129 489
415 429
319 470
211 316
266 335
73 521
128 208
245 548
7 400
94 275
169 502
179 586
176 460
408 436
306 599
121 260
342 589
57 335
65 559
288 395
253 361
270 432
224 422
4 239
205 370
179 471
418 475
228 468
233 381
360 526
334 386
208 554
82 374
18 58
122 327
96 457
79 116
285 294
195 461
119 224
371 513
170 363
275 341
153 312
273 325
138 198
159 412
563 584
531 552
176 575
36 208
175 368
74 448
115 199
219 279
12 329
199 420
344 363
195 479
289 425
66 571
116 288
382 562
193 231
453 544
452 572
438 560
87 223
52 255
346 541
269 440
97 296
140 541
42 593
151 567
78 496
331 547
29 193
550 580
228 276
387 459
365 570
312 383
400 561
161 439
192 559
82 162
259 456
161 511
445 591
342 352
145 185
372 434
13 196
208 330
20 525
33 379
64 472
56 337
358 533
284 399
114 318
278 326
37 392
157 280
22 275
388 549
89 406
307 545
197 408
158 466
348 535
340 464
271 415
97 473
62 587
10 469
50 485
163 556
20 575
133 293
149 167
385 512
63 277
23 57
193 406
231 361
357 377
205 579
55 428
165 463
128 416
118 463
38 356
309 436
105 158
430 526
436 598
205 340
185 296
228 303
281 541
415 577
82 172
171 222
185 213
317 381
122 571
36 420
37 236
79 587
179 216
48 491
51 373
392 568
432 491
72 586
11 254
367 466
79 527
128 330
24 169
100 512
295 339
184 296
374 525
109 442
209 413
146 567
191 227
340 370
59 367
55 333
96 189
255 366
63 343
75 565
45 170
27 119
22 175
234 377
194 431
89 538
333 439
113 150
112 351
438 547
180 267
345 351
119 268
70 94
480 520
355 441
50 446
123 533
68 392
429 577
445 475
87 316
260 357
93 551
322 523
236 373
101 453
221 598
370 437
133 170
155 253
86 226
133 561
200 475
515 560
21 495
65 381
233 317
50 204
124 142
178 234
145 486
111 507
179 411
12 406
287 359
123 235
129 321
181 279
122 435
155 538
126 369
213 369
95 449
360 463
88 319
121 166
404 405
85 405
124 419
273 567
382 529
376 508
48 481
232 464
125 168
117 545
40 392
15 531
225 536
104 524
482 497
192 403
22 521
393 536
94 521
72 524
5 318
183 530
150 331
329 406
270 371
36 554
82 525
89 253
328 533
202 334
301 334
279 538
67 479
156 423
424 497
187 559
289 505
72 372
206 554
26 473
69 383
285 291
389 540
305 455
208 252
153 469
42 371
471 482
304 524
355 465
516 580
300 357
8 508
3 184
246 305
144 257
70 557
25 164
298 339
261 270
188 426
242 278
351 410
45 400
348 552
215 350
28 398
172 517
138 269
223 522
335 362
269 569
292 599
98 139
289 355
134 175
146 302
207 509
396 417
214 478
58 138
256 598
131 565
225 393
151 526
20 374
388 578
136 153
211 248
32 401
151 273
418 449
181 453
186 219
112 466
196 585
15 88
54 582
86 564
126 459
330 551
167 562
21 205
28 443
153 402
411 471
188 335
515 547
107 306
124 562
189 457
374 435
297 442
245 408
137 265
80 419
6 410
198 391
256 552
54 403
11 389
57 362
435 575
297 504
91 252
0 587
116 277
6 449
374 518
168 181
126 185
66 435
86 385
310 428
325 343
238 549
11 83
221 244
457 530
290 494
39 199
254 540
61 76
286 363
377 415
60 322
21 149
532 536
318 418
56 82
45 561
395 479
130 484
59 489
336 554
244 598
63 78
18 540
146 349
289 579
38 337
364 511
161 455
129 553
183 264
164 407
77 377
189 530
274 364
364 499
298 529
474 579
119 290
463 528
201 255
2 257
85 388
244 348
117 543
90 251
148 459
6 523
26 28
82 518
327 571
315 538
170 534
414 502
37 341
147 523
275 521
68 233
193 416
21 220
161 276
156 201
85 578
18 556
453 499
437 465
213 453
12 89
24 394
17 569
49 384
259 355
379 402
171 454
116 527
100 209
29 406
239 332
244 306
177 237
205 588
321 508
75 373
87 389
8 321
134 263
54 564
309 408
177 480
209 264
106 392
77 429
240 376
164 251
3 542
323 596
256 531
237 521
421 559
437 456
465 505
1 396
372 586
198 461
28 409
83 466
35 425
16 47
102 502
127 475
156 594
323 420
156 393
65 317
48 203
373 565
446 485
134 358
20 291
433 524
2 130
161 305
109 441
85 426
14 77
186 214
98 556
222 320
362 550
297 337
401 439
143 210
291 575
44 395
238 388
368 480
182 556
245 436
483 551
0 302
132 207
69 103
298 542
115 217
252 456
255 423
154 286
11 466
163 389
313 322
191 330
26 250
74 199
268 289
118 162
216 589
6 200
54 86
205 311
50 597
512 541
7 498
116 207
9 277
63 431
534 592
7 336
168 419
112 158
63 527
23 577
92 365
286 321
457 585
87 211
234 300
97 184
103 428
66 122
76 485
194 397
287 506
113 447
39 74
98 440
20 435
2 17
391 461
238 405
246 455
185 544
513 546
324 444
124 412
56 90
307 539
204 485
29 133
290 504
34 395
19 97
425 441
143 390
67 509
215 420
99 418
110 304
60 147
72 104
21 311
340 588
186 478
383 532
3 250
47 477
89 511
332 599
171 531
165 528
191 252
193 206
184 382
22 73
42 545
103 258
94 249
142 159
288 479
253 315
446 477
8 230
6 313
25 215
32 190
125 181
245 346
19 409
79 496
366 380
27 504
41 506
88 510
84 484
138 182
187 381
272 476
447 547
56 525
238 404
98 264
247 388
366 492
224 268
253 487
303 423
169 448
16 278
313 404
407 441
25 91
309 598
151 430
46 452
19 148
415 591
200 418
117 476
277 431
81 399
491 513
505 579
120 450
511 538
267 426
212 329
148 387
79 229
354 477
127 313
283 554
35 555
132 595
237 480
136 258
375 450
48 515
443 545
92 570
48 432
299 378
9 76
263 533
40 568
69 136
76 280
242 446
203 481
41 526
136 190
216 506
44 280
281 512
85 335
15 510
113 331
177 520
283 336
0 496
384 452
47 278
270 513
497 526
41 482
30 168
102 347
164 355
265 317
130 507
70 597
188 580
237 242
66 384
133 498
86 512
164 441
147 201
298 382
194 477
27 268
405 514
122 518
20 451
155 279
6 52
264 440
175 581
409 473
216 586
576 591
147 322
126 213
289 465
30 125
239 248
307 398
142 419
94 557
493 517
212 293
49 396
404 573
123 263
308 345
37 249
93 483
13 585
163 316
435 460
27 490
90 109
294 451
195 240
557 597
291 451
426 578
273 472
5 418
222 427
34 195
176 435
262 397
120 570
361 487
258 401
44 76
354 485
9 61
476 543
0 241
469 546
231 416
324 526
200 313
333 503
259 437
174 569
271 445
62 229
356 494
297 356
284 427
155 219
51 123
189 281
228 566
64 434
27 290
304 586
147 225
73 368
3 473
335 550
34 461
49 352
103 383
161 468
95 410
141 325
393 532
90 202
201 225
184 486
536 549
126 148
397 431
265 507
312 402
197 309
83 254
68 137
262 343
196 457
60 536
1 563
227 252
464 537
101 213
129 367
265 564
330 483
521 557
334 467
293 489
86 413
125 145
34 479
261 593
246 439
86 192
361 551
227 464
192 346
377 429
57 405
101 481
60 238
35 442
305 439
43 286
383 402
132 363
332 470
68 236
9 338
138 240
352 384
14 577
22 368
15 552
73 480
260 377
176 563
143 280
13 309
175 218
385 541
266 550
232 478
440 556
482 526
134 218
239 599
198 500
121 516
285 575
185 486
53 394
398 409
5 99
142 478
43 154
276 468
178 300
318 576
91 596
463 517
14 362
104 472
157 204
228 380
113 499
442 555
149 311
311 588
270 491
268 579
166 580
235 581
171 284
249 275
107 196
52 523
347 502
300 375
343 433
176 584
197 245
63 325
357 375
255 492
100 281
201 423
67 132
126 296
136 469
129 466
318 445
421 565
200 449
71 157
59 293
274 279
498 558
214 232
119 422
117 371
53 164
137 317
458 529
410 449
332 348
236 358
447 481
218 263
292 332
308 389
44 257
319 591
311 537
25 53
157 390
313 573
541 548
213 481
238 322
10 546
57 514
321 344
363 534
62 595
76 338
138 230
310 333
454 531
19 296
38 451
209 484
36 323
120 365
327 518
13 107
166 516
125 544
457 574
209 569
56 162
46 342
244 552
101 447
326 520
172 518
249 341
191 282
307 443
11 540
30 184
268 490
274 453
92 516
256 436
132 154
63 397
12 212
349 448
514 573
76 395
271 577
127 200
14 23
64 497
189 548
132 534
441 442
0 79
13 244
211 522
104 372
95 351
8 540
413 507
61 485
171 510
102 414
387 593
49 66
32 331
156 333
190 438
78 325
276 303
285 563
99 576
488 532
159 478
396 584
182 269
26 339
162 386
140 548
31 328
413 564
372 411
446 597
111 130
108 272
169 394
371 476
105 212
146 347
510 531
128 551
3 298
266 580
182 440
224 495
4 223
55 401
197 548
83 129
32 438
241 302
515 546
202 501
364 455
52 351
166 550
383 428
9 519
249 392
214 487
412 464
68 317
35 490
174 198
19 539
31 533
158 366
103 401
11 308
232 282
352 27 317 207 527 44 216 498 419 241 455 98 140 75 353 137 274 594 436 265 50 79 204 88 204 71 388 175 557 39 454 214 526 318 377 539 301 449 286 428 463 189 543 577 421 477 529 110 589 384 211 332 195 371 368 110 100 53 234 416 221 318 264 572 160 11 15 291 327 8 161 535 401 507 242 314 211 458 82 14 72 167 553 295 551 47 494 43 98 171 74 147 536 490 85 334 316 575 492 487 19 568 69 326 348 443 273 129 8 112 574 6 102 308 231 151 94 63 30 168 57 446 78 264 131 249 549 159 479 570 228 31 173 434 449 17 490 204 460 165 185 456 501 31 308 225 84 202 345 149 102 112 75 172 231 283 4 286 336 414 259 212 548 321 316 344 241 295 306 57 533 418 289 462 134 596 173 290 212 116 407 511 250 148 161 139 306 10 545 109 21 428 370 429 494 479 549 378 224 24 118 557 381 406 163 220 482 32 178 266 511 559 166 361 479 1 351 27 92 168 353 511 528 451 396 60 317 140 477 580 348 139 212 443 100 262 75 106 547 182 188 353 79 133 171 129 473 74 537 374 442 245 171 420 215 278 413 343 191 314 33 30 85 489 102 410 437 131 515 240 137 463 503 340 276 357 553 67 340 557 154 85 25 39 356 198 74 42 413 418 205 430 72 526 167 439 564 123 420 293 302 1 441 178 444 392 283 20 63 7 97 597 210 563 597 488 338 544 504 396 542 103 460 160 111 176 490 117 283 426 449 350 103 300 27 154 248 260 150 448 273 522 137 243 580 84 250 75 103 126 438 67 410 474 77 117 29 351 261 31 340 456 535 56 175 330 569 464 590 578 9 508 120 473 381 30 391 496 368 327 263 67 594 427 176 384 520 484 328 211 66 318 282 149 81 171 107 258 298 449 116 436 213 312 219 154 586 572 325 69 222 514 412 140 535 67 366 205 553 452 359 61 248 272 163 378 27 502 324 206 437 69 342 539 99 193 337 433 591 65 116 506 126 40 82 283 521 245 110 104 359 258 526 582 362 133 490 578 565 232 269 401 579 3 243 3 64 2 387 173 418 332 356 391 529 282 357 504 175 300 410 273 451 219 366 407 471 59 413 587 524 586 229 60 270 299 156 161 375 198 407 147 370 420 352 524 422 340 7 90 521 162 497 163 77 58 491 138 108 19 51 94 522 424 498 565 79 252 19 437 17 355 438 37 210 197 313 170 402 406 377 296 450 422 476 230 268 312 538 35 358 23 320 122 364 524 197 355 139 27 14 477 510 346 274 448 381 148 191 585 445 423 561 540 302 62 108 115 23 526 205 343 302 24 588 569 594 538 520 304 208 173 104 159 283 134 456 35 535 550
249 471
17 5
292 779
772 77
687 735
752 768
748 652
481 430
498 651
204 608
980 321
583 660
647 425
615 900
930 748
759 937
54 571
343 778
539 724
844 92
178 81
534 76
58 831
884 713
270 317
378 283
818 20
403 44
870 9
568 430
730 138
136 944
888 348
968 520
320 649
369 86
493 331
158 880
270 68
374 412
228 815
86 301
966 131
405 628
274 683
479 500
7 239
73 610
928 264
49 105
140 699
190 997
710 633
342 285
367 946
843 420
249 154
901 677
487 706
579 519
840 579
198 666
369 445
197 541
122 418
304 944
84 108
364 589
222 859
964 435
127 741
209 696
18 484
23 805
365 380
223 924
230 666
930 784
211 500
298 506
698 199
903 975
195 165
567 608
376 853
946 645
401 909
595 760
778 894
648 370
306 190
414 249
997 857
586 260
103 773
668 686
554 933
792 102
496 788
749 801
447 859
845 240
233 355
923 423
62 493
615 524
153 786
628 869
928 3
311 150
0 560
279 825
646 606
822 320
817 786
455 398
292 565
973 92
174 228
426 8
960 934
945 819
115 116
94 994
652 133
766 187
855 170
794 697
534 333
552 581
337 820
219 988
377 537
553 488
72 914
88 209
961 387
265 859
431 708
546 809
485 968
141 461
677 171
246 757
330 736
759 156
259 415
784 585
863 129
570 100
844 366
142 381
621 246
1000 424
410 577
678 290
770 488
194 738
626 555
634 161
414 475
749 416
222 193
560 759
379 222
160 291
970 773
621 115
732 189
311 351
498 534
784 984
151 196
27 964
398 745
39 896
106 41
14 705
831 905
22 381
932 560
741 231
471 753
478 836
758 123
799 188
666 232
298 976
1000 651
524 868
930 373
499 255
415 986
578 396
118 585
373 633
583 882
569 963
377 719
417 379
750 696
782 543
286 249
887 270
180 709
502 109
540 365
340 535
494 301
398 828
245 789
618 803
630 463
840 209
626 211
395 332
5 332
410 439
25 934
692 258
581 59
642 928
865 972
630 729
477 35
811 532
424 886
500 218
674 471
333 483
472 667
602 349
594 205
215 891
859 851
14 996
178 904
30 740
855 622
714 802
379 680
197 465
61 689
657 84
675 916
538 993
801 356
896 558
653 798
129 829
787 35
336 232
463 265
637 325
547 648
738 578
696 977
280 732
903 394
426 199
940 855
949 198
99 557
84 948
442 810
311 888
995 702
978 572
436 56
434 758
979 198
846 725
968 1
156 433
771 262
89 805
719 455
244 580
45 631
721 288
235 717
491 903
548 231
473 366
824 938
164 3
450 592
34 279
274 589
421 111
372 4
198 51
700 868
592 484
239 18
649 1
810 135
316 68
720 46
633 33
884 888
301 275
224 432
725 487
2 527
774 387
658 861
902 74
629 675
607 953
843 469
542 115
990 459
787 653
726 339
667 345
583 790
272 891
785 764
809 838
968 986
498 598
810 603
436 306
214 320
168 477
18 606
112 154
156 978
606 435
524 291
863 319
746 857
810 440
232 253
959 680
489 399
287 121
255 613
702 3
519 169
108 857
8 184
144 515
480 572
644 648
451 990
241 385
717 900
302 421
349 338
675 628
9 141
248 119
153 622
409 149
282 17
950 905
119 917
65 247
116 283
609 300
929 710
448 543
754 320
998 887
702 547
568 554
10 850
869 201
482 150
994 152
64 463
184 935
170 125
901 916
427 655
906 823
606 3
1000 541
673 503
255 929
712 86
929 478
45 140
445 944
235 223
919 152
901 610
579 707
210 790
347 695
170 836
850 506
303 314
278 652
46 56
160 546
871 75
863 939
457 466
858 393
987 489
364 992
842 655
902 647
612 391
349 185
594 989
843 45
719 666
47 431
598 149
357 877
278 356
854 787
578 330
2 86
741 740
695 142
436 347
253 1000
514 8
739 517
100 391
381 130
974 602
835 966
898 460
893 791
191 340
171 585
927 220
83 515
85 417
134 74
658 988
479 195
929 330
812 395
463 782
359 151
338 127
947 59
201 374
830 752
117 665
843 278
339 398
721 707
933 950
219 76
57 195
803 240
724 993
759 359
452 214
562 860
628 64
894 183
82 70
349 663
70 883
137 259
566 186
443 157
598 607
243 298
693 402
1000 375
785 858
60 374
111 476
810 74
496 77
787 734
999 77
73 658
649 188
323 603
4 756
880 239
75 335
546 267
378 803
168 675
789 158
657 266
937 517
546 528
406 84
958 232
681 594
108 242
328 11
549 43
265 503
117 364
533 454
800 294
365 756
271 221
288 387
749 446
351 61
454 119
37 317
334 850
457 638
323 569
792 930
725 373
456 902
995 232
861 686
951 306
975 828
136 222
140 165
230 633
7 644
73 776
687 781
756 611
38 519
202 115
154 322
240 522
202 254
684 51
529 835
750 975
892 521
115 971
445 509
748 903
845 541
554 146
696 330
885 107
527 682
483 936
736 13
983 49
776 223
936 113
988 284
900 305
528 948
874 580
982 736
565 300
719 943
528 614
511 357
334 97
503 758
68 738
545 395
323 999
973 355
503 478
677 108
121 0
345 918
208 960
626 496
199 409
177 806
406 786
1000 932
89 174
119 188
826 686
589 846
142 32
776 825
894 752
932 614
468 89
1000 775
3 905
329 965
985 960
71 30
584 918
10 448
298 455
521 139
5 289
649 534
832 815
396 505
960 165
779 455
371 476
409 289
98 706
655 958
686 814
