600 1251 600 885 6
459 485
478 515
2 592
375 422
348 514
79 509
0 576
46 405
79 307
113 327
144 591
156 374
28 536
1 397
393 592
79 164
357 498
10 207
127 411
58 527
175 428
83 403
180 401
295 552
79 136
379 500
49 522
186 304
80 535
313 458
260 446
413 529
97 361
283 531
195 510
99 546
95 301
150 439
396 539
120 235
249 286
140 495
346 468
377 390
215 481
369 427
330 473
130 217
285 477
189 595
201 444
140 201
322 503
101 535
381 513
211 348
143 170
288 530
85 523
384 587
232 305
138 405
12 361
395 438
90 255
61 538
22 422
329 519
159 557
272 302
214 489
261 337
15 521
192 571
131 443
224 472
236 370
216 289
480 533
113 479
351 451
235 383
273 486
4 370
35 407
134 436
197 366
119 516
364 416
496 586
112 387
131 339
392 487
120 411
127 192
53 118
482 487
128 135
271 359
91 424
160 460
57 455
63 363
38 474
217 583
293 338
180 314
92 99
22 51
286 482
80 245
94 553
281 425
273 449
50 449
3 405
304 529
175 230
207 538
189 292
72 374
69 242
129 328
79 450
198 427
121 380
125 500
231 533
269 350
400 455
529 563
311 540
66 126
156 569
145 553
147 559
289 531
343 592
119 406
218 248
302 328
32 344
159 498
103 593
15 106
233 451
502 548
163 335
95 419
361 544
280 515
241 422
344 492
159 293
321 483
94 145
75 99
508 552
71 423
244 461
385 431
88 323
224 380
7 427
164 367
295 508
139 196
71 205
37 466
194 255
39 382
263 330
166 527
207 333
3 46
216 521
226 479
164 502
291 512
120 404
317 325
199 517
238 491
277 581
155 260
145 375
109 183
459 504
276 524
13 25
340 579
101 501
315 474
399 442
308 423
252 587
52 100
501 552
186 265
293 557
245 542
269 495
220 475
228 415
97 544
336 395
137 407
455 488
40 120
28 555
176 365
161 450
203 371
239 503
170 569
507 596
138 426
349 523
85 420
288 328
143 568
188 562
398 503
472 566
320 496
70 117
222 585
259 536
214 444
286 599
487 593
324 568
400 591
313 460
186 528
172 357
232 456
155 469
141 491
248 414
96 514
141 447
443 596
65 559
193 414
485 504
99 283
16 585
51 93
110 445
162 412
34 242
316 503
54 320
76 556
116 282
219 396
499 520
426 518
167 468
38 299
117 369
269 546
33 332
14 588
21 103
246 471
302 317
384 446
205 314
288 347
21 505
105 535
71 532
218 520
90 484
232 468
118 527
362 543
150 210
14 67
146 441
184 297
459 471
253 464
180 261
117 427
101 552
350 483
89 463
164 458
176 522
163 306
68 249
53 508
102 168
111 408
32 120
41 134
422 597
424 501
98 185
309 482
42 353
316 322
124 322
115 187
270 461
394 494
182 378
164 509
95 437
23 378
376 440
43 115
18 463
446 562
96 159
249 430
158 346
31 361
229 363
100 240
81 473
205 401
259 408
128 466
124 525
303 338
438 584
218 434
52 243
171 536
27 313
141 517
474 526
60 577
543 549
111 417
14 90
148 444
287 332
156 435
160 313
438 453
286 506
127 396
20 309
155 402
246 267
117 593
236 583
262 276
187 490
100 213
264 502
478 579
280 450
461 475
47 240
272 503
96 584
37 128
168 183
145 185
307 555
421 519
53 207
561 564
66 342
58 355
62 284
246 554
148 495
45 106
197 433
226 441
184 469
243 291
363 525
61 414
371 520
130 486
48 162
5 449
244 498
375 597
40 106
297 469
5 370
228 272
67 318
190 433
102 448
132 505
216 561
126 576
42 577
237 522
23 182
193 248
275 551
252 469
211 373
75 321
482 593
53 91
121 305
174 428
476 559
403 474
318 477
463 584
436 594
279 432
476 490
28 516
221 434
28 323
390 553
430 481
45 383
498 547
423 533
271 568
386 410
460 499
419 500
65 147
149 592
496 528
219 444
19 456
54 573
172 557
327 366
324 569
213 551
194 425
144 437
138 518
264 429
195 498
31 535
133 210
212 545
149 293
30 207
335 448
118 556
314 401
176 363
445 566
516 526
303 463
279 544
7 165
128 317
72 170
290 356
377 574
277 599
173 491
551 565
123 191
156 162
181 356
321 448
230 428
334 528
113 151
151 441
25 55
368 391
359 441
319 520
252 260
399 461
73 518
48 412
43 597
62 234
74 334
107 293
125 559
527 596
81 536
312 332
12 80
286 581
68 430
325 385
380 554
214 283
54 281
307 450
267 273
92 321
100 540
110 137
390 451
34 69
77 594
354 451
246 372
532 533
243 512
153 361
111 570
266 426
227 285
41 122
221 443
220 557
224 246
29 267
44 565
88 516
160 494
69 269
110 421
170 324
138 167
9 498
39 577
418 465
228 326
114 277
164 548
116 391
179 543
157 390
67 349
41 77
489 495
5 123
53 295
243 454
292 389
209 477
130 583
43 87
155 188
106 120
35 547
51 598
102 183
455 591
272 326
234 504
209 227
91 207
166 579
25 250
25 162
103 505
225 325
356 373
242 483
95 574
35 137
29 50
96 348
66 477
100 345
473 536
91 295
128 420
105 153
220 270
41 590
171 580
10 339
271 324
11 348
216 571
294 308
200 330
97 388
329 407
112 581
282 368
300 533
226 431
139 535
45 549
250 435
247 379
362 523
123 426
75 347
248 319
70 154
277 542
111 454
258 360
88 526
168 448
241 298
284 486
105 388
210 567
196 552
313 394
35 461
278 293
230 348
230 373
322 415
256 342
352 425
63 207
222 297
59 277
430 487
188 373
84 380
133 247
497 545
403 526
11 197
517 551
95 133
66 256
142 397
100 447
13 55
61 193
87 187
149 258
49 511
217 476
48 441
198 231
76 508
137 461
330 331
462 478
133 574
69 350
112 541
347 530
333 424
107 360
186 529
127 575
212 242
135 328
239 272
144 400
254 459
256 362
163 432
66 362
317 385
64 400
265 586
10 507
357 461
3 158
161 203
190 438
72 569
305 468
169 254
93 233
93 94
7 369
23 288
194 477
163 279
470 481
22 375
74 186
372 486
258 380
109 229
249 481
83 560
44 401
62 332
77 436
258 343
381 386
234 287
15 561
49 388
33 376
212 483
403 560
11 190
128 582
93 145
374 520
93 375
237 424
399 452
364 501
234 485
9 357
281 320
409 424
301 488
33 287
8 397
389 585
18 89
265 496
46 426
248 434
91 333
314 337
298 422
78 421
188 195
108 258
175 493
74 304
167 232
2 305
168 335
234 284
223 264
399 475
293 303
36 101
499 578
335 545
86 445
268 472
225 568
6 129
145 597
131 538
17 420
418 550
179 251
45 235
149 278
122 235
106 571
106 192
221 340
562 563
429 494
16 297
306 335
464 524
312 486
97 279
200 280
54 352
136 164
387 552
421 537
259 417
5 236
257 481
134 550
64 451
49 306
193 443
163 497
288 564
238 382
28 403
208 567
381 391
189 537
56 225
42 579
233 553
167 264
511 522
210 379
0 436
136 458
278 338
358 556
194 318
413 563
104 233
448 545
35 244
190 197
15 23
267 305
61 124
23 251
159 584
497 544
68 286
297 595
49 535
130 312
121 267
202 537
115 150
32 404
242 497
436 576
220 380
13 463
26 100
263 580
93 177
75 92
157 185
288 561
59 552
266 518
315 403
372 459
31 80
108 305
154 482
347 564
207 527
42 589
57 354
65 476
387 541
209 285
19 250
296 502
85 543
7 337
27 394
203 499
515 579
298 454
56 568
344 396
276 344
283 341
114 506
171 263
190 453
104 177
467 512
192 289
410 556
73 266
26 82
48 151
179 420
6 102
61 131
95 247
54 493
405 426
54 197
386 391
55 453
367 502
388 535
112 277
516 555
220 268
223 548
271 412
112 410
179 549
390 455
166 577
159 211
103 198
81 263
127 344
348 373
191 490
193 434
239 398
51 512
204 238
100 311
243 540
183 229
521 561
431 466
131 507
83 315
429 502
0 66
100 274
8 248
402 469
5 583
409 522
2 232
86 421
325 359
392 430
196 277
3 29
73 406
92 483
368 386
224 554
436 550
248 397
137 442
101 196
206 485
65 419
1 415
211 498
330 353
181 373
203 462
150 476
543 576
155 510
456 494
404 594
232 429
255 425
327 573
125 476
206 504
252 402
198 480
98 115
29 449
55 433
32 411
295 501
214 495
408 454
119 474
409 511
45 418
189 222
29 273
10 527
377 488
212 497
45 120
76 358
39 60
204 331
187 191
358 387
16 384
318 349
3 305
242 350
410 581
11 395
86 110
175 348
218 371
1 228
47 141
160 374
345 417
254 558
507 527
26 311
167 405
31 105
129 239
136 203
74 528
46 449
448 483
158 405
200 473
485 558
76 118
168 365
13 89
98 567
384 469
204 353
118 508
30 333
38 315
367 458
185 553
102 347
92 269
205 532
319 374
523 543
214 269
19 160
158 167
169 566
103 427
256 349
374 460
128 378
19 494
146 359
253 344
322 525
372 471
169 558
209 586
241 403
3 346
466 582
215 286
290 304
419 437
353 589
155 562
56 143
185 208
202 519
523 588
93 598
356 562
399 472
114 245
201 539
69 140
141 580
124 414
550 576
30 63
341 531
40 192
83 597
119 152
457 597
194 285
292 537
84 224
7 300
161 462
253 404
492 539
368 556
106 521
181 428
77 134
348 395
114 599
128 302
174 175
44 71
269 483
84 472
191 583
272 322
442 472
24 309
305 310
417 570
116 355
24 386
15 251
7 480
220 399
9 557
143 397
247 419
73 474
130 236
157 377
433 453
276 492
47 447
459 472
30 424
204 589
104 598
341 575
510 547
301 591
219 341
336 584
203 478
488 574
58 60
215 249
210 500
165 427
36 511
420 523
241 454
44 381
236 486
358 410
173 199
5 46
283 546
136 578
387 508
63 538
260 402
64 351
250 393
204 382
35 329
240 345
352 573
67 255
451 455
327 484
178 239
68 487
395 514
274 447
182 288
360 557
177 598
300 314
265 529
201 396
109 178
150 567
51 82
479 484
20 70
145 457
73 138
221 478
506 599
195 211
14 420
156 250
200 353
430 470
62 486
169 445
172 220
300 532
7 261
465 576
291 454
90 352
223 502
82 243
1 225
151 366
307 473
465 543
75 216
148 489
73 264
525 538
537 595
174 356
440 476
199 491
207 339
11 175
21 392
112 358
2 343
62 287
254 472
58 166
82 512
192 411
283 289
95 591
319 397
517 565
8 322
155 595
274 551
95 144
450 473
109 316
98 150
281 352
195 373
2 250
335 497
579 596
167 429
309 581
273 372
137 452
48 146
286 487
229 316
75 102
422 512
135 302
193 221
255 352
364 424
107 149
42 166
132 572
142 143
241 408
72 142
108 380
371 434
171 259
275 534
71 308
465 550
189 297
156 160
302 326
83 87
401 513
293 584
263 536
46 123
284 504
118 355
72 156
129 288
317 582
19 435
186 496
377 455
208 574
227 586
345 570
49 279
309 410
60 355
282 556
335 365
187 266
266 299
28 241
383 550
341 396
84 268
58 118
473 555
22 467
20 154
470 505
31 153
220 360
458 578
247 500
244 547
109 398
296 429
447 517
229 322
157 574
262 524
12 31
129 530
418 549
165 480
135 182
155 184
298 464 539 470 398 79 16 445 14 495 266 497 224 9 481 74 505 537 131 319 237 412 195 365 324 494 200 417 131 45 179 30 191 24 339 373 354 519 356 403 82 150 10 14 413 252 352 513 430 57 13 233 57 177 362 527 126 232 228 481 212 55 449 596 569 464 541 135 496 101 570 246 136 74 401 151 234 225 458 464 123 59 173 193 181 78 574 232 315 197 123 378 326 259 276 370 386 293 419 469 375 302 591 187 209 159 354 95 327 192 530 370 446 64 73 106 538 40 207 333 549 26 416 545 236 23 534 12 331 508 187 235 84 257 82 206 167 135 31 593 192 184 378 465 147 430 442 576 76 186 38 270 478 264 340 170 140 72 532 14 404 167 239 241 368 160 147 202 48 383 64 108 158 449 57 365 290 156 208 301 257 139 78 571 226 395 474 386 175 481 179 388 93 293 213 460 467 286 397 322 93 134 484 446 249 548 442 310 315 18 502 341 400 334 460 261 397 505 89 248 421 294 498 345 569 60 42 240 157 19 531 540 425 281 399 563 250 235 110 77 44 202 224 510 252 358 379 195 417 114 106 398 517 408 570 418 473 460 568 472 168 224 445 68 590 192 211 493 420 324 57 539 312 260 25 285 171 89 295 15 583 202 495 583 285 217 529 78 365 374 124 131 513 13 421 283 9 162 453 419 574 470 204 316 151 498 510 251 296 389 452 551 352 107 173 326 266 111 325 513 350 419 141 272 423 30 466 60 249 271 14 425 265 340 149 57 371 251 315 241 404 70 384 47 149 177 178 10 354 374 437 427 174 474 596 121 190 121 139 418 369 497 558 237 380 74 419 574 477 61 460 211 236 175 352 1 328 170 422 26 157 148 542 132 85 201 357 550 278 149 421 70 319 407 71 404 390 328 449 405 400 582 490 416 272 299 74 43 331 569 17 333 233 111 589 542 361 423 389 299 448 390 393 557 228 2 374 199 434 389 591 517 320 264 255 300 107 440 146 553 242 104 556 591 143 452 31 186 367 381 327 15 456 177 116 287 402 301 273 169 503 469 99 385 300 597 313 243 279 22 285 15 396 584 242 383 33 146 598 137 582 60 292 175 104 216 564 34 210 332 305 325 267 387 289 251 117 27 369 16 264 57 337 444 193 153 195 378 510 365 518 52 447 480 434 493 576 242 97 273 437 550 250 6 203 572 367 560 405 435 405 28 308 77 436 215 221 31 173 396 274 588 267 50 292 167 218 182 81 260 226 26 108 107 128 463 409 458 536 334 371 36 566 117 196 265 328 252 342 452 61 591 505 304 523 197 340 324 361 454 583 3 340 384 63 10 506 53 160 138 97 106 294 63 69 4 528 345 28 269
989 701
612 590
541 306
432 201
424 99
382 142
674 772
68 792
562 648
704 233
430 703
817 341
407 993
739 378
865 580
805 781
978 86
814 553
660 360
540 365
168 812
91 922
101 275
756 727
204 782
665 413
8 471
465 412
205 408
446 170
489 743
433 960
937 885
354 9
588 996
754 88
427 865
807 619
266 274
286 613
878 840
969 810
318 611
190 229
120 631
882 771
389 183
117 496
711 454
520 884
436 147
48 311
87 437
384 744
856 374
759 404
593 565
8 97
306 667
319 833
279 656
490 662
421 53
489 718
4 123
262 14
991 617
883 552
197 930
673 995
125 819
68 666
566 477
332 256
908 353
724 868
295 722
974 758
838 24
341 465
388 962
225 481
10 370
205 291
598 140
854 650
715 17
216 230
228 401
705 383
845 516
414 781
726 909
46 213
89 193
126 38
748 264
507 967
208 169
764 879
29 512
396 892
691 848
66 931
6 190
460 926
857 819
629 255
543 207
625 717
695 55
113 434
268 783
786 472
305 958
260 185
208 644
94 856
326 703
311 386
926 839
519 206
943 815
353 162
538 671
259 79
989 658
918 913
754 635
673 745
365 85
441 674
54 977
158 85
947 779
744 661
411 456
721 78
379 243
396 919
760 999
139 533
547 531
574 525
32 6
148 185
710 484
224 23
776 971
607 273
242 132
741 439
339 414
497 940
141 850
896 184
596 413
112 121
439 236
691 270
518 401
380 483
679 433
581 876
378 391
34 864
328 640
421 276
658 830
638 16
603 508
171 482
685 211
157 614
874 307
850 301
557 803
26 229
645 750
830 711
134 735
848 248
723 709
635 788
872 130
157 159
929 333
295 160
825 182
869 76
791 355
328 134
843 866
478 633
920 487
791 194
363 907
812 374
1 861
137 585
327 542
839 998
804 97
434 499
260 552
74 690
524 27
445 731
153 121
987 463
207 99
771 225
631 913
30 537
778 927
226 979
782 850
322 77
474 545
836 966
644 181
442 609
932 37
364 327
565 151
643 554
768 519
954 457
637 599
586 744
830 270
4 791
490 293
32 192
444 5
909 795
380 113
525 781
221 575
674 676
67 491
140 354
646 954
39 375
739 174
348 985
490 106
169 60
546 619
224 953
590 351
803 751
960 154
975 886
615 50
880 512
970 632
270 995
583 234
180 435
941 200
119 787
993 992
191 504
391 285
965 332
303 256
491 152
608 113
692 945
682 186
665 515
673 635
444 120
74 553
17 574
970 944
282 887
639 286
541 897
355 526
902 458
208 692
789 905
454 52
977 486
249 937
418 2
742 770
808 874
886 331
86 377
868 36
666 283
46 611
377 785
431 365
890 104
116 361
242 242
56 744
83 52
706 639
689 332
907 310
497 222
570 839
312 442
25 625
191 831
466 187
9 447
370 53
488 431
85 723
247 300
606 681
721 604
923 533
536 567
900 427
697 877
592 647
233 367
643 497
680 574
662 607
832 445
703 685
774 62
283 534
235 554
388 29
464 770
895 376
638 858
743 289
112 755
649 317
457 708
401 610
827 928
987 566
565 283
918 941
97 470
462 243
727 792
812 297
935 610
667 971
0 165
862 465
321 580
35 117
250 663
890 279
710 187
308 766
725 546
628 216
466 984
957 657
559 764
425 839
625 828
804 415
423 391
219 738
97 808
405 114
433 564
500 84
814 205
526 484
98 248
326 39
89 106
778 672
186 79
564 182
142 707
242 592
914 758
999 166
731 576
177 755
307 806
503 913
894 13
87 136
196 723
122 940
635 345
449 391
790 314
877 943
571 599
649 685
664 121
4 23
111 683
937 163
207 329
965 856
412 221
331 353
729 53
140 407
482 829
228 769
905 867
665 482
989 301
528 640
590 621
400 866
145 463
899 729
161 25
850 613
742 32
110 323
0 658
447 798
876 486
355 193
34 891
866 270
424 319
164 959
781 567
569 897
792 391
482 583
564 380
965 735
124 1
753 328
271 160
312 5
738 464
672 79
431 643
806 980
668 18
963 231
99 545
660 875
412 156
350 496
37 159
692 117
768 365
110 397
46 66
478 327
156 214
442 431
563 56
513 438
684 159
384 513
712 354
988 928
931 705
792 598
78 307
492 258
958 114
115 964
526 84
615 80
250 468
274 314
655 158
291 74
993 531
389 585
793 512
26 829
186 990
181 857
669 937
812 478
523 1
410 77
156 914
94 76
751 972
294 121
176 570
964 984
857 348
496 354
726 975
954 371
592 911
762 194
499 462
221 70
383 810
400 357
644 659
481 31
86 959
281 964
418 665
350 784
345 440
806 145
449 853
82 345
126 661
774 290
371 558
293 417
122 553
355 244
799 62
482 514
811 808
528 832
902 638
999 957
558 713
285 386
357 678
923 386
953 299
695 755
826 904
35 708
16 727
7 597
445 884
202 453
830 66
483 694
918 999
19 406
279 841
352 960
861 691
561 988
637 886
761 906
773 136
345 373
861 730
940 735
55 570
352 819
63 184
540 144
285 453
248 716
654 232
599 11
243 59
174 324
786 805
908 216
966 267
752 816
88 598
648 48
184 154
632 526
617 466
120 462
822 847
8 965
844 417
118 83
856 925
966 693
301 641
443 472
348 611
189 531
215 840
750 598
349 113
724 304
976 49
977 433
961 181
884 598
275 589
977 783
34 37
576 316
114 882
999 763
850 94
373 651
165 254
13 253
280 924
