600 1518 600 609 16
18 45
315 593
358 583
273 361
439 471
95 112
87 385
88 247
356 399
204 466
395 437
120 302
106 143
237 238
254 376
200 224
405 480
33 455
299 346
25 318
126 457
148 550
307 588
161 232
285 361
318 529
197 330
290 389
55 406
274 493
174 252
338 339
152 340
180 554
276 578
154 283
26 326
134 397
424 593
191 508
226 568
396 487
386 599
57 349
187 405
222 345
325 479
426 473
224 590
5 421
209 558
288 298
343 475
313 418
73 397
25 270
53 248
290 341
254 458
454 513
140 468
474 535
72 281
446 503
92 293
392 553
14 300
16 120
41 162
491 498
135 191
233 479
153 296
47 241
47 472
160 389
18 109
128 596
115 147
295 590
17 268
181 330
164 463
249 529
45 145
573 598
30 187
440 599
18 177
38 521
83 475
75 153
57 284
320 411
405 445
333 502
515 550
327 400
371 586
51 75
452 500
481 568
26 208
342 410
285 489
92 364
134 597
220 527
229 371
212 347
174 312
440 486
85 110
351 455
76 409
344 544
101 560
64 484
196 549
132 250
189 394
43 471
505 539
305 351
483 579
77 455
43 439
196 328
197 492
47 106
256 278
112 587
78 244
63 144
486 560
322 545
160 177
94 277
284 349
264 317
42 455
34 181
4 503
123 501
186 399
85 247
68 226
325 590
180 210
292 454
173 372
261 346
482 530
205 276
159 371
314 535
96 278
179 431
572 573
260 466
103 285
38 510
233 282
232 474
103 561
85 217
189 573
59 141
29 153
421 497
204 284
342 511
202 587
437 528
428 535
114 499
478 515
533 599
132 524
105 551
90 216
286 459
37 494
133 385
9 520
465 545
186 502
41 338
67 488
237 278
188 460
132 545
59 154
522 567
304 307
302 528
494 546
65 76
482 575
468 496
137 549
584 592
349 484
308 510
55 519
57 443
290 564
33 166
380 520
104 354
299 567
226 265
159 525
61 138
327 450
216 493
291 588
127 144
147 567
84 236
156 215
461 586
152 381
140 416
26 350
30 80
340 378
550 571
353 583
78 458
329 520
94 533
45 557
156 536
38 485
236 420
74 214
227 554
189 245
347 586
186 533
132 552
84 405
17 140
232 428
289 314
190 407
61 143
67 339
155 323
319 493
350 534
103 542
460 512
184 597
360 433
20 247
160 290
289 535
72 141
81 541
193 442
221 483
82 466
290 401
112 452
322 465
248 441
7 370
241 541
23 402
212 590
66 232
72 85
93 443
62 406
140 371
27 35
70 166
387 423
207 523
332 587
40 593
58 284
135 571
190 556
206 472
108 218
145 343
287 427
515 571
287 386
246 249
142 517
275 560
44 530
315 347
194 223
231 411
304 588
102 236
55 138
261 323
328 549
226 481
55 388
257 434
34 360
249 404
324 353
511 588
238 278
375 592
33 321
216 368
29 243
335 363
75 513
87 384
565 587
341 518
282 531
59 230
25 404
307 585
52 579
282 585
1 284
105 362
30 199
420 471
137 362
5 275
308 412
25 470
160 373
339 555
24 144
76 165
295 342
44 547
313 382
531 585
97 543
319 507
166 421
440 490
135 411
124 416
24 423
201 565
81 472
135 414
430 454
52 483
239 393
142 345
436 533
132 407
168 277
554 571
474 589
154 247
304 432
586 593
277 333
559 569
55 157
69 494
291 459
364 587
408 492
110 218
95 452
210 570
15 179
44 220
85 108
75 296
105 549
247 283
165 570
267 522
246 404
221 226
378 414
66 161
100 532
13 340
249 454
318 404
92 372
107 294
41 501
40 504
188 237
3 594
261 267
68 360
293 468
97 242
400 450
124 438
90 597
12 106
111 324
305 421
366 495
141 553
310 496
53 495
448 549
202 565
36 315
176 354
164 514
305 321
136 259
222 478
30 226
50 518
90 368
568 579
269 317
15 204
63 257
437 578
44 178
555 580
179 189
98 264
68 433
64 75
357 576
384 385
148 571
462 495
119 236
52 252
469 575
393 582
203 234
22 93
450 551
289 526
179 394
186 277
79 392
41 488
44 527
224 342
234 559
43 454
271 413
392 507
87 130
78 86
306 441
174 239
190 442
96 192
79 460
30 405
289 427
333 539
341 389
266 526
54 590
479 532
407 524
17 396
16 395
234 483
332 429
314 374
442 456
321 455
61 472
190 193
257 546
82 431
539 598
189 572
279 344
164 485
466 572
219 559
245 431
38 120
125 436
365 552
444 485
123 555
39 208
287 599
90 134
471 480
166 305
43 513
331 449
178 334
348 556
432 540
92 565
128 450
83 469
413 465
116 341
244 538
254 569
6 572
24 127
240 515
58 445
22 120
211 242
253 591
119 420
37 326
50 104
379 547
38 444
60 507
243 562
309 387
26 74
132 146
310 468
140 268
78 84
37 39
232 412
127 423
330 492
341 516
11 489
20 283
118 289
448 450
42 124
4 126
93 466
94 255
159 500
56 87
86 254
349 480
15 445
39 326
280 443
328 448
18 145
18 401
203 569
401 557
227 571
167 498
495 563
84 119
295 307
307 410
127 337
107 363
17 487
274 495
412 509
0 149
235 516
198 517
104 564
290 457
172 397
377 582
463 521
534 580
141 237
87 283
155 342
203 376
549 551
234 312
27 353
148 180
42 77
305 497
138 519
503 555
205 259
52 239
68 265
7 120
255 435
179 445
270 470
464 548
434 546
531 590
369 453
14 212
212 306
341 390
45 575
89 242
38 370
83 417
417 482
62 139
53 366
337 379
118 535
420 439
11 555
482 557
232 308
211 514
6 93
56 357
147 299
140 586
170 560
0 41
144 309
238 384
72 298
217 365
55 171
527 561
295 410
240 517
241 584
125 570
339 580
363 520
239 579
142 312
153 513
12 363
29 259
330 360
336 518
28 273
21 208
287 309
223 374
413 506
138 171
97 419
62 375
178 530
46 114
325 531
146 409
11 503
263 367
23 31
239 568
45 71
76 506
297 426
279 499
28 126
100 479
117 429
61 206
205 578
140 262
23 235
222 517
10 346
91 146
102 292
267 299
336 341
175 269
362 447
345 582
105 142
32 63
302 395
416 424
303 355
167 236
103 527
4 176
130 414
41 149
193 556
20 110
237 256
276 280
109 145
372 500
402 475
275 369
416 593
532 563
143 340
4 457
123 339
25 529
59 281
12 47
442 495
100 121
330 393
203 551
148 548
394 539
291 432
18 557
53 441
67 534
77 396
29 136
116 336
223 573
19 577
354 457
12 335
53 193
201 225
49 333
426 451
175 516
227 499
91 506
140 310
301 451
4 28
179 359
378 381
345 393
21 257
323 511
320 515
85 355
434 490
197 408
60 90
153 259
25 29
91 545
194 356
46 130
481 579
180 571
479 537
282 558
496 500
350 488
326 487
17 468
560 570
519 576
133 154
276 311
147 150
460 553
328 400
274 462
6 466
114 227
136 243
285 422
192 357
60 79
198 222
57 484
381 508
144 257
237 316
137 447
123 338
191 414
209 577
130 283
102 163
334 422
301 514
48 505
167 458
161 308
395 528
260 572
301 485
264 269
282 325
93 311
162 587
312 551
157 388
273 401
254 498
162 429
331 380
86 458
22 509
96 157
82 204
31 98
170 570
421 486
279 409
19 397
277 533
196 329
339 534
482 547
137 294
15 82
45 343
93 158
13 357
45 469
410 588
116 516
254 559
48 49
21 32
182 338
118 131
89 151
89 419
145 235
206 375
157 278
112 117
210 499
168 186
366 441
48 94
4 446
297 451
137 449
71 83
464 478
135 320
40 348
200 523
30 179
253 311
118 589
381 414
326 494
265 505
272 471
107 520
472 592
19 479
358 514
217 456
251 456
386 526
274 563
273 422
142 174
393 568
313 377
314 526
373 401
133 316
161 510
21 39
118 423
171 206
28 446
210 554
197 382
125 170
278 581
144 434
155 574
293 487
35 98
122 150
71 343
324 383
294 508
422 557
144 387
238 316
263 452
69 546
323 346
407 456
131 287
246 270
177 235
191 411
372 565
306 479
29 470
78 80
66 242
418 464
266 289
298 493
56 130
180 435
533 560
286 291
359 431
294 331
154 230
188 256
383 583
44 214
200 595
22 591
438 536
112 565
380 403
251 462
151 475
383 514
192 581
149 364
156 413
59 316
84 420
351 546
34 492
89 211
515 517
333 598
98 317
258 263
272 405
115 150
136 205
67 350
46 135
199 538
205 243
451 485
134 172
63 337
228 432
14 54
1 443
191 294
267 567
0 364
131 423
301 324
158 311
429 501
499 544
195 196
195 328
215 593
284 466
14 595
134 213
205 280
411 515
222 464
313 464
266 386
314 399
251 493
27 358
148 435
72 319
528 578
143 576
235 390
63 379
219 483
7 473
369 421
211 358
129 134
235 317
121 366
53 442
120 370
61 106
271 453
162 332
8 180
54 595
340 381
48 333
435 548
352 561
44 482
55 192
224 595
126 401
222 582
322 506
323 522
361 446
489 503
77 546
155 346
104 290
276 528
390 516
432 588
212 300
7 297
361 422
172 537
197 313
343 402
93 509
543 589
187 445
12 143
108 279
275 570
91 322
27 98
74 350
102 454
365 407
352 527
159 310
282 307
138 206
351 440
88 281
465 524
286 522
242 589
200 300
79 169
518 564
537 563
315 348
562 578
230 247
253 528
50 336
73 129
80 244
112 201
231 447
440 497
585 590
226 433
306 366
78 167
255 436
196 403
13 576
167 185
185 236
155 224
72 507
252 312
190 524
10 147
32 547
369 467
307 558
254 400
125 210
21 214
275 398
246 430
89 97
231 240
192 238
376 569
90 493
192 384
158 280
118 474
489 542
79 512
36 348
215 504
358 383
10 574
62 206
84 471
401 422
243 578
300 595
197 377
188 553
129 597
17 262
5 486
217 251
458 498
196 594
355 552
296 484
352 534
329 380
101 599
205 296
3 449
140 229
64 349
42 396
478 548
487 494
99 516
310 371
182 339
103 580
132 355
207 263
469 482
374 428
192 278
190 348
115 122
102 420
203 596
337 419
514 521
36 248
101 486
548 550
217 407
462 493
34 48
3 331
10 258
47 541
164 301
245 260
143 152
532 537
229 310
306 325
357 519
411 447
347 441
98 353
159 263
46 110
108 114
542 580
438 455
306 347
95 500
40 315
131 309
489 555
201 372
292 439
272 480
28 361
293 372
133 384
413 504
79 553
297 370
56 414
331 403
147 258
27 583
454 470
315 586
398 486
152 508
70 438
217 298
459 540
283 476
129 184
557 575
26 39
142 231
314 356
179 245
179 187
396 494
370 444
377 418
94 333
113 129
285 527
43 480
245 466
356 573
362 549
194 573
48 492
156 271
159 496
149 162
313 408
59 88
210 544
294 363
399 502
424 438
144 337
253 302
34 505
3 549
259 296
213 493
233 325
214 352
185 566
66 510
49 94
311 528
172 213
57 280
398 560
448 551
170 436
133 476
120 509
255 408
2 328
361 503
54 212
143 363
60 368
41 182
467 536
290 373
255 464
48 408
84 199
9 329
153 470
151 419
223 428
286 323
34 330
423 589
40 215
232 573
371 461
22 302
228 425
20 183
442 462
50 116
331 520
50 354
407 442
156 438
111 264
73 134
217 552
159 452
112 332
217 355
35 89
275 453
211 521
477 558
126 273
99 341
6 573
141 281
133 238
323 342
71 469
223 232
108 499
43 349
30 265
186 333
464 582
255 313
176 503
491 566
286 540
163 566
56 378
110 247
31 35
65 271
216 319
189 598
486 497
128 551
74 534
437 562
250 279
176 457
293 500
114 218
308 509
404 529
32 214
141 316
534 561
242 521
137 411
425 432
342 590
141 188
132 365
158 443
80 559
356 598
199 244
37 546
104 518
78 199
295 585
279 303
103 534
8 125
280 296
121 532
40 465
300 461
127 419
278 512
321 351
90 213
266 427
165 544
5 369
297 444
7 16
350 364
118 427
121 306
123 503
319 368
333 356
65 453
48 539
58 204
2 400
185 491
76 570
151 402
18 373
83 379
24 387
112 122
302 591
162 501
44 334
294 520
322 413
53 556
77 351
80 538
219 221
165 409
364 565
65 506
58 480
335 584
156 593
130 135
154 476
300 525
92 487
166 536
414 508
20 46
234 569
284 443
250 303
150 367
163 454
324 583
72 88
252 483
449 549
101 533
65 275
67 182
128 327
344 499
72 288
7 395
329 363
271 467
5 398
463 485
35 358
249 430
214 220
3 196
270 430
121 495
114 571
291 511
421 467
115 567
465 504
198 345
125 255
200 525
217 288
412 415
232 535
240 411
169 460
76 91
6 415
367 452
131 427
124 424
265 394
117 332
377 393
94 436
168 533
89 358
309 490
285 334
16 302
360 393
10 523
356 502
8 435
19 172
285 542
220 352
351 434
76 146
104 457
137 191
417 547
327 596
150 452
158 276
268 396
135 515
92 326
121 563
141 392
235 389
228 477
58 349
256 460
338 501
88 230
268 416
436 560
202 364
165 344
270 404
131 387
377 464
149 587
199 405
301 383
80 86
200 207
99 116
2 448
347 461
311 591
8 255
81 592
132 303
175 235
242 474
376 596
144 490
30 538
46 571
456 462
55 96
182 488
207 525
124 396
445 480
394 505
239 345
213 274
75 484
203 312
416 586
60 392
32 379
530 557
95 173
425 540
167 491
209 282
51 513
97 589
400 596
183 283
375 472
7 426
82 359
251 298
34 68
186 526
228 540
361 489
111 269
171 406
139 406
478 550
142 362
21 37
344 409
226 360
166 321
298 319
175 317
189 539
200 574
376 400
280 484
248 347
46 183
435 464
0 350
486 599
443 466
214 391
83 599 465 502 167 255 23 152 451 563 356 123 391 388 58 559 242 310 124 70 194 576 279 509 184 154 145 298 495 482 272 574 398 216 241 52 243 25 458 16 436 201 426 345 57 578 293 397 199 292 437 556 501 416 340 414 290 83 326 588 231 232 482 334 343 246 388 40 282 491 26 358 587 372 411 595 417 74 41 81 377 77 236 101 442 63 221 341 388 316 115 77 393 368 553 160 476 542 88 347 452 514 160 347 323 176 541 178 207 118 62 462 547 185 432 582 284 424 160 399 155 233 446 367 310 107 63 11 147 565 189 511 188 168 61 37 303 221 387 408 73 96 379 145 572 498 306 399 582 368 350 459 436 342 248 343 266 306 480 159 151 194 520 261 281 345 540 223 196 526 213 553 429 128 111 210 151 338 287 575 497 511 457 150 414 565 583 249 156 27 55 173 254 367 46 546 439 478 447 167 403 155 556 232 568 567 423 20 227 590 377 519 251 26 291 396 528 231 327 302 299 554 384 117 268 91 352 498 434 538 247 137 571 118 77 82 18 324 130 428 53 147 314 486 270 370 447 476 294 451 450 111 222 128 462 294 287 331 173 159 448 421 27 502 145 377 580 405 80 213 337 329 138 9 15 173 146 152 61 121 520 288 551 15 171 77 241 366 135 121 76 563 332 188 65 423 567 43 225 509 444 164 543 145 314 77 345 488 567 347 164 406 263 595 522 103 357 582 146 187 471 397 570 278 488 185 540 62 447 23 16 498 392 193 270 303 545 451 356 311 414 458 348 162 278 550 114 85 464 289 240 51 103 153 347 237 126 324 303 375 552 103 475 281 565 387 345 63 40 365 226 528 87 134 75 517 285 11 511 83 527 403 330 128 19 301 522 301 341 480 504 409 494 395 294 409 416 104 134 539 468 340 91 129 316 543 44 296 278 92 333 163 317 204 268 599 248 100 395 383 436 118 465 114 215 176 443 277 355 283 375 202 361 511 377 118 182 157 523 349 147 84 195 139 360 267 84 24 263 593 218 510 556 470 454 395 288 67 378 512 438 52 41 473 296 260 592 467 358 143 331 79 500 508 171 573 83 110 454 440 147 343 222 549 309 165 315 151 378 52 422 477 108 449 181 244 523 564 193 284 230 106 174 77 55 515 383 533 307 136 498 288 140 348 385 27 361 519 72 146 544 159 242 580 259 584 531 471 99 66 83 354 151 136 569 566 554 201 6 142 398 62 198 170 345 12 16 225 371 167 327 484 322 216 507 3 251 573 517 489 41 358 442 513 283 74 228 79 42 408 216 255 425 260 575 349 129 597 416 31 452 193 374 290 475 471 60 38 494 521 499 360 578 332 122 440 231 475 273 137
550 95
808 695
366 987
308 914
811 58
459 472
818 650
951 578
403 621
256 953
244 52
722 32
139 930
180 773
211 227
780 774
945 611
425 214
854 159
54 278
235 621
590 292
888 638
906 236
698 394
982 953
585 174
939 347
793 92
973 883
654 816
905 267
674 295
470 355
570 713
899 307
255 317
539 229
869 528
556 218
327 368
576 34
456 296
825 863
687 213
806 241
261 658
110 950
576 678
576 634
966 10
869 867
514 863
209 368
187 221
77 827
206 740
863 787
796 792
122 612
17 544
82 926
22 905
671 346
852 820
362 447
832 512
624 73
626 772
516 276
452 367
790 276
156 562
6 404
621 186
862 842
356 480
491 280
646 930
20 603
627 908
96 984
748 755
752 269
722 891
194 582
623 944
217 719
155 584
852 389
70 480
309 479
471 133
833 664
544 585
393 78
72 771
807 373
937 301
977 128
140 287
537 510
800 945
676 127
874 48
385 907
122 907
213 954
271 582
860 200
255 626
994 304
407 21
0 441
285 656
285 7
985 85
456 16
723 464
748 949
883 604
147 347
353 35
660 17
428 274
436 620
831 95
730 377
461 953
29 443
264 709
689 448
253 485
159 682
42 414
312 738
977 836
293 849
99 842
13 875
332 248
72 593
397 864
141 892
652 397
844 249
322 510
254 29
367 687
539 59
321 59
878 333
196 824
928 862
175 641
173 90
397 372
45 799
892 724
315 150
894 119
803 549
535 24
782 998
915 457
388 545
473 397
666 964
595 557
34 621
473 551
77 872
58 375
393 127
475 862
965 242
822 18
881 155
705 197
690 750
377 659
578 734
615 46
237 653
20 474
702 981
617 558
691 825
63 647
723 661
237 404
276 818
116 751
212 402
718 577
347 940
321 950
517 712
427 785
680 897
223 119
427 92
491 85
488 940
817 746
948 770
45 917
269 132
601 245
37 200
367 614
845 419
177 246
76 403
641 236
337 391
98 484
190 503
275 610
573 919
667 203
574 884
415 759
750 574
194 117
397 101
561 810
327 675
9 62
326 226
172 614
360 839
781 568
64 225
501 918
930 210
746 980
76 683
111 701
503 841
360 806
124 971
813 420
984 782
661 884
711 694
917 975
192 608
225 322
911 999
284 532
166 488
492 892
944 663
533 990
464 632
43 693
598 316
278 68
957 849
755 682
183 32
378 237
277 95
967 288
654 767
638 485
211 7
425 253
990 284
939 939
402 414
765 871
797 133
109 392
410 484
940 727
568 560
87 727
290 554
899 757
130 575
95 199
214 650
836 762
732 134
114 42
613 447
161 522
680 499
890 60
77 51
825 928
443 182
245 891
104 137
914 820
949 496
148 497
230 31
267 210
959 436
943 638
251 541
58 75
509 397
171 293
41 141
830 556
619 415
329 203
922 701
467 894
481 677
684 520
314 297
127 665
945 269
975 979
109 504
314 758
500 353
305 448
155 47
999 381
101 237
505 190
439 967
341 985
225 978
550 733
265 912
482 14
616 628
717 173
163 996
954 29
708 341
613 13
665 56
185 803
958 121
149 110
819 271
346 557
444 813
186 61
235 273
289 322
841 789
613 92
518 369
643 185
971 340
874 3
213 537
693 573
143 743
924 371
711 752
595 749
763 95
356 870
199 971
521 105
207 481
181 355
299 81
74 504
429 457
906 562
301 225
432 144
860 139
718 536
44 945
491 964
488 723
208 762
707 299
285 954
210 796
495 703
928 398
155 726
160 704
611 477
675 417
30 819
919 108
947 188
622 251
45 563
515 804
638 719
969 594
458 234
15 366
487 495
667 563
440 994
832 132
867 287
282 931
947 986
714 855
36 884
217 463
532 689
349 519
105 101
304 792
806 600
321 418
241 769
818 630
371 299
725 257
473 697
809 326
761 924
494 436
759 146
734 430
404 310
42 35
975 532
661 467
741 553
518 1
893 984
720 722
39 56
585 789
609 348
401 675
487 615
1000 667
445 341
821 907
581 423
204 309
198 422
835 688
897 539
770 807
783 55
330 857
389 975
304 879
416 962
983 488
346 70
400 442
847 954
473 315
197 456
846 63
619 967
71 18
33 643
279 242
159 438
880 468
435 698
285 395
797 678
420 433
394 186
769 257
914 911
782 894
64 947
971 560
764 484
803 293
198 663
6 109
407 731
107 263
766 829
565 862
724 237
535 888
885 796
942 465
498 460
461 200
596 60
726 54
627 377
669 1000
550 705
116 468
509 240
146 384
360 178
526 440
633 993
338 601
363 155
570 3
639 606
733 15
316 386
606 690
328 453
66 573
238 832
849 588
842 539
114 64
9 673
900 872
860 448
332 749
989 162
378 824
937 41
115 829
235 945
838 447
158 11
249 89
250 441
269 159
653 531
680 171
954 688
1000 987
725 205
133 204
122 325
524 541
649 92
729 511
420 390
66 326
646 859
636 676
50 6
82 961
706 98
800 401
359 579
269 452
560 285
686 254
404 706
352 919
359 716
399 925
215 502
44 595
346 648
695 19
236 360
783 189
14 141
535 954
489 527
646 139
979 754
104 342
909 45
450 84
712 999
245 3
527 826
511 944
409 538
343 691
766 644
747 630
220 93
773 226
143 800
6 256
971 733
537 866
685 89
92 761
485 756
950 372
129 998
125 177
334 287
483 62
80 80
775 401
161 211
918 667
68 984
401 334
330 917
223 208
462 978
49 449
714 639
581 456
