600 1539 600 687 23
283 362
590 592
245 403
52 535
330 342
56 566
34 68
240 295
167 546
5 54
116 533
381 531
95 436
91 334
90 115
39 237
20 461
423 567
71 86
311 524
402 410
16 93
115 408
357 555
50 380
149 542
371 424
1 503
266 416
338 410
121 530
345 371
8 112
29 328
138 497
407 530
66 326
39 117
258 489
114 288
210 271
352 474
233 535
163 405
484 529
365 559
533 595
243 324
375 444
8 279
290 330
543 557
327 570
404 496
262 304
25 488
472 577
328 393
123 193
158 572
61 493
581 590
316 358
179 344
443 477
214 321
15 226
215 230
24 452
77 109
147 317
39 310
98 361
191 554
350 530
2 548
322 499
245 274
150 365
385 488
88 595
81 172
448 472
210 548
39 509
317 349
286 327
549 558
272 444
264 352
71 300
418 529
117 595
400 525
53 457
293 306
110 461
59 590
329 417
229 527
58 431
213 506
515 560
349 409
198 425
283 578
217 294
197 319
451 499
115 489
49 470
247 533
150 508
390 446
67 551
529 545
51 150
39 373
180 453
185 232
449 591
214 219
6 174
270 352
466 533
46 362
256 464
149 541
476 589
168 209
305 582
33 45
221 559
175 187
119 347
362 470
155 291
257 519
462 520
460 565
394 443
30 586
0 415
189 275
88 284
346 587
278 356
326 473
444 596
7 337
86 300
99 151
78 341
266 398
171 400
108 286
35 520
1 536
241 295
3 98
131 345
172 449
105 169
143 452
367 491
109 592
499 593
2 102
111 535
96 371
324 328
518 544
256 348
43 455
244 599
69 188
317 529
31 94
289 527
518 598
239 276
294 476
304 543
41 305
401 524
222 231
8 485
425 514
12 292
84 570
62 212
309 428
168 563
139 341
222 224
220 385
147 162
393 402
165 276
105 359
142 199
44 76
169 364
151 420
63 506
87 528
258 330
27 233
84 303
66 505
547 582
195 450
368 434
229 364
552 557
196 469
32 74
46 369
62 393
134 135
10 546
67 404
15 26
463 564
89 538
128 573
35 259
54 544
270 402
273 289
406 427
453 543
314 551
265 347
83 148
118 376
288 536
216 589
226 352
126 460
190 229
348 481
117 284
281 404
18 154
205 306
252 265
409 584
266 457
71 594
293 388
373 509
119 265
41 406
487 497
234 308
139 435
366 436
383 477
58 362
335 457
162 484
15 344
149 328
218 452
75 378
482 548
129 185
511 561
338 449
451 506
63 268
443 540
55 437
322 593
209 377
271 482
245 575
160 249
347 523
249 331
439 555
331 455
522 586
266 275
168 396
13 480
270 344
310 595
146 388
158 550
253 500
317 545
131 280
154 184
207 510
494 583
303 570
99 460
53 335
498 558
96 356
144 392
92 248
113 384
374 468
24 143
354 465
286 334
175 447
330 360
422 478
76 292
76 555
274 379
120 583
230 554
54 598
223 458
197 485
321 597
391 543
463 534
255 327
91 405
73 479
395 564
22 325
180 383
270 410
581 592
409 438
88 233
286 570
195 331
401 420
244 428
277 528
387 577
102 565
248 494
463 471
219 476
347 513
184 389
181 401
255 504
49 201
61 569
174 277
238 579
464 558
192 384
360 472
18 334
13 159
61 319
129 530
357 577
4 391
153 554
114 583
193 258
331 505
34 160
551 588
272 541
52 233
129 350
2 210
188 327
484 545
294 353
21 145
155 572
259 529
87 213
68 326
107 313
317 462
179 410
340 547
13 567
258 510
336 405
78 357
183 339
264 393
45 509
253 437
328 542
80 226
97 516
326 416
32 299
163 550
195 455
371 581
371 469
186 569
300 482
126 420
21 240
372 425
191 388
105 364
173 185
155 550
188 287
183 521
341 435
22 53
173 329
133 513
175 387
316 375
434 502
186 493
242 316
253 304
50 579
284 332
220 488
12 430
177 553
125 357
8 197
110 235
515 597
413 572
306 384
225 558
387 443
557 578
435 540
309 491
255 405
105 403
9 546
57 73
116 466
198 509
69 287
166 311
304 453
10 307
376 441
66 160
156 319
206 572
136 580
28 194
0 440
264 402
51 221
446 574
113 403
31 45
198 237
11 244
199 254
329 364
278 424
68 166
344 453
443 528
464 549
117 332
226 445
180 391
163 334
73 458
424 522
31 58
461 495
315 535
419 489
312 369
343 564
353 365
225 432
172 262
19 574
120 487
26 452
412 482
289 359
523 579
406 533
89 251
64 516
292 514
193 419
72 479
157 269
9 171
119 467
17 72
215 537
196 581
19 279
158 413
177 432
54 541
201 305
108 570
119 281
132 199
279 475
216 365
422 548
171 525
122 294
153 191
249 505
229 597
301 445
302 533
250 340
93 172
423 524
8 319
250 354
200 517
409 579
125 555
444 513
500 543
135 495
140 347
101 365
337 544
495 548
121 407
179 338
200 472
252 442
275 414
369 470
245 379
89 288
121 157
20 385
244 339
149 324
142 328
4 435
38 456
40 93
169 329
357 362
1 288
455 505
168 377
282 340
240 569
75 408
28 432
209 506
264 539
152 202
184 303
498 549
205 293
285 454
138 433
481 558
136 252
70 408
226 512
247 595
178 468
141 478
384 388
431 439
254 309
234 263
9 571
278 371
242 393
83 144
334 426
49 305
144 313
109 255
59 327
154 389
19 413
131 479
74 299
327 421
86 594
425 430
317 520
161 172
262 571
104 542
492 535
317 521
167 254
15 218
33 74
162 545
164 505
166 326
81 591
20 318
411 434
125 439
201 468
379 563
122 476
240 376
116 509
48 430
19 36
309 367
462 521
41 582
41 170
227 333
44 130
124 334
267 373
418 484
544 599
17 479
295 531
138 432
30 72
166 499
21 463
18 184
454 562
146 597
133 541
228 461
0 97
204 270
27 535
266 451
33 514
17 23
53 397
57 458
283 369
171 546
380 521
43 561
77 291
222 378
104 599
101 227
112 490
212 328
128 497
376 490
394 528
64 235
434 559
458 474
138 511
257 568
146 527
119 358
1 583
51 365
94 470
174 452
279 390
87 209
28 176
413 568
25 516
146 273
215 216
300 495
221 346
214 560
435 578
302 595
339 579
34 326
381 436
185 407
361 526
191 251
59 188
179 453
60 314
54 518
252 438
10 167
54 133
69 136
322 451
22 398
192 403
198 299
173 223
98 526
25 97
116 373
263 264
432 503
560 589
70 420
254 367
75 90
190 329
441 490
236 501
124 286
85 306
25 220
554 597
409 523
159 423
205 325
441 446
9 152
130 439
133 444
205 562
235 239
268 457
107 587
100 463
467 596
122 395
239 594
122 219
513 596
223 445
370 569
338 453
99 231
410 591
143 209
59 421
53 398
182 494
105 245
85 205
420 459
2 565
119 496
229 359
107 221
180 543
378 408
103 371
229 289
188 281
436 502
166 416
333 559
192 388
47 336
25 385
429 486
86 239
216 353
137 199
171 320
359 364
288 399
82 147
245 532
94 406
170 427
497 573
104 367
203 592
89 191
474 512
268 397
477 528
290 577
274 563
403 575
155 581
146 289
298 465
189 416
78 540
51 587
240 381
17 30
423 593
113 575
348 538
159 342
246 510
305 468
226 344
173 532
381 569
47 77
194 348
372 514
4 443
187 387
163 519
211 501
146 192
113 306
140 252
139 357
10 202
157 278
59 592
162 317
101 294
382 494
40 81
82 162
336 550
212 410
21 323
295 564
16 525
238 339
210 482
187 213
311 499
283 435
129 173
39 267
5 542
55 571
120 494
116 406
65 81
79 226
13 593
433 573
524 593
15 80
85 562
432 497
196 572
341 540
334 405
246 489
42 498
322 506
114 399
260 396
6 344
382 587
377 563
304 500
243 375
250 492
193 342
231 460
393 539
276 516
379 396
202 307
200 555
98 186
256 325
82 580
218 260
173 245
500 552
237 363
253 312
1 538
211 236
329 532
42 164
406 466
7 544
27 302
28 348
248 508
64 488
83 313
241 463
21 441
45 116
435 557
35 529
5 599
14 326
80 301
235 516
20 160
456 472
541 542
168 379
416 451
155 158
384 403
140 265
114 537
193 297
9 320
181 423
23 530
255 421
82 389
296 495
38 472
269 278
99 126
167 400
201 429
124 255
159 175
64 228
80 445
358 375
308 316
261 369
111 315
247 310
99 222
469 572
23 350
53 205
159 567
358 596
65 93
275 398
156 485
296 300
320 571
46 470
103 356
42 561
238 523
42 505
122 343
9 10
126 151
227 381
333 434
344 383
58 130
91 255
18 426
129 223
468 486
179 270
87 452
250 282
235 276
111 340
95 227
451 457
430 510
61 370
112 197
148 313
233 302
433 511
150 216
262 437
356 371
32 45
36 96
189 473
294 343
163 336
247 373
53 274
133 272
297 423
7 238
202 254
177 225
367 428
19 206
66 164
44 292
11 337
109 351
478 495
176 432
198 363
138 573
315 492
232 534
298 468
79 512
72 280
358 496
107 346
242 539
227 343
127 168
108 426
497 503
285 562
304 449
110 300
100 534
380 579
153 597
387 566
355 487
37 401
87 143
119 596
84 287
59 203
274 454
363 509
96 206
324 393
170 406
399 537
118 569
165 594
277 383
14 416
251 554
222 412
126 459
172 571
38 360
75 115
397 457
22 414
107 144
51 556
452 528
275 498
467 513
25 64
90 489
386 526
83 361
382 556
165 415
260 445
137 542
30 280
157 522
66 249
177 498
283 552
195 385
19 446
487 583
119 188
135 478
110 228
259 520
191 256
104 428
312 486
74 372
153 388
208 437
42 553
282 465
53 563
140 409
186 526
84 580
115 297
197 490
214 515
131 590
280 345
23 73
489 510
141 311
52 492
259 462
258 419
159 330
76 517
141 459
40 65
36 206
98 569
459 565
269 356
295 381
118 490
424 586
206 469
56 528
113 454
16 571
47 109
79 445
440 516
33 130
140 523
2 460
128 355
273 359
200 357
230 560
458 512
194 481
139 362
117 310
360 577
397 506
56 87
251 537
122 214
155 196
202 309
428 599
515 554
392 585
300 548
229 321
227 294
480 593
494 537
212 393
349 442
474 479
1 487
263 479
92 537
56 387
442 580
125 431
117 237
263 474
167 525
55 262
391 557
268 506
276 594
217 343
455 561
33 58
207 517
314 588
30 121
2 231
118 240
157 463
173 417
319 493
142 542
374 547
350 507
353 589
4 180
422 495
352 512
387 394
387 540
43 195
109 421
25 195
342 423
271 548
86 110
232 407
95 366
46 283
108 184
87 187
311 401
91 124
207 456
123 258
112 279
152 465
341 357
114 536
487 503
85 454
68 135
77 155
494 556
27 111
274 285
379 445
49 429
411 559
70 378
18 108
321 471
81 161
147 349
521 576
355 494
386 493
104 199
386 501
320 525
22 275
68 134
290 447
140 438
131 308
58 470
3 148
133 598
44 439
106 473
305 406
190 471
250 315
59 67
16 40
6 26
416 499
455 483
348 503
323 376
0 450
469 581
100 121
154 484
459 460
277 477
230 515
100 157
24 396
282 547
51 382
127 396
354 492
373 533
313 502
176 225
28 503
258 456
441 574
139 283
39 363
398 457
312 552
366 434
123 342
3 361
86 235
232 417
299 372
118 197
49 369
169 245
21 269
476 560
287 327
178 208
87 387
345 590
369 429
115 193
421 504
96 103
316 539
191 293
275 549
79 223
175 290
54 542
234 539
269 463
63 397
124 327
21 241
435 443
170 582
151 222
240 323
397 563
40 328
259 418
347 598
106 164
78 577
20 228
69 84
299 509
261 312
65 172
121 522
20 195
253 486
112 390
67 131
123 330
30 530
76 439
308 479
27 406
321 395
21 376
292 430
176 194
292 510
454 575
8 475
378 420
276 415
296 548
57 507
254 491
27 427
347 467
125 362
298 547
16 199
150 556
136 442
64 110
280 479
308 539
29 142
160 318
147 580
207 292
143 168
280 586
70 423
281 496
37 311
283 557
16 29
3 436
157 424
141 422
6 383
1 348
206 413
109 203
390 490
160 326
576 579
29 40
34 135
58 94
357 448
356 574
189 266
543 552
361 585
12 514
134 166
297 408
318 461
199 525
256 481
4 477
95 381
427 582
237 332
37 141
374 582
104 137
145 463
77 351
280 424
108 303
387 447
290 360
16 320
218 301
111 547
31 33
13 175
368 559
345 581
540 577
73 474
11 339
129 507
88 117
176 558
97 440
347 518
225 498
167 171
243 272
493 526
178 486
407 534
3 502
343 381
394 566
436 569
42 138
319 485
276 440
214 395
319 370
30 522
386 585
34 318
219 560
366 502
2 412
505 561
152 468
380 576
148 502
58 125
318 495
230 589
248 537
304 338
74 514
325 464
7 518
317 380
138 553
48 510
351 592
25 450
567 593
314 316
118 319
104 254
358 588
501 585
121 534
517 555
496 551
188 404
9 307
53 285
209 397
315 340
456 510
42 177
240 241
291 351
200 448
11 238
369 486
57 223
93 571
20 249
167 199
23 57
204 402
345 424
151 378
164 473
130 514
210 412
59 404
101 353
579 584
182 556
146 153
261 552
339 576
182 382
464 481
80 218
224 378
313 368
32 509
105 192
227 366
272 324
31 116
66 473
60 551
483 505
3 569
216 230
190 364
174 528
61 186
383 453
12 425
351 581
144 211
115 419
23 30
111 582
185 530
90 246
198 372
228 488
24 127
286 426
49 94
263 308
110 495
57 350
349 579
483 561
337 599
5 104
183 576
429 468
101 333
19 568
101 559
47 405
358 444
135 311
102 422
169 532
274 575
260 379
329 534
89 256
26 174
164 498
438 442
294 589
152 298
292 517
67 314
158 257
333 366
204 264
446 490
135 141
122 564
264 474
465 547
231 412
70 297
242 375
214 597
29 199
20 488
258 360
335 398
67 590
159 290
392 501
520 529
19 390
200 456
185 417
578 294 428 540 205 457 538 199 436 432 310 66 60 574 105 90 241 14 12 265 507 497 92 3 444 481 311 493 107 244 119 177 24 407 404 133 135 411 555 168 386 201 419 547 536 321 197 176 453 344 242 459 100 228 68 139 226 565 331 6 275 139 439 440 120 503 268 345 386 121 73 270 155 510 571 250 86 227 346 539 430 57 559 224 382 268 522 18 146 145 369 485 131 139 288 470 438 30 275 486 14 488 456 503 143 201 414 194 80 385 212 524 43 430 465 169 147 23 592 590 596 9 294 598 169 225 70 47 450 155 209 243 553 13 196 173 133 146 159 514 201 429 577 458 293 437 258 289 10 137 141 23 114 326 363 323 13 236 157 376 281 533 589 452 170 593 367 44 515 559 293 403 541 414 481 480 533 531 145 480 232 78 19 51 13 283 215 222 166 509 438 592 94 479 342 251 413 248 240 64 314 53 549 364 87 382 584 277 451 284 197 537 398 90 99 159 378 381 276 38 94 246 353 265 136 308 223 414 407 230 223 313 226 119 187 263 464 120 551 161 371 270 162 243 182 5 507 475 81 364 239 209 42 232 506 380 173 211 562 520 234 77 115 89 148 339 326 306 404 327 259 574 325 503 233 15 521 82 563 472 380 349 404 463 140 484 144 420 337 421 502 18 575 219 41 300 453 271 280 538 42 141 12 541 588 195 442 471 576 493 255 413 530 203 256 35 376 596 97 65 235 263 87 33 0 268 560 195 153 114 342 455 566 472 245 471 140 530 49 442 528 467 40 30 288 493 436 377 275 115 596 384 501 57 54 66 83 201 110 62 268 10 446 382 49 238 46 358 278 370 3 102 557 119 545 44 354 210 90 228 298 242 54 582 529 242 417 407 236 539 584 527 93 43 160 207 329 281 510 531 253 470 351 63 298 445 561 595 7 273 69 316 129 7 200 227 489 333 42 143 422 307 42 33 363 473 301 432 506 14 161 568 114 20 322 78 215 396 187 27 68 98 388 496 23 356 416 313 193 440 68 345 102 333 565 72 459 171 277 95 191 147 208 7 160 583 573 522 139 32 415 352 341 286 182 488 260 370 471 109 273 124 585 112 539 46 226 264 70 146 12 264 297 111 174 338 69 597 440 305 19 105 355 413 154 123 100 192 286 109 548 110 362 596 595 118 187 200 447 390 581 264 234 446 250 85 558 502 447 77 146 285 337 223 327 548 98 41 464 137 116 458 526 16 588 527 241 246 227 221 81 563 357 452 538 209 548 529 596 308 158 262 440 590 337 184 593 496 177 262 295 74 420 315 216 41 386 247 43 393 59 402 141 496 488 268 33 383 167 114 375 308 181 283 86 48 100 204 21 234
820 13
472 109
946 227
93 131
690 624
351 854
602 569
291 906
9 324
556 923
529 961
309 942
989 681
765 405
694 202
549 510
475 851
312 522
11 749
67 401
772 77
151 336
573 240
332 495
595 467
819 34
558 549
804 942
529 93
439 830
276 499
833 776
918 766
893 743
757 177
39 947
120 441
817 268
838 516
935 825
471 799
764 840
666 94
744 8
915 671
872 784
752 700
58 602
973 520
729 790
140 923
247 52
842 1000
606 293
312 841
576 798
664 495
366 482
826 720
164 664
242 673
46 189
429 668
646 342
853 67
490 781
712 145
220 644
777 210
142 744
898 354
947 82
290 539
354 527
944 721
971 405
938 638
82 570
766 570
417 513
525 511
483 747
94 808
108 67
119 769
526 297
914 85
657 443
939 939
435 159
990 486
36 652
317 108
509 802
808 757
156 157
131 458
846 15
53 119
944 286
255 371
237 117
918 214
163 471
413 913
426 328
649 173
158 21
34 727
96 613
874 102
769 936
54 351
498 301
393 93
940 413
843 818
952 917
79 253
231 746
458 34
274 448
238 214
872 459
47 675
829 669
928 309
585 444
519 7
353 431
873 704
242 603
474 907
313 782
764 238
789 194
133 786
409 883
621 44
746 639
193 832
852 226
401 825
620 464
123 53
196 358
410 253
109 834
108 96
380 775
276 73
953 328
607 928
401 211
21 778
59 541
17 264
231 446
22 507
833 416
744 161
504 716
104 873
13 573
688 121
943 17
737 264
483 927
580 418
395 353
769 870
517 909
521 750
383 409
602 529
767 437
557 119
620 117
635 828
491 637
638 635
877 324
363 23
264 982
57 770
332 412
41 150
734 400
163 703
643 207
315 326
460 206
442 311
897 426
536 121
764 37
88 501
58 309
984 771
434 919
840 558
694 826
526 993
132 638
418 623
526 255
87 444
933 580
608 789
624 417
978 190
112 0
457 690
669 399
309 239
348 143
313 153
217 180
551 483
287 210
828 60
225 47
983 314
406 453
977 337
585 101
499 515
197 152
848 116
354 319
325 182
973 273
302 378
852 957
344 625
884 54
40 6
979 845
260 873
927 31
112 262
181 279
373 682
349 723
287 981
461 346
962 486
915 877
335 70
753 112
720 991
386 154
152 818
616 736
447 940
56 632
520 186
9 483
892 476
18 972
534 448
699 712
557 750
334 600
393 623
191 802
660 244
919 847
656 320
182 379
459 621
959 172
335 768
394 271
531 369
619 218
905 21
613 551
182 411
32 363
253 543
189 713
688 978
716 669
977 963
576 299
46 703
118 719
432 107
370 281
774 482
109 561
965 656
486 237
238 174
169 216
909 151
901 376
648 924
965 741
929 125
529 471
859 897
77 755
586 707
742 817
498 265
563 958
303 628
448 994
935 876
791 256
653 740
128 78
267 651
766 977
285 682
116 917
788 156
11 220
516 868
313 292
735 356
135 315
365 755
515 212
710 181
125 699
423 779
380 370
823 453
747 67
991 917
178 116
3 672
629 276
45 576
318 918
534 657
254 950
741 946
747 609
866 421
202 198
517 592
209 548
240 28
255 828
501 119
161 902
326 465
128 583
436 601
267 133
695 998
489 19
157 424
802 604
276 733
403 300
798 524
64 94
803 651
965 798
390 331
238 95
158 126
406 968
177 70
738 754
63 231
173 509
985 745
885 843
696 887
302 708
116 299
587 386
989 365
531 417
196 955
127 196
300 9
598 596
467 269
801 74
7 64
719 504
414 232
47 797
72 377
657 648
85 52
399 675
684 533
271 289
555 437
610 344
642 255
407 131
496 909
867 292
417 646
467 303
191 685
9 623
811 858
298 412
943 385
191 858
450 661
194 94
994 210
49 434
580 217
923 6
698 254
347 385
6 902
906 449
901 322
106 663
872 196
872 352
221 477
992 703
13 705
795 912
375 966
701 783
988 598
856 693
585 77
599 22
171 92
717 635
123 148
588 769
157 865
874 667
870 14
162 376
127 822
714 537
290 757
491 471
105 384
748 494
820 579
552 697
795 19
675 289
595 503
558 632
519 324
717 41
868 544
653 285
383 507
905 281
924 265
821 145
61 997
234 356
540 173
663 973
827 846
248 791
665 843
106 478
781 729
286 303
824 543
685 174
365 561
1 347
262 202
652 613
840 195
317 559
785 391
534 144
993 167
714 68
56 871
30 299
637 778
484 50
837 81
937 456
85 351
433 980
782 999
17 162
403 24
837 172
211 720
521 61
608 157
709 284
630 712
50 38
122 117
503 97
93 643
722 94
645 371
343 449
301 69
940 776
952 553
624 24
403 552
285 800
963 705
329 207
862 46
910 617
289 858
4 528
63 956
162 984
269 470
225 857
847 341
494 887
34 130
364 259
652 531
44 904
311 449
137 234
407 387
847 861
279 376
812 967
435 77
356 95
456 135
362 646
735 567
357 781
376 825
634 672
316 873
81 900
534 935
743 924
928 165
585 179
39 527
220 675
653 710
616 81
369 174
873 605
318 56
675 662
568 164
217 82
303 193
662 52
547 303
563 369
252 257
917 244
681 506
815 396
46 391
73 179
72 730
529 847
71 477
544 25
132 403
487 353
217 965
782 558
699 655
202 914
96 783
160 555
765 891
436 35
174 886
48 62
244 490
260 4
252 696
287 170
190 578
486 698
176 603
769 367
955 37
928 915
249 769
358 232
293 824
352 899
