600 1108 600 762 10
140 242
233 538
354 390
371 503
145 456
253 356
306 576
143 299
100 353
481 513
169 384
49 80
316 579
104 554
22 25
245 509
376 427
29 101
272 425
225 594
493 498
342 359
46 538
237 250
50 206
140 392
92 398
258 369
47 60
83 414
228 342
127 514
2 169
124 454
271 462
109 557
10 403
205 350
193 235
383 502
12 262
215 498
256 445
160 195
145 288
365 448
334 487
137 410
359 580
13 567
140 308
381 392
371 373
61 356
95 583
102 440
208 483
123 181
290 431
152 391
185 471
94 539
35 216
471 566
89 166
157 452
259 480
97 394
195 378
234 398
181 366
259 568
175 488
110 567
360 361
173 469
282 521
129 194
105 438
24 58
320 500
289 328
54 213
0 340
337 488
489 569
282 346
248 312
143 527
246 313
203 411
158 446
265 336
116 550
50 577
129 189
53 218
284 528
332 541
230 570
6 366
370 379
9 171
56 467
34 414
341 551
107 154
196 447
27 81
256 381
112 586
33 375
217 473
384 492
19 121
268 397
23 34
595 597
401 442
191 374
275 510
302 367
83 478
70 359
376 412
64 228
98 217
45 298
363 552
132 139
39 470
291 452
20 103
42 302
30 590
107 296
85 415
392 552
174 219
160 450
239 301
57 64
210 258
235 599
109 421
87 259
138 278
58 534
438 456
336 589
352 558
268 431
226 499
249 494
40 132
351 484
317 586
44 487
569 571
66 88
67 453
240 502
50 285
157 567
122 503
347 463
46 302
294 317
337 573
223 269
4 265
101 133
83 292
96 375
9 542
47 400
426 488
238 384
305 474
296 584
183 520
114 416
227 244
230 422
77 341
228 528
276 383
141 369
395 550
502 560
168 347
186 266
28 266
12 89
317 588
73 479
432 543
32 111
171 283
368 464
524 544
175 453
324 358
137 391
86 315
53 215
323 376
180 411
58 507
138 401
314 474
450 485
86 309
119 238
41 446
319 410
414 478
91 596
314 418
462 541
156 171
39 308
329 436
160 574
65 504
406 441
385 483
313 546
31 490
328 443
20 99
90 259
116 395
292 367
191 283
222 353
127 315
229 488
180 224
78 159
250 259
349 554
197 305
170 432
145 262
63 425
59 344
97 182
187 403
290 590
181 325
181 204
201 245
144 151
227 321
25 341
203 304
479 521
191 371
450 552
88 395
316 523
21 202
110 289
339 351
293 357
82 187
188 500
313 518
139 230
99 184
309 575
240 560
82 549
259 281
142 338
204 241
91 137
10 232
108 166
82 403
138 521
115 264
46 367
396 422
64 528
11 327
192 469
142 533
544 545
214 303
7 412
303 443
282 496
178 413
356 492
92 407
294 504
476 544
138 272
366 549
99 324
16 198
264 279
325 532
55 488
80 231
87 310
156 345
128 477
155 311
485 574
130 310
251 406
378 439
96 144
472 509
266 384
389 522
238 266
238 509
310 593
202 411
66 550
513 548
88 211
526 567
11 328
87 582
400 525
447 458
159 232
277 392
248 465
145 511
183 213
108 161
85 555
16 196
170 257
150 504
123 247
29 333
318 508
43 215
187 275
166 177
227 519
50 381
96 200
195 439
253 457
257 531
267 347
118 149
509 549
165 287
24 503
55 326
118 344
140 445
2 264
79 398
256 529
431 460
182 436
2 271
90 250
100 155
91 350
14 355
481 591
94 461
216 455
242 547
122 505
372 499
195 558
170 531
463 586
335 501
307 422
321 349
218 414
196 409
444 557
323 540
223 342
36 532
315 538
162 500
124 196
226 389
514 588
332 491
177 213
74 371
147 332
329 380
372 546
42 508
315 493
109 397
212 522
108 249
47 513
263 476
327 437
181 424
72 372
251 441
225 251
286 445
176 587
199 509
332 596
165 345
207 316
240 456
99 408
4 539
66 180
14 229
415 555
13 56
330 527
248 470
118 421
54 297
177 466
425 479
261 341
300 364
0 185
349 481
103 511
146 597
214 535
188 347
84 515
230 585
285 552
95 402
496 509
417 439
272 434
107 351
92 301
267 427
210 368
495 497
417 574
536 569
267 575
65 365
457 541
459 574
188 355
146 166
59 85
67 144
284 406
27 258
102 598
424 532
241 305
218 512
144 335
109 118
143 386
22 393
227 481
261 551
76 332
19 583
182 394
215 493
176 494
361 491
103 531
319 517
362 444
419 508
114 436
400 548
115 278
277 381
409 591
39 248
164 175
130 593
162 335
510 587
216 282
54 183
248 532
219 350
116 399
244 519
214 343
100 435
73 379
388 546
228 359
331 553
97 416
237 480
76 405
337 401
142 540
270 420
385 572
60 591
226 518
379 425
245 455
270 595
147 361
339 484
10 519
198 339
116 211
210 433
169 492
112 294
282 455
336 461
124 484
456 502
330 515
5 587
348 449
448 475
378 574
72 546
296 351
326 573
209 481
359 456
78 497
384 564
103 184
237 373
75 561
91 147
386 451
209 447
264 278
223 502
444 573
64 252
299 527
89 120
102 486
92 530
80 569
132 235
16 372
393 563
181 208
334 522
363 574
382 594
88 116
8 519
140 286
437 592
135 256
94 217
64 284
480 568
386 399
185 195
104 349
135 368
188 320
399 451
372 388
259 582
9 165
241 312
401 434
183 358
44 584
323 412
39 516
223 382
24 125
415 556
56 567
133 256
63 448
120 166
135 449
224 399
121 598
204 208
101 301
61 385
266 492
282 479
155 353
35 479
443 535
304 536
319 473
246 499
80 443
282 581
338 533
62 418
75 417
415 593
23 218
134 321
430 519
7 129
199 266
463 514
16 447
57 252
370 520
360 491
30 158
73 520
253 492
305 418
217 344
33 51
432 514
154 330
160 352
421 517
56 153
119 509
186 356
91 219
467 567
94 98
391 517
202 536
142 323
98 287
151 329
43 512
198 212
197 273
68 101
164 390
361 507
168 320
149 397
104 209
20 184
304 411
42 45
161 437
77 300
98 165
328 579
420 592
369 423
155 435
109 444
201 509
189 320
274 566
461 589
100 436
385 405
227 349
135 381
411 476
2 163
127 170
12 166
276 382
452 489
221 580
387 410
30 290
36 92
49 535
65 150
168 267
45 302
280 545
420 597
58 131
556 593
128 340
6 208
154 454
132 585
215 578
69 328
260 537
346 564
197 565
177 494
67 164
301 307
293 430
197 405
70 523
439 459
289 579
187 472
26 452
15 66
402 583
159 495
201 466
117 532
250 568
79 301
48 103
113 332
41 96
269 502
78 495
169 564
183 408
343 495
16 388
442 573
197 385
299 386
144 501
75 140
13 26
402 486
127 432
383 560
204 273
199 366
233 498
367 538
139 210
18 185
239 398
220 347
217 265
79 396
51 446
302 531
47 192
122 306
108 146
378 459
29 256
225 441
38 222
123 366
137 596
92 239
180 550
202 562
173 454
6 28
65 324
135 529
22 389
34 322
2 346
103 438
49 192
144 394
47 409
3 589
298 419
158 268
379 448
19 23
398 551
493 575
468 492
304 452
78 587
327 343
78 249
317 463
131 360
182 416
68 92
427 575
193 585
400 495
341 563
212 226
165 387
150 324
196 482
91 332
173 330
357 430
49 443
157 526
57 523
489 526
438 508
11 69
108 177
203 536
114 194
36 407
300 393
160 429
59 336
26 476
61 179
155 436
314 565
103 105
275 403
3 93
204 483
28 199
477 576
295 310
284 441
207 437
11 316
338 512
22 226
353 540
339 584
148 330
74 374
60 513
10 430
16 339
29 230
173 231
241 325
15 180
271 557
41 390
472 549
255 490
465 532
123 357
269 382
151 394
322 583
428 596
26 252
53 478
50 449
2 581
80 571
340 576
454 484
220 586
157 489
255 344
171 191
66 71
168 412
200 380
174 507
453 500
180 399
21 330
583 598
260 555
37 505
72 388
21 527
286 547
101 530
200 375
154 351
136 186
190 417
432 504
40 139
180 202
65 370
145 438
81 368
46 257
50 277
194 331
43 218
131 505
102 121
243 465
298 302
231 469
119 199
300 341
438 531
367 478
306 503
141 258
36 321
252 467
160 378
34 377
156 165
41 375
124 192
28 186
358 370
115 271
406 413
149 268
179 541
10 78
192 482
59 460
111 160
364 396
185 314
531 543
26 291
9 90
311 353
55 390
261 313
308 516
337 442
49 525
151 200
303 535
106 397
40 585
139 333
202 404
317 514
335 553
477 505
305 417
111 285
299 562
54 177
84 527
216 245
392 561
288 595
381 445
291 476
30 268
233 367
204 305
331 416
21 536
106 326
441 528
312 325
128 576
325 424
57 467
413 544
224 386
33 41
537 556
124 469
232 513
294 432
363 392
276 594
391 462
284 413
73 370
411 452
57 254
69 214
105 511
82 123
36 465
96 164
115 362
12 99
515 527
52 578
461 539
206 348
135 464
65 358
427 578
55 337
91 507
132 193
1 446
252 284
323 578
244 293
97 331
201 472
77 551
326 397
81 464
207 327
293 519
455 496
126 503
150 543
278 442
137 428
98 387
215 575
173 571
294 586
17 274
110 328
56 252
150 184
471 565
153 252
57 228
14 188
80 173
262 597
49 231
309 493
185 566
403 430
35 183
377 414
210 333
55 573
82 357
161 495
78 275
195 352
53 414
189 553
95 486
283 371
25 261
137 350
58 345
41 164
117 321
559 594
146 592
88 550
37 477
399 550
124 339
447 591
318 419
312 516
61 136
59 265
244 321
254 467
442 444
139 433
196 591
113 541
52 512
363 485
134 349
45 419
26 284
236 508
106 446
315 498
127 257
354 488
165 171
318 560
313 554
42 419
7 323
46 127
170 543
278 401
9 283
151 380
236 531
35 213
101 172
32 285
265 539
25 563
431 555
470 516
214 327
89 262
487 584
152 462
6 181
217 387
39 172
213 466
374 503
322 377
22 518
84 107
38 440
472 510
115 442
136 208
76 179
53 498
27 506
347 586
272 475
423 433
167 200
330 454
30 51
39 465
4 336
292 82 497 198 257 298 144 359 240 314 4 386 305 537 538 524 479 323 444 253 455 257 460 329 576 395 594 229 160 495 115 419 107 84 572 12 32 598 221 389 574 338 66 281 376 243 299 51 96 506 203 503 584 559 298 170 523 179 342 387 60 500 154 556 60 500 114 507 381 205 200 460 4 210 273 112 463 272 63 350 199 202 147 549 43 332 117 87 502 26 94 232 379 1 564 249 488 23 348 296 171 371 520 291 413 528 270 194 177 223 388 85 222 347 439 341 524 148 95 346 585 305 163 547 227 251 573 58 120 181 574 222 294 168 45 269 9 123 387 78 382 139 217 479 313 573 75 40 463 5 495 62 348 96 238 339 167 454 361 70 233 176 3 498 228 134 275 332 203 380 342 350 481 15 440 69 14 468 581 188 422 278 577 59 580 240 80 385 86 192 123 10 344 504 454 108 215 52 100 223 339 61 497 230 519 82 417 86 46 87 597 357 593 507 286 236 290 171 576 429 21 513 38 51 435 20 396 398 514 281 588 199 139 269 229 561 467 593 585 351 538 278 433 451 43 89 374 280 153 234 376 135 17 400 122 428 201 443 82 219 203 99 479 32 122 145 445 101 278 99 380 502 7 370 115 156 134 180 87 323 546 465 531 125 100 597 514 184 316 360 382 135 275 150 265 158 313 470 599 466 543 428 98 579 298 293 37 578 291 56 4 150 502 125 43 463 21 456 197 167 95 352 9 416 206 431 151 552 59 482 351 190 539 570 416 133 498 43 8 108 488 12 100 133 414 134 269 410 380 379 563 51 246 445 86 234 37 331 530 122 115 599 378 340 443 250 526 106 253 114 358 207 465 374 78 535 186 68 378 166 185 184 337 412 28 95 272 278 480 259 383 43 489 492 378 399 127 353 432 6 46 589 50 444 198 535 245 450 562 293 279 245 9 420 66 458 398 358 4 295 326 418 299 259 174 52 117 504 558 34 460 270 322 559 175 379 599 362 427 217 423 551 283 337 40 335 361 239 578 147 130 441 236 517 536 267 71 317 356 516 500 258 526 171 514 373 231 513 220 356 375 200 56 202 96 75 587 417 90 282 35 334 558 15 514 19 235 81 382 37 361 551 112 358 75 309 378 522 79 153 341 269 414 579 170 506 435 374 326 548 353 107 446 442 343 95 271 55 297 450 18 75 260 206 355 305 94 502 453 358 257 280 187 235 539 269 50 583 12 147 297 218 540 214 12 213 356 407 96 158 314 9 21 517 333 374 211 302 528 371 421 273 158 263 548 139 577 520 161 591 360 440 67 5 267 444 90 89 574 524 135 98 272 204 309 218 10 236 559 426 114 507 391 502 254 71 145 323 511 194
548 55
845 486
638 441
922 137
883 183
478 545
414 347
893 800
288 479
820 97
348 510
285 703
513 713
226 835
764 601
133 896
135 568
561 183
468 100
880 930
534 785
65 774
15 385
830 938
655 76
48 373
256 864
96 5
463 376
148 166
983 426
819 278
315 27
905 478
841 971
573 582
238 343
579 100
981 822
273 240
77 145
873 520
540 958
822 864
26 563
577 970
640 903
253 577
564 812
153 648
242 31
948 468
863 854
760 910
503 646
805 480
274 799
349 817
686 109
915 258
252 508
523 307
509 180
673 598
337 866
629 696
124 932
853 590
235 243
312 660
396 813
158 925
114 494
596 621
754 12
335 138
581 286
79 291
388 552
92 260
154 714
121 24
379 426
758 990
10 753
944 229
711 839
930 109
59 994
440 710
842 70
664 244
202 313
893 121
825 183
939 988
912 555
916 660
782 165
571 730
981 768
172 225
981 921
580 845
156 426
528 850
870 432
6 700
414 612
800 401
180 729
347 8
681 682
640 316
933 713
731 416
24 943
299 383
845 350
503 408
465 693
923 917
669 27
387 391
133 601
634 101
687 72
677 870
583 39
859 738
951 160
648 138
48 139
210 180
178 366
179 91
486 326
696 269
709 509
76 101
297 147
70 45
899 857
11 786
883 597
479 838
412 655
621 233
97 735
895 341
646 757
957 557
706 346
299 817
35 683
937 757
743 78
225 796
904 413
308 549
409 31
372 609
828 643
673 510
840 564
776 134
442 669
989 458
799 730
621 417
651 832
777 74
243 209
109 693
687 176
802 553
461 576
467 629
179 983
556 317
85 900
382 320
962 655
541 654
595 781
509 86
502 356
406 461
770 664
844 705
372 195
773 35
184 604
26 216
891 727
479 57
168 568
495 215
58 557
455 410
975 526
464 507
108 842
136 798
437 269
734 243
205 19
356 702
418 318
181 482
103 88
0 992
54 496
513 600
288 643
766 851
534 537
816 240
807 899
676 212
695 642
397 773
942 860
399 917
57 875
321 954
71 444
248 442
371 842
784 579
105 169
139 684
316 508
715 941
135 359
14 169
569 925
916 4
513 441
162 319
487 941
390 251
306 177
256 265
273 407
494 495
96 414
335 369
306 302
424 581
890 33
325 998
290 860
569 357
345 772
855 279
203 138
640 869
103 57
929 70
961 318
74 359
476 751
223 906
683 446
876 237
534 402
776 770
925 362
431 931
423 760
668 370
673 567
472 249
593 127
415 525
403 985
261 81
731 447
691 418
124 987
999 65
589 533
814 60
263 906
277 26
277 170
805 145
446 804
240 723
983 356
190 869
672 978
331 438
682 715
998 97
4 639
513 681
631 998
42 810
25 272
132 297
613 929
231 669
152 824
441 225
631 10
151 248
344 203
735 818
974 138
904 766
360 255
129 411
495 139
711 882
314 715
711 774
495 983
751 315
786 696
230 402
871 983
880 826
596 711
370 286
832 455
363 660
249 695
1000 615
77 690
888 673
607 272
124 134
0 490
855 659
910 217
772 476
889 898
79 586
563 5
50 333
376 895
327 617
890 285
732 149
608 494
755 704
190 46
206 438
707 231
37 617
437 15
949 816
798 524
732 591
534 344
345 408
577 676
405 845
615 162
613 196
729 385
317 81
59 259
630 652
434 379
641 949
133 94
33 32
595 651
798 10
69 528
857 27
736 35
929 495
846 807
787 989
427 65
626 619
980 588
215 109
381 952
423 961
567 432
510 269
2 847
766 209
101 542
27 427
839 527
709 307
288 102
1 313
917 628
47 967
83 226
852 401
121 331
46 911
267 616
742 480
985 995
383 494
79 849
527 239
273 979
239 289
544 694
225 552
738 277
140 858
833 755
228 977
778 956
978 226
906 696
391 162
462 175
544 996
388 740
813 343
137 221
3 105
348 328
635 577
749 567
810 800
680 302
378 22
346 473
926 318
656 797
48 91
737 539
981 721
998 691
392 631
546 888
444 122
987 863
293 922
760 447
185 698
767 402
260 140
916 451
172 512
668 631
218 61
352 38
29 865
189 838
819 588
77 645
557 515
473 869
598 356
147 528
421 101
935 279
867 141
669 333
743 776
151 35
269 326
503 567
309 774
638 362
123 651
317 268
535 126
441 457
789 285
426 173
705 580
188 907
614 51
700 966
605 558
978 18
253 479
220 586
481 280
94 615
354 81
972 967
6 528
769 514
188 806
864 308
587 243
587 390
735 858
446 601
332 584
544 472
360 564
723 909
103 449
792 633
884 627
445 904
713 11
649 720
612 80
10 3
642 185
533 916
472 475
432 499
511 826
847 889
283 509
706 807
41 725
325 238
783 335
73 394
297 443
560 632
643 534
28 478
355 738
248 933
188 633
213 767
40 757
347 901
167 126
200 266
588 896
318 336
920 885
715 111
219 639
122 763
994 305
674 902
856 205
919 826
607 301
783 105
618 822
216 942
182 953
138 472
238 170
290 590
426 411
78 968
91 324
293 62
821 672
183 395
967 255
998 261
756 373
497 7
348 938
450 988
314 118
90 819
28 352
608 454
549 154
540 97
250 770
949 35
156 749
103 200
126 731
548 284
790 438
392 90
768 804
598 0
169 3
813 836
274 732
436 833
648 478
962 87
900 991
1 602
73 179
709 696
450 535
696 748
932 196
972 392
192 545
395 709
970 196
350 974
453 772
655 281
444 739
942 952
3 135
