600 1137 600 834 5
24 68
468 482
354 575
115 558
51 248
329 365
79 531
434 447
551 575
69 142
287 549
529 549
108 377
134 469
117 162
71 435
22 183
384 587
98 446
126 436
74 422
74 234
203 488
237 348
269 277
433 487
59 153
197 594
104 187
170 172
109 508
185 587
17 54
21 470
53 169
71 150
356 450
80 266
244 557
85 468
340 571
333 355
258 517
49 309
86 476
30 291
168 594
210 272
87 107
24 385
128 550
480 539
244 479
29 540
125 430
437 486
286 482
166 304
298 566
48 593
102 461
51 76
8 327
109 236
170 197
186 514
202 290
114 346
439 512
349 497
197 500
169 333
84 431
500 503
390 581
98 372
221 552
42 538
59 120
299 306
40 549
182 296
137 433
136 362
32 578
256 532
73 145
195 289
288 447
87 246
171 432
67 92
103 292
395 595
32 454
129 170
10 284
181 527
348 398
14 504
10 105
80 567
51 69
72 151
322 475
402 574
521 595
24 444
41 88
41 217
342 516
46 189
16 109
37 276
386 507
311 354
123 253
83 295
38 149
266 314
81 276
149 355
167 548
82 462
161 259
359 511
93 315
394 401
414 589
117 154
173 568
98 334
90 173
213 487
188 358
26 254
186 389
81 558
48 283
461 534
7 110
303 553
357 462
153 233
412 538
63 423
520 582
334 446
5 20
58 481
2 332
164 413
47 421
39 258
204 373
464 480
177 363
176 545
138 563
457 598
17 279
399 515
268 414
39 293
214 350
136 495
233 543
257 295
279 288
235 341
101 525
158 364
191 370
74 427
102 171
97 320
226 434
382 475
7 192
157 559
351 385
373 407
186 208
97 163
40 456
24 491
129 422
207 340
167 377
238 288
281 417
103 111
160 167
236 469
324 555
421 494
32 312
36 122
181 196
13 36
289 396
270 356
131 155
381 416
110 130
281 492
127 493
208 421
204 342
98 326
97 455
103 185
313 333
21 471
351 491
522 598
342 453
64 279
216 463
296 426
205 544
377 583
545 584
78 128
182 426
91 463
10 485
399 407
277 399
26 75
1 377
28 139
145 324
386 413
182 351
241 373
106 460
2 155
27 223
322 327
266 482
235 408
388 556
198 346
59 477
23 407
229 250
315 333
141 500
158 456
76 586
121 272
312 528
343 517
61 211
44 321
19 398
261 426
270 495
9 82
240 573
157 168
4 182
42 396
178 486
500 530
323 456
275 303
522 531
67 425
216 337
249 266
469 508
521 588
371 478
138 331
132 582
43 590
7 376
227 531
5 154
28 234
289 375
61 62
14 449
377 541
197 460
396 538
294 472
38 595
18 200
20 214
97 282
242 271
142 499
391 492
257 478
187 383
131 446
32 302
242 516
134 581
363 575
294 483
282 513
208 308
49 525
19 193
227 570
73 202
332 550
174 239
254 264
365 573
258 310
356 428
79 577
32 524
281 330
183 215
202 556
92 425
112 174
192 250
382 467
104 146
141 503
255 349
129 579
176 183
275 370
69 458
134 509
284 485
99 163
135 430
250 330
33 485
164 386
542 593
239 304
406 458
241 346
364 592
13 416
111 281
242 442
249 300
160 569
208 551
369 572
29 382
178 238
37 163
7 43
468 537
67 410
432 466
252 367
569 598
136 199
172 594
57 116
111 444
405 576
308 389
290 556
433 501
315 355
229 492
420 426
201 543
59 543
105 239
62 211
313 355
137 310
268 360
55 351
341 512
197 206
44 293
87 310
303 370
61 181
521 525
39 87
31 97
335 528
467 475
337 437
80 314
223 269
283 542
106 197
223 354
25 301
372 440
4 296
109 113
186 270
19 509
172 234
193 520
13 206
389 495
112 542
131 559
129 234
135 161
50 507
148 567
153 532
216 519
235 411
20 107
176 186
281 404
228 344
103 382
184 461
272 336
392 452
493 512
39 246
77 225
234 422
270 450
163 397
77 597
44 246
268 589
310 433
440 481
476 498
411 439
277 424
328 380
54 359
92 356
467 555
218 225
267 297
522 569
393 576
69 580
132 532
16 56
363 461
92 428
41 339
61 349
54 64
63 539
36 312
97 513
183 409
13 381
66 201
133 477
136 560
126 151
14 523
398 579
63 464
68 70
32 146
77 78
357 568
243 258
548 576
34 195
2 504
7 392
60 573
529 547
388 596
321 336
132 153
140 568
504 561
410 443
481 484
263 345
51 148
210 343
177 184
163 276
480 497
121 205
139 167
233 316
456 549
347 551
206 335
92 362
276 383
96 595
229 330
196 582
125 547
125 161
264 378
159 223
506 572
2 216
82 478
123 315
152 162
342 435
57 68
367 518
149 315
266 286
35 300
270 389
124 258
63 230
0 389
34 445
321 343
144 384
109 224
452 498
150 435
374 398
126 218
60 369
488 529
128 563
36 104
258 343
290 596
192 536
224 548
449 566
175 546
183 455
81 163
130 190
148 248
365 574
179 207
256 480
265 324
19 196
338 441
245 436
288 537
154 502
119 483
56 109
150 271
123 149
215 425
104 383
341 439
392 476
526 592
431 582
18 344
166 239
144 379
159 311
206 460
96 173
130 192
443 529
141 165
81 280
231 408
504 577
21 34
137 188
91 216
390 579
76 142
175 593
57 414
301 574
61 497
137 501
310 412
79 227
311 461
210 271
123 556
216 331
212 434
340 550
89 499
65 162
66 191
396 471
122 381
336 343
24 70
8 228
279 434
566 583
285 386
285 317
68 278
292 403
446 571
130 585
116 589
258 400
359 466
280 558
6 504
136 317
128 337
260 579
348 591
188 289
26 80
83 267
195 375
134 181
228 429
32 528
376 591
515 534
125 361
236 579
145 265
376 392
282 380
248 300
316 465
244 262
73 290
187 592
193 237
52 425
146 312
147 429
338 455
43 250
291 585
3 540
224 541
31 99
6 227
61 255
158 441
17 419
264 415
230 539
40 158
118 487
448 519
325 337
191 543
46 464
201 316
170 594
296 549
46 465
209 436
350 366
1 583
173 588
386 535
86 221
410 505
382 572
303 518
112 262
105 493
68 345
98 481
159 274
119 448
144 240
146 187
198 419
423 539
95 373
341 493
165 348
169 512
431 520
185 281
25 492
112 283
275 554
45 428
90 588
101 175
443 488
293 517
22 409
381 481
221 275
84 520
6 449
3 414
410 488
198 373
156 474
224 508
285 358
287 524
143 286
266 305
335 500
38 355
476 477
76 222
305 567
9 140
352 427
328 545
559 598
72 218
56 508
3 57
14 561
75 463
80 305
495 501
128 331
178 288
90 357
329 518
157 598
56 236
201 233
9 357
9 568
65 152
27 269
33 48
292 451
65 71
195 510
44 107
62 181
449 504
58 168
62 469
297 418
475 555
53 313
423 480
89 586
394 479
133 221
46 233
500 528
338 409
256 497
95 198
38 96
37 338
224 576
472 580
111 491
230 465
252 303
114 461
25 353
136 356
313 595
278 385
281 391
41 459
100 459
251 402
274 534
231 496
367 573
135 278
78 437
186 308
394 445
59 490
20 350
10 239
213 433
203 410
208 494
287 302
306 536
200 295
65 150
151 436
468 565
145 290
7 86
440 558
30 426
304 408
503 530
15 267
205 350
171 461
207 571
313 395
250 306
179 446
33 49
502 544
321 366
218 432
470 471
75 143
85 447
110 376
392 591
297 478
455 584
106 416
235 493
133 275
83 290
17 226
91 264
361 547
86 552
236 260
163 455
379 403
370 554
205 489
421 551
214 366
0 208
121 489
165 376
40 488
171 466
38 313
349 532
325 437
143 463
444 491
242 269
11 159
270 428
98 440
283 284
177 380
240 587
364 526
182 299
23 515
42 412
68 116
108 449
497 532
322 429
119 406
328 347
402 492
291 578
9 418
227 522
286 565
396 510
122 440
209 280
394 593
331 337
349 582
66 252
132 431
111 540
86 590
149 568
50 100
204 424
157 326
321 517
150 516
333 360
175 525
244 535
320 328
240 384
278 345
267 418
206 416
87 538
298 472
361 430
165 591
183 425
67 158
319 457
35 222
496 505
217 496
273 499
29 467
54 114
253 418
507 535
161 231
290 344
44 366
367 553
536 585
158 526
1 472
35 586
167 576
96 149
217 362
323 524
122 558
217 410
23 241
537 565
153 431
116 345
158 323
161 443
45 176
188 501
301 402
196 520
17 198
139 427
88 285
490 543
77 245
0 308
400 442
231 235
229 590
108 583
108 570
267 596
294 580
66 543
47 400
66 303
179 372
78 486
183 584
406 415
133 476
221 329
231 259
326 481
147 555
47 551
420 585
198 241
52 158
29 103
138 216
8 475
311 575
279 511
9 462
99 436
347 514
0 487
169 493
44 517
69 483
152 205
447 537
422 579
186 545
78 340
51 458
262 593
50 94
209 372
106 484
353 492
271 272
238 565
168 319
4 361
23 461
344 473
49 395
325 486
257 371
42 289
113 260
85 212
176 428
166 235
448 561
299 417
174 284
218 511
185 353
59 84
471 510
300 368
71 453
456 524
477 498
51 222
125 135
199 560
83 200
213 310
313 485
274 311
75 264
188 317
5 502
395 485
279 359
205 272
194 379
401 479
234 427
238 325
351 417
194 403
131 577
304 459
435 453
9 253
189 256
151 245
59 431
452 591
261 291
111 185
94 112
351 430
93 556
127 313
27 551
212 562
429 473
377 387
27 47
144 369
6 570
207 209
147 324
261 549
202 268
332 446
109 352
33 284
435 516
474 561
267 388
57 589
336 366
345 439
143 325
323 364
96 521
524 549
407 515
232 562
328 514
19 527
383 592
398 509
352 393
82 371
267 295
83 344
209 340
102 432
194 384
44 214
509 579
215 409
48 309
274 461
12 530
401 535
208 514
99 397
307 380
1 298
179 571
310 487
340 436
347 575
232 482
88 339
30 261
280 397
134 527
179 334
94 318
229 402
41 496
159 534
382 451
175 219
285 507
249 482
124 442
68 540
184 282
180 295
302 578
332 563
260 427
337 463
73 414
144 572
330 404
123 533
381 440
47 243
25 240
26 567
247 252
420 536
487 501
519 564
547 549
379 572
233 465
438 465
345 599
345 512
220 508
141 374
518 573
69 406
0 494
37 592
107 246
232 468
479 593
205 336
3 68
258 551 526 62 193 564 81 279 355 58 56 513 105 388 582 375 483 286 90 572 344 227 439 132 29 280 133 28 429 238 97 312 124 584 287 412 597 62 274 422 351 131 186 598 264 441 320 319 588 435 74 312 270 242 381 78 397 389 317 17 176 336 16 297 258 321 415 342 451 205 456 112 261 241 147 85 144 319 269 25 269 408 311 449 82 516 439 191 277 355 241 326 316 0 224 498 79 293 20 204 248 157 288 62 526 302 204 123 372 233 222 53 450 423 465 431 367 543 70 69 334 5 493 62 332 18 80 261 276 599 389 296 294 129 76 236 62 8 56 41 310 461 478 85 72 0 285 466 330 536 576 482 238 157 355 117 444 24 254 123 349 570 511 507 294 539 363 554 256 308 544 13 269 238 192 559 282 205 408 24 360 4 152 249 570 495 11 56 277 575 153 138 74 35 478 9 487 250 520 71 452 455 415 267 313 569 76 109 318 154 474 253 529 110 432 198 105 85 578 386 493 309 181 243 548 464 406 43 569 164 203 154 391 416 469 347 235 516 209 70 191 535 254 537 580 592 297 334 271 580 180 585 433 307 457 474 339 143 574 587 57 526 113 524 127 321 353 362 282 388 393 428 380 117 305 216 420 468 326 299 54 265 354 87 503 558 87 96 577 422 142 129 324 381 132 443 78 574 36 529 222 465 399 219 266 315 96 217 368 417 304 510 483 505 446 249 570 332 504 86 559 498 534 537 383 336 438 230 291 336 456 370 10 284 34 158 441 325 523 256 490 314 302 433 122 292 166 147 224 220 76 324 56 405 335 184 319 9 142 261 11 377 16 222 319 257 13 250 493 282 532 85 2 228 188 42 396 42 209 11 513 441 318 572 45 234 140 137 447 369 434 387 548 29 531 197 153 161 425 580 241 263 116 270 528 306 1 27 439 404 329 174 463 355 93 524 120 517 171 598 305 270 86 397 152 235 462 371 226 119 219 494 375 214 560 395 154 9 197 528 363 152 140 287 315 441 486 179 454 15 124 517 302 61 133 61 304 393 476 105 378 52 519 555 228 398 83 292 526 474 359 321 18 255 562 287 557 291 103 247 540 10 317 555 421 485 205 196 540 358 458 399 334 252 219 459 398 115 367 449 563 141 227 587 408 536 537 9 330 458 216 283 67 358 140 402 479 543 49 518 138 396 153 461 386 101 299 336 85 100 110 508 577 566 583 10 565 564 238 575 43 1 279 458 434 223 114 35 431 174 479 72 300 38 69 203 43 459 207 228 330 574 211 293 215 216 64 425 241 128 507 181 590 335 63 39 69 327 71 560 33 404 97 443 49 329 5 157 220 371 442 511 339 369 263 88 277 292 526 372
289 253
388 966
283 763
808 344
635 444
61 22
324 864
734 669
997 376
893 52
676 152
100 312
648 698
480 623
280 910
964 128
561 967
45 545
991 227
689 853
107 4
363 1
392 410
92 452
790 427
884 572
96 799
176 305
504 858
896 397
629 540
287 537
556 568
669 92
452 34
34 917
485 589
429 493
766 122
233 109
538 410
515 245
315 64
749 631
194 77
395 336
904 911
210 268
639 55
710 62
532 141
126 882
479 367
728 190
129 519
770 487
603 960
780 350
432 724
880 833
952 619
780 952
718 970
940 951
86 544
29 165
980 788
510 349
774 384
168 946
807 401
20 219
235 549
860 272
563 846
136 812
151 965
170 625
195 675
323 812
62 818
371 532
908 90
946 234
803 819
20 662
786 684
246 49
480 206
134 989
824 30
191 815
451 282
816 210
554 120
0 474
781 83
319 477
390 705
306 504
574 140
711 10
199 475
920 437
469 562
652 176
489 700
185 12
397 905
520 964
657 658
858 428
597 116
569 906
128 482
420 547
733 313
15 81
232 169
224 912
829 812
67 187
435 603
844 153
154 232
616 391
247 507
712 156
202 710
591 790
655 628
364 738
811 879
823 750
648 920
658 360
424 214
343 132
244 769
480 887
854 92
630 721
174 992
116 737
950 574
888 303
512 556
911 325
73 874
804 124
75 213
246 572
48 115
871 878
25 28
330 752
276 962
414 772
498 396
124 343
457 868
622 339
9 119
387 489
422 124
649 771
618 192
451 902
441 750
762 253
561 757
165 474
502 791
810 62
614 138
649 9
365 313
242 440
141 660
329 666
995 65
681 940
676 456
389 375
211 446
863 518
315 317
484 521
354 183
879 926
624 641
956 775
708 638
734 816
911 499
420 54
721 864
528 724
34 490
450 254
966 211
998 827
834 243
531 365
7 368
90 132
527 654
296 677
262 317
302 622
129 194
787 995
0 620
274 148
147 55
448 381
198 787
512 307
209 535
621 25
651 991
839 729
83 926
145 316
483 989
194 607
0 553
353 860
991 280
799 573
974 967
589 265
11 712
919 878
531 818
661 208
595 906
772 787
92 675
579 178
919 598
57 463
116 232
233 234
516 83
218 643
225 71
984 629
48 885
10 790
715 607
847 661
987 711
887 149
106 837
756 897
852 934
981 103
200 168
584 300
569 877
607 517
568 74
654 303
154 852
857 321
52 756
920 167
813 281
112 277
341 285
100 199
113 164
15 994
144 425
895 748
407 509
57 306
709 360
68 581
360 567
790 503
274 457
631 87
657 116
466 185
91 746
581 505
91 628
352 89
914 226
632 585
918 471
205 103
255 985
995 151
645 476
934 146
341 984
705 505
0 867
870 598
571 541
930 717
565 243
33 838
732 524
289 419
282 277
681 59
259 127
153 389
516 607
732 138
80 777
804 160
956 890
388 168
543 89
462 783
323 399
145 121
951 327
508 472
886 355
157 745
401 741
991 327
282 380
883 702
758 546
217 769
271 726
774 190
357 677
561 653
144 148
186 763
426 447
522 204
277 652
696 240
22 278
164 167
950 259
705 315
101 488
254 368
729 789
799 907
117 41
740 447
535 904
846 539
168 365
765 151
385 234
866 28
443 142
117 550
795 233
665 413
487 248
200 420
482 456
888 639
114 90
976 660
11 953
990 578
940 755
969 73
342 627
23 454
614 759
387 70
676 693
403 943
161 808
965 526
252 411
444 651
979 431
443 521
937 548
749 412
467 133
423 908
861 172
308 278
620 861
834 515
716 716
518 931
517 20
711 103
339 51
344 526
683 815
41 392
179 232
497 60
829 602
936 490
783 548
491 926
213 872
49 439
596 230
420 401
556 332
648 275
288 84
445 84
808 319
177 867
470 663
743 481
906 122
12 521
674 544
229 306
569 809
924 982
44 360
440 332
634 512
527 879
383 294
942 292
664 388
862 854
193 500
307 145
22 600
58 241
298 579
172 711
985 918
695 273
427 632
473 403
133 254
580 385
835 418
468 1
343 707
52 607
238 871
339 926
360 243
952 453
733 757
31 251
517 527
363 403
537 474
452 812
153 902
549 169
499 673
169 439
962 8
151 785
892 968
953 922
158 523
926 381
34 696
666 963
290 1
314 27
311 1000
913 271
248 924
963 381
777 726
855 793
935 105
549 29
900 993
419 694
34 737
237 954
453 705
695 131
168 662
274 174
550 387
52 152
882 806
797 453
831 563
686 190
271 223
322 236
545 280
827 952
766 752
82 995
564 716
317 183
49 60
595 699
301 830
538 308
975 500
497 156
585 989
673 875
375 35
165 574
720 264
312 430
283 336
71 407
93 253
184 135
929 674
225 828
763 830
752 43
392 842
294 939
545 500
752 0
451 448
693 891
597 624
563 424
621 667
360 823
828 905
842 121
106 423
499 129
693 590
67 656
287 44
950 992
837 380
415 972
596 79
921 823
75 44
324 352
659 33
589 432
451 972
586 479
265 676
180 340
840 694
956 687
920 787
938 353
845 192
526 110
389 616
372 790
413 248
260 856
2 685
235 717
272 825
74 703
314 968
84 849
839 58
432 864
347 886
291 702
990 531
943 653
844 633
208 374
496 953
314 788
586 587
605 841
216 991
631 885
764 870
363 967
342 377
664 583
49 964
892 538
791 22
782 304
770 657
692 760
471 488
583 33
488 751
749 95
889 205
128 611
410 819
663 335
