600 1278 600 887 24
504 548
300 448
54 563
255 281
208 312
23 385
93 550
112 400
163 296
260 484
157 288
172 366
309 561
74 170
20 272
256 407
467 483
213 544
187 219
33 275
41 267
62 324
5 210
135 474
226 325
173 369
237 472
78 128
280 437
139 408
37 532
415 450
96 345
336 364
149 318
248 354
44 377
369 550
564 594
152 295
211 288
10 475
99 410
71 248
89 541
209 315
316 382
2 558
335 397
480 545
22 128
162 166
34 80
178 338
345 495
106 257
183 413
150 160
471 554
511 529
22 93
105 537
125 279
453 590
175 577
252 535
53 544
3 587
89 527
365 595
51 399
90 393
549 567
255 355
238 256
104 234
364 477
527 554
381 446
330 457
190 374
67 164
163 572
354 391
133 371
18 542
350 569
303 384
54 113
498 559
124 577
117 408
6 356
427 540
231 536
29 421
481 578
74 232
4 329
364 388
201 452
6 110
41 346
66 120
154 487
235 292
96 592
104 577
482 548
174 195
16 574
262 331
271 468
61 259
384 411
499 515
111 245
347 497
120 140
12 166
82 259
73 315
77 598
118 232
109 441
42 434
275 370
189 220
203 404
224 499
405 578
452 517
50 270
276 466
110 519
220 244
203 510
198 596
524 574
183 198
177 560
78 341
448 541
175 413
36 440
459 571
298 328
107 267
142 270
103 108
437 553
287 421
42 103
361 470
59 222
225 494
40 410
126 563
104 307
396 510
160 460
11 502
109 159
72 508
80 194
342 464
294 469
116 498
53 193
176 561
337 467
91 389
498 525
221 539
186 281
251 339
127 525
64 515
199 474
265 491
8 169
77 568
324 339
56 64
56 331
148 519
468 513
461 490
57 143
418 581
22 476
172 505
524 544
72 439
109 538
83 304
12 402
246 373
32 44
105 451
420 486
30 259
287 585
136 444
487 503
289 438
316 448
45 344
144 346
132 225
359 560
175 251
341 344
490 558
246 587
475 596
53 587
5 154
20 435
177 360
279 461
243 274
74 561
70 477
75 544
284 491
322 458
85 489
254 558
41 149
8 406
57 97
181 313
282 513
49 383
87 216
129 206
347 383
174 333
256 301
463 517
297 581
214 553
185 227
82 228
388 457
202 597
17 341
114 492
80 265
114 535
72 183
314 447
433 515
381 496
62 302
296 433
49 539
326 504
173 482
276 372
67 485
369 482
121 563
296 515
95 138
106 338
214 494
32 577
144 251
37 446
258 518
102 473
13 205
376 464
202 440
306 417
542 570
45 128
67 360
393 537
505 533
44 242
9 56
190 403
316 432
73 209
192 362
206 310
199 519
94 449
366 529
402 409
54 427
168 404
161 404
91 501
66 241
131 593
83 149
241 482
439 508
23 207
13 231
309 401
3 340
93 128
70 364
189 437
155 463
26 154
11 84
60 66
96 266
118 349
88 246
1 469
197 343
117 469
295 569
171 412
28 117
215 216
217 539
11 415
33 171
353 573
68 489
293 444
180 395
56 310
7 48
125 224
199 470
68 86
140 476
184 188
301 407
279 543
106 469
275 586
195 244
199 261
466 496
192 479
123 412
59 289
271 311
203 568
291 395
170 232
190 269
15 365
132 522
87 361
125 266
301 328
45 323
81 537
426 455
382 428
17 325
159 322
381 466
5 158
410 444
288 321
21 561
449 470
64 227
293 447
303 491
50 501
0 575
187 216
22 286
236 339
212 360
284 414
14 414
172 552
106 294
33 465
134 273
393 590
256 298
315 337
219 378
363 509
239 287
228 356
550 584
278 336
6 82
305 374
294 338
94 127
276 471
388 582
434 454
529 560
132 214
202 566
245 509
446 466
85 597
259 335
312 599
312 563
92 498
357 530
351 495
159 463
94 258
142 307
207 402
283 543
298 352
252 594
22 78
251 346
65 574
79 391
349 542
484 572
142 234
139 264
424 515
390 468
243 593
52 209
39 185
233 344
392 479
169 535
333 343
320 365
213 524
524 579
153 353
147 277
72 243
291 529
132 494
0 347
262 406
197 582
321 324
139 195
264 333
386 543
252 492
164 533
146 582
216 576
332 410
506 507
451 578
274 508
530 582
33 516
396 473
44 577
423 572
20 89
52 532
137 351
222 355
8 48
76 410
281 384
229 264
41 562
99 447
86 134
99 283
331 406
270 512
372 496
105 590
540 563
12 479
132 200
148 199
166 247
92 518
283 558
175 339
31 100
402 431
125 499
309 417
239 585
320 422
423 499
571 580
204 455
29 259
187 455
1 117
152 552
13 157
447 531
458 463
209 496
181 269
240 435
154 191
96 136
505 552
29 287
207 538
201 277
25 404
520 554
423 515
265 284
43 459
114 337
178 522
156 480
298 551
137 345
69 385
426 557
55 595
69 464
167 323
60 476
418 573
217 379
23 431
124 175
59 355
129 310
136 447
348 459
400 435
102 368
36 394
325 344
295 350
95 100
198 301
138 583
192 392
334 580
138 368
269 305
401 462
269 374
129 227
197 457
505 591
179 376
383 575
448 520
449 576
296 396
352 546
144 302
289 436
468 547
389 502
259 400
388 536
192 268
57 246
348 500
490 564
169 262
249 363
144 236
64 310
175 324
18 208
54 540
7 125
379 506
48 535
276 446
16 52
249 509
7 252
77 567
4 355
30 61
393 453
40 193
104 324
566 597
113 225
132 553
210 489
47 340
454 545
66 140
61 397
285 511
68 322
41 318
314 531
337 483
5 24
350 539
10 221
528 580
189 563
57 81
63 138
330 333
14 80
336 457
350 501
257 547
359 511
114 315
534 556
87 215
128 550
389 569
247 292
195 333
162 479
372 466
238 301
103 313
537 590
297 353
449 557
146 530
509 533
78 344
50 91
399 485
44 512
122 510
56 406
187 378
153 297
13 357
264 528
216 378
8 424
463 559
261 474
189 540
217 350
55 575
71 391
415 530
142 502
80 190
180 285
72 198
182 314
284 384
55 507
199 380
46 193
25 129
55 506
333 589
0 194
154 188
33 481
39 396
283 461
151 572
337 372
320 507
234 308
13 582
361 576
348 580
157 472
160 179
147 525
220 327
353 418
5 240
361 380
62 237
74 208
170 417
90 373
327 437
77 549
456 548
236 302
164 212
343 415
123 486
91 350
492 535
173 390
45 78
441 538
459 580
205 357
155 159
172 212
186 460
278 571
161 203
191 448
458 559
114 169
255 289
97 143
338 547
371 411
60 93
278 528
317 392
9 61
84 142
341 493
90 453
377 475
59 438
73 478
130 500
243 508
79 429
201 292
87 228
157 231
180 291
231 388
88 153
315 492
100 230
190 303
19 408
104 308
250 545
25 227
145 244
20 527
338 584
473 572
442 450
1 280
61 206
75 587
83 391
335 585
517 525
81 465
64 416
227 416
67 177
176 588
165 523
136 293
57 443
52 401
248 391
178 445
240 300
34 403
160 355
130 348
461 558
379 539
366 560
230 351
184 595
231 472
122 138
329 460
16 21
422 507
279 419
68 394
110 112
37 462
93 476
122 368
511 560
88 297
126 599
33 105
249 343
508 514
178 233
424 499
193 565
23 545
7 499
302 523
116 458
169 467
229 580
131 274
108 269
242 377
123 420
318 413
40 581
37 520
365 422
69 431
72 407
161 510
80 491
278 580
116 322
410 418
108 313
27 413
406 515
64 185
150 460
9 585
34 154
5 521
202 305
96 495
179 358
38 549
14 347
404 568
124 413
200 590
171 425
503 526
143 443
468 548
493 586
262 467
291 422
85 210
549 598
254 579
267 391
331 585
382 503
101 127
73 252
196 348
373 393
11 142
10 242
217 506
257 513
221 328
3 75
264 334
470 576
193 332
440 480
33 578
365 507
24 488
21 309
5 85
113 121
169 406
485 570
531 543
272 287
104 321
365 428
145 485
116 559
478 579
174 485
427 553
438 556
229 334
213 254
385 545
164 399
477 571
514 556
370 586
48 424
263 567
98 131
67 542
1 327
162 292
111 533
187 426
70 536
280 553
495 583
103 460
116 135
296 423
15 395
196 459
377 577
249 319
143 412
428 503
21 52
0 184
141 158
70 388
295 507
23 250
32 270
375 588
222 358
12 409
379 383
54 225
430 493
7 424
31 351
302 562
62 236
115 136
484 583
145 312
37 381
260 572
84 307
108 181
341 430
296 473
159 235
272 421
181 454
250 253
85 488
132 445
423 495
29 272
497 551
311 513
60 369
305 403
2 46
22 493
294 522
49 379
20 400
141 435
349 359
110 356
146 197
38 206
160 223
293 410
420 573
218 370
246 537
42 376
218 586
168 568
563 599
311 326
456 482
411 436
234 270
50 502
289 355
119 340
489 597
398 482
117 500
130 311
422 552
266 386
242 475
270 502
129 598
470 518
371 551
126 312
304 318
245 363
177 542
118 306
371 497
143 486
112 141
438 534
542 560
200 233
209 381
390 584
40 418
346 562
300 541
39 404
340 561
5 488
162 247
167 178
158 210
80 403
29 585
9 310
129 416
454 480
4 281
171 275
472 555
36 250
54 121
168 598
106 547
35 583
380 470
128 323
37 554
139 333
273 474
552 591
176 453
86 489
125 386
221 352
291 511
208 375
162 317
87 576
186 329
97 420
7 279
471 483
277 292
357 582
47 574
48 169
235 247
289 411
110 361
192 367
165 302
382 395
295 422
385 434
174 589
45 233
97 573
215 378
225 553
189 553
280 469
319 363
212 533
92 474
183 290
28 408
160 329
160 222
247 409
103 434
134 474
155 517
191 526
198 407
403 566
88 587
155 452
407 534
226 578
96 447
14 265
325 493
42 160
201 517
183 593
215 219
108 460
202 489
58 342
233 323
19 327
256 551
41 413
368 583
18 74
154 387
167 584
104 288
252 564
252 279
91 502
141 261
164 509
276 483
539 546
61 215
94 204
187 576
68 134
20 541
165 237
501 539
435 541
18 312
76 573
210 273
360 366
313 434
364 571
106 513
205 530
244 312
25 39
90 340
64 433
278 364
188 487
92 94
28 229
42 342
429 562
107 391
343 589
218 493
199 518
66 369
281 303
245 319
236 324
281 329
254 564
295 591
417 462
16 65
167 550
170 306
102 583
292 317
178 294
275 481
226 344
544 565
249 399
56 585
233 405
289 384
189 427
134 135
172 529
330 343
46 332
65 561
193 297
347 414
136 592
200 445
60 140
506 575
445 522
15 422
118 432
188 194
24 154
257 282
271 504
69 434
409 441
282 468
21 401
73 564
19 195
29 335
78 286
125 419
468 482
284 371
255 384
13 388
272 467
68 116
271 548
347 575
0 14
299 498
64 406
436 438
249 415
84 450
382 526
93 369
38 567
245 533
184 428
328 475
266 499
97 486
191 503
268 479
373 537
50 512
313 454
5 141
226 233
202 269
568 598
14 194
149 304
362 367
316 520
285 291
70 571
262 585
83 248
514 534
41 251
155 292
193 581
448 527
214 225
58 434
23 538
49 347
229 500
226 405
30 82
239 467
43 580
258 470
43 571
265 414
455 557
49 497
113 588
79 354
87 356
254 490
130 326
231 555
200 225
237 523
171 443
88 573
336 528
74 309
2 99
186 303
170 309
240 521
185 296
107 562
166 479
118 462
345 592
276 554
436 534
32 512
37 432
456 504
98 274
224 266
264 457
90 176
394 440
205 442
241 398
103 150
213 565
51 174
369 584
474 518
190 491
57 573
53 75
310 416
439 534
432 462
323 550
198 328
88 193
3 246
275 425
290 318
370 425
564 579
409 22 412 123 452 284 293 577 599 401 151 235 268 106 425 319 60 425 470 57 98 539 289 397 483 540 542 263 517 395 24 204 79 210 434 338 218 573 392 91 307 16 311 96 82 261 136 111 463 462 132 424 388 235 576 545 295 100 330 205 289 451 305 124 276 531 197 337 523 593 243 410 8 208 338 503 175 305 295 83 112 484 488 208 83 210 508 23 266 92 177 16 450 240 528 0 272 529 168 562 477 385 347 548 489 12 6 589 38 312 305 46 99 371 88 578 9 199 265 332 527 177 525 448 178 511 492 88 471 451 312 23 1 94 549 459 20 451 543 563 15 374 586 247 411 449 506 448 336 54 117 547 51 357 82 526 460 207 89 147 342 416 329 183 117 415 429 494 200 173 582 185 573 227 181 485 239 29 482 326 55 310 251 116 107 356 445 586 119 555 323 218 254 63 27 65 366 4 595 518 151 531 309 38 436 485 188 343 72 201 549 160 166 243 412 248 500 133 462 176 266 578 203 346 234 98 76 426 167 96 165 418 8 337 289 206 463 599 61 422 556 487 479 507 545 69 333 459 356 298 108 175 164 198 218 319 596 465 240 537 487 104 209 579 219 168 288 472 144 179 519 34 264 458 514 93 487 350 445 341 117 145 475 440 470 125 368 331 69 43 7 21 476 239 35 536 320 516 234 365 107 291 308 338 488 392 170 122 426 68 357 579 271 485 424 427 200 32 122 165 118 223 555 519 318 596 88 42 299 419 141 13 406 399 443 290 132 147 456 410 136 175 502 185 475 513 493 113 252 210 202 352 120 535 42 39 300 296 490 302 479 548 492 62 389 110 116 143 384 545 575 345 351 497 78 307 210 583 81 310 425 381 489 95 543 176 319 404 87 68 398 345 578 255 323 135 415 48 365 162 118 298 114 407 257 353 504 498 254 182 290 564 289 15 436 361 286 326 11 177 591 487 560 426 378 274 495 484 322 540 366 493 105 63 30 514 451 582 400 295 384 155 286 99 461 253 397 222 175 194 410 212 251 359 132 17 545 248 565 74 449 88 126 104 516 484 383 560 352 422 178 299 535 129 9 266 274 359 101 214 492 446 309 29 42 86 109 435 376 58 27 404 11 208 7 348 267 425 33 239 143 21 348 446 522 211 445 412 381 1 144 392 514 307 254 147 396 211 424 30 269 220 270 206 13 519 308 132 348 167 77 53 147 570 73 45 145 134 65 262 587 227 145 548 133 569 572 230 464 307 369 395 206 10 46 311 177 457 388 393 235 265 286 576 81 450 7 100 233 523 555 397 49 561 15 148 135 336 117 266 44 101 169 446 583 470 421 152 202 278 401 562 268 444 126 490 236 68 397 286
310 527
662 164
894 623
800 471
108 591
395 703
503 790
791 723
739 747
638 811
192 339
366 298
88 877
377 102
269 554
428 457
753 566
965 236
604 376
575 168
552 680
701 528
961 156
137 809
328 661
739 911
425 586
103 185
621 122
577 743
562 835
971 890
242 232
927 336
331 637
886 878
236 789
577 559
607 927
762 921
942 587
77 154
39 731
566 13
211 238
889 186
851 600
763 495
756 732
229 432
291 307
520 258
671 549
837 519
741 306
346 526
673 816
915 423
61 749
17 577
952 118
578 848
176 68
954 969
736 835
735 540
922 41
509 341
283 791
73 789
462 9
19 50
62 347
726 605
649 414
800 532
994 545
650 977
934 196
64 47
279 614
856 404
517 809
10 73
323 223
335 729
297 774
515 887
862 513
533 666
720 438
324 341
346 895
940 135
371 936
964 997
940 782
941 465
1 230
932 650
974 962
339 956
870 920
105 690
255 183
862 314
748 104
77 80
184 673
194 829
471 837
379 352
474 761
717 370
684 678
993 704
302 860
655 127
542 474
727 458
995 5
712 333
864 984
983 423
146 209
849 735
646 306
337 929
925 154
673 897
679 15
5 257
785 219
172 499
333 796
346 824
964 734
951 849
895 956
584 145
984 77
431 733
324 264
935 438
138 115
552 309
411 201
252 987
404 815
41 114
98 653
878 899
387 411
897 512
382 619
197 909
208 735
330 57
403 741
172 878
65 649
791 972
127 923
819 901
483 332
177 26
87 908
838 161
719 970
701 747
632 469
977 390
451 388
866 54
519 228
184 191
707 419
508 362
838 183
0 680
483 500
185 721
898 745
70 275
364 557
722 868
174 639
521 985
335 588
680 270
212 622
450 573
16 934
889 579
308 597
547 213
626 20
456 185
107 343
403 852
809 266
206 967
236 734
776 987
437 966
370 161
633 900
106 831
647 350
696 591
374 742
334 182
446 349
833 587
760 233
567 913
515 910
329 422
1000 267
550 953
644 232
190 379
36 629
37 659
848 755
764 302
904 238
697 870
540 855
593 108
943 911
363 39
605 435
870 213
277 220
171 911
167 91
228 14
125 389
635 715
450 676
883 33
187 264
13 332
606 253
394 300
847 453
145 881
5 33
439 267
209 803
154 162
762 684
235 825
826 628
123 577
103 446
764 88
407 916
588 821
868 857
404 792
673 721
580 973
521 142
248 568
875 757
71 109
32 892
216 652
257 278
782 12
594 701
367 781
1 315
954 329
593 631
221 1000
510 55
816 716
705 173
150 582
791 91
879 663
202 547
519 492
966 180
623 737
299 108
62 558
31 218
472 467
176 938
950 665
772 148
359 417
796 887
907 550
133 431
321 887
470 683
118 363
141 68
183 586
21 134
226 691
596 477
307 192
271 197
656 468
654 832
757 32
623 315
124 699
916 707
679 632
520 581
126 973
30 198
389 245
380 456
261 116
251 860
865 184
206 115
956 257
742 12
640 188
147 357
123 608
474 150
692 793
906 602
521 205
550 97
590 771
487 72
654 663
819 145
180 123
740 474
956 213
35 765
455 220
938 239
946 807
107 136
253 472
655 36
571 416
338 377
937 880
176 405
923 530
65 22
88 595
513 850
381 134
5 601
551 444
476 351
479 856
46 996
416 280
482 34
396 468
473 388
34 958
875 945
886 67
996 332
151 528
632 638
794 424
237 654
690 343
32 704
190 242
525 944
257 427
439 843
657 591
495 540
266 456
133 554
108 787
872 719
403 668
445 67
359 324
857 76
46 80
78 979
778 377
251 769
440 478
814 958
606 810
903 18
488 278
535 763
640 524
86 846
282 641
751 952
846 270
726 781
80 371
601 172
122 873
959 616
109 534
962 420
110 212
245 526
399 219
673 868
622 487
960 552
853 711
964 496
586 724
395 441
842 846
777 789
998 368
484 967
716 262
435 521
109 68
981 213
80 812
534 555
767 855
90 714
470 708
49 487
704 200
27 511
40 367
230 757
177 851
354 178
931 402
981 655
823 217
614 578
940 702
503 619
445 902
348 213
831 291
222 939
740 393
131 740
478 991
854 14
467 114
266 878
586 10
131 636
855 663
564 517
230 900
1 771
895 396
626 607
654 703
817 82
739 134
439 874
590 662
280 17
845 936
365 835
164 277
972 134
482 10
768 622
78 943
205 766
924 314
863 34
619 664
899 856
527 303
974 447
356 600
326 696
304 753
821 661
212 566
701 663
990 236
764 253
925 851
648 621
202 491
297 918
833 771
637 79
279 361
332 294
417 566
815 10
425 386
308 465
357 453
17 371
420 305
846 963
521 419
226 257
779 70
36 418
769 816
929 372
239 918
396 878
441 820
544 573
443 698
798 189
175 1
802 570
309 937
480 567
530 644
537 80
469 414
405 148
903 690
588 524
404 338
58 447
734 677
399 7
823 390
164 826
255 403
718 287
492 691
531 375
878 698
819 558
150 747
202 454
813 120
819 48
633 966
893 123
174 466
423 411
710 240
572 640
319 2
0 480
452 945
859 622
257 908
501 394
696 467
120 100
693 303
794 636
851 559
283 675
624 996
711 998
347 349
543 327
510 3
864 878
932 501
752 528
271 487
492 908
181 214
895 280
772 584
577 42
936 553
405 126
913 892
851 127
631 764
984 288
838 487
686 386
485 243
810 344
408 372
986 799
27 296
797 664
397 502
155 316
295 719
672 976
663 291
