600 1082 600 1056 9
167 383
457 492
123 269
260 321
31 372
99 538
350 470
124 478
168 189
255 537
200 392
154 566
98 527
107 365
33 540
16 304
131 429
108 503
542 559
150 483
119 313
67 338
54 404
328 455
228 502
108 210
495 558
480 571
523 555
86 151
73 385
111 143
47 118
317 459
475 598
105 447
322 532
200 254
28 256
141 507
540 563
52 502
102 251
43 554
173 281
63 434
10 500
101 184
33 170
228 585
54 216
198 261
114 209
51 591
59 301
175 530
53 291
255 507
215 470
391 584
83 252
360 551
14 86
110 172
135 385
318 520
31 121
171 196
9 509
298 407
149 188
139 389
18 422
68 551
176 569
258 333
237 508
20 221
438 525
117 585
3 481
110 390
82 403
190 523
108 282
312 590
111 580
122 532
2 477
356 366
172 438
340 555
165 341
291 347
524 565
237 449
248 373
66 404
319 537
4 374
401 559
232 487
124 474
106 324
229 268
215 229
75 283
38 135
178 255
284 469
420 548
34 226
260 497
403 570
324 554
16 557
175 250
186 493
274 579
29 565
123 291
508 562
271 529
14 304
161 388
59 412
198 414
307 406
72 404
121 488
187 354
180 223
201 271
466 476
192 564
375 471
480 580
234 573
28 195
252 533
89 461
54 206
469 565
379 576
19 424
190 244
494 546
61 181
491 526
430 597
115 491
249 566
488 531
314 441
248 504
237 361
82 570
345 363
172 337
161 424
290 432
99 389
463 488
175 409
167 314
4 38
236 259
14 557
123 246
168 270
113 306
378 408
278 333
54 271
142 272
123 185
243 543
496 581
321 574
274 384
56 356
356 402
186 523
72 357
214 549
289 425
178 475
7 353
99 273
45 154
72 406
223 593
65 536
219 584
1 186
215 268
43 108
59 346
115 211
127 502
103 584
77 500
35 237
170 270
112 134
42 166
146 255
450 563
172 286
64 496
105 294
218 380
451 461
126 321
180 394
40 476
132 266
112 372
199 247
2 468
168 250
318 550
305 517
368 554
298 304
138 453
225 493
338 457
142 485
108 368
460 574
138 299
309 551
158 386
511 591
305 484
49 567
47 332
49 147
484 517
280 380
260 548
356 463
527 544
53 561
257 340
23 587
24 204
116 423
257 480
116 236
250 435
97 413
252 445
151 596
280 453
304 444
374 547
102 571
217 313
60 498
109 477
143 584
104 304
319 513
310 367
135 392
45 518
11 418
338 397
145 483
315 425
337 400
322 426
56 443
17 471
355 598
50 294
267 562
72 307
45 249
73 265
383 441
107 346
324 439
141 208
442 530
46 190
439 598
241 250
154 518
124 507
78 188
12 528
79 298
120 383
377 411
226 244
31 538
230 456
384 502
55 244
363 410
236 481
486 544
134 372
362 577
321 460
57 138
160 567
75 332
242 411
378 456
180 417
8 529
391 594
85 119
234 370
271 576
11 440
19 592
17 245
87 290
13 547
22 383
82 554
142 378
232 393
94 569
86 235
356 506
5 249
49 295
30 437
343 468
88 360
117 522
124 141
118 332
526 599
505 512
329 481
67 209
335 472
280 321
89 498
233 515
77 315
74 367
321 548
3 530
5 71
57 396
183 352
12 185
44 479
317 481
1 233
302 453
273 423
144 231
7 167
101 472
60 401
39 156
223 550
15 496
223 416
158 578
289 315
90 491
269 291
231 577
378 485
137 368
247 328
450 570
81 161
227 452
217 339
350 542
171 568
30 208
163 411
517 560
2 152
402 532
125 175
538 541
126 460
341 499
300 544
28 279
207 519
309 513
428 437
36 527
153 478
199 522
136 418
325 449
175 442
179 589
58 507
63 191
106 475
268 359
279 515
68 132
75 118
296 340
276 597
80 306
106 450
136 530
86 213
369 460
235 301
525 569
134 463
50 367
93 391
311 431
261 448
208 263
184 206
245 331
390 391
195 256
226 516
429 535
285 494
199 371
298 482
506 514
51 371
99 193
15 483
245 523
427 428
12 392
107 587
33 270
402 514
389 446
133 365
85 477
385 436
107 133
164 567
490 553
29 258
385 510
17 296
52 442
366 463
120 582
6 599
455 522
52 197
75 249
119 520
96 234
35 325
79 242
57 501
62 459
290 598
126 369
492 582
37 572
327 335
310 499
138 187
504 588
284 565
90 137
334 579
47 193
63 597
351 511
213 557
345 410
227 234
140 436
171 381
133 561
124 182
427 474
50 221
1 46
327 377
396 443
175 262
253 316
279 589
74 378
56 506
26 474
46 233
369 574
47 139
545 559
18 320
22 441
535 576
166 383
301 420
143 391
87 598
120 353
332 531
368 503
56 419
381 568
201 529
134 334
133 252
298 444
82 450
319 342
98 228
94 176
282 560
30 290
122 164
320 599
546 549
157 170
111 113
117 288
434 451
259 418
405 574
17 375
407 465
106 554
271 425
214 308
225 233
241 409
469 524
12 246
301 343
228 527
296 473
85 217
145 150
301 548
138 505
292 425
129 553
249 283
62 430
181 232
44 562
239 398
358 493
312 370
81 516
79 377
265 466
55 256
49 339
233 244
337 525
359 552
151 174
104 557
184 415
215 559
331 523
285 546
193 552
254 392
141 263
340 494
150 253
8 201
48 49
65 267
124 428
114 572
151 489
283 386
125 270
100 174
122 394
287 295
493 546
149 548
33 197
319 360
138 583
277 561
201 224
111 584
316 487
273 538
294 367
31 421
409 454
173 316
127 274
413 580
167 441
320 422
180 419
422 510
452 500
273 539
395 414
117 484
52 440
231 362
324 399
88 319
294 310
193 575
158 531
96 227
538 539
390 438
272 408
227 504
226 245
188 202
39 115
531 578
533 565
140 466
178 355
115 222
3 136
180 416
45 566
103 113
166 209
445 469
20 577
58 153
491 547
98 197
79 267
0 248
408 534
87 571
116 177
26 428
379 429
173 275
411 458
300 450
79 562
250 409
127 382
309 558
9 40
219 569
9 238
205 287
218 260
369 433
31 134
315 352
51 512
93 410
36 517
116 418
70 500
24 243
59 548
169 525
496 592
66 415
130 363
52 530
265 476
268 518
25 40
112 421
190 331
539 579
53 277
390 504
67 492
122 402
363 594
70 312
100 151
320 374
276 434
89 329
21 427
347 407
184 462
395 554
513 558
50 240
87 448
235 468
58 490
247 371
551 558
14 444
86 303
9 131
10 452
7 461
198 448
326 451
8 224
345 373
85 520
235 412
94 219
310 353
150 474
317 329
69 186
116 273
109 287
86 100
14 596
351 565
275 577
66 357
48 567
19 55
308 323
91 300
464 498
325 436
154 229
80 113
222 363
210 568
222 599
11 194
479 508
80 257
140 449
208 437
37 209
23 347
114 397
74 230
95 314
436 528
44 184
36 486
113 308
285 555
421 538
312 529
65 298
397 572
200 344
269 465
288 502
181 478
204 497
3 409
35 246
581 592
27 63
88 456
395 399
150 181
177 552
298 458
218 453
18 374
98 300
22 42
130 222
302 369
203 588
31 139
180 550
4 18
386 578
229 470
229 518
88 189
206 216
223 318
200 374
371 591
62 534
211 222
52 274
13 137
77 590
243 477
225 515
124 153
505 583
93 363
32 183
59 202
328 349
348 352
544 570
107 188
56 501
84 164
61 553
23 304
315 529
527 585
207 457
360 456
399 439
105 310
110 286
4 200
6 345
40 73
41 102
148 185
299 593
85 543
349 351
73 510
129 490
83 511
186 190
131 184
155 396
47 389
378 534
490 495
128 225
213 346
185 246
254 467
13 491
338 492
160 550
340 375
217 295
385 466
113 323
370 573
330 455
396 501
275 376
86 412
57 299
97 143
545 556
507 513
230 378
203 500
332 488
178 507
251 375
21 81
322 366
153 490
148 291
334 541
128 233
299 453
17 523
247 591
541 579
1 128
124 208
204 520
177 236
539 541
297 580
315 590
64 592
166 582
34 471
71 350
135 436
58 513
42 383
420 497
184 472
39 90
474 478
463 531
288 522
43 282
252 565
142 189
28 515
247 349
293 316
53 387
17 34
13 503
21 496
458 482
33 125
353 519
189 586
75 575
359 518
67 166
212 545
54 292
7 314
43 403
502 585
281 316
27 317
116 259
183 348
68 266
16 23
366 531
369 591
162 547
241 435
251 471
111 257
52 384
148 277
369 583
467 469
34 516
2 24
268 401
86 468
262 530
365 561
3 262
361 562
366 426
254 344
260 380
120 167
185 467
297 480
300 570
34 437
192 223
177 359
5 566
159 183
297 448
445 561
119 318
219 308
311 415
17 473
469 533
70 452
32 72
336 482
277 445
427 516
15 427
38 392
198 297
139 538
122 417
34 290
399 598
325 528
10 203
370 379
170 586
62 408
210 282
136 236
87 261
257 375
187 334
109 217
16 346
153 553
145 427
156 594
45 75
6 422
137 198
22 37
88 142
379 535
156 211
296 375
180 514
40 131
48 147
422 599
203 398
311 357
150 220
473 523
192 593
9 573
218 299
189 319
142 435
28 589
150 478
92 214
422 509
371 512
549 595
115 156
346 557
503 521
258 524
293 362
76 287
3 454
272 435
103 219
467 524
24 468
39 364
68 577
96 573
291 387
114 338
327 411
356 443
448 571
169 391
185 277
51 505
328 330
47 488
83 565
305 381
284 533
40 184
195 515
132 362
369 511
465 536
401 498
197 228
542 545
172 525
32 292
102 290
27 451
58 264
51 433
66 311
350 559
282 381
155 187
290 355
267 361
176 337
49 313
144 173
7 95
126 280
27 89
40 140
377 562
343 497
110 588
214 323
184 335
125 197
337 398
288 382
22 212
204 343
342 507
199 455
37 545
326 434
168 170
28 179
217 287
454 459
297 413
113 584
35 465
459 33 156 52 210 503 484 8 541 67 252 351 596 40 183 466 259 486 479 113 102 503 584 312 86 557 284 451 61 80 249 332 513 548 119 38 340 449 203 575 263 442 36 125 477 588 85 338 286 433 117 137 533 245 466 462 353 221 36 129 535 58 285 144 369 67 249 338 374 418 579 282 403 331 296 438 190 179 153 560 84 117 546 85 586 538 349 369 152 130 181 433 140 239 541 103 274 62 536 440 357 26 114 40 155 237 417 1 544 480 254 190 509 200 560 586 489 65 63 258 425 237 422 357 1 544 278 505 577 349 280 517 75 578 317 1 480 532 302 284 576 262 163 488 349 47 449 159 435 115 538 484 118 198 503 327 367 547 573 284 328 579 77 390 109 35 441 597 8 591 490 544 226 469 289 19 197 199 95 62 452 122 390 300 424 152 502 86 30 335 188 235 163 111 583 181 476 29 215 71 525 196 271 473 434 113 168 40 593 283 45 247 484 186 486 390 320 11 232 408 117 462 140 337 335 488 55 453 537 205 424 22 9 12 178 114 322 210 34 522 380 187 392 415 487 180 58 321 25 204 302 508 561 72 227 481 518 446 1 282 40 334 88 321 51 339 455 376 155 2 477 506 321 343 472 492 294 309 476 472 506 14 304 463 230 73 248 163 587 129 138 390 423 248 27 174 347 484 1 276 491 431 290 20 435 485 248 585 510 428 159 468 162 169 473 392 445 224 343 127 55 593 150 270 192 328 33 566 199 14 93 147 112 345 300 481 517 57 318 347 479 42 407 274 340 290 348 515 332 35 130 107 181 291 34 420 310 18 224 456 143 344 275 26 346 469 111 436 341 263 209 46 298 542 8 290 390 597 105 219 572 465 443 345 443 151 450 97 192 13 246 244 528 338 349 423 36 448 329 152 250 241 126 131 395 467 308 11 506 494 377 214 175 287 482 565 154 502 555 117 155 217 204 43 326 388 557 335 474 260 300 444 227 545 574 507 49 182 361 457 140 259 89 407 484 249 183 528 125 490 98 402 459 53 449 471 1 125 148 593 7 543 346 490 310 156 557 247 158 231 394 313 129 189 439 227 47 46 572 436 565 104 147 23 319 240 35 430 522 365 19 129 149 104 122 554 376 153 175 265 231 338 421 203 355 294 398 33 304 214 150 360 132 339 278 352 521 429 544 297 489 501 0 173 381 253 562 589 339 224 287 116 143 402 92 556 598 221 472 237 138 429 201 304 110 364 394 547 24 470 286 156 368 3 220 453 114 551 527 532 201 411 592 105 376 570 223 334 197 306 427 71 482 596 162 495 387 9 585 3 181 92 85 170 55 562 405 129 278 113 128 47 541 197 548 219 52 359 50 80
871 295
962 831
246 44
285 673
655 365
16 672
777 328
179 840
912 173
804 234
969 319
216 547
585 282
669 464
427 42
739 993
462 107
840 759
711 312
857 928
380 934
764 933
56 844
488 114
230 86
690 157
701 859
247 760
945 940
477 398
725 764
138 431
882 59
457 631
793 786
608 203
414 515
10 891
651 326
726 475
714 163
801 668
83 907
573 514
648 112
62 631
905 831
93 536
21 112
58 106
344 958
284 377
324 539
473 232
834 113
886 899
104 331
166 311
592 796
360 146
105 780
605 879
322 759
299 785
818 983
544 137
799 54
90 968
404 926
982 749
990 241
25 709
844 21
768 262
360 892
25 554
152 1
998 183
377 252
562 74
877 646
780 877
591 559
428 338
42 217
169 86
362 74
713 628
479 750
191 746
704 462
498 568
973 575
837 434
965 543
164 818
848 264
807 495
413 574
158 534
366 47
720 21
758 672
906 566
472 75
279 943
611 597
439 218
608 509
132 28
941 393
836 588
198 425
898 612
25 960
734 428
195 601
391 475
59 535
91 172
164 908
113 459
21 316
549 223
620 788
360 620
331 252
271 453
973 854
530 846
798 352
754 157
477 876
419 265
148 401
649 273
245 618
702 505
210 289
116 483
659 200
663 739
411 746
834 502
452 957
702 952
587 670
15 68
515 245
358 212
648 957
371 23
286 49
601 837
89 651
174 338
745 457
485 645
32 476
924 5
56 191
829 892
628 432
600 10
6 200
236 879
100 924
135 855
481 683
899 477
460 661
534 418
955 434
480 962
317 40
337 640
971 502
161 597
632 728
916 998
73 252
603 905
670 836
925 61
718 70
552 276
926 776
200 322
393 220
463 722
883 812
273 733
130 213
112 578
236 521
935 901
537 388
359 570
737 541
391 407
612 345
878 170
399 177
996 314
230 161
66 7
747 111
199 973
693 763
67 936
593 425
764 415
57 803
372 114
961 620
109 705
793 84
120 60
213 232
916 540
652 989
376 984
771 384
107 230
918 204
991 875
848 866
898 287
369 545
111 675
386 890
482 938
563 912
957 875
901 263
316 110
175 638
622 159
802 201
991 346
304 967
364 696
600 44
219 44
903 861
826 813
574 236
378 380
888 356
7 627
384 661
783 707
445 295
546 997
579 369
584 730
892 938
852 628
510 380
214 622
254 196
696 596
306 639
696 738
565 795
744 228
446 869
565 108
114 649
546 197
382 631
865 138
362 733
193 563
283 499
416 988
289 848
525 295
461 460
970 938
266 219
508 958
566 472
5 591
476 338
936 747
965 390
91 7
354 437
912 119
719 725
514 208
850 88
519 928
306 931
62 56
850 716
777 570
527 105
179 269
481 589
320 150
273 274
402 79
502 77
490 463
905 656
863 1
930 601
456 832
269 891
755 48
939 185
87 134
144 796
930 101
524 982
244 714
114 190
516 733
708 340
357 236
13 420
934 651
633 572
632 217
256 785
664 18
416 421
216 714
441 401
856 829
49 507
492 438
231 369
671 69
571 48
992 470
59 992
89 93
877 676
206 849
549 716
279 117
614 386
833 345
422 142
507 170
977 35
407 381
62 722
403 356
966 70
226 911
202 351
660 676
98 385
786 31
988 775
140 632
462 790
607 140
507 886
790 421
764 524
436 243
64 418
316 881
663 512
335 310
915 234
348 403
173 418
861 355
640 396
811 723
322 991
647 65
394 795
830 184
242 222
526 466
330 434
120 882
309 508
698 254
0 518
470 206
794 898
126 519
894 421
800 463
609 286
543 876
30 275
683 557
155 358
28 984
987 423
673 604
997 527
117 742
50 343
547 536
826 60
391 291
804 2
536 160
356 772
333 667
844 396
635 14
346 114
787 537
691 530
769 76
107 279
17 235
229 582
80 303
307 177
170 443
754 305
162 571
865 885
880 119
26 399
720 881
707 825
780 174
335 797
768 15
677 698
294 332
260 820
384 723
646 242
753 789
925 444
650 611
253 556
113 836
332 594
129 378
469 11
495 308
143 497
239 969
746 607
668 171
576 588
229 796
944 253
227 254
330 695
433 438
434 800
165 990
552 2
284 708
343 273
180 795
728 47
91 414
130 776
579 172
690 226
530 346
275 86
501 337
70 670
802 757
701 39
863 745
669 865
635 642
713 217
174 26
633 897
679 130
808 598
215 685
552 27
676 994
436 473
389 761
443 512
541 949
86 445
327 11
555 818
695 420
144 950
998 819
943 723
523 823
794 992
262 142
152 747
261 864
987 277
129 297
340 518
628 476
885 386
260 377
75 347
570 759
631 130
810 284
715 281
380 314
305 412
541 785
52 303
966 904
743 867
469 503
105 622
212 950
154 120
679 488
377 427
880 779
474 362
943 487
729 389
420 545
616 250
914 147
290 616
58 458
13 360
458 322
362 798
817 143
582 148
557 681
153 474
205 490
512 634
202 460
0 748
200 63
456 561
11 806
985 722
658 428
343 186
989 622
86 200
433 839
133 596
573 863
615 540
891 727
22 852
425 99
485 846
58 776
497 509
472 287
620 101
570 635
171 173
453 347
46 662
25 150
560 444
935 514
549 575
763 635
7 915
860 240
357 293
67 586
844 164
427 934
2 452
248 464
805 572
862 990
125 914
268 319
861 532
384 505
516 664
472 143
966 357
957 983
967 155
335 356
848 968
166 234
770 470
981 672
416 0
330 834
660 636
756 358
