600 930 600 715 17
130 154
170 282
167 267
10 89
133 388
99 185
271 448
200 528
379 531
302 316
140 541
112 433
265 479
96 167
142 447
361 384
552 588
199 488
71 132
401 594
36 358
554 570
457 459
161 472
156 405
12 380
87 295
8 592
293 486
119 190
238 519
74 274
304 522
364 372
408 490
282 582
254 276
212 566
38 333
295 306
6 424
163 174
66 228
308 536
184 507
17 300
142 259
153 441
206 399
153 352
311 455
92 326
439 537
31 318
289 440
342 492
253 493
32 585
210 481
176 508
364 500
84 279
298 547
285 497
416 504
158 183
16 510
145 277
117 403
113 406
149 577
3 55
304 556
91 105
150 528
206 435
162 366
79 296
325 470
65 334
366 561
11 49
336 496
202 491
167 461
24 561
505 525
450 494
135 392
149 527
431 557
88 544
263 591
50 286
55 175
384 519
175 318
99 340
178 545
301 525
282 284
20 242
338 506
174 378
180 245
161 559
5 480
192 599
24 416
138 443
459 461
355 583
314 572
449 473
126 298
178 464
32 77
53 517
11 515
6 556
200 481
222 242
60 231
10 28
57 543
334 419
342 478
26 239
195 467
131 238
85 248
333 589
313 512
361 514
92 155
13 574
36 289
120 357
82 439
413 430
382 433
259 458
78 351
304 567
182 389
454 559
288 422
209 369
119 366
397 463
263 337
130 570
46 90
137 220
95 542
523 584
46 338
247 280
72 271
360 442
232 531
224 243
531 570
148 158
343 499
186 540
272 311
489 492
165 333
379 570
84 558
36 370
468 532
291 580
103 511
152 409
478 492
273 597
475 575
223 250
245 278
252 437
59 285
90 522
157 257
577 593
159 199
11 160
299 432
393 581
194 315
294 473
285 322
246 261
317 565
276 303
296 407
372 402
31 248
269 556
71 150
108 230
134 223
158 234
44 260
84 178
137 561
237 572
527 577
175 248
8 354
7 297
197 379
134 578
390 401
33 559
385 463
43 417
48 235
141 447
151 438
63 421
19 323
146 377
249 291
113 169
48 95
425 464
185 508
150 412
359 370
194 373
468 477
268 428
213 407
552 582
166 500
113 551
241 428
207 319
302 304
134 492
301 511
393 488
110 487
462 502
94 429
21 51
46 88
439 583
147 596
209 518
314 594
112 573
162 190
95 99
149 279
50 267
231 451
327 508
29 533
367 444
244 322
59 273
70 299
209 229
219 592
10 254
89 209
207 247
416 561
438 498
355 362
77 549
227 312
48 289
398 516
302 556
58 124
321 493
288 372
145 449
62 523
14 441
109 569
290 470
198 540
344 476
103 140
195 237
27 571
81 513
90 448
126 153
188 581
103 301
285 296
586 591
55 487
280 466
336 421
196 247
8 411
376 422
2 343
184 490
381 513
32 462
531 593
337 446
27 345
199 428
27 163
155 326
83 311
455 509
122 204
343 484
2 503
15 375
286 536
102 152
166 549
54 245
42 111
143 548
237 390
51 471
434 510
131 535
239 445
71 543
67 447
433 446
473 507
349 370
416 565
95 340
246 439
246 561
162 317
339 441
234 250
64 192
10 276
243 480
9 127
171 479
211 449
3 318
255 340
399 546
18 209
73 106
155 404
41 484
327 515
114 481
340 542
76 216
6 547
124 433
238 541
355 574
56 593
68 531
39 215
431 514
319 501
251 308
284 582
356 540
519 550
118 178
75 294
292 436
103 541
256 561
374 578
278 288
7 82
104 588
359 442
441 556
42 360
69 491
22 575
91 133
124 495
116 545
436 511
211 436
349 418
64 74
111 264
447 547
330 405
133 234
321 328
118 215
131 519
78 573
515 592
383 453
18 184
367 390
151 418
89 229
126 269
56 106
305 324
91 315
339 522
76 161
30 86
202 486
384 479
79 407
114 412
80 581
236 595
143 299
129 216
313 469
122 554
300 420
281 410
172 238
254 303
393 443
206 546
178 279
3 110
13 119
71 520
340 508
138 159
387 578
141 547
257 566
18 518
35 475
403 426
1 4
212 220
101 511
72 595
56 527
222 293
319 364
542 587
341 522
262 548
317 504
234 387
6 269
399 435
28 89
199 443
159 311
517 541
304 316
47 398
186 492
23 129
82 362
153 298
290 526
121 540
95 235
197 309
215 279
220 430
432 585
103 238
261 566
196 217
285 512
18 507
256 596
41 324
132 543
403 441
282 552
49 70
179 368
50 417
226 278
323 476
193 508
216 312
83 195
205 582
55 85
143 270
191 569
190 521
179 437
332 509
495 531
121 455
248 318
374 394
0 572
147 256
222 431
18 45
166 585
314 383
470 526
373 414
484 499
70 270
84 577
502 585
97 579
18 473
169 551
128 452
163 378
321 465
315 562
178 425
250 387
18 404
71 350
383 513
137 257
251 590
350 597
73 527
10 107
279 357
23 310
71 528
222 514
205 339
8 486
207 445
112 124
337 433
290 462
134 395
469 524
191 198
344 488
367 372
362 583
233 504
106 232
154 197
164 328
278 376
278 475
278 422
193 202
55 482
308 590
84 149
220 469
203 377
40 320
495 558
169 514
69 351
206 534
266 377
208 464
91 553
255 542
216 310
510 567
72 132
163 300
226 475
142 385
427 472
305 483
346 491
170 210
208 337
557 591
207 333
405 429
213 457
112 309
5 496
34 54
137 212
396 448
179 389
0 314
78 185
44 233
72 530
13 583
461 599
353 363
281 457
408 564
286 308
66 139
81 383
53 406
79 170
380 503
129 310
182 470
489 578
19 476
68 379
443 488
238 535
72 588
408 474
265 384
450 530
196 214
13 305
520 543
212 371
132 386
125 190
58 197
3 192
9 518
536 590
302 424
87 422
368 437
23 484
400 457
247 287
69 263
214 575
303 458
243 496
280 438
249 400
494 530
202 293
108 336
133 538
9 229
31 482
389 391
100 460
137 246
501 575
277 505
54 226
492 578
114 200
211 240
61 430
0 467
17 323
313 322
271 450
180 306
269 547
450 506
293 519
109 443
268 476
181 414
143 442
219 236
106 539
504 512
12 310
149 357
36 440
344 393
15 406
174 283
306 444
406 517
354 515
107 397
63 230
39 178
261 537
135 161
293 479
208 558
357 527
96 267
49 160
34 576
381 467
219 560
252 322
160 270
177 495
563 584
333 500
170 481
86 299
44 459
443 569
3 175
181 460
394 492
372 444
107 254
132 528
183 223
29 145
239 287
504 565
65 465
233 317
46 448
55 331
350 391
266 553
173 183
358 440
505 544
274 521
54 278
277 544
218 277
92 404
182 391
11 327
41 305
414 460
385 397
306 402
95 136
110 415
75 123
29 449
398 555
432 548
312 380
17 241
174 179
60 335
30 470
5 545
8 238
196 405
409 451
244 363
171 222
295 376
448 450
322 524
57 595
14 205
158 250
165 500
62 584
203 562
87 288
26 264
255 508
255 327
17 571
77 585
176 327
348 546
93 453
583 596
163 225
114 497
104 552
456 501
81 381
133 387
210 552
213 260
268 344
386 543
372 500
182 350
311 381
326 584
168 409
78 193
80 435
23 41
62 209
328 352
223 387
232 570
225 378
187 231
316 468
74 110
93 314
182 423
119 596
171 514
1 498
64 599
20 557
70 160
279 409
105 266
416 430
110 192
414 562
429 498
278 501
6 468
219 494
160 587
42 442
158 306
347 598
116 228
269 441
289 370
530 595
80 206
365 458
446 573
348 537
350 389
367 500
58 112
90 339
284 403
471 563
314 401
192 318
90 205
373 460
57 236
300 571
283 437
106 258
178 529
291 407
123 292
119 583
198 569
27 283
390 444
117 284
66 464
82 297
108 169
139 464
168 335
181 562
35 226
262 432
189 224
52 232
273 322
323 568
362 439
267 417
528 588
574 579
191 540
202 354
252 389
246 537
323 566
128 468
20 586
156 429
320 393
180 295
201 437
207 501
221 266
454 482
86 290
533 544
296 512
82 348
83 455
249 407
264 589
31 85
367 401
147 583
163 453
275 518
136 329
13 499
21 307
22 35
363 437
177 197
516 564
98 305
286 599
98 472
37 388
97 355
143 358
264 445
145 533
65 328
363 371
323 353
227 310
272 428
144 430
199 272
319 372
115 454
241 268
349 359
325 526
4 156
516 555
82 206
438 554
247 445
109 393
479 519
0 195
52 204
315 374
59 497
232 258
294 449
204 485
47 347
25 47
101 103
237 10 439 234 204 428 357 29 232 534 464 319 483 307 49 16 588 361 442 276 34 161 124 97 481 248 349 37 258 112 137 569 258 107 158 492 315 120 483 276 28 112 196 204 263 235 174 584 537 359 114 565 580 472 145 82 184 599 167 484 418 380 579 529 223 54 532 244 176 365 498 55 328 217 381 291 581 230 233 289 517 231 274 539 370 345 350 586 10 245 586 557 491 331 575 580 567 295 78 525 219 161 201 322 159 509 586 448 190 507 335 417 218 535 312 552 330 332 214 394 448 468 423 178 462 103 297 283 358 377 84 275 489 249 66 170 239 58 169 128 377 276 484 149 574 109 59 389 166 482 16 38 164 502 66 101 390 425 143 411 52 97 376 126 3 382 216 206 21 486 583 310 146 549 22 580 361 282 215 16 250 523 45 313 446 227 142 35 71 587 355 496 411 58 563 298 156 162 510 28 402 249 379 246 464 327 103 302 171 328 196 353 380 43 237 503 344 447 467 341 544 305 54 435 333 327 543 164 115 409 368 452 245 163 233 409 340 243 188 467 105 83 581 560 31 460 310 479 525 168 128 275 39 372 457 440 129 442 590 2 568 263 128 359 178 405 515 297 132 501 320 252 224 410 489 21 565 521 343 338 32 554 543 419 208 460 581 134 422 479 449 54 190 11 404 292 80 508 182 110 136 497 281 446 337 381 27 436 125 378 484 32 78 582 193 114 312 212 367 21 467 304 453 538 568 459 575 6 589 186 422 250 450 380 567 464 530 471 561 577 553 148 205 379 173 599 329 276 253 499 448 494 151 75 367 238 124 263 297 422 276 307 196 303 322 583 96 149 274 311 143 332 301 43 490 451 418 57 161 167 135 275 497 397 485 298 40 396 452 149 310 239 491 303 242 597 414 336 252 478 146 206 385 24 305 28 333 72 221 580 110 574 178 425 39 157 263 112 391 491 436 465 80 228 10 35 519 134 535 400 108 313 7 559 363 93 83 395 293 159 145 135 228 256 360 210 362 529 57 234 196 327 527 281 129 511 349 231 151 473 507 503 310 96 115 18 327 387 100 327 362 174 298 228 40 557 263 129 495 159 158 460 340 22 417 471 537 478 165 162 343 437 22 420 499 492 266 451 160 25 518 394 570 506 42 54 100 224 267 62 373 64 319 151 207 35 183 184 253 167 132 341 563 588 230 429 264 509 593 509 389 347 61 400 6 137 66 456 557 265 512 577 147 487 162 386 67 407 591 33 336 488 427 485 60 29 589 266 491 241 36 388 243 12 294 126 186 317 399 251 3 83 279 308 209 61 288 17 527 298 358 192 218 405 248 350 6 564 373 539 70 382 461 14 512 443 372 18 334 498
338 243
87 581
918 24
915 302
65 554
261 995
793 666
694 24
485 737
860 805
931 825
465 652
909 51
805 55
752 569
587 974
685 680
478 182
805 895
562 140
365 857
996 937
37 408
899 81
700 194
761 923
218 495
482 251
944 852
773 820
469 531
994 325
355 403
983 163
31 201
9 347
252 564
104 235
218 447
171 989
518 119
878 97
326 480
903 481
759 378
838 896
655 676
696 937
237 627
430 582
899 424
989 964
36 758
571 911
66 275
945 295
97 817
515 605
241 703
622 388
28 971
706 260
925 883
475 994
835 344
956 503
286 951
899 715
144 719
295 797
427 549
562 503
579 586
85 836
819 306
635 916
959 159
320 367
335 753
682 417
556 54
349 212
644 50
304 169
157 915
971 316
446 478
171 311
663 745
914 853
708 657
110 171
879 929
376 320
10 493
317 617
833 420
721 12
879 166
312 691
132 18
596 809
29 820
573 803
639 577
73 199
66 809
933 795
432 941
442 10
840 297
267 479
269 745
522 946
648 456
952 219
242 977
731 531
157 972
786 88
70 854
331 113
7 668
631 949
206 765
812 188
846 592
828 793
847 766
915 105
160 663
514 808
572 553
138 197
243 91
920 169
342 604
643 183
406 52
263 948
598 841
905 656
967 679
329 509
669 221
739 819
1 74
724 149
235 218
125 878
593 431
159 584
37 857
857 540
231 650
836 953
43 551
620 192
194 222
403 79
399 606
973 191
789 214
436 295
953 643
219 395
264 352
826 446
30 936
483 939
672 460
437 834
560 715
277 198
464 320
939 319
429 716
197 743
160 949
509 333
124 258
33 64
530 455
240 196
819 923
333 728
236 39
50 999
519 46
310 940
816 152
352 0
885 306
375 744
113 42
302 236
73 502
224 727
357 22
430 71
615 470
523 224
418 751
40 96
60 712
716 577
589 43
205 425
209 860
881 872
645 527
692 871
617 227
720 381
111 464
132 961
970 137
109 540
674 804
501 663
655 241
5 203
413 834
191 136
378 913
428 365
62 323
960 75
270 970
872 833
499 994
57 942
75 731
759 331
172 216
272 634
520 643
281 248
538 785
196 495
662 888
456 159
380 838
351 962
589 310
87 261
670 148
144 480
947 342
723 448
206 176
941 442
562 356
922 538
958 799
353 672
753 132
623 162
83 787
997 728
752 352
651 136
305 455
315 845
240 466
482 860
36 166
873 445
475 91
822 593
402 540
628 600
428 99
587 392
860 233
792 841
956 821
701 823
124 338
104 901
125 562
754 492
675 520
514 274
726 554
652 388
918 408
151 553
158 344
250 592
441 401
704 473
606 948
422 805
710 885
157 289
672 363
635 24
870 615
383 499
426 218
592 764
763 675
981 858
736 671
840 107
207 257
972 930
965 418
257 672
930 79
372 130
983 60
641 321
347 275
95 97
740 741
755 271
926 351
176 391
521 91
932 566
611 327
555 197
900 147
497 428
889 985
416 653
971 579
318 573
34 498
897 247
267 108
232 415
940 479
27 909
393 994
251 808
626 734
740 591
323 658
728 646
191 14
841 20
478 67
463 228
363 815
673 986
619 99
218 595
569 442
311 775
907 596
587 236
449 731
747 55
239 13
94 877
299 560
202 577
304 509
505 859
724 60
586 285
203 350
972 764
791 129
244 337
488 307
904 908
223 560
605 251
213 325
90 45
159 100
642 995
131 309
5 159
473 362
166 704
965 24
405 187
233 793
372 238
488 832
947 725
537 588
171 183
115 209
522 398
243 267
544 434
924 147
483 29
135 61
277 70
684 589
933 742
729 973
601 124
733 428
288 283
202 286
762 548
881 894
40 528
569 938
703 435
829 978
49 890
814 475
520 732
628 430
658 264
63 42
857 260
721 206
875 487
154 611
888 508
407 261
444 985
151 323
510 482
766 706
180 869
806 552
976 253
453 79
15 533
689 232
394 865
373 448
236 769
711 760
548 79
618 864
559 297
126 638
667 86
271 584
793 572
247 512
427 38
224 288
187 456
272 777
884 674
654 647
765 841
621 638
77 924
876 704
402 305
999 261
307 117
96 396
768 435
998 804
799 356
68 13
840 379
402 393
969 725
227 918
959 538
78 604
319 187
775 743
637 254
490 452
960 984
914 206
770 882
866 986
77 364
497 138
812 700
158 22
458 863
321 964
645 478
1000 291
863 185
877 62
9 765
464 750
917 276
449 55
206 88
810 961
345 775
169 59
892 563
565 691
187 803
321 992
655 423
52 605
832 74
229 361
133 385
397 426
941 31
728 267
653 771
617 677
783 910
362 700
242 119
678 725
626 790
689 323
374 213
430 879
441 675
779 995
591 890
819 849
481 811
535 493
825 210
741 614
941 899
620 291
583 740
481 394
119 847
613 492
195 941
589 617
143 743
773 775
745 792
524 0
541 854
977 392
644 108
147 228
53 837
295 57
564 842
361 638
505 531
717 801
212 995
603 83
870 656
356 479
272 311
479 783
541 972
657 558
93 148
81 670
732 943
772 650
378 890
171 837
1000 200
533 708
726 181
73 72
933 997
780 950
766 201
599 159
710 697
554 253
409 21
131 685
503 236
306 258
313 739
744 11
95 437
5 279
143 842
177 119
671 3
730 481
556 29
689 554
739 85
935 923
330 400
334 822
346 579
608 548
274 455
992 423
340 906
489 685
104 780
320 310
556 618
772 112
547 384
620 975
865 374
