600 1700 600 1012 10
360 435
61 324
426 428
25 569
195 533
155 549
197 306
13 248
37 85
375 540
268 566
320 535
161 342
390 391
114 392
179 277
46 247
221 574
41 554
304 389
122 278
135 357
16 303
41 493
482 564
96 484
106 226
145 527
86 550
101 367
560 596
93 100
134 475
239 313
84 335
227 350
180 324
467 595
70 340
208 569
193 206
320 504
200 494
65 476
238 529
164 318
109 227
451 537
230 510
67 368
124 365
243 424
27 127
151 589
100 184
361 453
138 594
571 586
345 358
4 351
439 581
17 94
152 522
285 572
34 207
197 499
403 448
267 288
179 354
255 443
243 340
126 158
117 416
92 527
543 596
13 590
57 191
319 413
20 453
243 477
102 413
119 282
84 425
351 516
230 547
125 441
357 569
146 252
342 509
47 514
118 597
191 283
21 157
409 518
301 454
151 437
90 233
124 565
419 457
249 393
172 342
241 266
80 85
26 91
385 416
236 439
52 526
166 203
456 468
356 431
340 477
305 309
370 496
96 524
272 589
91 228
73 405
405 507
60 266
138 403
125 162
29 508
2 593
84 205
242 345
93 175
157 242
88 557
12 436
1 575
186 454
229 298
171 332
113 491
6 435
382 592
407 548
562 575
76 457
28 42
382 578
179 334
56 317
207 585
228 315
166 211
258 448
447 520
46 177
363 489
197 205
59 115
118 528
230 329
48 75
122 150
316 563
295 432
403 478
408 426
148 512
4 303
157 345
106 148
68 459
333 334
128 461
9 492
181 553
3 503
413 555
455 576
17 523
75 169
361 564
63 294
18 317
59 506
172 394
130 285
319 555
250 452
6 149
295 537
409 454
158 485
51 473
295 324
251 363
403 542
45 279
162 229
312 443
439 574
376 384
84 428
95 500
200 210
386 581
24 581
275 356
79 189
379 533
147 283
129 289
243 567
99 438
135 599
34 156
376 474
325 572
401 528
32 590
178 374
429 576
187 273
455 517
251 273
260 472
15 534
543 549
506 587
306 489
44 371
399 507
479 511
35 68
0 283
212 328
414 430
285 534
253 581
132 268
123 315
183 289
116 468
244 501
101 295
290 308
314 326
499 563
33 150
480 544
231 249
364 586
20 123
2 139
421 498
203 211
209 460
549 596
290 361
82 325
113 306
66 473
137 576
289 349
288 374
249 299
398 451
105 151
439 545
363 445
383 453
26 551
290 564
289 383
391 554
70 234
222 496
200 385
30 395
92 244
373 565
402 558
112 116
12 417
84 421
413 537
367 537
30 96
308 325
434 475
485 530
5 166
381 416
61 490
92 266
17 354
247 528
327 435
34 545
208 436
507 580
96 323
59 207
151 433
19 503
18 466
134 206
208 213
67 256
55 559
124 280
204 528
81 416
94 316
355 463
193 254
285 482
318 382
23 411
186 439
6 54
65 266
362 514
104 338
415 496
315 577
36 517
327 360
360 488
35 484
107 217
176 562
112 565
148 524
38 87
97 443
270 547
303 354
336 447
65 388
184 521
500 583
16 179
130 140
197 491
442 483
37 370
473 550
228 419
38 237
134 173
278 452
216 286
262 378
141 493
191 438
214 329
77 88
351 502
99 177
55 190
3 286
123 289
217 388
60 244
74 239
172 406
195 199
299 416
191 504
315 595
35 344
72 247
154 239
157 292
298 577
51 350
195 439
291 551
465 514
120 507
95 483
163 340
43 518
354 495
169 258
26 291
316 441
367 489
45 275
8 545
25 154
520 541
21 345
237 534
324 410
176 277
43 195
352 392
39 145
122 332
283 450
471 593
143 497
1 368
49 494
130 343
168 591
193 532
47 330
510 547
345 573
175 462
278 543
294 598
214 230
38 194
370 456
43 533
130 531
142 178
72 204
169 314
53 341
2 540
17 303
321 495
321 354
196 282
188 547
174 178
33 122
102 146
90 304
46 528
298 315
114 589
201 417
134 548
322 365
26 119
280 508
112 468
70 422
276 329
232 471
48 155
229 359
46 57
199 299
90 171
166 559
7 464
173 548
52 544
432 537
23 65
183 562
23 388
20 400
214 232
37 496
168 223
251 376
446 486
293 480
113 566
141 390
504 536
278 332
28 534
404 526
583 598
236 545
108 217
262 526
90 515
197 421
199 223
365 588
551 595
3 218
101 499
412 437
98 556
94 396
304 366
382 586
492 572
34 585
58 443
299 393
88 430
54 567
40 171
200 381
393 416
382 470
147 247
80 466
182 189
320 331
265 305
29 414
92 584
138 394
396 495
152 257
198 224
195 221
31 478
133 305
361 517
139 188
430 507
240 394
448 538
136 513
462 553
27 100
110 370
297 492
260 430
171 304
298 377
33 171
155 448
370 464
30 56
263 566
158 516
175 182
455 531
86 254
155 594
485 568
228 467
74 555
176 354
187 566
431 471
441 563
106 584
112 456
128 510
334 465
75 314
267 458
263 363
233 278
460 554
570 580
545 552
78 371
479 486
109 387
362 423
165 271
102 111
384 474
213 519
469 550
34 221
290 453
72 527
38 174
200 341
88 260
6 443
31 497
376 462
179 465
33 391
475 548
125 396
440 508
127 175
137 420
202 269
286 364
196 529
313 339
104 327
529 569
323 484
5 204
414 507
253 552
61 229
236 253
540 561
260 431
188 590
110 565
130 237
102 144
50 406
50 209
194 269
170 405
59 520
318 592
134 379
418 577
21 292
384 398
131 589
8 59
275 431
14 63
160 384
9 15
224 250
86 532
228 347
49 198
253 520
195 574
355 484
141 369
273 405
6 234
292 337
167 221
210 582
1 562
470 586
287 563
252 402
22 290
384 537
314 533
72 147
171 366
400 453
371 452
381 385
285 308
336 520
258 326
18 103
377 418
239 339
351 523
24 386
149 327
126 362
31 326
511 549
91 347
456 546
195 487
48 448
125 397
335 425
392 437
119 196
187 363
423 514
139 547
83 119
72 192
84 307
173 518
325 442
201 519
196 238
239 436
449 539
90 332
144 553
49 78
74 102
309 556
219 563
97 312
93 189
158 362
225 521
376 570
204 247
544 592
50 596
447 458
233 515
350 387
6 422
10 330
308 564
2 230
294 330
52 293
87 353
250 278
348 509
468 546
313 417
399 430
4 16
179 598
237 296
310 593
517 531
377 397
16 354
166 597
7 456
0 72
44 452
127 553
234 435
382 571
88 472
224 479
518 533
261 417
229 419
151 505
312 571
244 527
21 259
248 590
503 578
324 359
198 494
329 510
449 505
69 571
44 515
107 392
245 522
90 242
145 190
259 358
290 442
173 454
8 156
368 383
49 81
253 301
124 426
107 317
31 379
182 462
132 205
139 375
135 526
254 532
578 586
185 557
155 406
307 316
140 296
186 409
235 567
74 339
182 376
180 287
212 309
129 349
152 245
68 344
112 428
18 68
276 461
308 442
262 529
224 486
96 103
299 481
326 497
344 588
74 413
67 290
136 311
94 335
362 530
201 213
58 312
1 525
53 198
98 264
148 461
316 335
66 478
313 319
240 342
513 528
504 579
526 599
38 534
302 406
95 598
131 151
175 189
370 565
399 580
213 529
68 415
3 586
30 103
144 146
423 530
327 488
105 505
295 319
243 480
234 360
27 264
478 497
444 592
77 540
164 592
154 558
65 411
148 395
321 562
164 544
125 298
359 417
72 283
64 176
85 464
286 312
407 475
252 553
37 459
117 249
220 250
22 525
130 482
270 355
313 436
104 137
126 334
198 341
1 176
32 547
493 535
26 340
29 248
41 105
231 481
118 136
162 441
318 404
387 423
218 503
250 549
164 526
126 333
45 271
448 594
155 511
81 117
405 570
420 427
259 311
331 369
182 570
379 518
25 558
73 120
55 211
12 300
367 445
38 71
313 555
301 458
32 588
235 284
367 432
190 527
236 552
424 567
21 337
135 262
28 71
324 490
41 390
279 580
115 215
273 570
142 353
294 583
257 522
167 299
165 225
36 453
283 579
295 413
67 383
140 237
390 493
69 444
302 449
207 587
217 274
149 443
20 70
253 386
108 476
132 508
136 259
31 193
187 251
335 372
105 539
262 599
530 568
396 441
13 280
237 343
62 429
189 225
153 212
181 398
330 465
79 279
189 570
185 471
220 549
307 498
109 423
111 146
217 476
206 379
71 434
93 521
74 154
141 171
66 403
134 518
48 169
350 542
51 542
469 478
149 255
403 497
129 397
528 597
348 530
245 516
426 565
7 257
315 467
263 489
288 301
161 257
31 206
277 598
238 378
133 356
191 331
262 357
366 438
156 545
307 421
120 405
412 433
445 537
5 190
121 126
30 274
221 487
199 533
128 355
114 493
122 560
53 200
374 548
101 197
261 295
249 481
26 201
238 293
391 560
338 517
64 179
107 108
77 414
153 305
129 396
170 566
225 328
186 195
2 232
83 163
195 409
205 440
162 287
294 465
156 207
7 433
22 483
80 392
51 66
194 202
181 384
227 387
139 540
316 396
357 529
267 301
42 434
82 297
171 390
271 275
116 351
76 347
258 538
41 272
80 459
59 587
82 254
78 224
89 576
29 280
255 327
501 527
114 131
95 583
45 580
50 302
215 458
39 190
54 235
209 302
81 385
82 86
68 496
123 577
29 120
45 399
76 419
240 348
117 585
557 561
349 418
7 246
88 414
140 576
48 210
20 595
240 423
5 55
169 326
14 86
331 366
101 432
326 533
177 389
120 132
406 596
14 500
218 404
247 283
444 544
469 532
362 465
120 566
446 511
233 332
300 313
257 568
557 593
25 208
65 72
114 535
330 473
94 372
420 429
222 588
40 366
121 158
81 494
53 446
232 310
79 225
23 226
266 584
15 28
248 414
87 194
486 511
98 100
117 393
461 484
72 501
256 368
152 456
12 213
3 578
202 420
83 238
340 595
177 513
176 525
34 574
35 463
85 437
150 171
89 194
338 400
250 543
355 588
28 38
40 304
141 366
293 378
140 531
261 313
82 492
335 523
211 597
502 546
425 523
9 572
483 598
128 329
14 380
163 477
194 296
12 208
284 444
449 554
72 476
153 165
286 586
158 257
63 583
415 588
62 576
11 288
179 294
48 591
53 210
387 514
160 445
235 444
130 564
342 394
15 285
23 274
205 508
108 320
139 230
289 575
257 449
78 198
150 332
114 352
318 526
421 563
97 255
19 404
456 464
360 400
143 538
142 194
149 435
0 504
339 555
425 428
99 389
174 475
56 217
90 157
100 264
292 304
66 469
190 192
226 395
133 271
408 508
261 324
173 409
5 192
476 536
422 567
454 548
104 576
359 419
320 536
532 550
338 488
389 438
311 513
46 513
253 447
281 369
160 537
388 476
54 69
174 374
468 502
189 521
34 231
13 29
405 580
110 456
15 492
1 256
431 472
36 361
298 397
287 499
89 296
105 589
450 504
192 204
57 177
96 395
158 530
317 466
306 367
126 465
422 424
222 415
281 320
183 575
158 522
105 449
237 285
284 544
75 223
233 452
180 490
505 539
428 565
159 327
2 310
77 375
18 35
256 525
7 152
170 273
167 487
178 353
355 547
41 391
205 268
14 82
98 309
380 500
123 595
13 322
401 597
16 334
185 431
188 375
300 417
246 257
65 241
26 83
119 201
266 411
208 239
274 395
336 458
55 203
161 509
116 502
421 499
363 376
101 324
146 402
219 498
378 526
144 252
585 587
200 582
75 168
231 585
47 465
48 511
66 550
384 553
4 516
85 370
91 291
21 358
282 519
54 422
89 202
270 510
104 159
143 326
177 337
364 571
199 314
158 245
242 515
199 487
102 451
22 442
162 298
206 492
396 397
19 318
174 407
180 499
8 520
235 544
128 276
331 504
245 351
20 234
148 276
191 579
76 201
206 475
58 571
214 276
111 558
198 446
248 375
291 595
206 297
159 286
76 228
78 452
38 353
219 421
123 383
271 356
308 482
420 576
221 481
363 566
103 323
272 493
249 585
115 541
382 444
391 460
474 553
348 423
374 407
0 450
289 577
79 570
107 535
531 564
188 248
7 412
124 373
212 556
107 466
230 232
103 317
216 255
144 451
138 346
124 408
168 381
59 541
257 505
292 389
45 79
44 233
18 323
346 406
403 538
118 211
19 382
44 49
144 181
226 584
18 80
8 207
296 576
63 550
307 335
136 528
45 260
108 535
140 455
63 86
220 543
184 212
281 535
65 501
12 201
525 598
408 440
118 259
105 272
82 380
349 377
109 394
167 199
148 226
517 576
23 584
264 309
161 302
140 343
235 243
193 478
17 396
38 178
184 328
138 448
57 247
111 402
192 527
142 269
24 439
60 501
365 373
277 525
33 390
545 574
91 467
19 218
51 514
129 321
155 346
11 374
196 213
302 460
22 256
243 293
291 467
206 434
161 449
352 535
213 282
222 370
79 580
81 200
32 355
104 488
193 297
336 541
42 206
368 575
93 184
377 577
57 283
116 425
124 322
381 582
138 227
276 512
274 388
201 457
87 142
11 267
337 513
166 401
460 560
184 556
497 538
54 444
215 336
16 516
36 400
285 325
24 454
15 42
213 569
294 473
159 420
223 381
113 489
12 313
177 292
28 434
5 401
338 360
322 588
349 577
151 412
142 202
159 216
491 566
127 462
325 380
413 451
70 424
582 591
417 457
478 532
85 412
256 290
191 366
126 516
311 337
417 419
128 484
322 590
107 352
289 368
84 197
245 502
96 461
20 360
75 199
120 268
433 505
174 434
48 258
246 433
133 265
45 165
344 463
449 460
5 559
431 557
122 543
222 373
34 481
526 544
110 112
229 315
161 530
470 578
253 458
61 162
122 596
228 229
21 311
52 378
340 551
0 536
241 501
109 240
406 549
172 346
100 556
341 494
30 317
281 331
405 566
340 424
76 91
112 425
244 266
39 55
342 406
61 359
37 68
35 323
301 386
302 342
260 275
143 258
138 172
203 559
36 338
29 132
32 188
366 389
19 578
312 364
325 500
165 328
325 483
210 446
45 225
17 351
128 270
154 208
216 312
321 396
209 560
24 301
227 394
42 492
197 268
411 584
515 573
293 477
18 459
106 512
35 355
489 566
9 285
358 573
253 439
178 267
170 187
160 363
80 437
223 299
204 401
462 474
288 454
444 571
294 550
10 473
427 429
88 561
214 512
152 502
17 495
153 328
346 594
201 282
493 589
310 471
159 255
31 533
10 294
137 159
78 250
127 252
101 180
92 145
287 441
215 541
4 17
369 535
27 175
185 593
25 402
29 507
369 493
47 473
163 238
333 465
359 410
116 523
412 464
135 404
168 582
115 506
209 596
306 491
131 437
198 486
61 287
283 504
176 321
509 530
51 403
254 297
268 491
20 383
350 514
461 524
224 549
43 409
108 536
257 433
328 521
227 542
251 570
26 163
56 107
133 153
69 443
261 410
375 414
8 552
472 557
157 304
129 377
483 500
257 485
104 517
520 552
479 549
84 440
2 561
129 562
473 514
141 331
14 583
27 93
33 560
445 489
0 476
232 512
133 165
11 178
101 306
361 531
222 365
428 440
238 262
91 201
17 372
62 202
54 443
427 576
61 180
202 429
70 595
299 381
260 399
194 237
280 408
370 373
226 274
372 523
129 183
49 371
121 516
82 572
16 126
384 451
240 509
73 507
97 216
127 88 410 327 122 597 249 489 8 542 305 218 473 145 535 567 60 519 268 359 316 91 258 67 71 248 283 579 193 116 297 199 420 50 120 18 285 576 419 532 440 506 199 493 378 289 248 143 261 337 144 512 167 389 242 230 6 35 219 272 416 570 91 347 539 214 462 590 253 134 441 224 561 305 141 199 347 420 362 32 41 541 549 229 167 428 322 437 64 413 229 240 365 558 358 11 81 564 320 62 164 211 23 177 244 96 524 87 289 515 119 413 503 565 250 220 32 195 278 216 491 236 100 248 350 397 191 149 358 89 258 315 80 313 72 431 259 581 308 538 472 401 481 488 288 196 103 585 401 596 36 258 462 565 129 109 141 7 122 187 16 185 194 301 106 130 316 373 264 278 500 561 420 65 523 67 51 264 68 58 97 197 82 407 598 439 50 301 6 352 529 212 457 421 524 438 300 443 260 544 592 228 590 544 75 240 439 290 428 587 198 464 366 383 439 548 28 536 484 154 484 240 576 419 255 299 504 434 257 429 61 361 518 477 101 373 412 248 425 488 354 56 419 445 204 41 551 470 255 373 440 555 211 344 120 276 11 110 171 121 208 25 434 347 417 82 267 413 456 0 584 443 228 70 6 445 128 494 482 155 552 387 312 166 2 181 128 104 317 38 150 220 69 560 471 362 233 7 144 391 97 581 23 153 167 457 307 347 287 289 394 378 335 117 207 218 106 400 287 171 89 580 122 571 341 263 85 43 145 202 253 60 94 358 521 550 267 343 191 435 213 15 552 522 122 105 126 208 242 523 534 308 64 534 425 488 385 205 366 498 180 66 382 304 476 593 37 405 440 194 339 74 32 398 540 192 153 390 73 432 16 5 259 375 522 145 377 569 383 545 260 65 432 353 478 29 148 505 280 113 96 386 57 492 326 237 213 534 345 107 142 574 231 83 584 94 105 190 327 397 84 200 86 290 367 32 196 596 306 584 436 478 162 484 154 93 62 406 43 587 113 413 336 565 324 292 503 162 598 17 142 394 109 415 74 490 441 210 567 10 329 258 271 346 469 166 393 142 378 58 366 36 226 36 182 95 444 292 435 296 110 261 94 231 108 8 490 592 375 31 213 87 300 387 34 144 289 333 252 499 505 35 198 153 563 184 152 344 368 292 535 426 368 146 153 439 138 402 145 65 551 190 113 163 351 531 74 429 172 470 17 144 113 589 224 191 432 284 93 439 262 302 457 186 56 362 384 125 359 184 236 56 229 563 288 40 251 493 244 567 335 76 520 454 202 19 116 160 236 467 178 134 317 543 413 420 247 313 257 520 65 583 563 354 575 530 237 159 11 490 112 532 550 443 83 510 166 38 137 446
124 236
641 573
72 604
999 905
485 519
79 47
869 738
340 427
896 68
804 408
616 379
968 286
559 895
220 605
709 405
826 423
534 482
486 575
203 407
914 961
775 697
261 56
727 526
56 330
913 208
527 984
701 835
191 1000
843 382
257 648
116 392
728 259
180 544
350 152
824 99
196 454
860 611
254 437
892 410
10 66
288 130
334 243
812 381
808 200
411 18
115 786
200 121
594 368
638 142
541 0
466 190
603 312
812 890
579 65
877 803
15 3
133 354
198 150
919 792
923 13
44 202
533 744
954 514
649 394
600 484
69 273
651 327
768 599
228 460
911 815
764 760
895 367
104 148
218 737
463 928
697 143
637 811
132 657
504 43
165 821
234 383
642 0
726 382
713 876
361 619
269 418
691 370
961 404
90 710
932 493
383 61
676 786
3 242
196 939
481 602
672 457
105 431
935 755
104 987
224 125
150 971
442 779
394 924
143 386
937 630
351 299
9 438
177 325
155 290
534 287
322 506
410 963
349 538
320 772
253 327
977 20
407 531
750 7
190 7
683 874
272 708
469 424
421 134
731 699
266 580
557 665
511 422
250 979
117 482
584 609
845 476
294 345
308 696
33 860
803 274
778 993
197 47
984 643
573 228
127 604
895 506
259 209
981 390
674 245
338 940
9 121
376 977
130 161
55 436
898 714
370 131
311 361
372 473
54 901
502 978
582 147
867 91
298 59
453 401
983 699
329 841
438 293
545 714
737 877
842 938
81 869
108 37
757 106
692 83
681 168
248 775
344 117
526 232
829 226
906 328
227 923
601 518
212 96
963 330
580 455
480 760
328 911
227 873
622 595
153 946
20 671
856 194
278 793
189 605
195 880
43 94
200 174
79 93
734 304
941 430
795 172
686 931
358 719
556 36
730 116
629 42
615 868
992 475
52 6
123 87
325 671
806 356
889 31
553 963
425 205
626 91
90 2
86 949
606 922
45 507
993 58
985 752
132 317
981 989
416 684
471 104
780 118
247 482
699 110
510 90
171 885
18 413
591 261
612 774
571 779
68 553
803 45
33 582
386 27
809 705
856 829
900 132
876 447
740 919
514 913
497 283
59 222
335 41
791 832
19 219
454 456
350 398
170 122
230 627
770 31
485 81
254 845
345 984
929 132
738 359
956 734
723 562
389 397
640 190
231 7
88 740
514 814
765 962
308 795
141 999
2 949
34 239
982 244
326 721
964 429
152 505
67 800
311 251
247 814
97 348
62 774
71 481
630 496
446 97
146 796
252 609
218 239
657 897
149 188
863 857
818 465
998 801
468 710
958 262
705 638
780 545
695 811
272 77
779 880
608 405
458 824
907 483
764 334
584 689
755 82
562 871
983 166
445 236
522 526
285 106
4 977
381 747
387 618
781 480
72 990
49 617
220 37
951 785
516 870
719 176
616 744
437 644
171 364
867 945
473 861
182 254
572 581
222 561
143 423
487 791
743 439
687 223
926 706
142 885
91 528
585 404
219 210
384 86
539 426
546 455
422 615
963 98
235 56
899 637
488 911
742 819
584 33
465 273
884 472
201 507
294 21
555 209
638 782
487 320
637 663
582 322
463 503
220 318
967 363
541 542
175 510
13 783
710 998
269 17
547 768
864 678
834 578
519 394
300 823
974 843
254 545
259 162
380 788
694 609
251 234
293 477
482 15
451 584
254 522
917 289
160 647
280 858
587 657
792 944
782 251
705 433
689 45
912 907
742 662
311 880
664 26
934 189
554 305
81 306
260 109
339 174
358 189
218 342
756 56
516 257
57 397
528 606
560 640
356 918
129 765
859 640
126 62
414 998
630 258
897 993
235 753
500 182
872 298
277 611
831 185
525 779
43 300
314 408
430 869
187 676
228 496
685 4
575 848
618 677
581 801
988 569
381 679
828 764
510 329
801 786
380 561
297 592
968 541
335 561
988 501
141 724
23 733
419 787
357 365
849 341
862 705
529 931
269 372
232 161
873 164
322 621
443 669
753 510
906 758
891 853
343 810
592 85
948 116
616 194
395 281
146 228
373 901
438 41
817 608
876 231
882 551
352 490
584 826
987 127
223 437
392 234
86 458
256 917
186 488
320 465
560 403
203 381
697 773
366 517
684 316
951 899
9 646
50 727
624 355
288 909
854 313
110 267
744 845
703 292
558 113
809 864
793 79
826 504
712 479
149 458
413 379
558 89
788 147
915 659
343 787
507 760
345 758
777 379
275 261
596 8
538 583
272 457
690 263
400 657
447 744
700 457
61 169
423 484
969 962
184 229
363 335
945 0
180 742
289 639
469 303
115 514
580 121
19 464
194 75
560 351
355 10
478 460
879 575
805 239
631 893
941 74
161 907
426 408
429 557
84 421
673 527
818 941
48 150
165 91
706 970
467 363
858 526
714 352
769 220
859 423
229 288
146 258
394 842
640 232
379 299
113 632
968 51
612 276
457 126
847 882
863 124
395 479
149 542
867 273
517 138
651 357
721 802
897 91
298 943
356 230
494 877
125 964
60 702
444 980
69 22
398 193
80 655
615 568
438 706
809 531
317 535
297 774
847 796
431 362
609 946
231 847
932 840
752 393
316 7
840 125
659 588
936 538
610 700
939 934
184 198
160 772
903 157
657 96
652 428
30 334
834 19
962 875
895 7
213 533
293 322
190 579
677 120
889 917
42 662
575 175
719 760
443 169
136 17
679 484
788 972
