600 938 600 1080 21
16 277
378 450
418 491
9 490
216 403
137 423
139 503
117 146
106 136
108 221
197 342
49 167
182 337
159 379
110 207
64 588
47 329
462 492
8 43
55 484
355 588
9 448
234 241
445 498
142 358
30 593
186 437
63 158
95 398
413 558
63 234
244 374
307 322
204 363
186 472
179 594
228 230
376 467
258 401
389 432
18 598
86 367
170 544
108 269
64 212
165 348
246 494
281 309
21 488
469 584
402 555
58 263
290 581
122 477
230 483
121 173
20 306
42 145
207 348
303 570
40 526
279 382
351 443
132 401
46 234
506 548
63 69
72 488
6 46
7 301
108 308
55 151
218 420
62 328
330 520
214 361
462 529
367 397
44 146
212 355
291 312
392 499
319 489
226 471
74 225
42 254
134 514
273 441
97 287
124 354
481 503
31 438
293 557
345 372
139 481
65 73
12 306
19 392
171 336
208 500
172 471
179 561
114 470
417 526
198 497
24 469
124 336
249 374
100 443
263 575
400 488
391 435
97 324
111 341
264 464
268 450
306 404
334 544
170 284
431 481
263 505
154 510
245 526
16 51
285 433
108 178
361 524
111 441
21 95
95 423
156 256
523 596
9 300
400 503
37 110
193 326
106 196
260 345
67 238
24 584
398 433
126 306
471 564
403 484
324 439
215 598
45 265
358 556
76 455
252 550
143 541
81 175
253 558
261 428
286 296
67 180
130 227
31 214
109 534
407 491
38 414
232 442
102 469
67 129
30 33
425 596
84 559
181 246
286 472
82 104
508 551
188 312
103 302
278 542
118 546
365 451
156 278
272 588
21 595
405 550
17 473
39 537
285 555
279 343
143 209
420 466
12 323
180 545
218 466
458 508
50 216
320 474
132 321
192 593
244 405
181 353
563 571
397 467
158 234
477 575
403 592
102 153
112 421
179 182
292 437
74 485
128 478
392 554
7 268
277 330
73 224
129 238
34 567
519 593
12 219
150 514
4 84
38 515
310 479
488 595
295 345
477 587
190 216
280 583
406 446
152 472
146 282
223 516
300 490
271 421
537 551
352 436
537 564
186 563
46 503
257 334
341 441
35 123
317 339
109 446
62 501
127 447
241 449
122 372
15 159
320 461
509 543
3 360
71 247
258 359
27 580
82 430
314 598
250 253
366 591
140 154
125 179
22 209
11 537
460 539
218 433
168 460
152 177
19 395
129 208
25 28
316 522
413 487
41 395
294 412
427 460
138 506
147 279
153 552
83 499
178 308
78 535
101 250
345 474
176 548
182 407
314 532
124 424
315 377
366 552
114 353
270 282
142 547
242 350
13 182
266 535
69 304
374 550
121 569
71 255
203 528
13 594
142 199
5 459
321 373
471 557
419 471
209 461
423 466
318 433
100 351
10 240
153 493
130 200
153 591
137 400
434 472
292 294
90 364
360 567
507 516
2 177
287 312
122 293
97 334
177 472
124 171
162 569
496 504
317 417
413 546
525 541
99 237
360 557
281 482
97 439
216 545
228 446
298 482
494 567
164 297
55 448
365 399
290 349
61 79
107 401
218 318
119 147
38 292
340 489
23 294
191 378
482 589
74 591
7 77
166 438
254 397
298 404
411 536
169 456
463 590
329 463
118 317
131 333
80 248
23 412
142 189
138 548
36 543
103 270
0 425
398 485
254 467
34 517
267 530
158 488
133 524
14 17
75 355
103 195
52 310
263 477
254 277
85 249
65 101
509 524
383 566
286 434
269 456
296 549
45 121
285 318
131 327
264 434
44 127
321 401
43 213
496 577
92 144
365 407
211 560
329 342
14 472
44 117
337 579
9 291
241 507
209 320
102 210
223 590
40 583
80 217
65 569
286 464
171 424
438 457
6 449
95 218
91 318
13 244
79 367
36 509
213 353
136 233
437 538
60 217
164 337
325 478
130 145
461 541
101 253
334 457
290 350
59 378
74 153
320 469
293 372
279 596
103 484
57 198
372 477
23 549
418 559
196 316
56 252
340 378
582 591
519 574
72 595
79 319
554 556
211 421
127 135
36 163
330 467
85 426
75 572
48 495
66 278
240 460
257 408
6 241
33 199
366 494
46 158
2 222
115 124
120 393
64 271
199 554
193 459
543 593
213 468
347 370
6 431
74 493
275 288
141 187
351 359
427 502
70 419
157 236
27 447
197 333
20 414
139 466
34 372
381 530
428 536
115 354
250 546
178 456
124 459
81 560
321 351
81 593
14 434
219 323
215 457
125 561
73 101
173 569
111 236
362 549
258 441
213 243
67 441
338 482
37 467
391 513
52 259
295 541
221 269
316 409
68 88
2 563
54 130
375 483
188 425
133 509
309 387
460 470
217 464
194 286
512 537
75 87
438 553
50 220
84 399
98 459
256 389
123 172
430 508
106 389
85 561
41 496
73 375
377 551
129 500
358 547
16 576
355 535
63 304
37 348
288 418
199 597
440 536
3 557
96 345
77 78
201 268
49 141
399 559
469 474
295 586
175 418
93 99
344 529
160 342
109 326
8 565
216 220
60 116
56 405
190 344
191 489
214 524
55 103
28 394
94 562
105 116
147 439
451 483
2 480
11 377
419 564
64 392
143 461
455 573
353 591
508 568
188 239
205 273
551 568
224 451
15 94
81 211
267 511
166 183
243 591
242 290
132 178
26 175
1 330
167 451
363 368
40 533
153 366
35 599
23 219
415 519
200 227
128 251
50 204
248 274
41 504
546 575
88 576
411 428
151 239
123 346
73 558
132 169
142 556
237 576
18 215
56 224
69 333
251 478
141 534
434 464
149 598
56 550
242 404
151 291
190 403
229 370
170 532
199 543
4 385
4 578
6 481
171 376
17 369
266 560
64 499
88 349
163 192
101 558
318 555
362 518
289 415
203 533
310 347
576 589
145 202
193 534
352 578
519 579
189 547
535 588
384 588
284 314
334 438
223 497
81 276
59 191
135 262
292 515
74 565
282 368
115 376
116 197
104 262
100 157
162 374
112 384
113 462
99 330
99 475
83 276
287 425
62 235
256 430
144 348
69 143
536 540
12 155
162 530
409 522
155 242
29 491
436 578
51 476
190 484
229 358
328 380
54 478
249 561
31 166
47 248
33 543
89 146
432 564
318 420
260 388
40 434
139 423
110 322
382 416
206 383
257 553
514 521
313 562
471 512
311 450
27 530
77 87
243 565
63 261
161 273
251 311
16 476
325 548
184 203
323 581
458 551
212 380
510 547
334 553
206 429
42 130
89 465
172 502
530 569
487 558
98 144
335 412
231 453
117 465
294 437
164 179
77 128
24 72
126 515
12 404
191 340
85 150
212 588
277 467
145 367
71 369
354 459
179 337
202 397
260 469
109 141
148 370
344 545
339 487
300 390
328 501
425 439
37 207
118 541
250 413
181 429
230 451
89 278
100 236
265 551
124 376
287 439
81 385
430 458
479 570
222 354
154 573
25 462
100 221
440 507
75 501
343 523
394 484
266 272
359 401
2 475
211 272
3 429
79 138
36 192
70 123
351 401
395 554
311 325
350 581
237 589
116 333
357 545
315 537
53 549
79 86
29 559
531 563
211 384
65 252
123 527
396 567
375 558
127 444
163 574
232 402
442 485
32 55
452 510
436 486
66 282
69 428
121 505
263 332
385 578
341 359
428 440
135 542
15 490
259 303
194 198
314 416
16 68
17 152
305 539
312 313
203 406
274 371
435 521
184 528
107 363
297 391
126 404
95 466
292 495
276 593
47 371
295 474
266 378
292 531
231 459
37 367
80 198
39 432
47 274
132 373
154 347
365 559
139 400
247 354
163 410
71 231
338 349
245 583
385 445
141 167
282 363
49 451
138 176
159 511
246 366
543 597
210 388
102 552
26 288
148 358
513 579
281 387
29 418
372 517
270 368
415 574
153 225
150 267
267 580
453 459
31 410
27 356
275 491
53 437
435 514
138 319
374 405
241 440
66 120
22 469
185 388
157 585
100 299
107 204
21 72
4 175
58 422
156 430
99 115
283 526
22 304
149 361
116 160
223 371
356 447
65 174
103 592
225 493
7 78
162 249
183 214
372 557
243 353
2 152
30 543
224 252
478 548
78 87
385 560
47 454
48 309
35 522
64 384
81 519
219 386
134 331
167 230
98 165
173 250
70 106
0 596
63 440
163 289
324 544
131 245
291 313
365 405
178 269
471 502
340 450
346 419
268 311
281 298
10 168
288 519
148 504
37 459
513 519
28 113
275 418
364 442
313 400 562 475 161 303 141 7 353 452 339 277 177 392 399 464 271 171 129 422 129 137 229 114 52 78 153 274 268 241 376 324 350 273 264 197 544 264 375 335 243 133 504 347 232 249 517 424 496 414 0 115 548 268 382 466 595 406 287 213 220 126 22 233 54 24 395 432 431 430 124 144 477 254 69 530 238 522 258 334 556 393 148 237 91 415 324 151 56 288 42 87 239 217 571 548 57 282 53 546 230 369 105 298 185 370 41 281 550 464 304 575 416 550 365 47 479 78 344 311 467 212 102 256 48 238 56 583 303 557 356 496 385 109 595 144 89 538 387 581 564 501 325 568 86 33 489 83 192 573 364 564 332 470 407 395 571 151 479 342 286 240 12 466 353 244 518 314 120 66 91 364 223 110 452 335 186 103 385 279 586 302 381 3 470 43 420 394 30 340 581 580 223 538 348 116 179 401 191 249 105 37 587 596 85 483 331 460 428 178 490 391 542 26 40 461 346 75 134 432 322 450 358 109 297 540 474 472 296 30 365 154 165 323 281 516 524 505 112 108 3 98 551 543 21 4 398 220 102 157 231 596 196 388 320 545 241 372 503 476 562 242 312 204 494 504 591 456 584 227 470 544 214 441 97 500 26 210 51 437 58 588 193 25 573 79 236 256 525 498 141 153 375 357 103 398 484 513 141 285 544 65 269 327 32 164 402 550 30 90 91 314 372 398 287 418 567 415 327 58 275 413 66 87 123 118 255 429 112 349 389 568 86 501 116 142 300 166 311 447 509 144 513 83 172 375 414 377 156 214 257 409 258 12 138 271 192 199 423 175 408 112 428 457 175 430 474 561 474 66 102 403 399 15 361 432 28 125 99 578 208 107 31 501 32 78 516 535 198 377 386 100 281 279 222 418 556 216 142 457 524 102 9 471 520 96 14 284 188 536 11 112 497 287 359 67 68 10 299 287 410 554 510 422 285 312 198 566 376 407 144 472 391 134 41 340 248 30 255 560 149 78 558 205 595 5 248 180 281 426 4 249 199 153 217 25 11 354 1 299 567 241 184 294 394 439 214 243 68 298 283 498 390 289 336 518 373 449 233 343 523 154 499 300 270 589 364 76 62 586 100 85 81 106 302 385 490 387 326 360 317 66 116 363 474 312 569 256 243 148 300 54 179 517 533 23 68 515 562 526 257 429 143 438 74 85 64 135 375 136 383 329 359 533 586 142 108 1 386 380 459 135 101 521 305 535 465 316 309 365 293 6 454 588 573 212 340 111 178 171 14 69 39 553 342 77 434 496 243 335 166 207 13 550 94 196 357 47 475 118 248 107 28 182 344 112 50 544 528 272 312 232 94 338 43 312 322 433 464 201
609 123
106 766
253 796
811 618
260 499
302 638
697 955
73 338
985 766
612 249
982 588
724 528
85 952
446 437
362 844
574 278
17 769
342 770
383 64
128 211
159 927
847 875
724 802
225 990
766 851
690 9
284 388
584 464
681 41
356 446
225 246
341 139
617 220
217 222
752 640
930 462
257 183
157 604
191 926
756 458
439 818
98 180
6 639
990 718
684 271
650 497
705 923
508 931
166 859
371 565
766 130
15 699
3 109
256 931
5 463
644 156
427 501
417 991
669 566
189 384
476 853
68 519
75 202
664 848
167 261
529 525
799 307
921 39
21 811
613 827
838 448
314 724
794 845
506 551
914 770
10 277
294 23
38 321
76 294
105 550
405 920
258 330
713 378
223 285
279 473
473 348
75 546
36 295
9 853
743 302
998 863
912 999
241 522
164 834
530 252
875 918
679 656
502 144
254 602
144 758
973 255
529 575
786 800
701 206
680 382
516 758
876 387
815 206
901 293
329 642
146 575
969 114
203 309
710 52
888 574
186 775
526 808
711 280
581 647
481 22
837 339
600 500
713 589
905 488
211 677
421 344
131 909
660 328
3 356
881 7
7 546
588 731
880 212
251 144
497 243
683 339
869 419
808 935
110 481
818 964
58 3
340 554
181 118
615 781
277 529
23 585
745 270
477 80
123 127
350 62
514 343
599 169
306 771
876 782
85 4
67 924
812 353
997 291
714 866
599 323
523 875
998 7
512 452
304 188
390 329
209 624
352 115
341 619
997 534
854 215
454 84
185 704
906 513
589 546
532 480
270 433
67 491
297 807
864 288
423 369
911 62
882 654
394 401
333 79
410 771
828 754
303 880
375 520
586 147
222 88
745 75
167 419
272 220
264 628
370 987
658 185
941 416
548 840
394 963
194 148
31 562
93 366
37 618
379 717
804 184
981 180
833 610
185 561
862 26
643 771
791 759
216 338
135 245
964 697
298 137
405 57
783 86
440 885
898 944
126 980
805 145
921 315
236 748
549 984
445 565
881 828
873 492
43 524
412 661
110 37
397 613
288 685
955 900
899 419
670 892
29 197
985 214
109 805
974 41
630 133
963 614
678 928
67 901
927 711
483 402
545 753
842 666
273 752
450 916
516 401
554 579
8 396
462 531
543 607
53 643
350 686
818 387
460 227
898 104
3 134
766 742
639 842
670 405
625 555
435 846
661 461
158 364
558 342
53 375
864 323
760 195
198 270
127 325
995 100
471 937
361 379
264 277
56 684
767 341
570 55
477 788
106 844
779 237
452 670
428 25
949 947
340 909
521 110
320 380
333 210
37 908
591 212
202 889
740 561
232 905
712 711
309 968
370 305
97 877
945 345
639 288
49 342
738 234
43 138
706 820
998 508
171 972
124 568
904 253
133 863
53 83
44 399
565 173
512 172
421 3
713 492
968 394
546 659
914 973
150 476
685 771
904 205
143 551
39 995
464 132
39 430
287 620
601 711
103 245
538 898
63 739
438 254
642 586
568 777
417 141
195 979
150 650
390 361
23 874
515 668
144 449
912 131
569 880
577 7
764 61
731 695
849 487
75 54
217 591
3 887
43 932
940 217
158 509
915 647
237 720
110 269
625 448
826 80
144 71
868 151
788 619
306 86
266 998
801 228
985 794
405 483
873 728
98 587
776 213
322 746
112 79
509 982
751 617
916 231
490 495
450 595
174 727
689 513
154 400
602 362
98 222
538 392
527 23
834 586
179 302
243 422
84 986
122 884
808 740
816 412
675 241
399 290
151 226
885 345
660 96
136 167
781 691
67 624
910 882
318 526
781 930
850 177
994 889
733 114
94 904
442 478
414 703
394 452
371 249
980 472
328 180
593 877
205 953
559 630
172 948
316 308
503 6
537 703
330 405
815 504
874 988
235 306
698 548
839 921
168 666
579 83
496 324
919 545
620 862
872 609
749 411
787 985
794 472
922 938
406 843
426 320
213 493
235 878
389 137
480 110
655 938
976 84
973 828
942 285
625 360
216 394
373 638
646 425
665 216
673 983
85 404
418 564
208 56
284 710
504 893
234 3
827 294
402 92
739 440
251 648
954 572
660 722
732 26
546 939
405 883
695 304
854 950
117 702
958 727
740 775
915 571
866 526
340 858
360 752
720 745
202 807
5 670
657 628
3 432
76 96
213 785
735 959
55 845
447 642
662 120
945 848
210 534
516 644
773 879
169 442
607 295
359 404
716 5
899 791
809 670
198 840
60 159
490 999
200 416
198 240
839 0
54 240
878 546
746 924
94 137
630 532
80 434
639 958
700 414
274 147
128 18
559 303
765 530
343 297
500 294
161 892
626 994
745 668
328 987
296 341
76 697
462 327
944 441
646 4
276 106
569 686
459 726
909 440
421 745
800 16
558 423
222 845
474 51
405 798
280 594
97 312
614 891
746 516
312 921
965 525
583 911
663 687
730 355
234 169
442 109
832 34
586 621
195 78
41 468
285 931
457 497
703 467
825 784
380 172
173 187
987 975
151 139
785 582
514 620
312 438
240 350
449 365
536 224
273 853
780 507
959 769
809 582
770 661
680 427
569 506
50 110
244 821
17 225
173 16
318 243
650 651
43 822
5 192
211 445
351 349
593 389
14 938
909 671
491 744
741 846
971 340
686 726
687 581
115 295
89 822
613 928
905 696
740 165
288 247
428 403
796 875
625 25
214 131
387 39
940 490
