600 1241 600 1185 10
473 487
256 399
190 439
320 525
463 559
75 331
189 568
523 573
201 395
145 467
274 598
67 137
136 416
41 200
160 367
243 593
79 271
292 301
1 307
146 152
114 509
27 405
420 509
27 144
136 303
48 432
161 404
337 411
11 371
156 206
505 592
163 421
157 487
66 164
338 505
237 380
89 402
35 597
380 475
20 52
104 174
180 465
29 526
57 390
500 544
494 576
260 435
118 232
315 592
7 173
20 511
45 320
497 556
519 591
137 273
68 535
441 567
40 153
53 318
207 587
327 391
187 439
257 460
345 406
55 553
183 379
82 575
409 452
338 592
487 581
121 316
40 108
58 227
23 65
88 275
187 288
350 422
124 448
125 477
441 530
347 484
17 411
114 194
125 207
229 333
49 288
367 570
175 312
148 306
193 234
172 454
149 360
200 298
30 275
169 477
207 477
555 578
380 599
69 437
277 504
335 521
290 538
71 73
1 547
347 562
8 95
245 558
300 478
42 341
15 289
106 285
73 289
411 471
218 335
326 351
93 522
29 142
93 129
266 360
381 523
198 379
6 262
260 444
137 206
167 206
82 174
245 505
337 500
81 469
356 502
244 490
110 539
41 298
288 549
190 382
74 581
216 432
34 223
337 387
177 220
214 522
175 534
373 559
184 414
34 280
206 374
108 186
136 507
46 263
115 490
179 316
38 448
67 268
139 560
70 413
336 428
345 491
391 565
263 445
158 255
382 439
6 556
560 562
77 214
195 365
229 256
141 361
110 175
237 496
456 511
176 417
184 293
25 322
102 459
53 381
280 334
260 575
158 463
71 552
219 307
106 294
116 442
268 291
130 249
224 570
186 552
106 312
264 510
507 563
201 550
153 466
95 327
56 415
40 225
325 545
48 80
240 294
220 258
262 384
186 582
3 214
204 550
235 517
2 397
327 431
296 519
310 317
282 329
16 208
268 518
161 364
212 382
317 392
414 569
50 521
3 233
58 574
14 391
138 473
58 339
10 439
61 521
177 536
86 524
8 335
504 591
237 587
18 242
39 122
28 384
15 371
392 495
128 400
55 80
58 190
242 481
144 460
211 432
85 500
137 195
19 68
127 535
289 371
80 120
5 246
446 585
429 476
215 500
303 550
126 429
78 391
74 478
209 314
98 586
27 430
47 251
159 283
77 91
132 424
404 515
153 542
149 292
93 271
425 447
324 535
2 117
171 437
270 307
0 326
161 269
116 531
26 540
529 585
405 430
298 465
54 583
161 363
228 268
246 555
457 595
505 588
50 272
38 349
229 498
299 498
587 589
246 313
155 218
53 246
250 308
38 124
344 481
116 485
170 361
300 399
32 159
489 498
370 542
76 395
238 312
201 293
222 263
549 574
308 354
506 585
124 243
196 250
360 495
9 79
51 159
92 558
97 185
428 576
221 519
326 414
90 392
158 559
7 162
42 469
1 464
72 305
80 481
133 318
364 404
63 323
11 66
92 404
433 493
117 375
463 555
82 172
86 357
372 382
17 451
1 420
193 497
138 501
498 591
204 464
89 441
111 418
378 461
33 477
282 596
198 516
313 555
234 245
323 422
220 367
182 250
168 482
248 397
11 533
7 264
151 535
181 195
203 412
248 407
444 566
15 281
283 429
272 359
96 490
418 444
482 513
113 325
394 478
418 566
175 238
39 147
163 355
62 172
295 415
461 548
487 528
210 597
200 236
175 539
1 509
350 415
99 322
2 501
264 388
357 383
143 267
125 431
229 399
117 595
263 399
35 210
62 469
210 516
191 405
22 250
90 195
396 428
63 193
470 593
18 344
174 260
183 440
368 388
127 410
60 243
383 538
95 431
163 361
148 451
480 594
222 545
130 131
34 418
94 240
443 518
241 508
143 565
271 499
63 422
43 484
27 433
99 109
227 340
129 522
43 168
7 235
495 502
209 355
157 394
168 584
22 483
115 502
277 333
466 542
155 595
299 489
59 87
407 568
319 521
336 396
41 236
279 510
188 448
400 526
473 528
330 552
304 316
162 324
83 363
350 546
125 275
142 592
75 376
92 514
207 380
41 403
21 121
335 595
351 414
487 541
434 456
9 505
94 294
136 307
17 387
52 178
46 478
54 213
70 114
566 575
139 447
316 491
107 446
166 348
247 374
154 419
205 476
160 344
5 578
254 559
122 217
51 188
111 444
107 362
87 455
13 221
99 232
226 251
432 493
303 416
10 58
261 352
193 386
87 357
124 349
54 174
197 227
63 350
149 495
272 521
237 599
270 352
464 509
196 544
11 389
98 230
124 241
380 587
141 417
24 334
136 563
187 311
281 552
420 547
247 377
435 511
46 399
386 472
427 556
496 589
55 339
84 437
289 420
8 431
533 585
70 194
47 361
152 438
139 425
65 134
382 481
414 449
127 527
152 154
248 457
266 554
370 488
411 436
320 582
255 383
299 591
221 299
341 545
152 419
155 375
397 473
506 533
112 267
525 561
133 381
534 571
68 192
336 512
215 544
223 418
76 177
195 392
438 531
300 541
456 594
377 398
297 534
106 240
346 563
434 480
135 412
293 395
386 497
275 591
31 546
25 423
368 492
84 561
199 245
238 596
217 310
121 560
12 332
295 546
254 322
84 171
105 472
77 209
286 374
284 450
70 385
279 388
178 197
168 489
102 479
309 427
242 474
29 259
90 305
214 295
305 502
83 269
118 423
171 173
21 560
201 204
170 176
395 449
31 462
278 366
78 321
13 265
181 365
78 543
17 471
160 372
174 435
161 577
0 26
66 420
344 416
160 212
199 592
147 310
206 244
257 433
211 493
233 336
156 377
304 491
475 564
56 93
437 458
40 370
78 125
269 577
445 545
366 567
160 187
336 537
225 552
105 384
137 156
67 273
97 437
185 458
193 558
146 154
169 557
205 408
244 356
243 349
130 461
333 498
79 128
208 459
453 460
73 410
9 499
285 452
5 492
5 368
344 563
106 409
249 253
61 565
294 521
213 351
23 170
140 268
245 358
442 485
211 306
225 281
140 228
75 127
494 556
396 537
452 540
71 582
328 442
123 531
96 374
174 580
360 590
13 347
77 355
389 598
252 488
457 568
52 271
176 361
220 224
530 567
91 93
112 165
231 424
26 326
482 498
371 420
282 331
349 593
430 577
301 369
117 457
156 247
173 412
188 508
111 456
296 589
144 405
230 545
122 310
129 214
270 346
186 320
145 279
0 2
166 253
423 486
46 98
255 555
187 382
36 464
274 466
165 524
37 390
353 564
204 468
196 354
104 551
75 535
197 340
108 252
167 305
32 124
53 133
116 123
307 352
202 576
98 394
86 373
385 596
6 494
372 481
50 94
238 534
409 569
56 505
441 597
540 569
88 189
427 497
185 525
414 520
74 541
42 230
115 301
329 331
67 156
258 449
265 589
29 400
332 523
223 314
215 337
11 164
263 513
170 226
383 559
257 579
228 518
239 440
49 511
219 550
229 277
80 339
166 249
53 368
127 376
364 515
288 367
353 406
48 348
216 553
105 514
70 534
205 283
266 292
426 453
233 512
125 589
163 251
297 571
131 461
113 226
191 259
213 583
267 359
89 316
104 351
477 557
410 527
278 304
328 359
49 54
302 371
148 211
316 345
123 146
225 389
399 478
81 113
143 232
16 343
224 351
119 457
142 363
89 121
74 300
172 586
234 415
183 239
218 595
529 547
132 342
104 231
154 255
68 162
119 568
41 465
248 528
134 465
250 493
79 338
13 425
554 590
288 583
205 310
50 442
192 419
194 509
178 574
276 398
14 95
35 560
167 356
50 485
108 370
179 345
239 343
123 328
245 588
46 230
197 259
101 532
104 213
30 591
44 45
107 261
59 146
49 52
69 561
406 491
199 588
135 368
55 216
4 324
397 457
131 348
33 557
123 152
309 576
403 465
277 528
4 535
259 460
375 540
147 346
116 596
128 197
297 539
269 430
123 442
97 458
232 322
184 569
172 575
254 284
25 109
272 328
164 547
266 451
12 203
148 387
331 535
147 476
195 317
161 315
65 200
169 564
186 525
469 566
401 496
68 419
276 377
72 137
23 200
138 157
225 598
15 330
85 436
309 422
387 411
317 365
164 529
362 585
24 251
128 178
275 589
89 560
288 570
31 350
29 83
48 55
18 474
160 177
22 182
472 497
332 381
186 488
19 162
268 572
43 516
73 527
277 541
267 272
218 521
261 529
95 391
103 584
394 586
340 460
309 428
333 591
54 288
254 450
215 306
112 232
15 302
211 253
188 466
543 557
168 484
153 598
55 432
416 536
289 413
217 461
161 287
157 478
186 252
435 580
46 445
82 260
246 578
451 471
86 254
482 584
19 264
198 567
13 562
409 540
475 599
87 383
179 353
46 394
265 496
401 475
406 564
91 209
35 43
16 222
75 385
27 57
112 322
71 186
136 270
527 535
343 516
415 505
155 294
188 506
201 303
239 459
63 64
81 341
31 336
247 398
72 195
135 318
346 507
402 441
107 476
224 367
491 564
305 392
19 510
402 597
384 472
108 488
9 271
434 594
18 346
530 597
275 296
322 450
12 381
101 518
187 549
37 287
57 354
292 495
234 558
151 192
185 561
92 515
130 166
198 597
209 480
464 468
230 341
63 415
329 531
212 372
224 520
160 536
399 482
338 400
49 549
57 430
269 363
68 324
379 516
62 586
1 468
107 429
51 446
60 518
146 290
204 297
369 471
180 298
319 565
125 391
256 300
4 45
82 231
30 189
20 271
132 138
118 486
87 393
283 532
78 486
193 514
31 309
292 502
482 489
23 236
155 452
446 506
151 438
54 580
159 429
178 227
61 272
12 412
48 166
61 319
6 497
343 584
237 401
139 562
114 420
219 303
484 489
66 371
96 286
158 383
120 382
132 157
278 316
116 240
189 504
248 568
202 427
315 363
105 364
71 330
136 346
373 383
416 563
83 142
269 405
43 562
59 328
74 487
11 302
49 580
42 586
131 242
73 330
20 49
225 302
86 450
436 490
182 215
26 375
119 595
387 451
36 204
363 592
503 573
43 584
265 296
52 549
14 319
64 497
9 338
376 413
60 101
228 443
133 135
209 223
154 538
274 389
469 575
104 132
183 516
45 235
250 483
209 434
513 584
386 514
345 353
135 173
87 538
65 176
24 314
65 170
338 526
45 561
123 438
324 517
25 557
61 267
256 277
230 445
32 243
68 510
6 28
133 203
271 456
195 273
273 518
132 551
311 549
128 338
101 273
242 344
242 378
332 573
89 597
127 413
342 551
62 575
317 360
102 134
275 519
60 443
267 565
173 437
143 486
264 279
4 517
281 330
273 532
397 501
131 378
125 587
245 404
259 340
401 447
154 290
339 426
8 14
358 505
436 500
199 404
233 421
77 522
70 571
249 451
5 388
7 135
62 454
23 113
348 481
356 490
132 501
53 313
100 437
43 210
514 515
218 294
504 528
67 572
202 494
323 427
223 434
147 474
137 167
27 354
131 166
144 191
160 416
257 553
150 441
459 465
379 440
122 147
285 294
136 219
570 583
33 543
511 580
293 569
0 117
181 532
8 319
31 428
375 452
143 391
64 193
321 477
34 314
488 550 360 594 292 119 252 137 362 122 559 428 17 362 441 594 184 459 99 555 509 117 18 198 185 18 343 432 590 492 194 427 442 429 94 146 530 554 207 548 287 391 506 594 570 18 292 326 243 101 547 1 358 26 329 134 320 382 298 250 575 323 68 4 71 528 376 159 276 0 353 382 592 49 584 361 261 66 366 152 349 441 210 313 240 326 215 131 278 144 159 429 5 364 593 188 358 383 351 74 492 368 581 189 487 208 37 538 343 131 553 227 211 70 211 78 369 113 82 124 89 193 295 222 523 339 524 365 487 263 121 395 369 455 466 282 151 440 100 108 45 185 577 302 83 106 264 592 444 344 120 304 235 458 562 154 256 317 505 523 82 265 107 544 453 106 196 56 437 131 264 155 83 24 500 372 463 239 534 10 365 505 91 125 124 95 552 84 168 410 183 292 115 562 497 185 103 279 3 505 460 235 95 484 167 238 422 253 342 106 490 165 63 219 299 203 505 112 465 2 367 39 138 464 280 375 202 439 95 366 381 187 429 561 516 354 310 224 370 345 331 442 470 406 449 377 254 253 62 93 307 91 281 381 80 299 14 13 396 389 316 153 353 400 73 369 110 239 54 219 565 382 90 102 380 210 204 206 44 326 525 157 101 100 537 1 296 550 12 98 27 267 346 412 293 130 11 413 417 231 31 300 208 558 591 283 31 232 474 519 405 336 393 301 119 451 66 21 220 598 65 23 529 348 561 395 84 355 258 99 166 216 282 437 156 279 539 521 30 27 536 88 353 67 167 63 450 411 390 220 571 263 45 141 356 453 359 478 125 43 187 335 322 293 162 568 314 269 492 382 201 354 381 572 245 176 509 430 161 46 101 441 435 220 576 68 5 577 398 467 60 259 161 449 234 233 318 358 104 196 359 83 465 555 482 256 120 145 17 587 8 4 566 229 26 23 115 362 243 352 237 281 25 411 488 513 337 48 258 453 57 102 518 393 585 333 354 556 239 59 137 104 373 512 498 181 536 296 503 593 352 284 550 363 99 455 232 363 299 361 1 11 250 371 290 114 24 516 562 144 373 278 193 562 394 94 319 460 229 25 505 402 47 442 248 7 58 110 246 292 376 129 586 55 276 565 118 402 137 499 312 170 513 27 14 437 455 181 68 111 344 436 359 242 199 116 4 245 386 145 320 261 423 595 284 583 152 27 233 481 534 439 228 203 88 588 185 357 106 589 180 285 495 376 353 400 41 92 514 347 57 514 179 302 195 21 222 511 125 77 301 333 382 107 454 402 568 379 209 458 445 588 63 248 20 277 45 492 99 38 56 276 581 324 133 304 286 427 590 14 97 577 585 269 53 226 278 487 65 478
602 446
501 739
648 408
306 90
715 830
920 795
54 44
807 875
773 401
213 246
301 450
480 846
922 956
841 167
815 405
565 831
644 105
110 692
313 671
801 809
303 298
898 117
31 544
479 95
396 143
995 393
603 504
64 435
15 53
135 343
742 298
233 57
330 900
965 359
435 225
832 96
566 690
9 291
324 999
271 698
495 953
565 85
517 208
786 113
669 870
724 886
596 205
420 82
176 555
335 341
770 565
354 887
300 353
999 851
407 375
175 503
207 204
1 411
262 409
881 578
259 909
836 482
505 252
171 104
130 75
500 38
483 799
120 929
787 777
761 934
622 722
626 887
120 843
622 847
645 262
700 737
458 579
354 146
890 372
243 278
252 542
480 174
498 327
98 345
777 906
16 657
953 577
907 608
753 329
887 75
131 816
304 194
71 182
269 213
763 535
796 368
8 974
758 978
551 214
971 474
831 979
245 880
639 10
664 124
495 414
9 126
698 565
379 784
545 937
977 442
610 638
370 271
905 494
486 141
579 768
24 827
755 628
679 437
940 437
740 405
284 546
921 80
250 741
780 641
319 950
866 319
364 828
666 785
230 318
251 155
187 675
224 647
551 384
972 908
606 10
926 890
404 686
98 890
605 353
879 148
170 954
367 6
126 299
870 434
108 411
880 771
830 647
306 725
126 644
126 760
935 42
752 744
808 696
472 987
873 698
705 481
86 935
592 297
973 688
302 903
383 583
70 265
800 836
376 64
455 823
917 528
198 613
71 870
736 151
994 252
458 64
819 908
531 299
856 913
448 348
637 636
473 27
427 561
263 360
941 112
556 28
233 839
83 562
736 39
537 544
729 969
582 947
353 476
418 950
720 349
291 505
101 379
783 734
101 103
583 720
181 815
1 482
202 365
791 32
144 237
506 69
465 609
112 19
927 927
542 658
281 805
45 899
926 300
654 79
374 168
794 78
118 584
356 536
484 440
278 133
57 582
129 495
220 773
753 497
440 681
435 520
792 175
607 111
401 221
445 471
510 908
432 120
240 384
200 964
694 222
552 178
477 368
916 460
339 61
133 144
776 860
518 94
922 237
687 646
712 6
718 599
346 937
275 639
289 931
17 911
123 194
973 784
53 937
676 375
175 645
49 522
389 107
611 970
169 606
998 565
917 682
684 250
106 456
468 534
160 374
441 303
406 781
30 15
618 169
841 851
870 254
144 726
869 483
164 923
65 342
381 730
257 252
821 505
203 871
449 917
785 287
124 992
688 281
960 31
872 809
455 156
556 871
686 713
296 842
981 544
708 511
33 999
16 259
395 443
590 794
866 639
165 982
92 757
548 602
736 530
241 123
811 267
588 674
546 59
763 210
661 229
39 791
519 858
454 653
991 72
104 821
76 625
440 708
56 495
147 26
251 786
332 441
680 611
971 748
411 170
102 252
949 76
193 779
972 853
799 445
687 900
911 330
962 509
161 51
743 814
533 144
580 488
832 346
831 550
729 704
584 857
725 752
947 969
713 264
424 146
745 463
300 37
46 640
195 269
243 494
205 405
520 174
570 419
696 83
331 616
965 136
353 703
813 157
236 592
300 985
210 91
524 462
444 750
970 166
32 462
343 114
42 855
932 623
180 184
867 540
154 762
417 47
392 828
98 288
28 227
234 807
993 0
384 479
945 840
45 750
526 988
523 831
333 581
968 608
35 958
645 484
678 760
85 962
226 678
764 35
953 261
982 962
316 533
933 658
2 24
651 713
43 112
101 664
883 848
474 900
3 339
857 381
154 799
924 567
562 256
490 583
309 6
631 374
74 996
651 199
197 338
923 202
858 61
607 77
88 227
68 393
997 180
681 342
305 789
649 576
639 814
49 691
884 917
627 763
536 495
184 157
389 625
428 10
413 264
819 728
533 770
353 86
182 72
966 417
505 369
879 211
233 465
121 49
252 9
333 828
33 388
772 355
139 548
84 487
363 232
413 311
22 730
798 937
759 698
302 477
767 4
888 43
801 587
249 958
391 290
591 159
380 856
944 153
376 992
507 533
954 546
137 688
669 517
223 430
504 280
860 610
319 263
681 406
781 997
621 50
169 424
214 707
285 65
980 715
522 709
594 50
438 982
851 729
489 681
476 243
258 989
82 714
17 90
654 343
283 672
963 206
330 768
953 315
600 236
675 16
334 216
286 577
705 185
21 513
778 146
761 593
913 409
625 301
648 990
750 180
14 853
999 98
958 811
114 534
73 9
114 794
891 237
70 76
732 215
241 211
5 607
595 383
83 839
880 954
713 304
178 215
405 903
376 683
363 958
535 740
847 758
358 303
343 26
646 164
59 149
43 187
754 80
749 844
225 916
792 235
482 510
780 510
294 165
993 996
900 552
698 945
161 317
681 831
674 314
442 784
828 27
757 664
260 846
446 869
635 675
705 782
421 610
280 11
879 668
601 601
622 531
651 290
404 988
941 382
3 556
564 147
260 101
474 768
241 702
323 398
488 653
533 426
565 913
186 476
179 708
942 734
84 51
994 353
92 165
986 636
867 101
740 916
848 138
362 653
997 215
842 431
439 274
915 11
707 387
588 577
420 455
611 696
141 946
966 995
287 392
476 278
173 0
30 337
909 749
134 429
373 341
598 263
651 901
428 420
684 147
424 851
533 268
884 290
151 209
846 279
177 739
743 250
141 271
287 959
311 231
715 453
714 651
829 63
485 927
956 234
