600 1376 600 717 11
61 260
493 590
121 201
136 516
280 529
271 501
187 522
249 569
235 457
14 230
123 183
472 520
238 559
55 104
120 597
110 419
429 445
0 153
90 129
152 500
407 414
285 375
288 394
306 546
496 500
70 474
210 592
192 525
136 392
148 486
539 544
101 207
116 194
275 326
36 310
504 542
96 255
92 325
453 534
117 193
48 56
366 393
299 485
8 212
165 215
61 158
128 549
28 383
117 487
291 397
30 289
174 482
141 505
341 596
65 88
199 566
37 219
311 589
145 295
348 370
103 291
86 94
161 575
112 497
286 486
336 454
316 473
510 593
213 358
400 415
293 483
81 598
179 334
13 169
221 278
134 194
307 349
177 255
567 579
205 574
160 501
73 81
61 169
56 402
243 319
254 533
65 414
183 516
230 313
151 439
133 488
65 168
104 576
7 76
161 349
482 535
408 444
199 438
11 306
476 524
171 294
332 578
313 598
356 480
267 298
184 214
246 495
122 297
272 339
37 228
291 562
256 288
42 84
156 194
182 320
334 564
227 512
227 236
21 562
235 441
325 551
339 516
162 360
445 562
283 308
239 384
79 485
94 205
315 397
182 395
426 428
236 256
87 167
91 442
373 421
201 416
109 358
143 569
149 580
370 405
165 410
125 476
46 394
135 463
153 365
527 542
67 246
198 265
505 540
170 538
105 304
72 376
11 573
101 225
118 456
317 372
369 383
255 354
4 563
285 507
114 143
274 379
404 526
53 373
212 338
326 372
491 587
235 381
200 470
438 444
64 266
196 588
396 436
334 482
265 439
241 356
121 465
109 357
28 103
380 414
179 180
386 515
30 287
225 421
36 219
127 495
335 352
441 457
20 452
417 516
31 428
88 436
66 451
441 550
198 538
354 392
129 307
220 533
143 333
125 160
227 379
342 345
67 282
402 419
399 436
353 424
135 295
360 414
95 311
85 493
149 497
356 472
302 320
223 532
18 510
304 409
84 449
167 287
12 339
31 163
286 302
7 20
182 302
201 423
56 578
171 468
109 534
195 495
387 542
67 547
93 198
545 589
520 554
127 142
544 588
164 391
268 496
25 258
183 496
55 62
369 473
151 265
57 387
166 487
36 463
249 293
86 432
192 443
163 448
44 427
389 422
250 462
40 394
226 407
4 58
192 328
225 366
158 169
135 310
152 318
4 358
76 575
214 390
347 386
150 164
340 393
91 576
137 577
32 324
377 577
254 520
123 284
67 242
515 556
448 500
537 586
154 443
74 331
126 583
300 344
100 348
274 367
205 446
60 312
152 446
238 403
16 233
130 474
48 196
409 464
37 270
126 169
287 342
155 370
140 393
336 562
23 281
27 267
227 587
5 361
88 360
20 223
102 347
57 594
258 267
187 550
296 593
402 551
245 384
79 289
376 497
21 222
411 579
452 483
413 499
358 563
450 540
73 508
64 180
109 342
18 215
208 549
508 598
406 419
442 546
377 528
233 348
224 546
263 512
229 346
290 400
105 362
271 456
78 351
270 532
178 503
469 596
58 358
72 315
53 560
268 448
212 371
13 158
32 424
488 506
0 67
154 189
380 487
341 469
220 559
7 233
87 287
192 306
84 482
261 404
431 556
478 518
87 581
137 196
130 144
511 581
65 478
72 196
75 478
355 437
537 577
99 584
239 475
195 437
3 104
85 552
4 82
215 410
135 597
180 347
148 337
119 494
33 49
112 218
139 415
151 337
20 532
451 511
77 89
20 483
141 449
295 399
229 437
146 199
240 519
7 427
133 592
217 514
488 592
189 192
219 498
296 506
15 59
312 539
416 465
114 322
433 550
357 412
472 554
99 530
196 259
294 468
299 459
139 367
48 237
447 526
173 332
403 536
31 205
420 576
83 416
34 446
26 134
173 315
118 198
45 258
467 577
52 540
25 395
64 297
221 312
98 331
381 457
38 361
367 379
176 529
87 344
232 275
27 161
372 479
143 186
142 263
340 366
149 376
454 591
106 465
59 159
124 417
90 405
255 521
9 575
103 383
336 445
107 202
541 565
338 530
167 342
208 268
49 348
311 595
240 260
7 483
30 345
78 311
90 418
173 397
128 523
35 333
313 492
43 480
341 421
241 559
4 408
123 252
134 156
432 545
13 89
21 445
122 340
70 343
419 551
16 76
243 253
112 397
216 341
201 257
106 121
115 367
70 461
47 283
48 332
264 267
499 599
470 514
488 593
33 348
122 309
196 237
32 584
98 135
441 569
7 16
398 571
491 503
329 557
207 225
37 410
262 315
257 400
313 567
10 18
28 112
98 506
174 297
402 519
329 451
6 123
0 203
178 495
349 425
147 372
560 566
314 427
175 247
339 496
59 541
54 177
10 298
383 524
144 474
236 323
513 566
89 277
149 526
284 434
201 374
264 337
157 261
106 202
125 501
93 151
273 390
244 276
341 485
390 457
57 460
422 566
175 571
110 429
315 497
105 556
58 462
145 168
61 519
176 283
148 391
175 438
238 570
143 440
7 190
5 353
40 305
273 319
489 524
147 317
92 413
187 319
269 541
92 126
143 441
413 431
175 388
360 380
444 469
32 338
350 462
302 414
219 597
458 476
63 286
350 358
448 549
272 359
18 314
390 441
386 556
104 565
252 417
57 542
126 325
246 494
343 351
117 567
19 480
292 503
76 161
26 205
311 351
490 545
56 406
289 581
168 302
68 191
53 366
132 576
332 397
314 532
99 212
422 499
15 159
310 463
113 511
21 406
46 503
0 547
46 51
291 332
25 45
91 104
1 516
174 231
187 253
209 253
412 529
425 591
84 174
17 398
301 556
73 598
165 296
123 531
420 557
30 485
335 426
87 300
82 553
268 279
82 462
282 355
52 229
197 247
29 524
241 472
107 323
28 291
152 303
248 594
226 579
146 175
170 492
398 561
421 469
233 370
48 315
129 349
268 500
131 541
2 293
301 464
339 359
577 586
350 424
544 554
212 238
127 178
218 261
170 391
215 270
236 285
430 529
513 560
319 504
258 395
535 542
499 561
380 411
87 511
109 529
511 582
62 85
6 252
77 247
436 478
246 282
134 205
74 145
383 473
128 448
310 399
110 464
140 174
442 557
319 564
108 271
158 220
251 537
183 257
323 460
51 394
262 376
289 511
338 584
248 288
71 540
469 563
237 240
68 554
126 519
174 334
39 182
95 589
195 292
81 492
66 224
19 111
529 534
188 572
115 285
144 432
13 220
46 292
41 60
297 309
242 547
155 401
403 559
113 365
44 76
189 430
145 396
286 330
147 468
23 34
23 54
106 323
10 25
39 302
58 350
119 495
223 314
301 409
34 303
102 422
71 511
392 516
94 134
345 459
97 371
143 249
148 320
127 263
158 260
86 490
151 264
440 452
443 552
481 493
199 599
504 527
164 313
10 593
48 402
30 459
21 110
146 561
396 399
291 406
147 479
148 378
358 459
47 350
322 333
99 324
22 205
454 509
201 400
213 308
350 353
131 552
415 507
157 218
170 265
157 497
120 498
121 400
157 404
207 289
29 455
162 477
42 450
336 473
354 368
228 270
11 66
161 307
8 338
412 430
21 558
178 292
103 369
353 361
218 458
295 331
123 434
525 546
36 343
217 537
115 139
293 550
430 443
80 529
188 338
29 456
193 230
387 449
179 243
18 298
274 434
226 411
74 168
422 431
554 555
69 597
305 449
376 577
116 276
3 91
42 505
425 445
324 584
34 281
216 485
19 294
379 512
93 454
195 246
364 543
68 544
2 522
106 507
281 446
277 571
82 408
398 413
184 548
519 551
224 329
41 278
50 376
158 254
320 337
15 443
41 555
180 297
338 424
420 547
162 487
241 254
118 271
57 449
138 477
269 565
241 533
390 433
85 590
21 291
449 594
408 438
247 572
231 340
158 533
540 582
442 481
114 186
35 532
252 516
249 550
97 238
322 471
373 560
8 570
37 502
68 588
143 335
30 581
161 401
222 558
165 593
137 467
102 309
17 571
362 556
94 144
352 426
152 574
208 448
227 491
33 209
125 455
53 340
214 457
232 479
216 225
60 555
115 227
242 494
108 508
107 460
42 393
55 269
183 531
17 146
318 359
387 535
257 268
65 360
244 471
115 379
472 555
78 432
239 419
493 525
242 246
347 556
240 402
111 472
151 509
499 566
214 273
248 394
40 141
150 378
200 514
292 437
342 357
72 137
22 163
337 391
304 429
299 596
424 462
182 210
147 171
328 493
63 378
155 233
40 229
245 431
154 192
189 300
197 277
137 537
24 63
342 412
183 279
63 148
187 466
11 546
55 442
124 368
234 267
34 54
92 583
43 536
392 521
27 509
218 497
449 535
15 484
51 503
471 502
60 539
351 474
283 453
324 361
116 322
325 475
226 517
440 532
380 567
50 497
306 525
273 585
189 344
85 211
418 445
102 515
109 213
90 429
257 531
24 286
28 385
422 515
320 486
7 223
348 483
290 415
204 572
22 448
247 570
111 364
197 388
36 498
368 392
113 451
77 559
195 382
263 587
150 172
290 531
349 418
209 483
238 371
271 508
48 578
243 564
129 405
294 364
164 492
20 190
117 380
113 203
360 477
42 225
191 237
52 582
416 549
413 561
42 140
444 560
156 426
118 473
221 251
425 509
294 543
319 527
355 365
31 523
404 476
156 322
0 420
219 244
124 136
26 428
219 502
74 295
349 509
374 549
316 562
255 303
235 416
280 443
504 535
222 419
271 538
224 442
257 279
32 353
522 550
438 572
266 334
178 382
290 367
293 452
550 569
40 594
38 353
0 329
97 536
184 457
408 553
210 488
160 404
168 518
60 544
224 557
287 581
74 488
165 510
88 138
238 536
481 546
308 453
436 518
103 385
200 206
184 202
49 209
101 289
52 505
192 493
71 207
187 243
288 323
102 386
211 269
382 495
232 372
352 441
52 141
68 520
61 240
244 461
339 363
201 465
21 429
247 438
511 573
301 384
340 560
320 395
305 594
20 440
89 197
154 430
110 304
160 508
84 535
1 136
366 421
70 219
17 561
492 598
496 516
146 438
148 286
346 365
107 585
239 464
63 517
270 410
359 363
159 541
137 539
12 521
271 455
493 552
244 502
273 466
180 266
509 591
206 278
149 157
23 86
456 489
473 562
130 276
188 570
359 500
155 161
337 439
121 415
137 259
9 161
245 475
191 588
300 430
130 461
304 405
455 501
14 598
96 521
109 412
72 262
46 229
234 264
25 298
115 507
38 283
105 301
135 331
152 359
258 337
96 363
49 483
28 458
435 456
112 315
41 312
130 194
248 323
106 375
202 548
170 439
186 333
33 180
83 381
209 243
184 381
332 406
384 464
44 575
39 168
141 305
250 572
198 271
157 526
145 518
77 197
227 256
226 414
23 95
470 586
160 447
187 433
34 177
8 238
153 355
65 321
570 572
129 370
261 476
106 107
276 471
13 126
389 513
52 346
203 451
110 222
376 528
307 401
275 317
94 194
62 481
517 579
278 312
346 355
105 348
472 568
156 428
90 304
90 445
168 321
176 534
47 358
367 415
86 205
230 567
121 423
57 323
139 507
35 270
181 548
346 582
137 544
166 185
71 450
563 596
413 422
47 213
339 521
185 487
328 552
64 327
130 244
189 306
364 568
561 599
192 552
84 505
321 414
403 480
51 491
37 69
171 278
12 363
383 435
117 230
376 467
213 534
97 212
61 126
131 159
67 153
221 514
224 451
176 453
231 393
69 98
537 539
109 345
163 205
135 399
215 532
124 392
33 362
179 266
25 593
125 524
2 253
308 534
302 330
94 432
217 251
236 288
528 586
331 506
47 308
339 392
51 256
127 491
14 313
548 585
435 473
352 428
223 427
151 198
221 539
55 211
181 273
233 483
12 96
109 459
249 452
456 473
164 170
23 490
227 285
55 85
319 466
459 563
93 509
346 437
46 437
364 472
86 446
77 570
31 448
120 135
27 349
87 306
35 228
135 498
168 478
278 317
71 582
167 412
219 461
180 362
37 597
545 595
475 551
251 514
25 488
24 517
285 323
133 182
196 315
484 552
530 584
250 553
347 362
278 364
418 425
297 340
127 503
400 531
2 483
24 414
26 31
407 411
152 205
295 396
77 238
398 583
335 441
141 229
419 558
5 38
81 508
23 545
235 352
356 403
380 407
217 470
2 187
77 220
87 573
102 389
330 486
45 298
407 165 88 592 552 12 39 239 436 159 103 31 563 562 584 505 276 470 1 206 534 484 474 111 162 307 84 150 45 286 254 111 224 226 67 196 259 529 322 459 376 256 188 433 511 172 352 252 55 323 365 155 596 276 418 29 68 117 192 480 481 528 268 373 28 109 16 493 485 132 379 337 386 275 22 6 249 456 580 100 340 37 225 546 104 98 126 163 210 61 572 225 15 294 55 29 516 340 430 396 114 421 225 192 40 143 442 137 116 474 77 541 435 176 434 558 504 455 594 447 176 123 48 468 209 219 283 436 178 443 562 288 485 91 332 376 1 589 474 358 109 100 444 341 193 56 453 353 330 53 234 104 80 2 184 189 457 81 47 198 122 76 468 177 163 599 204 19 63 503 345 114 121 3 579 398 345 540 139 246 468 305 314 102 255 598 514 579 137 168 587 478 548 594 319 571 61 303 510 241 117 244 368 500 296 277 165 121 523 533 26 103 221 30 66 81 461 176 461 454 233 100 9 130 309 414 110 346 323 121 93 289 442 193 122 161 320 519 222 403 90 547 336 342 454 335 398 346 502 368 118 407 36 192 49 342 429 160 535 118 409 127 225 511 534 407 358 533 395 244 494 592 254 181 75 220 313 264 6 256 595 389 23 176 482 247 137 147 512 336 145 78 252 194 147 534 483 341 342 174 518 199 593 472 440 251 585 484 584 421 356 593 193 30 460 112 347 577 13 210 541 539 173 168 389 462 84 537 509 185 538 115 392 291 396 532 242 533 289 169 274 150 363 214 178 187 529 241 352 543 478 283 451 245 77 558 588 78 273 553 443 454 515 483 340 250 229 414 231 481 12 424 545 80 98 489 362 199 593 211 178 114 99 426 51 243 424 482 479 269 315 558 570 152 552 441 354 527 153 460 15 558 341 585 296 65 450 436 391 573 387 539 181 529 53 286 85 50 450 397 282 135 353 310 547 229 139 201 477 39 69 63 333 5 99 531 168 343 382 241 264 254 249 330 388 144 416 377 479 531 377 391 380 64 201 595 399 303 538 146 539 48 442 550 474 379 418 92 443 515 81 69 353 88 385 226 526 154 119 189 480 66 540 449 458 39 217 237 481 430 512 344 401 264 442 424 59 595 337 201 3 549 167 53 593 170 283 52 161 552 347 478 596 288 409 71 196 319 535 384 426 421 505 368 13 545 270 257 409 342 573 288 544 310 55 385 522 265 26 384 73 289 44 348 502 484 271 215 501 145 594 455 220 528 133 328 217 447 302 156 253 469 397 347 514 583 151 250 409 539 148 530 168 497 380 1 544 426 19 488 132 57 442 36 468 128 50 588 199 280 311 195 358 118 454 106 126 286 419 589
80 297
7 902
450 622
77 186
443 132
514 31
28 806
550 658
606 120
651 710
617 781
177 210
89 921
682 244
994 738
112 5
589 652
579 266
553 768
757 25
517 689
736 469
207 816
238 991
843 856
652 792
286 797
693 651
846 465
916 562
331 174
266 778
570 71
512 514
186 949
473 825
503 983
509 845
467 25
736 904
198 422
883 133
326 341
693 28
609 727
677 768
142 420
441 70
799 337
500 546
915 374
128 465
196 340
399 323
215 988
80 148
736 382
239 512
471 116
18 14
878 185
746 289
80 110
869 797
443 425
777 939
152 209
66 326
798 205
569 852
465 949
241 297
903 340
984 639
649 901
767 976
610 685
637 180
368 951
341 229
250 35
960 636
483 138
249 692
323 409
68 75
278 913
222 190
807 993
660 229
661 515
68 219
635 329
761 661
274 878
277 997
107 937
673 51
596 884
624 34
560 537
324 250
527 416
813 497
29 218
554 487
187 606
233 569
933 663
346 96
693 475
792 44
875 433
187 288
370 736
75 598
368 845
954 900
855 616
20 408
550 897
158 649
444 360
40 748
7 952
941 526
679 309
63 465
245 757
629 552
388 906
43 67
23 263
693 826
283 844
596 925
27 930
896 284
880 1000
85 649
344 371
249 399
1 468
409 751
363 911
678 935
543 263
893 12
814 760
961 413
947 777
760 695
174 879
104 324
204 68
602 584
329 853
928 440
747 221
58 22
959 508
652 640
942 998
234 818
867 746
577 810
993 937
268 118
738 930
704 288
866 670
844 47
917 787
838 395
385 393
580 220
348 12
174 987
68 441
446 512
491 443
285 572
737 843
57 812
286 640
974 985
396 777
398 576
577 123
221 98
511 648
803 287
164 110
965 877
308 864
70 392
834 317
636 212
845 654
504 296
993 140
142 736
248 661
130 294
548 116
220 860
957 106
297 260
157 796
469 534
686 888
27 84
636 103
379 81
291 608
534 784
374 233
972 209
896 452
488 904
679 169
962 139
724 428
544 697
119 247
356 255
880 855
80 547
486 845
188 379
988 821
380 368
991 7
556 624
696 688
265 714
112 535
800 312
676 105
655 422
762 325
758 158
20 328
397 535
434 868
649 373
43 368
608 192
185 494
416 703
527 166
950 192
11 837
434 559
774 195
159 969
107 505
104 750
707 775
864 325
751 264
904 480
889 369
13 507
728 699
823 666
427 463
663 732
127 817
22 131
495 810
892 624
101 858
319 559
23 648
950 56
390 866
647 254
904 81
90 800
213 16
210 928
93 362
428 21
15 704
113 577
822 834
301 146
157 489
317 212
72 701
781 473
97 420
452 651
825 29
636 940
603 843
417 389
635 749
388 185
250 140
599 424
789 858
155 922
628 464
229 425
193 165
636 575
413 56
460 379
571 1000
340 986
897 172
959 756
565 728
871 398
756 561
908 33
149 892
370 538
760 830
786 913
387 808
196 532
579 27
670 344
968 27
421 436
149 85
89 271
794 821
619 918
818 418
439 781
388 452
340 718
762 585
770 747
597 84
88 884
400 353
395 221
322 124
440 969
230 161
337 148
152 373
511 459
527 539
682 626
492 85
387 967
303 749
539 64
77 1000
121 347
745 121
323 84
407 108
130 872
866 948
537 20
513 485
122 910
815 91
148 317
362 297
59 664
39 992
798 529
585 556
674 81
936 27
414 294
124 763
138 587
926 353
970 309
858 768
42 622
913 899
273 677
67 417
828 542
617 401
807 471
540 439
255 467
622 235
498 385
353 602
843 734
47 965
352 332
166 457
730 801
670 974
847 438
604 282
629 996
95 714
626 608
731 357
730 88
927 481
618 529
792 425
888 900
506 182
605 453
524 808
910 875
289 66
599 327
840 915
124 643
226 719
5 866
684 571
720 400
54 276
403 252
535 375
123 698
530 89
694 592
338 768
587 712
294 772
713 487
265 68
578 346
337 926
369 635
31 726
835 564
713 999
112 387
533 215
834 690
438 734
350 686
105 216
191 34
490 264
685 548
193 912
984 471
206 770
257 421
267 286
150 246
484 698
378 28
760 608
918 585
883 586
314 654
869 456
365 161
221 537
458 903
512 135
536 954
630 430
210 671
377 598
922 316
859 22
426 236
1000 174
415 837
786 132
801 567
404 932
674 386
922 508
855 981
749 953
919 1
752 78
123 161
326 452
481 618
160 27
349 207
802 786
976 954
667 836
886 549
273 939
70 500
912 708
129 114
2 373
30 437
102 820
916 410
512 924
531 322
159 846
964 565
463 852
93 459
339 492
242 370
632 866
97 607
982 599
736 629
579 784
234 228
39 554
477 353
973 166
558 397
33 873
880 831
718 972
716 336
796 175
81 958
424 609
260 739
915 536
169 134
959 478
310 519
995 311
279 38
625 68
72 732
482 753
732 189
328 26
297 470
718 57
945 224
889 657
908 201
224 338
1 79
283 497
858 73
851 240
307 958
162 165
33 303
252 611
168 760
418 647
705 363
123 29
495 158
842 196
857 135
575 415
78 246
754 430
667 140
476 325
570 297
731 552
446 174
400 506
7 154
504 344
952 825
829 127
384 686
600 153
601 252
577 164
207 226
185 837
641 677
44 240
952 286
770 385
894 807
985 436
298 173
211 310
653 290
590 54
284 532
971 239
55 531
822 262
301 985
99 97
727 605
700 859
624 822
203 451
346 959
415 190
571 881
992 675
530 293
