600 1381 600 986 4
305 350
263 318
57 67
515 557
312 548
287 554
394 428
277 309
183 337
46 464
361 500
432 461
340 486
73 402
263 457
95 222
176 586
45 421
95 381
212 531
149 170
130 191
308 476
7 171
537 596
311 473
495 585
75 268
453 543
437 478
105 328
467 507
143 390
395 405
22 247
235 292
218 311
12 37
311 504
278 592
347 534
352 363
256 566
231 359
184 346
329 404
31 399
74 106
122 187
53 295
140 230
172 338
231 239
174 322
486 496
74 322
57 534
124 447
195 262
375 464
227 561
290 379
366 503
117 567
107 113
80 272
222 454
551 554
395 490
354 415
179 489
61 323
33 330
57 143
305 474
118 449
45 61
401 429
93 152
375 418
213 464
14 159
372 495
105 486
24 308
261 306
186 420
3 146
211 337
409 483
61 214
49 97
35 355
536 569
100 275
112 456
67 576
302 404
92 514
27 450
136 318
48 218
134 258
234 368
9 594
210 241
15 471
67 209
256 428
280 355
255 415
379 457
0 528
359 470
45 293
96 329
19 122
188 406
279 498
227 359
3 463
225 404
318 370
127 335
118 379
107 433
29 187
460 477
64 490
414 544
256 332
133 385
51 358
28 382
440 583
52 188
148 457
8 428
89 390
326 358
465 552
82 266
191 373
54 384
191 523
342 462
94 158
146 518
240 450
200 409
171 185
445 446
128 344
452 517
361 408
85 586
81 124
56 528
91 417
269 361
330 420
184 548
307 315
227 569
446 506
263 289
6 153
92 224
320 507
42 219
148 397
257 432
215 427
150 258
217 459
148 290
50 267
34 592
146 463
265 574
69 223
445 448
342 365
310 564
5 292
351 386
62 387
69 341
163 572
200 503
14 304
87 363
49 111
114 183
15 212
23 438
85 581
140 533
51 437
87 490
88 215
297 422
264 474
26 561
27 83
176 180
88 427
47 303
251 544
172 267
318 540
81 435
252 333
38 513
212 471
512 586
67 518
198 275
140 231
353 441
255 354
66 314
7 382
230 462
417 542
392 412
197 598
123 564
11 268
217 223
449 575
222 244
28 573
132 260
468 512
198 385
74 209
307 589
118 575
142 245
129 348
197 440
265 468
151 388
429 531
465 492
341 532
179 500
285 398
340 449
104 305
259 300
257 461
348 505
411 512
175 197
195 591
153 407
7 573
61 444
82 390
367 429
79 363
125 577
192 460
362 443
397 419
266 286
264 537
264 596
90 455
256 371
368 572
206 308
298 415
35 466
39 541
322 546
59 127
192 477
86 233
7 185
181 370
268 316
15 167
135 358
105 260
59 270
225 558
420 581
398 524
123 147
193 437
294 507
198 261
166 500
99 187
486 575
110 202
378 434
362 541
72 237
334 441
34 185
167 471
245 403
196 492
123 155
266 272
93 562
131 428
153 226
400 580
83 115
362 497
195 598
63 161
43 277
172 526
6 585
3 452
42 310
146 452
84 347
110 126
416 590
169 429
176 511
65 422
273 449
48 324
440 508
133 154
97 210
53 524
503 568
134 150
160 442
196 550
306 343
227 470
133 309
43 334
167 438
225 456
435 509
79 519
100 228
226 398
38 274
112 511
21 278
38 448
450 577
109 406
7 331
307 341
104 422
13 31
312 526
112 199
87 219
446 513
123 276
469 525
340 589
91 530
44 356
288 433
371 383
168 503
261 343
299 523
203 289
277 334
403 418
11 507
410 548
59 207
12 588
94 589
414 416
178 587
115 269
101 164
74 215
90 333
180 396
5 226
137 294
291 472
237 378
56 183
33 173
295 480
155 522
380 439
88 576
358 402
214 444
166 524
54 375
323 329
146 197
145 543
551 584
105 496
130 208
112 208
97 338
246 534
100 350
295 565
235 553
40 50
324 491
86 119
48 472
118 547
353 535
368 587
243 303
146 175
270 496
154 261
321 540
443 541
117 592
207 316
1 365
17 204
40 111
330 581
169 216
210 476
123 522
3 291
173 249
104 204
152 266
365 539
51 370
409 568
136 457
525 569
3 106
88 389
252 294
23 482
125 500
73 358
218 556
82 427
430 533
148 379
129 380
45 214
68 258
216 471
19 187
389 599
187 257
195 508
137 285
195 347
162 400
95 446
165 506
43 551
52 222
273 590
177 397
212 342
393 493
269 484
37 540
100 521
75 285
567 593
159 177
232 538
414 514
47 439
98 592
164 293
326 345
242 316
325 328
99 122
16 476
343 393
17 422
296 509
124 479
318 457
289 540
219 475
473 537
107 319
29 257
282 400
141 461
282 325
39 300
288 319
338 410
206 550
60 580
290 514
259 408
237 434
176 423
399 545
7 582
330 595
202 571
406 447
250 522
221 273
433 522
46 503
138 459
328 520
46 54
331 582
120 122
89 143
232 424
183 528
243 403
201 417
96 412
149 237
186 241
172 410
106 504
142 395
84 246
444 578
553 585
395 403
25 387
442 578
371 428
346 420
79 491
49 559
140 239
32 339
186 548
274 579
129 321
552 581
43 554
65 570
38 446
188 479
342 430
203 498
198 538
21 253
118 486
196 248
302 329
122 487
247 374
414 532
62 502
367 594
256 393
391 475
42 87
221 590
100 306
305 501
75 565
253 567
404 558
268 507
243 560
76 496
44 304
346 595
143 515
491 519
121 306
150 502
435 545
47 331
128 409
102 402
54 366
173 574
248 465
168 366
275 555
387 468
168 274
172 563
113 405
47 382
282 520
359 430
132 431
138 449
254 290
360 471
54 503
426 431
390 599
238 371
204 350
475 526
163 368
0 454
309 441
61 578
101 456
73 478
48 91
321 370
229 537
455 553
439 560
281 349
119 233
119 139
293 444
258 419
115 339
236 339
135 345
37 129
81 151
57 389
201 363
263 540
51 193
421 558
44 412
137 467
235 455
72 554
101 299
103 371
229 264
291 504
1 535
391 440
90 376
413 534
293 373
131 394
165 377
94 270
63 242
280 561
382 573
4 364
1 539
65 477
31 565
23 216
155 184
101 523
129 588
492 552
77 447
153 313
69 459
209 576
18 105
181 345
107 284
47 560
231 533
249 502
303 384
93 272
457 547
284 505
394 483
33 574
512 574
20 95
240 443
277 385
423 512
283 592
118 426
151 488
422 436
506 579
448 466
261 357
111 583
420 548
549 572
330 346
411 574
132 593
86 587
362 451
519 570
158 496
251 514
200 274
38 239
285 480
203 279
178 561
128 483
25 468
272 424
25 456
182 452
185 283
157 436
10 267
167 287
213 477
317 577
79 108
155 595
336 417
288 564
591 598
59 268
406 528
122 497
227 367
43 458
265 387
71 434
30 368
480 565
50 97
380 588
174 546
102 345
251 314
425 528
67 517
209 517
422 474
125 407
343 357
359 481
125 313
109 528
249 327
41 383
96 323
265 512
240 362
204 493
525 594
137 351
264 556
22 155
200 239
216 529
371 394
336 542
170 571
363 542
312 410
339 408
195 197
41 357
44 442
260 431
276 548
317 372
459 590
158 270
113 348
465 499
176 468
196 499
267 583
492 499
473 504
119 189
88 209
405 560
73 374
137 507
149 434
449 486
79 201
68 134
207 270
219 336
183 425
231 543
359 401
252 415
33 327
236 450
362 450
125 166
302 387
96 442
355 543
253 278
383 393
297 556
323 578
26 189
31 335
327 374
125 153
376 455
102 258
173 327
111 281
519 556
451 497
417 530
178 448
433 564
113 380
163 190
167 554
72 378
15 287
471 529
12 593
304 392
26 536
239 394
247 516
143 389
324 556
199 456
34 573
55 520
323 558
67 84
298 455
1 441
336 475
438 529
90 156
217 416
29 189
377 579
169 531
315 341
148 177
369 530
168 579
8 131
114 388
232 521
190 549
67 246
285 565
120 497
313 398
111 559
141 510
474 501
310 312
228 305
452 518
84 534
83 577
66 92
118 221
545 580
228 350
525 536
165 222
117 278
343 383
58 71
103 230
103 535
132 567
145 355
54 168
146 598
401 531
98 282
365 462
180 586
121 198
101 225
247 595
298 354
301 535
251 414
518 598
281 583
80 205
147 310
95 506
322 537
163 300
501 521
528 549
20 587
342 533
214 293
115 361
296 489
116 327
25 225
388 425
155 250
269 500
38 445
204 306
513 579
211 488
241 338
82 152
115 484
337 408
10 172
107 527
279 547
109 244
271 347
212 430
141 432
71 378
156 553
134 302
202 469
66 251
162 399
9 429
158 589
306 393
194 549
463 472
234 572
137 354
256 493
113 560
144 574
21 283
136 397
279 431
425 447
201 324
60 400
259 339
52 573
190 259
347 515
80 232
145 359
191 597
284 433
228 501
6 372
166 313
158 486
219 526
257 525
236 443
19 30
332 493
478 516
32 300
51 478
2 547
97 241
109 188
416 514
77 388
15 365
381 549
101 199
332 436
61 558
277 441
369 463
143 557
17 436
183 220
148 254
351 398
20 178
34 52
131 568
218 473
416 459
189 536
301 462
68 159
135 181
242 315
100 198
385 538
252 255
64 319
36 293
73 150
85 411
180 511
55 399
5 351
101 421
125 317
62 265
59 496
219 312
398 480
59 316
108 352
193 348
82 599
315 589
253 593
112 176
3 504
515 534
539 584
50 111
361 484
497 541
20 234
506 513
267 475
46 213
175 463
53 489
365 535
349 508
116 595
41 353
57 515
206 492
221 379
382 384
44 66
68 392
69 589
461 571
30 233
469 571
7 21
15 342
211 361
64 288
413 515
164 421
158 340
272 286
458 584
98 188
521 555
79 570
44 224
245 464
474 556
194 572
147 564
180 465
19 39
473 596
289 498
72 438
379 547
231 481
433 505
223 459
55 485
303 375
399 485
135 370
281 440
212 360
126 149
22 250
58 378
184 595
9 202
80 174
248 494
138 590
40 583
37 593
184 276
262 440
87 542
170 202
488 509
309 353
435 580
336 530
30 300
112 468
150 302
264 501
300 443
495 577
162 545
28 384
269 577
2 279
130 597
125 269
205 521
177 224
200 344
13 296
25 404
22 516
319 395
370 540
65 192
220 259
141 487
17 493
220 408
319 527
22 437
356 442
284 348
187 432
296 545
115 577
104 474
26 119
121 261
13 399
51 321
117 253
396 511
241 410
260 325
333 415
199 299
257 571
241 476
26 86
10 526
33 116
193 505
4 588
117 325
28 165
79 324
63 341
47 582
68 304
156 333
138 273
422 570
45 164
108 245
48 291
73 249
142 352
347 518
71 510
127 485
103 238
65 436
98 479
213 568
154 385
29 139
367 525
439 588
37 289
144 173
426 547
206 552
53 480
80 424
64 395
60 98
191 299
244 454
44 314
32 443
253 364
475 530
163 259
35 239
375 384
309 357
124 188
108 570
355 448
145 227
2 498
225 421
213 503
74 182
262 508
208 494
16 70
29 525
358 370
127 496
109 454
179 509
147 548
169 482
139 189
526 563
19 119
396 465
77 151
436 477
319 405
449 589
152 427
16 552
110 149
81 447
304 412
95 454
69 138
18 426
308 550
21 185
248 396
194 234
290 416
41 103
297 519
330 411
282 592
103 353
113 284
73 258
114 425
347 591
423 586
238 394
177 254
175 369
208 597
287 551
190 220
254 514
195 271
292 553
257 469
70 186
18 260
47 384
117 132
2 457
87 336
386 398
34 98
42 78
4 439
234 381
298 351
211 500
155 276
150 249
134 329
275 538
161 320
147 276
438 554
235 351
24 49
481 543
326 402
289 593
374 516
352 395
51 129
53 166
8 157
57 576
114 151
0 381
26 178
94 315
34 188
205 322
134 392
237 482
9 482
352 490
217 414
19 120
19 233
161 242
323 404
55 162
348 380
510 571
140 394
168 377
145 481
201 542
278 283
179 488
313 524
199 597
221 416
69 307
124 406
205 537
234 587
274 503
42 312
27 115
252 320
32 236
285 467
196 206
194 381
39 120
154 357
85 552
315 316
15 539
469 594
400 520
216 438
159 304
157 568
229 501
30 587
248 499
472 530
186 410
133 277
37 321
255 294
332 428
160 356
461 510
112 597
76 485
117 260
329 392
75 335
6 495
221 290
4 253
250 437
11 320
358 478
13 545
106 473
93 266
454 528
192 570
260 328
239 453
388 447
86 178
75 127
298 376
294 354
303 560
82 88
296 435
357 383
56 220
232 555
0 95
169 360
12 129
391 530
346 548
376 415
53 179
258 402
139 187
50 338
460 464
78 490
374 478
94 363 337 42 373 217 103 492 34 105 413 32 200 267 231 229 514 74 111 230 529 310 295 348 26 465 26 276 64 576 220 77 24 437 289 332 597 389 546 7 401 261 413 232 498 64 93 113 122 70 87 75 531 386 124 98 302 232 446 465 289 338 61 229 245 353 81 350 4 432 512 165 431 429 251 400 319 577 364 105 332 476 332 243 60 417 497 279 8 298 91 56 397 26 431 465 573 375 559 391 563 245 489 322 544 54 415 48 523 51 164 454 111 286 540 389 365 5 587 392 79 6 257 231 358 546 344 74 190 445 301 218 136 191 521 348 3 88 344 97 590 489 524 410 355 520 275 391 53 431 372 432 63 416 191 36 325 299 255 171 596 594 285 181 390 346 411 473 290 340 253 44 579 417 556 304 292 219 250 227 374 484 435 300 236 292 300 561 49 340 207 359 275 110 230 271 306 23 381 539 55 483 229 202 209 306 158 374 172 376 50 138 594 405 487 594 23 384 223 557 0 292 433 178 457 402 290 472 148 470 172 428 117 433 37 420 282 475 372 3 263 241 588 146 530 96 418 194 127 400 455 421 312 362 201 390 266 7 111 208 389 581 69 564 240 57 390 73 251 220 181 29 174 393 122 571 401 559 459 508 483 94 550 303 311 143 327 222 341 92 105 578 88 343 489 204 85 90 245 292 360 191 558 512 407 549 8 374 399 62 381 216 222 63 406 556 426 10 75 387 540 173 72 545 16 443 99 19 505 372 344 154 403 337 523 228 278 102 87 543 542 504 326 305 578 25 51 176 32 404 130 462 556 452 552 551 297 212 442 499 178 255 544 212 67 33 547 329 81 36 216 427 123 16 101 96 339 479 43 369 311 282 272 490 30 383 297 130 221 206 534 47 125 334 420 344 78 325 597 27 46 497 66 227 482 233 441 113 555 460 170 181 348 104 338 197 426 180 310 244 21 565 268 379 222 178 581 155 545 562 417 67 357 72 419 405 319 588 282 229 472 38 21 212 310 349 162 100 547 147 319 167 81 581 66 278 186 237 336 442 190 534 304 358 451 147 596 208 251 215 201 435 373 220 138 339 569 505 156 292 298 426 105 63 399 485 306 495 170 121 190 430 271 500 83 382 66 73 557 525 36 582 500 539 135 213 95 371 535 474 304 392 378 510 246 126 599 380 371 365 396 148 312 47 469 568 107 555 434 86 136 133 536 473 367 44 276 390 287 110 336 515 120 131 512 455 156 263 200 123 258 152 536 288 502 262 599 28 293 514 0 120 367 549 422 167 164 197 193 176 578 413 255 505 576 69 456 322 41 595 82 323 469 588 284 331 478 125 538 299 259 138 13 283 429 465 525 564 81 237
513 258
925 361
209 528
799 858
422 521
171 50
250 31
454 472
751 512
850 126
571 843
82 225
346 535
262 239
82 670
894 299
374 919
775 573
190 407
634 102
593 252
413 458
371 717
932 159
479 986
180 831
668 189
440 56
518 428
723 86
586 142
205 244
482 99
315 796
429 371
684 304
35 968
315 544
632 344
600 79
574 937
879 441
569 772
981 313
49 687
45 889
625 517
500 535
742 780
534 995
565 907
313 648
460 359
236 163
593 482
230 314
475 228
904 950
990 11
118 309
337 296
42 834
219 813
5 321
556 689
705 591
34 654
857 916
157 695
41 421
382 880
921 32
992 151
246 717
868 805
149 234
194 317
377 220
551 733
686 682
940 683
362 253
998 877
412 37
817 950
321 899
643 174
601 736
951 873
986 986
22 36
689 794
40 620
955 800
68 344
552 301
80 755
524 897
362 344
703 23
926 580
94 920
190 663
851 414
791 603
208 355
827 816
494 669
667 650
469 290
862 91
577 967
201 938
464 620
403 193
405 71
316 764
339 429
138 462
667 142
608 42
936 551
671 32
458 735
374 284
299 76
882 62
141 293
714 419
352 598
173 996
738 469
287 461
959 458
164 741
248 625
192 589
126 140
76 451
684 113
782 321
734 10
630 649
934 957
289 814
721 240
760 896
468 776
130 584
915 72
196 749
349 210
979 834
221 48
951 506
413 738
2 6
704 509
119 375
125 675
2 754
27 236
275 313
535 139
58 914
547 389
260 125
963 219
588 451
874 167
863 37
454 429
544 862
287 781
922 732
690 879
233 923
125 632
639 231
280 183
277 940
229 597
847 847
444 204
402 782
424 426
427 877
704 62
417 328
699 137
506 171
131 985
676 599
369 643
536 226
743 982
380 995
711 924
976 541
151 924
680 405
677 735
833 94
233 463
836 581
886 713
411 942
70 313
201 997
900 883
488 946
381 169
875 256
664 510
15 865
922 811
909 186
10 507
763 751
592 796
465 169
109 518
531 354
9 448
71 635
118 859
179 77
725 209
872 631
854 706
801 379
758 287
970 667
621 156
578 208
118 42
475 62
940 122
820 401
678 368
486 18
465 898
25 291
543 562
478 327
625 588
869 948
344 735
324 996
230 749
392 686
3 612
22 193
374 479
92 603
27 146
804 501
764 77
187 707
502 127
219 387
922 506
699 953
240 527
800 700
248 842
994 791
602 882
100 254
337 99
97 348
781 998
966 733
105 481
633 401
981 611
434 764
996 405
385 418
201 478
667 235
611 956
316 376
405 394
458 683
168 196
998 744
972 247
521 719
285 497
79 557
761 827
159 15
0 930
67 162
211 210
298 231
754 667
77 74
110 964
543 97
834 362
175 794
564 537
98 693
827 623
882 564
23 371
447 961
943 422
511 768
781 775
492 807
215 103
2 665
30 339
64 285
346 21
243 569
539 640
44 212
317 601
873 772
77 801
707 740
285 385
223 647
287 746
244 363
125 780
336 856
494 504
761 541
5 74
971 370
152 266
614 778
420 152
511 872
449 103
118 404
6 398
866 294
883 512
706 385
191 631
402 821
798 973
429 633
614 998
882 593
126 82
620 676
895 402
74 126
684 274
6 694
913 472
258 672
769 233
883 215
386 123
537 8
657 686
378 518
871 326
615 463
787 163
550 164
706 849
281 614
830 460
302 33
31 997
292 714
601 536
44 67
558 426
993 67
135 543
435 587
552 258
517 481
869 468
555 506
992 484
155 95
205 848
407 226
949 925
992 942
644 875
119 749
848 501
782 423
577 645
283 969
150 606
179 110
253 287
316 325
827 226
213 692
583 610
131 821
527 612
426 293
275 56
443 131
707 460
480 867
292 872
96 730
883 979
10 539
30 95
52 541
666 778
607 566
148 659
383 846
84 867
743 614
262 915
998 698
436 238
184 445
950 836
768 479
821 167
829 262
231 428
743 45
478 705
947 64
336 240
724 567
344 668
964 166
471 559
644 929
938 393
43 718
534 42
7 815
619 287
589 309
414 264
650 291
93 422
443 20
585 14
812 884
717 318
513 309
91 23
149 887
181 549
947 339
43 478
682 564
783 23
813 330
757 862
648 563
325 967
678 333
131 178
209 892
785 96
798 203
908 228
732 827
819 764
799 667
600 833
432 909
704 541
301 685
387 322
206 173
754 259
899 141
749 420
364 89
195 288
151 418
666 4
330 182
250 213
591 693
725 684
379 958
814 547
234 1000
274 3
149 346
631 9
256 495
353 974
308 136
850 655
230 787
644 458
783 805
429 672
566 347
105 196
675 982
307 203
830 19
241 958
262 885
602 353
52 575
912 992
344 700
851 885
819 915
728 647
286 343
908 666
436 702
45 940
229 131
738 121
544 832
499 624
478 257
935 217
676 840
848 206
4 476
812 294
852 978
872 355
708 166
853 734
991 568
900 338
291 576
577 42
651 750
716 288
25 588
279 262
935 758
175 504
440 823
505 228
423 985
958 285
351 937
65 1
994 223
941 626
750 697
948 992
101 834
563 993
521 583
693 206
895 793
490 839
495 744
180 230
789 532
320 451
687 484
739 171
697 650
816 58
545 194
484 431
283 845
117 438
914 919
374 0
17 784
587 389
321 269
354 887
451 528
593 914
934 307
188 5
294 907
613 191
375 571
69 379
71 484
769 967
373 385
338 478
796 129
380 763
787 734
172 943
774 934
974 898
