600 1705 600 1078 5
98 159
12 356
458 492
184 219
224 321
312 516
28 507
25 33
154 174
30 324
29 534
240 276
233 553
72 135
125 260
20 136
92 321
27 112
349 505
122 255
240 403
335 510
252 327
224 552
25 357
91 481
103 439
181 578
148 365
230 531
24 315
105 374
54 110
339 559
66 459
106 365
75 184
220 414
450 457
6 374
180 408
266 557
182 195
75 117
390 474
15 586
16 595
268 562
348 597
236 557
0 541
58 570
268 348
128 565
201 558
111 500
235 301
83 593
336 513
296 493
34 394
328 411
124 287
357 542
376 451
129 196
76 168
44 266
82 458
33 485
407 410
338 595
264 525
63 301
102 527
362 541
44 512
188 481
575 594
2 46
39 549
469 571
409 522
75 472
39 594
43 84
55 418
242 421
122 542
139 196
168 543
155 416
405 598
182 589
402 450
37 159
220 356
393 416
272 497
472 479
246 403
98 441
87 114
23 275
3 326
262 430
55 221
226 457
239 550
264 418
154 583
66 407
102 558
99 505
207 461
91 212
87 237
221 264
104 412
111 596
126 521
0 152
39 199
84 259
37 471
80 286
161 572
275 295
185 420
83 318
32 460
257 288
291 505
47 168
154 272
8 112
442 566
210 544
200 252
44 225
257 447
164 389
27 556
25 328
66 334
197 279
505 596
403 492
158 418
126 242
380 511
13 425
509 514
80 377
491 572
51 323
247 594
88 362
29 374
167 589
147 358
89 358
15 464
239 517
15 438
23 295
153 434
142 371
22 443
223 324
48 437
327 499
239 261
169 252
508 568
200 267
115 476
119 547
73 128
500 596
9 414
417 428
210 311
199 433
123 333
245 558
227 400
142 162
8 300
21 71
206 297
69 231
477 489
345 452
76 315
42 79
567 590
94 446
199 599
335 361
110 156
206 546
6 81
261 340
76 250
182 368
10 519
344 438
430 532
351 368
289 564
145 166
452 588
448 483
162 514
297 545
256 343
140 493
245 445
153 507
4 18
289 322
97 573
371 378
258 304
138 325
186 237
24 81
19 64
515 551
130 593
268 524
174 339
142 378
96 484
188 410
100 480
526 552
123 350
216 571
35 271
120 176
150 466
96 587
251 293
323 434
158 446
323 399
21 591
209 587
533 563
238 468
265 533
292 532
522 584
491 506
90 502
293 535
208 518
101 505
422 488
156 379
168 422
77 481
138 368
34 239
215 275
191 409
232 284
271 383
307 347
187 398
99 101
23 78
174 280
548 564
384 411
385 479
184 306
397 446
203 530
19 274
370 580
57 246
185 348
394 550
205 529
257 378
356 537
122 260
250 315
46 260
27 113
21 333
64 439
142 509
105 534
121 561
135 353
346 364
211 400
299 500
300 398
141 154
67 327
325 351
160 572
142 575
325 408
3 367
214 549
7 110
18 190
253 536
53 359
20 107
422 490
386 599
69 208
9 432
217 437
69 501
248 478
333 425
278 490
199 445
120 284
131 381
186 476
328 459
327 554
226 573
317 353
176 376
341 369
153 400
320 446
89 593
143 586
201 288
329 590
430 461
216 366
122 358
180 209
365 523
170 543
174 272
225 596
56 489
28 338
103 220
338 399
46 255
114 237
47 65
143 571
35 383
254 502
331 546
306 489
37 155
138 464
17 560
112 367
119 412
172 538
30 412
150 303
24 76
59 479
135 498
141 280
89 147
321 570
151 366
48 379
239 324
171 428
151 453
93 475
88 470
346 411
354 560
329 441
214 539
30 57
2 491
193 284
402 457
206 331
40 145
210 310
166 329
343 369
223 261
351 589
82 324
71 128
415 478
254 345
100 171
109 231
509 575
356 439
373 488
77 595
90 282
98 329
33 328
236 574
344 476
40 329
415 426
452 592
331 545
517 550
474 573
240 248
263 283
291 596
314 354
430 448
274 356
289 548
209 467
232 592
312 431
174 319
235 413
451 584
302 583
362 413
218 397
146 206
320 569
250 258
514 543
340 449
189 388
395 400
53 322
408 579
90 254
192 422
58 211
57 547
384 459
141 312
414 587
243 359
440 552
529 531
184 472
300 556
471 529
382 594
153 227
143 469
205 503
101 151
88 369
288 372
187 388
255 542
153 211
250 308
195 349
357 358
241 244
60 320
135 528
388 564
302 361
410 515
266 507
16 28
117 479
108 285
91 561
157 535
147 576
5 571
388 520
129 163
253 414
93 160
397 461
34 517
202 354
139 528
184 584
159 495
361 497
183 374
90 409
168 490
100 299
169 539
107 244
271 591
116 523
151 505
562 591
39 247
22 188
17 332
468 506
20 175
92 488
193 232
195 215
223 340
326 508
116 504
530 585
203 536
336 499
462 542
512 571
243 388
12 537
316 443
393 582
61 143
11 313
406 479
40 370
103 414
172 377
191 534
52 282
109 284
540 579
106 423
145 146
79 512
17 314
27 86
412 547
274 537
35 319
164 352
309 489
381 475
125 535
258 387
451 522
226 554
270 496
50 204
31 230
50 164
485 597
45 115
274 494
438 536
281 412
266 380
64 103
63 304
38 585
19 96
464 579
97 390
233 386
123 164
64 414
126 466
416 495
411 463
90 191
181 421
382 538
39 382
1 533
250 409
313 428
224 570
372 455
8 187
141 431
276 492
479 489
92 444
364 475
420 559
137 315
37 441
89 357
186 242
178 290
40 288
18 448
323 338
123 294
198 568
365 396
364 384
148 523
488 570
249 562
66 410
22 50
55 569
148 269
150 442
30 281
291 500
238 491
194 451
317 386
276 403
174 234
62 121
169 538
144 536
45 354
129 455
390 501
32 189
28 399
78 525
94 218
246 458
499 504
414 432
25 485
213 222
245 447
421 521
33 128
98 495
192 197
63 250
445 599
404 454
219 306
51 515
9 314
82 492
52 267
225 266
117 472
404 553
334 565
435 499
440 512
104 189
452 465
261 449
216 453
93 572
89 485
265 277
161 491
251 300
344 536
124 388
16 511
284 449
411 462
70 235
59 189
295 401
271 333
208 501
51 410
259 405
144 464
306 387
378 567
15 144
31 567
38 432
148 457
236 440
141 425
203 344
281 406
56 385
159 441
150 244
244 347
48 503
117 281
114 586
9 38
200 286
360 486
403 478
203 585
546 580
6 355
326 391
175 360
327 504
173 404
74 166
68 235
52 573
114 344
470 475
78 167
165 263
58 224
257 375
246 478
100 428
255 260
68 70
197 311
183 377
32 119
69 132
231 518
134 573
325 467
294 389
88 118
310 373
266 574
20 533
115 126
391 508
303 503
234 333
62 91
210 541
429 540
1 545
127 195
109 518
133 296
197 250
256 470
108 568
218 316
62 313
67 549
25 463
373 422
51 188
374 555
450 473
524 597
132 390
237 344
351 467
36 473
493 513
283 295
499 513
229 434
343 459
243 548
484 587
433 599
407 459
370 455
510 516
307 354
60 569
86 251
424 514
133 435
124 243
265 545
267 573
44 557
65 531
150 503
79 421
292 425
110 531
197 278
288 567
345 588
388 460
88 229
290 395
73 328
26 471
119 326
196 455
9 12
39 375
240 285
301 544
22 212
405 477
304 598
185 249
8 520
72 196
343 470
212 443
147 593
374 534
92 581
250 279
456 480
421 469
155 393
6 183
357 463
160 413
48 205
1 331
113 367
203 432
317 599
185 319
298 359
270 577
133 140
173 513
109 177
125 130
56 413
144 253
287 479
252 554
346 462
286 538
322 506
269 365
227 395
145 206
248 285
97 134
361 559
22 481
341 434
42 421
229 341
209 484
84 301
148 450
201 257
298 572
65 230
77 188
54 581
166 495
194 592
88 152
181 217
10 12
27 149
184 436
390 573
234 280
140 386
460 520
332 560
360 563
20 347
29 191
243 564
54 92
28 153
74 145
494 537
381 470
408 467
110 529
521 578
195 291
332 519
7 581
110 581
46 238
385 489
124 298
561 595
130 260
222 507
253 540
158 320
61 216
209 540
192 311
156 321
278 422
76 278
4 207
333 591
431 483
286 377
80 200
336 423
49 497
341 515
61 464
210 373
73 330
218 532
62 417
430 431
227 290
86 149
258 584
7 92
301 541
26 155
19 494
225 505
144 438
473 573
105 555
337 514
226 473
319 420
251 289
333 383
102 445
106 396
288 378
6 24
133 327
33 524
262 448
293 322
51 341
63 311
92 168
158 461
179 353
386 433
256 364
334 410
85 454
303 582
264 283
100 500
34 284
342 484
198 496
111 299
167 215
275 500
481 561
14 443
237 476
292 430
58 400
70 405
102 599
297 331
71 524
361 392
149 157
66 565
392 510
64 96
81 509
44 99
401 525
43 259
442 466
402 473
215 291
11 480
2 238
0 434
387 584
309 405
221 418
116 327
35 562
128 352
184 479
408 464
101 453
67 199
144 579
289 300
22 91
153 290
174 420
463 542
210 422
230 567
162 337
95 281
34 261
17 519
164 294
211 310
503 529
86 300
140 296
7 531
462 463
37 531
40 166
70 309
429 579
13 292
222 290
156 224
98 166
62 263
344 530
257 371
367 568
299 480
269 473
44 505
0 211
248 508
194 376
26 303
77 323
287 572
258 409
13 316
40 455
234 319
165 295
42 512
144 429
152 229
220 439
158 207
346 475
169 549
30 547
392 516
76 490
302 392
61 349
106 504
63 308
8 398
557 574
234 425
190 516
180 540
67 433
23 167
394 517
20 487
24 29
122 357
445 558
302 312
53 161
260 576
301 362
406 412
82 550
36 132
172 286
304 308
322 548
282 555
15 114
30 427
149 535
37 329
201 447
496 568
95 427
133 433
141 583
389 443
343 364
164 565
447 558
15 61
380 456
295 525
365 504
85 336
135 527
163 196
185 318
273 381
246 415
108 508
52 377
177 231
172 594
498 553
120 363
337 378
152 541
41 448
281 363
128 328
52 555
359 548
36 134
107 303
129 528
14 212
242 476
58 373
292 316
391 415
52 474
47 92
289 293
452 518
228 593
207 262
58 395
55 320
252 286
0 229
189 406
10 332
161 359
199 245
253 587
108 496
178 574
61 368
248 403
349 368
215 589
2 346
327 539
34 449
289 398
107 347
225 456
226 267
99 512
126 476
59 406
119 460
258 522
169 382
171 500
421 578
432 536
219 584
57 458
219 387
222 266
93 381
9 220
23 401
339 420
387 598
343 384
157 293
175 486
183 355
76 170
31 378
224 395
150 566
228 597
66 330
318 420
126 150
173 454
107 487
51 77
69 394
386 513
45 476
52 80
444 581
213 290
5 512
254 282
16 121
104 406
382 549
416 582
380 480
3 460
172 183
375 447
102 317
457 554
96 414
55 263
160 381
398 564
328 384
32 104
83 597
512 557
125 293
54 321
249 268
117 363
291 349
115 354
437 578
36 390
179 317
133 499
194 345
343 407
24 137
42 526
65 543
83 185
273 413
367 520
109 394
259 304
134 473
83 348
184 376
2 255
135 317
292 431
246 492
111 456
166 487
100 313
285 496
70 259
31 65
136 533
175 563
17 354
352 565
176 284
340 363
75 120
353 553
72 498
128 350
112 520
69 177
248 391
247 371
323 595
178 224
386 493
139 163
391 426
207 418
397 532
122 576
127 215
48 110
120 340
202 244
232 518
43 301
124 479
30 95
112 113
2 462
277 545
210 211
146 370
163 528
274 439
311 422
268 597
455 580
20 563
53 548
96 342
437 521
11 121
217 379
340 427
46 293
407 515
311 544
78 401
113 568
247 575
136 277
180 467
108 248
42 440
309 477
294 333
208 231
6 29
307 486
314 585
214 327
45 530
204 334
190 312
195 368
306 477
117 406
208 465
184 451
364 411
136 265
40 146
387 477
396 423
160 273
94 569
85 173
62 428
254 522
290 507
24 514
399 434
371 375
487 582
43 304
60 446
46 468
26 503
245 375
223 239
453 571
407 551
304 405
270 285
355 594
191 315
76 197
208 452
379 482
111 225
137 191
138 408
72 528
288 590
72 139
38 203
91 121
440 526
376 436
369 515
317 527
162 378
185 562
4 264
252 538
165 275
369 470
528 558
477 598
232 376
244 303
254 588
166 582
45 585
33 71
62 569
75 176
83 228
263 417
226 252
417 500
118 470
233 513
307 560
312 583
249 348
480 511
121 595
49 302
155 471
35 185
21 123
332 486
242 521
357 485
576 593
179 386
175 307
5 469
327 523
272 559
87 586
335 392
367 508
11 16
76 424
437 503
115 202
60 94
31 337
126 202
14 91
105 282
225 380
234 383
330 565
80 267
52 254
166 277
306 479
376 592
64 274
68 413
14 62
154 497
369 551
202 241
332 537
283 525
181 482
379 552
141 292
391 478
363 427
302 516
170 514
223 427
159 416
253 429
277 297
40 372
131 362
92 570
171 417
466 521
27 300
285 577
354 585
70 301
48 217
4 41
132 501
131 413
1 563
33 597
32 388
280 425
183 555
73 459
88 341
182 351
6 509
67 214
22 204
116 365
9 356
256 475
59 124
200 226
217 578
162 509
62 94
199 375
437 566
192 278
87 186
49 154
114 438
213 574
67 133
26 393
440 557
316 389
102 528
18 483
194 452
7 47
366 453
194 254
263 295
503 566
131 273
21 268
142 247
16 338
272 339
94 316
177 394
272 361
11 100
198 270
74 297
136 487
54 156
390 465
14 316
241 354
336 396
43 63
471 503
350 352
304 387
247 375
75 436
539 549
157 251
58 310
242 469
122 147
109 193
52 588
71 350
377 555
523 554
161 506
415 547
168 170
176 436
404 513
235 362
155 159
138 351
349 366
236 552
284 376
268 591
324 458
482 526
164 443
37 529
284 394
204 565
209 253
56 309
21 524
168 488
93 346
75 363
303 487
269 396
87 469
161 298
426 547
221 283
258 308
129 558
409 502
222 574
15 143
293 468
63 279
271 562
326 460
188 334
474 588
193 518
431 448
29 137
201 455
1 265
165 417
347 354
330 459
129 201
37 590
181 526
343 551
269 450
541 544
47 531
90 105
226 402
3 520
194 522
233 404
23 215
85 513
253 432
215 500
87 242
6 594
169 327
457 523
320 418
421 526
39 67
196 580
172 382
481 595
327 435
36 97
316 532
82 239
68 309
218 446
337 543
41 207
154 280
31 543
55 283
493 499
101 571
74 206
224 379
3 508
56 572
353 498
312 483
423 504
527 528
41 262
190 483
296 499
305 455
287 385
151 349
262 461
56 160
170 424
149 251
45 344
110 205
166 416
172 355
238 506
465 501
419 543
113 198
469 586
123 352
118 131
131 470
40 305
50 565
21 350
277 487
105 191
126 244
502 522
70 84
263 569
24 424
482 552
370 546
112 556
93 491
99 571
486 560
323 341
56 68
47 419
324 427
217 482
373 570
209 342
388 398
179 233
14 94
59 388
57 324
446 461
50 443
299 456
7 444
127 589
16 266
49 583
465 474
228 485
275 417
0 153
57 415
201 372
178 213
81 514
243 298
88 541
293 506
49 361
61 138
423 499
118 362
287 298
397 430
140 433
207 264
2 542
408 540
11 511
5 79
168 419
16 507
175 347
303 393
466 566
328 463
61 366
119 426
146 546
95 363
121 313
5 421
319 383
89 228
230 590
12 314
63 544
120 449
294 425
65 419
191 250
8 556
6 575
279 311
53 506
521 566
13 389
211 541
18 41
153 399
467 488 260 53 384 110 518 222 124 179 430 512 41 245 47 205 471 260 345 133 387 301 507 149 62 76 128 380 276 0 191 130 122 260 99 60 518 597 132 165 297 42 15 60 421 349 313 277 407 550 147 170 13 102 220 230 150 325 538 146 332 572 8 178 370 67 580 194 320 173 482 348 65 79 595 91 355 2 70 351 508 159 313 323 160 78 460 454 34 470 465 518 112 81 89 491 596 183 113 8 511 519 167 246 285 426 172 168 292 308 391 423 336 557 20 551 233 385 462 393 489 415 106 3 391 158 61 535 184 123 62 17 194 18 363 364 65 86 447 166 482 89 312 484 140 388 169 126 96 289 308 138 135 204 338 207 230 129 542 589 370 13 434 154 387 432 71 561 200 50 230 84 437 38 404 587 459 490 193 5 93 340 180 546 526 83 325 370 163 550 327 53 559 357 460 98 191 40 250 48 470 318 404 527 536 437 243 224 216 138 147 362 426 460 167 324 218 495 399 421 121 50 102 168 74 444 458 349 580 123 568 475 104 66 471 248 66 569 213 228 293 429 10 109 574 546 128 430 56 90 99 33 413 350 270 428 400 284 131 222 364 440 407 254 461 448 430 170 559 439 109 350 179 167 383 330 69 221 465 152 384 494 296 276 40 318 510 311 9 271 591 142 91 81 87 150 193 65 400 135 12 330 480 491 592 531 277 430 564 120 306 412 162 154 209 256 134 528 200 154 475 197 475 234 334 461 396 181 135 536 205 4 345 524 319 526 152 363 585 41 457 386 25 58 264 397 201 532 172 152 382 413 424 493 29 235 12 593 105 232 55 125 341 135 580 275 574 309 314 584 27 126 164 508 300 578 401 260 341 562 376 135 553 330 488 595 585 339 555 226 520 284 367 422 513 367 284 123 111 336 540 11 562 295 114 93 441 4 437 496 282 326 147 599 240 428 586 345 119 584 170 447 137 13 219 568 266 396 374 321 544 54 129 21 591 363 238 98 335 339 337 427 241 233 477 122 548 387 418 386 236 573 24 494 260 120 214 335 73 492 530 362 542 154 328 412 487 113 78 365 182 95 430 536 448 411 9 450 248 472 403 149 201 279 81 400 478 232 490 60 438 162 97 403 367 406 391 287 306 288 289 376 434 409 141 351 78 8 35 178 141 534 460 375 472 495 265 170 205 289 287 179 400 316 64 307 36 133 313 511 199 147 559 394 131 215 359 537 527 251 249 444 507 252 80 420 133 588 473 76 433 492 399 40 130 281 162 262 82 449 79 15 298 239 387 452 81 379 401 398 203 98 557 137 448 204 86 84 42 18 593 303 394 470 276 321 334 327 324 51 127 585 142 327 344 314 239 35 289 451
550 448
553 996
466 131
167 99
990 284
796 666
263 627
478 705
230 59
862 899
826 985
766 432
840 947
822 186
783 344
846 737
694 428
761 941
984 210
989 964
636 940
690 167
712 299
938 501
339 596
576 158
563 817
235 1
663 449
283 585
125 209
372 766
188 151
614 137
55 343
759 77
9 553
467 784
819 874
217 772
394 878
967 234
724 638
386 440
765 569
784 827
456 96
451 709
610 700
919 64
752 260
629 339
126 539
343 145
559 653
911 350
375 271
72 186
578 519
239 229
850 330
898 652
819 374
390 482
962 928
435 737
631 264
177 801
363 309
1 430
401 353
657 167
244 992
609 202
471 927
193 321
384 591
662 350
982 459
766 661
132 625
314 641
7 253
673 13
395 403
9 957
295 16
778 723
539 355
590 34
238 520
738 342
521 639
426 199
830 295
144 231
969 874
44 573
458 864
790 612
791 440
818 611
233 894
921 913
189 180
213 562
24 803
603 907
98 62
44 394
561 698
826 511
201 25
159 34
802 754
744 818
64 783
210 275
497 361
139 152
138 303
774 398
523 77
749 179
274 197
444 33
717 802
958 565
643 199
319 937
486 27
467 305
20 527
137 852
20 618
211 966
605 962
317 582
957 659
270 981
127 885
880 126
284 721
820 689
882 760
430 915
421 964
553 42
36 727
336 4
630 812
866 606
539 395
588 460
879 89
534 824
585 656
357 36
907 298
486 823
403 258
366 161
328 696
293 954
740 218
908 442
493 897
988 493
453 656
152 723
418 645
853 439
190 648
41 971
828 65
663 960
143 334
6 403
637 555
160 953
963 721
680 678
971 594
191 607
224 360
709 23
745 746
235 106
665 305
220 188
997 163
259 542
442 511
81 389
180 453
927 552
324 980
413 531
126 15
193 839
111 651
305 855
729 845
839 834
713 273
580 722
448 951
940 295
76 459
976 784
512 490
556 476
756 323
662 542
156 775
898 520
850 669
633 680
861 271
250 375
894 925
971 333
690 507
66 261
583 586
799 553
70 641
619 491
620 52
563 410
438 768
39 436
113 403
116 958
808 114
435 367
676 592
784 775
429 133
40 275
20 86
704 866
716 757
297 181
639 862
236 828
54 167
245 754
74 94
709 61
343 517
322 39
124 698
917 850
203 498
486 87
507 268
329 814
309 446
359 417
475 60
64 295
943 246
880 387
996 318
577 963
739 520
102 611
669 99
8 718
43 9
740 111
862 22
444 283
950 957
890 484
4 120
560 937
412 566
385 509
837 113
176 252
188 540
928 388
98 345
53 57
139 654
319 240
350 852
306 106
654 513
877 554
884 197
396 69
771 193
954 413
87 885
510 943
348 203
802 475
280 66
446 418
943 74
608 862
357 443
371 939
278 340
683 917
342 466
318 305
538 501
448 471
922 159
798 411
819 901
356 553
817 268
185 908
736 9
793 79
890 328
560 627
336 96
632 368
85 226
985 668
128 116
104 795
558 195
427 851
642 233
503 985
782 993
773 142
684 275
993 11
25 869
352 712
659 423
838 32
101 285
570 349
999 818
578 254
808 793
165 478
497 198
652 906
675 52
916 599
674 190
993 638
698 223
164 982
736 876
235 638
878 971
539 113
553 87
331 174
678 996
917 21
459 380
148 272
510 226
34 773
880 632
158 64
938 639
545 304
375 972
296 769
368 877
504 530
213 590
245 789
165 405
169 626
342 752
641 640
750 494
446 249
187 711
783 106
550 232
279 265
134 919
297 366
218 135
800 200
49 544
98 107
965 33
566 867
10 374
614 532
2 769
885 249
278 105
622 433
591 487
976 432
52 680
37 129
85 990
355 364
199 205
595 278
935 714
267 486
624 300
526 197
150 178
409 298
889 876
84 153
512 861
877 418
946 322
414 710
799 38
730 689
462 567
19 840
382 655
847 137
114 142
114 243
825 421
899 785
911 219
917 192
867 862
167 836
590 374
104 829
182 358
631 735
841 774
916 953
718 610
458 820
653 788
779 268
499 686
224 854
881 300
273 833
948 208
78 321
30 700
207 404
128 451
850 627
13 986
316 902
793 509
61 718
14 197
600 229
174 125
914 264
479 157
530 154
893 735
62 501
680 794
989 702
400 108
798 703
506 320
549 783
224 319
9 654
90 534
488 244
748 778
328 353
66 120
245 284
768 466
696 330
658 664
950 175
975 832
608 76
707 962
586 934
512 573
279 303
443 586
419 172
15 162
94 911
958 993
488 849
89 21
890 40
204 994
54 862
855 518
28 500
229 475
586 786
53 817
836 583
376 133
680 483
125 90
281 675
990 98
726 435
744 613
33 909
353 671
593 311
961 124
28 341
85 425
801 959
202 94
679 753
238 444
71 747
658 134
981 387
698 653
233 921
261 955
540 744
815 824
501 743
865 232
582 991
245 578
384 6
885 835
856 998
161 693
126 769
940 772
504 430
510 116
394 737
459 446
526 970
443 999
106 171
301 139
173 755
12 298
570 294
671 629
135 995
98 718
171 586
243 34
722 569
263 860
842 5
732 970
724 383
737 61
647 995
274 144
720 240
642 764
407 796
117 41
862 365
556 565
823 660
394 227
75 583
701 553
249 689
523 33
4 2
674 727
913 756
353 998
525 686
545 887
911 107
245 416
796 859
817 724
946 839
129 495
985 560
383 842
709 146
141 428
578 1
215 692
681 372
835 541
650 79
322 380
190 871
