600 1538 600 1092 20
85 298
133 439
2 381
352 488
562 590
156 278
288 555
101 556
18 355
204 587
127 135
307 570
517 561
364 550
17 570
402 533
430 509
9 423
0 136
93 154
260 390
197 296
34 591
581 589
78 104
476 481
167 524
207 384
146 506
326 382
152 324
144 214
344 497
185 523
477 510
343 567
429 544
425 582
107 275
284 441
385 470
132 586
131 488
46 194
163 255
284 350
371 400
15 331
331 442
13 176
154 318
198 421
74 244
246 557
236 587
296 576
194 316
76 473
35 507
280 296
307 361
76 116
497 568
74 273
251 460
51 78
361 508
95 540
248 398
35 509
21 490
256 349
347 467
22 178
36 363
222 572
121 154
156 338
3 569
232 547
218 537
212 225
137 262
82 431
310 447
427 499
87 513
164 506
189 550
145 282
172 203
139 584
460 474
181 498
231 237
141 304
275 535
125 383
62 461
416 554
79 352
377 472
120 527
210 539
152 442
127 349
38 69
65 506
96 252
204 393
53 528
123 269
16 155
268 434
457 514
150 359
59 360
50 584
74 565
224 373
234 477
192 556
157 380
41 421
295 373
45 533
217 353
46 52
3 438
200 293
310 414
308 473
57 267
345 502
236 541
74 511
113 246
221 345
75 458
138 207
62 410
313 510
52 408
101 547
6 163
121 501
170 411
497 575
66 470
211 322
134 323
323 383
244 511
15 249
208 292
56 457
86 537
327 335
318 437
59 177
180 252
451 598
27 580
234 259
475 527
401 417
43 62
80 287
257 551
67 422
219 480
261 431
4 399
31 387
273 450
156 201
30 322
320 579
291 594
241 256
14 412
105 535
148 446
53 304
280 445
238 348
162 413
43 486
221 590
112 208
6 29
31 304
45 112
164 279
80 228
110 556
148 302
375 523
2 242
207 210
144 581
239 379
144 407
250 503
31 528
78 102
89 168
67 228
5 447
3 71
485 573
315 330
272 547
86 107
17 350
73 105
43 293
34 543
365 459
159 520
18 536
94 463
215 230
191 447
450 455
472 506
374 463
193 588
134 461
227 480
587 593
469 517
125 596
308 358
96 482
59 402
339 375
173 481
267 353
352 559
230 326
187 519
293 325
37 174
39 274
160 372
310 427
60 369
253 285
20 380
8 156
241 349
313 477
146 458
399 435
58 198
17 413
167 336
236 444
89 124
8 222
212 493
231 242
229 480
16 262
103 201
377 534
182 380
45 563
254 300
174 318
112 295
193 284
66 501
251 355
42 550
42 60
479 531
323 449
140 443
25 505
98 395
9 598
172 392
320 365
543 558
64 508
393 552
373 468
252 482
173 347
86 218
48 163
85 502
458 467
114 594
321 369
489 525
231 394
298 548
424 442
127 257
147 491
77 498
159 542
7 167
71 219
83 352
53 387
125 134
251 536
512 564
402 459
224 560
244 289
184 588
217 253
201 278
370 567
268 292
217 369
19 303
281 475
400 497
118 382
427 562
217 285
482 566
8 278
457 584
128 372
325 331
106 116
309 314
88 462
300 311
182 377
86 275
22 186
219 342
249 325
187 595
87 471
118 215
319 574
69 498
113 557
273 455
119 539
112 563
377 463
204 541
339 466
270 418
46 356
400 575
116 143
261 271
210 410
62 433
189 202
317 433
90 110
11 283
23 257
67 448
262 301
359 429
42 520
67 491
68 225
38 483
131 475
170 329
177 532
226 331
258 283
444 521
95 359
192 552
22 196
24 282
175 480
187 333
462 517
459 579
260 412
255 354
101 204
195 350
368 392
215 421
382 409
255 444
76 106
188 408
139 179
196 271
161 337
162 530
88 212
9 449
512 522
364 381
168 254
64 586
114 291
268 432
18 293
70 178
0 264
155 585
257 368
286 480
397 460
18 98
39 531
218 258
215 409
216 561
164 596
183 310
39 237
405 571
124 179
242 349
269 366
328 513
360 597
141 305
126 251
63 478
199 397
469 561
100 262
391 524
133 167
70 499
49 361
391 495
279 294
330 376
344 445
284 413
366 565
19 431
108 371
213 484
165 397
389 594
253 381
564 572
371 531
180 565
271 296
430 548
220 426
212 363
98 536
98 200
253 464
55 420
306 339
84 150
181 469
330 338
50 139
52 346
243 289
358 396
257 542
284 530
341 500
183 543
102 276
60 550
250 320
81 347
333 494
128 160
120 299
184 284
94 377
99 527
59 320
92 454
159 160
56 298
44 190
26 265
309 412
168 487
182 534
337 340
104 387
70 414
216 589
324 335
386 598
236 255
450 565
69 77
2 135
44 53
293 389
127 551
471 513
142 345
142 300
466 523
183 562
507 509
129 559
9 10
300 487
277 357
208 533
251 335
95 315
97 539
426 446
460 574
352 403
480 546
178 314
4 380
207 539
404 596
207 291
149 168
19 271
280 576
12 198
282 560
382 420
68 220
29 301
263 451
260 270
211 455
175 465
199 578
283 545
262 363
512 546
109 134
39 479
158 429
250 365
431 497
22 277
241 560
120 475
233 313
17 511
379 491
387 528
332 417
272 593
332 407
225 505
338 376
355 424
19 261
362 483
51 102
187 396
362 494
354 363
11 471
135 242
0 590
233 515
57 239
518 599
329 535
188 288
50 525
158 412
209 238
25 302
110 573
344 431
232 406
27 153
325 486
44 495
270 585
183 590
33 117
345 509
173 467
117 492
177 518
17 448
12 549
34 264
249 331
50 489
40 573
440 482
292 529
279 404
91 571
41 73
407 417
157 269
197 271
374 399
6 363
140 409
213 425
125 164
448 511
48 255
105 437
60 128
190 468
97 492
65 146
540 583
75 478
233 234
333 519
234 577
452 546
142 502
487 576
86 411
261 344
78 387
381 551
47 418
236 393
5 314
142 562
295 468
494 595
252 567
336 560
404 492
58 215
195 284
124 457
192 393
34 580
73 306
14 359
79 488
103 219
306 417
272 315
228 508
518 597
328 411
308 477
188 555
59 122
290 341
110 192
86 258
88 493
62 486
337 398
323 472
92 104
160 520
296 499
111 345
374 416
109 461
73 339
237 371
423 449
58 420
341 496
115 540
413 538
471 545
105 375
349 415
156 299
30 455
194 566
427 504
433 486
274 479
334 545
211 273
32 503
33 384
68 505
115 583
57 285
459 503
155 277
132 508
190 524
201 219
171 585
527 569
266 468
27 309
180 343
292 392
30 263
77 553
15 424
409 421
268 529
343 370
216 401
105 523
492 596
57 571
180 269
50 238
367 426
16 212
380 451
336 524
91 239
348 525
107 500
87 470
35 221
256 453
5 183
151 496
97 410
189 381
89 514
116 595
48 236
347 484
18 325
242 319
121 385
360 454
315 376
236 583
314 558
270 390
69 483
6 255
1 586
82 138
93 490
206 240
178 186
221 247
32 372
148 404
531 575
536 574
315 540
80 361
308 396
55 382
168 179
231 319
107 140
37 523
254 502
474 578
292 368
379 405
72 417
394 395
124 139
215 326
100 270
14 27
233 577
42 189
342 351
180 567
13 110
373 529
226 325
139 305
78 454
248 334
173 174
365 579
414 447
94 374
114 479
172 368
125 323
65 472
301 363
136 264
181 216
176 522
33 277
127 242
171 390
438 465
116 494
51 599
170 535
287 448
38 58
388 452
143 494
63 506
209 457
40 485
340 557
122 428
244 565
4 52
147 324
456 481
138 291
102 525
70 310
149 179
50 209
18 249
173 557
347 582
35 129
214 581
194 288
16 225
318 481
116 396
29 544
38 198
24 560
224 453
117 148
174 458
213 347
59 92
43 410
47 544
115 315
133 282
250 428
165 235
99 569
547 593
175 438
52 435
507 548
32 172
61 585
100 418
363 493
294 478
145 344
106 143
213 377
49 307
138 303
219 222
264 543
485 552
216 469
199 235
90 573
134 596
55 143
0 79
25 33
282 445
211 422
54 169
63 146
237 394
530 538
33 378
96 205
96 566
218 283
208 459
57 91
37 458
525 599
366 455
201 299
113 337
163 583
0 221
81 557
265 338
104 454
37 185
115 587
19 82
227 229
208 295
13 232
383 506
238 525
26 281
233 444
170 470
131 527
10 436
318 501
71 480
169 413
83 131
272 572
47 158
140 535
103 342
0 543
275 411
45 92
204 593
419 545
172 372
5 543
306 401
520 542
12 41
444 577
135 551
129 352
239 267
259 308
421 535
319 395
140 421
398 557
165 242
151 341
9 534
367 581
395 574
68 245
45 104
26 299
142 254
145 371
5 558
35 247
300 504
77 198
289 343
29 47
284 538
160 203
70 197
194 555
19 138
419 471
296 445
462 519
285 578
542 551
203 368
244 343
214 294
403 559
359 540
174 467
33 207
226 317
27 412
240 493
110 176
259 477
10 377
118 326
248 476
69 553
287 307
321 550
93 456
224 241
83 488
8 572
165 319
74 422
156 265
113 340
221 509
227 512
66 105
66 592
166 452
259 577
350 413
209 584
344 400
59 428
374 425
284 370
94 399
28 347
304 489
252 440
138 384
22 390
96 180
263 386
297 307
444 516
279 478
111 298
197 499
21 248
498 549
299 475
114 575
195 289
179 305
231 349
88 225
504 562
311 427
337 555
267 285
311 576
177 360
25 277
422 448
22 357
138 378
81 416
522 546
85 457
7 149
114 389
30 451
4 205
23 256
279 446
155 505
169 297
440 588
124 168
109 492
583 587
530 588
22 171
226 423
60 321
385 419
476 557
200 479
96 316
432 434
248 557
501 592
7 524
206 493
192 204
319 397
366 450
388 438
405 491
313 515
251 424
79 247
28 484
389 479
20 534
116 473
53 305
6 354
174 523
90 552
312 453
153 314
258 496
36 493
46 288
68 88
446 581
189 364
235 253
116 187
23 127
130 220
272 330
465 480
100 137
14 150
271 357
277 378
273 422
269 565
21 334
324 405
80 448
65 458
126 474
24 133
147 152
17 169
295 529
339 523
100 585
94 182
479 575
507 559
295 563
163 544
186 314
7 391
475 488
178 191
229 572
9 472
458 478
210 594
167 439
388 480
423 461
64 307
219 572
321 364
141 489
35 559
44 563
25 220
473 510
31 102
62 317
334 490
258 537
178 196
26 84
87 170
290 409
233 516
137 155
18 424
84 264
56 548
83 403
75 294
34 153
38 362
119 492
58 118
166 176
56 85
4 435
195 243
44 391
20 182
176 406
130 245
2 551
1 132
541 587
436 472
133 445
25 117
306 498
126 578
3 99
482 588
184 193
526 564
79 136
170 275
109 596
49 64
166 522
87 411
217 464
473 477
289 511
568 575
9 323
283 513
132 267
271 303
154 490
241 415
552 573
226 433
177 597
393 485
346 399
38 553
263 442
123 366
377 436
334 419
336 468
185 458
14 158
81 340
317 461
227 546
53 495
285 353
200 389
63 164
185 294
266 373
416 582
7 179
29 418
116 308
130 581
526 547
202 381
21 93
142 221
101 593
355 536
105 592
149 487
85 514
406 512
148 426
400 531
43 594
120 201
289 370
47 412
79 129
298 502
34 558
185 407
41 105
218 411
163 429
39 394
124 584
14 223
316 566
71 465
392 459
61 155
6 301
23 434
232 564
311 499
47 270
346 435
5 310
230 409
66 121
337 554
243 511
444 485
0 247
99 131
86 500
260 314
136 281
417 589
248 456
334 385
113 398
165 253
259 358
185 332
82 568
379 508
63 279
372 503
23 368
149 439
297 570
165 381
206 462
470 471
216 245
11 513
178 271
149 445
128 520
468 524
368 542
392 503
36 240
283 328
386 423
409 443
360 518
71 438
175 388
218 328
512 572
172 503
87 328
220 505
301 418
12 77
43 389
191 414
85 254
108 415
443 500
213 582
276 525
8 330
36 444
205 316
182 399
330 572
353 369
122 177
10 534
40 313
193 567
324 327
304 305
20 598
102 599
437 501
88 517
452 480
303 378
429 540
346 416
406 564
212 262
74 450
146 478
3 342
24 336
245 589
152 424
314 447
139 141
254 514
481 557
211 491
108 349
422 511
25 155
420 494
150 223
194 356
102 387
293 486
105 329
205 356
462 493
322 455
239 508
210 291
202 542
52 188
45 387
312 373
202 551
13 101
67 80
186 390
98 394
306 466
222 278
276 489
571 578
91 405
261 296
224 266
111 430
72 589
287 361
137 585
206 259
138 568
303 357
133 149
92 533
351 569
181 483
335 424
134 423
48 583
144 417
67 379
36 354
219 286
123 380
84 265
321 464
95 376
88 216
120 569
393 541
81 173
196 357
93 248
332 523
78 360
469 519
122 250
47 260
26 156
440 567
367 446
357 378
114 568
302 426
387 563
159 368
86 496
287 570
280 487
521 577
224 312
13 556
291 568
292 434
364 464
149 280
129 247
117 207
312 529
6 544
51 518
425 463
64 297
333 483
84 591
20 451
274 394
240 521
162 538
112 533
314 390
44 387
566 588
97 461
164 383
27 223
198 215
147 405
28 65
228 379
56 238
1 369
23 432
220 302
223 580
408 554
385 471
101 232
51 360
2 165
115 593
153 558
12 421
296 344
152 322
292 295
228 361
174 481
59 454
108 231
55 494
124 514
199 253
145 445
88 561
31 276
33 138
107 443
198 553
205 269
362 420
327 405
166 546
483 494
179 391
543 590
193 440
73 375
397 574
26 475
320 428
81 554
396 519
145 400
151 258
346 374
298 430
65 467
456 476
68 130
230 382
317 423
66 329
508 586
189 520
195 370
40 233
75 185
199 460
154 501
181 333
106 510
256 432
55 106
88 245
79 281
40 515
496 500
121 490
133 336
28 467
96 269
161 555
65 484
39 371
281 488
84 281
383 472
410 461
206 358
208 392
72 401
69 181
117 119
97 109
181 519
97 119
346 408
262 418
329 470
140 275
534 598
111 502
403 507
282 371
126 571
4 46
120 351
190 295
221 562
232 526
401 67 378 437 491 308 87 306 122 545 37 592 270 195 163 326 278 79 330 4 42 493 47 538 67 253 146 270 458 460 303 395 260 420 426 226 480 313 382 331 8 428 291 44 117 233 404 454 592 318 467 418 577 502 115 580 328 35 354 155 110 595 181 341 116 382 229 20 581 27 386 481 352 354 452 306 170 308 570 108 461 460 382 95 590 29 564 255 138 362 159 500 562 278 104 334 223 359 198 123 9 113 203 236 565 145 67 416 357 485 263 82 598 262 35 201 120 13 527 357 105 292 226 258 275 133 536 433 526 450 186 462 335 501 423 502 109 275 575 326 344 408 4 479 72 506 298 101 336 421 411 310 491 383 595 320 226 362 520 91 261 307 353 589 372 119 479 72 481 269 219 437 170 522 464 165 509 187 110 243 386 314 259 516 252 562 569 51 478 497 166 400 572 165 268 537 123 125 522 88 124 511 52 126 347 382 400 50 337 176 161 511 251 312 384 333 234 552 450 254 236 533 593 589 184 434 465 235 368 507 573 369 32 336 270 599 208 34 289 325 480 563 438 167 443 164 481 354 195 320 166 155 109 438 596 122 206 291 232 219 504 89 534 128 335 388 474 265 241 138 116 149 197 515 212 344 45 257 430 540 39 341 535 236 269 549 377 430 505 290 340 50 367 204 333 7 416 544 420 179 250 166 586 154 447 345 534 177 473 100 548 64 183 43 183 152 458 7 589 546 465 299 195 508 407 93 220 374 592 174 596 489 65 320 354 592 110 318 271 159 107 105 317 318 110 281 370 40 57 444 369 312 571 15 462 204 218 68 488 196 359 212 416 249 262 431 393 448 387 359 494 82 452 136 407 132 564 163 546 127 303 201 105 585 459 509 196 221 33 168 444 449 153 319 13 409 463 133 165 245 380 105 96 19 320 598 420 378 158 596 21 530 589 290 593 586 149 25 4 127 287 76 344 230 217 512 187 531 263 201 401 173 326 147 485 246 150 38 296 170 78 118 107 57 505 499 268 422 529 26 177 74 78 503 76 22 594 427 172 17 16 563 111 382 128 435 267 194 31 545 110 178 173 221 432 441 235 337 519 357 84 39 34 374 570 37 54 41 493 359 439 592 324 341 155 374 493 395 549 468 514 44 269 481 330 388 301 458 73 229 404 6 155 583 60 224 267 440 84 246 55 448 515 391 225 296 335 258 351 11 24 159 361 420 49 351 442 523 134 577 530 6 550 389 180 450 244 532 12 451 241 487 224 180 8 97 162 519 435 387 416 157 200 290 564 124 409 3 242 506 220 350 37 397 351 453 176 219 461 480 268 325 374 156 353 597 128 483 321 166 468 310 97 332 103 465 596 259 596 145
392 860
979 411
825 556
159 993
682 99
418 782
205 596
688 811
171 860
577 267
578 215
196 13
152 202
26 756
280 709
703 348
264 502
948 160
691 435
529 626
640 201
328 16
379 596
870 659
675 696
398 461
269 864
319 710
429 167
255 606
703 227
821 922
982 724
437 489
360 802
436 927
157 554
333 227
121 282
673 559
2 611
171 163
957 573
589 442
790 824
852 848
678 45
278 626
168 653
969 278
727 930
884 965
637 66
791 865
981 174
3 294
621 996
883 405
99 262
948 902
982 537
375 547
583 389
434 280
974 307
440 205
266 122
866 265
328 445
162 299
513 696
119 988
231 336
235 184
840 201
369 274
22 412
169 239
880 934
362 905
896 266
530 89
538 566
350 979
274 794
565 902
78 65
191 61
250 439
611 858
22 665
880 357
915 878
348 49
604 146
223 763
756 59
525 404
702 487
263 1000
302 573
92 746
846 963
202 949
885 894
253 155
17 364
95 96
741 594
506 377
16 721
509 948
848 806
486 29
596 510
157 742
46 393
459 440
66 252
489 424
231 937
298 91
979 905
730 166
629 898
512 300
818 384
815 622
989 589
397 919
346 416
319 988
960 361
641 704
506 335
818 590
349 868
307 538
498 527
698 887
80 139
724 900
496 868
24 326
315 346
627 627
424 244
780 279
435 397
630 777
276 750
0 38
755 294
349 724
331 97
355 515
221 870
704 146
258 671
939 627
983 631
570 3
999 10
201 639
461 296
842 532
6 889
693 781
627 827
998 148
189 91
358 575
953 693
458 108
370 168
46 965
8 786
997 993
447 651
694 850
792 102
158 337
648 166
444 798
915 17
321 277
394 645
101 394
625 30
907 554
793 790
440 685
57 695
879 40
701 18
922 103
424 594
548 702
129 229
834 464
648 488
203 908
891 578
941 664
95 715
729 93
124 496
495 471
870 786
671 971
551 466
773 248
229 507
513 174
343 331
84 218
210 356
928 452
89 38
147 922
376 421
441 879
144 889
298 768
776 704
296 480
634 353
71 908
897 300
111 889
61 200
733 557
65 784
34 551
55 518
840 492
146 671
697 584
716 986
926 352
140 522
753 649
793 572
916 137
852 164
299 404
454 32
408 891
390 39
691 384
1000 833
775 418
808 58
873 491
571 873
150 617
794 648
870 622
32 7
88 492
314 646
558 637
257 547
700 267
334 828
244 829
765 732
916 401
849 703
743 124
312 603
505 652
138 812
783 218
672 506
125 125
800 942
414 527
176 889
437 319
583 752
317 886
658 662
138 21
946 59
902 437
106 956
929 238
655 15
887 125
15 167
543 495
878 729
641 451
373 314
820 770
568 723
995 208
565 959
258 898
561 826
222 567
413 417
485 596
780 896
732 862
240 273
978 234
66 462
350 691
471 752
526 783
807 716
0 524
395 694
163 791
735 13
582 356
366 132
774 521
973 821
964 505
740 264
541 309
786 329
651 412
44 225
796 359
138 59
224 124
172 823
675 350
281 292
111 350
303 1
756 328
735 764
529 20
210 840
243 233
509 62
16 131
169 965
837 128
590 615
503 909
604 93
497 131
748 997
780 600
963 83
202 983
374 959
946 429
168 587
733 423
700 70
448 558
107 462
238 730
925 950
934 288
94 294
186 555
922 523
972 792
765 156
358 387
918 703
990 455
862 106
661 616
990 676
802 748
584 121
276 216
239 801
541 196
477 564
852 300
687 198
872 542
24 202
496 267
471 500
259 62
632 295
838 879
3 963
614 477
356 627
738 824
924 731
104 666
703 517
733 506
89 427
802 500
427 12
629 133
609 588
225 305
938 835
399 985
449 364
822 335
35 825
318 313
597 62
61 164
554 425
155 92
291 678
984 63
462 713
721 638
565 93
283 327
267 580
264 28
59 280
120 185
833 230
597 311
734 384
544 159
388 383
497 806
976 877
223 686
514 977
552 596
844 675
609 372
890 693
645 98
544 237
331 158
58 1000
660 750
831 33
912 45
673 307
52 123
123 586
604 706
400 356
437 727
899 222
570 301
790 183
674 238
1 927
803 679
916 910
752 221
352 78
644 943
388 219
939 766
789 462
535 370
151 464
573 157
924 490
82 978
274 263
399 181
765 765
158 384
222 86
214 42
494 224
33 439
825 428
298 928
409 67
32 485
400 289
632 529
69 944
369 104
781 34
130 311
472 165
93 638
610 410
585 791
337 933
769 938
296 56
830 268
479 397
174 508
77 330
764 838
18 66
579 574
203 277
520 741
42 96
311 127
532 908
998 751
528 834
349 482
463 248
454 996
935 319
467 919
1 462
887 181
79 866
168 31
596 908
14 572
60 606
197 425
915 987
140 414
947 600
116 547
24 854
294 241
756 799
814 983
110 817
277 967
812 890
830 735
950 6
633 569
999 947
895 838
613 232
187 139
732 464
60 25
970 27
527 435
211 713
115 693
909 616
401 823
234 648
232 0
42 884
100 779
550 994
192 195
941 546
864 593
68 662
148 258
561 63
627 0
48 725
459 75
393 767
419 959
724 680
195 397
469 837
822 817
79 829
794 149
771 7
831 79
559 539
229 995
950 202
846 375
138 840
1 639
761 495
594 541
550 756
99 523
863 428
946 806
333 747
321 378
532 124
175 681
669 918
342 548
987 333
152 714
843 1
249 365
439 839
322 798
287 148
128 764
580 478
79 364
475 349
944 989
637 254
883 993
