600 955 600 1154 14
372 382
51 596
209 598
160 292
88 319
215 364
35 298
174 211
295 599
86 128
181 378
158 461
571 593
131 372
389 438
195 221
325 560
257 414
120 196
335 497
222 484
69 562
159 286
212 457
15 248
16 435
90 107
3 566
212 285
350 351
547 551
111 398
153 514
444 490
182 323
98 119
63 300
334 415
82 589
126 315
58 498
185 225
185 276
72 149
437 555
1 316
235 507
132 392
345 442
370 548
123 502
126 204
129 188
97 545
277 521
155 579
179 294
37 253
379 471
482 556
97 565
149 318
191 545
430 586
69 220
35 326
252 576
95 500
348 577
142 389
70 308
297 355
25 395
344 469
154 482
254 281
206 524
49 343
102 531
194 585
85 149
230 501
43 403
45 382
291 362
467 579
510 562
175 389
57 140
447 481
268 424
104 477
6 275
127 458
72 499
17 135
298 555
304 582
66 565
108 556
267 561
106 409
395 505
36 393
48 73
478 487
253 494
321 436
114 479
341 483
77 88
278 408
249 362
3 106
146 550
88 251
98 416
277 518
379 508
71 329
4 263
178 596
8 107
399 595
168 334
144 245
207 237
197 401
471 577
363 528
98 539
417 564
363 503
34 50
545 558
163 293
22 329
518 521
108 137
108 154
176 456
55 67
374 487
385 476
272 415
239 418
483 488
156 526
340 548
10 36
373 494
282 331
82 434
254 581
32 57
230 376
27 199
293 328
362 575
301 353
53 518
214 219
162 360
82 513
71 402
183 272
333 334
166 462
501 551
75 87
117 233
98 194
344 580
31 59
54 572
94 301
56 457
93 445
168 231
130 507
201 361
206 530
7 471
509 541
85 254
190 326
373 584
414 425
170 581
331 336
62 100
16 418
137 556
190 506
81 500
14 276
446 528
370 409
210 483
297 471
120 145
378 438
188 207
15 129
182 383
434 587
14 377
108 113
42 406
181 438
296 444
13 493
374 568
111 551
19 414
328 495
126 394
313 504
72 177
153 209
268 368
62 385
340 370
457 597
84 461
219 313
190 216
4 433
251 535
283 382
353 541
56 449
205 352
21 454
118 364
427 441
205 334
344 587
377 534
5 420
75 311
81 95
485 552
153 289
375 569
115 562
448 528
211 337
136 288
13 239
139 525
78 174
171 551
403 473
113 558
291 426
43 152
89 590
13 418
340 409
166 239
109 574
155 495
71 386
28 339
395 599
66 349
396 492
249 411
55 421
322 483
115 522
445 471
63 484
43 473
96 338
278 294
10 335
143 565
280 361
515 580
249 575
268 335
198 324
234 434
197 258
86 218
141 256
268 590
134 407
196 529
322 341
124 440
356 597
314 584
215 261
468 559
239 253
281 516
85 499
20 583
119 524
535 586
139 423
229 490
293 342
8 591
147 533
204 593
128 162
77 573
152 572
74 546
365 432
8 90
252 568
229 444
169 389
343 507
179 452
9 412
231 313
141 366
4 418
63 222
164 288
312 494
29 589
435 437
255 353
234 513
59 321
289 380
269 368
350 482
194 491
189 430
215 242
51 178
47 421
161 244
214 481
106 483
8 42
151 400
212 492
149 181
158 436
111 338
79 105
135 401
165 378
13 263
199 555
406 429
175 438
55 200
53 355
69 303
506 544
104 579
69 196
470 544
202 541
422 451
368 393
149 499
154 435
124 548
178 599
104 388
28 487
13 166
25 184
91 360
552 559
244 399
303 561
171 392
234 587
307 540
313 429
70 500
155 423
316 558
130 386
127 320
200 334
153 302
496 542
416 491
15 147
429 511
134 454
175 396
21 287
227 547
419 469
161 554
34 359
162 304
159 459
5 257
23 279
488 542
238 397
200 513
209 380
420 451
255 514
69 120
150 366
35 127
8 15
295 380
11 79
85 281
305 431
170 288
300 432
226 348
112 380
410 578
265 352
404 442
203 413
235 427
26 420
96 331
172 506
124 455
168 333
299 440
136 170
54 278
122 492
238 473
221 465
78 211
206 266
40 300
502 537
43 66
65 283
77 430
118 339
252 457
169 281
151 294
55 513
305 369
42 313
435 596
348 508
299 442
38 308
16 239
267 459
124 370
50 283
52 332
12 128
180 348
220 592
262 358
23 506
375 490
231 415
256 489
266 524
25 178
72 254
191 238
268 269
105 414
181 220
156 495
512 536
87 598
72 592
255 302
139 388
206 226
48 233
245 500
93 187
97 191
41 448
398 501
411 575
174 478
169 438
310 351
140 232
23 141
81 167
223 295
165 587
7 445
255 537
206 416
118 583
5 19
107 483
197 211
24 81
279 506
22 218
375 493
291 575
466 594
252 419
83 178
343 411
345 409
208 532
453 484
296 493
468 570
194 273
100 385
12 22
0 202
16 154
155 328
172 325
532 533
57 101
98 266
240 516
60 595
132 243
400 408
477 582
144 553
263 559
170 540
152 403
11 414
348 379
79 324
216 594
420 512
12 162
23 216
149 220
391 500
182 497
123 550
249 426
127 330
33 133
146 502
253 584
246 464
390 525
185 569
92 532
36 424
110 448
29 59
207 591
63 109
174 541
527 578
2 277
294 503
93 116
102 205
356 457
47 200
8 147
447 503
196 562
170 317
274 588
202 353
167 221
120 133
555 560
255 546
199 560
526 553
236 452
357 549
275 336
167 245
121 265
98 572
274 538
79 198
177 472
101 414
242 261
180 577
200 421
11 324
168 428
151 278
219 504
213 453
125 183
180 491
209 321
209 514
59 290
14 185
171 547
99 534
116 521
117 479
154 418
428 443
221 293
38 118
163 342
120 378
545 565
161 265
230 551
362 426
301 514
20 245
161 531
308 516
64 565
399 556
136 547
540 581
208 234
209 515
232 270
19 425
388 525
321 380
51 437
498 550
301 327
108 558
291 550
149 592
326 536
54 480
321 598
184 310
128 477
276 314
70 439
101 270
77 264
41 322
395 436
336 338
11 99
57 519
463 488
224 236
126 540
214 408
388 405
294 480
340 345
248 529
247 302
440 455
10 383
279 544
335 424
80 591
343 489
30 399
332 543
7 187
50 65
30 310
293 319
431 566
379 577
350 435
74 302
463 511
305 538
96 282
291 354
94 487
253 373
347 457
156 195
106 591
230 527
35 494
131 323
342 578
390 586
240 520
299 345
140 270
13 375
0 258
184 351
24 317
238 524
91 162
17 384
178 247
344 396
87 434
103 218
176 332
331 338
135 384
97 238
58 202
245 526
18 62
241 390
423 467
166 276
34 192
141 216
304 579
63 543
271 517
14 225
449 568
168 408
42 183
450 565
316 485
204 275
68 84
79 519
384 441
158 184
116 528
298 494
152 201
225 324
57 246
70 486
455 538
2 116
38 56
52 331
259 559
114 233
105 519
249 401
44 72
96 111
92 200
6 394
486 583
201 352
29 311
9 549
327 353
67 513
39 224
64 271
262 368
41 341
298 560
358 567
41 521
236 577
329 479
454 526
104 405
473 524
245 391
204 571
114 405
178 555
17 249
193 402
145 248
94 514
84 158
452 491
177 523
98 585
38 486
29 290
120 181
36 368
316 552
228 483
219 443
113 138
346 435
484 549
232 425
486 500
139 189
69 262
363 446
166 314
168 443
150 216
90 309
11 306
43 565
320 371
112 209
109 432
477 479
426 557
101 140
228 542
529 562
9 472
269 472
284 423
140 474
61 293
91 304
408 443
225 464
101 519
47 84
299 455
466 536
48 117
274 286
397 524
358 561
219 511
33 145
167 564
187 297
9 177
223 302
333 408
249 557
26 422
352 475
179 236
267 567
174 261
446 448
381 529
488 496
80 107
100 442
66 361
87 587
209 568
568 576
223 599
164 171
112 153
250 390
361 565
157 386
433 570
85 169
209 580
148 516
445 503
68 205
206 238
92 415
323 365
322 463
363 481
28 478
168 313
419 580
36 588
367 393
262 269
202 502
29 413
10 588
387 544
64 545
211 360
95 167
346 596
226 491
123 291
382 588
283 372
22 157
14 324
33 529
186 537
285 469
67 589
253 437
370 431
223 289
96 527
332 456
307 549
110 528
103 329
22 71
264 423
325 326
284 467
201 280
121 399
457 576
88 535
303 562
504 511
136 227
130 235
380 436
154 350
53 297
75 598
46 189
292 320
9 523
75 290
312 373
185 462
285 492
516 597
398 527
378 396
200 205
94 568
221 245
190 466
460 523
125 272
335 563
76 382
260 475
326 371
412 549
44 262
173 559
25 346
20 500
221 564
81 516
306 458
44 220
465 564
164 392
307 315
54 201
306 512
302 599
11 198
217 568
53 187
99 324
383 588
253 298
27 465 380 392 387 75 76 237 69 104 453 344 266 224 34 475 399 532 288 450 504 120 69 574 294 237 18 588 364 571 369 423 122 507 339 460 420 582 447 590 475 337 427 117 139 457 557 283 78 420 378 420 195 457 536 205 128 134 78 485 595 382 305 562 256 160 478 114 400 245 582 584 63 0 501 228 423 191 186 110 16 5 206 188 536 445 146 116 143 407 60 203 80 195 519 254 510 271 192 135 372 479 292 189 27 102 472 495 158 433 307 15 334 386 85 130 407 267 173 466 543 215 584 62 145 461 129 266 272 589 596 409 254 487 111 45 512 498 88 162 75 30 421 374 289 304 379 155 464 261 590 120 559 586 531 453 507 125 64 273 228 22 169 173 203 315 44 559 382 165 76 270 488 395 422 133 115 28 469 359 15 271 171 589 546 583 510 268 88 80 31 267 158 368 414 463 16 316 362 246 241 542 360 335 434 197 223 453 444 338 508 559 470 126 129 482 419 229 275 352 353 51 559 344 2 510 177 453 155 386 331 437 333 499 426 289 398 71 333 370 513 123 586 310 168 499 298 123 560 207 551 215 162 213 385 531 392 271 36 263 99 357 30 467 82 26 227 384 566 537 305 306 513 16 22 71 135 404 294 367 81 172 252 104 132 164 512 383 72 587 599 507 564 52 240 445 67 596 199 165 346 108 118 199 250 593 491 281 127 454 470 154 333 325 300 370 120 110 40 565 594 59 496 573 132 291 414 79 308 145 400 223 401 536 333 8 127 381 143 530 13 253 475 447 294 418 437 242 383 316 244 343 358 311 201 556 542 371 78 70 571 327 242 494 12 91 138 518 540 224 394 106 592 270 271 399 597 414 239 17 353 367 188 169 24 93 21 512 155 10 388 40 389 459 345 413 587 530 484 446 545 114 272 566 110 367 509 467 426 372 587 130 411 376 51 106 354 337 344 207 19 221 241 543 41 220 535 475 0 502 220 131 472 41 520 494 556 420 472 521 367 502 9 106 73 335 434 161 7 60 476 397 289 101 299 572 383 537 230 526 553 38 373 355 146 412 540 168 301 243 276 283 75 85 441 22 440 527 570 130 111 139 405 375 392 461 30 103 317 396 161 584 578 262 583 562 520 455 494 523 350 293 140 101 318 414 563 490 103 11 296 575 467 444 500 424 539 346 474 599 326 22 351 510 131 160 96 199 212 361 304 177 139 340 457 228 549 508 577 94 172 213 16 312 468 391 261 16 139 118 430 583 392 194 25 210 427 536 219 469 464 397 236 29 576 341 559 159 295 113 235 597 484 513 208 370 282 75 268 539 485 328 46 70 475 4 160 294 153 289 355 492 517 63 74 351 155 95 112 111
544 177
78 487
181 950
513 882
112 336
177 39
885 582
112 927
431 810
747 701
797 871
171 78
764 95
117 305
137 191
484 779
172 356
653 135
294 960
149 24
767 326
722 309
743 62
408 103
795 541
358 352
250 53
369 281
599 340
382 547
315 478
394 499
12 119
522 724
979 806
304 164
761 905
178 269
669 413
101 872
841 790
286 912
362 758
81 610
662 759
996 979
947 230
305 600
954 31
643 34
983 848
253 314
978 681
170 990
156 687
383 621
628 409
43 117
507 177
366 490
217 423
849 286
319 969
848 744
119 521
973 873
89 579
395 603
255 577
602 780
743 454
753 7
665 706
971 0
438 238
423 503
978 998
961 265
667 239
118 113
398 883
779 447
444 569
319 284
327 504
629 640
837 91
463 531
971 323
727 768
394 793
744 204
433 679
162 895
531 320
781 421
992 582
23 575
76 731
213 144
360 958
58 74
262 622
856 44
836 133
99 93
424 909
418 849
140 425
915 792
253 889
936 551
481 365
83 406
983 84
533 843
199 927
933 26
662 375
61 694
563 730
207 522
624 518
489 136
539 971
361 737
839 602
246 137
790 101
487 811
689 59
953 894
863 428
533 742
759 261
597 119
877 532
140 459
31 417
900 192
31 70
464 60
657 531
124 558
798 300
505 694
496 158
449 750
773 532
618 681
384 21
185 759
93 652
459 319
177 377
850 216
795 250
736 28
353 444
641 912
293 134
258 550
761 145
918 385
864 471
520 607
155 266
826 402
292 705
617 619
813 574
902 498
394 177
50 361
619 249
625 570
930 731
688 704
293 290
121 842
30 867
577 651
873 889
386 726
305 415
87 212
442 176
155 958
484 853
935 203
348 96
21 509
937 783
543 1
91 782
830 258
564 777
565 187
144 103
371 255
335 649
150 638
532 198
352 581
856 632
292 618
15 701
458 840
513 627
508 380
393 966
680 178
579 483
771 776
225 766
661 280
403 74
586 373
809 54
272 777
624 770
850 310
871 699
426 317
131 864
110 197
19 808
883 557
367 856
21 180
961 475
336 724
44 18
947 52
501 577
712 101
92 852
468 820
2 629
150 306
712 567
969 125
631 320
799 436
289 511
802 342
29 150
406 281
508 748
560 96
988 188
986 286
566 432
231 241
704 611
480 233
521 8
159 55
535 157
7 296
205 655
634 288
664 800
69 333
902 244
204 562
41 738
629 861
728 830
699 777
81 56
175 510
415 709
139 765
677 987
880 616
156 217
207 971
174 732
406 146
155 604
668 587
987 648
977 920
856 194
552 525
660 959
696 277
829 489
425 341
392 522
476 78
274 147
879 265
162 794
420 373
33 265
130 950
276 207
466 997
858 812
558 289
440 300
595 838
767 199
617 974
215 65
745 630
692 470
392 817
294 461
418 539
209 195
331 750
196 254
832 645
60 474
794 565
605 649
940 284
252 74
419 455
341 878
920 847
151 132
355 193
329 111
564 265
831 229
860 13
281 174
969 630
923 670
269 680
309 669
786 814
914 635
720 141
953 581
636 357
474 957
353 938
937 344
602 28
544 551
429 955
265 396
625 491
12 902
129 612
214 391
264 433
256 649
547 236
461 120
138 984
631 442
807 671
642 840
986 784
724 171
138 591
504 65
205 844
673 322
858 845
441 9
737 901
697 898
559 958
498 930
306 105
907 952
228 214
573 350
72 265
930 505
175 207
536 622
57 965
443 377
507 791
888 982
833 906
624 171
310 936
705 42
401 210
928 119
636 593
988 149
789 395
898 436
726 872
856 567
396 391
596 567
26 674
976 539
250 476
205 738
548 137
665 16
70 663
366 980
878 101
326 802
766 230
229 712
465 938
957 445
585 44
772 740
325 587
107 50
379 691
45 770
864 399
148 345
549 459
287 0
323 625
230 41
875 206
763 839
92 1
517 99
702 154
310 739
316 776
970 202
577 945
892 811
120 356
470 564
228 374
416 419
252 258
595 594
713 477
518 977
648 161
409 988
260 722
13 213
124 906
275 865
194 814
245 912
615 383
16 605
272 19
140 798
817 785
739 282
570 996
950 764
606 447
220 105
585 899
719 675
341 472
111 272
297 878
59 176
871 311
309 4
840 155
96 365
557 499
381 198
85 945
724 707
28 641
0 88
242 689
272 945
854 108
613 280
891 56
139 737
214 791
176 399
376 883
816 737
36 444
703 415
588 298
337 856
583 11
25 241
53 827
605 528
38 289
259 185
807 213
356 804
843 830
520 139
640 691
748 396
979 492
476 186
153 854
297 766
331 411
374 131
645 73
20 960
584 254
559 848
302 825
275 56
422 617
494 274
494 436
697 496
182 567
228 979
83 134
741 563
229 928
505 856
707 694
47 674
930 162
775 295
1000 482
222 878
533 771
26 719
231 575
461 678
442 728
199 163
1000 327
323 80
458 217
642 997
124 714
800 635
570 222
350 828
904 679
416 181
58 503
424 220
907 556
502 963
788 680
483 100
945 530
5 455
792 277
238 495
289 241
165 428
534 120
97 473
34 344
328 212
610 823
544 808
764 816
873 369
92 551
551 892
660 867
562 408
46 227
146 386
889 640
93 678
939 254
915 758
523 49
601 408
73 909
991 379
832 191
528 449
757 603
796 127
717 366
198 227
88 749
998 231
504 544
787 968
391 581
722 796
448 871
629 711
859 654
386 49
249 451
259 340
671 453
472 484
404 337
