600 1198 600 1012 19
318 332
125 257
22 468
151 212
47 421
377 589
24 361
445 450
107 181
195 416
91 101
39 314
201 364
229 446
19 305
278 343
426 535
65 393
145 561
111 193
305 554
23 555
277 574
111 389
283 381
50 62
29 499
518 592
111 315
424 463
27 480
255 360
118 450
297 502
61 282
519 570
4 404
369 419
26 88
210 356
156 257
98 425
48 504
75 254
206 292
17 100
56 391
146 458
31 460
125 280
418 493
52 283
48 253
404 525
333 438
92 160
228 560
235 423
413 489
27 226
429 462
298 495
183 506
461 485
206 574
55 254
309 311
219 461
256 552
100 483
101 153
128 208
122 521
190 448
88 143
175 199
118 356
178 583
288 595
21 582
227 246
412 513
36 468
295 352
175 490
153 162
227 424
259 534
539 584
15 451
348 372
521 590
129 350
31 392
370 517
47 436
323 433
314 591
28 415
210 286
155 328
237 444
450 578
285 397
179 374
37 415
18 431
139 372
260 594
78 490
347 549
207 394
104 195
154 319
326 466
350 459
345 581
345 536
461 586
143 598
122 429
366 495
386 461
268 509
239 333
178 435
362 521
243 568
49 501
422 525
295 305
96 140
39 510
278 428
41 477
237 572
139 431
124 517
289 351
367 586
260 514
159 189
294 414
79 481
14 82
110 532
306 412
43 375
47 147
211 220
429 590
91 405
283 475
53 482
49 70
321 345
21 202
150 385
298 366
33 91
179 498
211 225
115 289
205 520
121 576
61 385
39 297
15 190
289 312
186 482
23 93
318 455
301 476
13 556
150 403
352 355
61 98
485 586
403 557
131 195
311 350
55 551
28 393
506 516
84 406
462 590
3 339
474 596
254 494
208 330
29 568
503 566
171 477
209 387
343 384
20 86
111 225
104 211
235 530
517 528
97 477
216 588
24 177
316 464
230 247
395 579
205 436
423 425
167 198
94 392
216 328
273 332
423 455
3 194
164 290
398 479
181 575
83 203
323 472
312 344
410 531
8 565
322 437
113 543
15 523
147 436
22 68
150 435
225 389
119 424
129 516
310 388
9 514
44 320
154 589
424 555
69 105
39 95
323 597
394 399
177 326
1 240
339 367
261 311
372 522
93 180
393 528
372 439
294 458
64 156
382 507
74 533
8 352
271 352
265 548
89 340
92 472
417 430
267 330
427 560
116 215
265 298
13 217
129 569
178 289
220 225
488 520
436 488
273 425
20 486
46 129
219 497
50 96
174 380
248 410
306 335
299 342
26 54
19 108
218 476
80 122
48 543
59 354
49 348
433 597
24 439
43 446
6 304
243 420
473 564
204 383
102 304
239 520
66 214
96 563
95 297
47 113
28 65
67 196
6 446
119 555
416 533
55 365
209 255
334 551
132 144
295 409
314 510
240 546
60 470
31 217
160 389
156 368
173 424
280 415
396 548
270 428
174 199
218 510
456 562
376 509
210 317
94 200
187 333
90 135
35 422
156 346
84 362
151 542
38 471
48 140
226 470
113 147
79 130
32 209
250 465
33 220
69 503
250 399
57 541
208 562
405 534
145 432
27 500
107 299
296 477
66 194
268 395
121 504
476 534
142 499
483 592
71 94
133 306
64 65
92 296
534 544
457 573
2 96
127 329
180 212
16 239
137 546
59 328
20 197
16 221
221 333
18 116
145 511
87 274
221 239
14 470
157 224
254 551
496 515
252 429
190 424
417 570
228 427
172 481
470 500
41 386
131 592
46 371
371 460
19 30
129 506
126 344
78 572
111 131
15 522
97 296
389 585
266 587
224 463
281 323
78 175
321 391
57 442
177 464
90 242
472 597
112 321
200 392
172 542
246 505
171 206
411 468
22 356
67 575
17 342
37 517
348 432
99 222
81 544
299 402
118 486
15 448
312 351
194 564
284 537
270 343
0 79
379 528
443 527
205 412
112 128
192 254
321 550
165 375
36 234
28 379
89 153
448 451
178 401
198 558
267 550
125 156
107 514
252 496
134 149
60 247
316 523
352 409
399 465
281 355
191 552
223 507
135 164
185 550
268 390
527 536
84 204
29 376
55 553
298 548
133 587
370 491
107 575
123 406
376 395
9 392
94 556
152 413
272 563
290 396
51 416
500 571
265 505
469 489
340 552
18 320
275 346
193 389
266 513
223 478
8 355
160 477
344 493
135 548
189 397
202 378
309 457
268 579
269 282
263 375
149 473
222 278
239 253
179 363
160 585
183 428
12 190
153 549
389 472
74 299
17 192
27 477
384 553
137 256
170 316
57 524
60 497
21 374
40 168
45 397
279 503
126 196
323 564
8 248
231 521
323 484
72 581
130 284
200 217
237 537
317 481
74 518
31 200
40 130
236 503
120 307
377 563
158 556
134 531
75 397
128 267
260 402
28 280
233 293
154 485
285 541
209 595
71 263
123 186
239 543
14 447
548 593
5 359
452 546
89 552
127 313
287 333
212 444
61 582
117 208
58 427
73 136
174 337
234 445
289 547
163 407
213 349
51 331
103 437
298 396
137 344
127 262
114 449
226 500
152 218
326 387
45 189
216 591
98 327
104 416
137 340
385 469
55 524
106 201
24 49
55 75
67 493
5 349
224 316
410 473
441 550
62 563
274 467
384 594
100 299
112 550
110 366
186 599
88 401
464 508
166 373
164 396
126 493
470 571
363 374
347 413
228 377
176 231
73 264
514 594
127 241
76 109
73 434
45 503
9 107
223 319
281 410
218 549
206 480
397 454
115 312
320 537
309 573
48 576
87 132
51 198
11 232
148 194
205 513
201 482
63 282
338 535
80 106
370 569
340 452
342 402
139 522
202 282
252 462
103 310
411 566
432 561
361 523
376 499
247 474
488 543
375 408
56 578
159 307
105 151
10 109
90 164
451 522
41 571
309 584
117 317
302 338
29 142
1 489
69 159
353 541
240 557
58 512
302 368
499 579
404 422
68 356
411 503
58 188
181 392
148 182
44 482
41 500
442 495
383 456
264 524
100 518
278 324
94 217
186 406
161 326
37 528
50 504
454 494
30 300
553 594
35 487
43 341
308 591
144 274
335 487
42 291
215 572
47 244
80 496
83 122
124 506
157 463
282 435
204 521
253 576
334 365
153 301
7 291
146 414
9 181
284 320
54 251
10 114
530 582
97 472
245 315
54 363
352 565
54 269
507 581
326 369
526 563
265 366
105 159
35 77
13 573
58 272
116 572
99 506
262 430
134 187
266 436
313 437
102 519
87 527
153 191
95 336
77 300
212 237
285 532
46 459
46 506
270 324
174 190
180 307
82 447
169 590
346 368
321 581
93 173
232 527
291 338
87 536
390 561
167 558
196 558
124 516
217 460
98 582
115 165
344 351
24 523
34 472
130 492
150 289
109 509
420 426
324 343
197 208
39 218
25 180
99 280
204 238
264 553
481 542
80 83
69 236
293 581
450 468
3 148
241 313
268 561
118 391
169 252
136 396
169 462
12 424
189 213
386 497
170 523
256 325
360 559
149 373
336 354
163 319
182 564
261 350
24 508
330 441
114 509
70 511
74 100
0 123
578 596
184 279
223 382
64 125
233 407
245 277
99 257
479 594
166 576
47 414
240 469
3 576
476 545
54 498
56 118
151 172
100 592
4 525
232 400
54 202
275 595
287 520
319 478
231 441
117 197
44 599
304 584
145 390
207 399
365 402
283 398
280 506
36 450
74 575
182 358
1 452
277 315
134 565
56 596
187 438
137 452
510 591
126 558
115 375
135 593
261 573
477 529
140 543
435 598
15 361
176 562
73 384
75 285
354 567
7 42
252 357
222 290
86 317
122 362
29 426
92 477
328 591
99 183
40 599
417 446
42 64
60 474
88 229
327 423
81 355
79 492
100 131
32 387
398 514
246 555
41 367
101 331
152 297
60 223
8 281
272 427
78 431
90 595
351 557
180 380
70 501
2 563
277 540
247 382
357 496
187 565
22 118
47 266
468 503
461 478
310 313
26 437
318 440
270 398
241 310
80 429
443 453
51 533
35 335
338 420
109 114
69 279
139 451
242 257
253 543
74 107
321 486
185 231
404 587
84 203
445 447
163 400
232 453
43 408
1 546
34 97
91 597
92 97
62 485
7 302
4 587
224 559
202 363
327 425
27 82
143 269
195 225
69 189
101 301
470 474
25 93
91 259
229 322
91 301
245 580
225 472
454 566
432 511
370 516
162 549
218 413
303 369
173 174
142 426
157 559
157 265
108 305
168 599
185 441
259 433
27 206
30 465
388 498
308 534
246 265
165 263
95 314
38 444
467 590
385 557
276 406
68 184
406 482
94 158
136 343
77 306
1 347
10 76
37 379
316 463
449 509
75 454
242 290
163 223
430 437
3 358
201 515
473 484
14 596
15 170
22 279
332 455
30 399
23 307
255 595
293 345
177 508
508 523
344 546
83 106
241 388
494 540
281 433
330 562
158 573
446 570
206 585
111 580
367 461
158 263
305 567
339 586
218 545
170 190
56 474
216 308
62 586
402 553
81 534
120 212
240 351
371 506
20 317
340 549
312 493
73 343
267 441
273 413
71 158
285 353
77 399
337 577
20 117
204 362
491 569
366 532
32 177
12 316
215 237
310 498
244 266
316 508
214 367
477 500
72 247
303 426
203 364
250 394
48 96
401 583
138 562
50 586
250 271
120 151
0 492
224 464
154 461
136 434
32 326
249 489
23 119
371 459
363 498
264 442
201 203
112 267
122 203
297 440
191 331
413 549
149 531
173 190
309 539
332 440
132 443
54 282
436 513
301 405
246 359
32 224
76 376
244 421
70 326
56 72
420 568
421 525
377 560
213 307
70 348
300 422
32 360
46 350
301 545
33 472
89 191
355 538
59 591
168 320
120 180
105 120
60 478
86 210
19 300
13 261
351 403
62 377
337 451
484 564
116 537
91 331
207 287
141 418
86 486
93 174
2 294
303 419
78 116
19 554
58 400
10 568
38 542
63 202
50 121
82 480
27 171
109 376
26 322
126 325
63 378
447 480
335 404
272 560
174 448
454 540
99 278
254 334
258 497
389 580
155 567
7 338
45 566
61 150
103 251
181 418
387 419
131 315
113 146
334 342
53 84
104 225
248 531
233 536
217 556
391 581
269 435
161 466
223 407
336 591
141 165
251 498
56 247
135 396
15 372
303 346
176 330
365 553
44 168
108 465
72 382
52 270
270 283
113 140
189 285
229 583
369 426
209 360
5 213
152 273
397 566
303 535
435 547
103 313
41 258
353 532
337 448
67 126
254 454
64 302
51 552
350 569
85 491
401 598
470 596
84 364
311 491
255 559
81 155
348 511
137 552
71 418
81 305
358 576
453 527
256 558
81 588
111 195
45 236
304 446
77 207
492 599
235 374
0 208
195 592
271 565
297 332
52 460
23 25
64 368
301 166 377 35 202 47 372 304 44 365 379 456 143 286 561 429 564 560 540 496 582 585 66 392 386 219 206 380 44 373 65 590 174 19 88 441 510 119 106 320 491 7 337 484 222 526 120 262 210 560 249 109 584 270 191 379 247 191 564 344 58 511 118 79 439 272 531 577 261 231 154 293 370 460 578 78 46 579 544 490 180 54 289 524 278 371 67 225 181 281 181 382 218 542 204 467 355 432 150 301 202 154 486 145 484 426 203 451 270 435 491 104 193 239 439 434 29 592 397 476 523 355 153 251 406 497 542 101 329 221 153 104 123 253 229 117 187 439 527 369 215 338 26 443 316 82 279 479 101 497 52 209 72 493 554 399 69 77 426 469 237 583 193 286 105 231 212 248 578 157 166 531 585 566 388 241 535 281 455 535 321 372 194 527 385 110 334 536 505 295 554 77 10 120 380 143 422 48 557 61 22 250 315 102 522 234 76 261 378 534 482 519 399 168 237 78 524 217 256 82 351 120 262 562 105 458 34 75 364 299 248 107 193 110 504 367 313 421 356 409 40 355 51 434 515 340 210 417 22 307 264 304 301 64 519 243 404 248 243 572 15 568 276 94 523 542 496 85 414 469 181 475 543 105 268 75 286 308 562 396 124 276 423 489 562 272 126 501 35 6 174 411 19 323 403 520 428 282 111 2 220 447 17 516 59 289 438 384 526 291 437 485 180 54 239 120 452 316 330 382 229 505 367 377 317 120 171 3 484 11 281 204 482 410 589 14 572 96 280 400 259 34 307 413 71 487 164 84 249 41 599 529 74 457 349 226 90 160 411 518 136 382 518 330 397 230 491 248 301 258 310 400 483 180 506 453 219 462 230 448 85 449 208 336 371 230 226 538 364 274 489 410 139 412 296 323 549 385 135 200 543 17 482 290 48 194 412 555 573 327 246 504 478 201 10 412 155 471 359 516 287 24 91 13 88 487 567 69 432 206 458 51 195 11 449 522 448 503 344 261 322 162 588 520 9 316 101 515 376 111 390 256 86 215 564 277 540 98 109 106 118 77 234 582 176 450 172 376 328 405 31 112 281 488 358 506 141 533 232 308 145 306 186 424 285 99 352 40 166 284 177 229 346 396 517 381 461 56 510 555 534 0 497 272 294 178 117 399 36 90 502 187 424 393 386 120 417 599 39 423 555 385 346 54 357 486 511 113 369 595 271 288 106 67 41 376 423 458 260 377 578 218 450 480 518 14 312 427 167 255 417 354 583 275 226 29 84 107 558 83 241 570 517 244 182 509 52 534 133 78 531 214 405 596 585 576 575 527 440 292 14 355 41 27 550 393 305 125 235 388 328 493 347 172 17 322 372 50 0 210
790 114
356 827
955 685
792 644
979 893
412 298
66 681
34 221
690 813
283 570
18 117
983 436
378 161
131 615
704 443
392 64
830 785
430 516
585 31
721 992
741 242
239 995
646 334
474 225
319 70
515 192
107 858
678 491
71 364
84 136
764 981
203 533
244 144
573 688
649 650
880 973
642 392
26 419
649 139
476 921
690 59
781 528
20 251
135 708
715 5
535 372
113 490
978 811
883 694
290 38
893 638
479 700
186 461
821 36
171 915
417 440
741 383
399 398
997 492
562 967
808 461
258 894
909 601
232 917
89 288
3 283
762 615
324 658
626 286
551 297
251 74
212 652
804 354
304 409
379 601
478 415
55 123
853 942
543 54
718 157
953 62
630 893
667 448
919 62
859 60
20 597
702 278
910 285
137 821
459 756
230 288
567 750
626 601
483 172
207 619
474 955
919 674
677 618
280 915
145 391
414 553
513 765
13 753
75 893
502 652
588 260
962 28
321 576
731 936
34 78
380 363
537 592
780 271
944 752
7 52
195 742
574 67
718 189
710 334
446 186
583 220
848 644
933 91
753 79
64 431
129 339
334 689
1 923
798 224
76 487
688 98
452 552
956 275
932 911
734 761
275 277
270 368
361 738
817 103
434 8
926 718
246 686
127 146
150 848
988 266
199 42
985 752
947 784
730 654
760 713
241 853
613 222
429 904
502 799
894 528
619 945
132 290
323 221
163 648
551 251
619 536
156 67
465 795
910 423
260 307
219 725
814 729
409 633
674 33
996 198
383 122
650 545
636 203
451 139
466 113
512 54
861 198
269 105
189 803
120 989
538 174
294 613
736 687
129 437
584 294
868 277
757 24
750 799
1000 410
503 311
413 125
492 744
494 514
574 599
733 615
483 626
353 654
742 206
432 687
521 112
206 577
910 1
195 942
885 47
867 127
875 865
625 490
844 899
778 163
221 197
668 259
531 668
600 171
488 263
773 582
572 100
573 895
166 570
474 857
860 525
589 644
801 779
209 369
867 435
290 167
557 628
711 482
409 195
934 506
117 772
837 424
918 190
942 385
896 365
611 406
292 998
540 333
579 144
896 125
858 763
323 805
37 961
205 306
0 156
964 845
563 537
379 249
796 408
703 765
343 903
765 894
111 907
999 119
856 724
483 450
245 231
403 684
164 340
791 488
583 784
338 517
115 579
11 866
180 684
328 453
344 244
947 869
828 231
87 4
174 875
248 454
721 861
962 607
375 895
942 245
194 230
791 25
552 509
202 402
596 323
99 372
642 775
205 890
222 481
649 93
451 365
644 242
824 851
175 273
232 787
229 339
2 212
588 450
872 342
997 694
679 903
661 584
438 948
333 300
352 552
836 976
539 812
69 244
142 205
30 715
666 966
882 918
535 221
540 901
57 640
70 928
70 586
256 730
47 905
514 921
513 552
345 154
710 223
384 1000
899 474
611 50
803 310
71 819
633 700
236 413
365 703
200 98
312 930
577 933
8 989
822 197
539 727
402 950
817 814
439 484
937 952
522 976
479 49
64 182
823 625
413 781
96 692
392 531
269 411
305 726
856 307
138 236
397 825
268 14
440 309
80 546
284 762
690 855
418 366
572 998
643 805
690 312
981 71
791 694
429 253
250 196
348 60
885 91
151 969
862 15
394 475
364 309
811 577
108 247
156 145
22 492
148 477
379 1
766 765
193 997
161 733
79 72
925 568
224 959
28 387
521 143
242 505
825 392
886 162
292 462
278 840
827 534
186 147
51 987
595 571
155 20
763 344
248 575
25 334
792 880
77 42
295 323
503 380
265 529
815 939
952 442
140 791
375 501
262 807
983 952
569 817
801 66
871 404
149 681
716 891
675 716
577 402
906 884
409 876
999 782
72 397
468 671
59 784
266 636
164 181
28 185
990 862
952 990
333 990
415 166
343 939
92 168
966 519
174 428
951 117
7 827
568 0
233 6
591 729
321 361
211 846
928 817
45 847
767 832
317 19
443 984
864 231
355 396
980 304
600 123
673 413
74 736
643 426
454 82
3 6
684 360
440 42
365 784
992 372
523 441
361 970
828 133
107 663
959 720
129 541
140 511
862 556
987 160
358 200
286 136
784 925
173 114
957 217
617 362
308 860
739 463
697 136
619 649
704 692
750 423
186 501
528 851
679 558
870 490
289 502
629 452
685 176
812 3
423 581
665 687
869 586
749 297
905 953
885 780
353 865
523 20
27 558
735 107
288 686
516 487
350 348
997 43
832 482
105 950
123 85
723 520
287 70
476 997
567 349
875 665
355 279
93 436
852 377
311 100
54 8
520 879
234 43
937 471
927 848
296 541
943 3
44 460
5 465
433 614
17 790
856 833
928 135
400 29
342 95
386 447
993 997
992 632
969 337
0 396
709 590
297 955
711 737
421 334
447 644
578 849
96 218
911 337
616 87
611 800
34 676
543 473
434 409
630 172
900 744
615 848
501 837
337 764
232 822
306 283
453 830
842 262
446 452
449 726
360 467
634 983
407 227
162 601
291 797
392 657
289 199
961 559
200 2
814 160
927 628
684 658
726 816
546 403
605 975
46 152
45 531
46 756
761 506
542 90
107 633
577 488
347 617
825 665
495 78
703 384
114 53
560 573
830 341
253 958
144 757
6 663
591 526
848 606
958 930
604 907
929 536
944 175
541 932
457 595
272 247
328 487
216 250
721 419
602 694
167 822
721 59
