600 1693 600 849 24
48 573
68 522
29 31
72 84
56 59
255 487
330 521
367 433
224 555
426 441
32 178
231 372
217 374
45 244
57 438
309 589
87 93
17 210
458 514
55 436
448 541
151 312
256 325
12 494
104 146
393 592
68 120
383 592
221 312
348 470
20 65
88 493
180 294
14 137
54 548
351 445
508 531
525 594
507 522
181 389
274 415
221 467
289 580
68 507
119 279
36 85
530 598
291 477
346 486
40 559
362 422
0 42
40 590
65 513
62 507
15 418
497 598
104 550
232 498
62 405
227 331
337 529
68 539
120 354
452 456
105 538
400 491
319 493
112 248
201 525
237 533
278 491
337 365
219 553
110 563
12 376
293 437
242 289
12 190
167 381
199 313
91 368
371 448
273 470
56 129
500 504
92 134
8 50
130 150
418 527
2 565
197 565
86 136
444 465
112 253
70 189
364 563
71 195
64 478
343 586
98 145
96 300
523 570
254 398
315 504
365 575
162 468
26 263
161 535
182 371
353 499
261 444
576 581
78 173
351 487
290 360
490 548
73 78
218 532
79 158
292 441
189 430
329 569
377 572
140 336
77 136
286 465
35 421
17 256
416 564
176 246
37 475
44 335
410 433
423 425
433 445
51 357
405 507
30 375
156 233
302 524
89 97
233 360
71 194
144 188
148 368
161 261
154 230
478 509
216 386
225 361
481 520
180 392
451 581
460 542
200 366
93 238
241 596
70 430
465 486
52 296
24 58
43 420
34 241
145 208
206 484
19 570
148 403
349 505
66 360
220 328
368 557
33 297
347 367
292 529
437 512
54 142
85 211
287 440
3 320
174 394
115 142
86 599
166 309
8 94
264 540
267 352
73 242
110 307
159 435
385 553
217 596
361 449
78 316
37 353
88 111
40 597
0 5
311 550
112 312
128 262
285 452
233 532
81 231
248 467
101 376
153 598
437 467
231 390
50 416
502 534
196 224
267 302
248 253
191 243
356 375
448 542
503 573
174 239
157 174
152 546
174 177
288 308
433 526
357 376
359 425
341 547
63 480
100 576
250 571
314 478
117 431
212 305
298 409
27 121
221 253
8 484
520 589
221 353
105 452
152 246
323 440
553 581
110 516
387 582
306 344
75 98
109 532
117 263
555 593
30 170
34 304
287 359
91 471
206 496
67 536
172 556
270 309
302 592
424 595
214 326
64 509
46 288
551 558
340 542
186 238
157 511
273 333
168 306
243 432
284 365
278 453
269 487
271 379
438 555
204 220
17 477
40 475
491 537
192 407
59 325
22 491
121 411
44 372
218 435
222 444
312 590
190 340
86 198
125 147
152 176
6 439
35 458
184 518
107 526
74 389
136 599
8 413
122 153
190 494
551 573
517 549
58 398
209 246
429 528
171 367
179 400
270 317
7 393
229 515
87 170
53 559
183 219
119 323
76 132
382 524
341 398
249 469
223 245
147 397
110 598
478 524
80 427
357 570
333 334
441 529
137 360
262 375
355 579
83 250
314 409
194 484
60 242
391 451
103 514
82 560
100 160
371 541
188 225
94 571
444 535
129 325
383 568
348 469
36 427
208 396
158 323
94 484
278 395
156 218
264 577
68 405
53 526
327 339
1 435
249 322
44 517
359 440
142 207
222 577
295 528
17 495
97 247
133 262
50 564
74 500
48 252
333 350
12 544
79 359
335 481
307 497
294 392
262 566
198 202
210 459
111 493
365 418
481 589
187 281
121 265
374 388
286 444
320 443
574 575
118 156
0 4
73 294
459 533
198 366
142 330
125 321
155 554
92 169
365 422
231 514
27 265
302 568
310 556
203 412
282 299
7 352
346 549
344 536
109 591
126 170
191 345
238 246
107 208
184 580
61 362
126 470
523 531
311 588
122 421
436 510
4 186
112 391
14 127
4 297
57 566
296 524
121 312
156 435
89 185
203 511
95 405
265 408
20 305
106 472
102 179
52 267
1 218
383 393
44 549
181 508
43 399
129 303
64 409
466 536
182 572
36 379
35 530
178 324
110 497
197 525
209 556
6 13
9 105
256 303
533 545
357 378
73 352
193 391
94 194
157 239
266 550
116 295
183 583
16 109
275 484
139 225
5 556
468 521
118 137
6 399
540 577
213 311
364 472
243 310
113 200
250 367
257 537
123 550
152 375
140 166
204 490
237 301
177 490
21 150
266 493
53 107
334 380
278 289
72 274
155 506
174 490
158 216
72 165
221 248
154 277
144 361
123 266
384 557
143 389
199 257
337 527
260 395
162 519
194 195
236 388
159 598
243 327
72 434
351 417
0 351
178 445
181 407
538 557
196 593
69 505
81 442
468 586
293 457
243 370
130 165
147 415
299 516
171 255
30 356
444 577
263 428
279 323
296 382
350 470
397 529
124 357
376 494
548 589
123 588
3 272
19 197
96 585
5 172
114 394
208 328
64 138
500 508
11 105
208 410
61 292
232 237
340 460
146 567
45 536
146 311
13 378
69 388
531 565
35 280
125 415
375 462
254 413
280 458
373 526
512 543
76 427
439 523
124 376
226 354
254 571
137 572
195 447
292 362
148 557
66 277
107 410
116 369
251 315
396 436
387 427
107 559
145 396
76 134
287 462
74 469
172 417
335 468
275 476
137 506
326 535
216 323
152 339
184 242
21 449
184 289
256 495
542 554
287 381
303 325
56 485
346 517
144 494
132 256
230 572
171 250
53 265
163 381
65 251
67 247
129 169
38 421
3 298
94 254
52 524
337 422
11 369
203 239
70 296
229 247
257 430
27 408
175 596
291 304
295 537
309 394
113 116
234 379
415 449
559 597
340 544
21 165
376 378
9 326
209 243
347 433
46 336
330 510
24 414
503 551
106 214
531 570
394 595
439 488
241 374
16 187
72 442
144 460
73 173
195 463
352 358
102 400
488 570
103 280
45 585
140 561
313 424
15 468
17 291
182 541
165 449
266 398
462 534
146 419
144 542
330 436
14 506
97 576
265 367
545 581
128 283
353 590
101 361
189 257
10 138
156 530
138 430
177 204
283 323
339 462
361 376
93 170
19 357
305 503
342 577
141 581
139 188
524 568
201 450
102 395
302 383
339 534
439 570
175 245
232 301
58 266
146 432
317 394
147 240
83 265
215 500
23 187
32 445
117 551
184 278
58 414
412 595
402 483
120 539
213 556
155 377
442 473
261 535
321 584
174 595
41 186
550 588
447 459
227 316
123 414
226 568
450 525
116 537
11 538
377 554
89 247
256 291
43 523
82 132
335 521
262 440
1 591
356 566
149 453
14 118
143 249
126 348
469 504
44 481
464 569
250 489
148 384
3 293
77 599
22 116
273 350
72 231
127 280
257 569
49 432
113 366
202 395
265 373
115 521
147 426
34 175
231 442
237 498
140 579
210 482
20 513
317 595
31 276
41 573
31 318
365 574
29 276
54 207
407 420
11 452
116 179
499 511
28 56
135 303
178 431
85 427
260 491
108 294
226 300
191 502
190 544
308 338
20 251
501 535
437 446
234 306
307 591
125 274
170 356
8 496
58 123
220 475
147 441
211 385
18 272
375 440
29 75
236 275
9 535
246 546
127 530
26 562
61 201
168 344
324 431
13 544
113 179
140 403
50 496
109 218
127 188
251 455
172 269
18 409
144 225
194 578
35 38
62 585
22 537
341 571
224 438
29 284
236 304
127 155
451 543
21 130
324 573
362 529
104 567
13 479
71 578
489 498
226 524
212 252
178 562
418 468
285 456
97 160
102 366
56 235
334 350
545 552
398 416
314 354
29 558
24 547
15 527
77 289
248 451
276 551
205 280
61 305
352 393
149 296
41 324
270 480
0 297
457 467
98 519
343 372
144 190
182 230
141 552
205 530
93 252
261 577
565 570
308 579
13 399
79 440
70 478
229 466
59 245
108 453
306 379
32 297
215 504
389 469
140 309
122 598
132 303
120 522
552 581
307 563
99 203
309 561
96 507
282 286
192 399
57 196
95 229
54 204
292 426
129 131
214 364
193 581
137 155
328 559
354 478
194 489
26 208
9 285
477 482
5 417
277 532
121 268
176 339
61 450
344 576
371 377
3 18
211 234
91 538
342 465
6 378
374 596
66 290
93 186
215 565
299 501
189 453
475 597
45 515
308 486
332 581
219 332
158 423
320 437
70 138
329 424
248 512
237 312
138 509
352 592
406 558
461 586
166 336
214 472
207 548
36 234
34 245
11 429
291 325
54 55
299 472
24 172
261 540
2 525
122 299
272 412
190 460
194 498
101 124
92 582
389 500
394 548
0 33
229 539
384 538
199 430
167 534
255 571
44 586
31 362
178 297
213 401
399 479
258 259
220 597
200 369
195 459
71 476
128 440
260 400
128 323
319 564
210 495
30 87
391 545
353 467
185 543
53 590
60 316
406 551
192 420
167 287
75 558
429 569
1 159
429 464
180 184
12 13
338 579
365 527
236 477
138 313
403 561
46 517
82 583
146 550
290 572
155 188
237 391
59 235
29 162
140 288
63 91
493 550
172 401
343 461
25 384
254 341
47 219
521 589
292 450
95 539
76 387
401 414
363 370
224 249
259 346
49 345
241 388
71 275
286 587
415 434
61 65
31 284
145 436
128 133
176 209
4 42
278 392
108 296
347 487
359 423
153 516
388 505
315 455
390 473
81 473
117 558
245 304
19 426
231 259
195 301
47 459
345 502
101 240
89 443
98 428
319 349
73 358
215 508
286 458
151 411
54 330
336 481
357 488
103 458
16 23
310 432
144 554
308 346
414 588
79 323
100 543
343 390
26 410
63 471
388 496
445 487
195 232
14 530
66 532
147 584
426 450
131 325
167 502
270 394
361 494
305 513
77 395
284 574
173 316
285 326
189 491
412 457
99 174
151 498
173 227
1 497
258 465
43 508
183 560
533 552
463 476
363 534
300 383
42 238
130 139
392 453
160 543
342 444
69 374
173 358
48 305
89 298
318 365
76 135
185 443
90 567
224 402
106 535
8 206
269 417
322 469
30 152
424 480
265 526
380 566
298 443
166 520
39 44
316 331
55 330
126 350
465 577
559 590
279 386
446 467
446 457
102 198
226 507
14 156
66 230
221 590
236 482
528 537
90 345
480 561
206 388
186 297
95 515
172 414
91 464
87 246
9 25
34 236
74 504
23 109
201 455
147 357
186 324
255 367
529 584
429 538
118 233
85 219
97 536
294 352
496 505
2 504
260 278
268 489
244 536
338 486
43 192
151 237
182 377
198 599
273 469
99 239
111 319
79 423
116 528
57 593
9 161
281 474
88 319
84 274
250 268
226 383
157 499
451 576
25 540
65 455
240 415
528 569
106 501
327 363
132 495
42 246
497 591
322 402
118 360
405 515
104 111
59 223
273 483
30 546
322 483
191 432
89 160
270 561
268 498
84 461
203 595
165 231
82 459
223 291
368 538
282 587
398 547
158 425
55 220
471 561
149 189
73 316
476 482
127 506
427 582
162 575
134 228
66 154
299 364
168 536
42 556
45 229
25 261
127 139
486 577
160 576
163 287
525 565
373 433
258 346
298 320
338 355
560 583
141 459
349 496
117 324
82 210
115 589
381 425
16 277
199 329
227 358
6 43
204 548
165 514
450 594
294 518
272 595
347 445
27 312
346 465
397 441
41 93
384 540
240 449
45 466
350 356
56 325
378 488
263 558
255 341
398 564
203 457
19 450
271 306
100 451
162 330
2 315
37 204
115 207
105 384
47 141
32 33
15 461
10 409
141 533
26 178
51 101
434 449
94 413
187 474
77 202
106 326
90 419
160 185
2 455
218 233
103 130
55 328
13 340
112 237
484 578
352 492
41 252
328 396
405 585
279 283
48 212
93 246
288 336
153 299
274 434
98 404
39 46
457 511
469 483
345 419
245 291
84 442
215 531
25 161
39 517
196 555
339 363
369 528
107 328
50 413
51 147
155 572
3 412
113 369
174 499
378 439
132 583
257 329
264 338
467 511
31 422
225 449
138 409
219 427
413 416
385 576
38 598
57 279
461 527
131 303
98 162
180 278
311 432
263 431
162 404
444 501
159 530
397 584
37 499
163 359
115 330
7 492
10 272
411 498
23 474
10 313
0 417
34 596
52 294
75 263
60 136
176 327
47 332
164 258
276 305
134 169
288 579
464 538
313 430
438 593
24 269
398 413
334 402
218 591
289 395
276 406
202 599
26 428
22 400
209 327
23 591
93 126
249 389
43 531
68 95
297 324
420 508
51 124
453 491
418 575
370 502
371 554
251 348
224 322
368 403
29 574
10 18
274 321
133 566
159 497
36 80
172 213
85 385
128 279
288 517
367 487
296 454
38 122
38 530
134 582
284 318
101 449
310 311
344 385
93 212
67 97
193 451
248 391
247 466
130 280
162 510
43 439
127 205
139 280
222 261
213 310
212 348
304 477
51 240
122 286
372 549
459 463
162 574
48 503
44 343
294 296
266 319
42 209
83 367
328 436
333 483
19 594
164 286
364 516
69 217
99 595
208 428
196 380
328 597
267 524
236 241
334 356
114 490
278 580
96 226
7 358
27 590
223 325
137 290
64 314
417 487
2 215
329 464
315 469
24 398
94 489
321 527
71 463
193 545
37 177
96 383
177 499
17 482
49 419
102 202
481 521
191 370
360 532
132 210
385 581
62 96
103 165
382 478
49 191
47 560
349 564
69 175
180 518
26 431
33 445
301 459
145 428
11 528
192 479
53 408
224 380
301 533
75 428
140 355
537 569
29 404
37 590
467 499
321 337
338 540
136 242
76 183
16 532
90 146
126 212
65 201
63 424
230 541
516 598
267 592
108 149
355 403
380 402
185 320
63 329
421 458
37 220
276 362
197 594
84 321
268 411
35 205
447 463
239 511
134 387
358 492
134 135
264 486
29 98
326 456
141 332
410 526
150 449
132 135
148 355
120 314
0 556
253 312
334 566
150 225
76 583
42 186
235 245
171 571
259 514
164 465
282 444
3 409
104 493
181 420
293 446
134 303
73 518
266 564
22 179
346 372
516 563
354 522
70 454
269 341
164 458
119 283
20 212
272 313
165 434
216 279
166 589
293 320
410 445
252 573
148 540
408 590
55 204
47 82
143 224
515 585
471 480
311 414
114 174
336 520
76 219
175 217
367 373
57 133
437 543
359 381
29 406
2 201
275 578
25 105
315 348
281 307
213 414
84 527
189 454
67 466
451 512
236 476
26 445
370 534
469 470
122 587
125 584
206 275
226 478
230 290
354 507
335 586
445 562
199 424
60 331
195 498
436 519
234 271
510 519
162 418
152 462
242 316
97 344
395 400
282 501
70 509
472 501
12 378
57 128
120 229
63 464
448 554
276 503
39 481
162 521
270 424
28 59
327 370
403 471
212 251
259 372
228 582
368 471
108 392
211 306
474 591
28 235
286 421
85 553
170 350
98 436
185 437
11 200
81 390
121 151
169 303
129 485
33 351
94 250
105 285
130 225
181 500
219 581
115 548
299 587
318 422
269 547
136 289
267 294
114 548
156 159
258 458
84 473
49 146
475 590
85 234
343 473
61 513
337 584
117 573
92 228
19 565
219 560
461 473
334 483
179 366
262 356
259 458
15 586
149 454
229 314
372 390
306 385
196 566
270 595
391 533
355 540
281 591
465 278 8 44 587 382 285 475 354 376 402 477 351 78 132 509 146 263 277 363 419 383 565 476 23 3 56 508 581 41 125 500 28 427 210 136 302 205 274 204 183 36 349 260 545 536 504 300 527 539 553 543 490 463 323 476 326 462 485 207 336 504 338 399 281 483 168 210 202 5 290 8 585 448 389 136 370 562 596 286 221 9 315 85 574 259 443 93 588 395 235 13 386 393 546 426 198 80 511 350 560 563 285 151 54 501 17 61 464 322 276 556 512 3 84 15 484 403 551 93 30 62 426 580 164 582 173 116 26 376 290 161 73 549 28 564 579 559 466 239 48 378 136 77 209 323 21 475 418 457 235 433 373 321 92 276 179 86 574 533 408 39 11 161 447 429 194 344 317 414 342 34 477 389 41 309 334 352 538 467 474 506 400 411 380 352 16 583 151 418 470 57 547 340 160 436 555 284 102 407 35 0 87 53 124 565 559 78 377 307 93 202 176 597 332 63 531 32 550 204 236 218 486 452 255 580 171 83 424 261 404 482 61 440 1 190 588 109 104 114 472 330 139 426 203 283 373 178 264 372 468 563 3 378 154 285 59 261 486 291 585 375 592 339 155 93 256 354 81 10 322 48 523 101 177 383 341 270 36 4 5 63 333 245 479 492 509 247 442 156 62 441 409 266 339 327 289 126 142 376 362 214 566 4 193 418 560 573 312 338 483 173 537 328 316 346 404 136 266 562 498 513 272 31 305 452 333 564 539 195 293 192 74 351 338 126 191 407 154 450 58 207 189 144 141 549 501 309 81 315 303 591 255 418 111 108 522 243 222 401 32 239 477 147 6 310 53 186 131 58 450 259 466 516 213 334 271 313 109 531 116 523 125 319 251 448 197 308 183 319 142 182 80 38 356 316 186 275 333 539 567 218 45 39 112 472 273 454 54 535 37 461 314 480 247 193 436 387 322 128 298 496 592 355 572 198 444 62 464 96 133 204 470 122 62 2 490 229 135 570 295 322 149 91 579 421 386 407 301 351 171 108 434 399 87 531 195 169 157 240 62 554 573 111 191 348 237 186 211 354 161 241 66 108 122 592 531 290 364 232 211 593 595 578 314 47 91 530 367 372 580 163 396 534 565 152 435 4 168 235 333 545 131 4 227 193 58 366 598 567 542 193 8 364 457 260 57 484 521 483 150 169 202 209 450 263 335 410 448 558 165 393 99 80 417 478 170 449 561 573 324 200 583 17 273 27 121 92 30 339 411 331 102 394 170 424 44 164 422 365 595 582 323 93 47 295 308 312 91 483 528 269 592 256 262 477 204 50 173 196 118 275 232 250 342 260 76 143 250 498 421 557 498 131 431 225 358 153 134 6
605 203
800 950
837 408
287 581
626 221
573 184
946 577
8 813
365 109
478 933
249 671
385 927
922 627
960 600
836 839
640 614
909 968
163 153
276 641
837 514
736 384
780 696
281 917
874 973
514 120
476 866
555 349
348 341
109 25
634 462
774 220
673 473
588 253
583 227
211 44
762 797
6 311
418 478
758 865
573 688
438 427
663 300
649 199
930 498
597 692
83 527
551 702
155 289
676 342
650 42
391 96
836 603
104 785
455 343
495 544
480 511
70 20
961 142
476 129
82 52
75 977
750 438
43 627
384 769
179 688
766 400
930 905
105 503
90 621
293 35
232 734
280 176
734 693
70 862
900 365
593 395
79 229
178 945
60 896
883 66
21 281
684 693
166 226
413 286
689 632
87 328
145 996
749 247
452 16
159 541
615 2
384 794
5 155
727 254
352 183
82 581
36 668
121 477
577 469
370 605
177 449
834 669
256 961
743 733
548 15
451 927
558 968
483 366
150 792
864 934
746 979
490 6
294 371
320 969
417 587
515 598
302 935
606 349
842 865
958 82
128 607
327 320
735 848
506 70
855 651
741 610
780 293
834 793
927 118
40 85
778 726
56 104
113 172
913 156
46 191
95 195
113 988
897 855
209 688
823 765
480 738
188 291
522 549
973 326
915 717
550 434
597 31
807 572
448 812
188 785
810 715
289 313
780 180
717 894
993 900
905 773
817 893
364 517
917 4
772 932
164 479
493 916
584 520
832 52
654 803
748 710
471 685
776 28
65 460
5 126
772 245
381 248
559 161
30 913
387 573
221 5
722 143
411 534
579 298
289 954
123 854
990 411
963 817
102 260
109 885
189 510
648 253
884 1000
892 731
210 782
963 658
672 39
989 501
208 356
312 193
267 244
937 217
822 478
223 963
314 736
353 976
785 415
204 940
331 585
465 539
797 814
303 97
492 575
535 394
690 165
166 191
107 382
754 334
585 114
607 993
885 424
974 17
265 28
830 920
117 299
454 476
363 399
557 886
101 67
953 249
849 745
85 697
0 933
21 172
142 581
977 847
703 715
270 271
842 896
46 363
129 10
240 119
267 312
679 211
342 563
795 615
238 72
79 939
664 85
1 517
158 34
728 192
137 548
289 398
916 316
358 239
788 347
699 321
320 387
417 160
445 227
126 135
286 772
664 779
691 741
208 878
543 908
878 160
588 362
532 839
407 330
456 68
95 806
335 249
506 194
418 673
49 386
318 638
857 286
724 630
290 139
672 429
982 952
164 884
979 91
799 785
815 993
642 875
938 96
647 486
473 967
658 828
835 74
525 761
154 918
955 871
117 84
749 473
285 515
136 810
308 881
166 731
617 243
228 566
677 891
51 688
249 289
55 759
76 151
179 69
697 393
77 394
757 999
565 752
467 662
607 119
586 87
329 357
289 706
168 636
823 346
59 927
408 636
667 498
412 23
242 535
708 588
931 284
938 66
614 319
81 103
534 981
696 120
502 439
353 758
528 521
18 980
163 314
860 259
879 219
591 632
506 695
696 559
556 805
762 113
988 642
435 182
601 839
631 668
81 439
653 10
618 760
491 253
796 326
380 11
813 268
540 223
73 821
349 459
126 670
482 765
830 195
872 584
17 870
862 57
911 891
870 691
725 472
727 93
672 967
650 514
279 989
425 267
427 777
346 929
719 65
969 776
634 690
456 299
276 51
814 164
889 653
943 785
881 614
14 390
906 213
799 27
136 724
6 718
439 844
139 389
995 61
39 225
284 74
951 348
659 698
228 372
158 841
12 765
454 613
195 913
525 425
766 568
441 146
943 524
258 934
566 134
911 253
448 754
605 477
72 606
645 423
981 450
375 346
230 630
514 344
314 293
316 604
410 138
548 109
766 635
417 104
543 194
628 576
628 26
964 477
729 822
697 475
888 40
352 722
876 13
803 531
52 259
565 385
367 888
246 755
590 333
627 91
499 295
742 668
797 923
542 462
255 486
990 175
912 557
869 106
757 518
690 657
217 538
587 867
550 269
294 490
237 236
990 783
801 683
783 454
211 403
447 979
187 809
191 758
810 383
506 983
303 538
720 789
210 251
965 710
633 640
785 133
265 202
365 823
631 815
108 525
311 465
590 582
876 310
807 292
419 736
625 944
665 666
858 996
457 450
264 143
183 129
160 701
977 543
390 696
556 668
187 159
881 270
313 125
21 20
588 785
479 229
894 577
343 215
430 569
235 857
38 834
472 43
913 678
131 157
352 57
772 965
294 256
376 491
930 359
598 919
725 33
680 376
873 378
330 16
854 808
76 640
934 419
210 715
539 490
341 527
234 424
733 415
720 737
58 576
716 965
586 740
100 863
561 490
529 661
555 587
110 633
893 506
108 725
816 442
478 334
670 575
340 864
733 553
785 859
908 460
909 944
223 295
741 66
540 933
78 499
309 853
410 857
106 589
494 841
994 807
995 717
206 483
943 634
225 326
747 215
507 171
477 600
611 721
522 52
646 399
206 313
118 337
932 763
966 208
631 174
422 824
616 424
444 395
123 276
440 720
553 302
718 991
427 73
852 483
901 181
581 6
38 729
328 834
867 503
388 223
944 833
631 339
621 517
613 546
134 424
566 854
304 159
542 777
140 901
149 357
21 200
121 245
748 589
39 597
613 652
680 867
544 76
491 627
396 403
833 978
39 782
963 175
804 462
375 641
241 35
467 420
735 916
186 971
