600 1337 600 1191 12
486 557
10 534
111 204
3 193
108 430
87 440
54 538
207 340
4 345
271 430
127 353
145 208
125 478
158 569
171 353
350 584
368 540
213 269
510 553
90 409
303 455
291 515
174 404
18 19
225 258
46 51
101 323
280 400
342 469
282 385
15 303
198 272
76 522
217 444
71 276
174 294
32 451
273 323
73 507
261 573
159 499
201 341
441 527
157 327
398 408
202 422
2 77
73 243
185 499
171 582
256 485
186 408
25 445
40 229
154 435
21 154
363 578
5 460
34 443
149 160
19 296
322 366
326 549
123 518
415 562
29 288
139 319
110 375
371 530
390 413
205 386
27 330
39 222
146 446
278 310
377 527
284 591
402 403
175 234
248 593
388 537
48 55
5 213
299 300
455 479
182 376
144 508
229 313
44 339
12 530
287 522
131 302
158 319
304 316
117 580
67 408
103 425
374 577
523 560
301 390
276 373
144 226
103 283
197 377
51 575
57 545
189 390
370 586
12 154
46 460
468 511
93 503
364 386
183 540
366 437
134 341
111 559
500 558
4 170
3 238
88 590
192 496
428 532
41 411
40 308
401 413
54 597
3 588
269 545
283 453
72 451
26 79
161 443
378 526
437 543
220 343
430 568
215 367
234 558
303 583
153 488
36 403
444 571
34 495
174 569
132 387
41 226
181 339
98 285
150 496
84 203
300 360
127 214
261 344
6 313
98 451
272 465
8 528
320 450
127 582
126 544
388 432
326 388
137 375
237 550
194 204
339 393
5 197
43 450
351 355
10 483
60 370
486 546
47 295
186 398
215 244
183 185
375 381
185 577
104 162
74 453
24 184
69 151
29 444
176 493
281 385
267 272
357 582
262 445
333 347
110 575
286 423
114 484
102 367
301 427
39 41
115 188
126 407
242 441
129 593
298 408
363 425
147 536
346 513
9 161
96 485
92 363
52 241
149 329
245 270
251 424
118 331
202 360
189 413
410 483
3 129
19 502
307 558
103 256
492 569
137 390
58 228
261 263
18 488
451 596
213 454
439 582
220 439
48 280
388 587
11 312
298 407
98 556
56 379
67 426
350 442
36 50
420 547
46 315
232 390
361 382
97 251
52 591
327 422
0 5
0 525
287 473
365 438
474 487
328 420
193 270
363 379
89 130
247 567
243 507
74 139
95 510
391 533
112 580
13 155
109 370
222 246
115 564
16 120
321 442
348 527
60 586
7 76
334 375
20 537
131 275
504 541
242 269
135 547
107 532
101 193
337 392
418 503
267 282
272 405
118 206
251 497
152 553
85 183
42 324
277 537
466 551
49 213
144 301
172 250
35 170
228 482
76 591
356 509
110 501
276 512
410 439
82 506
96 502
437 518
133 385
36 71
19 332
246 431
69 221
90 516
557 572
97 247
210 536
368 412
21 473
65 289
134 478
46 555
19 477
146 403
182 384
180 592
90 398
325 392
4 531
464 509
58 388
56 426
167 177
88 166
291 381
104 541
173 302
37 462
141 149
326 587
336 341
165 180
71 78
63 333
163 378
27 264
313 428
312 330
34 321
102 135
47 397
171 470
225 259
181 449
157 566
386 573
397 438
384 508
521 530
332 453
2 96
231 421
150 440
216 299
305 519
227 245
337 559
448 509
185 257
52 308
109 352
224 250
22 495
144 227
89 581
43 380
522 585
142 406
379 408
323 411
200 369
100 425
336 474
211 329
331 402
76 284
306 403
291 558
162 504
142 396
16 367
514 535
438 507
461 590
30 429
357 439
35 531
170 531
246 494
130 462
122 166
166 288
12 585
277 308
279 354
169 208
451 473
134 474
63 284
459 466
203 380
148 449
172 283
238 535
331 403
202 578
51 460
21 553
180 498
222 431
31 530
296 477
278 456
29 217
329 498
237 314
147 185
41 227
107 179
5 49
168 473
20 251
95 497
53 76
15 481
548 573
79 556
82 391
82 226
182 546
295 594
151 495
26 551
83 308
439 539
309 396
45 277
348 468
24 145
91 505
203 450
499 520
425 566
406 434
286 452
302 343
197 454
262 504
69 321
106 545
334 460
237 458
405 528
146 328
263 344
86 557
179 416
353 582
244 500
247 251
210 383
38 405
259 304
295 345
46 195
503 518
123 216
443 542
91 175
66 484
155 289
259 557
300 355
25 199
379 407
419 452
315 574
290 505
128 207
89 252
80 478
77 263
218 444
402 469
25 535
252 395
394 438
282 581
88 191
330 431
138 199
126 283
113 518
561 599
206 548
87 229
162 173
2 274
418 518
318 475
338 599
99 269
439 483
26 132
438 476
128 583
34 161
6 428
85 318
339 449
252 385
78 469
280 488
42 228
338 348
509 517
102 524
442 589
452 511
60 102
102 136
266 595
153 471
69 350
359 363
21 451
219 504
184 342
154 553
279 339
441 454
35 333
57 64
143 215
3 125
588 593
32 473
308 521
445 535
51 195
214 275
354 549
399 486
22 321
366 389
393 449
34 267
228 324
27 410
126 250
299 355
250 544
387 594
62 381
38 490
61 462
66 231
131 173
356 448
157 550
381 460
314 599
40 532
121 568
404 569
85 188
225 595
335 470
301 501
498 592
34 282
148 424
466 507
158 224
24 169
394 476
206 261
306 328
147 383
89 462
29 333
430 503
183 383
177 374
417 583
196 335
79 254
185 318
178 496
394 410
31 521
61 519
20 239
112 186
268 368
15 68
190 410
237 286
2 566
221 389
271 568
377 468
479 493
501 575
214 220
266 292
316 546
108 355
79 387
0 197
472 525
85 358
100 578
385 395
126 172
111 255
286 554
196 470
125 201
80 593
46 574
306 573
486 508
184 433
58 482
223 564
281 282
134 487
321 369
291 552
277 432
219 445
261 386
145 471
325 378
75 361
141 540
94 145
38 528
232 552
82 301
212 290
44 97
452 554
210 211
257 318
436 484
413 427
51 376
123 293
28 309
458 550
187 317
387 556
144 376
55 469
53 585
37 581
287 484
227 572
5 574
452 468
361 510
535 593
44 424
113 366
27 312
453 489
84 450
236 448
106 338
91 571
225 292
46 316
106 513
212 591
48 342
526 558
98 231
354 482
281 358
246 480
25 514
144 572
15 60
359 379
169 184
397 480
70 195
179 235
556 596
317 554
221 584
215 523
8 374
237 422
163 218
345 464
144 384
99 545
246 264
60 313
188 412
478 592
422 529
175 560
340 479
281 490
104 343
397 464
6 16
30 160
408 414
448 517
369 443
505 571
71 512
31 76
333 362
2 317
204 533
118 548
321 443
322 380
255 506
358 395
166 457
146 524
40 447
338 346
143 523
300 599
105 139
17 304
416 532
128 340
220 582
10 11
440 496
432 537
230 527
147 259
211 595
71 402
132 466
170 333
104 504
387 421
301 575
238 514
49 574
137 232
200 443
221 598
10 138
237 599
14 394
141 329
365 459
55 280
55 342
228 563
20 371
167 465
346 348
196 353
376 384
276 417
460 525
75 382
2 458
154 473
181 279
199 541
331 469
36 446
478 487
256 467
188 368
45 87
222 494
190 394
14 410
117 310
429 562
162 302
173 265
170 457
472 515
163 559
332 467
225 266
40 87
108 310
319 492
381 552
149 540
366 589
249 570
75 530
251 326
169 433
167 269
117 456
230 513
410 539
62 137
108 418
419 511
128 417
327 566
371 521
397 509
422 566
266 336
269 538
252 564
81 330
256 332
357 539
198 465
159 520
309 581
59 224
216 293
187 344
12 382
71 373
379 414
17 259
212 362
156 515
345 531
15 176
64 545
177 315
178 192
157 458
1 257
3 86
197 213
18 332
71 403
103 363
226 227
280 296
110 334
227 323
166 191
265 470
13 494
9 581
315 374
11 483
75 239
303 481
458 554
445 541
27 394
72 98
65 356
52 83
162 343
226 301
92 126
260 542
220 483
151 203
47 73
85 140
205 419
221 589
218 559
526 552
20 75
194 240
93 543
4 517
67 456
164 307
67 253
221 322
544 579
140 257
259 536
423 468
87 496
274 297
168 435
227 411
80 124
43 322
89 564
51 110
258 336
118 306
97 424
30 562
13 222
188 358
242 454
43 113
308 537
212 284
244 547
477 502
80 129
220 534
4 236
86 258
224 569
446 524
253 426
187 554
321 350
257 577
113 322
423 452
46 520
217 571
365 476
437 503
12 510
166 590
57 99
106 518
203 465
259 399
35 436
28 396
139 153
12 53
381 515
154 585
2 157
1 281
36 481
31 52
253 278
132 551
420 573
486 572
345 517
348 576
337 552
67 186
6 120
376 575
163 234
13 39
142 434
139 471
441 513
112 568
204 391
459 551
416 428
158 492
175 523
20 326
11 27
428 447
70 546
129 588
121 543
290 362
106 346
169 373
46 70
139 489
4 191
218 240
36 512
265 335
17 316
118 297
230 441
344 386
105 471
117 430
23 556
255 413
6 367
9 542
352 586
150 192
117 271
72 473
9 434
344 364
106 320
50 446
33 377
159 577
33 468
99 203
59 453
200 321
47 466
155 533
298 414
425 485
16 215
26 459
51 70
2 233
279 549
328 547
336 592
122 288
136 524
320 545
295 464
356 397
239 361
421 556
94 471
413 506
254 556
81 273
85 475
242 513
365 507
73 466
56 67
104 534
93 437
467 485
40 107
42 150
206 233
284 522
22 69
143 290
78 402
30 412
260 434
221 380
131 265
53 522
18 489
415 519
183 475
264 397
135 328
543 568
155 448
361 497
26 365
273 431
317 458
70 182
183 188
88 236
513 545
435 585
189 552
66 114
300 578
177 538
122 461
114 436
250 294
256 283
119 180
285 484
39 273
119 329
46 499
241 521
303 417
487 592
133 581
264 491
308 371
31 591
15 586
449 549
276 340
261 548
390 501
156 525
272 490
99 167
161 581
155 461
28 581
208 276
264 431
295 466
136 446
21 32
423 576
196 275
154 168
1 140
464 517
175 500
18 296
99 465
224 294
274 331
59 172
273 330
244 560
574 597
106 123
6 416
60 136
165 266
516 579
201 478
81 199
45 308
91 163
121 437
316 399
202 566
272 495
535 588
22 151
95 251
153 489
372 561
116 132
366 518
66 285
240 444
84 380
160 268
274 469
8 198
61 396
237 423
116 387
145 209
10 312
216 599
347 436
245 572
205 244
96 274
10 199
86 193
407 414
229 447
197 441
238 273
317 344
47 464
130 562
70 316
88 448
285 287
243 397
326 424
13 289
72 285
113 320
132 295
390 427
500 560
48 184
465 495
147 499
273 411
128 276
189 232
69 598
0 511
235 290
1 528
59 250
171 196
253 456
214 353
16 235
114 531
349 460
422 561
269 454
143 235
113 450
171 539
304 555
143 505
7 53
147 304
80 125
258 259
54 213
45 563
440 563
179 532
155 590
311 493
3 341
434 542
79 132
267 490
119 498
0 349
8 405
100 363
460 574
205 500
13 533
219 541
244 523
41 391
5 349
165 211
490 528
67 580
482 570
233 297
49 597
50 136
202 529
39 533
106 216
426 578
436 522
95 152
140 281
161 282
281 395
325 552
192 570
90 404
156 472
310 351
96 566
192 482
231 387
160 429
336 487
304 499
45 432
300 351
258 341
134 201
188 540
169 276
219 262
264 438
427 506
343 534
497 510
176 178
508 546
92 103
115 395
50 60
112 117
7 12
294 544
24 209
35 347
123 418
86 341
52 521
186 580
165 595
9 309
300 372
461 533
168 585
163 392
108 293
409 492
286 458
83 107
197 527
31 241
94 153
255 559
45 440
43 84
442 584
89 562
116 594
327 550
244 573
309 434
389 589
192 324
267 281
228 432
66 387
67 379
485 566
220 302
404 409
38 272
104 199
41 82
204 461
392 559
245 323
298 398
293 299
216 338
364 419
62 232
448 590
239 497
137 501
68 303
159 185
333 457
58 587
92 283
263 317
199 514
28 462
325 526
176 496
430 543
176 311
287 436
379 565
298 544
315 520
380 598
149 268
371 537
187 452
488 489
140 358
95 463
163 325
135 244
217 362
262 535
94 250 528 442 33 398 221 108 447 519 267 235 565 550 545 204 518 403 359 161 104 238 427 383 544 104 286 507 341 478 225 84 296 548 520 351 8 263 561 346 303 528 429 404 368 270 256 119 443 359 130 323 419 330 50 211 374 426 380 390 274 166 192 416 360 415 583 259 313 412 142 326 160 7 228 271 85 110 155 131 264 369 582 90 21 20 298 135 390 235 272 305 540 300 481 365 416 128 139 228 377 508 344 68 165 92 383 563 169 106 185 421 22 511 196 176 485 138 314 240 53 583 43 77 500 390 216 521 417 463 462 216 372 525 542 97 515 50 469 331 102 447 84 562 344 419 90 96 474 355 412 395 567 290 473 151 37 203 72 42 298 311 497 164 324 354 568 585 154 62 452 377 40 73 243 344 548 206 3 595 248 380 250 219 4 109 532 106 72 576 301 504 444 479 179 193 391 258 251 236 244 342 7 260 96 251 439 509 434 411 212 216 429 31 531 578 305 462 373 362 344 463 566 132 417 118 405 231 199 362 302 300 283 75 518 461 301 570 492 333 220 68 267 365 562 289 338 116 48 580 271 315 561 370 43 424 543 570 534 52 402 386 122 401 514 233 40 83 446 104 558 546 95 451 550 35 371 543 541 277 389 505 98 434 132 493 456 559 594 218 570 483 60 596 348 354 300 420 537 241 188 121 224 414 334 125 474 76 185 160 268 538 426 287 376 381 323 267 340 539 481 355 39 275 472 490 267 387 514 152 578 184 313 253 390 13 30 545 225 338 175 464 367 54 256 523 134 267 410 454 81 517 100 521 170 235 402 253 393 68 342 25 494 10 14 221 486 85 21 431 484 69 514 149 49 187 324 474 533 578 88 59 451 255 27 343 311 389 93 416 110 143 12 39 181 575 510 45 420 251 91 328 115 113 351 592 338 39 407 134 8 151 252 543 265 46 8 409 540 208 126 22 128 85 214 497 192 96 162 356 579 343 21 218 444 266 1 582 533 383 488 397 214 226 454 174 580 132 573 338 315 167 49 304 229 144 17 318 478 260 398 421 250 93 2 269 65 585 594 162 446 0 222 368 217 547 323 233 550 398 165 22 470 522 386 492 2 11 155 48 469 257 203 501 537 304 383 436 79 468 484 581 377 374 41 106 499 175 371 25 367 288 316 519 289 105 44 34 273 375 342 53 93 75 558 540 136 387 20 586 88 396 50 45 11 115 391 128 512 553 597 429 301 351 338 212 303 68 13 458 554 212 390 174 412 580 586 6 392 272 29 361 107 357 515 132 500 579 4 140 172 315 248 299 45 476 516 248 320 334 293 6 174 306 14 54 270 85 285 165 218 228 21 505 231 9 588 159 176 16
622 454
774 221
640 729
403 128
183 455
648 405
380 739
156 671
750 249
923 156
185 155
171 179
103 712
249 321
33 216
422 893
369 699
542 203
742 880
722 827
102 827
14 658
904 328
20 510
639 955
266 119
23 340
145 227
959 86
283 508
787 25
168 696
31 611
645 522
894 274
166 530
494 843
922 73
810 256
306 285
263 765
352 304
217 899
894 459
49 909
238 814
595 305
92 360
658 903
673 378
456 838
566 339
221 712
148 628
707 366
677 871
932 743
821 430
157 889
886 908
391 796
982 36
498 419
241 603
808 455
212 298
85 495
957 699
403 939
912 360
532 264
524 878
75 590
83 322
798 938
110 796
181 648
608 696
550 884
13 420
361 44
268 152
359 359
236 741
877 438
738 142
427 181
299 846
219 413
885 72
999 914
375 593
867 834
944 569
707 974
25 761
671 803
30 891
26 543
817 390
843 751
362 183
424 752
804 806
198 81
827 985
793 513
266 725
877 581
338 830
526 368
330 451
999 640
864 499
122 481
795 79
70 423
953 625
543 754
604 18
336 715
984 532
275 439
809 534
422 8
397 76
900 847
86 101
508 965
352 89
877 39
103 19
48 401
886 109
468 48
449 728
424 811
489 391
197 180
781 963
788 159
652 66
984 186
389 645
417 284
649 987
487 782
595 176
88 896
678 31
244 897
871 358
0 723
743 941
55 662
246 359
555 505
671 700
893 968
652 247
713 29
881 189
166 41
414 526
542 535
592 60
223 475
773 353
91 625
584 937
210 505
22 74
906 889
135 8
952 948
432 611
378 965
743 323
321 921
310 702
572 31
89 981
505 279
691 109
624 929
689 200
994 733
586 631
766 109
431 450
83 223
219 437
285 921
400 159
306 473
566 297
24 49
676 445
802 329
246 167
968 242
424 69
775 731
873 391
309 416
515 614
571 740
485 979
569 971
677 980
617 116
588 93
235 636
677 406
98 53
394 681
800 566
300 552
375 522
235 68
130 120
925 411
268 261
813 44
919 919
545 140
388 282
351 248
186 898
315 819
739 491
50 515
466 431
616 767
442 567
353 680
186 422
728 649
336 176
75 805
343 503
191 716
729 432
113 310
469 670
394 222
197 262
2 869
304 44
259 999
932 883
52 842
859 100
906 693
15 450
380 441
786 836
736 201
492 126
499 152
976 214
577 697
271 54
601 666
153 259
82 4
549 93
864 245
730 52
729 396
394 188
991 590
827 282
320 240
632 822
64 22
529 935
206 790
931 648
113 1000
708 883
813 167
854 181
854 871
211 611
80 535
638 586
101 577
264 471
230 341
292 667
498 496
521 115
833 565
950 906
96 388
710 850
594 787
966 839
803 598
814 642
441 347
127 64
467 925
576 216
936 11
511 765
522 557
203 761
952 119
902 625
306 984
182 205
371 782
713 604
665 314
523 229
611 644
718 183
834 943
819 477
946 339
933 462
343 224
220 925
435 496
101 864
700 711
483 756
618 69
228 195
558 811
781 887
247 561
553 373
25 14
538 39
401 461
771 547
11 986
502 1000
451 106
614 877
158 100
562 656
124 450
766 499
176 566
703 539
621 414
954 379
876 635
322 853
83 75
141 979
850 626
183 325
27 140
770 140
878 811
838 683
99 759
286 605
852 797
557 622
19 301
940 493
397 711
742 77
952 294
359 818
162 776
796 691
559 916
680 271
530 402
498 305
652 491
459 535
915 786
898 421
519 451
117 734
641 98
455 280
863 134
512 661
46 464
133 856
951 440
462 393
321 389
410 491
59 981
50 242
813 116
989 113
151 312
1000 807
504 197
709 932
387 413
549 845
531 813
948 985
779 287
983 152
920 825
967 788
989 997
62 208
331 270
766 66
412 413
943 806
894 13
329 739
495 918
874 555
559 582
484 720
25 485
733 701
687 576
71 874
819 766
900 733
418 389
338 763
766 3
955 594
239 226
171 846
584 903
952 172
87 653
144 561
930 528
115 277
55 166
249 867
713 472
994 374
942 249
335 544
257 95
490 815
308 785
213 364
68 939
845 472
4 610
598 570
813 912
703 437
436 958
938 674
257 508
667 647
53 334
585 378
272 397
975 65
27 712
136 391
844 330
64 358
759 818
682 525
582 872
0 9
745 978
565 474
55 607
497 62
709 137
34 279
681 839
448 8
414 969
168 294
451 896
218 967
131 153
111 527
775 789
484 214
505 20
720 907
774 922
812 217
134 293
921 994
390 996
240 297
876 318
299 890
68 778
632 4
631 208
475 606
477 363
696 809
902 555
221 44
326 612
363 396
93 291
447 240
176 362
77 738
609 520
505 896
755 473
286 134
526 499
989 881
155 412
896 515
964 2
637 286
174 734
168 597
429 651
457 777
586 448
471 500
705 504
775 246
767 706
148 732
164 482
294 760
293 365
153 132
294 100
573 157
175 802
752 373
29 177
680 81
219 97
932 213
949 545
963 885
788 437
486 238
461 707
549 728
100 948
688 676
37 366
454 465
50 702
643 628
595 235
0 483
479 174
487 559
381 484
450 631
778 666
826 3
208 852
833 80
905 763
747 736
14 924
992 566
920 961
270 953
372 556
418 230
508 711
626 350
499 346
719 577
695 234
871 690
990 855
996 677
916 103
60 105
464 950
992 399
101 675
362 863
143 955
348 120
992 450
247 383
247 679
544 5
330 79
91 438
572 111
8 570
695 337
901 384
742 623
