600 1403 600 906 12
82 335
30 322
199 493
85 453
140 336
83 358
230 319
165 565
256 503
176 178
56 270
32 94
277 558
22 486
270 288
11 322
132 535
242 350
450 596
195 328
382 446
353 523
499 511
268 422
195 375
395 407
66 504
189 451
155 369
200 531
113 257
502 588
39 236
226 335
40 552
163 418
270 344
215 563
85 213
386 405
168 470
119 339
348 443
140 556
188 591
247 311
454 555
509 556
9 79
125 590
179 568
143 453
12 362
32 341
221 423
92 518
327 372
175 539
245 572
102 169
61 134
411 528
142 303
103 567
32 474
16 187
204 315
216 499
501 529
187 261
321 340
212 298
510 581
28 310
113 146
49 562
72 118
31 507
235 397
236 396
336 570
157 391
40 352
94 559
543 561
253 303
79 115
33 356
467 550
133 179
187 553
246 427
29 161
316 487
177 398
383 514
60 89
280 381
201 288
76 595
293 536
106 441
179 599
133 306
408 468
64 545
493 556
396 565
282 374
188 212
94 197
466 474
284 393
181 513
66 303
319 321
49 186
35 576
443 496
104 162
188 298
259 267
310 327
26 220
251 490
67 322
285 525
89 240
66 468
80 180
416 532
225 257
283 400
111 141
58 252
53 522
222 472
208 228
462 483
313 495
1 246
278 428
42 393
292 558
540 550
148 571
150 383
21 272
143 304
211 233
39 357
492 548
7 322
164 422
34 249
127 417
339 504
142 504
173 259
7 11
10 102
349 507
134 284
286 384
77 454
379 413
33 391
128 131
244 379
51 200
314 467
153 187
63 246
217 451
159 456
511 514
193 363
282 308
412 433
292 536
275 327
109 545
309 534
130 495
18 506
78 348
165 193
66 253
15 399
259 516
35 190
187 230
61 110
28 327
101 167
265 451
64 413
37 543
9 270
222 239
38 591
119 317
262 410
3 515
172 352
245 442
260 542
298 311
324 403
69 348
295 546
186 273
18 207
403 569
13 417
450 488
124 308
123 274
198 388
373 549
268 457
12 118
9 284
179 246
0 436
196 388
112 333
18 515
14 312
455 538
3 318
42 104
2 266
33 62
32 570
133 192
487 489
259 537
311 571
337 552
48 398
52 388
71 166
101 505
66 238
180 520
26 325
19 396
408 506
10 244
20 372
152 319
274 460
116 251
115 270
219 475
578 584
19 569
255 581
348 483
340 404
333 369
280 365
221 237
43 532
430 445
92 423
72 148
494 559
189 344
264 527
467 589
512 536
437 552
101 533
11 465
107 447
140 309
24 573
160 496
195 250
78 255
154 535
44 324
140 509
30 213
152 377
347 372
332 385
575 586
221 518
32 335
68 560
397 417
460 481
195 307
99 120
9 530
21 536
157 546
203 366
217 438
282 550
76 466
244 292
118 431
63 133
111 253
291 439
306 478
451 488
137 144
36 477
45 424
92 351
278 565
105 557
489 524
269 417
245 257
184 339
82 463
56 288
136 246
98 190
120 364
86 596
161 394
118 148
331 439
308 392
16 492
441 594
67 287
279 462
221 345
56 437
217 365
213 587
490 549
153 319
160 348
224 425
349 500
137 364
485 581
166 417
237 332
135 343
177 590
202 278
345 460
413 545
115 593
78 279
104 562
13 269
400 567
326 452
297 484
290 459
312 581
113 141
28 411
150 514
99 274
17 105
51 240
254 593
218 225
44 459
95 341
42 562
32 122
458 584
45 226
419 590
176 323
255 369
106 174
53 434
365 381
170 257
102 497
331 472
298 479
16 314
126 157
336 463
208 395
55 543
3 207
143 405
97 361
488 596
452 566
406 506
90 383
99 476
369 469
311 521
358 469
541 577
35 116
441 597
206 450
199 509
191 364
401 579
182 369
13 538
132 215
241 495
447 533
47 524
28 180
319 404
58 264
25 308
303 505
206 596
493 534
9 115
53 473
316 575
137 476
467 553
259 593
219 567
10 497
157 398
40 70
199 302
407 464
501 582
97 128
213 322
222 482
69 445
183 260
10 379
29 563
65 503
262 378
79 593
223 531
154 161
171 323
62 391
169 523
450 516
472 482
324 569
262 477
241 397
285 538
27 539
119 526
384 526
16 467
147 565
138 356
165 363
16 324
65 201
165 428
101 378
220 311
254 297
2 320
167 222
354 529
395 480
65 256
221 460
448 469
318 480
336 418
275 372
121 232
140 204
18 414
454 594
426 563
215 264
160 445
212 277
39 147
61 229
131 488
109 497
105 560
185 477
31 349
98 394
33 546
73 409
372 500
296 355
397 495
124 352
48 168
332 481
176 245
326 566
34 148
33 242
211 237
250 494
147 236
137 544
43 416
250 423
176 256
146 523
185 527
136 427
126 204
1 529
361 381
180 357
149 201
108 579
106 218
517 573
141 146
239 447
181 457
46 161
103 219
367 500
209 470
259 573
168 486
278 422
452 470
37 129
286 414
70 374
266 525
355 525
275 564
19 236
112 469
197 351
16 589
133 246
248 447
24 359
310 349
365 451
84 588
139 200
324 589
5 595
124 588
215 426
271 331
391 546
358 448
79 530
182 255
468 583
112 432
135 191
73 521
326 486
130 241
7 382
211 360
329 486
158 262
190 412
179 258
39 528
22 329
182 380
78 121
76 490
290 540
1 427
337 437
150 499
143 371
163 211
166 181
63 354
506 515
482 549
151 317
50 229
427 598
84 174
242 356
194 403
189 337
290 467
72 512
77 555
209 425
394 563
237 518
223 405
129 523
415 432
16 548
12 536
142 262
125 465
83 368
91 166
306 586
346 451
190 549
183 532
370 513
185 508
48 157
251 424
313 573
109 330
267 537
151 196
263 342
106 555
304 371
8 520
139 240
78 232
594 597
265 344
294 456
230 377
258 598
218 442
338 536
119 184
289 398
168 326
40 451
371 599
214 425
184 384
234 528
75 378
11 289
34 247
147 396
27 143
184 286
78 483
40 172
94 100
519 558
32 100
340 559
268 320
120 544
402 574
171 201
347 399
189 265
413 497
53 461
410 505
204 309
406 408
114 307
134 554
286 504
427 529
23 140
238 414
90 455
250 559
158 477
163 351
224 465
252 264
462 542
195 345
200 529
98 412
458 514
116 549
21 389
52 93
192 306
93 407
302 358
254 554
279 542
15 559
358 493
25 76
193 528
42 201
306 316
88 598
225 442
308 594
161 557
4 162
73 572
24 517
282 392
199 360
579 583
38 273
123 191
199 233
367 375
258 304
98 138
126 309
550 553
568 586
2 202
97 346
249 431
280 459
163 197
463 570
8 275
280 438
275 520
31 500
3 203
417 457
87 553
77 373
202 266
62 315
97 131
142 410
568 599
280 290
359 370
124 392
310 500
37 497
192 316
289 560
274 307
83 448
10 413
19 194
166 370
96 548
98 433
331 412
487 524
30 287
37 102
22 309
226 474
90 216
228 580
17 350
114 375
425 566
135 183
20 494
153 230
241 584
18 384
224 440
300 439
220 325
78 581
244 294
194 359
8 180
478 586
167 472
46 154
136 258
464 480
219 489
89 400
47 387
577 581
210 422
0 170
12 293
94 340
25 454
96 275
323 521
94 163
170 245
415 435
248 533
153 321
92 250
166 235
112 461
361 459
35 356
245 409
58 60
212 272
35 138
72 571
288 551
175 214
184 526
60 400
334 475
149 562
41 342
176 521
298 338
141 523
59 557
211 485
48 329
388 580
51 585
219 334
145 473
105 535
24 71
268 396
198 252
334 407
313 397
30 223
106 447
23 204
359 513
478 575
164 268
112 448
384 414
499 514
178 442
183 443
116 424
49 220
354 582
43 279
236 357
225 533
156 435
303 504
53 415
449 485
15 20
231 446
48 590
449 541
37 561
243 275
6 245
234 276
378 410
5 553
22 534
420 443
92 211
455 499
398 590
112 155
44 361
111 468
69 430
95 100
124 594
100 341
495 547
101 248
346 365
317 580
332 510
47 63
107 533
390 555
29 215
185 426
7 560
346 361
272 277
117 312
204 391
41 376
29 394
407 475
105 289
258 371
23 336
151 491
178 588
20 367
209 452
364 544
117 182
385 481
45 576
366 384
537 596
25 87
301 558
290 589
342 376
122 595
390 482
29 46
102 362
318 395
138 190
15 494
554 593
74 511
49 273
227 423
279 510
337 344
132 446
152 230
51 89
98 161
479 571
54 425
17 242
115 516
91 573
219 400
320 417
421 508
312 380
113 505
39 193
45 62
206 516
190 482
305 366
243 347
211 518
64 294
221 332
206 537
235 417
174 588
160 443
261 553
145 214
137 307
149 325
44 128
247 571
16 96
174 442
172 502
39 165
17 289
125 209
276 310
343 385
12 353
46 132
42 288
426 527
76 373
198 283
194 498
94 95
316 387
34 572
434 461
269 511
240 567
119 527
376 402
105 154
64 159
263 507
12 431
287 585
397 578
158 378
72 479
21 338
95 404
327 500
355 455
86 131
82 315
81 130
433 439
171 503
66 286
424 576
178 502
0 113
271 300
401 429
343 510
236 569
150 216
196 198
62 576
177 419
51 132
130 484
385 460
136 179
76 474
299 507
40 337
425 452
344 437
59 161
127 166
359 403
24 370
90 296
323 503
51 60
299 349
15 372
467 540
254 484
341 404
216 383
178 552
56 552
203 305
353 431
60 283
172 552
377 595
137 507
49 188
105 350
291 300
9 288
304 386
322 440
128 403
321 564
29 132
56 344
276 411
446 535
31 367
292 301
138 242
93 198
90 355
223 386
203 207
38 212
260 483
53 566
197 250
36 300
334 489
214 224
106 107
0 257
196 252
231 382
233 485
200 585
48 125
30 531
91 235
5 377
312 485
160 430
374 392
151 264
332 541
363 428
373 390
127 457
122 404
274 476
286 339
109 561
175 587
78 462
128 359
266 355
376 574
120 123
4 50
205 582
74 499
335 463
27 453
88 529
261 467
324 492
38 277
155 435
110 393
206 259
310 411
116 190
291 394
117 302
54 473
103 524
70 451
485 577
276 574
219 524
393 551
373 490
328 494
275 548
125 224
175 440
43 510
328 375
124 502
440 465
454 597
320 457
282 553
128 517
250 328
289 419
387 487
315 391
434 486
37 109
321 404
505 533
438 540
94 336
260 420
123 460
71 91
113 253
38 49
72 298
532 542
55 330
280 540
251 549
289 295
172 178
27 587
101 592
193 234
304 598
316 478
432 461
36 271
201 562
22 368
50 162
54 145
422 565
86 488
363 376
9 551
205 524
510 541
429 583
28 80
299 402
270 516
162 562
129 169
10 536
6 176
167 271
30 405
300 331
357 569
34 73
33 295
251 466
41 402
237 485
254 547
539 587
107 218
18 366
516 593
296 383
0 146
214 440
326 434
406 579
368 493
34 436
112 435
58 132
302 369
317 384
169 362
237 449
103 240
5 87
255 380
81 584
53 432
203 318
348 430
338 512
321 347
412 482
301 456
53 471
42 110
298 512
353 362
8 281
143 213
140 418
401 523
45 466
231 560
63 192
19 498
106 597
111 583
293 362
99 123
89 567
182 302
145 539
30 200
258 599
530 593
173 313
151 527
261 314
5 187
530 554
389 536
30 67
447 592
343 416
194 513
471 522
147 165
146 353
139 582
139 205
52 208
395 464
174 441
30 585
83 461
417 511
444 575
397 573
202 428
54 566
101 410
386 598
243 372
15 340
75 158
417 525
93 395
7 67
21 292
76 87
279 581
106 239
357 528
260 348
48 470
252 283
159 294
477 508
140 163
97 488
429 523
299 574
456 519
110 229
468 579
285 355
96 153
108 401
45 251
295 398
320 525
199 211
53 326
103 139
49 591
94 418
198 400
47 205
55 579
75 101
15 347
195 227
123 343
148 249
114 137
4 49
148 431
152 595
396 513
1 354
14 380
272 558
317 526
162 229
213 440
48 126
107 225
34 431
119 185
322 465
458 511
260 462
96 564
423 518
163 360
47 192
10 293
473 566
408 579
84 124
122 474
37 401
352 392
173 495
125 419
320 422
228 318
276 528
117 233
482 555
358 368
36 426
257 505
25 373
96 187
449 577
431 436
201 503
86 267
20 500
373 555
11 125
57 232
57 369
60 132
183 420
333 469
207 366
511 578
374 550
8 492
129 401
118 512
274 345
453 587
131 517
357 411
244 301
36 291
98 557
6 178
287 382
140 360
84 441
334 464
18 238
42 551
130 297
444 586
226 315
301 519
242 295
123 385
350 557
142 505
225 245
138 557
139 501
181 370
24 128
291 426
155 333
117 485
167 592
110 284
125 470
67 382
284 551
69 78
74 455
2 525
117 199
272 298
382 560
36 75
387 524
284 530
365 438
91 391 161 299 398 532 263 388 126 41 254 528 595 576 231 0 45 513 583 190 60 499 85 294 158 373 202 374 290 530 211 491 104 592 222 145 61 513 436 443 64 51 588 477 43 114 170 119 134 113 163 102 111 491 243 260 125 303 258 274 103 417 270 204 580 234 472 294 392 420 531 280 564 396 517 513 473 101 430 148 424 189 30 341 64 314 448 337 162 147 471 485 389 86 174 407 360 180 91 578 80 117 552 366 453 591 589 413 590 376 574 581 524 368 259 139 372 24 456 431 124 549 236 321 108 443 394 261 206 286 537 211 166 491 400 217 500 335 384 542 155 447 258 141 278 138 482 33 395 16 48 263 358 437 297 595 328 341 511 66 203 319 112 209 540 180 509 438 229 576 370 578 137 115 555 42 391 230 35 568 530 320 458 145 446 320 476 129 244 253 389 65 480 322 284 509 121 596 400 78 254 294 560 423 398 308 449 462 20 282 160 388 599 273 334 333 356 466 538 342 389 2 192 97 482 110 447 5 540 139 136 328 401 19 305 394 561 42 369 529 576 329 86 214 203 479 466 259 458 392 353 450 44 460 179 12 4 125 207 480 273 351 268 319 287 91 436 308 199 347 358 227 224 20 559 359 521 473 44 326 378 30 527 63 282 333 51 300 72 19 223 356 81 534 45 142 537 182 90 232 417 233 176 11 232 374 41 33 513 62 202 205 364 473 539 300 593 44 486 207 111 374 540 317 524 166 509 31 128 217 326 5 209 152 120 285 89 393 337 231 55 433 501 584 344 158 302 450 104 363 599 302 277 554 563 307 317 215 192 516 506 19 218 235 81 276 570 489 304 539 35 134 53 308 567 474 574 163 452 429 321 199 143 91 164 209 359 528 283 332 54 277 262 287 225 471 557 484 211 120 76 191 82 14 304 58 435 558 34 506 371 548 193 457 370 148 492 345 512 31 95 268 109 198 382 51 403 444 194 65 95 24 161 244 592 594 487 177 123 185 154 213 526 235 310 150 94 427 445 359 245 213 54 480 505 16 331 507 517 229 47 201 538 491 253 175 159 549 233 206 582 310 42 329 437 252 255 250 330 517 283 491 31 104 356 518 566 240 305 42 565 340 280 504 443 280 407 210 273 488 336 408 544 360 109 97 454 455 484 352 174 139 398 269 401 47 88 202 430 327 568 478 240 258 524 294 121 106 560 146 72 296 119 130 30 121 467 105 84 177 535 180 352 164 198 11 0 237 569 496 200 313 428 568 160 502 22 99 69 184 111 345 524 595 259 549 44 116 205 587 337 418 143 580 370 470 184 513 302 431 466 215 514 474 297 98 407 28 154 9 21 327 563 109 86 594 398 4 569 242
226 278
128 866
946 188
6 533
380 5
590 486
370 268
322 813
760 411
545 105
80 147
391 825
161 195
897 139
826 867
778 545
671 433
393 731
40 451
822 300
810 546
132 54
618 833
621 700
762 188
515 443
355 131
298 997
846 447
285 615
283 851
906 509
654 617
466 687
258 214
437 620
297 508
51 239
271 1
914 334
535 284
980 446
485 110
900 806
732 299
528 629
296 664
85 821
492 796
320 71
420 29
223 738
82 627
562 927
490 930
3 300
487 197
773 963
222 648
352 654
205 695
524 18
493 659
77 862
8 122
452 206
162 371
284 798
360 798
940 990
567 302
784 171
230 130
311 194
914 83
297 481
540 509
486 451
887 909
574 85
808 437
733 22
574 671
619 910
424 346
302 954
688 192
543 458
211 840
178 723
990 72
759 162
786 666
94 685
752 620
700 583
693 466
673 238
359 589
942 675
709 615
326 451
102 184
153 757
457 80
361 692
419 422
359 363
32 310
30 203
489 28
133 331
672 949
224 318
895 571
577 119
490 573
746 820
193 166
185 512
969 685
852 923
640 580
938 711
474 348
427 873
567 787
842 157
724 233
98 229
694 23
695 219
253 662
65 889
570 24
996 792
142 926
964 625
398 625
157 795
656 704
175 308
221 408
246 952
936 540
418 978
176 271
879 308
228 158
404 128
924 24
178 597
617 543
676 495
322 676
704 964
785 995
526 732
269 504
3 26
972 930
326 628
461 54
707 690
887 252
947 283
811 170
363 479
555 840
124 228
272 292
418 156
506 281
684 112
408 324
333 923
381 211
437 793
408 276
108 963
798 388
817 208
753 860
987 836
148 477
220 523
331 38
629 463
269 65
569 231
442 560
997 740
36 846
977 341
798 281
870 638
137 604
765 649
142 650
718 780
201 804
477 161
983 224
48 538
575 742
103 773
629 174
26 510
49 600
458 869
950 219
755 729
240 48
295 912
384 964
242 586
954 44
590 287
364 331
79 718
330 101
853 701
396 467
249 872
407 922
327 340
558 620
849 670
84 541
468 12
631 507
305 739
839 996
744 774
946 380
783 129
848 306
799 748
120 393
372 439
184 750
746 53
415 685
743 491
65 71
301 254
101 879
305 167
321 412
227 196
823 642
524 575
178 634
167 343
637 61
815 928
428 224
291 316
147 974
651 125
936 861
595 429
238 471
985 511
212 610
595 227
983 182
696 166
867 227
864 98
550 147
333 483
213 55
330 0
916 662
734 456
903 393
183 30
944 252
878 852
626 321
764 351
528 367
169 663
535 54
946 122
146 440
261 751
507 133
399 772
650 374
309 559
104 84
128 163
6 73
450 728
998 42
614 25
227 93
945 467
325 525
65 33
699 865
193 386
225 926
65 516
51 921
911 622
508 392
642 799
893 441
310 123
787 848
708 127
645 435
544 660
10 861
125 543
23 567
654 536
894 193
702 524
347 864
378 160
713 348
389 96
553 869
816 471
845 626
595 806
3 229
375 529
852 747
701 931
7 722
595 634
658 664
542 244
190 86
178 463
735 565
675 592
986 476
941 742
548 201
877 682
648 269
743 533
946 911
917 473
390 695
749 698
493 310
167 236
122 835
991 122
447 658
842 369
656 877
775 233
707 732
695 267
132 196
989 312
997 673
626 287
57 487
854 547
622 865
733 893
791 203
175 976
799 496
500 492
551 348
861 599
980 391
595 526
278 455
44 106
788 894
672 296
303 770
977 23
74 464
911 723
206 898
53 801
110 615
130 98
447 489
512 688
519 335
507 54
325 592
29 622
855 271
737 89
470 776
788 521
140 693
65 313
956 436
757 291
675 566
258 905
41 366
47 672
74 380
316 222
258 421
862 403
413 547
30 138
105 433
582 985
939 777
824 115
692 668
420 825
979 879
202 444
913 219
811 679
505 595
451 912
244 552
154 880
984 252
109 298
945 955
189 193
650 967
380 569
589 886
683 996
256 259
516 201
596 329
349 552
379 901
429 372
390 304
999 903
25 994
967 972
284 722
366 395
657 909
802 780
610 199
596 253
522 865
279 977
469 416
955 84
33 0
860 194
836 44
702 296
904 696
631 948
909 865
601 665
3 666
392 876
559 592
618 396
116 359
685 908
517 828
556 976
387 496
482 975
592 594
52 709
940 638
246 517
10 915
257 118
0 636
883 717
447 517
925 890
663 52
772 805
580 857
12 794
644 236
5 766
509 520
173 556
737 386
672 851
843 580
705 72
995 969
53 171
829 274
912 55
843 511
159 821
457 297
427 187
170 425
271 387
51 401
964 544
212 492
677 757
890 777
830 75
200 140
818 242
896 14
6 454
590 151
722 173
808 708
68 3
777 435
349 189
523 998
127 270
55 764
917 156
113 488
204 562
928 360
173 846
570 58
247 840
945 817
310 374
651 828
323 714
156 127
655 158
910 112
359 993
613 363
845 789
913 836
40 278
970 652
4 186
477 721
672 86
699 437
490 545
588 373
512 102
504 250
546 405
601 64
444 436
681 800
380 660
118 31
764 594
345 770
22 252
423 88
280 565
707 498
911 263
510 907
144 731
76 932
801 320
630 638
277 147
285 223
741 140
925 426
5 944
475 637
820 802
805 35
64 349
94 575
834 832
114 810
96 333
776 15
236 771
46 948
328 956
455 327
676 367
465 806
268 31
344 430
609 93
462 389
568 528
642 199
437 402
167 912
76 996
