600 966 600 849 9
152 474
253 329
159 498
300 368
48 207
428 474
223 348
290 320
340 593
46 522
267 500
140 438
194 535
506 537
109 317
154 318
278 558
68 101
71 191
86 236
64 190
362 436
347 448
149 492
230 520
207 399
455 572
161 231
179 401
261 379
80 318
392 578
342 364
25 217
213 310
20 268
360 569
261 456
266 541
165 291
365 381
280 550
387 541
75 348
81 257
265 436
74 111
26 549
377 500
305 394
83 90
203 257
355 369
191 304
86 387
545 560
470 497
463 551
475 591
58 162
202 343
343 407
68 282
345 372
137 562
5 225
413 455
159 341
170 339
22 509
342 487
49 420
413 578
116 124
128 181
244 565
386 446
285 316
54 520
11 210
319 424
270 550
36 216
193 522
28 589
246 262
173 379
436 514
56 206
401 445
170 410
163 364
63 405
196 362
433 448
273 521
302 441
504 520
246 383
101 472
93 132
155 331
5 8
144 318
141 546
399 414
67 110
420 470
148 465
396 565
44 450
35 298
141 555
209 501
3 88
303 539
390 578
3 453
254 510
211 569
427 457
219 518
99 149
93 190
269 596
307 408
248 289
135 560
7 493
274 436
194 347
45 191
281 568
361 474
53 409
242 296
338 461
239 312
375 414
67 159
218 410
413 425
380 385
73 446
219 377
397 517
19 506
247 496
287 591
64 220
279 520
32 536
368 524
236 266
587 599
216 340
324 552
139 195
450 547
110 496
259 285
60 194
47 251
222 391
107 391
394 523
106 473
247 563
274 515
34 263
69 394
338 432
45 304
61 220
199 346
188 422
10 121
57 570
158 568
11 424
241 552
141 433
287 585
3 334
213 501
69 293
222 348
272 385
129 217
355 368
254 278
151 300
238 548
431 489
132 190
344 519
125 213
292 411
79 108
147 393
235 346
137 186
401 425
160 419
96 451
210 559
238 244
232 525
402 461
215 419
493 543
333 366
55 548
440 448
70 119
210 424
141 407
171 562
51 560
351 503
17 588
100 291
442 534
218 450
156 417
239 356
153 419
384 396
65 360
290 580
513 576
103 460
352 543
82 270
89 470
393 495
116 211
41 522
325 450
87 561
234 277
87 282
15 89
384 567
43 427
36 188
486 532
368 369
169 321
521 533
271 544
251 354
258 434
13 160
29 124
164 262
260 561
331 524
111 316
297 386
254 558
324 400
14 215
495 556
243 403
460 466
7 316
154 548
374 410
31 460
75 224
160 230
39 416
304 379
92 512
60 347
119 196
3 491
173 356
506 597
358 460
423 567
16 542
248 337
14 230
204 281
97 341
185 326
75 175
62 591
326 542
43 270
92 375
274 339
529 541
212 462
2 285
292 349
149 363
49 76
86 282
220 286
73 486
74 514
424 505
427 524
131 257
407 433
390 392
108 143
119 240
204 444
242 282
42 580
193 389
74 350
258 408
247 367
180 227
226 488
85 171
10 41
10 536
327 598
21 281
178 219
433 485
78 583
204 573
164 363
170 405
401 464
51 442
90 180
345 378
185 559
373 487
181 483
407 454
32 326
230 494
125 279
162 498
195 523
339 405
130 185
13 494
0 413
155 524
277 299
24 553
343 382
423 477
237 257
84 406
44 571
326 559
200 354
26 30
145 302
137 171
143 450
233 467
75 392
347 469
196 234
157 569
30 397
432 562
283 509
81 477
205 302
61 64
4 583
140 594
418 513
8 586
100 482
248 328
156 238
40 521
198 581
11 16
76 531
126 186
62 287
276 496
352 353
68 484
187 576
218 325
544 598
73 532
270 595
269 302
60 114
6 467
0 572
191 489
240 343
316 511
405 575
23 267
133 471
105 201
211 422
17 22
456 583
101 123
357 592
133 298
213 526
90 96
92 452
249 519
240 359
288 493
140 528
70 410
49 423
256 492
241 454
196 240
246 445
243 598
128 212
381 599
77 82
252 545
64 589
315 333
80 553
2 259
67 162
27 192
272 341
48 489
446 479
50 465
66 123
110 218
82 388
289 337
286 323
161 209
478 583
542 594
316 514
177 457
352 581
65 400
63 285
166 173
376 558
220 323
0 372
110 119
221 538
191 490
76 477
111 350
120 447
185 389
63 551
30 549
437 544
56 597
52 212
153 160
237 468
111 198
45 100
229 579
205 269
68 256
194 400
89 253
322 583
415 426
179 445
100 371
228 421
98 140
442 560
30 59
374 515
196 277
344 507
229 495
62 567
17 196
80 154
153 163
365 599
436 484
334 371
310 526
521 557
89 329
48 71
68 197
130 559
40 61
238 351
117 364
123 472
202 341
96 249
207 409
346 531
49 409
26 177
75 258
258 413
364 487
20 163
1 397
352 462
295 345
188 340
145 371
182 380
262 287
337 368
17 387
4 264
49 53
230 330
167 392
298 367
49 309
81 384
254 376
218 311
329 379
55 238
388 595
38 473
155 381
120 171
556 579
139 213
453 482
306 554
129 235
217 321
153 268
197 260
353 463
298 563
337 524
147 292
328 443
383 553
526 539
19 537
117 342
73 597
77 550
315 566
85 120
145 191
105 539
114 552
117 163
203 396
56 486
1 37
295 577
192 390
199 399
136 406
170 311
46 302
77 270
28 305
266 387
57 348
238 417
88 590
178 267
461 562
19 598
6 147
342 373
270 344
61 310
480 534
50 402
135 397
73 189
341 454
35 226
47 354
66 363
418 576
307 474
33 34
503 573
88 303
281 284
39 40
288 543
41 193
118 319
162 496
122 390
275 528
301 545
229 393
50 84
322 491
152 483
63 79
80 417
249 426
320 519
181 434
302 522
414 596
173 475
23 33
268 293
554 582
68 554
12 385
169 411
263 500
478 491
184 579
343 588
165 264
31 184
67 530
268 419
22 588
255 502
129 531
448 469
282 561
29 494
383 565
43 426
74 316
180 346
75 434
146 580
229 556
162 182
93 523
52 128
395 567
102 126
208 560
228 505
438 594
182 498
497 591
399 531
160 357
69 139
19 593
101 306
107 570
76 458
424 473
74 265
138 194
532 546
231 501
544 593
55 127
87 242
338 447
367 376
70 218
95 556
299 362
70 110
51 587
345 390
19 243
276 367
26 587
476 561
380 498
107 348
195 310
174 373
106 252
142 332
360 422
121 521
174 516
129 468
36 440
475 497
65 527
32 594
61 314
138 324
425 513
449 516
236 282
433 508
246 439
174 449
92 227
266 529
66 439
72 242
175 392
62 183
127 158
406 518
202 382
233 580
187 425
63 339
151 369
48 435
432 447
121 522
408 428
438 499
414 431
72 404
13 357
221 499
182 254
493 564
253 379
91 130
59 92
262 363
260 282
154 417
126 391
224 258
122 413
131 573
94 463
463 543
171 432
59 397
488 571
271 398
151 280
68 541
38 424
397 545
187 413
213 590
229 284
39 412
9 575
54 419
308 554
129 346
192 392
370 426
180 375
142 183
24 565
23 366
184 460
16 319
246 363
147 349
26 365
384 423
144 378
69 125
198 250
55 377
271 437
33 366
156 553
244 553
25 147
101 492
232 415
494 569
356 379
202 574
16 559
149 585
151 355
189 446
56 537
3 209
40 539
26 51
302 521
272 380
115 584
255 508
91 584
142 396
265 350
438 540
19 206
499 540
441 521
128 223
203 565
113 354
90 512
122 134
40 201
122 455
329 470
146 320
255 433
300 337
0 401
105 371
37 92
23 168
373 449
309 409
482 491
31 281
2 63
110 530
287 475
45 264
47 289
290 507
211 360
475 585
440 532
125 231
99 561
206 537
146 233
15 253
168 219
79 575
158 281
320 507
124 211
156 244
172 276
279 504
265 308
168 333
102 167
96 519
418 464
63 288
104 270
36 448
174 586
219 315
177 381
240 588
208 442
299 436
215 330
161 279
143 571
306 361
16 594
412 416
180 235
399 431
168 267
6 176
244 351
107 126
233 317
68 236
253 304
511 564
175 224
38 252
315 366
18 198
421 534
27 406
18 152
54 429
313 554
222 392
71 253
240 382
430 569
499 536
6 25
372 481
18 483
203 503
293 305
42 109
159 202
112 429
568 573
119 245
272 454
71 304
291 322
271 422
178 377
354 599
297 404
129 176
405 547
431 596
48 431
129 321
40 310
409 435
35 471
51 135
57 223
91 193
5 373
207 458
294 305
298 335
148 167
155 457
17 359
4 165
3 403
22 555
526 590
60 255
367 558
393 411
174 225
38 210
314 412
61 93
114 241
119 374
295 383
12 241
83 512
139 523
153 357
336 487
418 474
206 486
398 422
52 570
153 214
312 561
150 437
225 373
294 586
54 112
459 515
283 479
97 454
375 399
237 477
8 294
269 489
472 474
125 161
248 300
326 389
53 458
89 420
184 98 363 288 56 167 498 339 313 481 164 236 435 53 535 550 147 339 298 423 496 287 485 562 304 221 551 303 596 134 409 151 136 559 260 257 543 369 530 113 276 0 2 249 173 300 369 35 565 414 272 212 87 382 545 509 203 335 530 143 52 43 446 485 137 109 17 375 91 18 302 89 9 523 232 240 157 515 336 422 354 369 307 416 176 202 534 528 46 472 394 281 55 268 241 295 61 515 81 474 370 344 426 213 199 423 229 541 56 474 524 554 90 499 319 176 229 75 184 244 455 318 351 418 255 17 445 228 186 293 146 196 87 26 550 58 69 383 9 470 449 11 211 64 598 350 139 443 342 545 270 21 205 175 275 308 251 412 524 569 264 439 166 191 174 164 304 241 492 124 136 199 11 400 395 110 271 322 189 41 370 200 54 31 184 5 236 158 147 345 567 234 61 261 289 198 541 221 117 27 94 137 521 223 299 437 558 202 78 229 283 58 178 16 521 310 407 236 142 528 178 442 488 139 340 323 26 263 354 477 303 319 443 237 242 428 279 118 555 24 266 516 32 546 295 320 204 408 338 135 218 20 91 274 287 484 240 13 585 286 60 514 432 476 559 525 60 47 105 276 123 510 530 61 548 61 411 469 398 235 434 523 375 445 210 416 136 20 502 285 205 334 423 500 480 7 598 331 59 325 297 237 169 491 6 88 57 73 524 198 44 53 295 573 307 371 174 591 315 499 212 60 434 502 209 533 586 425 286 425 220 406 370 484 239 510 502 22 435 192 87 103 227 95 65 495 261 314 499 526 460 504 179 304 242 135 470 14 4 307 290 131 432 363 177 595 238 545 41 67 267 175 18 456 416 42 558 430 356 397 267 426 158 152 32 211 348 367 545 44 345 56 314 181 109 160 21 436 97 352 253 141 42 222 448 250 215 263 33 322 179 478 513 533 393 78 448 451 131 327 238 457 12 592 259 331 148 173 238 383 492 169 115 112 416 32 481 341 172 451 558 12 546 124 535 241 446 553 184 41 533 532 344 501 243 225 211 36 184 214 415 347 253 453 241 288 36 430 442 516 229 259 428 333 495 359 115 483 521 219 200 545 544 420 383 273 528 427 213 512 325 86 275 22 428 68 170 251 313 498 347 340 112 375 59 575 183 16 500 157 404 563 531 425 335 572 199 515 157 88 472 474 226 278 140 332 18 510 78 412 139 58 374 559 411 61 317 499 467 572 519 378 29 493 313 22 564 478 214 302 316 385 437 503 462 324 115 319 481 32 518 466 358 420 101 27 210 586 41 382 471 228 243 233 340 384 378 310 158 114 8 63 245 70 457 591 199 291 258 198 399 221 43 73 562 490 363 531 229 27
740 696
215 667
920 347
348 311
457 415
6 238
373 863
930 426
80 248
964 244
178 467
61 553
632 4
175 3
191 54
409 542
78 514
635 320
900 521
366 165
117 147
517 865
581 275
698 971
639 721
366 824
152 802
790 870
131 207
269 32
160 748
550 916
129 508
673 982
617 995
974 25
471 153
243 621
108 622
127 369
194 368
196 492
416 983
191 924
940 164
394 458
267 576
41 870
373 580
474 606
867 927
126 748
990 652
456 640
228 101
639 846
441 209
980 684
757 67
208 756
534 64
144 314
576 619
922 318
105 308
480 37
682 560
760 123
690 443
222 195
820 192
379 538
587 365
485 254
851 450
932 696
465 692
208 979
473 343
946 267
700 789
538 704
266 1000
240 815
831 950
994 937
635 349
589 436
296 319
456 544
280 790
213 599
269 683
185 263
987 313
464 988
286 832
657 155
91 407
662 502
399 414
731 531
927 785
590 914
265 931
303 393
89 681
993 743
986 281
422 946
789 151
922 453
184 136
15 853
578 60
276 616
309 36
55 110
13 591
751 228
980 963
240 477
830 708
723 595
288 62
268 188
980 827
610 890
960 632
376 757
194 626
525 783
152 245
944 23
784 751
140 724
803 927
931 882
535 25
242 228
46 457
616 196
592 653
959 214
762 801
342 440
362 913
434 827
907 859
638 523
303 128
119 984
860 540
115 79
718 845
99 866
629 796
286 6
592 871
708 158
147 47
321 231
774 96
67 82
634 587
423 402
544 534
917 827
712 925
457 768
887 258
978 885
808 98
512 504
51 187
890 739
346 804
123 839
692 908
686 628
284 718
912 558
753 28
565 645
517 944
192 581
988 861
793 645
456 115
457 268
136 286
364 498
845 835
225 557
508 48
195 292
729 314
650 454
924 505
365 704
39 749
278 402
682 197
588 727
523 823
337 483
393 168
395 659
64 692
313 260
94 586
355 70
962 585
254 262
93 40
200 87
438 148
386 805
869 182
732 908
54 316
178 437
953 761
958 670
887 701
18 205
939 110
272 753
42 677
481 899
206 11
292 222
199 830
401 885
759 277
339 777
653 388
504 725
615 830
541 482
701 247
651 71
573 392
342 247
627 754
800 222
641 648
864 129
39 953
281 863
958 479
42 811
104 656
455 511
796 29
558 93
694 505
513 750
894 669
872 385
621 476
455 456
614 617
583 965
420 433
833 473
686 369
665 946
149 160
314 557
217 953
376 97
687 45
221 446
866 329
12 456
844 102
775 300
890 13
282 157
149 992
560 878
616 398
534 239
516 902
845 373
37 343
574 579
948 380
14 880
375 963
405 370
474 826
176 185
97 210
696 718
556 372
516 374
919 68
796 340
65 964
137 641
303 512
271 308
421 479
100 180
744 504
825 592
850 512
435 586
221 308
877 221
531 442
744 438
63 353
782 984
846 406
421 906
750 830
19 547
331 883
413 778
415 334
6 347
543 0
915 156
155 524
317 165
13 934
491 522
227 65
72 869
620 675
744 941
313 340
890 80
32 44
62 922
910 993
888 289
428 117
681 125
26 141
639 211
286 915
721 769
342 733
544 121
971 724
468 800
875 460
580 771
983 493
998 438
24 782
95 964
509 466
130 14
582 994
661 304
409 48
774 512
747 352
642 553
28 101
118 803
729 968
846 75
104 935
143 954
166 860
341 364
725 724
12 166
817 277
301 682
827 57
662 882
807 812
477 496
711 34
79 831
677 230
646 692
537 674
646 39
540 313
713 359
337 993
179 551
817 775
973 797
879 773
464 864
165 219
525 617
566 672
182 690
403 106
351 655
489 9
711 668
869 960
360 281
576 328
906 240
840 887
629 148
876 646
409 624
842 230
490 849
45 399
818 680
319 632
212 857
136 397
686 811
755 594
171 98
461 577
2 710
427 80
506 640
54 610
764 662
206 899
171 889
848 568
255 158
359 11
360 621
939 941
558 191
912 617
428 560
805 400
342 109
97 450
690 591
507 182
285 445
70 727
17 979
564 846
664 668
491 291
953 965
497 157
48 161
934 192
306 794
230 705
364 333
664 96
792 712
475 385
138 872
427 663
818 320
555 948
899 941
992 545
987 353
737 647
881 853
530 968
422 854
411 732
493 106
496 561
924 1
756 561
67 640
804 569
527 558
560 511
501 685
431 312
511 265
12 745
712 696
386 352
886 595
778 411
600 142
475 216
1 103
999 177
352 532
396 487
390 324
665 538
926 398
257 5
450 892
787 125
502 596
716 89
145 438
631 926
284 255
599 88
554 762
243 130
35 650
380 252
305 947
572 168
529 285
765 2
892 407
257 777
776 623
822 436
836 300
75 137
164 650
813 883
305 874
260 91
257 432
270 529
201 234
133 902
159 832
248 292
443 43
10 506
703 407
733 181
418 705
506 230
229 421
42 722
473 64
148 477
392 200
186 395
276 351
117 421
753 388
107 522
953 409
342 151
127 688
557 221
919 215
688 842
169 776
182 986
966 329
576 13
667 781
782 468
552 260
456 929
217 393
856 44
134 590
106 707
594 486
916 905
910 98
896 368
588 698
814 990
538 640
591 843
330 2
999 715
968 185
760 717
560 817
707 185
939 233
841 637
686 694
862 746
492 931
396 920
961 520
803 512
444 363
241 580
591 521
59 216
105 765
639 283
118 243
288 284
535 590
68 0
387 138
93 487
251 955
314 604
404 276
340 194
71 794
