600 1074 600 1010 6
55 363
301 554
20 319
191 282
172 248
109 483
74 142
135 342
203 435
124 425
113 492
201 546
144 379
147 252
412 478
451 583
183 395
159 227
372 561
486 578
214 357
303 463
46 437
461 546
117 346
273 349
16 366
374 482
196 574
414 553
307 473
37 115
428 459
513 594
67 500
214 439
386 395
3 241
291 407
201 512
26 323
481 590
291 467
214 585
8 521
137 469
92 592
173 231
33 374
19 485
262 551
63 589
446 568
88 213
96 391
230 564
118 559
266 324
299 518
106 499
16 492
172 212
525 566
290 513
211 459
398 444
552 592
269 411
116 400
65 330
80 134
418 525
94 286
30 433
262 414
149 390
462 481
37 486
199 350
165 244
279 574
126 541
216 548
80 249
86 154
324 552
27 143
362 396
73 154
183 500
337 523
25 193
44 56
422 584
166 169
23 505
155 457
94 289
316 470
283 363
367 403
79 82
36 83
227 472
149 194
454 582
22 262
334 487
110 305
332 530
348 375
497 548
119 380
297 552
7 213
37 429
69 156
17 322
276 479
91 584
151 344
339 432
364 396
37 286
77 445
3 503
434 511
194 390
317 511
255 544
55 179
250 495
349 530
321 367
10 243
10 572
496 541
12 468
238 417
228 351
100 399
117 402
114 489
47 70
106 460
281 396
31 429
374 428
312 371
279 282
273 576
182 508
50 477
122 203
16 190
324 545
85 212
225 269
123 199
422 473
495 560
198 320
178 388
221 341
260 570
231 351
185 209
377 497
112 559
241 534
485 488
15 294
106 539
120 312
17 373
185 192
261 536
124 328
53 519
352 441
168 415
41 514
400 536
402 472
327 428
236 512
94 195
539 542
206 223
287 527
57 191
267 295
20 56
114 240
451 480
9 431
320 582
277 574
338 518
32 572
444 516
294 536
203 267
21 400
59 199
110 117
15 228
89 221
207 296
133 173
154 507
84 167
0 511
241 559
378 423
165 227
219 319
102 156
262 553
372 390
143 252
228 264
247 465
417 587
427 544
236 414
9 240
174 542
113 572
31 106
379 502
194 244
437 534
168 348
289 436
435 470
378 408
178 272
18 234
296 428
126 411
332 576
339 345
19 501
264 351
204 280
296 386
193 561
153 486
207 508
359 527
17 463
356 419
56 561
142 428
253 416
134 516
40 542
95 476
115 472
290 543
190 366
11 127
218 590
382 521
154 200
413 455
270 326
71 526
346 596
30 545
65 197
85 248
168 208
152 510
132 408
198 454
46 247
420 570
32 366
243 595
229 258
394 480
125 310
61 210
136 554
86 294
237 430
459 540
351 496
229 400
42 401
492 528
169 223
144 594
128 207
241 410
356 412
248 399
43 337
54 140
56 586
271 500
403 548
184 506
107 217
47 186
403 497
35 171
23 514
52 322
139 234
129 540
196 240
373 460
244 498
285 310
115 153
18 84
36 324
39 445
76 402
493 533
398 516
237 406
371 553
179 406
131 521
166 219
312 546
213 516
126 496
64 306
190 581
274 444
51 403
265 344
271 597
208 348
185 479
81 151
31 517
273 303
44 193
55 432
142 181
248 341
503 564
277 298
94 360
176 268
384 536
137 209
346 580
383 588
569 583
224 352
142 459
31 288
168 356
81 265
70 233
250 454
59 512
322 381
333 421
421 530
329 481
469 524
71 97
284 409
181 540
228 521
11 577
228 384
10 595
49 502
311 347
104 349
209 276
138 183
438 481
62 476
201 461
63 550
251 515
6 480
38 124
149 372
240 560
496 532
148 381
87 204
405 558
69 595
150 518
140 426
199 455
125 305
183 385
343 585
89 490
61 255
33 596
8 314
123 405
357 585
72 483
283 345
272 484
111 542
253 491
103 548
27 101
28 463
121 198
69 392
91 418
127 193
413 555
27 233
26 430
4 18
218 268
238 587
418 421
174 539
96 449
254 488
24 534
369 463
224 541
343 570
201 562
44 577
311 445
90 113
29 50
286 517
24 493
429 486
358 380
60 281
171 272
304 523
95 358
240 549
15 200
130 595
203 245
98 214
75 504
163 443
137 276
453 495
88 205
403 447
152 296
290 317
300 476
563 582
3 247
152 428
93 457
235 487
122 245
200 294
101 291
412 582
115 486
329 590
230 361
345 363
489 495
336 488
132 378
62 313
273 332
157 367
166 319
282 520
83 251
224 411
207 428
66 123
177 473
526 599
99 423
41 313
152 310
151 383
98 330
85 172
84 365
225 593
89 100
202 449
41 72
271 280
97 404
73 420
9 171
485 501
50 250
62 528
238 388
216 497
187 386
26 406
431 519
437 465
354 569
426 527
1 462
381 590
99 596
26 514
110 370
195 522
182 207
14 532
155 217
405 455
135 439
115 165
80 398
225 438
154 314
340 578
122 413
76 163
570 585
147 154
172 453
347 503
96 136
13 267
188 435
512 591
108 485
66 306
480 503
101 407
180 208
45 535
180 419
28 460
449 592
159 557
80 516
549 560
216 464
202 359
415 509
273 530
221 544
49 274
259 518
416 512
32 69
156 392
263 593
246 577
232 480
39 354
19 557
146 149
199 325
58 542
396 424
297 592
220 247
145 492
269 387
257 566
99 580
102 318
293 470
138 568
250 399
427 490
109 182
112 118
362 550
219 447
23 26
106 593
33 125
379 529
225 226
6 311
140 515
151 170
220 465
208 419
456 570
50 399
75 592
95 119
144 513
125 285
41 505
73 585
193 372
424 589
285 395
24 167
162 498
211 482
189 271
1 224
404 573
41 476
114 495
76 423
51 219
147 314
13 295
188 442
72 313
528 589
25 498
93 307
3 347
183 446
209 504
271 488
117 580
217 458
302 426
23 376
76 378
453 489
9 35
396 446
535 585
112 436
5 28
42 588
391 504
366 581
330 535
293 584
98 585
184 460
224 225
219 538
334 469
109 313
39 569
266 575
76 117
91 257
45 585
178 181
255 490
222 529
167 533
14 133
82 378
337 394
275 413
482 596
88 157
195 360
26 182
41 62
57 61
467 496
300 565
198 417
299 571
275 555
153 340
205 516
258 397
43 523
292 377
311 583
71 599
394 564
129 211
119 318
137 524
359 575
534 542
264 338
413 558
121 417
110 159
213 440
105 573
118 375
362 589
316 555
106 184
25 557
250 477
75 256
393 406
321 577
103 448
4 234
352 481
350 591
0 464
225 471
162 557
179 237
60 396
377 447
189 485
360 368
268 590
169 206
38 425
328 455
356 478
90 379
79 522
150 571
280 567
11 567
76 443
88 448
244 390
281 424
560 587
259 299
62 145
18 533
188 267
266 527
62 424
101 143
222 513
256 433
11 87
293 418
335 493
309 325
218 401
305 346
283 432
146 372
263 269
258 571
36 433
9 519
164 326
75 391
323 514
263 499
165 472
299 561
141 373
434 464
130 156
320 478
75 209
56 299
247 347
534 559
232 331
286 429
372 498
121 495
42 553
61 341
43 160
382 468
147 547
377 426
93 139
288 429
32 595
262 452
97 105
280 500
17 551
420 585
307 457
35 431
140 377
174 517
20 166
101 573
328 333
129 388
12 382
234 257
180 375
320 356
32 318
255 427
40 94
211 540
147 474
173 340
423 482
73 186
310 395
161 453
17 537
5 533
288 499
193 246
44 319
222 243
316 435
317 434
517 539
8 154
256 579
229 397
19 305
216 511
257 576
248 453
449 552
326 456
270 599
134 543
379 594
128 363
192 479
157 205
550 589
243 572
116 264
62 281
89 427
68 89
130 392
126 387
260 556
183 485
69 102
25 372
35 484
78 325
28 576
42 148
103 367
428 598
345 484
230 409
65 504
249 502
131 382
104 421
163 472
312 461
108 557
369 537
263 288
52 381
159 402
183 308
187 395
294 439
114 196
88 440
171 240
226 460
170 383
191 210
507 547
136 342
232 451
438 441
333 413
351 532
543 594
394 503
338 355
549 587
68 494
161 489
407 474
316 418
18 354
243 529
63 492
70 164
196 277
420 456
122 555
268 481
518 571
37 522
239 330
190 318
417 560
55 283
343 487
2 571
362 500
19 110
36 256
90 243
397 571
214 239
160 361
7 434
146 299
94 517
266 466
158 501
292 497
99 482
352 462
302 447
67 444
94 542
39 77
211 408
34 480
64 309
220 365
376 505
153 353
434 448
12 351
138 187
2 397
14 126
215 444
133 340
73 86
9 277
483 531
168 509
296 508
126 578
138 395
330 504
34 331
242 569
410 559
304 490
89 248
85 210
454 477
120 344
450 567
90 492
303 349
34 232
173 355
37 163
152 395
47 164
129 475
356 475
169 302
119 190
204 488
136 202
48 345
33 482
144 222
159 370
151 312
69 318
302 377
261 400
101 252
18 365
173 532
219 577
17 349
383 401
293 316
270 404
0 216
364 589
352 438
233 326
447 497
127 246
136 301
67 280
490 494
96 278
506 542
106 226
116 536
305 596
104 425
421 425
166 538
41 483
230 410
325 350
29 250
42 383
213 317
80 502
194 340
24 437
477 563
143 233
107 583
141 225
418 584
240 277
337 361
91 566
177 307
103 434
282 574
182 531
98 535
373 537
525 576
152 386
288 486
492 589
110 346
457 569
185 579
252 547
63 379
126 269
396 500
218 315
362 364
96 202
259 355
220 437
10 175
370 557
237 432
308 500
452 551
186 456
25 162
40 289
294 342
95 380
2 400
382 496
210 341
49 550
146 561
108 488
68 100
155 295
142 178
95 300
22 148
47 154
280 597
209 389
108 254
324 433
2 150
3 410
296 313
26 531
8 15
334 535
443 472
109 296
205 215
288 578
6 503
348 415
86 214
249 379
552 575
128 327
57 255
169 269 55 97 95 344 76 240 271 127 226 188 596 219 387 365 493 504 540 318 268 239 141 186 280 67 112 579 171 534 349 16 127 312 534 275 45 594 528 565 67 172 188 153 62 279 484 72 238 165 282 312 50 191 92 297 221 477 375 474 428 398 22 277 323 45 294 271 442 44 233 32 583 595 476 243 203 32 191 302 260 519 404 184 21 459 405 278 463 531 455 61 395 355 135 417 389 414 540 481 285 575 376 567 209 554 220 406 532 567 371 136 599 320 505 115 489 77 402 385 492 275 522 483 502 252 345 445 492 335 289 287 330 301 298 584 511 217 490 168 410 517 464 309 392 374 465 594 226 176 33 182 187 555 526 481 328 348 116 417 44 138 474 144 516 592 171 6 461 397 511 22 391 483 404 413 592 320 446 194 159 52 126 545 598 399 265 353 465 422 37 102 256 255 221 507 174 528 206 15 171 572 385 375 535 240 190 148 230 226 182 597 368 349 10 489 549 267 236 551 224 137 423 589 18 80 196 237 25 365 81 192 503 414 112 166 336 63 286 197 503 10 259 152 594 399 474 501 42 8 500 316 21 401 490 386 72 143 199 79 398 414 440 104 355 133 45 329 117 309 318 249 425 514 384 413 282 239 279 571 482 153 51 187 161 340 422 425 577 507 423 501 276 72 461 518 61 561 562 553 566 142 176 215 590 111 139 187 144 131 45 397 192 90 508 7 78 92 500 157 127 226 342 162 157 564 324 426 161 75 209 158 259 46 270 549 588 49 547 369 151 136 48 393 192 133 264 245 31 216 399 245 144 258 237 596 202 148 134 230 551 379 36 335 127 208 270 274 11 50 183 419 401 482 216 332 297 520 104 339 447 300 518 75 152 515 575 82 88 309 161 315 166 316 409 19 32 593 280 453 260 521 67 265 540 590 381 570 450 413 40 22 337 178 93 221 404 272 432 208 537 61 28 160 371 137 384 144 434 232 225 166 105 26 141 69 531 546 288 324 417 501 458 318 536 478 358 584 24 235 118 254 284 309 202 183 169 511 595 229 62 348 398 111 251 326 461 477 521 448 573 577 522 550 176 298 422 193 458 253 518 555 109 513 458 572 253 446 457 219 312 490 32 367 405 216 254 24 517 46 540 280 266 464 155 206 60 475 485 536 225 446 383 572 373 183 550 201 157 98 306 241 307 362 88 123 161 570 138 549 379 196 453 213 264 466 354 316 76 68 296 123 502 401 270 504 36 166 191 279 231 508 517 277 433 398 474 371 250 447 508 9 449 105 457 72 504 592 385 258 429 247 467 87 449 201 339 229 523 377 170 450 37 113 286 236 117 260 561 447 73 417 110 592 33 444 528 57 184 73
567 977
268 509
342 767
615 163
429 173
383 216
600 86
652 952
235 652
972 285
892 974
540 828
260 612
377 18
337 574
227 685
864 862
293 288
464 172
654 643
422 805
287 775
164 291
971 700
534 223
567 670
964 611
90 501
384 256
790 172
153 938
448 404
910 952
747 490
682 51
928 359
224 988
513 440
188 202
501 116
576 294
900 715
160 335
731 111
488 792
33 747
588 179
76 638
964 379
762 832
792 142
480 888
222 290
985 238
487 996
950 475
481 749
908 6
555 275
109 131
794 701
919 40
848 748
792 809
19 24
71 865
91 46
680 791
787 68
963 948
101 588
42 428
875 686
118 682
880 407
114 927
619 518
523 139
57 86
594 438
719 882
45 387
612 475
274 975
490 217
919 107
131 708
579 791
627 890
822 83
813 888
364 146
153 872
394 102
566 365
942 822
202 844
75 408
84 764
691 507
811 121
157 481
989 893
535 927
219 225
102 432
426 364
542 18
609 676
869 645
629 585
471 314
609 279
846 896
895 214
519 522
339 721
640 555
652 248
970 856
29 291
842 220
187 9
92 13
161 185
741 542
360 538
537 768
886 450
751 387
980 1000
217 551
695 431
391 550
710 950
212 750
208 786
42 872
786 651
437 124
417 973
340 369
845 415
136 507
780 945
858 824
460 668
169 567
224 319
438 628
395 732
51 326
778 572
472 512
155 629
456 29
989 962
566 862
681 628
585 565
744 152
957 158
561 635
545 489
60 610
510 580
430 845
461 223
709 382
376 857
96 330
907 294
923 146
395 578
532 329
857 946
235 476
420 64
859 361
938 513
728 277
821 396
914 574
723 674
418 328
106 972
59 662
814 641
326 37
669 715
909 825
966 17
68 988
507 727
479 596
547 437
935 204
80 823
800 243
110 101
183 664
61 240
247 819
261 1
603 769
651 854
340 859
883 534
681 301
83 930
947 63
742 420
956 113
679 942
104 736
611 826
532 991
499 24
175 385
451 878
524 196
857 41
791 986
372 890
307 481
359 408
387 367
544 573
283 673
331 812
649 162
333 642
630 23
76 557
398 188
11 832
138 144
982 520
858 314
117 767
924 232
613 214
467 61
836 972
530 612
227 7
516 797
580 151
875 81
730 920
793 202
338 980
161 530
23 191
579 704
843 7
145 984
353 193
385 814
427 682
4 604
275 735
144 225
419 475
348 672
3 392
319 930
336 10
208 443
370 469
32 505
667 743
892 347
276 240
724 818
231 92
20 907
954 246
142 821
980 133
645 770
823 706
987 97
979 442
718 244
703 604
555 393
291 810
448 433
585 328
733 996
225 520
461 971
296 97
217 719
416 0
836 569
232 908
982 205
455 728
977 757
172 746
403 893
320 239
708 67
690 563
55 10
363 102
725 719
9 96
741 575
552 76
74 293
839 659
192 591
171 448
266 117
653 990
943 885
461 817
805 300
480 860
294 330
946 641
254 947
29 133
36 560
879 487
165 121
246 391
112 827
718 36
280 183
239 143
43 795
413 285
535 724
702 117
380 685
978 407
449 579
889 50
239 780
7 732
24 335
951 421
675 535
561 104
657 331
248 251
59 139
280 641
275 442
479 542
471 126
380 657
771 337
98 708
991 798
292 854
609 402
707 167
747 764
937 447
785 747
500 161
903 909
516 846
599 361
362 306
632 620
119 298
503 671
333 335
743 455
684 249
929 718
422 932
637 447
772 890
999 841
237 355
278 590
76 355
308 698
714 640
809 596
396 495
817 352
51 925
487 630
122 854
946 981
967 570
673 83
782 617
754 728
361 794
715 849
831 147
304 744
127 392
602 541
521 893
67 470
138 35
938 543
185 501
667 442
693 212
647 210
336 500
744 311
191 89
125 195
655 381
58 194
844 262
303 134
715 309
39 688
234 192
320 68
664 483
814 746
209 158
392 929
802 18
813 489
476 409
990 590
1000 367
990 483
183 946
619 954
257 44
634 347
558 208
299 406
169 715
653 919
321 449
295 14
586 518
679 836
530 105
759 685
463 919
591 886
188 878
646 805
578 37
185 256
874 131
775 230
139 90
26 646
442 96
496 55
780 427
392 339
86 259
267 471
351 269
576 947
548 180
361 946
272 548
294 614
50 832
284 67
290 369
561 539
400 44
190 538
750 359
898 779
756 178
778 308
37 952
601 53
223 408
717 472
905 674
903 378
650 684
470 479
14 788
622 709
878 189
765 23
10 243
820 849
459 255
773 111
843 189
319 598
484 938
528 647
415 406
719 754
693 672
771 861
629 75
104 894
942 743
497 283
129 588
860 613
686 399
771 531
602 980
85 215
764 977
965 669
387 981
683 868
522 369
424 710
996 325
1000 42
218 623
573 468
737 78
13 877
313 174
17 441
333 890
839 797
811 945
252 217
926 616
357 615
433 236
568 240
79 795
278 704
329 299
404 857
498 352
784 394
315 533
535 297
694 983
830 50
216 943
53 272
133 544
514 956
905 263
763 801
222 262
247 879
136 253
172 779
217 64
0 571
600 628
155 7
623 244
870 250
483 707
34 222
761 255
641 116
997 730
340 163
615 797
810 674
476 97
8 681
376 767
873 915
146 431
999 179
293 886
315 207
494 827
422 512
178 997
649 517
901 865
791 270
525 49
331 118
64 715
443 756
875 283
124 341
781 779
202 371
81 158
165 898
402 442
748 954
921 1000
707 535
629 740
783 486
9 489
