600 1157 600 693 15
93 130
266 453
46 442
268 564
103 225
13 309
27 533
238 485
174 426
118 232
37 38
30 52
100 463
18 231
105 208
466 588
548 553
365 596
487 576
42 107
97 397
25 114
84 269
207 212
220 416
398 422
428 599
23 570
436 590
1 166
123 303
147 480
358 505
115 484
441 511
86 272
6 242
282 556
15 366
335 566
190 222
243 529
0 60
171 489
51 570
250 464
88 572
165 213
266 339
130 476
264 277
380 579
198 397
49 86
492 595
28 427
159 574
498 595
181 342
97 132
281 483
189 284
516 564
21 421
445 446
83 215
282 469
100 533
70 370
149 374
415 516
272 468
144 472
437 505
59 166
161 406
110 146
313 357
200 595
4 440
186 576
396 496
262 554
284 597
417 507
46 124
32 387
426 488
3 503
298 471
95 273
39 167
78 379
134 297
255 340
370 525
413 561
308 334
321 556
74 353
169 251
0 183
113 236
205 361
176 441
239 457
44 384
31 350
366 564
93 456
152 345
353 362
34 468
28 109
326 361
68 333
115 123
260 549
36 342
389 574
501 503
168 302
162 438
413 520
47 90
381 535
246 308
428 450
58 502
96 585
65 379
253 314
134 282
116 558
322 535
241 290
255 516
79 490
108 373
252 524
412 501
75 366
444 523
335 548
184 237
348 445
82 427
225 478
246 334
129 379
64 141
381 495
191 379
57 367
136 366
406 530
5 106
303 484
37 113
108 274
118 330
343 367
410 592
139 545
52 341
470 546
371 582
332 447
65 519
485 507
163 485
115 246
79 581
48 185
2 104
180 260
204 337
135 549
364 465
196 355
163 317
284 572
59 121
68 559
86 223
313 315
239 266
182 471
230 421
121 588
73 536
24 581
281 544
12 27
3 387
346 426
367 562
255 268
443 471
18 452
135 547
97 198
26 288
184 508
195 378
383 417
79 309
198 227
144 226
289 335
117 356
387 568
402 558
66 142
353 370
138 311
361 448
135 260
223 434
322 484
4 52
203 574
324 458
324 431
183 292
132 273
325 417
203 312
301 490
253 318
370 568
189 390
45 243
163 552
174 475
34 125
176 511
50 213
322 495
14 400
89 431
199 259
48 411
231 570
14 444
151 284
41 161
62 201
177 380
7 32
307 371
197 470
173 506
343 410
267 529
390 597
198 328
295 491
329 578
36 261
105 179
19 516
19 47
473 486
275 491
77 345
158 249
266 457
34 575
206 287
200 492
250 538
364 368
74 370
10 333
245 375
19 579
572 597
496 559
195 556
162 544
63 422
53 213
208 567
78 519
154 339
79 439
118 508
57 349
55 136
244 406
170 281
304 311
476 506
346 488
123 195
200 270
72 522
80 193
112 579
107 297
300 353
534 554
262 338
188 292
23 337
193 473
186 326
333 380
226 553
310 371
356 389
446 513
44 539
260 278
46 428
20 455
242 560
300 540
138 246
312 446
383 427
7 140
178 576
156 510
453 565
442 450
228 319
201 515
157 421
104 534
392 488
136 268
57 156
9 295
167 597
278 549
127 566
9 265
6 345
61 470
266 373
309 477
150 360
127 335
84 427
3 181
99 534
137 411
184 451
459 556
256 448
584 598
201 218
502 559
245 399
254 259
55 353
109 317
88 208
233 518
467 589
456 518
416 465
252 436
529 593
25 64
259 569
161 530
102 373
89 169
48 244
325 493
212 358
42 150
467 548
278 464
241 461
114 466
67 335
31 310
9 31
405 421
155 555
69 598
312 489
369 470
8 220
261 347
4 30
5 375
97 328
418 528
225 290
5 134
365 496
420 556
26 32
224 334
350 587
254 569
169 187
120 551
425 559
6 560
49 128
173 347
130 288
286 297
338 344
61 197
196 449
82 498
162 241
183 273
255 372
58 416
497 564
108 453
389 553
393 446
393 513
361 429
40 219
394 552
368 474
39 544
11 99
97 550
46 450
155 488
162 352
226 335
14 539
99 237
22 551
46 596
436 573
36 532
3 26
61 489
481 519
85 280
131 149
473 476
311 436
31 587
198 234
68 380
307 569
276 568
242 298
291 349
26 504
240 387
512 526
69 148
173 499
22 409
214 422
542 571
122 471
445 557
86 125
503 525
161 508
283 317
139 430
427 577
315 541
334 535
336 583
237 594
160 459
95 418
158 574
14 424
309 439
8 12
128 275
276 372
98 494
122 178
129 511
359 579
5 42
0 170
88 151
140 207
18 337
59 189
28 317
261 532
73 556
92 524
21 296
248 389
228 538
33 181
19 90
420 571
4 83
342 532
111 383
318 377
247 269
509 537
64 286
306 514
120 460
42 134
258 580
152 467
338 554
306 586
279 440
21 157
60 292
144 389
543 548
451 508
77 404
110 309
92 464
305 504
103 511
156 478
285 541
13 439
217 394
316 320
38 480
177 274
3 194
133 327
211 462
201 355
143 433
145 261
54 396
96 372
25 435
347 499
124 419
134 469
549 573
56 270
207 392
220 427
313 527
472 535
5 469
276 387
172 247
71 381
60 183
297 321
44 78
25 141
170 483
299 570
6 72
471 560
341 424
148 598
322 536
161 211
108 565
188 241
144 356
183 258
232 508
76 512
391 445
202 462
65 78
158 389
316 383
166 214
341 458
312 574
55 372
138 557
54 425
77 369
126 313
144 224
32 432
268 340
59 214
147 296
359 561
268 366
158 159
146 217
339 453
102 346
115 138
188 580
151 327
241 291
233 314
239 494
367 510
102 555
128 313
393 489
12 512
89 319
55 268
174 488
212 307
145 499
404 470
170 208
201 542
303 536
57 510
81 347
346 359
414 544
304 590
127 287
0 179
221 531
179 528
207 569
401 492
155 403
0 483
448 552
118 517
77 546
390 410
93 476
23 151
343 400
135 171
294 577
38 157
388 486
139 535
186 351
26 387
151 331
73 195
178 182
223 527
221 351
334 356
72 85
64 435
490 581
257 517
181 194
156 291
133 447
245 360
459 536
106 215
156 441
20 529
249 537
368 512
91 201
43 206
481 578
249 482
244 494
205 552
24 433
70 540
269 492
459 495
173 407
209 474
248 249
174 413
71 495
416 577
156 511
108 177
274 593
187 251
12 474
58 267
34 86
94 149
293 315
186 558
140 259
6 152
428 502
387 503
7 413
35 524
229 365
116 287
285 385
40 488
150 245
207 475
426 561
172 269
349 461
72 560
111 269
80 93
124 323
223 293
537 543
54 75
319 538
63 245
101 154
337 452
84 383
365 460
464 538
17 33
413 479
5 150
282 321
467 543
52 440
277 517
123 138
235 588
294 419
216 505
429 507
56 262
197 404
363 584
91 218
81 506
43 116
153 344
49 272
239 339
38 145
388 473
287 430
219 505
13 545
254 454
16 447
22 355
489 509
55 196
90 408
120 433
382 590
294 442
8 498
395 430
289 566
336 347
73 500
162 414
241 438
238 383
391 573
162 461
342 423
89 251
148 388
351 563
384 523
50 244
64 107
265 295
294 416
231 342
289 521
2 594
88 284
118 211
161 165
253 586
193 486
66 283
43 217
329 539
374 505
34 80
192 505
364 526
76 526
384 441
263 591
412 503
57 461
19 408
57 414
25 332
73 459
47 516
27 164
130 583
20 274
300 332
433 460
60 483
45 58
489 574
292 580
326 531
199 254
409 433
238 427
489 513
11 237
54 497
441 510
191 519
10 68
187 458
335 589
142 323
78 384
179 418
314 587
204 327
110 217
130 454
226 430
455 559
98 131
88 170
42 360
32 240
20 68
117 574
452 570
247 316
51 147
277 330
209 465
175 518
149 192
320 351
41 50
163 283
273 550
71 160
159 509
451 594
492 498
44 481
68 177
354 524
63 398
142 596
310 437
27 463
363 598
329 424
29 215
299 421
473 506
270 463
352 544
256 507
128 357
61 537
173 388
176 379
220 577
285 357
43 477
47 96
12 533
351 386
26 199
81 130
248 543
265 310
17 194
52 319
91 542
125 223
279 424
304 382
221 493
303 322
112 373
101 339
119 386
90 520
251 431
195 500
164 534
344 594
281 572
298 560
45 161
438 483
384 562
265 437
351 493
143 301
468 518
68 425
160 210
116 521
331 567
1 14
74 372
86 527
222 458
43 361
16 327
230 418
63 588
159 489
471 563
138 348
87 244
136 551
71 459
217 477
208 331
52 169
222 341
199 305
328 550
197 537
254 456
403 555
174 207
11 164
122 182
222 324
173 236
102 457
252 573
99 104
241 580
70 353
288 583
333 415
100 595
350 586
202 211
276 585
11 12
465 474
70 525
415 564
185 202
378 469
179 208
33 583
301 596
460 496
35 215
46 419
58 465
415 579
596 599
2 344
193 476
355 449
243 530
75 564
23 299
464 524
105 421
91 321
48 50
250 260
152 197
1 279
56 164
352 438
376 530
23 405
175 314
9 350
312 445
256 485
293 434
296 299
317 485
295 586
94 239
141 360
240 276
140 475
209 220
0 208
24 409
125 193
219 403
420 542
45 267
291 461
64 449
258 273
67 548
137 185
293 541
400 444
143 490
157 230
521 576
191 302
226 395
80 476
228 271
106 382
278 524
2 554
11 184
100 498
240 585
49 313
167 592
101 244
160 420
124 317
377 468
223 598
206 591
2 338
50 185
247 320
20 267
190 578
433 581
212 392
325 507
296 421
181 423
1 410
104 237
307 587
309 490
192 374
333 579
166 390
199 454
122 443
68 455
128 377
69 388
479 585
61 509
116 402
450 502
229 496
32 140
112 380
352 483
109 294
359 408
169 341
43 205
31 371
362 435
395 472
214 440
275 357
51 296
308 484
95 397
272 377
227 328
224 356
90 585
308 535
200 463
63 399
212 219
58 450
123 311
232 517
16 121
108 376
324 519
333 497
185 213
205 217
340 372
262 534
401 498
223 486
37 407
525 568
81 476
280 522
87 530
353 372
94 457
269 383
148 584
59 398
314 518
148 407
495 536
15 75
62 581
75 460
168 191
206 309
51 299
421 528
225 291
230 397
156 225
40 212
102 266
78 176
195 469
142 283
167 544
98 149
92 354
16 151
65 191
234 363
343 444
13 591
369 404
66 552
114 447
219 358
375 399
107 134
139 381
496 599
80 575
153 264
70 300
211 213
444 562
343 592
358 582
145 532
126 315
184 512
93 575
443 589
119 487
127 430
367 592
329 341
542 556
29 83
165 211
323 596
107 141
194 288
132 397
19 415
158 482
209 510 403 119 176 343 550 295 261 300 245 31 572 506 589 139 295 522 194 572 253 290 155 250 511 512 163 582 213 592 45 466 556 539 538 317 420 397 438 405 8 298 170 231 265 12 53 223 222 555 202 568 7 299 505 243 473 119 52 19 171 180 432 228 261 59 240 102 373 313 303 143 364 361 455 441 265 395 314 102 490 151 409 477 383 260 556 97 421 552 354 119 438 81 284 98 191 365 237 80 371 337 500 175 411 582 355 430 323 332 71 93 268 234 55 402 518 22 435 100 313 164 64 420 388 164 298 60 150 421 65 368 507 365 168 33 433 45 288 463 319 93 54 207 526 32 552 315 503 562 136 264 88 269 16 209 542 527 517 433 112 330 117 148 309 78 220 238 553 40 17 413 311 468 448 465 240 537 138 152 418 339 458 325 595 310 574 579 70 55 261 334 219 266 42 121 395 162 451 490 119 508 507 543 203 336 231 476 336 494 417 32 123 327 311 422 476 310 426 467 455 506 392 134 367 347 496 468 293 40 200 318 114 457 475 363 439 370 27 77 533 502 34 542 345 1 390 597 157 77 439 226 219 87 526 183 558 471 546 404 495 230 154 440 381 80 301 158 55 80 54 129 139 512 441 428 352 529 84 12 262 411 168 584 431 442 25 409 78 526 177 378 385 69 552 413 518 558 45 8 56 315 443 116 320 554 222 310 42 345 548 289 477 438 399 145 211 330 307 524 119 356 547 20 411 438 530 62 448 255 269 575 457 503 535 32 254 216 514 316 351 80 130 501 456 237 408 294 139 322 274 69 190 240 344 282 106 534 117 443 497 325 149 357 514 297 265 227 469 232 472 474 471 81 121 456 473 95 541 357 527 81 295 112 554 213 559 251 6 270 300 404 228 331 347 497 243 120 454 307 506 81 94 570 28 458 5 345 216 43 41 78 85 146 31 371 422 304 341 397 32 132 120 209 122 475 474 357 243 366 395 557 562 128 459 344 445 280 187 462 540 478 288 63 453 408 253 218 561 437 459 185 77 482 552 414 417 107 419 146 550 2 369 28 92 11 307 395 537 427 378 313 582 514 531 215 43 495 401 93 393 389 482 178 571 513 502 19 92 539 488 555 21 285 177 84 272 49 156 278 148 372 513 163 349 43 504 298 52 401 332 134 295 347 576 377 169 111 178 303 589 226 468 136 526 445 141 220 41 303 257 68 520 323 5 315 370 495 341 459 577 11 165 186 445 450 568 369 38 305 335 409 151 62 4 283 471 220 431 228 233 379 90 378 374 388 598 243 503 85 588 280 54 556 136 359 336 520 193 432 130 220 534 88 168 101 199 544 104 107 91 323 486 362 112 575 79 507 549 496
607 128
802 249
89 973
371 337
845 355
709 450
853 934
256 384
313 891
41 272
333 613
199 893
245 867
676 718
852 247
399 565
653 276
301 270
472 307
278 505
269 689
454 145
510 576
540 254
507 619
597 383
295 340
234 906
429 853
835 391
869 375
47 308
296 379
319 232
153 164
839 466
371 181
354 46
428 80
709 189
113 431
105 743
666 439
607 834
919 176
231 748
389 746
326 481
60 675
111 93
81 698
452 216
877 314
30 737
364 616
489 447
181 979
789 102
301 759
746 273
642 79
973 818
543 609
740 338
564 445
993 118
516 773
812 829
304 651
219 41
493 355
665 645
895 974
683 565
440 415
406 605
182 803
899 895
951 156
582 668
208 158
282 170
351 900
782 399
380 918
931 962
153 116
146 680
630 208
998 377
270 476
618 554
892 431
210 197
58 540
567 31
379 458
488 38
44 568
160 927
301 940
93 620
121 531
903 9
128 929
549 167
765 444
613 453
218 605
414 819
587 725
436 963
212 551
381 74
639 351
772 591
694 844
859 708
55 834
686 980
453 599
703 301
780 929
748 551
435 778
177 141
68 44
746 781
72 126
965 66
250 203
6 594
523 16
578 312
655 467
969 559
468 526
18 679
820 591
723 722
216 362
633 421
501 745
531 675
804 731
387 126
533 734
428 184
265 41
5 537
718 411
616 252
873 850
25 964
143 646
102 465
838 61
466 117
897 754
947 737
635 652
141 771
728 88
506 835
202 935
97 776
770 249
747 176
954 31
925 333
631 157
987 606
455 992
303 122
184 424
135 296
922 97
264 605
732 908
572 88
986 534
352 293
742 954
621 51
157 863
16 709
659 939
957 311
705 33
703 266
984 211
996 75
57 505
211 119
322 322
722 529
504 489
922 837
436 34
217 313
267 983
569 558
12 800
894 680
534 291
567 849
653 799
162 373
602 178
296 836
661 678
64 785
104 380
64 732
800 289
812 427
5 449
596 765
586 524
81 427
337 862
593 941
965 243
173 60
799 692
842 9
779 757
403 5
953 399
431 702
500 109
424 277
96 842
118 209
354 15
669 326
336 83
155 894
454 903
89 578
344 404
742 43
834 963
201 712
104 671
729 378
796 615
502 998
881 787
912 788
972 473
981 334
879 506
76 200
183 284
396 483
512 869
61 910
621 10
176 337
956 508
350 154
144 989
682 785
19 903
17 326
133 561
266 729
429 512
392 999
210 991
994 420
123 140
563 0
249 635
27 124
382 411
31 862
921 491
847 283
973 960
677 162
671 500
489 797
684 229
31 13
565 475
712 798
282 233
763 869
757 1
793 22
649 27
138 14
378 802
0 234
476 179
607 489
805 989
506 209
531 347
492 686
932 0
738 589
793 522
243 270
36 213
100 348
780 642
636 747
29 357
822 545
927 673
83 73
108 248
99 27
483 973
461 826
45 170
923 399
576 999
646 528
723 633
466 753
992 261
526 946
626 912
616 283
450 4
923 233
7 836
567 210
563 357
308 568
810 647
777 802
337 200
495 270
35 993
135 591
444 474
930 286
390 247
807 180
67 943
901 926
153 498
318 151
899 649
803 51
78 274
608 996
686 125
495 386
855 416
528 540
837 682
21 78
54 404
200 520
695 386
582 882
526 430
307 10
265 786
450 676
437 551
824 141
236 829
959 893
462 385
55 342
402 436
175 549
1 504
751 410
196 681
74 162
768 504
962 115
249 559
716 666
810 479
415 938
883 149
10 41
647 981
393 367
254 74
831 749
737 244
917 558
148 423
985 654
554 794
755 738
401 645
468 73
749 305
769 369
819 223
376 964
666 862
71 478
932 874
537 201
134 719
300 73
241 494
486 597
761 212
30 648
430 308
235 419
744 126
336 541
336 802
492 932
536 81
404 784
620 613
502 156
783 335
370 215
895 269
346 643
183 471
378 874
366 712
549 924
727 756
995 299
305 417
472 626
171 4
571 403
850 528
22 403
704 70
633 691
828 315
867 111
362 765
798 900
841 190
884 599
955 638
600 348
542 870
543 498
337 747
119 862
458 275
166 606
213 245
301 684
174 222
89 529
960 277
664 606
431 643
776 70
23 771
242 947
925 455
296 803
651 381
829 899
107 176
720 485
973 853
757 999
762 700
236 102
266 827
214 397
249 167
622 784
872 34
263 433
427 131
969 184
936 768
644 124
755 624
479 876
214 79
700 928
144 456
984 714
564 700
4 160
337 990
571 962
37 616
690 626
382 685
339 581
339 953
355 123
716 566
391 309
319 720
415 346
260 314
41 466
268 136
510 905
148 825
969 777
831 110
920 35
202 834
958 675
12 195
541 574
348 512
76 877
142 243
994 164
243 460
724 863
961 989
880 185
873 465
458 339
228 790
123 59
548 133
229 691
184 745
596 911
392 158
267 888
153 960
756 663
706 600
941 801
943 429
883 217
519 319
71 2
605 585
896 821
706 154
699 692
967 926
932 588
831 794
920 527
497 0
477 558
540 828
807 768
119 969
103 500
638 578
855 590
631 864
337 679
853 989
209 456
855 160
719 993
383 534
174 653
748 826
600 221
427 385
129 337
466 243
582 627
663 205
879 552
907 712
180 187
680 889
360 828
951 216
233 523
724 4
553 653
59 373
301 206
272 9
329 449
57 246
101 295
686 356
808 863
832 502
696 751
767 148
231 660
122 896
312 973
475 712
713 221
203 6
401 717
