600 987 600 898 9
118 516
59 337
310 590
317 392
347 443
557 584
389 415
27 494
291 345
62 475
102 384
113 501
35 86
114 499
55 364
495 570
509 538
142 164
209 318
273 414
323 504
170 174
195 565
87 205
206 216
116 397
81 286
45 309
65 150
156 493
71 379
215 327
59 137
172 574
113 311
387 557
230 372
391 577
29 130
160 232
29 370
44 107
306 476
479 519
160 246
189 329
37 203
160 446
453 456
320 406
346 397
92 220
123 475
439 511
94 189
93 464
54 535
183 271
222 450
100 266
346 444
150 205
0 151
16 580
480 550
163 595
303 309
43 48
73 294
232 507
85 444
241 324
3 482
425 515
187 262
4 76
68 558
472 530
316 591
79 233
245 413
186 570
5 222
78 555
202 540
55 217
183 593
56 576
142 225
91 111
47 340
176 419
31 415
124 130
476 583
138 285
19 57
143 361
77 262
458 528
143 156
62 79
175 286
359 537
434 456
78 504
166 445
398 570
463 575
27 125
46 437
17 264
308 366
82 296
239 394
65 396
45 336
329 442
45 550
426 438
334 453
103 254
217 245
312 443
121 142
307 446
430 533
347 487
307 487
343 558
131 333
95 359
239 436
185 362
72 86
47 348
301 355
106 465
275 569
410 455
134 155
37 303
48 594
219 341
244 323
82 214
60 483
134 319
66 569
202 554
145 541
227 515
13 110
226 363
219 413
133 150
529 547
192 496
383 484
223 451
211 487
38 201
218 363
69 391
168 365
81 188
87 102
231 462
344 551
505 589
418 500
414 419
253 413
68 202
485 545
57 585
247 329
10 411
470 491
216 277
120 148
379 598
288 385
63 253
541 593
173 404
237 536
449 516
360 485
67 587
200 555
38 123
404 421
176 179
220 492
48 298
70 353
91 327
226 468
63 97
228 476
231 355
187 245
206 277
279 596
507 553
140 288
437 465
8 397
144 217
246 394
47 298
325 447
302 370
233 361
44 391
299 387
306 583
233 556
268 301
43 297
309 409
81 471
473 593
401 453
134 316
98 248
97 400
29 456
127 300
246 511
149 392
23 510
73 346
204 273
320 481
457 467
363 524
45 469
70 375
5 197
69 589
0 521
38 86
393 516
101 357
64 248
105 223
69 110
263 568
265 350
60 484
45 474
104 180
127 235
207 552
70 538
532 596
102 191
32 84
139 260
96 323
152 520
33 176
75 271
227 547
268 355
270 500
528 541
31 335
92 469
186 398
11 506
24 512
205 399
83 580
170 427
336 503
350 354
285 577
128 316
277 291
514 590
353 538
21 103
143 218
62 559
162 510
532 565
503 550
582 596
310 578
351 364
113 414
40 436
238 289
132 478
359 365
36 221
41 208
400 429
72 283
94 329
20 437
329 572
250 430
80 394
40 248
499 552
327 526
271 288
116 595
11 411
305 589
562 574
79 559
160 507
41 46
169 478
53 569
251 531
15 223
50 403
112 560
389 545
19 506
162 313
292 359
8 73
235 384
183 305
230 526
290 573
35 493
58 109
438 571
267 279
290 532
509 520
253 341
528 567
249 414
69 190
127 147
422 576
239 582
375 477
226 524
197 308
185 239
421 572
307 332
93 136
98 523
32 119
129 275
319 510
215 407
208 437
506 585
21 199
517 539
176 223
3 162
107 394
446 549
34 200
43 320
280 591
442 561
367 386
450 545
199 377
523 582
161 512
330 561
305 564
384 546
70 503
316 337
338 368
74 393
33 113
118 309
151 521
158 247
559 581
25 228
161 495
197 222
103 407
111 310
53 502
222 366
196 367
102 546
68 328
287 508
273 406
193 566
193 472
27 263
203 278
58 68
440 521
153 202
202 328
446 507
380 406
221 433
13 183
167 318
147 399
157 476
562 579
16 304
22 134
115 597
23 137
93 429
86 305
406 571
332 446
128 488
425 447
216 299
22 319
22 317
82 139
57 141
116 444
377 479
305 505
454 526
219 435
260 566
31 514
10 540
175 289
256 416
196 257
436 582
58 293
94 199
107 391
106 274
212 240
315 501
427 490
28 509
520 538
4 577
523 532
253 539
15 534
473 541
275 368
49 592
120 315
465 518
119 170
331 459
13 69
119 427
310 381
493 595
148 311
108 234
424 531
354 376
368 569
166 433
17 306
309 474
108 330
478 566
101 308
299 557
222 308
29 54
83 287
265 508
53 129
161 423
40 198
137 383
82 411
262 364
41 195
23 313
239 527
46 165
339 378
68 197
29 124
350 376
237 264
17 566
47 406
259 530
106 405
218 491
300 415
362 527
238 543
298 594
100 544
133 242
400 517
230 448
146 267
81 468
7 339
260 460
101 318
316 592
236 370
408 546
393 584
300 374
114 359
228 237
170 490
306 563
34 567
258 506
10 153
1 210
247 442
189 442
94 377
61 299
433 519
228 306
411 542
413 537
128 592
166 327
1 231
198 515
437 590
349 579
33 342
360 389
59 401
31 374
300 344
30 327
91 447
94 442
15 179
354 490
281 458
125 263
516 584
447 526
168 495
194 263
153 540
110 183
42 299
214 257
226 575
82 542
459 478
47 148
19 152
8 398
99 459
149 317
10 214
23 280
100 154
282 570
37 74
93 517
169 357
240 334
138 255
47 594
118 449
272 528
218 470
136 517
35 201
10 11
15 347
41 90
222 485
184 383
181 207
114 217
510 591
365 470
71 496
296 478
404 416
224 334
477 579
530 583
286 471
58 500
447 454
184 483
285 391
78 486
395 441
91 310
64 241
438 487
128 295
98 290
291 424
269 489
352 434
18 44
52 485
76 243
328 554
226 556
471 522
214 386
67 173
58 418
91 526
198 425
1 355
74 278
317 388
210 277
64 324
180 551
57 178
56 508
7 566
13 305
224 232
154 266
131 396
215 433
333 396
279 582
274 405
338 567
262 351
382 448
192 598
190 473
280 337
201 493
73 186
90 165
80 246
17 563
21 330
129 502
272 322
70 467
331 566
284 455
167 209
2 586
305 428
74 203
112 387
219 537
177 373
61 207
5 68
26 278
14 361
25 237
26 557
29 89
116 255
341 413
22 295
472 512
524 575
413 539
244 338
142 482
1 301
60 184
336 462
135 314
334 507
116 156
99 264
195 208
244 569
314 525
203 210
137 184
472 563
2 20
256 404
282 398
370 443
360 546
372 497
347 426
432 552
304 477
381 578
176 451
321 597
127 358
422 430
339 531
196 214
19 585
204 426
332 525
155 316
207 364
281 528
300 513
129 283
49 535
75 183
518 565
130 487
191 333
265 580
66 129
39 351
171 410
444 491
356 565
335 514
153 558
52 408
7 193
109 333
11 353
304 599
214 540
153 585
51 392
461 497
82 460
354 427
52 109
152 258
164 388
339 424
252 274
69 285
182 588
425 578
1 345
37 210
195 518
20 586
297 486
269 374
39 217
265 376
423 499
12 446
295 316
114 537
171 284
368 428
387 560
513 546
178 182
235 513
57 152
322 458
24 213
35 38
272 525
135 322
388 392
95 365
395 410
30 461
110 593
415 513
353 467
292 499
379 452
28 538
44 466
363 365
142 382
293 420
61 387
38 475
176 249
350 508
512 530
204 406
212 224
105 544
152 509
246 436
6 270
88 242
77 112
102 408
540 554
4 243
141 152
518 573
127 399
111 412
127 344
259 362
21 369
326 490
182 496
10 585
121 482
284 442
382 454
270 396
98 573
81 126
11 258
314 487
412 445
70 349
146 362
439 549
260 378
114 292
2 415
251 261
312 347
182 422
173 421
308 328
276 533
54 302
196 296
3 60
143 226
448 454
29 434
144 245
85 470
140 567
252 573
226 233
97 597
237 390
40 523
298 348
103 215
146 596
87 358
51 164
308 357
101 195
284 561
29 553
96 244
61 181
50 571
9 237
82 196
140 368
443 487
151 455
430 599
401 484
263 441
456 507
33 249
112 262
403 487
175 498
113 380
489 514
266 342
183 428
7 213
335 415
198 274
49 337
204 419
353 411
60 383
303 409
209 565
81 522
201 361
132 459
433 479
174 402
68 420
284 410
170 326
293 418
536 596
172 220
41 222
448 497
97 175
54 352
20 545
22 149
55 499
105 236
199 407
406 481
236 535
3 510
337 352
428 548
172 229
406 594
255 397
33 501
373 527
418 588
386 540
469 550
101 565
259 398
178 418
256 374
141 509
198 241
5 431
111 590
293 343
89 370
541 567
40 224
21 407
140 338
349 550
3 483
18 107
268 542
122 259
94 369
205 396
113 315
117 385
106 425
433 445
44 69
21 568
74 516
457 542
66 275
159 494
37 449
163 589
131 191
54 370
327 412
274 465
343 585
336 371
149 319
147 358
380 414
34 528
50 438
39 55
139 301
417 437
264 459
195 308
259 583
229 574
126 575
94 561
532 536
97 471
258 353
188 286
210 345
333 500
168 359
311 340
60 547
479 587
60 198
353 520
127 180
511 231 570 575 291 204 428 297 172 92 48 520 144 218 191 182 390 367 566 376 437 112 431 339 187 346 407 558 511 566 384 40 321 138 556 525 365 156 386 201 287 440 536 263 29 44 315 51 455 522 358 188 363 486 233 484 320 357 17 13 240 5 128 283 465 401 375 313 430 418 465 427 298 105 461 56 310 444 546 351 418 34 124 225 47 515 517 525 330 21 249 512 197 201 535 368 265 413 116 435 463 80 264 491 465 25 398 531 29 288 435 400 536 56 432 321 150 135 457 110 589 211 588 143 148 445 486 300 511 383 175 317 73 132 364 539 482 520 473 584 241 470 549 3 490 577 332 92 505 176 300 364 151 443 336 430 365 521 97 249 236 245 215 67 474 233 404 60 485 520 190 22 412 14 107 39 228 288 90 340 389 322 344 483 1 417 18 565 202 576 76 56 338 465 108 245 413 348 171 182 318 11 548 526 474 488 305 513 161 283 222 135 248 465 445 397 5 348 305 24 186 429 527 264 368 62 160 23 200 318 348 597 235 231 99 211 255 96 113 279 503 331 92 204 83 589 482 386 585 56 550 315 238 327 562 333 109 44 585 166 459 171 186 434 405 264 322 519 316 390 480 365 296 59 408 226 12 554 415 122 405 0 488 523 404 86 469 583 10 498 60 138 395 172 338 209 197 444 127 410 348 4 426 594 220 251 27 281 340 215 346 193 47 20 206 66 181 370 527 97 524 450 406 157 9 53 199 578 36 80 30 238 404 413 96 446 518 513 493 101 491 452 302 355 337 450 250 570 218 150 148 187 49 535 273 452 402 502 148 414 439 599 183 403 74 369 203 389 76 465 170 305 331 119 340 260 227 410 167 444 529 175 137 141 122 306 366 298 572 283 287 29 352 295 393 110 77 186 14 190 552 373 534 451 151 271 153 332 333 28 230 104 431 260 366 380 133 58 41 160 555 384 200 488 367 338 364 278 21 582 411 170 73 504 296 569 435 288 342 361 566 250 51 515 509 345 165 411 36 8 122 553 118 276 92 53 337 589 32 485 18 88 366 23 454 243 535 353 465 532 310 320 51 281 274 33 449 80 512 555 387 153 169 264 66 455 145 344 529 502 493 84 358 73 442 24 503 428 89 136 371 80 406 323 141 162 530 91 583 302 231 406 175 520 96 60 396 228 505 303 312 422 191 285 425 110 313 34 596 15 5 183 309 193 38 438 348 591 483 565 227 460 160 253 326 330 143 350 94 205 135 584 311 49 178 11 554 345 69 431 454 86 388 190 287 88 145 129 238 338 506 552 418 453 425 414 581 46 524 281 38 195 569 30 458 13 272 594 256 500 345 412 284 337 527 436 387 425 141 358
951 25
165 419
613 216
821 451
448 732
467 230
434 99
266 481
379 706
471 570
308 285
279 257
721 731
493 826
304 948
923 785
104 117
345 502
597 722
273 200
582 235
850 171
965 465
845 525
298 605
434 555
80 523
976 298
176 181
757 674
818 258
663 205
43 107
998 874
689 914
370 862
759 116
99 414
410 899
40 698
668 527
508 262
176 603
777 910
551 739
62 307
582 315
851 978
746 932
864 627
811 840
943 386
473 136
506 998
834 645
127 667
257 32
251 184
411 164
785 579
754 507
108 622
358 983
63 836
623 451
448 26
527 974
796 56
418 215
486 781
157 242
316 22
409 945
311 759
60 476
561 830
415 715
62 627
722 924
275 979
597 680
133 994
287 376
133 89
45 69
270 779
437 866
563 76
377 51
831 678
547 282
771 308
51 278
11 786
852 113
176 798
611 979
66 891
587 471
433 491
969 725
438 375
542 111
837 209
555 15
937 752
645 347
534 666
926 175
473 196
529 786
703 282
34 598
938 921
156 751
156 858
344 810
563 902
41 403
78 68
943 991
824 423
417 657
365 916
747 697
944 284
164 959
639 39
952 581
486 974
775 754
489 76
394 432
410 23
928 494
743 832
48 775
804 542
419 770
249 410
609 911
218 184
879 416
287 881
130 743
650 775
514 565
606 46
889 993
958 435
492 17
973 87
249 211
341 262
982 690
927 532
306 851
439 594
863 21
999 350
647 615
256 651
856 464
414 810
910 367
572 277
742 210
499 471
231 737
369 402
61 39
963 193
36 153
772 83
21 57
41 902
940 834
498 683
298 125
899 805
641 11
155 623
268 90
535 837
820 511
548 596
345 725
14 712
51 972
857 77
563 779
524 85
351 38
313 516
922 254
509 347
310 360
430 253
697 435
832 149
672 949
318 886
388 283
93 464
893 866
526 55
113 507
177 645
555 339
489 432
142 436
824 726
694 537
296 559
309 325
797 221
126 543
112 702
244 870
131 799
11 209
712 133
467 266
958 794
669 576
939 417
228 931
758 434
401 541
80 195
839 304
149 380
678 603
273 909
910 202
614 117
902 710
447 528
12 955
578 605
705 560
665 443
397 66
433 694
577 980
68 726
613 635
889 38
624 492
957 900
254 119
182 565
594 421
89 851
860 223
389 748
697 42
348 347
266 231
408 632
256 440
247 575
21 678
973 265
389 486
163 42
970 757
568 561
220 381
691 160
400 112
567 869
684 796
893 899
642 425
507 944
241 154
163 508
72 499
544 539
837 563
697 881
328 677
470 949
957 156
478 742
55 943
186 55
602 845
2 907
544 429
207 505
189 721
322 144
296 730
980 520
324 394
767 862
788 958
139 599
649 129
214 410
884 675
81 390
127 137
480 869
369 553
695 747
438 300
19 334
681 328
911 972
889 739
829 486
735 785
935 952
911 558
992 442
452 470
936 470
815 897
102 923
683 827
648 986
680 477
782 370
20 22
793 246
414 283
841 41
892 176
327 466
669 729
458 110
707 602
641 229
136 340
831 589
631 953
241 482
886 961
119 857
989 790
338 184
659 72
195 473
320 784
838 788
831 999
110 238
142 2
54 677
807 628
236 266
105 7
190 370
482 358
433 347
589 78
200 756
533 160
303 917
497 618
216 879
107 647
215 805
484 308
340 374
566 936
886 143
850 699
162 312
885 323
469 668
692 118
145 197
123 30
825 119
194 442
288 1
880 936
693 352
824 376
766 547
567 112
588 894
389 362
94 588
955 363
545 183
388 516
518 708
968 408
44 498
582 643
975 240
433 56
359 772
371 665
582 24
32 840
760 573
14 95
773 816
742 59
645 398
868 902
822 186
508 134
55 375
1000 215
259 297
738 276
107 762
921 895
620 183
721 26
655 304
345 105
907 839
372 171
766 17
212 56
228 634
206 549
726 385
880 834
84 25
503 889
12 855
195 108
441 181
262 608
740 181
771 652
153 821
621 602
615 310
841 833
654 683
977 13
998 279
893 89
844 746
308 809
727 252
685 704
772 333
852 341
59 422
521 235
984 826
289 43
733 586
818 345
987 131
748 625
207 348
738 857
363 482
300 421
892 291
124 362
168 898
58 749
603 364
645 741
212 299
223 962
74 261
241 797
107 972
319 586
588 772
20 305
395 994
410 569
155 161
361 441
798 109
98 307
846 886
917 448
792 488
732 538
512 190
717 897
771 788
991 620
697 233
41 8
268 830
44 212
342 864
961 337
260 741
297 73
897 345
24 881
165 695
420 134
980 963
441 992
140 281
723 995
441 822
297 223
711 635
192 7
203 218
901 478
632 718
314 631
621 143
666 230
754 388
37 436
79 788
520 394
780 168
237 234
990 44
137 955
609 521
196 916
675 764
800 304
519 632
662 885
791 434
366 613
244 548
526 482
160 136
877 789
925 655
496 514
131 771
195 252
86 820
348 288
636 839
257 370
21 987
941 688
559 216
576 141
745 468
542 865
650 649
108 267
682 7
201 610
718 669
372 303
693 963
252 950
82 552
385 223
336 966
7 564
915 139
91 142
338 533
464 891
476 406
298 470
652 929
932 221
547 956
300 697
853 856
811 24
569 452
70 161
199 945
224 29
471 703
718 351
104 173
104 87
340 930
584 522
391 596
24 513
314 198
583 197
804 80
337 71
450 782
663 263
877 509
950 615
581 804
821 950
369 826
532 512
129 886
370 4
163 109
