600 1694 600 794 18
193 432
49 362
347 489
218 474
84 123
0 373
142 247
253 519
7 291
235 379
165 329
287 530
83 346
21 411
36 220
167 427
123 488
71 175
239 572
150 546
131 411
17 583
180 413
251 575
352 497
49 450
190 574
91 298
396 538
4 130
29 465
229 289
42 517
240 577
419 533
107 389
68 80
54 442
54 183
332 391
67 117
362 450
197 479
187 487
2 340
218 499
561 598
296 335
29 522
268 307
390 401
206 495
7 381
96 190
173 494
279 525
146 491
169 222
210 551
147 273
167 181
356 456
50 559
245 593
91 94
58 160
53 368
52 389
88 358
166 516
350 491
6 134
506 550
421 596
31 258
203 482
126 338
88 200
134 161
103 210
266 370
59 447
242 364
71 300
75 351
174 305
376 559
252 337
103 467
355 492
110 297
418 573
387 423
239 286
263 572
29 441
0 370
372 441
123 509
293 411
376 528
42 439
112 589
352 436
44 419
105 108
49 73
135 384
277 527
143 384
13 251
183 261
105 498
441 465
88 324
8 15
175 599
172 215
353 563
160 249
424 494
29 202
94 331
123 419
81 486
248 282
77 421
156 259
173 448
394 476
492 562
190 491
266 441
136 147
91 314
145 301
46 591
75 432
114 523
9 466
255 533
15 522
164 373
354 509
53 434
485 559
196 557
304 557
576 595
105 211
342 554
69 385
206 437
289 570
205 293
62 125
258 381
511 529
238 265
47 217
262 533
126 230
278 343
290 509
10 100
252 260
11 552
8 202
220 275
16 412
79 104
357 425
432 580
102 487
352 394
115 207
13 184
90 456
76 487
24 96
29 398
441 522
0 164
551 598
155 256
330 366
227 401
117 378
381 408
167 336
51 232
396 402
480 541
364 372
130 310
148 164
82 306
410 511
136 219
194 417
158 189
44 84
141 244
169 546
117 119
265 274
199 360
172 337
69 223
103 392
384 395
392 400
106 164
394 562
35 188
334 405
328 371
267 349
128 458
155 264
70 233
271 547
211 257
139 169
53 271
60 357
92 581
98 407
367 454
22 282
286 452
95 485
382 598
60 209
47 391
346 399
243 583
149 578
262 291
8 522
305 396
123 459
199 227
50 111
187 518
298 330
93 222
420 455
292 577
39 583
203 302
191 361
10 492
355 585
336 435
204 422
359 486
48 307
150 500
33 175
418 550
246 514
120 500
328 450
6 296
49 389
332 495
16 547
167 340
146 238
178 307
418 493
245 261
93 200
166 323
530 591
343 501
218 312
108 535
414 479
79 511
347 425
11 413
117 542
309 477
251 263
287 591
477 589
187 460
217 391
179 301
63 72
173 575
95 559
1 205
28 329
88 345
186 348
269 366
246 335
385 583
414 559
324 400
211 297
326 555
448 494
222 310
336 565
243 431
98 573
362 570
30 107
135 143
410 439
16 434
435 536
106 214
230 455
351 557
118 541
32 203
15 161
73 389
74 248
186 188
279 282
149 378
377 525
216 427
95 528
185 498
419 453
218 239
212 575
432 556
15 284
27 183
305 349
394 497
31 153
30 339
6 531
232 585
295 549
277 383
85 539
71 596
228 332
106 132
201 315
435 569
220 534
199 531
247 405
390 580
114 256
23 425
520 535
314 440
35 214
34 44
144 174
292 469
265 481
132 249
268 517
366 565
284 372
558 560
218 263
26 386
184 363
189 506
158 481
315 420
439 517
127 213
22 279
85 341
470 591
474 499
196 246
66 290
110 194
503 507
118 323
315 488
154 420
112 461
192 308
274 501
35 160
318 404
16 53
204 519
363 495
1 293
125 414
3 582
54 381
207 308
137 505
392 467
225 250
312 567
411 566
50 219
107 259
75 556
44 270
259 486
340 435
323 340
216 471
18 481
260 309
52 237
28 188
382 561
140 451
145 179
38 565
80 458
132 164
300 311
20 463
340 535
502 526
265 278
217 311
213 262
142 512
225 560
181 336
239 452
285 352
5 281
552 588
114 511
202 224
302 348
335 544
266 465
149 536
192 472
67 395
48 517
194 297
221 227
89 448
406 498
105 433
502 554
174 267
159 531
292 486
73 237
487 518
409 471
158 265
322 366
185 409
27 399
170 425
336 340
65 152
434 547
20 407
245 310
366 371
61 173
379 409
60 79
291 549
380 490
124 209
295 518
33 373
208 582
124 415
99 551
286 584
187 215
136 182
93 546
410 517
6 385
163 485
360 432
154 488
128 281
63 80
282 314
20 195
330 565
172 412
82 403
116 425
108 416
49 319
398 437
288 394
78 156
22 248
155 403
139 369
42 101
276 301
47 465
183 245
204 587
121 138
201 478
206 398
156 469
334 512
327 583
109 488
354 451
381 442
176 591
140 299
41 409
164 537
110 573
297 320
5 72
189 448
67 384
71 400
139 245
143 195
250 315
76 291
35 329
94 298
82 244
177 545
2 118
99 598
165 341
95 312
113 417
131 566
296 544
275 534
388 418
253 348
44 344
11 588
274 278
189 481
95 218
221 531
257 535
290 552
188 329
87 126
157 400
169 593
17 385
120 276
47 370
88 400
16 172
365 566
48 532
240 595
79 529
149 469
576 577
378 516
369 546
69 508
85 178
171 528
296 302
14 279
35 58
15 69
31 255
145 210
288 505
171 350
209 415
348 540
493 592
109 413
112 564
256 306
60 104
265 592
187 207
291 518
334 527
5 311
295 460
39 507
39 590
438 478
424 499
285 356
132 587
393 448
15 372
311 444
138 345
356 584
31 408
514 530
87 148
106 249
296 489
505 538
416 520
133 319
234 279
349 479
302 482
241 539
100 355
322 371
354 553
34 57
19 70
36 275
420 558
25 121
21 263
291 472
71 157
253 422
225 333
279 314
542 545
342 556
188 204
173 251
149 156
14 122
512 527
280 579
286 456
418 506
93 150
100 390
364 587
27 369
282 404
26 171
146 350
317 446
316 429
128 185
453 533
7 408
110 417
82 141
285 497
542 595
58 204
280 424
209 523
42 268
185 416
175 300
115 368
26 528
117 541
303 435
102 207
299 504
197 380
401 443
0 444
37 40
226 447
6 508
43 142
166 536
300 599
417 463
206 465
43 512
321 454
247 279
180 333
49 328
173 457
387 469
162 197
271 434
146 265
21 293
331 551
143 177
59 403
242 587
498 568
254 554
340 480
233 367
35 374
311 548
213 367
369 397
535 555
329 341
200 358
362 371
199 254
23 264
27 139
161 253
98 463
22 247
259 292
240 576
51 436
127 299
184 484
74 371
177 195
101 410
63 272
86 539
46 557
128 568
63 363
321 367
134 296
548 571
243 586
350 567
359 524
25 138
57 130
431 586
218 424
294 295
582 589
285 594
421 467
1 21
130 153
81 259
81 107
202 430
39 243
194 320
335 489
12 172
198 316
108 185
171 386
196 304
90 452
380 479
409 445
274 496
122 236
71 473
298 440
108 520
389 475
145 392
50 182
100 585
435 578
115 308
196 335
321 553
77 596
4 310
377 466
12 460
68 89
394 436
84 270
48 552
65 426
46 304
67 119
232 443
177 384
258 408
161 508
382 551
62 219
463 573
30 389
413 588
236 377
211 433
449 470
177 542
176 514
75 316
149 166
278 501
191 409
526 554
110 388
199 221
92 346
318 371
379 467
190 501
4 93
32 55
326 416
128 571
89 550
493 506
217 370
64 205
206 484
66 513
302 375
349 414
235 571
135 194
436 562
299 419
316 521
59 155
205 430
191 445
114 209
32 85
0 132
168 260
52 73
193 597
357 534
455 558
393 481
203 375
260 295
451 553
157 345
90 426
178 539
268 275
19 213
29 206
18 280
378 541
334 510
246 489
175 373
383 512
54 261
0 242
72 281
342 502
210 231
413 488
216 340
190 496
45 580
217 444
23 155
150 324
308 368
189 393
313 498
226 425
227 583
290 532
324 392
185 568
234 525
91 440
327 431
250 560
375 489
36 55
152 414
137 288
228 391
407 592
24 386
467 561
378 387
70 472
142 405
316 351
295 461
248 404
125 490
352 594
444 599
161 422
8 69
344 419
102 472
323 516
312 424
277 283
199 342
345 358
319 565
80 212
97 566
459 504
531 544
319 328
466 525
236 525
79 523
1 263
56 357
35 468
129 341
462 471
446 549
99 191
159 544
446 461
45 597
224 327
140 504
147 182
81 524
70 308
223 508
68 212
191 462
402 414
248 318
429 449
461 564
545 576
62 147
74 229
99 462
4 121
127 454
118 378
106 230
414 485
96 574
303 336
497 538
30 81
502 556
496 501
32 36
340 427
62 136
387 595
116 357
91 563
97 286
89 212
80 568
312 579
62 273
360 556
215 460
280 494
170 347
170 375
57 121
240 469
153 310
15 441
119 384
225 539
7 533
216 555
321 451
491 501
72 272
176 246
458 568
63 281
86 178
284 364
483 547
149 387
230 558
327 385
448 550
437 484
474 494
443 503
492 597
390 515
319 366
323 435
129 329
403 514
168 252
319 371
87 537
16 483
172 483
360 515
2 323
246 304
138 358
17 227
59 425
134 253
128 409
58 374
53 412
190 350
566 594
149 516
401 503
295 317
326 520
233 321
143 417
21 572
96 386
215 412
134 540
14 314
161 587
185 313
27 245
179 392
97 285
407 463
13 484
378 423
103 382
9 428
65 456
293 430
386 574
205 325
242 370
319 475
388 550
365 594
283 510
383 582
201 438
242 372
298 366
78 569
12 337
65 356
206 332
51 131
32 341
228 465
241 333
411 586
72 332
83 564
382 467
171 567
169 310
27 83
48 290
306 403
131 590
325 437
165 203
129 214
25 33
451 504
484 495
551 563
81 359
240 387
129 539
318 322
192 207
24 171
269 322
174 197
69 161
91 353
554 557
191 471
40 156
293 586
426 485
184 212
244 530
355 562
106 537
125 559
214 249
186 482
371 450
451 454
176 304
104 523
97 584
247 466
285 584
42 410
69 224
111 376
40 107
4 57
373 444
13 64
53 115
133 303
76 472
265 493
141 287
294 460
373 599
208 346
46 198
446 564
227 390
276 428
262 453
34 130
383 527
32 534
159 296
139 593
4 138
84 344
28 482
52 289
109 123
231 377
24 190
423 542
35 249
125 219
10 45
146 579
263 474
198 557
276 466
507 583
214 329
124 264
20 592
219 559
291 533
216 462
151 339
340 555
44 533
127 453
397 500
401 585
78 578
204 374
97 411
5 391
347 375
87 230
121 126
429 470
138 200
281 458
231 563
269 318
414 490
250 438
10 355
202 398
20 113
256 403
92 399
304 591
94 99
290 588
88 157
61 251
436 585
243 590
156 292
315 478
196 254
496 592
34 153
19 233
6 161
89 433
152 426
400 596
340 541
105 313
320 395
518 549
152 402
101 268
222 546
80 363
3 92
266 372
302 540
111 574
98 493
19 367
298 565
569 578
41 416
63 458
202 325
325 398
342 360
317 461
381 549
447 514
67 480
24 350
13 212
66 553
379 561
34 255
30 52
80 184
323 536
145 231
118 516
261 442
356 396
58 587
55 307
116 203
244 287
213 454
229 570
545 577
65 396
218 452
146 278
81 151
410 529
320 480
83 446
216 326
176 530
286 411
92 208
90 163
150 392
37 475
120 301
205 437
9 276
510 543
7 549
86 552
80 406
520 555
111 386
379 445
103 551
493 573
25 345
311 473
191 561
45 390
567 579
104 209
31 533
161 204
51 594
337 460
430 431
180 225
49 475
148 537
40 78
114 264
26 111
218 485
282 366
189 550
140 454
246 447
8 224
194 384
232 590
226 347
109 509
43 405
37 78
181 298
37 107
131 232
339 524
18 238
50 136
476 492
162 288
88 93
4 222
61 263
400 421
110 463
95 567
361 445
234 236
198 429
23 59
291 487
168 337
92 283
211 388
231 551
388 433
144 505
60 415
56 79
86 180
54 549
53 187
214 468
366 440
267 305
422 519
238 280
290 553
296 375
432 515
397 399
36 268
309 461
262 472
347 447
44 255
369 500
225 241
254 544
451 509
137 538
403 530
399 543
109 588
70 192
247 334
315 558
6 17
303 569
199 515
38 133
99 331
406 568
73 289
272 332
95 376
79 101
158 506
257 320
76 102
504 509
357 415
239 263
361 379
50 376
271 368
521 557
194 395
58 132
379 571
26 376
466 510
37 569
20 143
87 106
254 335
9 510
108 257
77 379
274 592
56 60
448 457
243 327
270 420
169 245
79 268
288 492
208 581
242 266
54 83
396 505
41 185
10 597
62 490
66 532
59 226
46 470
430 586
73 362
208 589
314 353
511 523
23 124
88 150
168 294
209 264
70 368
326 471
428 500
110 418
148 373
419 459
513 553
161 364
338 373
152 485
86 307
21 286
0 217
296 540
246 347
371 570
232 401
1 64
98 592
212 251
214 539
141 449
163 426
277 334
28 203
201 250
460 518
199 554
68 105
14 234
0 587
156 578
90 286
526 557
33 157
252 477
92 543
158 493
106 558
195 545
122 377
289 362
5 571
188 374
252 309
154 270
424 474
186 204
269 404
225 438
6 223
311 599
118 340
424 579
480 535
350 579
116 375
237 289
197 349
52 339
3 283
14 236
163 218
213 464
56 275
473 548
71 77
136 273
290 354
131 365
181 427
180 241
307 552
151 524
253 540
179 500
47 228
307 517
423 595
351 502
262 464
233 368
249 468
233 271
229 248
5 217
214 560
18 393
227 503
356 538
39 503
86 241
47 266
32 220
281 571
198 521
112 309
126 148
186 519
296 531
150 179
272 363
224 431
34 455
51 585
97 594
316 557
157 175
3 277
3 581
276 377
257 480
30 151
254 557
84 154
116 170
257 297
55 268
67 541
51 352
37 389
325 430
174 505
41 471
64 437
13 263
361 561
67 320
413 438
17 221
74 318
299 454
299 459
122 231
184 495
182 574
503 583
120 428
153 261
56 534
214 225
9 543
349 402
148 338
298 336
34 420
43 334
250 558
105 257
311 571
199 544
108 313
77 467
303 565
111 182
22 142
180 552
515 580
58 249
258 442
123 154
53 215
397 543
286 572
258 261
59 514
3 383
235 409
99 427
122 353
314 366
202 431
124 425
37 133
106 560
393 494
154 315
89 575
99 216
457 575
331 563
18 494
464 472
272 495
33 345
139 546
153 255
341 539
119 542
477 582
243 411
37 319
51 365
261 310
161 284
116 534
39 232
84 419
256 264
479 490
34 270
411 590
317 549
297 388
113 463
127 262
290 513
70 464
415 425
260 461
119 177
57 455
478 488
542 576
301 377
153 258
476 562
135 417
94 563
351 526
77 473
40 259
173 474
28 186
56 268
408 533
355 436
101 529
115 187
180 438
252 582
224 385
193 580
348 482
64 484
174 349
45 193
152 396
397 428
334 466
191 598
4 200
89 105
100 401
64 263
433 550
38 319
28 165
469 577
517 532
144 288
413 478
206 228
99 181
285 538
75 502
25 338
231 353
528 567
416 471
288 476
77 548
198 470
366 404
238 481
277 510
105 406
145 377
162 174
121 338
70 213
223 385
39 443
17 531
137 394
456 584
126 455
536 578
294 337
244 403
32 116
89 457
102 192
121 455
74 570
65 90
12 215
55 85
392 421
117 423
299 453
103 145
38 303
169 384 325 138 11 145 235 32 103 27 149 207 334 267 152 95 491 369 466 385 500 205 385 342 496 31 121 143 566 335 412 406 146 342 504 87 413 436 107 345 258 511 292 585 47 215 294 533 558 364 386 466 146 246 308 233 106 144 299 432 88 7 475 513 516 329 134 444 34 198 103 526 90 62 144 458 288 392 580 484 556 506 27 594 68 271 542 468 574 235 476 182 8 408 70 193 217 92 27 299 593 94 483 524 447 103 488 525 402 188 225 542 445 106 271 312 580 471 106 42 305 42 334 328 161 280 99 39 480 542 233 540 595 146 499 44 580 472 534 65 173 228 255 540 312 129 308 195 576 43 452 385 588 532 242 293 328 102 423 215 537 485 250 322 6 58 586 457 391 28 149 133 410 322 466 433 131 166 292 170 81 195 400 330 518 391 209 5 539 578 310 170 262 505 446 116 268 528 412 450 402 130 429 23 535 183 353 117 511 6 408 90 470 122 392 573 511 328 573 30 266 16 121 129 381 124 73 66 435 541 239 145 299 242 295 309 53 249 137 138 497 500 42 436 356 70 25 93 487 291 367 237 539 547 434 194 424 3 450 598 510 583 511 593 46 390 473 262 480 538 561 339 295 509 390 169 316 178 565 67 218 203 110 428 41 386 370 275 60 103 478 59 187 93 375 123 319 181 85 70 591 158 33 72 442 44 238 519 309 201 407 78 526 494 203 577 169 522 505 138 91 167 317 431 72 294 133 161 546 83 376 480 303 224 140 389 287 226 517 79 599 14 36 81 514 214 161 38 11 269 487 301 171 481 126 101 158 152 171 489 216 244 148 486 490 510 400 541 243 53 254 122 257 232 157 509 419 445 5 382 106 1 70 502 76 171 313 444 311 402 320 498 208 127 203 57 471 273 243 185 221 239 221 25 370 141 564 168 323 272 267 509 210 547 194 499 276 69 47 356 580 171 251 355 599 182 204 419 269 481 125 285 98 67 379 119 60 289 325 23 459 486 588 169 170 85 166 406 431 368 15 297 505 64 340 323 124 248 220 14 443 176 303 526 341 253 389 128 171 546 502 426 278 227 344 553 328 142 403 540 37 236 61 518 470 595 573 77 250 368 313 9 241 50 267 468 6 185 128 465 110 19 542 419 338 68 71 162 145 496 473 344 358 198 277 297 110 236 588 534 299 93 119 394 17 98 495 104 564 538 195 459 139 310 407 558 329 407 60 448 81 498 59 94 18 401 275 455 539 378 94 454 432 516 597 499 131 247 485 556 180 193 379 109 107 361 597 232 470 595 94 410 217 305 207 304 558 172 356 494 292 502 222 433 417 240 391 308 322 352 501 594 343 54 153 499 597 446 276 2
492 435
300 641
669 817
954 365
702 364
543 575
238 387
779 209
305 442
880 471
30 515
559 106
979 134
375 653
916 595
335 429
977 39
189 393
342 844
783 35
485 992
275 663
977 584
162 92
203 927
642 374
176 917
834 342
359 240
375 502
948 910
729 241
370 159
626 408
677 290
429 283
366 111
872 863
830 793
200 504
869 916
610 692
390 46
997 494
689 239
49 474
59 215
435 485
495 49
925 849
112 962
126 573
986 885
887 39
816 277
404 127
307 105
659 320
427 330
170 138
268 88
327 705
35 935
507 639
332 641
142 754
545 1
593 871
453 713
284 425
799 74
644 500
499 594
970 834
971 743
16 375
804 149
662 564
836 892
310 52
475 677
904 968
30 40
854 321
651 198
400 162
490 141
563 315
703 438
412 741
170 735
847 661
913 371
729 415
771 685
179 838
195 967
156 637
436 940
717 692
90 502
345 46
829 143
742 569
257 47
494 754
544 282
893 909
597 757
597 136
476 893
153 977
905 290
494 953
215 11
875 96
259 168
630 903
658 841
605 916
826 474
630 344
868 601
630 142
191 69
61 914
594 341
725 119
554 650
432 214
712 321
205 584
489 368
847 828
264 340
535 929
62 986
64 659
678 376
800 393
684 80
2 65
993 548
539 956
24 714
762 529
270 888
12 995
558 375
718 891
748 454
940 958
117 797
724 295
608 188
114 79
826 929
622 459
373 874
190 327
446 312
318 380
7 767
188 774
511 358
341 222
720 860
757 781
978 200
765 357
243 204
200 896
992 76
349 735
32 773
584 446
97 156
593 949
449 134
775 489
524 162
743 732
112 990
800 307
432 649
572 706
340 283
907 136
380 285
375 824
282 997
672 662
808 108
21 439
508 895
555 999
115 252
3 807
40 235
128 355
704 396
568 188
340 524
312 222
357 313
327 604
405 542
855 115
934 324
226 54
779 606
488 788
419 684
744 78
466 227
950 113
680 741
493 482
229 743
72 941
345 135
148 416
738 380
260 412
272 467
509 218
192 163
129 459
456 537
992 719
590 296
811 606
139 538
812 9
905 573
589 622
878 570
990 855
309 867
213 692
701 970
466 165
436 405
248 509
43 89
788 339
136 235
951 516
976 688
471 295
544 224
362 698
998 226
299 332
126 311
712 260
139 32
573 797
765 267
874 950
928 220
774 300
751 144
322 674
170 45
371 913
418 460
57 780
383 87
914 710
657 251
842 12
471 613
32 981
360 959
340 108
850 497
969 457
334 936
933 556
308 830
541 608
964 653
921 428
367 405
132 652
186 681
33 145
29 667
1000 802
527 23
784 183
791 961
279 589
939 186
893 221
209 284
513 819
821 710
693 124
571 493
805 525
256 273
818 821
98 210
67 755
93 21
492 102
835 66
938 246
740 328
552 546
237 811
542 746
912 619
582 213
20 263
871 241
945 709
879 816
555 837
723 8
913 740
715 826
715 480
335 555
634 719
248 453
903 805
398 236
842 728
777 643
462 584
502 179
957 478
157 277
796 785
994 161
612 361
994 955
680 789
417 193
82 344
305 928
681 198
652 418
881 354
200 198
292 288
53 805
244 892
39 314
106 600
883 631
632 36
74 540
122 702
274 118
678 420
930 991
88 377
667 636
948 821
461 641
393 380
156 609
870 718
751 30
849 46
799 421
460 445
936 767
385 424
580 401
395 306
262 230
147 875
848 583
670 867
650 616
2 842
810 244
725 606
1000 398
559 904
229 429
178 949
700 908
463 827
908 875
97 475
462 493
729 503
349 817
61 620
554 880
88 728
851 423
381 548
864 377
690 474
127 486
85 777
80 77
944 673
992 522
480 726
439 977
768 235
622 650
365 4
235 594
971 92
561 132
92 835
231 94
595 717
504 925
437 878
700 182
600 236
695 531
332 332
674 913
293 786
209 141
146 784
725 748
845 459
25 207
311 565
280 499
35 397
450 783
913 26
784 843
86 571
386 573
544 185
400 24
854 690
372 453
791 276
148 512
523 449
646 655
860 295
162 172
375 791
6 138
935 794
649 11
194 722
707 159
714 78
635 308
143 727
379 742
530 658
666 137
925 154
900 262
685 688
458 951
784 99
403 512
906 504
701 586
464 270
719 953
21 183
637 683
783 127
589 523
322 747
896 838
32 608
984 289
564 158
24 827
584 837
347 872
326 257
994 10
404 600
157 814
858 994
861 141
586 169
189 247
30 881
275 955
33 573
405 913
336 788
425 618
351 994
109 644
523 725
283 755
795 470
322 978
48 348
162 478
667 112
61 702
408 873
191 475
290 401
612 83
914 466
305 11
1000 460
570 4
136 157
86 424
693 877
462 49
873 178
320 302
624 758
57 256
359 477
264 22
959 984
898 538
63 315
988 429
173 864
326 23
57 125
188 361
494 8
734 211
312 131
608 783
753 880
534 327
106 672
440 161
248 304
635 849
628 938
893 425
161 328
612 990
770 413
947 22
612 562
864 201
421 797
755 624
514 130
619 1
89 315
658 758
64 372
84 265
552 251
111 913
518 246
702 613
62 573
812 631
891 314
818 763
183 618
220 849
515 698
817 857
996 768
573 595
242 679
433 911
183 989
391 708
645 977
688 996
791 883
280 849
51 444
935 348
994 332
217 470
141 680
106 521
257 542
428 359
585 90
947 273
193 561
54 179
398 983
785 373
134 619
661 939
668 529
5 531
715 652
554 441
