600 1281 600 824 24
42 303
133 596
166 439
50 215
150 337
174 447
432 523
188 221
157 213
80 311
78 344
354 541
462 590
118 535
507 562
29 224
158 298
64 281
167 263
87 423
413 493
0 154
373 422
112 490
449 552
194 344
355 418
135 469
287 555
141 284
302 449
66 227
344 577
78 567
206 334
130 136
413 457
10 131
81 374
60 182
68 381
225 434
159 593
209 247
567 577
291 535
228 298
187 520
175 233
17 416
185 533
9 576
239 377
41 481
174 410
185 317
144 379
193 556
189 295
128 218
198 246
392 579
162 426
256 314
383 386
147 290
279 579
246 407
63 501
224 498
59 550
117 343
85 361
137 182
38 276
175 293
229 325
61 193
271 336
78 245
9 384
173 598
86 325
139 491
86 106
154 557
79 544
142 480
53 89
236 433
366 499
24 76
33 271
147 167
211 280
162 317
236 550
387 482
268 286
56 542
431 484
230 578
536 596
375 511
62 502
77 510
185 481
336 583
118 366
481 533
11 238
320 356
238 243
335 576
345 426
109 382
423 467
331 363
19 322
142 295
359 384
544 575
315 414
193 233
297 330
47 356
101 354
92 332
408 422
119 381
194 287
277 520
213 564
111 565
82 273
239 470
454 483
81 381
55 595
129 160
364 453
44 349
86 390
132 255
555 572
135 245
250 360
78 194
34 264
526 567
279 299
59 236
222 229
269 523
62 580
105 145
481 499
427 586
125 154
364 450
197 287
176 380
301 348
41 98
166 552
122 476
88 485
235 308
264 321
127 259
278 501
60 400
243 261
31 70
197 555
106 205
60 193
329 466
196 446
471 487
222 588
75 479
52 424
183 310
60 502
195 567
174 504
207 429
60 61
54 349
73 543
92 557
23 280
152 574
63 91
327 457
330 518
355 409
40 85
354 587
38 550
393 592
356 521
43 206
401 569
149 240
413 571
22 113
65 167
124 333
54 291
192 242
294 390
240 451
179 459
159 171
65 86
235 252
314 427
203 415
29 443
235 405
281 564
285 483
151 266
78 577
34 178
25 488
124 591
166 506
483 560
230 296
204 559
80 551
220 435
232 278
179 306
165 417
199 527
159 165
334 548
426 527
174 365
21 52
485 598
167 513
323 544
122 218
156 331
361 437
23 524
489 522
396 431
16 310
13 118
34 422
158 533
304 326
434 563
31 390
24 25
438 521
139 210
326 388
53 558
200 208
255 272
90 173
67 317
89 558
94 331
63 410
401 448
64 378
122 346
286 583
267 423
21 202
84 471
201 545
376 549
136 169
52 273
40 437
183 373
375 398
228 251
70 229
223 330
496 558
286 453
430 452
117 455
146 594
58 306
179 484
500 529
272 424
2 206
148 412
297 525
476 477
447 504
146 176
64 512
98 590
203 425
86 167
162 233
192 495
56 456
356 403
247 569
357 594
406 515
194 473
127 147
147 189
366 535
292 542
5 401
389 540
355 425
278 410
269 530
70 563
362 594
398 445
100 513
246 477
198 582
5 566
50 372
288 483
488 514
90 212
194 197
84 260
116 454
254 444
6 372
110 368
205 514
192 493
35 493
472 598
336 452
542 595
70 434
118 244
281 378
96 146
465 466
329 478
49 86
51 302
134 347
40 266
67 499
16 40
79 226
198 534
98 575
190 581
93 419
461 534
55 250
261 580
355 553
159 364
200 311
389 452
37 135
452 540
14 60
92 482
10 303
83 422
26 311
142 249
285 454
24 542
463 555
74 84
24 55
203 225
513 545
19 213
80 200
377 458
149 525
137 274
201 294
139 181
173 338
33 268
37 566
336 439
444 500
248 523
219 465
283 465
44 578
29 489
281 455
214 391
34 408
234 277
297 508
69 298
156 248
457 571
19 123
4 62
170 384
2 548
276 507
202 382
206 247
455 509
36 529
496 512
140 270
283 417
239 491
48 495
347 543
149 447
194 547
82 338
172 258
202 348
288 416
140 184
16 530
239 458
9 159
248 331
207 272
330 525
107 115
13 41
324 571
170 359
177 284
100 130
280 520
216 359
39 230
274 515
286 450
27 210
6 213
72 105
79 533
408 523
1 269
226 323
32 127
331 522
126 452
68 450
3 594
339 471
204 463
440 534
367 491
395 465
154 475
280 494
272 565
45 124
238 261
160 376
46 224
175 400
130 545
318 415
171 295
163 254
0 580
339 351
30 50
15 91
164 396
278 504
149 251
93 490
96 231
241 572
150 561
84 474
344 547
48 493
274 517
204 460
359 487
126 204
130 201
277 303
280 524
262 412
228 313
216 572
14 62
216 471
41 226
349 394
546 556
340 596
31 229
14 400
395 593
411 449
119 478
2 536
74 474
41 575
48 192
209 239
289 515
316 337
260 532
0 14
335 376
529 541
71 427
527 546
9 142
418 553
250 474
10 393
475 493
244 291
473 548
469 548
281 509
164 566
411 509
186 190
173 485
282 461
92 508
220 391
338 377
187 593
405 560
237 386
53 64
259 295
49 229
169 201
494 524
245 548
102 384
257 289
77 351
401 566
226 481
291 403
39 57
45 82
532 572
27 43
89 361
47 535
344 570
374 512
64 302
370 410
55 76
378 404
144 231
186 352
23 131
213 343
291 349
175 539
15 519
231 379
371 516
8 575
31 563
91 365
75 177
584 596
381 538
62 238
569 585
132 305
56 107
353 388
51 281
289 398
165 364
132 458
288 393
414 416
161 500
219 234
559 584
189 376
56 108
486 506
205 588
72 577
148 231
321 422
324 387
248 371
49 325
19 521
125 332
42 277
208 440
217 599
108 542
109 207
252 405
60 293
9 102
102 453
20 97
115 167
441 491
88 503
436 572
310 408
272 305
359 576
96 148
53 512
238 580
186 519
293 400
297 497
193 546
114 220
520 524
57 113
2 334
204 398
18 116
204 340
250 428
31 409
11 307
335 359
66 484
74 464
262 562
300 532
456 595
115 205
8 451
122 128
5 338
88 472
76 490
23 494
381 478
133 463
205 488
241 268
135 566
327 581
25 589
97 379
22 296
47 291
165 395
270 282
64 128
259 520
228 297
10 399
294 545
59 139
47 403
467 505
78 547
304 505
74 428
152 534
301 382
25 112
21 82
2 473
97 568
178 405
71 117
160 360
227 484
6 554
389 421
136 347
309 467
195 396
268 572
171 259
272 573
448 585
388 492
134 543
19 215
105 528
410 504
62 137
265 571
260 471
190 501
319 521
4 238
136 543
120 546
125 571
63 278
232 482
289 406
461 582
289 358
76 428
178 321
284 309
25 292
450 453
131 592
194 536
219 405
260 528
74 250
100 211
267 309
275 377
194 548
311 531
104 529
284 561
79 228
10 288
119 538
99 574
336 552
552 583
121 174
11 446
278 482
247 469
76 442
313 544
342 386
132 367
489 498
245 526
331 516
335 351
397 584
324 457
22 230
175 193
138 316
156 522
75 152
295 376
472 484
40 361
153 388
23 211
269 371
205 292
421 455
61 256
136 211
73 418
59 144
243 380
75 208
2 28
11 243
103 324
120 256
198 296
49 390
234 395
198 230
110 307
210 247
347 553
148 196
220 274
24 292
264 422
87 363
249 576
58 459
226 544
385 587
369 407
34 235
319 394
345 527
106 588
56 129
13 98
200 284
215 322
27 236
365 410
18 308
78 350
37 164
150 309
168 572
75 304
301 429
228 497
43 397
216 487
67 521
50 345
122 477
566 598
221 592
5 598
154 265
37 396
168 241
367 597
137 435
92 223
281 404
423 492
439 552
343 554
353 516
477 574
307 446
8 544
288 560
373 408
103 278
88 386
103 327
146 599
51 411
39 578
15 63
289 511
356 394
161 444
339 510
337 537
327 501
213 455
209 585
539 557
207 573
376 480
338 448
310 373
30 215
449 486
113 184
139 379
61 517
33 583
66 163
12 469
425 434
163 227
518 525
201 355
77 549
31 425
398 559
151 152
432 443
19 328
249 480
315 483
57 230
16 153
165 283
300 570
466 478
93 444
278 370
155 406
1 153
271 452
314 517
409 425
147 295
85 99
10 560
347 355
321 329
59 379
81 279
197 536
81 302
45 348
233 556
284 467
157 564
51 404
195 385
79 313
315 416
171 187
362 599
423 516
145 528
175 298
360 549
316 531
179 503
230 246
34 46
150 531
387 420
176 599
44 230
9 364
44 369
43 236
361 476
439 540
258 565
201 347
108 205
177 479
406 511
452 463
55 456
97 172
299 496
72 385
8 240
170 436
117 372
314 586
323 575
209 470
328 346
122 407
340 463
499 535
205 222
364 417
367 458
51 449
71 199
273 424
171 593
467 492
87 267
39 349
278 387
504 518
45 333
21 45
283 478
223 232
161 490
143 428
396 567
90 386
382 429
375 406
303 524
253 379
401 585
321 405
528 532
67 438
68 449
472 503
182 502
27 206
332 420
13 590
129 263
15 190
277 524
363 516
295 480
105 344
381 579
292 488
329 579
149 313
218 476
38 562
255 258
145 464
155 375
97 181
346 407
67 320
315 454
276 368
242 457
193 293
300 555
163 541
312 489
107 205
450 583
23 188
73 134
265 413
56 595
85 477
219 321
4 11
194 350
568 597
213 554
375 397
195 227
302 404
287 570
74 143
37 567
217 380
206 469
415 425
501 581
341 449
46 432
16 266
320 499
61 274
426 546
219 466
206 210
289 375
77 376
11 176
110 507
42 399
475 580
154 400
209 377
472 485
271 583
372 527
231 253
135 526
125 324
282 582
26 200
147 160
284 479
188 211
84 464
427 527
437 558
133 340
351 487
508 539
421 439
164 431
66 306
133 197
89 437
127 513
98 402
61 182
12 548
150 284
10 42
263 290
279 392
76 112
135 569
474 510
168 555
13 366
247 470
29 432
128 346
128 328
47 320
460 559
17 221
69 508
245 567
36 104
161 442
135 401
17 288
177 200
245 350
340 460
343 455
486 509
88 180
389 430
462 468
345 372
99 477
21 348
261 475
1 388
450 538
51 509
339 487
21 273
244 590
20 172
515 517
402 575
320 521
187 395
157 281
445 586
3 357
54 244
369 394
82 173
380 495
121 240
258 597
33 241
232 504
74 104
155 214
368 507
191 470
408 432
163 306
41 323
65 545
213 215
156 489
64 157
44 394
394 403
94 516
134 553
216 436
117 421
190 519
115 263
28 206
416 483
451 575
180 503
339 474
48 380
150 316
100 280
506 509
267 467
349 578
33 168
18 224
120 527
172 568
234 465
187 277
375 584
195 354
174 240
43 214
32 520
312 443
261 493
124 237
103 457
50 426
314 358
105 354
20 357
38 236
46 235
484 598
158 162
79 158
108 292
254 529
326 505
311 551
20 253
177 208
105 570
420 482
222 514
417 538
160 290
212 386
141 304
253 594
82 90
257 358
106 167
111 255
107 129
271 463
191 247
83 321
305 458
47 499
444 529
279 329
391 433
160 549
109 272
22 140
298 508
155 391
210 470
92 539
178 264
31 294
114 274
96 196
282 440
170 268
118 590
36 541
18 498
120 314
160 263
200 440
77 250
170 453
187 259
80 150
31 49
113 230
80 284
55 428
38 144
223 508
269 310
32 280
386 485
68 552
239 367
0 475
280 513
5 173
94 363
99 152
196 507
56 360
398 586
1 530
123 394
136 221
30 322
249 335
346 369
72 354
333 348
385 567
72 587
85 151
322 521
7 17
131 188
226 533
233 298
400 539
55 360
88 342
325 588
91 519
318 355
28 584
298 497
147 263
21 424
428 500
296 582
251 313
140 582
95 355
545 20 428 435 98 111 255 24 575 431 418 188 512 229 410 109 301 67 242 386 265 516 105 552 499 236 449 229 83 336 523 583 561 233 511 487 545 523 299 302 304 565 19 407 175 115 125 83 166 341 57 35 408 347 423 236 67 118 229 47 498 44 502 14 461 479 517 146 569 384 328 329 459 396 439 527 426 315 30 441 307 257 447 372 45 424 266 185 573 167 16 68 360 115 260 98 153 171 434 71 445 535 186 172 556 3 147 480 228 186 374 476 160 336 274 574 445 233 574 405 505 410 255 323 334 269 35 317 72 422 67 290 42 350 326 559 51 186 247 80 521 498 78 329 590 288 266 483 79 274 533 296 456 3 53 266 171 535 516 188 79 342 5 478 396 595 324 440 67 23 399 597 362 528 12 367 533 335 115 80 310 332 165 275 513 360 273 75 415 409 443 351 516 106 204 119 52 400 378 154 343 419 478 487 299 346 74 433 325 265 23 110 488 157 134 256 406 75 528 162 376 438 249 129 575 39 98 569 21 33 463 493 595 36 381 130 282 191 411 514 256 509 511 135 14 297 488 217 477 135 28 34 592 137 570 453 72 132 126 224 35 460 12 469 405 565 32 108 249 160 432 72 195 178 222 381 137 90 426 450 56 23 379 230 228 175 54 221 156 539 303 272 172 381 141 43 244 41 8 62 262 494 470 28 442 158 191 110 218 247 568 356 459 45 8 78 245 486 197 192 61 535 299 33 594 572 341 41 79 204 315 259 505 10 220 138 536 419 550 160 140 395 362 496 548 160 416 440 356 155 205 512 380 517 338 8 92 250 146 339 204 552 433 413 531 593 575 443 341 570 24 265 360 293 589 72 556 101 283 393 488 110 363 311 437 583 386 232 53 454 562 281 344 227 468 16 565 34 282 460 321 298 517 181 558 37 152 463 137 243 283 546 57 33 428 213 324 44 106 59 7 526 24 371 303 572 66 58 453 3 198 26 186 127 541 469 249 12 191 68 67 483 507 564 546 513 170 208 192 573 508 96 228 495 193 64 471 416 516 441 504 462 557 319 97 440 64 394 545 217 429 63 565 259 46 205 401 521 171 255 168 133 304 337 231 482 248 353 457 277 401 474 525 385 497 97 1 263 76 221 91 364 68 322 393 210 127 477 518 401 427 150 425 304 76 383 581 332 509 471 534 312 182 200 117 9 29 105 238 139 7 285 451 78 512 118 38 222 185 275 263 508 353 243 1 343 277 211 45 523 17 443 30 66 347 319 487 390 472 177 294 519 321 574 585 568 599 228 448 4 268 147 434 422 337 233 128 537 329 332 450 70 379 592 230 180 16 559 162 538 531 457 87 476 403 443 380 230 105 27
323 165
256 859
648 318
573 28
417 172
852 261
300 497
682 990
10 327
642 671
591 882
413 92
718 289
36 455
338 195
45 69
289 810
651 988
468 964
259 566
631 56
917 128
52 657
713 854
940 637
989 651
14 819
658 213
601 284
384 954
232 497
952 872
705 777
598 504
449 875
288 86
859 459
806 321
570 195
59 601
272 760
70 410
584 852
612 256
145 608
960 153
436 923
105 518
345 39
915 839
260 443
410 625
877 126
340 715
57 551
888 598
867 667
28 622
992 422
650 183
335 229
365 285
371 166
51 120
333 644
860 844
933 391
179 452
500 632
220 226
989 881
413 431
769 403
780 996
863 542
173 826
938 584
776 620
740 367
146 371
67 857
447 660
891 172
421 825
810 534
224 763
873 806
190 996
990 259
306 730
927 211
29 96
223 176
995 490
266 959
855 958
523 48
666 37
4 441
191 750
784 809
820 471
612 645
148 76
877 482
768 451
907 761
920 717
900 689
888 57
450 183
795 35
973 606
16 653
459 259
885 741
490 996
391 480
38 488
521 715
348 362
40 231
238 672
211 562
990 128
241 112
508 410
752 774
266 647
849 694
797 873
664 884
795 94
615 381
803 971
792 272
742 925
392 204
12 1000
690 140
22 713
133 897
664 698
877 515
626 156
794 489
483 54
786 741
533 100
101 275
65 919
203 809
166 766
215 835
282 135
501 271
325 952
336 570
187 373
612 696
805 671
959 517
233 352
915 427
844 308
583 712
454 537
841 775
619 465
779 917
622 573
651 749
693 16
895 235
27 198
283 261
421 32
112 838
479 895
948 361
984 288
664 97
369 248
343 778
33 687
200 398
49 5
642 779
700 894
750 712
63 37
743 175
298 3
336 278
663 367
849 371
495 96
665 413
118 699
368 450
90 819
817 913
908 88
943 1000
547 425
945 736
663 245
884 21
125 795
775 184
693 174
751 877
955 186
308 534
541 253
262 491
708 536
397 16
292 679
519 813
452 211
717 965
969 775
179 206
415 957
967 945
115 364
888 367
166 339
962 828
94 642
563 111
115 195
272 301
563 825
468 922
613 221
996 172
374 119
771 132
32 272
633 493
265 14
371 51
32 529
755 290
155 686
733 206
328 915
719 668
839 572
128 320
517 915
581 59
951 458
825 56
354 328
435 350
762 18
681 755
750 504
336 88
538 144
823 740
474 848
252 76
240 798
131 968
607 531
313 838
19 764
555 480
855 39
840 141
426 264
858 165
537 186
606 791
108 138
426 702
730 799
364 579
33 739
555 725
104 892
540 958
557 567
688 431
605 940
462 328
806 712
89 551
953 686
310 246
874 886
718 728
86 670
182 285
220 301
433 735
706 479
960 51
395 662
640 855
162 858
822 110
961 417
436 109
509 973
138 939
351 823
15 848
355 956
100 308
385 352
560 999
13 938
228 407
888 996
165 546
153 479
479 819
255 524
55 372
185 65
909 792
192 866
132 41
249 595
480 760
139 252
292 975
221 135
951 105
666 278
738 646
519 519
65 958
851 195
777 554
585 361
484 609
962 243
356 506
722 397
276 412
209 628
799 939
944 77
99 581
735 338
724 606
1 17
199 936
799 419
875 932
160 510
601 10
424 316
691 604
834 647
274 723
495 14
235 976
580 650
33 153
63 445
764 77
505 204
175 635
74 153
277 908
320 457
383 833
404 721
515 302
760 673
826 167
352 610
635 110
369 0
498 692
911 40
998 216
633 618
806 354
965 213
166 106
244 888
470 485
916 871
483 231
472 678
632 918
138 578
571 772
847 341
567 267
499 371
539 850
302 208
818 254
24 405
120 542
371 631
511 882
457 291
199 666
384 884
906 916
58 189
427 573
511 129
264 46
598 993
920 976
631 968
560 696
852 990
980 458
166 141
421 492
446 847
180 960
878 87
925 945
284 367
363 407
875 570
939 25
451 436
873 317
415 886
556 223
992 911
422 235
665 542
313 782
199 498
477 515
108 766
716 54
933 547
374 926
945 486
467 391
440 80
66 246
814 216
457 625
539 606
2 298
503 463
578 590
531 1000
385 511
864 627
195 31
804 136
974 378
562 390
98 733
1 524
576 429
825 504
536 759
508 784
162 919
0 567
730 257
716 151
737 548
954 299
672 336
812 563
308 108
250 707
211 712
504 742
145 834
689 711
139 427
146 167
573 932
928 316
932 259
461 575
706 578
981 694
373 985
992 539
728 107
206 891
319 64
707 825
326 3
365 745
185 314
427 995
116 458
914 507
96 59
364 207
985 335
88 209
166 887
415 527
501 174
190 240
404 555
794 589
489 314
368 716
780 781
995 753
406 294
236 937
382 320
125 222
28 25
664 799
202 529
318 998
355 902
671 835
149 294
784 300
333 387
734 473
912 478
270 832
18 882
719 508
163 395
138 732
69 499
623 344
96 974
532 644
250 204
504 491
859 426
909 658
773 958
73 342
832 842
322 343
692 376
687 305
781 654
615 183
44 896
495 567
827 956
338 483
652 449
301 309
275 190
337 744
545 364
542 896
97 923
558 167
951 907
355 549
820 21
829 282
776 338
687 56
754 235
737 433
229 42
682 504
862 3
178 723
15 364
681 660
767 375
86 611
472 716
334 129
95 16
73 699
544 542
575 305
781 222
439 404
806 391
937 763
1000 589
4 470
988 52
660 933
594 747
527 14
900 628
594 329
721 17
894 273
453 19
