600 1609 600 989 22
294 424
322 520
147 583
103 279
75 551
164 476
196 292
101 562
449 586
461 543
18 429
486 517
78 315
244 321
154 166
75 249
371 577
39 264
91 274
113 213
129 361
414 513
168 210
137 298
112 405
56 411
130 596
122 135
140 159
270 469
192 321
338 440
202 296
9 368
14 154
48 568
262 360
429 508
192 348
95 366
227 568
51 334
58 454
62 207
6 136
387 552
150 374
278 335
121 216
375 450
88 115
141 215
212 260
124 421
466 519
31 570
267 531
331 481
383 575
170 398
193 235
33 255
169 484
197 489
37 195
338 407
196 496
220 576
326 335
415 434
333 557
29 529
325 593
163 557
198 492
80 147
14 388
497 599
241 311
276 565
262 432
93 535
266 531
518 556
3 291
90 489
83 360
92 501
287 295
63 295
283 319
54 360
49 353
57 502
221 463
183 246
435 539
53 124
132 581
412 434
238 405
111 147
458 574
423 512
345 367
264 297
139 514
19 570
16 421
20 333
220 548
142 243
15 113
179 199
4 376
107 588
88 246
43 354
264 541
28 239
161 393
393 598
143 183
379 482
172 236
468 477
54 560
83 424
449 533
248 519
126 160
235 344
57 187
30 250
302 491
328 402
59 319
310 404
86 279
359 548
84 195
244 476
29 530
164 192
215 266
239 449
442 589
146 195
126 364
417 591
390 422
13 422
301 595
269 316
494 596
207 352
480 530
196 273
308 465
357 520
245 575
312 434
332 540
47 543
285 487
233 372
98 285
234 475
370 415
296 414
235 398
178 453
456 592
75 201
276 285
356 519
74 286
365 534
10 333
331 357
12 114
127 406
302 323
275 347
62 352
112 116
436 547
35 123
284 580
253 449
41 124
42 68
63 287
28 514
248 573
53 333
443 575
219 364
184 536
38 565
508 571
199 585
294 363
97 565
184 337
13 297
395 436
108 342
38 393
166 247
261 469
77 565
130 508
445 475
282 293
164 321
187 435
242 461
233 388
233 248
334 502
121 478
297 588
78 484
140 329
159 398
115 338
205 593
142 271
330 334
309 576
339 374
21 521
21 200
357 481
317 342
167 283
230 574
121 263
251 501
403 526
59 442
9 423
84 271
168 447
363 431
80 221
351 464
268 483
251 325
358 419
155 225
474 537
41 333
188 305
238 268
31 386
153 502
104 150
234 379
487 567
171 229
125 173
152 406
284 411
32 214
348 359
65 535
273 496
176 335
366 496
252 292
306 467
7 493
131 413
442 581
99 137
366 510
197 472
280 436
20 247
85 571
60 535
101 318
12 490
214 582
26 486
367 442
167 172
145 163
42 454
23 396
498 543
338 377
166 491
87 234
392 467
278 470
313 321
270 411
13 473
31 454
72 519
53 95
68 495
74 225
172 527
211 554
126 219
146 351
232 483
7 40
79 169
218 349
223 496
345 576
306 456
173 487
24 180
387 547
42 237
346 576
50 177
132 148
206 261
271 541
165 170
93 151
417 555
81 355
51 336
250 502
110 315
44 383
134 332
222 231
271 281
535 544
234 288
257 470
249 489
376 525
63 361
203 356
287 566
519 573
128 467
371 389
83 262
370 512
97 393
19 31
40 493
288 503
352 408
85 429
116 121
253 453
394 462
517 575
161 226
92 94
507 542
331 497
296 387
186 195
113 536
29 576
47 358
166 343
364 521
114 515
30 51
445 585
116 405
14 130
59 581
168 542
80 370
15 371
62 171
65 528
58 439
293 391
364 561
340 463
14 247
439 454
135 284
61 201
167 236
181 258
209 335
212 255
214 354
278 528
120 412
45 226
393 540
145 413
4 418
105 535
321 476
166 222
9 512
358 484
217 467
210 328
385 440
223 252
390 473
43 74
410 560
148 581
66 83
229 352
84 471
184 222
47 190
381 536
92 325
175 522
4 13
430 594
485 511
144 431
308 468
286 564
104 128
312 497
179 484
122 416
253 384
305 421
444 532
287 546
38 97
4 296
27 28
426 479
0 101
96 369
425 537
306 592
203 384
194 555
46 140
279 301
264 271
46 313
448 488
252 274
41 53
37 149
208 524
568 587
412 415
381 577
410 547
231 577
109 526
94 217
5 592
269 545
74 208
178 553
162 568
70 420
275 364
96 390
46 476
334 351
366 446
324 597
9 489
189 324
43 214
5 69
366 428
407 586
268 516
126 347
98 479
346 563
309 354
60 105
342 500
312 523
66 578
160 190
100 550
399 595
380 438
90 559
24 509
176 517
155 409
99 356
129 357
280 395
124 499
194 417
325 456
413 510
23 593
46 244
126 204
28 139
46 530
262 297
244 313
280 350
94 456
182 269
57 153
177 486
324 327
20 457
42 565
171 478
219 498
35 240
228 563
71 246
272 397
183 395
193 259
24 397
22 482
17 38
210 513
187 293
340 431
376 418
297 473
275 521
220 313
529 530
382 566
65 270
245 517
12 179
31 68
269 463
172 442
3 549
109 200
31 439
69 592
216 408
229 408
93 133
305 444
193 205
71 115
81 547
317 318
551 560
472 546
23 235
8 179
153 226
376 414
32 582
156 581
68 132
0 517
141 594
22 87
1 395
300 377
307 457
247 343
226 391
547 552
182 378
223 590
170 448
71 117
61 382
360 424
211 298
208 409
421 444
135 314
171 207
283 506
385 542
396 459
522 532
189 348
176 326
37 371
213 558
26 158
124 522
237 282
372 388
84 186
59 506
464 504
81 436
501 593
277 438
101 174
52 74
23 193
173 598
23 501
162 461
134 588
127 152
304 576
112 216
268 405
64 142
322 472
48 208
171 427
451 548
44 122
89 291
223 503
284 314
17 36
120 423
377 586
467 484
490 515
152 397
74 521
0 26
159 165
12 484
135 420
114 315
368 560
45 64
496 590
175 532
6 543
335 470
290 452
35 284
377 407
283 589
2 80
397 509
333 531
309 346
69 456
473 541
207 229
546 559
91 252
163 531
10 429
255 401
220 550
468 495
348 509
76 95
404 462
302 519
78 169
106 323
220 304
55 516
22 478
403 529
48 564
21 52
90 201
344 488
518 554
311 441
174 245
81 410
102 518
137 301
137 399
112 408
277 586
463 545
230 458
402 547
368 583
462 572
394 404
15 195
134 540
505 553
49 198
239 253
437 538
233 573
367 527
371 381
213 536
189 597
165 299
34 500
222 584
341 343
317 383
51 351
221 363
49 479
27 384
141 266
49 285
372 596
18 20
277 380
116 238
497 523
119 393
311 444
261 485
61 75
34 342
115 117
243 330
145 510
241 444
127 180
367 563
89 91
26 517
324 362
117 377
109 165
33 536
549 572
406 455
375 584
188 444
142 471
27 139
66 363
80 363
241 532
172 367
281 588
65 544
292 428
503 590
507 553
45 588
109 480
199 433
190 498
385 533
260 430
198 285
98 378
295 361
275 569
95 428
162 558
346 354
85 469
136 219
123 411
197 546
561 564
421 522
321 359
11 155
322 361
440 542
289 382
42 58
102 556
20 130
165 185
61 280
204 488
200 403
53 254
394 572
146 464
298 365
108 317
106 371
429 571
245 383
30 336
27 138
236 283
328 387
161 332
387 513
52 521
143 395
89 292
402 436
438 586
184 212
50 224
315 349
79 315
73 504
372 494
236 550
25 183
135 416
288 445
210 525
380 417
347 364
56 123
227 543
362 597
204 344
170 569
243 334
118 443
47 498
48 587
111 560
61 355
416 580
280 355
407 533
164 509
234 263
49 258
135 580
154 573
131 430
26 177
88 328
4 202
230 420
264 473
188 485
451 506
227 460
76 254
420 574
71 300
197 412
85 311
131 401
293 539
249 551
186 271
373 490
308 477
111 360
68 454
56 65
177 209
57 226
132 477
413 594
35 118
155 524
44 108
298 518
111 294
289 395
225 409
276 492
118 326
256 497
34 122
71 183
0 158
7 558
99 519
385 407
301 369
79 114
200 526
88 210
466 534
144 173
11 30
96 103
179 232
72 579
163 594
92 456
7 162
526 529
45 161
265 326
7 461
4 422
128 459
142 153
151 508
67 256
512 583
209 486
345 527
157 559
196 252
183 300
299 530
242 349
421 549
149 554
47 419
413 430
72 573
102 186
65 571
341 457
399 553
320 472
83 297
553 595
141 531
30 155
9 249
384 399
465 468
308 442
91 292
100 451
2 463
144 363
138 233
72 154
140 476
261 441
44 342
365 389
385 505
106 231
324 451
330 471
392 484
156 386
242 493
186 541
235 448
313 359
351 471
331 434
20 343
416 575
314 420
223 274
160 374
45 281
282 495
159 299
213 504
130 133
155 435
373 496
184 577
66 134
13 262
555 562
302 579
74 403
441 485
311 469
521 561
275 488
298 301
286 561
441 444
320 400
36 293
420 458
421 532
97 598
316 545
309 403
259 290
53 557
519 579
376 513
255 493
25 143
191 257
162 227
90 157
136 564
274 379
195 464
56 528
316 415
150 459
130 388
17 42
377 380
222 302
215 450
398 452
1 402
180 406
185 530
123 278
145 446
237 495
388 573
3 572
392 419
22 263
12 373
236 527
168 525
481 520
144 598
90 249
38 161
336 587
63 472
132 468
100 236
190 419
149 211
217 456
546 566
3 462
33 558
327 597
212 337
270 458
103 376
84 351
108 383
8 484
139 257
40 558
86 595
77 276
64 226
480 526
214 435
260 594
17 391
136 561
206 458
137 595
238 585
251 593
376 447
263 475
55 268
145 594
439 492
312 316
11 524
107 297
363 578
59 156
11 587
509 538
104 190
193 290
354 403
193 398
238 475
22 171
92 128
210 387
182 463
200 569
140 452
107 264
331 474
88 402
59 589
214 465
427 482
66 424
16 549
205 259
140 164
1 183
179 303
338 542
98 353
203 233
291 482
278 535
110 349
36 237
64 153
307 584
330 351
218 358
229 478
160 498
277 449
157 201
232 303
140 530
233 356
404 499
449 453
221 431
133 151
12 79
100 283
329 437
215 260
116 475
202 552
89 310
541 556
345 563
105 278
496 510
491 579
181 492
192 359
140 299
199 445
455 597
185 299
151 571
106 577
129 474
445 503
31 132
401 430
36 391
125 276
22 121
152 455
106 389
345 550
32 282
254 404
61 350
270 574
7 242
182 523
265 517
212 401
27 257
91 291
157 382
103 369
54 111
10 175
86 507
155 250
119 598
289 350
74 354
143 289
134 578
286 521
232 592
434 481
215 307
431 463
191 470
240 335
210 376
120 370
173 285
400 434
44 575
65 469
117 300
304 313
159 452
149 365
174 317
539 582
75 81
145 366
3 89
40 255
298 369
385 507
307 450
499 549
103 301
336 504
119 578
50 239
109 569
337 450
235 488
282 539
411 574
17 565
222 375
397 538
110 401
8 303
222 323
380 555
67 182
125 285
447 542
291 379
27 372
125 565
113 381
240 326
164 538
2 545
232 268
265 443
340 567
204 396
208 564
469 571
345 346
86 553
319 506
59 362
93 596
433 585
320 434
459 501
119 363
528 544
250 435
519 534
1 436
96 422
118 240
199 373
38 226
41 522
328 547
320 412
73 213
29 309
131 315
272 538
394 499
22 234
137 466
536 558
104 374
377 438
208 286
174 318
192 509
117 338
115 168
184 255
92 459
256 599
147 363
178 505
332 588
416 443
560 583
24 127
101 158
99 466
533 586
316 370
82 295
340 487
257 494
217 306
133 508
178 384
324 359
180 189
137 203
50 277
368 551
443 580
425 497
88 168
103 447
196 223
35 411
197 320
73 162
205 325
304 530
390 556
104 467
4 414
33 184
42 492
194 380
265 575
318 562
179 483
29 304
272 437
142 281
239 514
389 534
366 557
34 70
43 155
447 525
385 453
176 265
114 490
307 375
185 480
84 146
212 215
300 380
144 487
61 157
378 479
441 511
267 557
298 466
209 470
433 483
80 583
275 448
386 570
274 288
181 198
48 460
191 514
102 554
32 539
128 217
150 396
141 260
269 523
184 231
394 549
378 599
5 516
273 428
308 367
115 246
43 435
206 485
10 18
25 300
480 529
239 277
274 503
401 493
78 349
5 55
83 588
39 107
119 144
49 426
127 397
11 336
326 443
12 199
426 599
204 339
505 507
15 37
184 381
158 562
266 333
347 488
241 429
6 498
138 384
63 322
279 447
129 520
51 464
6 460
47 218
138 203
324 548
150 204
180 348
198 258
465 563
48 227
119 134
26 224
123 528
444 511
147 294
119 540
64 281
113 371
76 428
179 433
76 404
337 375
309 529
165 398
1 246
181 439
16 124
130 247
30 334
350 382
160 339
139 191
75 355
70 500
133 596
87 379
97 125
73 568
408 516
164 437
23 344
405 516
96 518
410 551
211 518
266 457
106 534
77 492
425 474
18 130
60 494
278 544
148 308
19 156
41 175
62 427
316 434
446 557
358 392
559 566
39 281
448 569
400 481
0 174
269 312
245 317
22 427
82 361
184 375
42 77
460 564
343 457
90 197
140 437
28 384
292 310
82 537
288 475
67 523
555 591
214 346
37 389
44 416
240 278
12 169
170 235
4 360
191 209
60 257
169 315
10 41
55 592
215 457
2 370
92 251
100 506
322 400
57 293
113 464
72 166
67 378
227 461
195 554
154 388
410 552
99 203
490 510
475 585
19 439
441 469
158 417
81 280
361 520
250 334
65 93
199 590
531 557
202 360
417 562
282 465
343 584
214 228
314 411
362 451
314 574
15 464
95 254
78 218
153 243
19 181
175 429
51 504
412 423
237 293
48 524
148 477
24 348
111 583
74 409
187 502
116 216
390 518
52 403
83 432
167 442
201 249
187 539
412 489
197 559
409 524
445 590
303 306
110 131
31 581
206 270
65 151
453 533
91 379
70 122
37 554
177 239
212 430
66 588
56 270
158 224
23 205
303 467
105 257
66 294
54 202
249 368
238 433
39 271
110 493
104 419
361 537
18 508
224 277
194 591
369 518
460 543
126 339
104 459
367 465
112 516
331 425
28 253
189 406
27 494
305 549
95 557
203 399
167 589
17 226
46 304
267 333
282 468
216 229
149 389
58 492
26 50
115 542
322 481
365 466
35 580
243 502
42 495
21 569
129 537
116 263
344 396
378 567
413 515
70 135
296 552
246 402
457 584
527 550
43 225
268 592
279 595
4 262
315 515
435 502
129 331
423 489
189 455
277 417
81 551
73 558
166 584
387 414
418 422
6 219
2 221
290 398
161 540
310 428
329 452
279 507
0 245
186 554
335 486
563 300 404 330 191 6 181 489 49 117 478 591 204 379 424 248 58 313 537 62 439 492 93 505 543 4 519 343 308 9 93 44 342 69 492 259 10 151 16 20 336 111 303 28 83 130 287 259 447 402 374 183 228 434 110 253 598 76 340 217 309 467 294 468 281 255 491 482 65 271 64 431 486 42 115 347 238 110 551 542 4 145 416 112 21 184 27 205 518 589 507 7 488 415 406 134 424 529 234 461 309 161 224 343 94 251 54 385 548 357 302 551 485 289 332 453 444 256 462 0 367 221 162 93 319 388 461 524 3 183 558 313 184 29 446 403 178 444 229 363 301 35 130 393 439 250 546 482 351 250 553 449 419 335 404 260 54 390 474 448 41 361 205 306 27 137 503 14 553 495 572 64 352 317 336 162 575 546 34 499 586 417 499 308 211 31 542 30 450 137 231 358 317 493 282 372 435 116 426 512 226 587 597 107 269 500 288 320 571 98 95 271 272 344 486 554 476 556 184 17 403 512 181 578 426 506 442 122 165 512 575 328 307 331 394 97 50 216 141 542 557 95 455 45 335 236 36 576 34 576 475 118 573 402 246 98 403 203 291 403 200 583 202 200 152 388 269 179 465 413 145 171 187 25 4 349 483 574 526 97 194 8 568 589 216 258 73 540 164 60 348 188 415 169 548 586 403 141 515 13 445 552 347 170 327 99 104 56 98 372 444 63 24 300 134 366 353 26 498 329 392 270 217 40 337 26 206 320 539 125 25 64 385 407 408 515 435 417 60 105 185 422 20 532 254 125 337 144 243 541 559 292 363 125 29 522 491 137 589 325 125 446 500 503 57 430 484 31 233 39 38 244 306 181 544 208 10 537 486 376 278 554 67 113 432 233 134 245 495 402 252 502 15 0 536 159 222 449 352 509 452 82 313 541 529 82 111 398 300 331 266 423 97 20 197 363 47 92 348 215 585 225 89 445 296 468 135 279 540 418 592 350 271 347 141 300 382 271 296 166 560 280 3 375 339 589 447 465 261 395 337 227 577 430 203 252 335 331 365 565 351 490 105 221 417 11 543 510 449 120 124 43 125 273 125 597 576 509 252 540 432 540 172 566 359 394 134 222 14 374 23 82 491 397 13 306 246 513 133 457 311 397 571 303 376 58 167 460 212 158 481 248 162 107 93 350 69 246 93 100 365 444 428 227 211 39 238 539 501 471 61 381 567 84 329 404 103 252 197 542 278 366 296 459 55 204 495 15 489 217 185 67 394 412 109 471 317 328 52 428 519 64 382 304 33 336 136 403 225 311 334 183 243 59 91 301 493 398 593 469 53 328 79 318 47 36 186 89 599 165 349 102 529 471 522 114 123 247 500 481
245 947
582 927
839 760
18 312
619 719
284 17
494 256
424 322
310 146
763 822
142 522
592 343
245 217
623 673
258 589
498 472
23 440
844 472
169 568
993 432
208 539
626 200
51 106
525 33
900 37
511 982
250 880
279 728
310 774
761 201
603 372
944 412
801 352
409 394
21 964
105 799
818 450
496 527
819 515
657 568
402 355
111 463
900 483
721 297
106 936
738 542
778 141
441 239
547 319
984 610
292 876
547 419
662 244
131 422
707 757
242 29
85 732
729 439
940 481
995 260
220 700
693 942
10 11
857 963
715 508
146 666
758 655
975 754
886 430
335 18
10 923
521 893
336 573
490 366
684 281
682 878
110 343
908 522
377 251
311 246
809 754
650 884
974 983
711 655
608 508
98 628
429 758
27 132
553 826
38 291
742 918
37 254
433 33
191 670
394 43
148 378
540 668
841 553
933 644
406 624
905 210
243 988
550 571
515 688
399 131
190 732
430 515
668 597
113 978
664 149
361 306
735 724
173 26
467 426
274 261
525 856
149 68
463 908
113 838
812 603
819 842
108 59
57 920
125 759
72 437
897 588
530 177
928 27
411 102
954 926
213 568
310 323
888 396
206 621
765 603
31 842
527 252
436 663
316 701
265 757
753 74
233 400
684 500
562 985
844 636
226 339
566 487
768 739
912 364
482 552
492 117
165 635
965 23
710 461
308 598
633 348
994 348
725 954
271 964
688 54
493 180
784 525
471 338
208 376
816 58
674 101
308 540
938 271
523 819
318 214
642 112
48 46
904 288
866 613
189 959
81 505
192 869
255 848
360 763
258 132
934 72
999 485
930 729
543 957
388 447
712 135
574 546
751 421
7 553
968 102
446 192
232 786
872 95
601 33
394 985
537 495
129 281
782 912
960 558
227 174
658 200
708 913
667 755
364 695
546 123
551 13
6 688
50 16
584 281
237 822
551 793
492 582
308 399
483 400
758 315
267 429
122 31
379 89
410 245
515 204
833 196
836 709
348 503
135 233
293 909
674 311
745 484
501 323
785 288
92 30
8 780
392 483
284 79
319 664
74 129
603 81
898 239
818 416
193 109
308 834
148 826
71 556
429 275
665 449
804 118
169 939
555 887
279 557
354 635
727 865
669 373
462 35
68 226
334 798
115 381
363 364
974 787
233 741
1000 525
607 1
278 391
34 650
654 690
101 121
638 589
154 882
235 441
176 458
216 72
908 772
49 708
643 535
834 3
150 300
83 187
596 159
912 554
338 914
168 774
456 750
638 939
691 544
819 385
941 222
53 819
920 608
582 248
805 994
111 178
627 987
631 24
2 219
71 289
779 414
773 688
897 996
634 756
643 637
468 632
704 104
468 971
465 700
384 553
309 108
789 192
1 513
334 77
293 461
853 319
741 227
54 321
75 603
943 833
815 162
38 794
343 282
880 801
160 986
203 990
974 240
818 892
830 99
878 928
400 522
919 149
457 5
163 855
952 160
602 843
749 25
637 449
953 864
748 573
186 508
615 412
181 826
559 386
343 424
471 854
518 145
901 698
243 505
76 988
278 528
552 72
823 237
779 260
551 158
909 87
398 271
652 964
607 458
102 1
955 615
721 248
674 908
380 646
929 890
383 200
886 123
698 703
939 979
988 179
804 653
555 193
455 588
177 315
848 277
732 825
507 650
825 788
465 486
267 646
212 227
464 157
332 458
539 747
418 905
959 688
38 173
425 979
429 450
674 985
129 955
329 752
414 838
965 388
608 789
285 620
466 528
569 636
771 463
375 161
813 553
45 373
607 944
505 86
882 15
647 62
371 727
845 906
334 349
586 883
695 230
73 353
184 58
961 57
406 872
134 2
632 296
686 783
84 772
804 866
254 327
606 754
850 837
78 901
322 956
570 703
411 180
6 811
28 486
572 669
783 842
726 693
998 856
998 695
10 76
108 303
129 590
282 359
873 682
660 660
227 118
857 877
717 353
626 899
790 8
388 927
977 461
439 852
44 612
951 306
115 866
39 561
165 173
196 345
503 755
612 108
341 833
313 428
886 182
724 40
370 813
926 449
989 53
355 52
262 475
11 732
445 100
524 290
476 310
34 341
889 727
530 451
821 330
423 598
357 118
842 368
67 655
200 779
624 481
820 938
609 630
996 891
152 139
786 85
880 344
77 62
980 643
713 166
900 907
5 152
251 89
336 189
4 629
217 856
894 650
579 122
751 884
243 260
337 541
939 522
382 329
245 687
853 405
193 264
979 824
466 226
63 409
3 990
479 58
717 406
149 196
514 400
409 808
985 214
436 787
172 605
873 46
218 277
21 586
796 801
578 764
270 798
267 290
207 12
209 903
521 621
375 605
926 936
602 224
74 470
945 791
594 308
526 776
692 196
869 256
108 715
717 210
746 171
211 419
61 525
381 848
416 560
178 699
438 391
1000 947
842 41
778 377
795 576
610 565
470 807
464 281
139 694
868 763
794 953
623 866
865 153
8 408
869 209
693 831
650 782
397 755
530 545
329 1000
572 596
161 403
442 353
756 959
715 799
545 229
295 996
812 270
556 284
864 508
740 989
930 694
522 348
630 151
990 403
126 629
15 377
323 628
30 761
133 901
792 225
422 479
777 631
364 574
66 863
949 334
754 354
763 787
300 503
208 145
370 904
557 354
716 617
967 270
178 199
362 979
309 50
502 12
253 372
418 730
237 644
998 113
847 584
999 738
