600 1486 600 877 11
162 272
253 508
388 444
329 552
169 202
337 350
166 466
210 477
68 473
372 519
0 588
415 444
335 471
154 401
221 565
38 92
204 453
233 558
166 178
83 120
91 300
0 389
141 147
205 598
264 448
176 352
48 512
209 402
227 256
251 534
64 304
209 419
443 506
160 511
238 328
68 461
336 445
84 137
215 542
45 179
418 468
92 367
253 391
188 281
16 102
539 551
60 287
193 448
167 389
204 380
440 519
339 473
71 151
139 431
130 470
481 558
323 555
245 332
266 383
132 159
202 496
366 507
129 508
132 284
87 527
223 252
295 424
417 433
33 324
372 585
359 553
92 151
42 128
74 166
362 396
48 459
308 443
49 527
263 339
449 483
342 439
161 470
496 590
8 65
83 296
210 285
6 255
218 455
7 351
25 327
396 513
189 332
568 595
175 493
24 40
13 272
148 305
456 534
76 198
198 418
404 446
30 81
376 483
203 367
291 440
480 539
217 359
21 240
217 248
103 474
312 496
330 368
275 307
18 529
20 44
233 515
339 399
150 360
441 538
229 314
287 379
240 582
137 597
233 286
349 412
18 215
429 458
69 379
97 390
7 74
16 499
7 178
172 568
582 589
167 457
235 593
343 472
231 258
12 82
352 575
55 334
358 455
261 313
54 584
284 350
322 509
298 365
482 555
107 314
139 302
234 537
172 583
5 69
174 252
93 317
109 592
133 464
293 424
10 559
369 402
206 242
165 576
494 522
418 420
179 591
182 485
540 548
16 35
134 533
185 330
267 560
21 268
55 533
47 527
66 576
413 479
208 529
486 546
123 341
184 329
451 548
105 166
351 434
143 299
6 172
289 524
30 84
144 492
109 220
218 353
153 495
23 540
268 580
54 62
134 414
300 597
259 327
290 294
60 532
89 431
196 510
10 469
114 261
264 451
466 595
29 308
279 550
8 201
17 404
3 188
233 343
165 224
164 513
61 95
284 424
238 397
265 408
164 204
204 318
40 273
105 178
214 363
508 530
177 535
46 247
358 540
67 431
169 396
113 525
78 381
543 590
322 565
92 475
125 126
217 549
322 521
337 526
131 256
133 599
264 509
376 542
135 438
410 446
138 273
143 228
430 599
125 472
222 300
231 537
234 499
94 345
112 487
191 450
113 462
79 373
181 490
189 257
77 434
385 435
212 466
156 582
36 460
316 465
173 269
276 458
155 445
420 468
187 501
350 409
319 472
24 546
59 365
99 288
128 267
150 204
446 450
103 146
430 575
29 277
8 474
39 465
154 495
84 126
285 542
231 395
103 238
256 336
286 398
37 411
172 255
41 238
45 591
236 567
152 187
52 497
226 304
383 503
180 213
91 597
111 132
79 250
160 392
99 276
326 459
89 112
250 373
323 518
127 507
34 173
212 357
86 542
111 159
173 483
60 486
95 201
19 391
137 498
15 158
272 417
68 101
80 185
199 269
153 413
147 372
0 167
209 396
32 191
389 551
286 377
332 467
125 343
346 578
370 547
42 109
240 441
120 139
36 366
189 579
204 513
214 305
133 430
213 241
271 570
54 495
287 297
196 561
8 61
496 543
324 582
110 347
189 245
3 570
54 136
155 419
433 506
7 304
67 89
387 578
84 498
92 325
320 564
284 409
116 499
77 85
224 423
319 377
35 427
7 123
93 447
243 332
71 101
38 325
261 394
171 323
121 437
83 149
407 481
44 284
170 370
496 501
111 435
240 499
457 539
379 578
120 302
46 484
220 484
360 437
285 477
159 208
288 546
83 112
295 369
118 198
57 140
302 431
144 300
251 572
193 454
173 199
386 412
29 478
180 559
64 463
422 533
74 340
249 426
158 370
203 426
177 520
259 283
159 385
331 436
307 529
21 545
55 82
118 295
53 153
273 486
406 569
336 419
150 202
177 366
113 130
250 559
104 152
32 567
206 575
69 346
84 472
15 232
311 490
16 49
14 215
290 447
222 553
73 268
194 565
246 330
57 469
130 462
239 299
434 442
59 566
336 453
291 422
116 488
90 383
482 539
186 205
221 257
136 239
210 253
266 344
272 393
38 79
240 545
190 348
260 359
63 478
284 369
6 201
209 599
291 533
166 241
347 409
398 536
178 341
179 544
257 569
62 584
133 209
370 567
189 446
148 493
45 76
19 129
241 373
52 314
43 569
346 408
2 361
27 475
226 463
337 409
147 524
0 337
75 76
170 186
290 576
208 586
384 470
145 344
404 410
23 548
2 356
403 584
297 379
287 387
157 466
303 594
187 354
100 186
161 283
301 527
389 596
13 514
150 437
155 599
67 505
202 396
168 456
20 118
107 407
101 263
129 530
150 318
155 336
232 378
136 413
80 235
171 227
312 360
389 471
534 572
385 572
227 242
106 366
134 334
203 249
23 509
315 568
134 291
195 576
301 521
251 385
382 480
36 491
225 458
86 287
127 279
81 113
126 472
78 272
121 496
259 361
337 471
71 203
91 342
226 324
108 469
200 380
22 417
34 483
164 336
36 184
5 503
529 586
394 561
39 587
73 226
5 145
77 583
88 417
48 326
24 486
329 520
7 340
69 503
68 405
34 566
75 362
292 490
139 228
208 523
47 333
212 241
103 571
231 515
33 156
4 349
5 270
60 122
230 425
245 257
44 50
507 550
305 315
159 534
261 538
14 275
265 574
431 436
104 312
160 207
360 478
183 274
24 298
425 574
145 266
260 549
197 539
117 301
110 409
208 391
372 485
373 390
41 170
58 569
90 338
272 528
85 455
71 124
128 151
292 482
112 120
362 590
20 420
72 499
316 341
163 274
528 560
381 461
388 535
421 474
172 442
82 476
152 247
522 530
502 539
232 566
51 71
44 586
401 495
213 559
348 577
225 278
248 359
296 531
65 238
26 157
207 511
289 372
395 427
292 539
159 523
146 238
236 370
174 429
276 326
100 591
159 435
393 405
465 587
166 516
489 545
182 372
444 535
0 457
105 195
300 569
0 471
364 494
357 373
235 512
158 566
176 575
83 562
146 328
158 191
109 484
126 137
275 586
283 327
142 540
96 211
573 592
333 589
239 403
11 568
81 319
348 380
233 398
352 588
248 327
91 439
478 506
179 237
160 275
244 260
63 360
218 411
319 343
366 371
119 147
323 482
502 588
177 388
384 541
87 358
16 234
354 543
171 577
292 352
145 270
12 108
58 137
400 453
241 357
307 586
227 490
69 578
175 315
474 571
38 373
438 441
160 468
463 465
22 478
38 475
471 596
285 287
75 396
46 528
42 151
435 594
20 198
28 150
122 269
61 243
130 254
515 558
127 590
171 256
0 526
93 294
356 416
436 479
75 402
175 305
155 209
284 293
256 400
271 574
306 498
406 410
141 349
89 302
338 456
127 550
320 578
256 577
154 425
269 273
52 261
200 309
81 84
220 371
50 293
531 562
322 358
501 543
157 315
343 427
129 208
280 359
160 420
94 246
260 562
310 551
387 564
368 556
191 567
79 325
37 358
425 495
189 406
342 541
29 150
428 590
99 546
118 402
97 493
129 522
364 530
71 412
217 416
287 375
221 569
281 425
201 454
313 537
241 466
371 491
113 306
39 463
263 386
153 401
146 329
40 59
200 348
220 507
85 142
40 173
262 540
286 462
33 304
36 355
301 322
9 453
142 455
456 494
21 582
49 116
460 491
378 511
12 71
27 460
489 580
341 504
242 490
197 482
41 65
285 530
19 208
141 524
217 259
340 434
63 88
220 491
126 221
30 472
128 484
230 495
3 344
314 374
11 172
318 380
85 353
129 253
4 291
239 274
241 423
369 424
168 494
34 511
264 565
352 502
379 387
399 473
312 501
187 312
204 309
364 383
235 246
47 87
316 504
64 123
391 529
20 295
171 181
131 227
303 335
83 139
119 289
201 363
70 507
70 366
276 512
104 247
427 521
24 192
184 520
163 230
500 506
442 583
547 598
104 360
18 307
182 519
28 360
99 235
405 473
355 366
57 317
415 591
32 332
17 94
509 565
9 164
70 444
8 421
111 350
214 474
509 548
62 230
244 562
125 521
193 245
37 563
281 574
195 504
218 351
410 579
98 393
180 423
174 225
45 198
356 549
211 249
63 104
312 437
163 403
96 249
88 272
314 481
176 347
86 285
334 533
278 546
26 493
56 187
233 427
231 234
411 563
167 310
143 413
74 595
46 554
262 548
371 507
112 244
185 235
300 410
186 598
291 412
517 547
170 205
345 450
225 564
207 237
66 115
483 511
235 288
102 234
66 290
196 394
445 599
253 477
139 479
149 228
304 411
248 553
128 560
457 588
140 224
278 387
298 450
48 487
87 301
197 555
210 215
396 419
35 102
394 510
110 581
255 363
277 443
191 365
162 381
242 352
436 505
181 321
359 549
70 279
483 542
334 447
106 520
85 583
56 152
100 388
135 441
156 589
420 586
215 285
96 426
407 536
51 124
104 187
150 380
8 214
140 294
466 568
32 450
435 572
441 499
328 388
125 322
93 334
188 425
168 338
55 93
177 444
164 419
99 225
106 184
462 525
170 397
54 239
20 418
149 531
374 481
185 368
369 464
160 449
96 250
7 434
131 206
143 479
263 349
378 566
3 281
78 162
156 324
151 203
31 593
357 493
229 497
375 486
22 63
417 506
413 436
415 428
20 424
136 299
311 323
252 574
0 176
14 542
126 569
101 339
112 459
225 387
549 562
186 388
377 452
176 430
220 554
362 428
5 266
96 325
42 573
174 505
53 331
294 447
26 357
517 544
327 553
197 382
158 567
357 390
201 548
150 513
145 570
404 492
137 300
274 299
44 293
250 325
457 502
306 470
271 281
43 189
26 315
174 458
97 357
187 220
296 562
67 429
157 357
310 457
429 459
214 421
361 416
114 196
13 433
128 381
252 265
96 559
219 313
308 348
59 158
377 525
94 404
223 225
258 481
477 530
309 400
123 316
279 415
63 247
522 534
354 507
322 540
382 539
2 161
297 530
154 252
35 521
125 221
202 513
228 479
173 566
114 438
304 463
423 516
184 552
42 484
334 414
275 420
73 463
24 365
166 595
21 73
258 374
274 403
218 434
16 116
14 18
111 594
28 29
48 185
6 282
110 133
144 556
364 503
12 412
443 478
62 163
142 358
311 482
393 514
3 271
171 190
398 462
32 446
4 412
437 496
65 474
331 401
454 467
292 502
314 407
367 426
283 541
12 291
22 506
161 541
72 441
439 498
356 562
44 208
205 370
300 492
265 564
1 594
158 232
47 49
153 331
186 517
139 149
80 512
115 504
438 489
335 596
345 404
330 404
181 323
451 509
280 487
305 432
38 390
31 345
390 475
49 488
303 350
46 152
140 180
127 543
1 303
267 381
91 541
85 282
311 518
186 328
17 246
31 450
355 371
207 378
158 236
29 380
278 375
77 442
135 545
14 376
257 448
151 367
190 577
484 528
133 176
284 581
406 579
61 65
70 550
498 557
382 551
63 417
237 468
206 445
206 430
53 436
154 574
78 393
316 587
384 498
243 567
105 576
191 298
340 595
270 271
136 143
157 212
10 211
12 249
491 592
193 201
439 597
172 595
90 364
237 378
215 529
317 469
410 492
35 231
282 548
89 120
51 381
27 573
256 453
125 565
113 254
86 199
88 247
536 558
335 337
105 165
484 560
214 315
159 251
309 453
280 553
209 464
151 573
119 524
81 306
27 592
270 408
488 589
101 124
268 545
303 337
88 528
416 549
457 551
4 141
292 311
116 582
89 429
48 280
124 461
257 264
507 543
523 534
162 560
254 470
95 454
271 408
148 432
245 467
217 327
74 178
182 291
308 500
388 591
215 253
100 544
1 335
12 476
172 434
456 522
164 453
394 497
262 282
353 434
338 364
144 222
81 525
185 246
66 195
368 553
61 467
164 396
169 590
331 505
200 577
52 537
171 490
137 439
147 289
17 330
330 492
97 475
233 377
55 469
163 188
452 525
101 461
376 449
476 533
4 147
269 532
434 595
114 538
188 230
33 37
123 178
8 95
503 530
328 397
213 250
333 488
181 518
446 579
11 595
146 305
16 527
332 567
58 126
41 397
275 392
201 282
353 455
216 541
237 544
219 499
138 486
13 393
287 486
15 547
450 593
42 592
201 451
122 532
115 195
76 428
183 299
5 408
123 465
244 487
497 510
174 401
108 211
165 423
146 474
329 432
306 557
125 194
48 553
327 541
37 156
233 319
151 381
395 515
409 581
16 301
332 446
225 265
84 557
54 413
272 560
469 559
48 368
99 458
177 328
283 361
98 461
414 447
35 301
134 440
33 226
89 459
258 537
76 415
355 491
294 576
81 557
279 444
427 515
432 552
39 268
218 563
471 526
27 491
246 593
258 515
214 255
194 322
85 262
121 202
141 399
71 249
109 491
64 465
349 386
57 180
5 383
438 545
134 519
65 103
350 594
25 222
517 598
99 278
142 262
76 591
392 449
51 461
410 569
10 96
121 150
76 402
129 534
71 263
76 118
187 543
6 363
132 350
40 365
511 566
86 122
37 47
545 580
328 329
6 583
286 452
162 267
298 593
24 593
51 151
310 389
295 402
330 556
148 552
173 273
277 308
9 204
73 324
433 500
100 179
198 468
161 216
304 351
5 346
86 269
45 468
48 80
259 416
276 459
152 554
83 531
27 92
241 250
219 234
8 363
107 229
279 590
268 91 102 376 239 282 175 235 256 114 86 28 345 1 316 192 415 154 135 59 245 461 115 556 408 322 429 391 398 195 338 240 593 66 189 110 66 281 510 316 528 217 205 590 61 431 514 11 501 393 361 36 184 269 473 114 0 349 208 10 78 359 220 38 367 255 453 109 80 486 384 68 148 180 15 4 480 516 331 156 571 556 523 62 501 274 173 406 34 195 425 442 221 549 579 403 252 448 580 229 427 7 371 427 358 354 293 261 23 42 221 238 462 592 590 434 417 327 92 347 117 540 209 381 582 542 512 250 149 85 42 295 214 11 287 408 542 253 153 155 447 560 501 189 421 539 333 449 494 336 559 333 90 494 513 344 255 562 326 186 534 72 368 350 513 20 98 359 13 435 173 95 176 45 593 373 355 15 202 446 287 394 427 62 80 448 274 452 286 460 472 542 86 44 235 232 335 529 56 237 143 25 27 284 110 443 344 31 39 173 319 257 353 575 268 349 20 530 36 522 312 146 371 336 25 16 139 365 284 335 45 67 485 472 450 565 383 492 262 517 96 63 80 198 512 352 467 355 443 484 444 583 591 525 479 89 328 318 62 463 37 95 269 583 105 565 124 357 8 72 484 45 508 576 126 382 461 91 416 285 323 293 358 252 345 370 10 411 346 419 346 102 85 433 518 157 395 366 289 445 582 454 133 76 9 548 349 269 18 362 496 364 433 368 578 482 300 411 74 421 335 61 356 353 41 383 350 436 333 200 42 429 246 152 521 167 188 26 442 68 164 59 17 36 119 300 573 552 142 317 566 552 60 548 373 217 329 254 45 253 335 237 434 386 0 421 162 201 184 466 351 483 74 478 6 204 19 551 269 595 251 1 193 405 110 136 401 28 142 530 95 559 210 294 387 417 71 581 529 184 562 67 239 510 288 191 163 199 107 109 123 497 554 143 466 55 418 340 358 569 305 191 444 224 263 432 515 258 473 48 211 322 268 238 231 38 433 333 318 570 552 503 12 384 594 477 549 476 336 90 278 90 302 268 40 404 141 546 487 519 457 51 42 332 228 242 402 368 465 539 102 106 291 139 114 51 233 312 452 329 170 519 311 319 14 12 382 46 340 493 341 103 462 436 196 94 258 254 36 434 250 397 118 379 10 385 265 112 459 129 455 576 355 31 564 22 192 135 39 24 429 89 303 472 456 242 551 443 509 157 362 300 182 175 112 579 75 577 245 252 318 475 361 429 550 298 529 120 301 40 457 583 486 126 369 491 277 557 183 540 346 282 121 172 506 233 305 443 563 243 406 502 108 516 556 498 510 12 497 412 174 232 538 102 86 34 508 255 60 119 108 548 250 564 487 90 130 456 341 517
819 79
704 1
2 457
225 26
897 876
347 74
412 722
453 885
464 635
883 311
729 828
490 789
820 856
994 621
497 263
509 430
181 833
257 432
525 220
541 96
629 261
299 961
930 559
311 710
329 338
155 482
579 760
724 656
916 450
947 417
124 656
316 389
351 476
311 901
479 346
169 780
702 608
311 854
678 742
365 965
404 351
502 535
786 653
297 576
622 186
636 385
821 603
236 809
172 359
211 840
644 232
860 745
72 927
111 137
118 62
768 908
855 528
695 900
224 556
412 380
383 224
479 563
145 44
908 537
406 924
490 592
552 993
162 226
959 788
360 106
687 513
843 792
151 931
331 953
513 845
741 333
673 354
411 774
923 686
694 766
218 360
87 648
756 868
42 261
134 616
378 751
433 206
232 778
918 617
124 266
404 9
138 526
738 710
712 938
287 451
446 603
733 790
627 691
961 732
238 290
614 451
898 781
142 836
527 582
863 501
520 904
668 613
25 832
761 840
775 611
752 156
666 99
112 307
54 622
123 994
509 1000
217 892
264 765
687 313
950 924
81 259
827 427
422 232
424 893
889 753
204 679
196 627
734 467
818 666
521 75
10 626
890 231
634 115
772 203
801 966
203 967
55 91
174 581
371 277
52 202
641 909
946 849
336 769
8 122
209 463
279 60
576 599
921 926
586 679
21 230
898 413
820 724
842 581
153 124
214 147
812 276
291 878
591 785
447 436
634 86
571 318
24 537
901 669
138 7
827 342
587 908
547 846
851 45
476 20
771 372
505 507
974 252
468 761
440 327
193 187
566 708
790 158
646 545
479 893
605 371
647 874
970 188
863 970
5 27
645 655
233 393
569 506
827 540
197 27
334 531
999 280
376 435
333 302
369 620
243 691
521 968
49 991
986 76
650 315
446 270
958 332
397 662
820 399
816 752
888 342
522 478
868 200
556 380
584 133
784 282
453 165
802 834
609 809
667 837
503 697
484 188
56 539
77 444
354 839
123 907
774 573
255 639
177 506
240 198
618 884
261 227
335 923
913 207
3 167
27 869
157 69
131 793
473 405
98 737
141 876
266 345
434 480
585 390
552 560
55 55
231 940
627 836
894 184
414 539
78 311
375 590
285 397
877 572
113 435
778 788
682 803
595 36
227 173
526 149
30 594
473 726
922 244
319 602
103 786
64 474
57 346
89 951
351 730
903 808
312 635
259 158
333 4
868 673
320 982
406 275
319 70
240 72
937 644
391 321
62 10
560 278
179 283
970 463
287 236
710 444
101 371
202 58
370 691
88 506
696 153
424 164
59 727
375 193
288 311
994 957
606 996
846 901
909 141
653 191
672 950
687 267
21 307
418 130
360 397
23 69
221 512
207 766
78 222
711 52
368 892
551 671
76 590
557 221
991 441
938 313
880 15
951 137
859 468
105 928
57 845
536 718
434 978
726 904
910 368
115 694
288 146
963 226
255 723
997 190
274 913
734 746
184 310
107 472
611 555
605 593
216 436
121 165
370 524
268 832
757 956
735 19
841 272
745 49
437 18
947 818
469 837
456 932
121 561
148 695
291 27
304 428
325 119
765 104
991 354
908 850
698 85
376 866
853 138
387 811
766 527
721 588
22 399
618 769
285 782
66 407
898 476
13 486
749 391
452 699
416 39
356 351
695 568
790 724
191 400
717 220
477 462
730 559
922 986
665 773
87 827
330 214
496 292
81 690
512 398
363 156
969 370
888 704
959 43
372 41
83 562
620 60
876 823
318 181
597 491
825 4
678 714
553 138
530 298
987 698
60 966
150 760
791 336
532 530
20 737
984 865
928 287
166 159
739 299
90 11
283 482
993 755
265 578
43 796
301 102
740 90
261 507
339 876
859 864
85 104
760 990
678 418
35 442
943 590
633 289
828 298
601 259
500 663
814 907
592 865
688 196
204 100
773 761
133 739
696 392
163 257
812 176
121 222
591 639
999 562
434 806
657 13
75 185
861 440
185 993
151 560
849 934
159 963
438 773
993 482
661 475
805 234
309 498
686 997
340 620
534 325
342 430
343 655
52 694
878 277
406 630
340 804
520 4
893 73
205 254
144 294
695 648
920 731
26 683
364 926
739 238
396 959
558 808
423 570
607 311
726 871
7 561
800 27
162 652
994 818
499 636
710 692
791 881
468 142
957 503
49 145
929 44
79 801
968 107
452 302
829 634
889 960
339 269
142 340
237 854
240 997
930 182
732 613
244 481
590 724
475 58
143 97
818 455
14 918
106 585
188 884
998 522
810 500
866 109
387 64
467 980
119 192
964 565
733 520
481 113
298 681
15 993
514 363
228 333
850 360
970 647
119 764
558 887
578 441
965 161
855 999
645 579
188 711
520 46
591 105
969 895
46 664
791 60
210 799
884 602
541 190
448 90
3 283
371 249
781 932
560 39
637 515
5 807
87 860
124 951
947 76
315 740
84 533
477 223
758 498
597 415
262 964
309 270
550 432
338 685
42 369
715 487
909 20
619 665
150 428
806 563
1000 105
180 436
102 612
76 769
700 833
864 643
93 984
26 337
312 823
286 176
287 650
447 366
405 510
507 750
233 588
249 45
542 611
625 22
760 669
235 122
844 177
594 938
961 294
322 150
303 530
270 996
725 125
249 889
428 744
110 33
984 990
585 220
365 994
837 109
268 861
756 443
645 426
747 636
304 354
682 35
504 818
780 7
179 554
547 465
782 249
