600 1456 600 1129 10
62 383
229 473
356 452
137 217
102 579
444 538
454 590
73 595
83 267
147 560
534 596
386 538
19 523
149 471
408 477
188 356
126 260
244 335
527 549
13 117
555 563
177 263
269 581
66 84
93 331
78 122
10 384
211 332
275 464
88 110
142 390
401 556
54 195
48 174
515 518
306 474
124 486
31 120
236 242
54 178
108 414
52 80
21 553
148 584
74 413
216 353
162 346
236 426
234 369
162 532
239 508
253 487
28 589
12 140
333 483
253 447
68 282
90 282
235 376
50 550
303 418
15 148
409 411
354 587
60 94
454 552
195 511
349 445
228 547
24 118
1 81
221 374
347 537
255 592
307 522
46 415
24 195
192 467
14 170
347 519
62 134
180 199
238 456
154 184
36 89
196 508
66 137
62 545
226 528
376 441
167 321
376 460
274 509
99 434
24 193
77 365
266 402
243 528
190 419
368 450
177 222
75 288
2 86
46 270
211 596
37 151
117 325
318 499
444 516
263 448
327 382
123 516
63 557
477 517
206 459
134 383
390 406
413 572
405 571
482 527
1 179
219 234
244 583
233 341
251 518
237 283
327 429
70 114
466 565
168 270
109 430
115 590
193 216
78 435
168 359
97 373
64 211
363 382
152 546
70 502
111 395
183 238
349 472
274 433
182 294
210 360
8 404
14 367
397 589
39 281
192 555
509 565
240 447
159 596
299 586
167 228
204 205
175 501
80 198
258 498
499 522
170 393
248 508
383 549
6 500
198 527
24 511
275 413
174 388
61 196
139 370
38 141
200 429
391 488
259 504
257 553
118 463
71 372
78 519
511 570
229 382
89 530
142 395
429 557
52 191
69 151
387 599
153 407
284 292
191 199
32 84
339 342
548 594
295 334
293 401
72 346
239 448
156 419
11 483
190 541
310 403
434 524
96 206
215 374
127 339
53 405
449 596
28 470
46 235
118 375
566 594
65 493
447 480
566 578
33 465
538 581
18 165
4 531
235 415
319 356
171 491
278 442
213 548
230 385
142 406
185 504
14 168
128 413
64 260
42 291
357 466
18 425
15 34
321 452
182 591
165 271
21 520
205 365
166 322
170 475
326 348
203 498
1 194
47 471
155 562
340 489
110 330
293 410
481 513
458 479
8 134
333 398
35 381
476 587
45 326
340 511
285 472
449 546
113 506
106 152
203 297
43 300
178 521
400 563
381 577
77 204
153 491
176 215
5 288
208 342
55 340
3 357
362 536
23 102
267 475
473 557
50 227
169 508
70 352
478 539
11 275
55 241
41 270
233 569
285 588
203 388
138 500
36 555
289 400
240 508
172 306
43 77
140 544
10 555
73 506
449 479
338 472
44 352
110 138
235 270
106 546
248 471
248 577
56 245
363 365
147 576
61 85
47 248
99 453
67 428
25 315
5 154
120 298
343 394
366 504
22 533
82 572
62 173
161 359
333 336
246 355
176 314
279 316
30 225
291 507
455 464
93 171
21 507
218 411
389 578
13 42
306 407
231 416
313 492
477 584
21 100
162 274
355 506
377 415
125 247
227 462
182 558
90 410
176 374
70 117
368 550
209 372
393 420
66 415
63 323
11 464
18 511
166 364
405 512
83 137
134 292
139 320
204 488
327 363
9 510
332 481
304 431
47 388
362 369
94 245
392 576
276 395
282 401
23 59
397 509
263 297
190 272
186 444
122 225
348 547
194 386
400 504
29 395
230 445
12 269
304 311
335 583
449 573
184 493
273 280
512 552
292 383
209 210
24 580
86 503
110 567
186 386
6 510
274 461
77 197
375 531
190 261
2 116
17 212
41 359
20 511
127 244
58 244
170 287
122 595
41 441
45 276
240 577
65 416
10 87
15 517
421 500
188 402
336 398
180 191
50 252
431 544
578 594
229 587
96 593
245 505
272 434
10 497
321 402
67 184
377 460
385 599
122 417
34 500
31 457
518 535
90 293
105 285
72 366
102 521
167 544
87 142
0 158
62 329
51 470
193 556
142 440
204 378
38 260
272 410
275 483
267 560
394 450
37 525
193 580
34 296
9 223
310 337
73 417
399 488
214 365
31 572
7 131
423 477
61 523
261 562
387 398
153 474
254 477
3 162
32 158
15 127
107 309
20 178
400 555
206 593
305 456
44 423
64 126
45 285
295 526
207 538
296 408
223 510
244 271
128 152
8 60
76 571
115 494
529 557
221 397
408 598
102 340
285 424
15 477
316 379
68 375
216 278
266 581
0 280
105 453
233 431
93 259
255 331
37 590
318 420
273 490
202 220
0 273
337 551
262 594
81 294
210 286
132 524
289 574
162 446
111 276
243 438
230 338
187 501
403 481
269 319
16 399
100 401
245 486
298 573
187 526
86 116
136 420
160 485
49 292
47 508
476 591
61 181
346 446
408 421
96 194
106 183
148 208
312 569
285 338
226 585
291 436
350 462
186 478
35 577
351 547
105 301
114 352
247 359
478 558
59 281
9 500
199 246
53 454
88 138
112 146
129 135
218 491
230 496
161 168
447 577
205 378
75 213
207 386
205 399
40 233
208 339
144 246
307 392
13 342
238 398
276 326
466 479
219 543
49 383
153 306
103 327
36 406
221 422
221 565
80 461
492 574
141 551
456 495
231 288
194 328
506 592
338 349
72 153
213 217
26 262
436 553
78 468
177 297
291 540
220 566
250 485
450 462
433 586
206 328
12 243
80 172
131 472
12 528
512 571
80 191
184 364
181 523
361 573
443 500
186 539
381 471
219 371
238 445
335 345
83 217
397 422
541 562
89 492
96 328
42 540
334 499
57 514
213 320
135 277
442 556
282 464
72 97
311 341
50 443
85 559
44 114
27 167
107 466
16 21
132 272
222 263
162 357
16 520
358 550
134 404
357 513
361 458
494 536
217 224
196 447
66 302
118 278
5 151
485 564
309 405
522 554
30 113
0 224
75 202
137 302
160 250
111 396
367 518
83 139
77 190
118 193
99 524
228 544
182 539
298 575
51 284
42 557
92 572
212 307
114 502
298 458
56 94
50 358
137 224
83 370
474 491
65 220
112 460
67 533
151 236
316 593
21 436
272 419
313 469
212 568
124 136
75 320
200 327
173 264
136 486
77 316
350 443
157 562
358 418
108 428
56 175
101 591
323 380
293 399
6 421
124 175
447 508
21 293
27 228
220 262
112 119
390 396
257 401
201 385
394 498
9 358
281 381
74 483
348 395
18 58
139 576
151 543
84 224
39 364
423 584
31 494
370 560
116 503
121 174
297 368
10 427
295 554
126 238
338 496
337 403
315 536
285 301
129 421
48 489
128 575
179 386
100 553
271 342
66 377
271 339
88 583
155 261
143 287
26 213
65 184
121 258
57 582
158 273
93 150
59 241
318 522
91 271
123 538
374 470
33 329
251 286
136 561
445 496
119 209
367 486
95 194
164 501
150 331
135 189
94 505
221 509
211 357
203 263
345 425
199 264
125 441
85 578
294 539
179 539
349 496
82 494
6 135
91 439
95 585
330 350
237 484
127 271
181 578
66 475
224 302
164 295
221 314
309 314
183 456
165 193
490 578
66 83
279 379
334 420
97 346
357 532
490 559
311 547
328 363
205 363
155 279
58 344
159 466
229 327
78 417
200 507
14 46
81 539
124 526
391 410
95 243
30 331
166 281
14 287
39 487
383 527
84 302
236 525
34 88
51 586
76 176
151 212
250 380
201 230
252 268
246 409
379 503
101 587
74 145
125 359
282 455
81 591
100 257
261 300
173 527
332 513
343 498
345 484
16 293
378 399
75 416
42 325
243 585
30 122
245 518
133 480
224 594
139 560
495 534
232 347
17 568
291 557
157 541
120 575
283 345
344 425
226 503
497 555
117 352
389 480
198 482
480 523
198 264
352 412
254 423
79 95
102 570
48 567
45 437
212 236
71 146
76 554
466 509
197 459
149 241
387 542
50 249
76 295
256 351
59 471
473 529
8 465
416 493
131 313
153 171
7 141
301 588
103 473
332 357
247 441
23 579
303 430
29 142
467 537
276 472
76 307
456 534
31 575
130 536
30 592
288 568
133 220
516 558
159 479
111 142
564 587
122 435
273 578
299 527
176 295
73 468
485 587
323 529
542 599
232 537
374 397
58 165
42 502
225 537
204 419
192 400
256 348
138 350
196 480
11 272
161 247
362 494
113 595
121 343
499 554
57 112
508 577
252 443
293 391
259 400
215 284
361 479
245 515
425 484
20 570
115 457
131 445
53 457
32 377
193 353
106 145
129 598
7 38
133 389
317 571
325 502
411 491
69 568
207 269
247 286
71 209
19 389
53 298
228 304
457 494
290 563
156 391
269 386
52 172
39 166
183 398
161 518
89 290
116 155
301 312
560 576
310 504
185 337
5 533
509 589
3 274
274 586
218 409
101 476
223 358
25 282
132 157
124 501
110 350
4 362
99 105
107 405
400 467
58 335
28 397
431 528
9 268
37 543
448 508
342 451
149 174
112 376
247 251
186 538
173 545
252 358
373 481
185 574
82 92
194 269
227 443
98 479
164 187
261 541
405 454
10 36
329 465
160 529
76 552
31 82
2 453
36 384
418 550
84 158
414 531
27 351
367 535
145 152
95 379
350 500
41 235
17 139
231 493
143 367
133 447
20 54
165 580
149 340
65 133
148 339
272 483
367 561
155 379
413 575
140 356
197 214
290 492
204 365
396 469
93 366
115 454
22 428
390 530
160 564
68 315
417 595
410 455
356 402
219 590
109 277
42 117
529 564
144 306
567 583
337 504
276 396
15 339
83 320
375 536
308 331
238 599
116 157
103 557
40 86
80 482
157 524
353 442
12 438
139 324
296 517
51 299
20 521
326 437
126 445
53 115
141 492
149 489
93 504
344 345
264 545
421 432
200 205
67 322
46 475
259 467
308 537
38 131
226 243
107 458
93 255
451 540
3 466
323 502
177 368
136 334
133 253
56 60
263 388
52 144
254 408
90 455
230 238
373 446
167 452
331 537
289 563
21 401
281 487
378 488
223 418
59 579
163 553
223 303
157 453
268 443
324 576
94 465
528 544
52 180
228 351
12 544
130 315
27 321
17 320
42 323
126 305
340 570
277 510
155 503
424 437
313 396
296 421
553 597
203 394
326 341
309 565
257 556
119 376
460 514
154 231
30 265
47 448
18 344
506 595
386 539
269 538
443 462
330 462
193 439
222 448
34 517
150 259
241 340
382 587
22 369
18 24
310 366
289 504
87 427
91 165
84 377
144 409
507 520
5 69
309 317
91 597
369 371
99 483
172 461
112 514
47 263
161 535
8 175
218 355
286 360
232 467
119 441
271 597
89 469
104 423
258 388
361 449
62 549
314 317
24 54
164 292
486 518
208 352
335 344
89 406
176 284
38 551
376 377
12 319
229 564
34 138
104 584
401 442
26 202
126 211
7 492
4 414
250 323
296 500
2 312
465 505
75 568
45 424
415 475
140 452
282 442
196 523
104 352
293 488
346 373
218 506
307 552
52 306
154 493
105 542
26 548
183 546
44 104
533 543
40 503
74 106
181 389
72 403
198 199
309 571
6 9
156 488
262 548
188 319
91 556
459 593
85 490
40 569
306 411
405 458
203 258
171 218
14 475
71 112
164 526
16 200
163 451
373 532
559 582
136 287
107 565
235 441
237 345
201 338
282 463
433 589
216 442
223 430
127 583
233 304
291 429
67 364
121 330
40 528
166 178
121 462
234 362
49 299
31 413
330 567
150 537
51 215
64 481
224 548
178 322
39 65
432 500
79 379
132 190
25 464
275 315
355 409
6 189
341 348
484 489
77 419
1 101
154 288
183 534
56 486
6 129
1 328
217 548
109 510
103 429
326 395
147 420
242 426
143 561
290 555
58 271
39 133
200 520
74 336
90 401
121 567
30 595
74 275
0 594
5 543
79 194
182 478
436 507
183 336
87 406
55 579
196 239
307 324
439 556
118 216
385 542
62 404
436 451
123 444
103 229
11 455
65 202
99 542
20 195
26 75
92 494
307 554
320 568
218 592
129 408
454 525
273 582
234 494
315 413
449 534
272 455
121 498
99 157
521 570
116 453
396 472
297 394
337 481
148 477
260 481
3 509
205 327
424 588
237 489
420 576
53 458
72 407
397 470
227 368
113 592
314 374
201 542
318 392
174 258
429 507
249 368
501 526
211 466
95 438
83 475
55 59
53 120
242 307
414 428
208 412
426 552
469 530
188 581
132 434
292 501
17 307
140 167
136 143
373 513
313 472
371 543
212 242
495 596
37 454
513 532
551 574
284 295
46 168
185 289
299 482
286 441
294 591
34 583
318 576
354 476
49 284
362 414
227 450
260 445
83 213
190 300
494 590
312 424
71 119
54 531
74 333
279 300
108 531
12 95
242 552
81 179
274 589
54 118
23 521
48 149
79 96
225 519
304 547
389 566
35 447
86 569
312 588
379 585
14 143
104 148
39 184
225 435
420 499
180 246
60 175
33 404
238 305
99 333
206 214
163 271
169 239
369 414
176 317
442 463
2 301
38 445
129 277
131 349
306 409
108 178
27 256
408 517
56 124
44 254
293 130 585 283 96 356 189 290 567 458 326 164 120 331 152 495 569 322 250 271 288 574 259 23 502 388 449 105 260 144 32 586 553 451 575 469 344 53 564 382 305 464 370 427 366 72 79 46 485 167 481 233 257 400 205 149 65 62 306 456 102 157 407 367 16 326 555 201 366 574 569 309 61 502 208 207 127 103 477 31 346 587 315 567 504 131 561 494 387 219 302 12 78 477 217 541 159 173 591 280 44 518 555 533 276 34 508 113 341 347 269 576 130 109 474 525 174 243 455 245 287 556 183 76 472 358 344 323 390 83 343 447 43 337 522 81 86 111 422 521 44 396 465 355 112 42 349 161 88 382 177 417 516 439 481 164 77 182 30 587 440 590 206 346 0 589 314 395 103 125 493 14 225 281 338 19 509 3 354 78 117 82 584 390 272 476 362 129 116 263 222 205 307 578 234 536 148 286 170 515 435 127 343 365 175 13 228 458 28 155 532 457 463 273 162 187 491 451 358 28 401 149 587 190 451 441 420 114 368 589 380 353 394 41 279 99 151 576 255 66 72 375 249 281 21 77 280 139 361 579 521 563 355 221 566 472 581 389 370 50 591 471 435 460 451 536 596 319 202 60 256 486 378 24 420 367 417 245 442 423 509 10 28 192 418 336 490 334 486 457 267 387 438 238 117 583 361 427 583 409 259 26 114 598 285 323 182 303 528 12 292 219 484 244 58 475 332 381 307 254 209 11 511 404 200 243 462 568 237 250 530 453 183 519 262 565 358 461 504 210 543 150 85 464 314 55 386 273 101 581 409 109 59 118 308 100 568 299 373 375 62 319 457 227 215 340 579 497 31 474 242 434 305 373 368 432 9 62 292 2 41 466 486 596 439 216 215 437 442 11 70 515 267 278 548 18 584 107 420 216 62 17 93 496 478 426 377 8 400 97 453 130 21 20 317 376 319 346 170 393 30 399 381 130 145 424 323 599 152 470 362 331 32 42 111 431 31 338 484 74 469 539 476 455 3 589 427 289 599 437 340 496 476 519 20 464 207 264 412 82 215 520 250 279 525 542 453 463 101 181 554 122 523 585 110 214 174 115 22 274 578 451 571 150 304 326 526 366 88 9 115 428 502 154 454 487 293 137 201 58 427 55 235 84 486 378 431 509 133 146 267 282 37 561 447 277 308 367 569 441 352 417 121 444 329 227 538 580 66 394 292 320 343 425 112 224 570 530 441 115 106 339 419 26 29 10 227 523 467 117 361 162 292 99 171 172 96 528 573 16 121 288 520 250 240 576 551 528 291 15 482 122 183 98 194 530 350 381 428 552 270 531 230 84 88 411 403 535 152 348 329 426 179 67 49 545 510 212 201 286
346 916
923 234
609 181
269 359
576 608
437 674
928 837
406 179
98 558
930 901
338 38
640 410
781 87
911 534
110 780
882 715
784 469
327 688
719 684
465 912
620 729
825 493
521 690
591 788
661 679
629 465
353 820
638 19
183 411
482 4
82 76
495 483
271 927
20 530
865 749
578 887
332 61
433 600
387 241
478 825
676 179
103 856
930 492
733 295
990 705
504 127
172 853
667 911
738 815
137 472
870 943
152 425
91 317
437 532
643 658
637 824
60 647
214 987
768 657
621 856
67 615
461 973
35 477
928 458
360 283
448 830
237 876
500 702
642 495
394 685
963 588
135 996
182 254
3 103
551 375
359 748
287 559
777 318
44 20
801 213
87 372
951 225
517 506
257 780
269 897
411 980
640 172
381 25
838 775
382 123
720 491
765 584
548 517
182 177
35 637
776 161
824 230
209 280
393 436
593 302
774 529
923 274
624 779
890 389
978 684
580 232
512 361
357 482
571 658
998 920
827 824
470 68
194 960
55 133
976 631
454 550
634 218
926 575
631 583
147 957
446 504
761 870
60 62
956 40
126 611
63 887
386 298
842 678
485 422
983 808
608 535
434 166
645 300
469 852
94 519
972 837
118 699
259 825
851 797
268 744
774 63
350 207
456 40
96 729
52 277
544 397
190 994
182 702
906 694
699 822
200 119
420 644
502 391
153 212
451 710
702 242
742 394
633 256
297 918
388 362
964 438
50 803
271 334
817 563
166 549
726 646
531 773
688 43
130 825
629 980
150 768
127 185
114 316
25 428
737 852
95 603
271 530
713 981
581 739
906 210
50 316
447 938
995 161
468 303
467 756
281 175
960 113
157 577
818 34
961 859
682 296
61 355
212 31
718 596
850 205
637 691
513 960
805 311
37 400
28 358
817 437
536 227
416 823
716 929
781 356
822 365
842 258
878 105
895 648
69 946
41 942
375 332
368 667
312 774
846 281
210 501
671 576
299 818
64 196
502 595
395 871
271 417
687 994
937 987
320 893
99 31
703 150
835 953
653 61
918 362
489 238
429 738
170 66
623 114
523 578
171 881
389 630
742 785
447 264
583 1000
549 921
660 834
363 630
747 107
828 707
39 681
31 335
36 889
606 930
853 968
998 424
3 840
895 923
509 859
994 740
155 150
585 11
769 560
722 890
231 124
359 259
676 261
371 849
708 952
7 403
78 128
838 4
206 778
898 889
834 128
141 861
794 620
668 335
318 953
191 343
616 414
486 103
990 889
668 551
737 259
322 920
549 816
659 471
787 748
179 516
540 200
12 923
138 743
398 717
278 146
328 137
880 469
131 541
758 454
973 217
217 594
897 772
736 968
413 493
132 402
707 269
584 199
264 857
961 984
628 80
425 280
88 271
315 648
108 75
313 484
243 224
577 71
587 168
423 128
295 458
611 494
759 296
288 489
224 662
831 57
340 728
733 4
535 728
962 478
281 691
964 556
522 87
867 361
879 256
9 502
817 864
129 100
335 317
572 340
178 634
771 724
532 346
296 221
513 200
878 675
679 797
552 84
843 603
767 913
767 695
755 741
223 323
156 35
529 65
468 182
852 852
610 18
942 619
705 577
991 310
14 238
774 40
300 331
912 947
61 850
5 981
427 425
545 607
865 322
504 785
813 337
191 223
74 745
790 961
526 627
228 753
486 618
35 972
242 288
229 482
586 574
181 924
225 905
777 381
736 224
996 496
596 906
907 331
105 469
307 56
523 252
877 139
572 284
693 886
435 890
435 74
753 424
266 654
165 726
757 937
509 45
445 109
213 444
532 307
786 426
260 85
730 527
776 9
267 233
76 541
344 507
361 67
153 266
957 773
57 240
720 417
86 235
919 612
533 440
582 634
209 873
402 753
24 59
910 992
700 354
157 677
917 801
241 443
971 720
564 129
741 705
374 606
315 0
547 691
859 415
987 970
660 93
904 836
179 367
631 340
76 43
867 496
522 111
775 113
740 580
449 13
95 885
695 537
855 916
922 71
442 219
248 318
531 898
661 973
448 390
801 926
858 545
721 40
602 223
412 561
666 413
427 309
477 507
377 459
812 284
231 933
144 324
838 894
666 517
639 435
37 597
369 383
202 84
21 30
401 108
191 464
649 885
470 149
913 423
110 236
183 815
959 328
947 725
942 145
400 408
458 888
325 262
126 378
610 386
724 758
973 386
72 689
550 849
769 404
708 786
371 980
109 213
338 161
444 758
501 530
406 322
473 215
254 19
736 915
222 618
882 846
129 580
987 549
706 210
254 177
16 654
25 181
842 475
587 971
268 391
958 907
655 711
338 562
301 300
231 960
5 707
970 70
898 748
14 752
119 0
812 460
605 747
286 637
486 930
628 284
394 580
165 611
84 424
698 125
939 432
394 84
606 629
277 297
500 656
426 347
46 765
588 520
131 74
883 50
915 159
888 507
650 272
557 255
462 604
693 97
7 456
464 363
587 48
329 852
80 455
881 986
333 234
334 603
812 540
259 602
282 68
727 558
902 449
997 115
339 985
186 762
82 710
661 240
292 118
948 398
303 415
382 914
770 835
368 712
620 143
641 755
311 534
538 494
462 414
306 168
475 449
229 687
573 922
366 938
605 808
696 638
841 29
278 950
819 759
935 702
750 180
155 371
972 360
567 152
201 394
475 578
980 251
76 165
792 263
365 891
34 81
410 369
794 583
996 780
525 282
