600 1361 600 705 11
106 357
10 214
140 596
28 401
163 316
239 543
138 508
1 320
24 94
319 346
27 55
25 501
1 595
44 141
94 288
71 537
98 329
470 511
101 409
28 42
5 66
34 184
64 347
113 226
122 552
186 478
338 434
482 588
31 50
221 231
264 340
146 374
520 581
109 484
43 169
427 559
52 82
37 481
1 352
30 196
167 291
90 423
363 401
47 456
282 466
14 143
285 375
18 394
49 222
153 359
210 292
74 329
128 458
553 562
34 480
13 393
325 587
27 394
232 305
93 166
221 435
42 353
154 511
85 290
351 476
235 555
38 571
339 544
215 511
249 281
37 165
488 495
194 209
293 372
11 233
257 483
284 542
94 428
175 283
5 284
337 385
25 113
18 27
11 26
2 559
105 414
544 561
272 384
80 411
43 135
45 151
246 518
314 424
265 457
419 438
227 457
88 405
472 504
386 495
515 522
86 366
301 340
138 242
231 592
104 244
46 167
147 315
61 497
208 485
4 147
158 550
19 285
391 402
64 133
141 574
73 253
300 315
120 435
182 380
369 565
105 106
81 587
253 526
91 340
332 522
66 457
83 562
377 582
49 236
99 475
144 166
16 112
266 390
408 521
268 326
488 497
371 411
16 285
0 24
199 551
438 490
373 519
118 289
162 574
153 475
553 591
115 418
250 279
116 127
536 566
91 299
35 564
176 500
278 371
275 482
187 349
420 478
156 384
86 145
524 527
406 574
456 585
394 452
123 453
131 299
425 530
116 416
31 580
502 543
228 251
189 244
142 235
35 64
120 592
289 593
250 528
25 55
33 384
193 210
46 496
234 306
409 494
66 415
88 530
521 583
242 399
402 527
368 595
241 433
403 472
183 200
26 142
215 479
107 516
268 293
352 420
512 538
408 517
338 387
257 295
126 480
104 346
113 365
30 466
342 520
141 373
24 339
136 177
239 532
36 260
512 588
21 247
397 599
30 478
141 522
25 226
4 584
480 545
344 400
319 460
381 596
88 174
63 201
271 365
79 341
79 589
429 471
319 535
214 225
28 413
275 478
67 334
338 507
139 588
5 570
195 197
332 493
562 591
358 550
379 469
36 325
148 407
213 573
67 335
146 356
68 375
446 477
223 439
157 352
65 161
45 189
23 36
62 512
206 594
249 331
8 296
163 597
24 464
14 273
151 451
261 487
350 474
231 384
253 505
178 406
284 511
143 566
52 525
198 395
129 270
278 528
21 333
372 596
97 280
136 256
132 314
39 163
313 509
187 501
374 564
162 334
369 553
345 406
133 347
5 542
220 263
39 444
258 403
63 495
157 254
392 478
431 470
317 328
317 478
23 587
510 588
150 423
189 340
67 162
55 298
315 372
124 420
165 392
298 452
222 509
3 582
70 242
132 424
282 510
222 236
117 145
237 552
234 597
361 500
124 352
460 535
67 80
220 256
96 102
143 148
79 367
143 552
196 200
419 477
101 300
223 397
563 569
206 402
197 251
268 575
158 277
47 307
257 353
348 424
222 313
149 321
99 153
34 382
47 113
112 375
121 355
121 264
314 399
517 549
15 475
256 462
243 257
123 290
491 599
309 555
28 483
81 276
38 506
356 534
263 479
146 166
428 550
78 137
265 297
102 440
119 287
537 565
228 461
572 597
121 229
279 371
13 563
137 498
61 495
18 218
3 503
380 422
112 593
348 486
532 543
308 342
144 146
457 518
402 414
210 308
89 216
243 353
134 502
404 437
439 456
131 264
234 491
442 466
25 168
1 86
331 458
180 558
210 398
364 532
197 586
233 303
98 323
106 366
425 472
54 399
213 497
429 455
234 599
269 429
78 260
170 451
21 412
77 146
234 397
81 390
202 326
262 368
404 495
122 416
397 516
50 280
174 512
194 212
184 546
70 399
36 186
202 575
141 162
37 157
18 25
150 464
76 291
433 455
10 249
358 496
527 582
237 416
28 347
83 537
59 73
218 230
424 486
194 499
12 547
15 556
179 459
388 536
368 381
152 584
65 554
295 487
203 507
519 557
393 569
474 532
114 167
269 274
302 582
22 583
127 416
152 461
123 160
111 536
194 520
162 335
373 440
359 556
80 539
443 487
296 328
32 74
94 158
262 596
410 549
144 390
337 384
258 445
439 547
134 305
107 379
357 414
532 568
11 235
169 457
433 471
136 523
357 402
46 358
253 387
474 572
51 288
272 337
277 338
1 172
218 224
247 514
531 534
60 211
142 263
58 529
268 545
326 545
124 192
486 500
185 433
517 569
22 44
389 533
154 555
310 546
343 362
148 360
119 450
416 552
397 551
181 208
71 423
144 171
61 128
291 430
138 581
445 504
251 584
290 480
320 494
300 596
284 555
316 568
262 575
109 548
24 358
145 320
235 309
183 196
225 375
366 590
216 454
167 405
98 459
490 513
474 491
255 478
281 285
201 485
156 592
114 425
329 432
98 179
179 323
296 322
351 528
103 471
21 314
456 547
385 472
459 479
276 326
33 196
346 598
219 280
450 531
233 265
72 200
32 479
444 568
467 504
306 456
93 374
48 587
48 325
100 359
248 280
66 284
16 19
64 245
305 327
516 551
164 423
383 581
474 597
295 443
59 516
68 170
98 533
188 399
80 440
16 370
69 131
339 358
289 535
1 124
4 152
104 413
12 47
141 515
115 137
466 510
201 252
86 172
26 360
215 431
411 524
328 478
135 166
358 544
517 521
225 395
351 380
223 306
222 489
185 269
71 475
165 420
186 260
26 407
419 513
9 439
292 339
274 528
132 361
447 497
140 320
455 471
126 438
552 566
385 504
20 593
147 197
431 490
244 301
93 233
173 273
155 338
163 473
443 544
192 478
43 144
83 475
296 427
448 547
124 137
454 477
63 376
203 277
461 584
130 362
140 381
347 427
63 576
63 578
301 398
302 402
104 324
326 575
18 230
133 598
43 276
108 272
223 234
272 554
499 520
337 504
6 545
160 453
140 494
558 577
190 543
40 500
57 549
46 405
568 572
20 127
238 362
144 356
211 505
207 406
16 173
310 315
208 376
62 443
59 551
181 514
67 440
118 170
73 505
152 546
145 195
388 535
106 145
408 557
61 488
104 354
12 258
75 258
78 418
336 566
30 442
401 463
11 360
254 590
102 539
33 156
56 367
55 238
37 219
120 445
218 585
192 255
124 498
393 517
221 337
132 208
69 264
284 297
256 479
265 518
379 516
367 589
13 506
173 416
287 317
492 523
50 219
500 573
20 416
383 423
305 502
240 567
29 92
280 311
96 440
166 227
97 311
172 352
386 437
125 418
195 409
149 447
342 499
263 555
150 342
125 202
106 586
86 254
161 554
218 589
562 565
23 119
56 218
246 265
180 510
334 373
104 217
221 504
470 570
63 386
371 582
66 518
203 591
426 466
154 215
176 213
141 334
125 587
116 535
224 589
392 420
72 183
256 263
332 345
194 581
522 574
73 516
94 550
103 493
268 596
64 531
485 514
403 448
2 119
308 464
113 168
195 586
67 373
38 267
109 344
65 577
137 418
114 291
16 593
280 594
18 168
174 180
221 384
283 305
421 535
180 512
190 364
350 599
34 453
157 594
236 313
149 497
296 317
361 376
378 580
181 314
387 526
129 539
89 382
139 296
330 382
378 410
229 264
121 189
17 274
332 574
116 122
341 597
319 421
301 401
261 339
204 240
126 436
120 506
97 270
390 450
135 227
38 549
255 498
63 485
140 368
38 410
165 219
121 151
56 159
119 531
27 452
102 129
9 547
403 467
138 399
356 390
209 299
24 51
261 292
174 405
194 333
272 530
69 299
167 526
85 480
128 447
75 445
213 576
242 383
50 248
221 592
73 155
373 449
355 495
93 303
88 425
534 564
384 577
224 585
29 97
365 569
149 213
5 436
182 351
553 567
104 463
250 582
247 485
565 567
354 598
329 533
3 400
335 406
322 538
186 255
278 279
320 595
208 514
496 544
306 439
179 490
228 584
89 454
62 174
345 471
32 462
59 505
36 78
506 592
240 294
9 60
382 438
51 556
50 580
132 376
396 506
43 166
491 597
297 518
350 532
100 318
108 530
140 595
248 378
116 388
84 204
259 543
175 338
330 438
155 175
196 426
413 598
82 364
112 285
168 456
467 472
207 345
81 144
537 567
332 515
77 564
449 517
321 458
200 282
79 597
246 297
436 570
275 442
171 276
325 418
201 212
28 363
42 538
57 96
214 395
34 541
59 199
228 484
53 379
420 481
58 519
111 374
299 342
127 535
235 263
25 27
68 417
197 409
443 561
524 582
419 446
137 262
313 486
62 295
233 235
190 532
225 281
376 576
159 163
279 528
100 288
501 569
57 410
400 503
79 306
137 202
216 541
488 578
44 583
336 536
22 187
81 125
7 47
290 453
121 437
52 568
30 392
5 415
42 512
163 341
50 378
38 517
61 447
124 368
408 449
353 512
9 468
160 546
163 579
20 370
195 494
408 583
7 365
215 459
238 343
175 305
112 289
91 210
30 165
557 583
286 528
69 340
96 449
356 531
92 129
262 381
169 415
33 580
115 202
10 128
101 494
337 472
465 530
330 419
357 586
60 468
260 498
228 548
8 322
301 463
175 232
532 572
448 472
76 425
185 476
500 509
110 351
147 584
12 403
201 247
121 198
345 493
145 586
346 451
198 417
55 343
75 365
45 217
219 594
474 599
113 501
44 529
154 479
7 113
0 193
5 126
11 303
161 272
188 412
353 483
370 416
507 553
117 320
6 310
446 513
436 470
189 217
92 270
2 317
286 344
462 540
117 195
193 292
178 304
128 331
149 458
250 286
391 527
139 538
519 583
6 290
176 509
312 377
317 427
185 455
131 386
79 224
221 445
41 224
53 543
84 240
23 325
4 315
72 577
213 500
274 476
349 569
32 540
87 421
62 243
379 397
107 155
442 482
75 563
278 304
369 562
64 559
338 441
268 310
108 465
159 473
316 597
176 489
360 407
254 594
55 501
173 370
206 414
127 289
321 489
355 404
489 509
76 526
302 377
348 361
178 429
440 539
164 475
22 130
76 505
177 462
259 350
13 75
95 532
378 506
68 289
318 562
173 237
73 338
347 413
436 438
92 97
34 85
267 506
434 553
123 310
198 355
165 196
212 252
24 150
230 452
542 570
5 480
140 300
284 309
141 519
251 312
271 569
403 547
100 556
86 320
431 438
398 483
211 468
365 563
166 265
293 310
76 253
248 270
132 348
352 481
200 426
91 308
446 454
155 441
31 165
34 216
367 473
35 133
349 521
35 534
37 352
377 402
315 409
149 489
4 546
399 508
47 547
359 475
41 456
267 410
277 387
312 548
377 586
8 28
157 219
243 512
510 577
9 448
39 159
71 164
32 329
129 411
248 410
0 339
19 173
521 569
243 295
53 175
355 437
88 161
179 215
388 421
43 171
304 406
363 413
214 249
94 358
215 470
151 189
111 566
202 276
157 172
319 560
84 175
286 351
142 220
71 90
105 366
71 383
301 483
48 125
208 314
72 384
27 298
53 232
302 527
202 418
391 524
576 578
303 374
329 389
538 588
47 168
212 247
529 583
88 180
244 463
137 368
377 503
184 216
81 202
365 501
182 476
257 261
136 492
21 181
147 409
232 502
245 347
96 549
175 441
500 576
21 194
511 555
312 503
145 366
401 413
105 206
3 286
127 593
139 275
148 205
316 572
65 180
97 391
356 564
7 307
187 343
84 134
211 223
209 212
89 477
218 367
445 467
0 464
41 306
196 384
269 278
136 142
91 301
248 311
438 513
93 265
266 450
0 308
312 400
23 390
49 489
401 483
35 560
95 572
375 417
573 576
191 226
28 353
161 180
31 219
30 275
10 395
174 561
297 309
65 558
296 347
324 346
425 465
51 150
154 263
57 102
262 268
175 434
73 107
136 407
2 287
507 591
177 256
329 459
109 312
54 71
371 524
268 372
40 361
118 451
425 430
277 526
8 347
277 507
235 297
451 460
80 129
204 434
554 577
252 386
465 472
271 563
343 501
395 417
14 237
488 576
87 388
75 307
434 507
158 167
116 336
30 426
29 391
204 567
341 367
315 546
431 436
149 176
291 526
34 290
510 512
57 129
379 599
410 506
105 590
217 324
476 211 384 438 351 144 456 359 415 593 362 206 481 113 467 440 220 198 19 250 38 124 276 472 492 372 353 508 277 227 238 97 559 46 558 496 153 133 210 464 456 421 94 419 502 239 568 242 7 184 264 413 552 513 375 362 38 176 452 96 542 454 265 430 476 13 486 591 311 470 131 576 346 515 42 55 179 56 131 72 67 404 22 530 100 41 150 494 29 109 238 103 295 460 124 44 385 492 48 235 496 230 336 579 226 328 173 199 3 267 153 329 27 460 256 557 481 42 572 456 241 539 243 557 525 583 472 512 243 239 518 312 309 291 125 51 548 410 424 174 549 502 365 300 142 594 445 257 472 403 300 311 388 553 528 495 198 158 94 417 48 26 452 184 337 105 277 53 238 473 245 315 246 174 283 414 173 250 557 481 243 345 198 81 556 516 245 498 37 484 274 552 453 497 216 419 188 391 541 180 23 495 69 257 558 263 370 227 115 21 339 504 528 368 233 515 388 196 441 491 105 326 211 8 450 420 550 338 70 181 406 226 560 295 168 0 129 121 0 48 92 58 194 68 164 83 522 16 598 23 87 59 333 169 521 253 63 336 497 527 526 237 377 383 385 458 559 584 519 20 95 53 218 154 556 323 405 261 502 27 355 580 170 4 335 16 331 500 521 321 205 502 123 568 356 540 202 205 83 576 229 510 181 221 227 323 450 289 44 0 436 346 181 63 119 462 59 93 257 78 272 163 10 19 184 292 536 139 481 451 521 346 364 237 116 58 176 10 580 374 378 387 46 75 511 270 214 453 296 186 493 67 555 234 172 415 117 444 335 228 142 339 257 345 444 276 91 544 401 412 337 388 474 455 40 352 273 263 42 359 366 598 386 479 425 390 281 160 470 340 471 366 547 592 212 299 73 219 509 319 222 103 180 131 497 528 229 451 23 266 239 253 302 243 553 195 16 424 571 276 153 270 127 440 248 97 355 82 453 461 195 373 36 35 311 435 486 210 157 430 272 366 309 318 249 297 472 244 434 529 316 386 381 420 403 549 595 511 393 466 350 148 26 150 586 321 65 354 391 527 56 277 554 218 458 253 551 413 373 576 526 164 46 321 23 413 596 366 204 141 196 78 274 344 98 549 17 388 208 84 85 24 41 117 400 230 354 355 70 84 25 551 569 204 100 482 244 167 552 466 578 8 296 229 364 425 85 380 388 465 339 40 327 46 201 334 273 80 483 508 62 370 136 362 383 473 417 303 218 351 546 397 72 259 183 24 503 290 589 447 206 553 557 188 401 163 508 332 367 39 174 451 384 18 531 390 152 372 79 175 452 556 354 386 190 589 431 148 179 525 63 85 397 28 297 364 239 439 247 252
576 248
488 734
645 565
302 927
538 959
770 810
653 864
146 415
586 448
228 346
938 268
918 700
206 394
177 475
976 577
557 124
952 428
144 920
68 338
990 433
905 456
746 88
20 591
666 623
550 219
87 413
937 707
34 412
623 425
305 750
454 551
346 618
967 851
345 535
700 932
716 522
616 625
396 645
198 559
12 139
862 103
128 298
565 444
737 704
16 662
788 366
478 282
136 384
649 661
996 47
303 635
566 165
50 50
241 81
626 30
28 468
19 249
198 666
46 703
277 223
221 306
909 226
518 360
844 149
693 520
440 412
781 786
124 764
866 382
744 235
632 55
547 33
412 471
301 192
995 854
171 431
346 272
768 597
579 657
126 245
193 738
676 697
85 13
496 42
323 26
694 911
467 767
824 572
452 359
751 975
577 68
694 250
291 734
822 636
500 226
119 104
162 680
327 725
927 920
482 60
478 132
533 832
196 691
0 885
736 398
423 771
431 792
269 151
369 391
378 988
165 959
807 583
910 391
109 425
437 292
607 721
878 506
470 826
829 425
675 580
266 480
791 287
887 550
632 925
493 691
650 689
771 852
872 472
950 234
239 735
3 622
762 205
824 63
694 474
264 9
777 684
965 745
568 697
674 70
537 522
519 783
58 729
936 732
946 589
728 645
459 793
748 610
507 917
972 618
933 172
587 149
783 325
552 979
478 90
917 833
307 144
318 520
403 690
436 206
5 182
646 960
421 392
88 761
51 158
544 99
409 612
791 668
420 270
111 385
767 769
841 405
720 684
445 696
990 500
476 331
315 63
927 129
1000 763
118 845
906 921
477 410
773 47
189 994
381 503
646 985
114 942
544 601
56 546
729 14
764 339
157 17
81 457
495 638
609 248
738 152
456 851
398 554
462 913
860 312
268 246
418 525
796 167
624 750
409 120
399 42
996 644
358 748
95 843
802 73
743 183
625 271
251 284
763 155
892 168
957 313
886 869
705 995
767 377
78 283
350 646
957 768
319 443
986 29
203 274
102 307
920 329
90 438
813 706
475 971
766 287
14 333
331 465
263 71
882 691
167 209
920 747
975 2
926 526
9 496
165 49
355 7
33 996
663 50
540 370
733 344
634 516
842 735
764 99
282 649
996 313
270 941
455 940
772 174
325 247
419 717
513 625
986 779
585 337
233 394
180 96
545 665
625 310
581 760
940 808
772 266
831 716
686 621
212 583
623 828
157 893
278 704
132 470
392 405
987 558
181 925
516 533
693 715
395 180
177 881
255 891
353 678
973 334
434 508
298 45
850 811
968 397
260 968
656 591
511 175
863 418
668 892
399 289
599 287
604 868
396 4
552 343
550 506
861 749
7 411
718 197
554 830
681 311
345 863
855 652
142 862
248 39
152 267
184 406
630 246
887 791
611 896
330 705
377 956
931 17
761 14
554 896
72 124
594 569
444 114
779 458
487 774
995 150
545 457
904 951
774 404
639 638
643 775
288 22
564 565
952 908
809 942
995 278
49 795
746 133
105 749
108 793
864 561
340 423
328 141
570 274
735 268
52 217
652 196
12 524
335 995
44 819
768 427
625 493
839 48
71 529
153 133
193 965
436 677
568 394
737 425
830 260
726 569
394 808
494 267
503 126
932 669
841 97
3 575
653 414
132 9
134 446
436 753
58 245
531 732
441 43
940 470
223 858
594 850
132 708
792 601
913 357
828 124
374 881
257 602
232 133
237 974
548 764
778 944
610 67
372 478
322 377
804 198
346 213
841 522
994 927
698 638
325 782
457 590
180 505
45 380
905 314
304 505
238 206
654 311
689 9
339 968
656 352
366 800
261 373
818 235
465 308
81 808
974 677
127 603
512 880
224 615
233 777
731 45
676 430
379 778
743 792
910 495
890 340
593 681
827 955
477 651
792 511
306 994
574 105
818 33
391 330
433 541
588 531
477 222
87 905
367 289
869 907
947 874
36 964
384 84
282 457
817 870
792 236
819 917
192 313
158 734
317 107
482 527
533 326
52 123
251 423
806 996
934 214
255 350
142 627
705 597
805 400
5 377
679 952
768 992
41 921
135 320
795 729
979 202
933 892
799 452
508 987
983 815
696 335
621 198
363 356
460 524
266 399
249 319
192 128
849 857
23 891
324 355
22 219
138 158
516 83
136 984
793 978
519 585
937 838
706 858
430 640
491 501
631 372
444 980
807 132
889 33
570 319
884 198
973 107
871 951
138 186
992 730
12 844
509 807
838 230
490 309
906 196
521 680
688 152
877 89
67 492
232 53
356 937
287 413
300 251
230 535
375 136
676 33
949 93
470 448
856 836
516 391
862 979
792 100
3 757
281 195
147 560
832 764
67 678
672 128
112 575
37 765
980 703
273 819
3 30
350 246
322 827
193 942
41 670
393 381
703 577
152 78
969 953
729 546
854 486
845 583
481 8
520 451
189 711
998 831
745 955
810 815
201 70
529 285
654 829
590 961
207 349
406 974
189 620
456 213
256 227
913 561
410 65
407 422
913 782
545 156
82 640
463 426
626 545
770 505
531 306
440 85
158 463
756 535
463 18
874 586
431 0
89 108
124 497
810 835
203 521
106 123
884 145
68 782
621 780
864 140
438 445
854 207
62 180
318 603
679 102
294 877
64 630
525 976
112 346
432 846
672 662
495 469
97 270
415 744
421 102
286 480
880 451
375 717
501 752
575 824
114 190
696 431
176 156
