600 1199 600 948 9
440 447
532 579
236 412
357 549
288 495
191 242
29 467
387 554
87 397
302 338
25 227
253 480
223 433
127 196
88 264
54 245
351 353
369 529
249 595
539 583
222 461
240 366
69 594
187 489
174 542
351 371
485 567
23 183
324 404
26 208
62 540
417 483
18 575
280 332
273 576
229 487
359 573
194 351
7 274
105 217
176 375
135 457
54 360
203 326
99 480
138 379
10 589
386 395
287 584
300 433
269 522
23 352
129 231
27 554
134 590
258 406
141 339
13 463
9 67
119 454
454 597
58 426
208 495
343 446
482 536
163 504
108 361
11 229
36 112
317 584
222 585
155 443
115 364
273 357
0 3
57 229
28 140
14 327
136 422
357 377
333 589
43 269
159 460
303 569
95 265
192 284
76 144
262 288
299 461
166 403
34 416
423 509
133 349
459 547
271 513
80 327
147 552
401 491
172 493
316 456
127 545
44 559
50 556
423 539
38 78
44 567
457 537
206 375
91 420
332 400
180 195
94 162
228 430
168 277
101 508
249 443
151 397
230 250
110 354
58 191
91 596
120 443
166 530
130 319
194 287
51 327
345 486
126 379
115 129
156 426
144 505
31 98
140 413
48 223
301 371
397 547
20 471
341 465
131 340
32 41
40 81
135 251
14 134
18 123
56 338
313 337
31 278
209 454
271 455
229 462
103 139
164 297
199 236
169 425
216 369
92 342
211 477
192 444
52 305
174 270
210 401
3 134
205 504
123 179
166 297
188 567
35 411
160 519
80 574
291 586
38 421
205 314
329 456
226 479
119 449
20 347
19 110
114 566
22 272
96 195
174 441
402 594
480 565
418 589
388 435
236 338
424 564
207 329
30 100
406 527
77 386
130 457
159 256
2 129
126 521
51 266
407 573
35 505
131 158
143 485
68 466
154 160
294 407
554 563
149 224
188 271
61 374
85 202
160 598
562 588
244 344
179 571
117 407
221 489
104 271
272 489
88 417
61 242
26 98
120 251
296 516
497 555
390 538
229 490
152 515
19 370
359 382
3 414
108 503
27 485
524 541
385 596
14 525
284 517
176 321
226 366
259 466
226 240
144 219
355 488
244 527
272 446
119 341
62 351
55 63
361 373
254 418
287 474
181 216
252 433
435 483
7 12
494 513
230 237
408 508
118 459
380 594
0 248
74 450
120 155
37 277
395 419
202 567
56 369
137 241
79 386
181 292
8 339
64 360
238 520
218 445
108 268
128 324
207 512
17 127
8 455
88 463
96 180
67 72
362 426
469 534
141 153
21 453
462 466
126 539
537 575
242 431
212 570
66 458
154 519
100 136
137 319
220 364
298 479
41 580
52 165
24 588
121 373
23 220
52 111
246 473
237 255
255 587
34 210
246 261
116 442
298 492
496 548
188 515
170 391
339 386
18 487
116 280
220 249
77 214
404 570
281 295
123 475
137 393
245 344
146 412
164 166
279 552
101 595
39 181
51 200
59 150
34 68
150 310
301 328
175 430
335 435
331 337
151 304
581 591
25 407
426 429
196 551
88 157
173 251
332 554
98 428
462 534
161 449
279 331
27 439
122 194
49 510
163 596
477 511
148 414
38 324
74 359
76 483
55 468
327 590
151 547
287 353
68 225
361 549
155 215
169 299
19 380
108 549
111 451
28 313
83 423
445 569
386 592
297 348
95 220
194 235
161 440
276 299
253 400
172 348
358 443
4 171
359 557
155 173
107 125
486 564
448 469
167 386
401 456
234 340
255 389
249 364
284 348
229 523
104 455
149 434
471 595
403 496
85 439
21 594
16 49
256 526
316 416
201 254
422 488
539 594
491 572
157 264
37 254
158 524
365 586
71 257
145 396
42 196
135 259
53 332
26 495
97 455
178 490
19 354
184 527
206 514
87 349
290 444
118 484
133 295
40 49
152 188
192 530
113 282
482 597
340 550
278 538
379 409
130 571
288 330
177 551
227 294
139 307
73 195
309 466
162 507
393 559
43 553
146 556
216 518
41 388
153 455
70 590
59 180
260 352
279 313
112 514
462 537
106 438
222 553
489 542
100 333
465 578
16 246
23 543
394 528
146 226
230 532
318 455
148 168
191 426
243 543
566 574
373 377
394 574
72 451
151 198
176 303
11 490
93 538
48 422
13 483
379 527
442 559
271 367
368 396
313 331
329 416
161 415
321 393
244 380
150 308
149 214
277 418
437 463
387 573
413 507
328 371
394 566
82 114
289 496
252 301
357 361
60 543
109 524
77 395
306 404
392 539
440 482
491 549
281 349
365 411
171 436
254 267
25 294
146 293
198 451
474 584
350 445
97 104
79 399
398 407
162 461
126 409
365 425
383 437
574 582
203 373
7 322
343 420
400 520
100 577
50 293
138 244
152 559
31 254
17 517
43 368
194 506
16 461
186 270
343 489
64 531
155 220
79 218
11 196
246 283
86 393
26 428
544 594
25 39
86 282
193 276
182 422
133 484
423 583
61 307
160 356
197 458
113 179
57 551
252 589
252 371
296 578
6 137
124 561
427 548
22 187
127 383
45 136
43 222
84 499
257 289
347 555
9 299
267 317
500 599
17 493
18 130
415 486
75 565
39 292
324 421
264 325
218 318
53 197
9 550
31 495
34 503
425 560
542 552
298 434
121 203
48 312
13 388
70 134
277 414
332 563
107 565
117 239
40 410
259 537
105 579
211 354
90 460
33 596
160 524
112 206
469 512
64 246
402 502
298 342
399 455
182 582
287 351
208 228
535 563
276 519
200 574
181 369
179 197
171 228
94 313
72 305
314 330
84 208
23 364
180 437
1 313
235 306
49 498
18 179
452 532
208 499
212 328
17 437
434 501
181 529
100 277
3 12
198 397
125 562
279 542
51 80
121 309
101 408
185 455
42 127
93 391
54 344
368 522
172 219
217 579
56 567
523 575
211 323
285 546
161 597
88 483
211 502
157 325
58 362
82 590
300 311
354 502
213 323
200 266
132 358
59 336
253 535
206 508
311 312
443 595
440 597
449 486
484 547
54 64
23 260
185 318
97 315
162 269
213 453
284 297
91 446
338 529
441 499
303 513
410 472
367 455
45 100
93 117
121 326
450 557
43 162
153 302
440 584
516 533
472 596
102 438
262 495
252 384
23 129
515 567
118 405
120 132
259 462
7 240
68 448
135 378
121 346
158 550
169 507
382 535
67 204
255 295
27 387
116 143
241 443
9 158
236 302
35 438
311 570
89 159
55 285
425 586
117 175
469 490
135 173
0 233
268 361
120 173
472 564
59 463
313 548
295 587
61 500
81 145
190 336
37 278
260 543
126 184
154 598
157 493
291 505
86 559
376 587
255 484
447 536
25 274
361 377
196 545
194 328
65 263
35 219
5 588
247 385
2 471
125 588
140 164
356 531
214 386
219 372
253 563
234 451
83 583
423 482
257 444
116 559
52 568
230 381
118 165
404 467
79 350
44 485
96 490
90 579
156 429
142 230
142 389
363 516
515 559
156 242
218 367
258 516
78 511
372 438
182 488
91 343
53 400
71 289
40 498
259 309
281 376
34 108
166 548
46 388
71 107
219 505
85 398
55 479
209 406
146 479
57 196
201 267
207 416
137 282
130 282
141 236
144 381
445 497
318 367
194 467
12 240
215 346
63 366
192 517
210 316
233 248
371 384
306 467
168 390
87 476
293 434
297 530
461 519
139 342
48 577
115 249
387 535
333 577
173 215
58 431
408 593
70 114
487 575
348 517
135 319
194 212
311 328
292 398
7 558
300 301
190 310
308 310
195 490
209 509
22 596
266 307
352 481
47 66
29 122
113 280
30 418
47 196
132 137
34 572
212 506
151 451
411 413
10 433
148 248
65 568
233 538
12 558
40 368
384 418
338 369
316 329
0 170
282 571
69 544
122 447
171 208
286 432
337 548
113 197
176 494
57 487
190 526
26 430
189 432
336 463
247 432
3 63
210 491
148 538
415 449
355 582
83 421
349 484
136 577
4 557
328 351
230 452
65 144
448 462
24 186
392 583
273 481
68 503
39 274
278 428
216 398
83 128
487 523
16 222
304 459
123 458
24 270
286 314
118 237
22 91
513 569
87 484
316 401
114 136
16 585
208 478
296 341
380 464
47 290
62 474
163 385
73 490
396 522
170 233
201 384
103 298
528 590
139 546
18 457
421 583
20 36
290 545
139 374
95 346
237 263
214 419
84 171
72 340
322 558
411 438
17 444
74 117
296 406
360 531
2 595
239 538
403 548
8 592
314 432
309 378
381 483
459 484
328 506
33 163
94 507
69 126
182 566
111 305
40 510
359 387
174 187
111 459
235 570
509 521
112 508
2 20
67 299
34 225
39 226
187 441
285 525
172 417
199 412
387 398
520 565
184 521
163 415
491 576
304 451
363 561
238 480
280 554
334 440
2 115
67 305
186 441
334 447
341 345
66 551
126 423
111 165
524 598
232 352
275 349
59 310
65 291
341 406
105 483
99 499
35 365
397 484
92 224
287 447
213 511
104 315
417 493
274 322
144 291
448 534
153 338
340 451
140 411
38 404
11 178
156 374
207 225
224 434
104 567
310 329
327 528
466 503
62 353
434 479
220 265
190 580
184 209
20 112
1 94
301 311
533 578
171 557
179 458
251 319
124 363
23 265
27 116
266 599
4 253
189 385
281 587
285 591
93 322
170 558
56 97
238 400
62 371
419 434
37 390
262 286
566 582
122 467
76 172
167 395
8 399
237 405
175 239
189 247
244 470
262 478
428 538
48 300
268 373
370 402
169 586
446 489
225 469
197 280
261 531
117 322
265 377
184 406
152 321
109 531
313 396
114 182
184 409
204 305
199 226
510 585
293 556
293 479
433 589
247 504
241 375
148 277
228 320
29 324
47 551
45 114
84 99
424 498
154 158
339 592
50 395
283 561
80 528
21 539
136 182
449 597
112 593
202 439
80 200
389 579
282 319
456 526
141 302
347 514
397 476
205 247
2 249
131 541
63 285
264 463
117 538
306 570
333 433
39 240
234 541
141 386
223 300
15 555
474 540
399 592
268 503
105 335
63 525
60 231
183 377
183 352
119 597
214 501
296 533
221 343
320 430
198 275
453 502
122 423
8 153
392 453
510 553
17 192
124 498
29 128
292 294
185 218
478 495
526 580
152 393
92 429
22 286
53 520
289 427
200 599
436 557
275 376
53 458
461 507
71 290
59 308
41 89
145 368
32 580
439 485
114 414
119 209
187 286
67 169
79 185
53 66
95 373
423 454
323 502
365 505
325 493
230 263
154 276
90 389
253 382
303 494
299 507
172 372
161 317
312 570
31 37
117 450
317 474
507 560
453 539
47 107
184 379
22 189
421 511
71 125
92 362
33 486
227 292
23 60
90 255
73 150
73 207
18 571
213 477
89 388
403 530
183 481
511 497 411 418 433 126 104 149 564 277 319 398 289 408 241 251 431 181 415 274 88 463 530 180 540 235 202 192 271 86 264 55 580 268 359 382 14 505 88 584 574 405 16 142 315 137 81 545 77 559 55 566 265 295 507 233 411 171 337 233 543 8 371 19 376 513 43 567 149 340 224 234 247 296 516 179 206 350 200 408 595 44 82 425 525 161 440 453 113 568 37 34 177 59 588 47 86 304 8 269 17 350 334 123 171 568 310 335 241 497 36 151 497 274 406 192 42 272 72 141 512 87 505 599 78 169 242 32 246 361 11 177 111 205 509 150 292 207 74 314 532 62 139 235 521 274 512 191 40 266 269 459 123 176 130 68 333 363 369 206 541 92 389 409 449 362 259 353 28 343 100 342 358 405 565 295 11 369 396 531 262 168 379 460 523 1 10 454 21 93 558 364 470 434 146 250 497 343 331 43 305 472 229 78 436 122 198 67 270 47 26 239 60 251 568 34 422 313 130 123 350 568 166 65 309 430 289 113 499 231 348 419 78 175 467 163 546 586 584 392 143 14 539 172 365 125 392 279 333 455 17 330 350 268 262 132 76 156 129 464 374 220 38 592 545 107 196 499 298 468 69 462 113 431 368 448 76 490 422 110 419 377 589 377 232 86 362 340 414 429 502 565 381 119 274 244 487 564 465 100 29 241 134 492 18 199 296 365 563 91 438 525 485 30 468 122 450 517 559 471 288 307 504 228 296 367 55 94 505 552 69 483 180 408 199 393 373 505 497 223 243 62 289 275 111 3 420 64 105 404 37 26 285 584 426 570 418 41 15 153 32 445 468 190 490 6 432 115 236 503 121 426 497 81 34 75 268 287 330 101 449 414 117 174 563 360 44 399 218 315 287 350 572 486 242 340 131 105 205 468 304 202 112 458 485 502 122 245 10 542 387 104 86 75 92 281 382 394 330 65 553 61 585 377 257 582 469 154 142 72 562 244 250 446 233 446 167 565 31 40 202 233 174 243 221 137 107 2 475 541 533 411 527 28 26 97 423 342 273 362 454 90 438 100 298 565 170 537 166 42 46 395 541 53 128 222 523 12 572 573 365 255 129 566 64 62 350 302 467 118 263 78 297 588 382 584 322 319 426 108 569 521 327 412 323 267 195 40 334 32 162 510 273 322 208 414 192 201 564 79 171 281 181 203 436 326 473 588 271 401 598 325 559 391 41 308 83 115 219 276 454 22 523 163 42 148 418 271 311 71 589 247 47 40 497 502 1 325 164 592 290 497 543 508 250 156 321 282 560 40 238 407 265 573 257 286 236 568 179 420 493 110 362 506 186 154 105 150 219 284 428 84 338 153 558 344 271 100 430 113
173 671
574 314
844 963
168 714
446 554
476 491
689 857
257 715
376 931
656 94
96 473
760 542
202 708
875 373
142 725
603 989
505 134
750 393
695 671
46 0
748 1000
90 92
383 330
927 899
492 450
319 714
316 522
512 696
607 309
70 292
134 522
228 492
904 404
351 250
910 637
730 247
756 954
203 535
5 241
313 771
471 219
944 383
754 477
522 193
519 792
100 594
892 324
660 545
6 520
427 145
269 933
54 776
770 149
597 618
361 38
170 818
411 811
725 602
25 998
866 471
929 992
22 899
143 400
155 777
445 18
801 195
629 584
681 106
862 645
154 71
92 655
638 478
716 80
849 549
371 647
621 551
793 288
294 989
6 207
432 976
18 724
442 238
71 678
119 204
421 526
466 728
627 763
917 26
844 371
952 356
969 191
393 285
123 956
268 666
559 283
891 829
794 489
419 872
271 507
428 496
97 562
774 908
679 294
126 889
457 879
944 271
717 309
632 526
919 706
501 28
4 2
779 97
695 959
603 693
66 622
875 923
563 722
308 633
859 136
243 197
754 811
844 756
111 291
658 608
380 147
571 484
157 119
700 469
77 235
902 944
685 714
668 36
725 801
931 108
112 676
751 733
68 574
676 819
194 33
76 882
634 274
331 901
902 183
526 722
805 241
445 281
235 850
530 449
185 599
183 997
899 540
840 32
600 849
374 888
568 64
803 816
67 954
813 359
621 80
989 341
549 36
242 280
571 218
314 292
663 316
818 133
629 368
302 911
172 560
695 146
212 678
394 546
767 320
769 761
411 419
321 608
617 889
663 575
758 509
642 663
827 496
338 803
45 593
963 835
212 122
446 943
439 453
391 374
552 841
347 344
927 451
29 969
705 400
591 145
87 354
823 535
730 503
598 666
838 5
252 827
13 757
187 449
468 759
886 766
748 131
282 349
650 929
900 570
360 516
211 164
940 621
13 94
38 383
44 155
250 994
824 798
391 779
971 263
466 974
763 266
896 878
473 321
517 161
24 494
162 956
882 600
260 788
348 722
344 553
776 602
873 234
883 983
988 897
209 631
684 14
55 356
326 847
884 161
546 563
276 595
258 754
714 843
8 927
988 992
236 34
328 50
427 60
310 329
171 627
847 917
904 222
725 773
99 446
512 582
202 481
970 133
978 403
651 435
286 66
794 703
966 937
471 82
328 437
837 212
826 403
936 855
18 784
225 431
903 735
549 245
442 423
527 871
421 358
985 743
295 750
946 4
587 95
144 564
247 531
507 350
571 685
972 48
637 731
413 116
704 363
131 814
361 379
127 331
243 454
611 464
667 507
774 198
340 754
215 912
398 705
958 84
298 112
676 345
151 917
628 124
25 460
62 439
347 865
609 931
792 57
743 99
27 345
28 843
909 508
823 704
938 501
24 416
0 430
562 343
283 393
454 836
978 610
245 373
495 928
692 741
346 583
661 870
298 679
48 118
50 258
791 386
889 708
91 736
75 410
951 554
255 400
530 382
565 627
99 534
197 308
982 314
891 429
546 413
382 853
360 964
717 37
266 160
97 927
442 314
332 11
286 206
854 830
672 989
713 337
925 80
519 989
110 377
997 865
152 361
19 28
14 597
494 56
964 768
751 851
429 647
374 13
938 747
125 998
356 78
905 915
709 210
201 742
511 905
491 254
372 810
63 36
113 416
758 293
907 791
49 907
644 895
997 5
938 801
803 752
197 77
127 21
837 257
475 597
755 446
150 446
353 310
330 985
490 672
907 361
932 167
203 572
246 640
72 165
630 826
33 691
299 953
514 304
874 44
443 707
414 935
574 589
993 656
74 64
637 395
20 314
839 178
248 118
408 665
722 915
182 103
421 220
684 239
276 860
641 239
111 634
292 268
930 592
811 325
169 490
241 949
416 267
66 208
36 538
150 198
360 169
692 183
72 997
580 416
260 556
90 970
291 563
1 964
331 370
70 484
201 942
945 325
389 585
824 456
711 281
492 716
196 275
393 445
603 744
779 878
686 424
576 990
413 319
162 289
821 650
269 237
365 615
764 11
864 260
87 119
195 215
436 898
988 559
718 690
629 639
828 104
981 235
555 170
784 656
859 400
104 42
308 177
819 677
68 324
201 796
844 605
259 10
817 973
388 242
405 90
197 377
703 618
882 11
10 163
357 471
182 869
484 530
988 809
180 244
837 285
885 110
507 754
316 248
750 623
11 558
450 353
803 556
948 675
163 891
774 363
563 875
302 481
620 422
631 990
385 189
392 481
14 873
218 982
37 72
882 681
282 313
740 217
72 381
606 207
686 919
183 176
452 166
34 189
867 577
563 915
664 960
576 816
320 83
736 353
420 765
569 116
601 583
191 141
535 269
755 653
608 25
117 783
990 509
243 81
57 704
349 831
665 382
476 6
891 262
327 116
814 607
496 625
141 263
756 704
245 613
111 143
179 419
635 18
470 393
976 967
165 40
694 512
77 853
849 75
604 386
967 718
688 76
686 596
510 401
489 174
541 662
628 959
269 893
427 606
241 690
602 795
639 185
386 110
514 511
537 623
337 205
592 529
47 648
520 821
790 169
569 952
7 368
656 694
937 649
432 678
4 661
743 679
993 706
62 529
333 145
933 228
961 430
109 860
0 623
93 183
220 327
479 145
718 171
1000 54
539 499
111 499
98 704
144 868
395 977
723 945
125 72
810 906
360 277
215 246
602 56
5 828
