35 3
00002002000120002230001203010003012
10000000000000202000020330000000010
23000030000200000230002000010100000
23000003300022030000000010000000000
00000020130300002011030000002030200
00001200010000000000000030000000002
00000000030210010000000000200002000
00003000033300000030022001000200100
00000020200030010300330300010000120
00200003001000000000003000000000030
20003000000002000200100310100020000
00103100103001230001000310022100303
00100000002000010003122310000000020
01000000020120000000000003000000100
00322000030013303020000000300200100
00000013300031100001000000000000000
00002000000000030000130000322000000
30000300030100000020000030000000001
00000003000010001000000111200001000
03301000000012000200000100003000000
00000000000010000000100003000200010
00000000200030000011120000100000221
10002000020200000002002000003003000
20302000003000100100000000012003100
00100000000100000000020000000030000
00001300002000300002000000000000200
00002000000010000001000303020202003
00100300300000000000010003000031000
02000020000100000020000000003201010
00003300030100100200002010031001010
00000000000000003100020330000201020
00210300000000003000000003200300200
00000200002021010000020303000000200
00020001300000000000101003200000200
00031000301003020100001200033100000
