35 3
10000000000200200030002213300000000
22200000000012002010010210013113000
00003001000220000300300000300000002
00200100010303010300000001020321000
11000300000100100200000000201000200
00000130000000300200300021000000000
00022203003003000001010100000020000
00010000002020000000000010020000002
01100000000120000020000000000000003
00000002030000001000002100003000000
30000000030000000002303202030000000
02000002000000032000100000000300000
02201000300000021000031010000000300
02002000030300000110020000000000003
00000000000000000003000001000020300
00310000300033010300100000000000000
30110000210203010000013102030300003
00000300203000000002033002200003200
00000000200021000002002000100030302
03000200301202030101000020200001000
00000030000303010110000000002000200
33200000000000020000203000000000000
01002000200000000000300000001020000
00300000020011000000000003000200000
03000031000000300000200010003200000
00000000000003001010202100000000330
00003022023033030000113000010300000
00110000000002103020201000200000333
00000000000000000000010000000310102
00010000030000000000200000020000203
10021010010000000002000000000010030
10102111333000001000000000100030000
00000230010020000000021000300000002
00200000002003300000010000000001110
10000000013100000002000030000000102
