35 3
00000030000000320003000300100000000
01000000000010200001010002120000000
30010210300000311000002103010000000
30000000310030101000001300300200023
21020000100000300232000000000000200
30000020010000000000300010300300000
02103023000203000100000000001000000
21000010000310000000003101003000000
00010320001012200000020021000300020
00000010002000020301000030000320130
30320000000000000000000000100000102
00003000103300000000000000200030020
00030000010300000000030020001000030
00000002003000000030002010200012320
03000000030000020000000110000300202
03001000200000010000000220000200000
00203210000002000103000000002000000
12303001033000001003000300000120000
01002000000300000000130000003010000
01003000000022000000020000003000020
10000001000030010000300000020002002
02020320013000000002031000000000000
20000002001000000010003000000001030
00322000000010020000000300100000100
30003001002000000000000003000000000
00320001003030003032200000000020000
01302000010102200000000010000200300
23000010000000023000000000020100300
13010000000000000200002000130100032
00000003202000010010001000100000200
00200000200102320023000031000001000
00000001000002003000102200302100000
00020001010000001000000000000100030
10200200003220001000110000000000000
00000010030000020031100030000330000
