35 3
00000332031100002220200000020310000
00030010000000300002100010000000000
13000000003000000202000030010003020
10100200100200000301000200001031203
30000102000000000000100000010000010
00030000300000000011000120200010003
00000000200300001000120001100001000
32022300030000003003000000000030100
13000002000220000103002000300000000
00002000000000101000003000330000003
00001010000300000000000000310320000
00000000020100232301300002000033000
01200320032100000202303023000300002
00000303000000000100000012000020003
00230000000000002020000000010100010
21100000002000000030300300010030000
21303020000020330000000300000002000
10030200000000200000032003000110000
01033001000001000000003003000020000
00000000000000002001110001301100001
00003100000000210202000200300002000
00000000100000000001200000000000000
01003000000000000000013200003000010
00002000100200000320200000000000000
00000000000003002000000300020010010
30001000300000000000200220300000003
20003002000030210001012010202000020
30000203200000010210010001020002030
00300000000000010200000001000000000
23000000000103000000020001300003000
00010000230000000100200010100030000
01010010020000000020000200000000002
00003000100030011002100000000030200
20020000000310000000021003202000032
30000033100000030000000000001100000
