35 3
00000010020000030000022000030300003
00000202000021000003000200001000130
00000000013031000000200000000012000
00200001100000120201030020303030300
00000000003010300000000300300030000
00000000000000000000200000033001023
30320000000000000000000000000023001
00010000300001010000303003000031201
00000000000030003003010020001033300
00120000000000000031020002000022000
03220300000000000000000000000021000
10200000000000300021000000120300000
00003100000001000000000000230000000
00020203010000030120000032302030002
01002000000000103030200000000020001
10003000110000100300330000000310000
03000030000100000202000000000200230
02102103002010000300003000200301010
00000000100000000000000000100200002
00000100003000000200000100000300000
00013031000003120000033022010000000
00000100000000030000000002031020002
10000000000020100000003200000021300
00022000011302000020100002020003000
00023020000100001000002300010001002
00031010302200203303120000000001200
23000302000000000001020000003000000
00211000010000010200000000200000003
00000300000203000101000000002010000
00200200000101010000000310030002110
00000000000320320000303003000002000
00100010100013000032000000000000000
20000000033001000000000010210002110
00010000002000020203000002320000002
00000001010010000000000110201000100
