35 3
30000120000000301010000001200100000
00100000302010000000000000001003030
00101000001000000001033003000300100
00000000000002301001000001003200202
22032020000300200000010000000011000
20200001001000000020100000002020003
30000002300000001000000000000000100
00000000010000100000000302000100001
00100000230330300020030000330000000
00000000003000030000201000300200020
00030020031001000023100000000000002
01000030300100000000100000300300022
00000021000000300300000310002000030
03001030200013020000030120003000020
02000000003300000020010000000002030
00000001000030002000000001000000000
00003202030000000002010000200100023
10000330002000002031000000000000112
00120020232001000000120200000200000
00000000003003300300220100001003000
00000030103320000030000101300301000
20001001012000310200101100011230301
00200030000000202103030000003130000
20000001100000000000200000203300023
00000000001002000000200000003010000
00002000000000301000000000320000301
00000000000000000100000120000200000
00030000010013030020010000200002302
02020000010000000030000301000000000
00033000000020000200000001002100020
00100000030002000200002031220200001
00200000100010200000133230000000231
00000000030000000200000000020000000
00010000000010001220000030200003000
00000000300300000100020010003010010
