35 3
00030301300000000212223200030010000
00000000000001203032000000011000010
00000000100010100000000000000122000
00000000000000000320102200000003010
10010000000000000000000100300000200
02100010030013000000000000033020000
00001000003130310100032302000003000
00002000103300000000200012000200322
01003330000000000201000000002010000
00002001101010100000010000000302000
00000001100020302000003000100000000
00100301002002023100313002010123300
00000000002030031100200000130320000
00200000000003020003300000001000203
00020002103000010000202330010000201
01011300000020000000300103030000002
00000000003000030030000300001200000
00001200000010100000310000000102013
00000030001200000000003100000000031
00203020300000003120010000300000000
00000000320000030003000002000000030
02203000001020001300000001302021302
00010000020000120033000000203000002
00010000200002000000200000022000020
12300000002012100000000300001020002
00023000000100000000000103000003000
10013030000000003003002302020001001
00000000000221000000020000002200000
20020002000300010130010000230000000
00000003020003000000030000003010000
00000010000000030030000000000000000
00000320000000100000000001002030000
00000000000003001000000000000000002
33010100000202010300001000010002000
00000000100000020001000000200030200
