35 3
03300000000000000030300003002200002
20000300002000010003033003003000000
00200000000000000000300310001000003
00000001000020301000031000000000000
20000300000000300010000000102200000
00021000000001300200000000300000000
00100000000000000200000013013100100
00000000010000102012020001030010020
00003000013000000000200000200032130
00000010000000000002000000001000000
00000000010100020000000020203000002
00002200000000200000200110200000303
00310300110000000100100000000120233
00002002200002000020230000000000000
21000000002310000000000330210000013
02300000000000300303000000003000001
00033023221001000030030100000000030
00000010000002000000000000000100000
20000001000300002010020020000303000
02203003000110300030000033000310200
00030000000000000111330000000000103
30003020101000011220200310001100000
30002000000200000003210000000000210
13000020010000230000002000100002000
01000001000010000120000002201000200
00320000000200002003000200000000000
00200001100200300200000020000000100
03302003100110002000000000200000000
00203003000000000000000000001010000
00000000310000200200100030002000020
00000000020000030000001003033000002
00021001000000100001003001000013001
10000000000000020032300300030002013
00300020000301000100000020002122100
10130132212031020030310000000000030
