35 3
00100001222000000030000200020022000
00000100000100300020200001000000330
10000110000020200100001003000000000
00000010000000000033000000020000001
00300130013000000000300000023031020
30000011001000320100000000000013100
01000000000000000031012000001201000
00032000020030030000000000000020020
00300110020010103030303000000000200
00000330032002001003003000230010310
01130001000200002303001020000000000
20000000200300000003100000000000000
30103001300310000000003000013023000
00200201000000010000000300002020000
00000000000000000002030002300000012
20020003003001000103030022230000100
00120020100000100000002300000000000
00030000332010200010033010000000000
00002001000003003003000002203020000
00002010000000000000020000000000000
03123300000300000000030300000000000
00100000000031000000000101000000000
01010000201002101001000103002011202
00030000000020023030002022000300330
10012000000000003020020010000000000
00020000000000010010000002302000000
20000000113001000002101000000121000
00000023100020020002000000000300000
00300002100030000030020000300100020
10100301002020001000000010213000000
00000020002030000200110000003300003
00000100000200003003000000000000000
02000200000200000000020010000030130
01002200000012000030100020020000000
00000000003300020002000031000000030
