35 3
00000010001002300000002000000000000
00300003000002000010000301001000000
00000000000100300000010100303000000
00000100102002001000330201000010200
00100000200000000200000000002000000
00003010003000000000030000000020000
00000300032020020000310000000000202
01000320000003000000012020000000013
00100000000002201000003000100002000
10000000000000200010000000001020000
33000000010000320000000103000203001
00000010101001000300001000000100022
13020000200000200030222020010000000
00000320000300200003000002100000033
00120000010210000000000000002330200
01300003020310013000000000000030030
00000000012000000001300130000003102
00000030310000000202203002003210000
00200102200020010000000002100100010
00000002030300001310000003020200200
00001301030300001020000100000003000
00000101000021103001302000000000000
00000021000000100300000000030000030
00300021303000020010020002000001010
00021003000000020020100132200000002
00000103100000000313203100303100000
20000000000003300000020000000001100
00030000000000022000100012000003000
00100300000002000110200030003000003
00200000030000000000033000000020020
00301002200000000010000030000000000
30300100230000020000030323000103100
00000003110000000000000000002002020
00100000030310022030000300201000023
02000110002300000200010031000300002
