35 3
00131000100000120000000010000010000
30110000031010003102010100000000000
12320000020003000000200010230000000
00200000020000203000000000010000000
00000003300031000000020000300000200
00100300020000300000001100303000033
00002201300300000000000310000230000
00200030000003200000002000000000002
00000200000010020020100000000020100
20020000000000020100002030330030100
00001000200000000030010000230010000
20030000000000100202102000020000000
00002000003000020111032000000201200
00300000010003000010000000000013000
01000020223300300102000010020330000
00000120000000021023000300010020100
00000000000000000001300000100001020
00002000001020001003000002000000130
00001003303210300000003010000200002
00000200000030123032030001000000201
02100002003010000000100210000200020
10202010000000000003000001000000010
32010000000000203000002000000200030
00000000010000000320010000000000010
00000000023010000000000010030000103
00030000000000300330003210000000000
00000203020300100301000000000010020
00000000000000203000100010030002100
00010213003101033000002000300000003
03003000300023000000020200001000000
03030020021300213000000000003002000
00212120300200001100100000000000000
33000003010000000000020000020000030
00020010100320000302000010030211000
10000000000000000303000301000000202
