35 3
20000000000300001001000000200030200
00020000003000300000000230222200000
00200000200020000302300000300000001
00002001020031000000021000000000200
00010000001100000030000002001010000
00000103000333000023000002000100000
03000000030020000000000003001000000
12000230000000000020020000000000000
01020000020000100003001000000300000
00002100000200000000220000303000000
20030000030000011000103000301000000
00000000113001001110000330100100200
01000000002000020003030000100302030
00200000000000010000000000000020003
00000000000012000100012001000200003
00200100203203032000010202300000300
00000000120000000202012300000001030
00003000100300013320031000000031200
00020101000003000000300000020000000
02102013103301002010000020000200000
13000000000110300010010000000000000
30000000000000000000100000000031201
00100010030200300000000000000001000
12000130300000001000100000103000301
00003000000000000230000000000300030
30000000000000000200022022000030003
00100010000001000032000020000000200
10200001000000000000000102202000010
00023332030000000000020000010000020
10000003303300101031330010102000000
33310010000000020000000010002000001
00130000010302100200000030002210000
30300000102030023020100300000000020
00002300003023000310000000000020200
00030211000200000102100020302000000
