35 3
00010100300303013100100000000202000
00000100000000031000000000020013100
01020000203300002000000000000020010
02233000200000000000201001001010002
00002100003002001030000001020000001
00000020010200113220300010000010023
02302030000020000000000030000031202
00020020000000030001003000000000002
00003231002000003010000000200200011
00003201000002030000200021000200001
00003000103000030001020002002000002
00000300002000100000020030000000122
00200200000000300000000003000000300
00010003003000000002000000000000000
20000003300000300000302300000031000
10000000003000130002000001100000111
00000300000000000000000000010300000
00000200000102000000000000000030101
30000301002000310000000200020002120
02000003000001000212000010000000000
00010000000030021000000030230103012
03000032000000100303003000300020000
02100001302000201000021001030000203
00003003300000003001000000000000000
00000000000030010000000100000010100
00003003030322000010020000000000010
00330031100100300000000020003300002
00000000000120030020000302020000002
02023302020003300000300102000000000
00000200000000000000102030300330000
00000000010000100030000300002100010
00000200001000010002000000000000221
03210001000000000010032000000100000
02000102001000000312000020000130010
00001001000103023001301000030000000
