35 3
00212030000000300002001100003000000
00001003000000200000211000000012000
02000010000000000000000000030000000
02000020200000203302000200310000200
00000010000000030303023000200000203
02000000000000101000000010000000000
00300033020130002200000000000001000
01000203000001300103000000300003020
00000000000010000000020000000000000
00000000010000000300030000000000000
00100020010210000000000320020001001
01000303000011003000100000003000000
10000001002002300030000000000012120
02010300002200000002000000300200300
00000300100300320003001010320200230
00003000020000000030000000030030000
00000003000010000000002030103000000
30200003000000001002300000000011010
00001000010023000033100020022000020
00000001031000100000000000100000300
00000210003000000100000000000120300
00000020000100200000000000000300002
22003001302101002200002000000001020
20030000300000000000001300210010010
00130120000320023020000000330330200
00000100300000000000113031020001020
00000010220030000031200000013010001
00230000000000033200210002000011000
01000001100003000300010000003000100
00000030000000321000000233000010200
20101330000020000001000100120000000
00230000300023001000331020300200000
00001300030003012112022200000021000
00020031000030002000001300020001001
02000000000000000000000000200000200
