25 3
0002011032003012230003200
0000000230101102202332000
3120302100301101032001200
0020200130010302310210200
1001020001000033020200010
3201023110312102001233300
0110020010003200100321010
0301000002012200130000101
0031031301000003000020100
1032300030100003232100301
0300030010020300200001002
0200000310000031010000220
0102203233012011213020313
3021200201030000200303022
1213020000001200313002003
0000113000000200012303020
1303003000200003003211001
0000122000200003000210000
2220301130003000101010000
0230000013013300321002020
3220101021320110203130232
0031200023202003200310320
0320302313023330103100230
0310002310300210130201201
1123002031130320300000020
