25 3
0030002132303032300000300
0333230020000000020130100
0000203320020002021300030
0303020000000222000102100
0000003203210200000200030
0201303000011000200300001
2011201312031211313330000
0031230102301321300111101
3001200100001010023200030
1233030220010200000203000
0301100323301002132001000
0022200010001222013002030
0000033330010021230211022
1000301003011000023000000
1300030220010000030010300
1230310101213111003322032
0000100120122300300001303
2002230000101111000101003
0021122010231203100002023
1303301320330000002010112
0210031000100001302002030
0030320220023230003100110
3020001002000000033200000
2300202100102032320102032
0032322101301200102011001
