25 3
0000010200000333001020030
0030000002232332112030101
0211003300203000232320133
2010100010033002020203303
0000130320302001200000020
0010010230323201020200012
2023023100030021030111011
3000130000201020231000002
0100200123013000011132000
0003230303010021022000200
3020200021021200201130110
1313000201001003000200010
0102312111100000211032132
3221030200011001003000201
0130003310020020013000033
0030023101012130000210223
2013300303013001103000000
0000002202330200110301100
2100000112000020003020220
0103132230020033110332001
2223330101000030000032012
2100002003000121020000033
0220333010000200203200000
0300000302001002320111311
0001000003120000003330032
