25 3
1030202100012102210012012
3003102200121221031020000
1032000010302300030022102
0113003000002100012301030
1030000000230030001010100
3300100011030203200000210
3202123031231010002202130
0101100031303303303000111
0023300120302031233101000
1300001010200003032220302
2300021110330020030200301
0030220032100002010120300
0330000100300000103103023
2000211001100000230220003
2000103000030032330003100
0213102020033012321000010
0020001212100032000030020
1133201310000020331201000
0120000100310123320030210
0022320322002000013232031
3200000020030300021020021
0320030000100000302030123
0000000312000010100000003
0102003121100121020321000
3003003000003302002212010
