25 3
0103332000001003000000000
2230201002210031100201010
0002010000020323010001321
0100003022300210132202330
0102103020302100100000100
2021203331012012330010001
0030103003233003021201000
2000201000100000010300132
3021020332031003000001002
0000200022030201301101101
1002002111100200000000210
0003023210000302212020320
0000030310010002330010301
0300302300011000002002313
2113103003110003030300033
1310023100321001110000033
1202322032121211030233312
0310223000003212210100110
0333000020020010102100033
0000000210020302220200123
2013010331002023300000210
0102030203200302302020000
0033000201230000300333211
0322000000102200000000011
3010000032100000200330100
