25 3
3010100311013020330010002
1111322002000332023101120
1003200123002120200000132
0030120212120020223021021
0030300102030200033330000
0100000002022000000000010
0213300110300013000033000
2000310201000002020000000
1000100021020002013001000
0303100231001100021333000
3212030302101032030220321
0221311000200300210000101
0032100312010030201021231
0102332030013130020020202
3000000310300230102001000
2010300311230002222030000
3101233001031311000100030
3301301100021030103220000
3002300232333001223220300
0200000120000000000000022
0021213000332000000020331
3000002002030001030300000
0201030000300001010011301
0000322031320200010013233
2212110330100000130022101
