25 3
0000011010330010032030200
2030130031100001000000223
3100100000322102130001122
0000003032201100000000030
0032231100300033130003010
0000020033201001030000130
0003130101200010033303020
3020001120002330000000102
2000023230000000000000200
2310000210032013302203030
0110301031030011300331013
2103000000000103020002230
2120023000030120000303023
2133300010302311021100011
0312000102320030011201003
0010030002000222303002202
1100100020232210300023010
2010032230100030122031300
2023211002010033301030012
3003220110002030203020011
3010200210020132010110230
0020200020213220100001120
1022030032301210002031000
0001201100220230110110020
0030203000201300200320310
