25 3
1201310000001230003002020
1100000003000000000201012
0300301002003201311211001
0020000000103002232220101
0203020033032010002000100
0000000200022102300020112
0010010330000201021320020
0330122110020002021010030
0000023001101332330030300
0003013003321032010030000
3100002132011010002220000
0000031000200020021320013
2000323320200221123030000
3222133320110330100202220
3003002010000010022333000
1000030302002002031001220
1321002300030123020300130
1010000020210300030023101
1231103031030030022000003
0112201121000003120031033
2100020001132200003023310
0013200311200110131000300
3300330023011121310100001
1023020001030000030303002
0220000003010013330210020
