25 3
2223010030110003203013202
0032000300310012000312010
0000230020001100130020310
0330201220310010110000300
0013011000322120003201130
0001000000200311011200100
2030002003300020000010102
0200130232003020133300000
0033200021133203300232001
3010100300202010100000010
1302000110200202000120023
0322011310000200002203003
0223120032213000010000002
3111212010300300020203023
0122010300100000031012023
0000301020310022010033013
0200301020033020011032003
0003300013001201120230000
0032111320130332001020303
0000230023000301000230003
0023011003100310030020300
0300300010012020013121003
0000300200022110202200000
2010010200023201120030001
1000330121222020013033113
