25 3
1120300022000012032000320
2000001030000113231033001
0100310210012302003000310
0200230302002301201200100
0001002000002302003030001
1210202003003033000022103
3000310200000210232203312
0323213023030300012301032
2001322100220130322200300
0200103233003031010002203
3103320100000003202000103
3300110310122023100000003
0100020031203010003001111
0013100022030030001002001
0130120100000032003013210
2100001200020100330010010
0000012201000200012003011
0000030100220303100030120
0023000023111200020302010
2000002002101000300320000
2121001000100130100310311
1222023003001301000121300
3100023000200330100300123
0300021202313000303311022
0000000100302130120022300
