600 1353 600 630 7
53 412
182 339
212 594
107 544
218 451
423 557
206 542
178 423
319 416
86 586
286 596
41 585
233 564
405 451
134 466
81 257
4 103
426 570
57 568
24 60
77 494
525 571
9 200
314 452
49 513
145 324
71 87
24 38
301 347
371 390
171 576
133 345
113 523
48 340
166 493
310 521
106 510
253 467
213 267
407 530
136 500
37 67
387 584
206 550
434 498
363 439
136 525
324 348
274 351
220 437
20 484
389 430
215 455
383 496
171 251
118 299
334 583
419 587
47 145
17 198
286 497
422 519
45 337
127 304
175 376
251 576
558 594
142 241
122 132
105 271
191 222
192 397
226 256
524 565
112 586
104 177
108 366
0 456
397 466
454 528
387 519
308 476
236 517
135 509
213 353
398 495
167 488
440 599
120 137
286 408
183 469
157 208
80 452
238 363
123 365
342 454
296 331
451 583
242 267
260 593
165 327
121 137
145 304
188 483
424 575
123 460
24 221
152 248
101 461
41 46
443 593
22 190
302 343
224 470
240 512
295 519
366 561
77 587
355 536
85 378
57 402
74 434
290 570
219 422
301 507
105 450
114 369
203 596
28 408
219 519
76 359
51 520
298 352
208 273
33 277
140 256
37 176
44 62
218 514
70 273
406 469
20 398
105 469
198 593
320 330
8 23
73 307
247 375
0 208
532 579
40 92
194 579
223 538
166 275
297 534
325 529
530 576
319 420
381 398
10 477
155 474
101 120
193 531
307 350
216 230
4 344
396 574
151 211
411 538
55 291
83 218
154 477
477 566
407 540
550 564
269 548
113 467
382 553
93 548
128 481
228 450
103 216
268 434
35 563
139 551
178 366
371 554
101 399
282 396
497 539
331 394
405 583
66 563
8 43
160 267
375 398
122 433
66 85
416 530
72 241
325 398
424 452
180 225
104 515
317 408
299 511
152 179
334 515
21 57
46 231
56 89
179 360
54 422
189 472
491 557
275 283
425 433
135 540
153 178
238 352
181 539
160 242
292 458
89 122
488 536
150 178
77 581
12 257
22 374
435 489
82 428
96 463
386 543
200 406
165 594
471 533
232 368
222 478
204 551
44 207
153 159
138 523
144 203
80 575
198 478
205 554
132 541
106 522
195 229
292 536
92 442
57 266
33 312
195 294
501 562
7 518
90 549
296 599
46 445
265 388
367 554
112 454
441 546
39 199
4 508
299 437
462 517
202 234
459 485
16 592
167 298
115 159
180 403
385 499
330 522
225 403
287 339
54 135
32 394
218 246
263 379
259 445
146 377
484 496
496 585
474 588
28 425
262 546
360 435
111 578
517 559
123 421
73 290
309 431
213 439
364 421
254 419
382 457
237 321
195 332
164 386
127 145
224 226
348 532
212 300
110 273
88 121
377 435
439 538
211 457
87 134
108 159
248 435
100 502
88 587
249 301
169 379
287 384
376 504
316 379
247 436
231 585
535 570
311 404
229 546
212 235
202 328
365 530
239 302
220 511
343 421
180 506
222 376
466 566
339 505
163 192
94 313
223 267
45 334
70 110
124 343
237 456
163 307
107 384
254 581
116 312
407 420
74 341
280 293
535 562
15 557
59 295
5 434
210 495
68 500
136 571
388 591
24 590
166 539
308 546
290 335
126 452
342 586
433 449
128 446
35 184
48 240
146 248
74 268
219 590
272 288
1 592
81 485
181 410
415 522
18 186
129 552
62 286
3 418
123 573
368 388
193 538
239 343
92 508
136 456
164 457
186 421
36 510
427 527
83 177
457 502
492 567
432 586
202 434
169 459
387 505
45 487
141 305
261 301
331 599
102 108
191 312
201 431
15 109
343 564
99 186
302 412
141 209
378 392
76 519
36 522
361 372
381 591
27 508
293 549
157 508
294 326
176 254
83 380
198 535
114 247
315 457
29 51
260 552
265 492
440 584
160 294
58 164
97 241
66 588
80 471
275 493
27 464
41 231
145 349
153 366
40 508
217 292
403 582
26 321
253 345
358 506
75 275
237 597
50 427
239 564
173 270
46 451
131 279
81 169
31 330
47 492
192 490
158 364
38 60
196 526
454 504
165 185
59 519
63 500
37 137
128 438
331 440
397 545
491 561
13 284
227 493
291 427
100 211
214 302
88 362
233 311
358 547
332 428
215 581
581 587
409 467
362 587
124 564
514 577
276 579
27 344
485 539
34 185
71 495
308 441
408 541
52 63
133 147
205 597
296 445
196 460
131 234
414 450
78 475
396 486
242 332
412 590
462 593
226 470
67 240
401 504
246 514
137 176
152 193
208 233
422 526
119 554
309 598
69 463
535 593
175 504
89 165
7 314
30 158
130 145
518 556
148 483
182 519
25 26
109 491
258 361
170 482
236 559
98 504
119 474
327 594
79 227
568 579
383 446
229 389
264 365
75 283
86 128
226 532
218 280
494 587
297 328
252 363
289 483
153 394
264 576
71 210
192 307
260 289
338 436
563 588
128 432
211 309
430 546
249 513
11 229
55 482
312 556
91 286
302 303
363 413
287 300
29 575
294 353
68 202
408 420
15 491
220 381
268 487
543 562
354 479
158 343
24 412
75 207
20 218
190 209
405 514
256 324
298 322
85 155
70 208
44 539
210 397
72 117
52 272
120 121
78 452
62 91
334 341
383 585
231 445
51 132
277 504
305 383
114 304
79 493
110 494
261 507
115 202
341 487
87 197
131 328
445 585
225 506
72 220
185 558
102 525
548 551
160 395
140 224
76 584
158 421
345 490
96 190
88 461
346 552
407 509
125 324
94 122
229 361
407 408
89 107
339 384
247 549
210 299
174 205
235 558
232 567
412 569
162 226
128 529
147 307
75 227
30 302
79 480
61 414
59 396
354 355
109 336
133 253
391 470
241 437
64 567
307 543
282 540
304 369
64 349
525 542
240 306
222 560
177 246
84 578
2 64
132 257
71 325
462 559
482 573
195 546
7 448
148 289
252 411
61 469
25 371
342 504
269 551
20 280
79 189
14 155
27 230
140 391
99 343
394 445
268 534
25 415
368 403
191 556
47 567
258 372
115 571
271 573
325 496
95 269
128 496
15 440
72 437
157 404
39 362
524 554
309 315
35 215
225 582
107 339
61 450
39 461
110 205
317 541
10 566
184 455
331 557
397 548
322 363
217 555
370 513
195 279
335 566
299 495
445 583
177 515
161 462
167 217
401 528
301 513
133 467
117 499
117 220
67 137
417 461
456 465
410 493
81 596
40 156
34 433
321 597
179 489
12 81
208 311
67 306
278 469
134 197
438 477
179 435
117 285
552 593
166 410
20 451
190 312
118 241
32 178
54 460
9 186
270 378
398 511
314 471
250 340
39 417
0 110
75 493
139 418
457 553
73 570
79 181
5 498
319 408
397 490
353 439
384 594
98 175
350 409
558 574
432 481
49 78
409 502
83 329
106 415
50 171
57 326
111 217
308 328
77 110
192 545
62 207
351 378
148 443
355 555
25 390
243 512
235 300
426 535
150 557
223 531
143 216
99 564
64 391
25 288
250 589
107 209
139 385
138 204
365 407
475 556
122 449
185 433
151 457
184 429
92 464
3 537
54 282
267 395
103 580
452 471
119 524
7 56
11 389
333 355
45 104
53 569
133 307
40 417
222 277
71 397
5 202
89 384
145 388
188 560
34 558
161 559
7 544
260 346
42 64
72 142
46 484
90 127
430 534
245 497
212 558
336 468
142 285
540 574
176 419
182 235
66 155
275 539
216 464
17 290
248 320
490 548
318 525
377 489
353 413
156 417
499 537
144 245
6 550
19 31
18 404
61 589
20 516
57 322
568 578
13 196
69 96
133 490
305 374
265 567
11 104
325 495
253 523
161 400
483 560
21 326
368 572
81 453
0 206
95 551
35 588
145 256
365 509
202 297
0 233
32 331
94 520
247 293
68 234
249 356
266 324
82 272
88 419
98 342
70 199
295 396
110 362
1 53
279 441
333 354
162 579
131 202
221 359
232 506
12 596
408 425
401 454
198 290
48 243
222 346
183 186
14 172
22 463
20 46
286 539
34 574
159 434
457 598
198 570
276 470
128 149
323 587
47 349
241 397
8 296
510 522
311 564
86 383
294 361
81 144
93 490
262 279
367 371
149 566
446 496
224 391
370 475
441 476
454 586
484 516
81 203
369 373
100 467
363 479
219 526
38 366
1 102
219 221
154 335
164 553
58 350
111 194
242 531
172 270
315 598
207 444
257 453
126 314
375 381
53 239
280 375
143 340
175 335
394 583
15 331
125 348
167 354
186 406
317 596
229 380
64 140
386 501
261 483
239 569
486 540
359 468
456 542
572 591
148 249
242 330
31 146
323 419
3 225
31 522
112 116
197 466
469 589
414 469
15 336
406 580
95 523
203 245
49 424
84 217
25 367
147 350
230 464
281 358
257 541
68 571
352 354
164 598
271 278
92 156
271 291
122 541
229 310
99 311
416 420
195 262
448 520
50 251
144 539
242 320
99 404
141 505
235 519
293 380
88 120
193 320
95 253
73 426
191 261
458 488
7 126
11 430
308 430
235 396
413 439
51 257
227 472
67 120
114 130
209 339
271 482
188 260
366 423
76 468
4 404
120 461
23 305
98 586
76 221
54 540
400 431
253 357
354 393
192 335
117 225
28 574
480 485
128 325
82 330
129 198
83 293
294 395
19 392
95 138
264 482
328 476
102 318
185 449
152 411
133 409
21 324
255 540
284 421
129 478
517 593
326 353
75 444
224 256
108 592
192 566
43 505
152 360
205 524
74 394
245 286
418 523
74 487
104 268
90 324
13 460
71 197
48 512
187 501
130 591
438 447
49 249
28 540
238 322
13 123
334 394
403 572
1 108
38 412
175 447
83 246
154 447
165 449
66 474
118 397
38 53
39 88
213 223
385 537
322 402
93 95
59 282
98 447
191 347
346 560
250 406
557 561
139 204
217 488
179 252
248 377
459 480
214 412
116 190
471 520
189 480
292 555
56 448
156 442
68 115
505 599
335 477
205 237
221 519
215 429
160 195
17 570
184 524
285 499
112 312
186 343
10 335
578 579
2 276
86 432
43 305
336 584
306 399
59 422
380 549
103 344
101 306
97 139
14 474
127 324
49 575
40 199
97 142
63 288
247 280
245 596
393 479
170 427
312 518
42 567
12 317
26 465
1 318
365 482
405 577
164 501
347 370
171 264
189 503
168 187
33 401
44 283
411 439
312 528
41 496
169 453
99 124
272 510
133 192
135 460
91 416
270 351
103 230
172 378
97 551
29 453
16 53
444 576
22 383
201 598
96 112
386 562
52 234
93 253
150 423
149 529
205 565
147 409
33 222
40 157
154 175
29 80
244 484
475 518
436 591
121 419
113 253
123 278
313 520
189 227
122 313
14 85
242 428
277 401
25 173
21 266
379 459
44 286
355 488
280 329
279 332
357 523
258 521
9 580
51 453
202 498
137 419
82 279
254 323
200 580
291 450
197 397
321 456
168 400
181 480
267 531
103 404
506 547
3 499
114 373
19 274
117 582
316 575
32 557
64 276
86 96
134 566
240 399
19 351
241 548
452 475
352 479
110 565
526 590
572 582
370 556
28 407
381 572
87 325
381 511
388 492
11 380
247 591
286 317
6 318
76 387
24 219
256 348
36 82
118 210
325 516
55 170
96 383
325 484
35 429
58 386
251 444
297 434
26 63
151 315
462 535
375 436
31 415
98 432
532 568
23 445
388 572
3 358
65 127
262 441
83 104
77 215
396 519
32 150
190 518
298 402
399 417
27 92
90 521
152 538
58 543
36 272
199 417
146 473
193 223
331 445
58 553
23 383
294 595
69 190
209 374
5 115
95 204
213 538
182 387
33 528
122 165
84 402
278 421
426 562
383 463
347 513
104 334
292 488
230 344
84 298
143 580
220 582
218 405
474 554
303 412
322 326
54 59
65 90
184 565
87 149
68 136
43 599
243 340
77 455
400 535
244 325
194 578
108 571
151 309
143 250
19 378
175 478
26 597
146 320
148 301
60 221
320 473
38 359
376 478
90 310
18 103
50 170
431 598
190 374
29 533
85 172
214 526
416 444
11 83
185 594
78 424
486 574
94 448
350 553
282 140 516 573 139 181 526 146 197 253 417 427 238 485 503 562 570 387 168 507 589 170 432 331 179 61 80 137 579 188 358 547 73 432 191 53 479 539 287 210 493 537 439 328 313 348 501 579 249 292 190 462 444 562 162 364 170 374 57 421 497 508 163 588 455 394 399 7 383 247 47 258 32 128 184 7 77 195 288 586 387 382 535 184 390 476 532 544 515 51 433 115 31 358 237 150 213 36 90 337 487 75 492 434 407 343 142 478 342 274 90 96 370 61 160 217 311 481 531 495 299 30 187 305 256 308 242 350 470 295 501 562 10 276 234 27 5 503 218 460 303 569 386 404 550 126 429 452 255 506 229 332 411 229 31 282 410 177 354 25 472 292 202 200 460 579 157 378 361 308 270 545 221 347 54 304 397 297 68 263 200 580 468 270 500 148 310 141 406 551 393 482 44 507 426 543 488 320 430 159 49 198 127 302 94 281 167 502 442 585 111 586 526 596 255 331 5 276 2 146 150 78 343 248 380 321 552 145 351 204 174 591 552 286 19 229 449 199 581 57 255 16 404 485 592 169 556 550 85 169 507 178 326 122 587 461 297 32 330 465 307 315 273 121 499 414 17 213 525 92 60 573 453 571 518 305 96 459 453 413 127 212 328 524 94 72 193 494 248 190 297 560 488 257 347 240 74 207 30 220 32 386 101 269 446 370 379 279 103 7 88 470 260 478 492 386 109 525 188 302 584 501 295 590 415 225 362 77 87 492 26 259 318 172 259 504 336 533 354 300 230 77 175 287 425 353 497 335 100 322 93 178 472 573 442 243 130 174 19 96 83 10 560 19 463 543 316 334 401 441 167 112 495 568 44 279 578 153 597 129 595 119 147 223 386 470 347 402 268 138 416 558 570 28 558 513 252 92 277 332 303 397 557 464 68 206 596 135 146 153 565 30 569 405 429 312 511 560 190 219 106 229 189 442 441 346 175 494 272 180 256 42 418 563 60 544 29 116 213 575 379 19 363 413 351 299 318 265 553 510 300 195 4 594 558 86 233 277 97 585 59 47 255 59 423 586 535 141 267 186 166 96 102 240 12 386 424 431 375 122 523 319 516 372 407 30 463 14 495 306 202 320 484 576 533 461 370 472 78 502 151 52 159 565 411 132 575 207 466 240 3 319 333 225 94 380 186 581 49 456 486 213 131 254 206 388 332 394 183 507 216 98 120 599 15 141 549 215 48 384 550 542 249 57 3 292 37 232 258 97 310 426 132 210 182 112 312 424 404 343 228 541 311 490 428 335 474 225 75 141 70 31 199 437 153 118 301 385 145 95 315 546 257 445 401 352 464 8 146 372 418 472 201 42 550 209 355 191 468 112
279 241
342 402
985 386
1000 539
168 302
453 357
342 337
411 839
494 602
126 373
755 743
630 381
206 881
168 535
425 65
428 533
324 428
756 877
164 376
537 51
661 508
779 223
487 686
501 631
285 506
434 118
411 193
103 294
230 701
347 926
198 527
555 117
467 496
563 842
269 704
286 43
529 164
5 69
331 480
142 168
160 250
626 599
938 357
464 605
69 811
572 424
588 565
871 354
26 260
450 953
22 664
325 883
483 214
296 389
228 590
28 583
371 797
821 201
869 864
259 589
321 519
25 438
102 805
451 211
924 334
794 296
328 10
27 116
407 312
506 702
180 230
759 622
882 548
802 846
520 448
14 845
380 589
208 86
447 926
76 943
372 941
179 886
563 174
630 452
907 115
410 43
617 709
761 652
105 124
355 761
749 342
124 771
105 242
886 704
339 833
959 678
519 731
884 628
643 770
200 364
996 855
86 163
371 383
142 334
593 383
44 528
478 152
399 761
387 406
368 539
233 153
969 126
544 766
998 779
782 392
430 376
520 754
919 523
831 621
334 91
66 152
84 124
304 794
121 532
222 389
832 239
440 849
795 341
697 704
709 897
807 398
539 301
274 846
904 761
768 683
178 616
385 323
41 90
980 658
931 607
903 309
429 671
911 577
50 362
146 894
815 369
595 98
895 802
561 986
719 696
445 480
966 922
656 86
489 427
709 766
394 62
109 218
228 295
178 479
420 405
656 213
779 977
967 235
775 827
890 878
314 762
60 874
881 103
854 935
249 945
39 677
61 695
447 46
481 93
368 158
691 808
3 39
594 441
446 452
671 40
918 470
132 951
325 620
90 443
282 80
279 741
130 420
901 949
619 924
77 983
472 734
531 887
818 762
653 119
971 177
652 254
210 548
785 660
735 871
162 202
107 391
901 971
490 319
152 869
947 628
294 137
317 314
69 783
267 282
444 723
804 612
990 918
311 684
715 145
220 505
236 51
56 326
927 106
636 502
262 538
832 542
296 546
624 867
687 131
917 270
924 497
939 234
2 937
19 490
662 299
98 315
582 589
940 400
289 294
442 295
309 662
714 987
343 209
823 109
272 413
11 178
856 627
617 166
11 282
705 589
155 845
616 484
759 451
616 78
512 995
34 405
38 711
751 47
958 741
88 22
175 670
874 298
249 886
739 300
550 633
652 949
575 929
609 262
286 921
99 677
900 411
810 232
712 176
536 391
921 664
475 51
54 555
482 183
221 239
537 74
59 834
986 300
612 838
108 501
603 239
695 460
961 478
231 618
45 817
151 509
927 554
135 816
379 707
458 186
608 968
767 850
9 553
947 62
667 423
730 217
288 616
514 559
526 353
821 131
828 600
383 680
536 971
210 480
237 469
778 360
479 655
38 160
832 826
581 318
975 959
701 349
246 306
532 800
310 839
408 883
957 944
311 951
223 853
352 359
146 766
623 108
374 228
777 154
133 71
797 269
720 611
772 193
337 732
548 320
665 446
578 155
450 510
626 210
900 19
556 469
770 766
397 565
572 392
776 509
401 664
18 328
552 438
601 767
190 433
139 298
916 733
646 888
526 941
843 278
874 325
853 828
508 60
856 87
740 134
864 14
923 8
457 990
993 748
990 499
345 554
636 56
717 283
169 148
763 86
173 456
86 622
402 435
414 152
891 455
759 380
512 876
411 112
749 243
756 420
457 704
756 525
685 851
602 49
491 30
292 997
671 383
801 519
911 874
569 652
367 732
945 566
869 908
382 615
838 393
639 337
458 94
952 290
526 10
776 21
497 502
702 197
273 634
841 663
729 538
55 201
817 940
593 826
857 171
870 481
190 330
597 514
77 422
149 695
169 781
925 802
56 904
710 60
259 467
755 119
26 462
523 104
112 738
105 173
999 637
72 87
156 738
135 490
242 568
413 457
401 947
201 777
809 880
1 631
590 176
263 49
613 340
897 992
641 721
228 733
498 360
635 33
774 482
859 550
691 754
734 90
435 558
592 286
76 242
638 992
16 757
537 555
615 657
678 789
363 841
281 766
8 509
617 537
401 923
274 901
585 790
235 99
346 268
948 906
932 78
225 993
173 575
113 153
779 948
531 682
79 292
428 229
789 694
968 814
364 563
54 445
945 266
383 897
17 968
582 118
374 89
467 862
559 292
729 724
713 849
787 48
151 999
663 762
65 582
596 950
659 597
159 958
253 655
550 407
900 59
664 9
882 740
405 513
888 393
30 914
168 116
762 587
646 643
124 863
476 335
954 539
451 268
875 935
963 853
2 998
625 802
424 632
939 461
574 961
190 294
134 636
496 163
822 562
19 238
513 966
588 492
572 452
705 544
707 964
437 821
306 601
369 880
731 326
515 145
984 687
319 134
387 344
228 534
6 727
559 805
715 660
117 698
651 154
874 232
349 893
548 343
800 919
958 34
996 590
685 91
114 893
208 686
250 839
352 317
852 886
398 797
827 723
613 303
967 406
880 677
721 382
289 364
923 643
672 907
934 862
369 134
990 32
481 816
425 487
290 699
759 984
603 908
381 503
838 911
305 19
245 375
266 123
792 727
890 369
888 198
246 448
786 893
392 368
845 465
91 556
238 678
354 955
87 735
558 494
927 154
974 212
60 390
166 63
848 499
528 503
404 623
589 610
569 745
149 102
328 31
55 416
260 517
818 424
361 435
711 921
318 719
755 212
191 849
377 192
932 945
479 581
