600 1119 600 722 12
181 229
337 380
378 456
53 532
81 327
288 293
129 450
223 541
155 449
322 419
126 519
76 422
156 347
162 489
217 400
560 591
132 581
448 536
114 266
148 235
270 404
413 573
170 221
214 506
16 389
54 211
83 540
333 445
408 529
281 521
233 483
63 291
32 320
285 419
170 262
258 324
12 279
74 209
228 472
200 318
194 337
336 530
2 596
399 580
276 334
288 553
215 453
197 454
94 455
221 337
0 583
139 404
192 200
280 419
242 514
71 161
152 198
206 533
312 564
45 408
371 406
330 369
54 150
334 468
30 296
27 100
6 300
171 236
125 492
205 359
25 290
218 403
198 536
87 203
8 114
78 349
9 132
28 216
178 219
344 419
253 404
21 156
38 183
224 540
78 543
29 588
37 118
120 516
473 546
410 539
129 263
221 426
247 361
60 87
90 342
332 345
368 507
8 294
165 276
126 284
91 583
86 102
19 446
41 301
37 404
333 358
152 542
137 512
304 359
71 506
150 266
187 373
322 539
477 599
178 236
59 135
458 563
441 583
266 462
258 562
148 371
56 294
22 564
416 597
54 66
123 407
85 584
361 537
47 442
247 386
120 434
80 316
113 551
267 517
311 412
50 76
11 151
254 311
326 380
153 368
83 200
64 465
6 237
428 551
222 473
165 494
96 151
328 519
238 328
130 450
93 403
169 382
4 244
195 544
163 451
362 501
146 448
438 495
256 257
70 548
145 166
362 377
58 159
238 415
327 360
408 477
296 432
354 537
188 311
252 401
12 420
65 598
200 556
113 428
119 176
260 364
463 514
17 471
386 449
312 359
136 383
353 355
256 440
173 235
212 344
228 477
27 144
82 349
214 430
453 527
21 341
369 433
239 532
333 458
91 120
134 263
0 177
366 510
96 382
300 599
21 510
320 597
168 231
290 463
99 169
434 516
55 168
372 542
54 278
383 503
30 467
138 528
257 560
450 540
419 464
312 549
497 538
262 447
271 475
371 511
389 524
317 382
409 544
82 593
193 401
227 593
396 412
23 392
503 550
259 489
129 365
36 571
68 275
290 486
60 81
6 502
155 247
212 419
87 381
249 439
260 513
305 389
233 407
89 141
411 576
303 536
422 485
70 103
367 461
376 550
81 319
316 335
7 511
235 309
8 56
216 545
255 482
318 572
334 346
21 467
277 410
38 552
438 504
397 431
40 246
52 276
362 479
375 505
122 560
226 522
324 562
148 406
55 595
306 307
103 121
194 426
290 445
299 500
48 232
208 350
383 550
290 458
415 560
175 514
348 438
3 154
30 89
16 524
13 421
509 546
418 596
86 505
141 582
44 183
590 591
75 394
105 454
189 439
2 177
221 370
53 315
77 581
88 489
12 531
180 573
4 542
179 483
353 451
108 250
208 499
207 466
84 207
117 141
260 367
330 433
103 210
235 531
168 184
86 565
59 302
116 291
227 548
223 578
195 357
341 385
152 495
303 542
97 244
72 91
44 425
482 509
109 162
103 206
53 388
197 298
501 592
457 520
38 293
420 578
238 560
68 128
183 552
155 554
47 354
51 106
199 515
48 518
272 363
64 531
349 387
5 518
113 555
274 511
321 595
158 399
176 306
260 441
285 410
148 492
74 406
6 14
160 422
272 399
59 291
268 405
29 167
126 434
205 304
90 404
425 442
452 508
355 489
452 463
140 314
110 349
393 446
111 346
18 74
25 115
296 339
295 559
20 577
276 494
276 468
59 513
186 578
268 476
329 350
109 245
73 75
241 266
232 518
521 584
215 541
477 566
122 319
45 240
458 598
199 231
278 517
347 514
188 422
125 132
58 180
47 485
507 520
211 462
147 320
281 377
390 554
340 509
357 457
42 153
490 524
310 584
44 94
228 529
211 467
178 414
28 174
526 561
391 569
144 440
107 358
4 49
106 470
242 290
225 277
271 323
221 506
488 511
359 487
112 545
229 282
320 416
243 354
41 468
146 530
246 549
35 39
51 394
36 281
34 313
166 374
285 456
361 567
199 280
220 534
80 395
130 263
322 409
98 598
100 440
363 399
49 222
246 551
17 382
98 458
179 435
227 587
491 543
465 522
278 369
47 469
334 345
392 493
179 450
238 534
306 468
553 571
78 82
15 569
323 463
153 252
325 343
59 143
13 73
254 507
193 195
80 526
33 91
412 468
36 553
518 543
189 506
354 579
335 362
152 190
15 391
68 350
392 505
213 564
36 92
358 563
71 230
452 453
149 594
170 242
87 434
99 174
144 300
349 585
162 353
414 446
151 490
51 202
445 475
72 225
230 439
80 196
397 549
19 69
376 383
207 592
301 480
31 477
291 459
264 301
186 525
323 452
28 99
169 555
54 572
429 433
117 337
397 524
365 460
73 421
305 470
123 483
180 466
414 500
246 490
249 305
179 233
324 537
65 244
40 549
401 443
308 520
208 441
180 269
69 500
388 494
68 499
295 526
115 430
245 489
378 523
368 520
323 445
418 478
44 442
55 343
23 482
187 221
281 362
386 567
175 453
101 247
237 581
372 563
248 291
22 270
393 414
12 416
25 370
34 598
191 317
172 438
112 339
263 512
122 257
292 374
126 415
52 480
20 67
172 198
280 465
19 532
105 503
39 145
434 534
67 85
206 488
408 566
196 375
145 398
173 420
56 241
48 209
307 562
23 102
432 444
109 284
89 385
30 54
71 221
20 286
257 576
242 463
271 508
53 143
228 406
322 344
106 421
213 312
84 261
431 487
139 286
18 391
302 459
321 340
225 260
340 473
467 510
0 596
410 436
95 106
537 567
379 512
247 297
29 209
295 521
315 459
83 379
264 306
228 492
287 494
166 538
568 584
371 488
240 576
481 556
343 575
68 93
124 342
19 500
352 393
32 147
232 593
352 446
188 412
381 418
429 498
19 116
178 457
29 74
110 585
335 501
35 528
339 351
131 573
189 557
318 556
380 545
470 568
94 413
110 450
27 477
237 355
79 167
305 524
54 467
59 329
134 450
153 507
55 185
522 530
159 413
270 304
431 524
60 434
410 535
323 508
501 574
234 316
272 496
313 557
208 364
264 468
56 266
69 446
123 356
170 341
136 503
341 426
106 394
58 269
8 593
213 270
204 571
342 404
89 467
80 234
116 248
176 307
86 244
256 451
72 104
314 592
79 488
170 447
176 264
445 486
81 434
9 64
335 561
502 599
25 242
252 457
39 374
161 545
234 395
400 555
21 385
43 429
127 453
37 85
470 559
402 477
6 599
237 535
298 338
135 329
47 455
139 253
276 345
161 230
185 231
14 502
93 596
439 557
218 268
154 327
156 510
6 355
81 534
42 252
384 574
100 566
99 217
111 308
177 596
83 224
6 581
236 457
103 227
338 454
86 392
146 504
248 299
104 558
226 465
85 568
388 480
9 465
180 384
175 463
33 277
178 500
380 444
121 587
340 374
437 495
115 370
125 148
378 436
255 314
171 500
41 276
427 468
84 140
123 585
83 179
551 589
22 213
99 191
226 280
340 538
406 472
403 478
26 485
100 576
475 536
171 299
423 503
124 286
359 431
16 96
435 483
8 533
238 319
508 597
110 484
364 441
315 532
313 506
159 183
165 239
67 118
70 206
213 359
75 202
454 550
245 259
96 230
473 509
271 597
185 401
271 530
242 447
233 450
173 531
247 567
117 444
20 474
277 539
193 357
124 404
111 414
237 489
151 382
56 114
505 598
425 469
318 481
102 392
17 191
65 98
39 298
288 479
287 480
87 218
92 577
250 525
406 492
176 562
312 397
45 569
51 196
52 301
506 557
73 394
256 590
416 420
554 579
228 402
375 392
63 248
409 443
281 479
167 488
173 371
199 437
171 424
383 595
51 375
61 217
321 383
293 571
16 151
29 406
133 568
56 192
47 76
30 66
9 77
118 139
146 172
95 182
82 387
161 382
524 568
94 528
206 274
356 483
215 366
62 342
322 544
63 513
112 498
163 300
14 125
77 523
87 405
305 421
17 317
316 501
27 440
151 246
1 510
375 395
161 373
79 121
282 594
224 512
304 404
127 514
20 118
295 561
53 239
220 519
1 366
43 570
256 576
230 506
35 145
194 221
83 435
109 120
442 455
293 553
197 374
169 191
39 197
498 570
207 574
337 373
430 458
276 427
365 450
311 334
250 541
114 533
198 303
3 319
24 288
169 217
437 438
511 578
123 484
145 261
196 526
448 530
166 261
216 471
51 95
67 310
185 199
73 557
276 332
57 521
214 221
11 96
356 387
231 437
119 181
300 355
164 266
115 214
172 495
178 520
246 555
89 582
16 249
200 435
88 162
223 250
4 565
158 404
417 546
105 423
260 461
72 441
455 528
17 545
451 590
149 567
339 429
482 497
131 145
230 382
136 153
276 287
243 579
186 533
111 254
215 347
556 586
81 154
62 124
10 461
39 166
244 542
26 528
297 554
46 82
155 297
63 260
197 550
16 490
49 325
319 534
55 252
361 554
2 418
417 473
82 518
189 230
168 343
179 540
115 458
351 429
244 563
326 444
46 387
408 569
265 413
71 373
125 502
286 474
104 225
33 410
466 574
149 386
86 598
273 438
95 526
148 309
303 372
66 351
279 420
57 310
66 296
335 377
280 438
171 248
37 139
37 253
160 188
277 558
72 583
40 564
481 572
335 526
313 331
308 507
167 406
142 386
69 414
51 505
267 379
361 390
292 376
385 467
277 322
24 293
332 346
185 443
156 341
15 228
55 401
31 502
56 200
70 533
84 466
245 535
105 547
369 517
73 331
83 267
176 301
112 444
205 270
135 143
285 378
219 414
113 246
106 182
206 578
0 91
496 589
280 504
40 496
137 433
150 572
193 443
525 541
110 407
17 216
350 364
192 435
39 138
287 388
157 272
138 298
559 568
186 283
397 490
43 498
321 376
163 440
46 593
158 342
158 270
201 311
202 598
68 208
321 343
281 553
292 550
356 585
422 547
112 326
22 399
251 252
192 294
137 289
27 566
207 314
548 593
266 318
132 309
334 412
147 578
152 437
284 591
250 578
182 7 183 384 25 188 419 539 583 178 515 580 411 25 328 210 121 348 442 226 133 115 581 163 357 349 180 250 178 279 92 211 13 155 341 324 599 317 174 395 389 446 84 548 483 18 340 410 588 550 201 8 197 247 283 371 278 84 372 319 10 408 192 443 81 319 236 415 116 69 316 124 78 321 118 143 111 446 296 548 124 488 349 105 238 497 147 357 547 492 240 552 450 497 581 311 593 167 105 171 33 232 343 35 69 311 62 248 90 42 239 397 201 417 320 422 225 594 547 488 524 381 351 27 561 183 402 448 189 343 140 131 558 485 368 428 554 107 254 102 265 211 568 47 413 133 209 348 44 546 555 474 312 258 520 536 580 371 321 191 432 392 368 234 492 145 233 157 366 553 275 8 216 88 21 5 2 175 349 171 90 165 348 328 341 154 86 184 583 265 445 554 87 483 339 18 186 181 227 19 312 224 62 383 159 418 204 359 130 34 415 440 509 180 330 71 33 346 454 165 563 408 521 144 357 457 216 46 90 466 291 298 512 48 557 281 11 234 251 89 599 462 198 412 333 417 481 329 171 336 282 517 54 438 8 168 580 583 534 559 437 296 554 560 489 403 510 80 238 347 345 75 398 50 10 163 342 474 520 477 188 191 530 544 33 201 320 319 439 271 366 577 243 425 178 399 460 379 146 273 3 437 498 588 528 40 498 228 231 111 497 114 496 260 175 99 44 18 331 511 58 313 398 41 470 441 488 168 398 403 374 597 331 172 441 442 396 338 220 332 280 205 58 369 331 88 475 256 17 481 129 91 98 385 557 580 595 422 297 401 471 130 101 23 20 1 243 459 327 159 107 366 415 219 444 135 85 178 393 407 589 451 1 171 26 385 305 373 141 34 0 177 462 454 526 355 158 385 427 168 19 282 589 129 381 258 38 151 564 417 501 334 273 46 214 200 88 502 264 32 202 377 16 115 341 570 39 169 255 239 77 493 445 195 325 357 582 251 286 323 329 165 521 51 597 360 206 269 406 335 160 9 310 110 391 194 98 154 337 292 406 193 414 484 426 495 344 297 223 497 42 218 583 102 194 313 115 386 12 14 172 441 364 538 222 346 256 66 8 441 513 367 32 227 70 535 348 293 436 379 47 488 251 154 529 455 577 360 572 531 211 509 513 101 65 395 533 96 407 24 432 403 244 36 204 279 200 208 133 247 254 154 599 243 413 324 66 416 193 68 14 510 409 93 43 516 360 372 55 374 287 388 342 537 251 403 463 313 399 52 171 235 83 246 260 133 489 89 127 338 156 400 340 395 36 27 82 394 179 523 287 342 469 321 160 77 494 212 228 193 236 558 31 407 434 511 538 207 297 310
742 857
679 242
806 864
1000 909
367 512
975 331
833 616
759 400
796 234
754 547
642 755
309 145
720 483
332 254
818 582
943 463
283 140
411 96
967 401
448 899
31 254
617 217
149 44
272 517
64 466
506 316
139 718
907 595
488 43
898 397
619 150
907 526
676 383
729 758
363 329
122 641
10 368
53 182
1 527
178 649
203 21
287 951
408 687
562 4
17 705
990 518
912 248
70 752
956 361
342 524
136 829
271 361
295 974
494 979
703 92
461 643
792 208
111 310
40 565
592 902
913 929
300 20
11 39
572 832
747 507
345 444
641 106
94 234
683 940
451 838
813 273
436 195
707 832
312 280
931 425
330 318
105 799
749 577
984 275
864 374
193 427
942 896
918 273
838 56
135 539
79 177
329 473
875 964
803 714
570 194
38 115
750 824
40 312
721 914
62 664
236 348
342 152
385 437
398 410
467 22
959 611
54 909
282 487
846 313
720 786
225 773
262 296
488 479
735 353
811 756
992 119
339 781
529 62
299 73
738 214
450 332
505 882
502 151
45 218
149 958
810 805
885 328
994 810
922 170
11 124
849 524
869 825
612 336
649 948
988 65
908 31
118 595
796 564
149 165
938 60
568 962
317 710
780 5
140 664
21 167
144 502
555 156
71 990
541 944
920 632
136 615
606 510
697 419
850 491
112 952
726 145
352 120
474 533
384 688
965 935
19 951
609 248
27 15
97 89
16 593
163 827
434 139
823 732
921 659
695 146
388 897
197 612
849 424
462 603
353 59
519 260
533 788
540 505
779 453
528 35
585 362
175 929
768 870
464 774
878 102
78 530
192 952
205 305
1 574
447 569
498 641
746 285
471 207
203 798
376 211
471 577
434 38
832 175
542 672
535 190
533 718
230 376
200 669
506 505
547 610
807 160
258 775
318 354
920 986
4 306
132 129
807 329
120 496
670 898
940 394
825 346
684 201
584 633
163 106
440 268
659 307
448 74
361 3
821 980
461 802
913 859
500 244
329 562
696 361
871 34
676 782
646 534
887 284
914 497
155 986
407 191
522 598
902 304
926 116
176 457
809 475
502 804
824 662
957 811
433 968
999 544
761 182
512 291
34 847
390 480
773 717
228 79
60 938
537 824
284 172
723 319
394 665
443 683
51 151
328 750
228 464
964 681
987 721
115 874
798 682
618 832
171 591
549 273
940 23
220 907
87 620
755 157
817 35
765 991
39 524
123 105
593 444
53 12
599 547
792 363
689 969
299 912
696 742
728 87
721 449
672 596
93 345
210 985
708 247
859 738
676 646
13 211
324 961
78 445
751 22
502 342
538 872
245 681
40 442
878 177
165 314
591 116
18 916
164 705
521 845
886 629
231 959
549 918
469 500
110 144
275 216
192 882
158 872
399 771
802 531
108 271
252 806
186 77
406 263
178 486
489 929
152 432
408 62
776 136
966 865
662 404
304 617
668 707
556 417
108 912
371 537
491 97
937 929
933 814
606 950
691 61
352 282
339 852
473 389
264 853
155 393
606 474
480 184
161 747
564 83
271 608
578 250
33 91
350 575
619 688
302 880
296 831
614 286
582 523
989 237
632 922
645 76
401 864
874 711
80 810
867 680
943 197
500 695
465 443
161 136
955 968
35 886
121 397
48 43
652 873
998 93
640 247
651 790
411 724
727 50
476 298
824 435
420 498
446 167
234 643
260 413
277 648
106 366
710 615
825 8
470 133
845 936
378 111
322 666
53 488
578 224
98 978
925 216
363 996
249 171
56 860
989 383
263 469
372 849
290 335
224 417
186 844
196 99
144 565
75 74
341 36
481 659
937 545
741 977
70 130
890 999
887 458
943 149
970 546
580 690
731 705
977 646
229 859
36 619
427 826
918 791
697 452
291 548
804 914
642 654
748 423
267 267
142 789
225 732
548 758
0 789
525 229
273 914
276 14
603 31
438 293
184 155
570 132
714 23
900 892
865 147
748 636
509 565
551 563
325 194
949 636
673 861
11 748
538 644
515 121
531 388
415 889
540 303
567 469
43 991
940 86
909 701
601 398
636 349
183 723
43 715
698 586
473 725
438 359
531 900
972 92
614 775
706 168
555 369
657 679
706 549
104 528
625 179
243 914
39 765
240 270
457 51
916 460
285 573
2 279
562 442
699 998
910 557
844 960
81 408
311 992
764 99
209 521
902 146
970 154
108 751
505 366
175 189
827 380
825 694
228 106
996 355
881 507
255 498
385 964
533 532
174 10
179 554
565 38
697 909
482 823
115 437
851 559
282 739
615 573
299 371
406 232
388 742
622 424
231 546
645 204
801 400
875 10
617 880
567 325
521 624
846 898
763 58
945 293
894 819
445 757
136 322
649 500
726 570
215 160
697 284
187 339
637 324
100 708
950 505
626 490
769 487
448 941
733 240
937 859
775 666
523 463
90 877
207 584
685 683
866 62
690 334
413 531
990 310
573 755
469 86
263 551
192 772
838 279
208 48
234 707
265 40
0 444
58 400
9 880
332 81
790 109
354 229
697 770
188 282
930 763
166 354
128 933
454 414
165 63
308 515
936 579
83 923
168 228
977 484
534 1
3 413
716 120
92 588
110 472
413 581
999 662
75 319
756 366
2 814
141 16
785 632
582 164
706 857
132 272
968 197
780 77
872 304
882 354
223 4
954 721
898 738
135 459
871 247
126 994
342 633
756 906
637 468
376 350
872 588
