600 1434 600 720 19
41 206
99 118
86 274
265 384
91 310
19 275
262 476
2 583
128 264
229 467
112 524
339 353
273 334
320 543
473 477
157 569
75 106
76 516
18 484
335 489
418 559
479 549
247 375
265 323
208 453
7 390
80 85
234 460
10 389
203 217
233 418
103 497
343 543
353 449
167 524
93 428
364 564
346 460
427 586
46 389
284 552
97 328
363 422
157 496
33 386
106 568
173 341
58 254
55 507
397 415
5 18
318 337
172 194
1 437
224 460
186 433
387 530
162 280
330 485
519 529
134 138
345 533
86 227
302 352
265 561
428 475
2 412
159 255
151 290
66 480
153 419
132 332
392 446
216 585
8 219
252 585
136 328
261 506
1 105
280 423
19 394
250 279
297 415
116 563
65 151
447 541
187 207
295 594
66 263
151 407
284 447
100 321
100 139
46 431
182 228
59 542
76 83
399 540
533 574
427 506
352 384
110 413
174 194
290 520
272 393
54 581
26 411
363 467
293 410
453 547
446 462
25 156
327 556
253 541
266 433
241 275
120 322
63 162
292 494
2 196
275 394
63 568
157 240
90 498
131 563
90 94
378 488
391 434
183 479
319 381
35 371
137 234
202 481
63 93
82 444
436 560
234 553
210 237
342 528
185 297
41 210
200 534
261 586
148 591
401 575
325 499
65 520
27 113
49 477
117 403
164 572
263 346
300 522
394 534
473 598
371 482
180 390
137 154
4 128
298 545
87 315
53 406
277 294
158 548
263 282
299 508
36 67
435 511
9 171
318 595
484 562
461 575
8 468
362 421
401 559
160 286
161 318
129 574
57 280
93 106
155 293
44 306
309 595
323 359
276 494
256 527
478 563
59 540
42 249
155 461
281 362
191 569
250 511
126 155
117 142
47 151
424 522
109 346
35 508
145 166
9 188
141 257
284 505
156 448
116 591
4 454
154 234
50 516
117 523
299 535
39 345
365 507
178 466
70 203
83 194
83 516
221 556
268 434
19 270
306 388
514 530
214 220
227 445
84 386
292 379
66 182
51 532
141 267
14 170
168 188
21 217
492 547
316 443
145 200
387 520
244 361
174 397
46 103
236 529
113 598
26 500
398 484
392 519
482 508
403 554
37 65
43 170
315 506
125 364
215 335
201 333
131 316
63 423
9 535
62 492
26 189
3 123
156 369
184 238
30 57
30 159
66 359
339 489
376 413
244 566
269 489
23 518
35 411
366 452
283 483
40 537
123 132
110 454
507 586
28 253
74 378
37 387
123 332
452 463
202 250
69 179
20 456
334 556
219 468
344 534
96 243
278 352
136 276
364 532
52 289
24 240
87 112
204 425
133 212
351 372
183 361
377 385
287 447
184 387
38 49
221 238
123 142
236 567
58 313
2 462
267 551
27 80
135 209
208 490
283 498
526 587
154 224
369 570
5 303
453 558
172 592
264 442
192 327
219 441
137 312
343 485
287 407
33 198
299 391
138 570
6 194
206 233
97 292
166 200
450 479
464 466
155 410
291 434
462 483
401 548
0 577
446 483
548 559
202 279
381 442
98 101
100 323
155 250
114 378
379 526
77 550
142 403
82 109
40 339
276 379
67 302
282 359
33 458
144 455
139 323
351 472
245 516
258 275
33 119
97 144
31 487
402 472
308 347
63 102
157 589
149 486
431 461
21 165
105 437
55 369
164 233
80 466
3 113
26 163
206 493
64 81
177 588
140 242
294 468
375 555
206 584
146 505
34 463
284 324
47 532
93 587
399 542
571 582
215 269
186 276
111 356
361 416
99 404
271 535
420 571
64 105
408 565
109 263
31 320
93 222
32 437
1 165
460 573
153 569
163 411
366 463
180 277
88 457
83 202
40 587
213 288
390 401
439 485
326 537
21 149
66 82
370 388
15 135
60 545
195 407
253 324
119 374
193 416
302 561
221 327
218 394
217 486
116 203
309 596
39 574
216 252
472 504
212 435
121 291
294 525
233 493
33 593
497 584
33 255
211 446
291 346
426 585
249 310
169 192
420 582
239 370
411 508
112 442
20 176
74 166
266 276
48 242
27 466
372 472
84 518
182 480
515 516
136 368
307 593
235 517
339 587
3 27
188 554
80 254
129 546
205 207
56 253
7 435
146 304
79 326
64 104
304 464
152 223
514 532
117 254
53 187
147 427
133 289
212 303
465 532
124 173
97 280
272 392
421 565
293 502
192 248
23 386
353 478
147 376
9 310
247 298
46 502
289 551
3 517
234 312
256 392
320 487
80 117
234 302
393 510
38 95
346 359
73 420
145 283
35 434
460 553
383 578
131 301
49 512
253 284
261 487
462 498
89 472
6 73
147 315
374 458
224 346
402 490
103 431
299 482
150 314
491 558
381 501
209 271
241 580
3 332
265 352
335 478
120 523
127 342
83 538
79 537
210 503
47 465
153 375
129 414
525 531
146 464
308 502
50 76
20 295
487 543
138 156
7 294
359 460
33 130
303 596
391 444
119 255
74 430
46 308
87 264
57 307
131 321
62 89
416 532
286 422
206 461
85 142
369 448
39 322
40 489
260 540
211 283
75 423
41 493
29 588
78 502
215 591
352 451
64 352
17 510
53 205
378 513
103 461
377 503
11 139
17 412
296 308
383 452
107 271
28 287
203 486
183 433
58 340
49 228
337 595
196 467
8 596
86 430
30 255
174 481
201 227
53 196
566 598
240 569
389 497
228 336
386 518
70 100
43 402
95 477
100 443
246 595
109 444
5 551
361 464
164 358
245 296
198 280
132 249
5 267
15 508
128 376
349 414
209 535
214 411
382 525
220 337
216 496
141 522
21 323
121 268
90 462
267 279
226 450
121 348
4 413
170 173
151 195
365 487
28 541
19 539
77 179
83 174
159 540
394 440
370 582
187 295
97 368
548 597
67 311
188 535
286 599
95 526
163 408
29 490
111 594
51 288
469 570
101 232
579 589
314 441
386 458
51 407
266 566
68 174
518 589
171 396
369 507
58 262
135 337
198 432
73 592
581 584
89 474
303 551
43 351
145 211
162 292
265 278
525 597
134 395
319 405
347 502
228 310
159 399
106 428
104 105
167 543
155 431
68 533
139 480
246 303
402 492
12 301
144 328
46 497
90 338
37 151
86 400
31 506
100 149
200 344
248 510
278 561
236 440
70 149
181 208
212 294
15 209
48 140
218 325
205 406
269 326
284 541
531 572
169 529
102 222
119 260
227 395
43 173
100 417
47 195
306 406
70 417
296 577
315 495
287 541
380 428
298 475
329 332
227 333
127 257
342 349
239 340
515 577
253 331
553 561
264 315
74 274
137 189
356 498
201 365
75 568
566 590
192 556
23 374
150 441
55 427
531 548
358 572
88 173
187 594
116 131
77 225
172 231
80 262
122 226
34 542
124 341
496 518
343 409
536 554
540 542
82 310
449 563
29 457
84 216
146 178
0 231
563 591
524 543
312 355
190 202
226 549
418 572
364 404
99 532
325 446
310 396
453 576
151 287
350 554
238 383
196 412
0 515
457 588
216 240
240 585
131 425
286 327
24 106
179 337
22 325
333 445
14 88
245 515
126 436
127 424
19 440
487 507
67 341
71 540
487 506
157 191
73 110
26 137
160 422
91 182
51 465
75 432
60 555
148 437
454 592
54 237
54 101
322 546
99 514
291 444
20 207
462 527
9 396
450 549
185 370
355 372
117 349
14 457
52 521
276 368
296 515
124 451
177 208
315 376
279 289
407 465
425 449
146 175
321 443
262 313
34 367
139 359
113 464
289 521
69 309
388 420
99 564
130 255
118 514
153 247
95 379
328 479
94 338
198 593
108 306
523 546
131 417
68 345
64 451
285 485
192 236
351 402
242 296
92 367
225 362
338 583
101 385
257 267
152 389
561 573
6 592
10 581
223 251
147 506
65 387
134 156
156 469
157 544
130 307
48 439
92 118
149 203
380 475
313 552
144 404
7 277
429 497
208 317
19 567
176 456
225 550
72 326
11 316
324 552
176 376
134 283
436 461
232 237
194 397
115 178
10 143
509 540
119 159
456 594
204 587
163 281
243 550
237 581
222 379
40 326
436 575
45 554
25 147
107 168
107 257
187 205
416 549
160 238
302 553
192 286
16 108
245 308
187 338
161 562
319 330
23 589
85 117
151 229
8 212
191 419
147 176
321 417
349 536
268 348
67 355
103 429
74 86
329 477
305 542
21 384
349 403
146 284
179 595
331 406
84 198
127 129
184 530
45 536
260 509
419 459
135 318
474 492
34 184
7 511
199 257
60 79
328 368
313 505
188 360
96 421
192 529
378 430
24 247
421 491
500 504
434 482
334 539
4 376
297 345
182 471
69 595
210 358
202 293
14 29
371 508
177 181
17 363
322 574
183 549
67 351
326 489
252 432
59 357
52 511
7 180
9 360
88 451
17 272
185 582
289 435
90 356
127 574
158 597
33 307
272 510
409 485
185 340
10 385
388 582
228 249
220 411
43 311
67 312
45 342
437 591
204 526
98 581
230 577
248 519
68 297
155 511
229 363
138 201
212 596
36 352
264 376
88 124
208 576
82 182
297 571
440 567
233 559
72 555
49 336
67 372
325 534
324 331
58 239
46 347
24 354
221 599
288 304
170 490
16 313
229 287
126 511
218 534
221 273
193 549
279 551
244 590
2 527
28 56
81 104
50 231
109 291
158 401
302 312
270 567
141 424
301 316
231 381
8 294
276 473
172 442
174 538
97 162
281 411
38 477
286 363
125 193
87 442
271 484
107 199
235 332
258 488
272 519
121 434
198 216
12 131
180 597
249 396
24 75
325 392
10 98
176 413
94 594
46 251
181 576
118 305
28 196
75 252
381 524
20 594
46 223
10 497
262 466
62 474
379 587
48 330
310 444
54 98
230 381
37 530
7 259
114 166
33 84
71 374
228 471
1 217
47 514
361 549
153 459
183 566
209 299
35 268
121 224
118 367
98 385
116 417
158 390
249 350
119 509
22 534
339 478
202 373
241 394
68 415
532 564
113 566
95 425
60 298
410 431
367 530
144 450
288 416
206 575
359 561
194 592
401 560
48 405
123 350
297 582
45 528
409 501
558 576
421 558
120 340
97 455
353 425
87 320
94 111
395 400
140 485
160 599
15 337
208 588
298 375
301 512
150 219
412 467
175 178
36 341
273 383
171 360
421 550
113 590
168 535
184 367
250 293
18 271
115 466
24 585
360 554
160 520
162 423
391 482
214 337
403 536
132 329
300 481
128 172
131 449
117 546
90 583
431 502
196 338
95 473
25 111
201 445
49 329
266 473
144 479
184 520
5 246
292 368
238 520
142 557
488 513
243 382
305 404
39 533
106 475
91 228
112 381
239 313
61 527
0 381
363 510
7 126
206 497
281 408
214 225
13 434
280 455
41 358
140 439
300 574
76 194
122 450
280 307
324 406
49 471
11 471
115 175
382 531
34 92
281 565
423 432
89 500
168 528
156 570
232 503
66 139
62 547
138 227
4 172
285 385
1 148
215 437
353 563
506 586
30 542
89 504
165 217
136 186
13 391
459 544
15 299
256 272
283 395
396 554
102 379
140 285
25 448
82 91
499 529
197 247
425 526
108 239
224 348
314 382
464 590
61 272
77 243
198 252
240 426
261 507
240 438
32 215
231 442
428 587
470 576
37 47
323 561
145 344
218 440
320 495
379 494
275 539
329 517
229 290
272 412
174 415
86 333
147 594
242 308
240 496
65 290
50 172
115 313
53 331
72 79
21 486
21 104
559 575
381 577
440 499
254 262
160 221
468 525
40 428
13 291
466 476
45 188
114 580
233 575
150 382
57 130
0 230
140 223
106 380
232 385
34 357
18 107
206 210
161 595
259 435
160 290
79 555
92 542
71 357
17 393
329 473
64 384
113 517
202 522
111 498
135 161
47 530
212 259
11 182
80 476
48 319
167 381
18 267
248 272
99 364
73 388
12 425
298 537
311 341
247 354
124 352
325 344
304 416
191 459
108 388
31 495
42 396
104 384
10 152
211 483
71 509
211 325
60 537
96 550
446 527
273 556
108 406
560 575
132 336
30 399
204 339
211 344
51 416
17 467
291 391
184 463
236 499
193 226
206 429
53 338
104 165
157 518
216 426
330 409
316 321
5 562
241 258
61 256
67 352
371 434
59 71
122 364
128 442
2 61
419 569
99 305
14 490
355 500
257 424
137 500
342 536
194 571
472 474
108 324
93 102
154 348
148 217
111 134
134 498
120 254
183 244
319 409
11 49
166 580
36 124
149 323
195 465
517 598
161 484
169 248
358 493
62 558
7 212
20 187
320 524
57 255
413 454
82 263
227 400
129 342
93 568
246 309
120 345
236 556
296 405
368 494
58 120
429 461
241 488
40 475
269 335
146 447
55 586
62 408
410 502
153 240
26 35
208 492
222 587
304 361
44 207
170 402
201 570
171 554
61 412
213 287
157 438
216 518
553 573
113 466
198 307
113 589 556 286 596 77 331 179 470 43 38 45 553 478 164 301 130 418 211 237 534 152 112 357 180 307 410 113 482 352 92 243 372 458 41 143 566 58 99 219 246 258 10 252 449 21 40 274 311 533 25 16 329 240 210 76 241 296 248 50 222 242 7 22 106 92 283 223 530 442 377 134 496 195 543 549 119 214 274 462 218 515 392 166 194 147 380 61 556 155 443 51 330 287 234 195 519 1 171 435 21 205 474 290 557 57 234 62 426 393 450 474 250 116 536 118 497 85 481 207 588 553 499 221 491 52 156 213 474 446 123 246 31 111 391 587 64 555 66 288 380 224 408 129 543 349 402 57 110 582 534 14 448 374 379 177 15 435 430 186 450 548 513 80 429 376 120 245 570 469 214 98 503 592 542 554 551 286 538 361 112 512 75 177 168 141 97 110 322 35 502 150 484 255 22 58 78 45 545 202 116 424 395 398 4 156 548 432 430 155 158 591 10 512 71 498 115 466 186 404 249 69 17 69 509 351 7 304 178 491 548 51 213 261 76 218 535 301 106 372 585 493 17 49 165 553 302 65 203 65 14 390 101 453 129 510 409 520 75 582 418 224 511 525 330 44 151 263 424 324 582 556 17 452 384 522 176 323 509 145 260 518 464 209 386 19 543 222 214 596 474 31 525 373 337 318 419 172 293 307 8 49 247 597 399 492 489 319 143 418 461 32 271 572 48 306 64 353 575 106 89 364 109 432 183 506 484 103 129 517 547 60 45 563 271 152 313 580 29 19 96 290 417 369 114 574 169 410 157 200 94 511 206 576 522 548 488 107 44 490 346 69 561 245 42 461 445 584 549 471 520 339 535 15 204 490 352 340 253 208 165 530 26 139 39 221 139 316 120 461 490 264 28 13 129 502 437 468 237 527 505 80 25 81 67 18 152 555 28 47 587 378 372 484 522 419 211 17 174 102 73 215 256 398 498 305 29 251 371 488 50 132 430 332 132 19 160 427 247 169 235 474 10 132 272 521 520 581 525 478 199 78 426 518 465 237 368 99 149 573 447 253 439 547 117 18 186 47 441 80 121 440 209 594 351 235 455 134 32 551 546 552 147 407 255 531 152 207 285 258 307 268 94 527 365 475 229 157 15 423 1 247 143 69 507 204 279 298 14 191 478 356 12 148 462 338 547 180 388 551 207 342 113 96 88 598 587 589 19 132 497 74 39 324 523 177 347 384 536 122 177 578 252 331 438 238 391 539 535 427 275 389 408 233 337 196 412 246 136 475 186 380 78 324 467 167 68 586 472 225 407 324 145 26 239 593 539 110 182 152 273 462 494 137 244 583 277 548 495 491 528 464 39 369 320 442 441 196 380 441
627 135
535 957
277 266
453 594
488 166
776 458
578 249
907 399
898 483
637 630
880 92
518 760
444 775
714 656
857 964
795 605
416 363
204 305
734 480
36 158
418 171
613 905
138 163
7 788
172 893
362 135
825 736
443 550
304 368
891 960
117 628
491 42
414 987
75 733
41 539
802 696
751 897
133 484
432 744
578 392
309 902
962 189
561 618
822 911
428 267
644 508
796 167
169 514
750 78
485 710
605 187
231 495
831 375
350 246
957 54
387 100
327 308
133 676
482 398
26 564
269 988
225 262
925 796
244 792
683 990
155 441
584 736
753 872
614 326
880 553
543 850
11 594
384 985
524 229
118 51
184 831
623 205
918 622
752 224
327 978
474 499
617 987
603 692
646 239
70 788
524 520
177 24
556 74
824 977
861 801
303 209
563 696
63 562
275 814
356 204
393 727
982 638
264 707
896 50
175 583
563 821
931 18
273 771
850 208
645 963
586 986
220 862
710 491
443 323
661 704
461 234
331 163
579 90
399 567
85 84
415 468
473 879
541 492
118 558
47 691
522 411
715 707
233 611
500 585
759 961
224 562
858 314
639 436
529 146
588 448
103 709
463 803
497 640
863 441
275 110
774 576
328 687
760 782
255 57
576 787
795 50
704 403
534 544
822 75
229 662
186 101
334 462
404 130
505 938
590 860
940 532
182 451
855 108
126 997
716 765
833 296
314 80
66 911
942 355
72 655
105 394
786 546
232 745
860 731
979 267
582 948
144 84
619 42
695 539
130 269
854 934
617 613
553 163
793 950
649 278
365 454
443 179
951 980
384 500
863 596
927 376
991 939
553 721
319 592
61 498
522 340
341 665
378 221
665 581
785 748
730 236
58 948
89 286
260 560
603 239
210 465
291 301
167 988
126 771
674 458
148 131
266 20
712 305
538 889
393 821
371 261
915 230
418 219
947 895
739 596
967 146
212 144
888 436
264 441
875 628
428 964
106 822
583 920
93 192
920 506
832 646
64 347
301 781
809 110
699 740
906 655
245 587
208 35
527 667
233 370
647 89
582 171
962 28
950 255
730 802
443 644
77 258
965 86
73 403
450 392
107 884
31 88
755 126
950 607
318 559
736 188
814 481
205 944
140 296
542 635
796 346
783 140
141 807
354 355
493 458
95 684
214 232
698 428
2 88
871 412
57 629
429 28
446 468
625 724
514 111
677 902
370 625
750 434
764 715
387 929
20 211
737 528
191 258
19 299
123 14
6 128
354 710
964 427
682 869
731 359
172 690
894 708
640 769
221 115
343 413
827 30
129 336
288 401
279 476
824 410
205 404
681 687
280 747
774 288
954 463
392 181
732 138
576 324
250 965
756 615
618 376
469 762
689 837
836 453
305 490
126 599
446 286
135 722
766 165
876 518
578 643
777 891
746 824
429 413
925 584
494 83
502 792
973 912
815 563
683 68
531 22
512 815
562 427
601 822
384 339
147 198
342 931
87 333
274 678
450 672
700 39
373 301
461 618
209 10
31 276
414 931
504 681
828 601
329 232
344 855
499 372
762 924
645 468
649 5
165 169
557 341
652 740
785 196
742 756
589 486
524 600
822 874
711 879
388 847
190 920
776 826
311 179
0 538
999 235
639 799
627 584
289 541
928 684
172 361
208 593
379 1
4 432
75 531
303 715
356 63
483 333
775 679
821 828
698 211
27 717
244 993
478 137
997 1
65 46
336 771
260 890
624 79
986 524
31 391
663 940
901 3
42 771
111 464
505 314
828 141
894 324
720 629
181 230
182 293
71 136
241 83
594 601
588 297
757 503
92 627
179 65
928 321
872 891
594 528
170 622
713 112
391 283
240 466
902 762
680 7
797 271
840 684
234 305
481 191
615 466
619 294
256 518
515 863
962 318
72 993
551 293
964 737
144 371
202 780
674 404
415 803
109 852
420 103
292 868
895 206
87 4
828 233
176 791
332 624
741 683
853 391
851 277
504 978
101 911
728 31
66 195
904 561
562 127
534 792
620 670
240 19
205 193
301 441
355 100
436 825
260 642
737 984
28 452
995 846
492 227
199 681
390 153
873 987
45 739
43 997
695 781
872 246
260 226
20 487
355 523
193 493
420 521
242 329
946 500
324 51
974 872
522 699
878 837
410 646
903 810
251 915
437 492
427 699
397 899
288 653
561 767
668 336
777 651
244 169
762 538
754 7
564 889
457 6
33 51
367 909
904 932
990 733
902 852
966 229
341 732
537 54
76 871
884 171
280 158
113 214
872 760
665 39
777 226
995 65
834 800
386 434
465 65
407 40
805 635
20 656
167 316
822 336
498 738
46 27
150 548
680 146
636 173
430 616
49 828
161 256
108 426
778 369
644 397
522 447
581 42
988 448
373 781
240 242
676 521
122 242
121 526
1000 398
202 536
592 361
119 146
712 584
612 509
302 945
676 282
4 155
41 600
316 395
81 582
576 11
20 945
280 964
561 470
981 803
975 351
284 574
954 659
800 451
408 394
707 817
615 552
295 984
61 293
480 536
998 783
943 295
880 297
659 847
792 512
432 852
193 561
925 741
364 570
53 218
229 822
102 963
306 30
576 274
999 292
680 812
604 417
897 269
999 889
683 101
37 427
9 916
88 115
914 72
540 321
296 244
921 129
147 858
432 79
305 838
918 984
7 889
374 544
446 902
548 222
111 739
357 179
834 537
861 474
970 395
386 597
101 360
