600 1207 600 1198 5
189 520
160 238
136 446
297 378
475 590
55 94
83 106
254 328
260 356
54 155
479 575
59 98
360 501
106 130
362 524
363 418
202 428
288 391
235 529
60 381
166 551
27 596
152 547
6 346
120 564
310 466
270 401
92 176
172 398
8 484
330 556
60 483
20 129
45 348
298 446
54 558
186 195
5 272
214 472
22 44
307 450
443 449
439 553
106 502
65 452
39 94
466 550
80 109
69 131
269 359
70 381
81 591
129 490
345 416
140 333
136 377
163 278
61 339
158 585
351 531
122 388
120 345
168 534
462 547
18 429
406 458
210 485
31 432
95 196
61 298
216 565
421 492
257 356
147 578
141 416
371 447
231 499
223 587
70 483
162 482
49 551
69 242
242 369
23 328
132 184
136 298
233 490
49 166
36 409
8 491
212 233
111 456
382 586
100 457
17 473
206 334
479 545
57 207
21 244
430 519
545 576
230 236
40 141
179 571
157 448
68 433
121 124
62 274
213 235
212 234
340 518
315 397
146 345
99 111
244 589
166 545
29 208
205 287
240 517
370 574
275 292
103 267
452 493
281 452
77 175
17 281
297 499
32 377
228 232
117 467
311 418
141 345
123 497
45 134
111 500
182 218
446 533
292 306
259 536
510 554
124 467
235 346
2 139
248 374
109 249
359 558
473 493
4 223
387 543
84 542
81 230
178 471
257 512
48 409
197 395
11 430
30 145
83 130
213 291
408 414
37 443
148 250
436 480
97 323
99 253
284 556
341 501
405 576
11 598
79 584
36 313
240 489
470 585
133 258
167 462
113 299
483 522
14 19
288 465
192 581
298 353
74 128
165 295
444 555
99 158
116 339
187 274
146 472
439 469
470 519
548 578
439 541
497 530
56 218
310 313
19 203
5 297
158 425
329 511
69 171
104 133
66 192
304 461
193 592
419 559
202 589
76 326
313 442
180 405
304 408
9 589
243 570
13 508
92 319
7 460
178 300
229 453
330 502
211 322
191 497
26 222
97 593
353 446
348 488
253 371
0 132
49 299
77 242
127 552
214 463
162 210
105 271
217 413
379 599
22 440
434 500
451 524
48 398
282 554
24 557
146 287
376 503
428 480
2 337
1 273
73 404
16 238
257 285
280 288
40 92
34 127
260 554
523 552
436 452
122 380
105 365
448 471
196 291
46 483
284 330
350 543
285 427
154 431
457 477
327 437
197 477
304 382
169 596
23 419
288 293
14 486
484 549
177 515
252 306
57 217
13 365
146 214
263 492
100 204
229 473
147 392
64 555
33 409
98 106
178 418
262 569
342 501
41 419
123 278
471 531
155 403
183 230
96 584
210 512
59 431
3 258
236 379
9 402
112 128
264 399
213 529
366 416
572 573
337 560
18 427
14 121
221 404
341 385
275 427
363 478
574 595
299 521
317 598
329 390
351 519
283 593
211 483
107 174
414 503
209 407
226 532
186 490
506 530
156 361
11 174
346 417
207 458
272 597
464 510
362 368
285 429
504 552
38 508
194 530
33 539
217 487
160 187
347 509
396 511
137 583
407 469
82 379
233 527
19 177
204 395
371 576
384 474
55 122
11 584
197 527
107 261
344 503
85 117
127 504
213 378
33 433
180 317
219 401
80 558
63 258
104 570
24 130
30 267
237 449
206 358
41 219
163 209
173 227
81 252
20 498
124 383
85 467
436 547
85 364
96 286
15 290
225 452
199 283
188 219
337 474
108 422
404 443
297 438
427 429
33 48
239 313
201 519
20 490
26 368
311 363
323 513
51 60
7 186
104 243
303 332
296 577
265 537
168 348
8 250
169 413
19 515
8 442
368 486
218 536
220 315
170 408
119 571
285 569
152 574
212 218
49 521
111 434
538 566
334 358
12 396
207 406
57 377
408 586
113 559
142 369
64 443
86 564
138 438
25 253
147 448
71 307
373 516
208 410
13 325
127 583
290 525
230 435
299 481
194 535
224 360
47 546
252 591
339 411
106 327
345 463
260 292
164 308
56 234
76 78
67 425
320 432
167 574
183 494
15 266
311 478
39 74
6 291
34 226
244 460
1 353
352 476
102 495
424 482
47 476
322 535
438 499
167 547
67 86
268 538
125 267
169 217
189 415
292 356
84 290
51 381
80 525
26 522
166 479
34 167
216 396
221 237
101 202
163 336
30 482
168 488
453 574
16 324
241 568
213 499
119 481
290 424
9 21
270 540
95 192
90 530
168 423
34 595
78 148
217 332
228 599
205 578
170 326
121 362
428 436
76 432
219 546
6 235
7 21
20 234
77 375
420 426
151 528
70 241
343 355
40 231
274 580
171 242
346 409
105 187
382 388
301 543
391 482
193 361
108 228
186 402
17 101
30 538
394 507
351 372
56 354
410 450
173 199
189 264
377 514
486 526
75 430
32 57
118 137
44 575
150 497
268 566
176 319
63 159
270 513
240 403
257 333
93 411
155 489
42 335
290 391
37 50
149 209
450 544
39 399
327 334
121 383
83 557
383 429
203 568
58 176
139 161
44 440
116 400
534 580
309 528
576 585
356 562
453 493
263 509
216 511
119 386
33 398
312 336
138 597
44 164
209 312
362 364
119 350
189 549
140 145
333 512
56 212
52 102
7 490
168 243
193 453
110 549
157 471
100 229
14 368
52 268
278 497
544 556
93 360
91 577
97 208
31 239
226 339
373 591
66 277
198 527
92 463
142 171
98 502
429 569
174 478
126 165
583 592
495 538
419 540
167 595
430 470
236 387
278 407
56 182
109 210
19 70
66 289
406 578
212 536
103 495
207 265
541 553
129 234
239 250
41 546
309 347
157 406
149 524
457 473
197 259
224 418
87 318
255 411
74 388
183 435
240 276
135 169
159 220
26 251
32 411
520 549
173 518
179 252
113 256
19 526
30 103
181 253
80 210
45 394
386 571
249 518
9 195
35 67
65 225
114 492
127 532
185 596
431 505
447 576
172 347
318 435
156 395
5 138
175 242
170 277
253 440
247 522
58 338
207 255
282 476
173 323
386 464
72 164
389 497
106 410
5 192
356 512
146 496
170 321
83 410
186 233
184 347
5 581
307 509
198 477
95 432
128 586
88 197
27 561
149 541
238 324
206 279
287 458
71 390
373 454
110 165
267 355
96 228
313 491
89 123
443 555
298 339
397 517
184 263
324 557
74 441
126 295
80 325
72 113
279 394
24 106
158 500
540 565
24 358
123 506
73 273
170 503
392 496
139 263
494 577
350 599
50 592
174 261
78 326
57 413
259 527
399 441
487 514
184 509
86 248
263 421
306 464
241 296
303 377
80 359
370 453
211 407
230 587
178 224
59 474
209 553
25 181
308 440
287 561
64 444
459 572
393 483
400 547
66 326
149 312
121 364
151 216
36 132
401 468
248 417
289 326
393 526
63 220
115 583
43 254
237 573
127 595
103 294
0 475
378 499
28 493
249 340
60 375
493 574
47 340
122 148
522 526
437 505
4 587
94 399
21 460
69 563
481 510
106 154
405 585
23 565
286 584
133 567
136 533
197 204
26 362
37 73
267 294
296 494
254 440
239 466
150 535
79 202
85 420
59 154
403 542
134 245
112 586
464 554
137 552
176 338
306 386
342 363
582 594
159 274
51 369
145 305
352 485
132 172
475 491
22 25
372 579
12 71
26 526
190 237
342 480
204 229
34 532
280 293
86 366
138 231
89 312
196 378
190 533
43 456
125 391
210 333
301 350
190 446
165 491
75 174
154 505
25 576
53 531
271 283
205 406
189 399
161 474
213 335
37 404
120 496
567 570
205 548
275 306
480 547
82 589
67 372
267 482
139 331
137 592
183 296
48 172
273 504
17 452
113 481
321 326
261 480
9 101
25 479
48 132
415 441
409 433
374 433
153 312
18 454
375 535
357 577
300 471
3 63
1 504
175 194
295 560
236 599
123 163
236 350
370 583
28 574
209 336
257 427
284 502
332 487
200 470
199 271
201 585
120 366
144 491
342 418
112 388
199 593
150 191
65 152
115 370
383 566
144 421
277 289
279 324
212 490
410 502
398 539
422 545
178 311
170 289
113 510
32 339
268 383
210 352
176 231
24 324
89 153
1 446
283 557
188 546
106 437
423 507
317 430
44 72
211 375
405 545
158 351
52 124
455 480
68 111
258 588
194 389
273 446
229 493
224 246
334 437
10 128
155 542
81 373
42 143
282 510
143 417
24 327
385 501
435 516
10 414
6 550
144 590
255 265
158 201
140 262
112 382
173 508
164 419
152 225
139 307
14 526
166 228
185 214
155 558
1 61
12 270
454 516
256 510
161 384
66 349
47 468
255 360
445 507
44 308
23 254
319 338
324 358
119 543
133 570
207 537
321 461
151 172
307 544
77 535
309 511
246 501
96 232
352 512
367 567
227 518
413 561
143 235
161 337
51 296
16 279
348 423
69 194
10 586
519 531
91 369
13 54
236 460
62 105
157 224
69 175
58 272
2 114
121 368
335 499
107 584
68 374
291 378
71 208
303 459
340 468
362 426
234 498
360 406
35 425
26 486
10 503
49 316
125 355
276 517
142 412
247 407
542 558
42 141
406 537
91 357
72 521
28 152
347 528
91 142
447 585
82 96
234 302
217 303
284 544
195 402
90 194
105 274
141 231
93 255
310 550
82 460
168 580
134 488
110 491
374 417
329 347
166 316
111 253
141 366
11 75
237 446
203 516
199 365
18 275
39 441
64 449
261 478
90 563
138 297
165 492
143 366
546 559
22 181
7 195
79 286
519 585
159 243
45 279
428 455
456 539
70 393
160 324
70 568
256 282
325 508
323 401
262 566
41 559
104 159
107 455
55 484
332 377
81 387
101 281
131 182
63 588
154 437
191 407
245 580
50 137
430 598
9 244
74 94
476 485
98 154
231 335
71 450
54 105
449 573
393 522
144 492
38 365
321 408
102 103
263 590
403 489
71 329
132 590
551 599
435 568
235 417
211 535
291 466
357 498
380 461
16 134
94 388
386 481
4 494
116 462
36 310
352 562
16 245
0 313
374 434
4 7
202 281
390 509
49 119
245 488
114 126
240 315
314 350
108 598
145 482
159 588
226 462
193 370
263 331
369 577
552 583
23 164
53 372
108 584
1 226
166 599
288 343
423 445
32 255
346 433
51 241
151 309
14 383
54 325
407 553
22 479
287 548
72 575
17 198
23 440
126 560
220 240
533 573
214 319
474 594
477 527
459 533
113 419
63 397
264 415
191 322
182 354
269 542
146 463
133 367
68 539
400 501
41 540
11 107
6 409
305 333
65 547
109 485
180 598
122 382
207 413
266 280
143 248
370 595
317 470
118 552
62 155
18 373
131 171
55 148
304 586
271 557
134 348
157 578
6 466
31 250
150 389
160 245
70 526
339 385
98 384
44 479
92 345
74 112
215 592
185 472
496 548
564 579
92 214
304 380
81 318
50 118
196 320
145 104 460 87 354 519 174 138 191 549 573 142 504 247 515 0 465 327 137 375 444 193 515 431 325 488 176 265 346 571 517 451 105 25 114 271 77 324 31 139 120 154 482 235 320 448 123 81 274 592 60 322 243 537 125 569 576 183 505 440 362 41 146 180 250 382 313 185 505 435 118 156 505 518 122 353 14 488 19 315 346 416 145 215 288 3 420 174 183 456 264 52 363 91 71 567 363 62 391 77 136 412 323 217 511 480 518 133 362 321 209 296 545 510 344 2 384 143 146 393 381 291 3 137 292 389 405 346 91 283 86 240 487 107 592 271 502 193 177 1 461 393 171 261 140 534 459 351 383 468 156 119 114 201 496 498 89 139 402 463 220 149 366 432 490 420 585 234 510 447 380 400 306 578 471 214 383 189 496 284 440 583 561 260 368 187 527 24 245 594 330 584 440 151 52 485 122 204 585 356 363 159 17 158 452 563 183 112 342 407 9 173 131 325 51 182 447 546 314 415 305 496 365 373 315 447 310 414 116 315 362 411 278 571 125 172 499 58 476 288 461 115 566 27 448 52 283 572 435 2 231 191 542 298 282 319 64 531 352 340 477 167 90 432 251 75 57 63 159 488 531 393 176 419 380 561 169 199 598 489 567 321 446 272 498 541 560 80 199 397 224 361 162 410 82 288 590 383 97 417 489 436 213 481 108 350 56 111 483 231 50 446 382 474 326 578 175 289 555 300 68 187 475 178 459 122 550 245 133 49 183 137 55 244 156 211 96 473 256 566 539 554 30 302 10 527 27 504 381 587 293 151 65 534 546 468 486 201 584 298 535 352 120 511 342 47 579 201 184 586 332 473 479 4 43 548 122 568 51 9 188 117 226 124 157 391 578 186 227 20 35 361 267 216 472 110 239 182 514 293 533 245 542 310 145 57 286 437 69 458 281 468 176 309 15 380 348 160 118 289 196 56 24 57 374 6 569 590 338 6 237 477 372 220 66 173 359 574 328 389 204 508 270 419 114 80 488 128 238 125 61 437 502 505 440 6 332 55 16 221 147 480 420 225 469 164 503 160 424 504 294 169 401 209 392 444 401 408 56 140 580 242 322 383 450 540 466 541 448 578 470 10 539 447 276 500 271 270 327 304 464 186 563 57 326 413 544 122 53 463 299 229 59 524 98 348 483 177 68 549 492 123 518 497 66 593 298 231 82 437 12 597 181 104 75 31 95 246 31 420 177 28 272 141 408 529 596 406 304 561 310 424 218 430 485 238 394 497 548 353 148 30 401 164 158 63 24 16 137 274 58 388 152 275 361 534 150 313 100 52 97 85 589 181 539 415 116 527 218 438 574 83 267 97 57 592 389 538 293 529
224 320
856 147
99 422
137 964
784 632
296 51
304 222
810 596
125 244
794 488
5 39
653 390
272 504
266 756
692 882
366 917
82 736
881 434
584 754
699 818
864 600
785 525
519 453
394 517
96 644
510 416
742 908
566 80
880 324
253 541
517 933
194 155
756 96
334 353
856 233
455 282
248 277
979 114
266 710
13 190
433 108
387 567
375 175
391 428
505 507
66 784
797 794
383 645
272 338
570 542
983 182
787 726
589 982
548 250
253 801
85 220
932 594
680 74
372 10
14 527
816 755
816 127
218 835
159 937
960 15
810 307
223 23
461 244
382 325
965 725
718 765
206 516
500 555
915 156
4 156
658 315
190 96
856 749
144 115
733 397
363 796
646 645
729 519
179 639
357 865
709 999
483 215
657 712
986 524
985 944
965 761
852 691
459 37
711 141
46 212
260 109
703 485
247 616
53 551
454 366
935 439
811 461
557 986
491 988
84 933
230 764
119 596
700 390
651 450
380 744
108 307
414 380
10 120
460 609
99 388
950 270
811 193
639 998
935 194
585 598
496 133
640 926
79 141
965 873
622 949
424 957
81 363
885 212
1 92
893 570
147 637
991 667
228 351
28 961
98 787
584 22
800 60
948 220
353 53
104 484
501 841
429 156
886 686
430 216
139 341
487 912
529 94
529 211
124 174
861 986
931 816
310 428
849 294
996 980
45 579
266 853
993 396
627 206
497 324
132 869
148 721
57 459
414 839
965 906
454 525
109 349
606 487
855 263
89 836
627 4
124 5
945 699
244 395
291 685
691 350
898 758
403 26
632 838
658 266
582 675
586 414
462 445
996 632
737 677
196 403
503 16
851 537
174 770
351 575
40 288
859 50
910 857
238 66
988 314
927 786
819 537
273 173
969 478
869 499
248 681
559 392
564 315
794 429
666 804
962 413
603 151
13 660
640 108
222 593
907 939
410 788
840 829
919 541
349 160
519 56
987 222
352 458
688 3
981 571
321 549
169 887
920 76
764 937
746 605
679 233
859 345
833 170
340 742
655 482
949 378
713 649
397 88
683 454
886 528
896 610
362 223
693 572
917 33
112 716
217 209
213 930
742 735
888 728
63 891
764 483
129 782
704 201
815 846
430 252
351 686
163 197
792 911
608 648
447 414
417 457
707 93
418 633
508 777
103 982
932 506
494 712
726 356
550 860
144 418
10 283
670 122
317 921
448 939
591 941
325 866
291 553
218 694
295 7
916 123
186 827
545 738
236 956
159 9
917 890
21 726
313 952
829 416
427 690
186 668
125 554
570 823
746 443
561 110
331 991
190 19
397 899
320 185
533 701
271 972
468 969
30 357
777 675
297 103
808 91
526 598
640 235
657 604
912 636
757 6
83 98
468 861
570 703
160 496
427 507
257 436
254 239
690 280
938 999
219 259
613 573
190 958
599 522
611 382
676 672
462 3
230 130
133 59
870 817
293 643
79 696
314 774
165 70
79 618
388 481
231 472
71 525
108 450
714 17
477 817
60 642
382 142
954 950
68 422
430 8
779 129
331 648
755 217
746 259
377 999
4 3
456 86
346 267
217 436
62 820
252 4
640 558
536 305
437 745
839 107
956 611
439 997
509 738
834 627
42 667
351 828
711 172
979 367
719 930
720 289
686 952
238 733
437 185
60 992
685 911
821 706
919 293
492 370
508 273
627 721
395 291
825 783
89 1
755 50
317 152
707 543
116 131
774 755
47 109
640 878
60 493
766 173
544 656
681 628
35 151
961 817
185 462
382 942
549 172
747 803
5 779
983 440
325 496
190 993
292 377
59 253
791 229
331 611
820 504
236 900
948 102
550 424
634 166
881 883
77 65
298 288
171 586
746 124
961 669
636 34
53 45
1 313
464 160
404 234
712 257
420 554
729 960
163 373
619 456
33 857
422 882
484 290
753 984
555 773
790 389
624 809
629 343
1 595
227 99
340 304
417 325
687 724
809 348
44 616
333 92
805 937
467 485
4 234
177 249
940 54
997 6
5 871
872 88
517 346
573 227
933 0
204 547
812 997
844 375
953 327
617 775
768 359
382 387
919 410
605 113
793 28
767 554
116 85
825 235
484 70
516 666
281 1000
260 210
674 993
357 625
820 901
578 360
626 285
539 32
915 380
24 462
195 315
381 689
894 460
707 316
552 477
771 325
523 636
447 899
774 816
86 287
408 758
722 882
694 38
115 817
209 868
849 573
156 292
127 376
901 347
758 646
524 985
530 140
944 846
868 639
346 127
468 337
722 225
95 567
57 7
868 176
2 625
987 849
21 814
310 742
179 427
465 654
296 478
448 787
266 576
720 51
680 847
663 741
221 988
319 700
590 302
1 352
549 565
786 846
945 154
782 979
385 831
739 836
904 493
280 418
398 194
994 814
590 272
855 203
832 34
97 872
893 791
951 536
672 164
548 926
341 387
359 534
844 956
292 869
622 613
175 557
566 450
379 602
785 291
573 148
45 332
279 261
628 522
899 183
856 919
455 705
993 82
118 518
151 686
328 806
434 588
70 390
603 57
471 741
992 738
505 187
357 487
567 886
16 992
680 772
581 854
6 917
567 625
844 6
888 2
883 292
559 514
518 387
809 654
601 186
493 245
156 841
267 67
13 386
921 241
718 422
548 362
17 66
739 575
118 921
776 456
192 355
625 686
998 250
210 642
34 416
887 245
559 2
332 17
617 414
678 502
