600 960 600 615 9
458 562
6 431
217 553
13 307
461 546
162 510
284 498
499 506
7 125
340 511
131 263
43 544
36 146
438 482
139 209
113 557
298 344
223 534
191 598
551 552
71 322
21 365
306 526
237 362
43 519
134 576
468 595
50 134
437 579
68 577
39 505
531 554
128 187
495 583
460 523
405 589
150 466
94 316
131 333
19 586
302 597
213 224
284 328
190 576
17 319
228 349
367 415
277 281
98 218
280 328
381 571
134 484
352 506
307 526
42 589
271 287
70 98
150 301
149 296
51 498
189 536
79 524
276 440
154 471
374 384
332 410
353 412
35 331
32 419
73 262
258 419
80 190
200 395
97 100
96 354
140 402
277 486
182 218
169 598
256 504
478 596
185 444
310 510
81 127
93 332
435 590
66 124
292 592
356 379
429 521
123 301
88 271
483 487
291 401
586 591
304 317
150 535
106 212
295 506
171 489
38 526
359 434
206 316
31 334
398 515
112 278
394 412
71 565
132 217
168 420
443 584
40 505
138 356
380 559
195 197
34 543
32 140
496 513
316 444
268 483
335 582
74 361
1 397
86 402
4 277
265 283
108 130
63 383
146 155
132 236
275 405
103 236
114 461
92 188
308 413
236 337
16 97
16 453
8 515
220 238
547 559
298 503
422 569
7 362
292 464
268 508
150 404
82 416
59 539
444 577
26 589
268 321
93 566
130 177
112 455
199 352
351 581
59 549
312 476
105 524
114 555
157 561
241 413
85 445
326 340
331 519
344 372
451 466
259 523
120 299
269 464
408 522
202 245
205 242
238 324
32 212
221 476
38 54
51 289
16 100
288 569
69 329
279 500
285 429
365 556
221 488
119 183
46 221
327 489
114 399
228 314
242 393
124 273
271 442
102 279
148 477
225 528
0 444
120 523
112 309
206 225
103 347
306 307
374 515
52 590
42 405
320 333
101 487
191 236
207 474
234 424
112 450
48 423
118 408
325 541
129 331
214 225
240 474
367 544
192 264
212 258
3 511
235 556
191 258
87 289
217 402
232 538
253 403
36 201
298 551
76 513
10 30
389 437
379 463
268 516
187 392
5 559
21 465
417 592
409 412
174 189
67 76
346 365
151 181
83 349
14 267
363 427
109 213
571 581
81 214
35 263
101 483
230 386
315 325
234 580
251 518
501 553
344 490
75 524
293 303
173 225
290 339
474 570
74 210
6 127
503 519
286 520
324 489
86 232
141 257
27 322
408 470
117 334
280 360
451 571
116 447
61 562
305 524
221 564
168 263
235 438
169 224
176 259
469 544
348 364
512 560
309 357
156 212
219 465
344 503
111 193
88 187
187 295
408 596
138 186
18 512
9 127
21 300
218 375
300 445
215 396
454 533
345 595
190 548
253 388
433 507
331 543
257 579
53 272
194 396
168 467
60 403
61 458
205 266
310 533
256 368
207 565
338 566
388 563
31 229
425 458
179 558
273 531
204 375
233 581
34 173
142 351
483 516
246 426
136 472
88 128
15 146
211 410
146 475
41 517
241 574
285 434
101 428
223 286
128 271
72 84
8 504
12 358
52 62
203 300
321 585
166 577
90 134
178 556
307 457
25 530
207 462
88 442
120 342
298 372
252 502
112 357
49 383
97 137
226 376
137 590
27 159
199 381
111 264
38 307
180 488
317 560
344 519
177 511
338 507
177 291
231 274
169 258
462 474
9 227
278 371
45 85
399 597
368 471
394 479
233 369
115 222
286 534
362 491
39 483
481 596
92 399
32 258
6 420
300 563
407 430
77 118
256 554
110 460
278 427
183 359
193 549
49 151
459 591
81 129
65 104
103 592
202 341
262 310
4 446
329 594
19 303
470 493
100 319
122 190
22 552
144 191
199 506
205 505
66 283
90 583
339 472
130 291
413 517
573 577
141 203
1 164
63 248
65 246
160 390
38 439
228 370
214 343
154 389
303 394
29 546
64 557
182 291
28 298
15 475
132 456
365 418
174 536
308 350
152 313
129 263
576 592
168 333
21 161
126 222
273 554
42 277
254 348
147 389
355 525
55 326
451 530
54 118
376 566
143 596
69 238
246 255
316 318
17 146
133 527
452 557
90 576
133 310
16 137
195 559
268 502
84 242
502 508
58 479
480 544
301 432
55 267
247 370
48 414
149 250
200 540
12 110
303 479
160 479
106 353
197 327
60 99
272 290
347 456
341 582
474 565
71 122
356 432
174 311
94 166
3 514
58 213
288 524
92 250
129 420
151 276
296 366
269 411
339 366
389 569
31 482
136 290
188 362
22 372
114 597
170 553
180 244
95 369
314 532
279 531
267 561
126 175
364 503
153 567
22 298
375 386
283 545
428 483
121 232
146 587
529 537
44 511
3 265
104 423
380 547
35 348
11 448
171 197
63 83
56 108
14 55
198 538
29 90
177 378
76 200
294 313
172 239
126 401
319 558
314 450
90 236
235 482
99 141
112 589
373 557
36 157
539 549
29 136
178 550
274 308
483 520
192 215
48 177
79 105
341 453
414 423
308 567
283 511
376 507
66 514
364 552
431 495
265 514
247 532
104 497
59 100
385 440
4 240
41 275
393 541
24 96
193 540
272 583
135 239
189 327
75 288
55 384
60 471
208 580
36 373
184 240
59 107
187 280
449 522
379 530
124 531
47 108
122 159
62 361
426 497
157 557
79 384
64 65
150 451
28 503
282 556
341 539
146 201
299 557
397 448
249 309
153 231
156 385
33 429
463 530
193 525
22 161
241 517
224 409
222 291
54 566
17 176
233 266
3 515
198 584
385 443
39 205
18 230
261 278
334 480
144 598
318 343
179 395
77 82
431 467
524 593
153 308
509 519
339 437
124 391
36 125
228 436
204 386
43 469
51 284
424 473
349 436
399 599
416 430
245 341
77 416
111 537
229 438
558 578
139 397
228 247
119 429
98 108
352 499
453 568
145 544
240 485
76 307
52 137
147 579
17 259
103 456
69 302
470 522
77 493
109 444
296 461
85 279
213 409
56 130
364 551
208 591
263 420
223 508
250 399
52 197
3 340
177 497
152 527
188 599
193 578
11 164
396 525
70 375
335 453
382 394
13 200
158 284
171 195
24 405
286 516
236 417
425 588
10 412
90 136
341 568
190 292
247 488
163 393
91 235
301 356
311 533
86 170
540 578
22 216
84 233
80 555
363 488
182 560
23 562
5 475
109 160
360 562
188 491
13 355
294 392
172 506
248 370
391 531
269 347
156 538
361 453
192 193
338 478
347 553
478 507
133 510
17 441
352 425
555 597
55 374
301 588
117 480
113 561
241 322
55 113
328 360
49 443
469 543
486 570
160 213
133 442
270 508
308 517
330 517
96 251
86 156
153 406
249 349
78 481
230 375
41 565
442 510
536 574
350 574
89 142
255 340
6 148
65 255
86 501
13 525
396 430
196 285
208 586
155 559
8 273
57 108
116 138
113 267
147 437
287 442
6 168
305 384
52 195
347 501
472 546
322 536
237 524
87 363
209 393
209 541
76 496
151 424
89 135
217 347
43 331
319 435
442 506
43 480
96 294
489 547
321 387
466 535
272 320
181 424
188 572
500 531
11 101
216 552
353 409
144 148
202 537
10 400
152 392
51 96
294 518
166 367
27 548
110 457
336 448
47 378
223 379
584 595
77 526
345 538
517 567
263 333
316 528
69 380
10 385
318 528
56 378
35 364
393 494
186 321
54 93
26 278
497 511
31 438
183 434
449 481
147 471
37 575
3 326
272 437
30 382
268 387
282 418
135 315
315 335
19 119
237 593
40 139
27 324
73 133
76 395
575 579
159 548
115 401
66 265
25 463
444 573
60 165
141 300
74 162
234 473
313 527
152 294
332 523
127 227
24 251
179 358
136 583
65 211
93 110
0 169
33 542
134 555
97 590
378 545
20 118
343 528
251 294
158 328
16 107
119 434
323 397
161 178
10 353
311 454
47 57
438 490
128 152
264 537
33 521
138 432
351 381
0 109
377 389
142 581
365 465
36 587
123 404
195 590
277 589
194 430
114 297
378 492
295 499
132 191
170 501
343 444
69 572
59 558
345 485
541 582
60 141
388 403
19 580
2 251
139 323
572 597
54 439
146 373
72 142
167 443
136 272
141 388
154 422
450 532
320 495
39 520
64 255
243 422
65 410
240 468
252 270
235 490
1 40
269 592
132 419
305 374
82 355
253 279
230 304
111 549
381 506
293 394
150 588
296 399
313 406
65 523
232 485
105 267
73 527
21 445
307 439
170 217
197 489
451 581
288 377
190 260
328 354
66 545
239 442
520 534
286 483
212 224
466 588
10 586
21 556
377 569
82 194
254 519
295 421
82 42 599 120 52 81 375 3 232 368 400 17 14 399 526 567 171 292 339 492 464 157 435 59 432 392 190 537 113 238 246 179 565 257 129 17 56 306 273 519 383 43 593 365 581 587 10 414 352 231 481 293 553 384 154 359 64 347 59 78 349 556 584 583 227 199 119 408 165 150 516 515 77 376 379 481 514 477 266 428 447 194 190 147 269 425 574 533 24 253 484 254 487 384 545 109 232 412 477 536 397 130 448 487 163 504 134 219 216 113 373 387 72 547 377 312 570 298 458 227 326 234 293 527 500 322 303 84 140 172 234 560 360 441 313 113 338 54 77 129 49 379 494 424 226 520 56 5 306 119 376 422 356 430 340 577 360 533 254 372 23 97 553 246 174 487 334 142 82 199 586 332 350 306 388 386 167 590 4 60 479 306 1 493 36 544 336 251 162 587 333 326 10 497 488 470 217 203 135 386 496 118 589 393 4 287 29 227 542 273 564 327 592 195 367 216 396 427 428 266 494 26 573 311 201 73 526 319 348 277 76 189 267 24 121 283 208 125 8 99 579 224 299 221 257 147 172 383 429 33 86 4 88 488 119 393 405 531 148 110 419 100 586 249 187 312 562 220 170 572 93 561 73 136 56 373 502 186 571 350 443 271 387 68 521 45 208 251 105 35 75 358 407 419 211 261 593 366 214 223 431 403 136 470 453 289 207 9 401 77 120 192 446 123 472 190 52 313 458 128 480 519 490 349 8 261 181 149 166 232 474 30 344 69 197 443 6 338 275 367 196 497 576 446 131 62 551 40 340 240 305 16 533 292 486 275 302 435 384 322 290 247 443 10 248 99 367 362 329 365 460 333 208 303 166 579 241 49 509 332 293 268 48 363 68 409 127 466 251 71 576 99 433 513 212 499 54 543 99 262 363 555 156 297 416 63 391 305 304 128 430 124 573 193 310 196 259 10 25 517 500 253 137 563 465 114 59 71 549 115 427 323 588 460 574 485 438 130 175 398 413 410 124 566 264 230 544 316 582 44 331 394 334 68 366 90 445 179 295 406 227 560 453 592 389 444 3 215 584 517 218 390 452 117 474 197 302 206 51 17 573 209 584 271 176 199 169 176 468 363 494 278 310 262 148 259 151 364 24 6 568 287 119 363 496 257 470 306 343 134 574 202 106 544 520 184 368 238 248 25 569 556 90 26 421 219 69 11 194 16 409 326 403 348 3 57 599 139 386 428 280 553 39 420 145 287 301 414 557 406 459 263 187 104 345 19 49 300 29 205 463 549 467 57 235 4 166 171 450 244 94 250 344 526 557 231 12 407 520 91 597 107 127 457 393 272 441 489 130 23 42 334 525 35 220 493 221 0 95 429
858 426
73 663
567 783
362 116
714 743
376 488
822 339
429 378
446 136
854 384
906 652
17 672
211 383
73 446
441 276
312 479
298 562
278 443
66 198
993 727
34 358
772 53
813 108
454 935
590 865
230 902
623 874
522 529
866 150
632 412
961 645
986 98
838 568
896 831
892 268
829 215
367 401
719 158
115 381
75 730
98 683
635 722
645 800
927 219
329 42
641 54
984 994
316 2
207 172
839 752
613 456
583 913
371 569
719 270
133 327
390 239
262 67
282 23
954 560
210 569
619 128
403 992
336 613
841 829
307 278
270 247
443 13
152 429
950 387
460 425
47 55
571 597
208 831
449 748
351 688
502 202
133 467
43 387
28 210
461 227
573 481
825 308
38 439
822 843
197 801
687 17
765 618
635 988
410 857
277 795
696 432
929 11
529 316
163 324
966 368
180 906
565 888
304 538
71 13
654 162
276 531
43 697
550 73
747 490
257 220
461 251
869 637
257 568
202 12
904 517
194 358
151 581
699 845
375 297
544 400
103 15
32 956
974 158
75 336
998 841
268 311
768 658
591 550
214 971
479 53
424 407
144 30
844 361
435 841
855 259
219 78
764 179
770 502
419 779
642 452
310 747
672 320
336 564
97 951
148 659
789 596
662 138
237 820
67 270
790 428
986 253
338 442
601 170
794 379
600 342
251 969
882 764
497 831
559 741
574 191
351 467
827 642
413 359
579 984
574 568
957 511
735 110
338 738
283 751
74 699
580 91
988 336
777 784
785 283
874 488
765 564
433 526
324 807
886 293
459 621
158 69
282 369
266 97
791 74
224 462
796 969
925 788
138 99
996 906
729 636
927 440
32 922
443 877
504 352
467 588
611 519
835 509
86 557
117 554
11 480
377 534
877 891
394 559
817 719
299 910
113 500
389 434
202 636
703 131
23 19
126 770
961 309
654 624
956 765
193 710
392 647
236 246
869 592
919 538
874 319
69 576
761 148
770 539
92 100
721 3
469 484
887 981
115 72
107 865
884 544
915 316
183 227
820 389
771 924
951 90
36 135
510 762
792 645
166 844
961 797
938 46
778 461
472 304
435 476
334 761
715 695
562 623
183 769
498 176
744 963
209 659
294 208
769 962
845 877
768 824
559 309
570 825
92 914
602 60
891 180
338 244
476 105
658 185
858 536
257 363
587 501
614 913
450 691
795 219
124 591
397 71
145 819
433 306
6 883
685 551
79 869
431 806
654 258
470 82
490 722
582 762
865 741
672 749
661 896
584 45
461 903
640 759
870 20
370 77
539 951
922 888
64 800
407 813
511 245
613 944
625 276
179 85
648 522
974 679
524 869
414 908
565 368
598 413
851 130
310 347
709 76
187 976
534 454
996 636
88 152
471 201
59 416
134 399
542 716
746 804
402 736
489 665
925 926
502 806
726 893
298 700
939 364
75 122
903 379
278 492
711 245
5 973
526 627
102 608
488 518
242 721
367 212
417 606
475 969
513 476
594 650
888 226
180 300
743 236
955 138
272 663
75 611
770 413
116 286
602 302
322 156
237 644
307 315
870 353
908 128
786 705
834 9
722 539
868 211
783 887
538 668
289 822
339 959
895 630
535 927
76 473
132 939
727 866
222 426
1000 973
449 964
313 665
481 369
697 956
863 188
796 5
608 365
989 277
539 125
154 869
814 894
684 910
835 92
335 382
423 182
59 77
142 260
536 250
295 60
159 933
417 443
309 851
915 615
815 802
416 234
837 696
17 80
12 942
640 84
577 224
984 495
467 12
481 889
244 757
970 611
179 511
53 539
68 633
447 170
542 367
848 659
168 32
791 572
614 92
193 951
596 803
539 795
11 587
25 299
892 596
217 262
616 573
916 588
565 656
233 160
997 143
17 412
717 478
897 0
807 552
809 283
383 858
522 166
223 212
900 784
359 976
287 184
662 943
35 729
939 843
1 520
783 319
131 988
165 181
968 859
313 511
768 862
617 253
930 80
138 354
922 765
242 439
381 809
811 749
906 409
727 41
754 752
53 976
44 637
27 184
702 894
259 906
360 255
284 605
480 694
711 778
744 518
186 382
399 946
935 746
209 337
585 394
701 660
199 886
635 557
771 8
295 948
761 279
742 723
950 266
18 340
589 133
643 362
936 815
678 654
342 499
937 959
738 373
84 224
977 585
973 197
55 228
975 67
34 764
662 436
734 663
678 702
14 707
832 978
458 526
903 81
454 398
303 92
19 380
212 771
745 302
183 476
287 159
577 940
374 926
541 47
732 606
37 885
889 144
508 126
123 704
345 867
127 230
54 867
900 202
390 758
326 108
120 162
162 450
419 97
429 119
32 828
597 676
563 856
929 190
59 759
873 858
1 231
238 316
481 263
85 501
76 373
461 804
891 340
171 681
217 944
506 48
746 916
426 679
109 818
280 975
493 580
177 624
826 667
209 599
152 520
237 695
898 807
913 282
991 216
346 16
627 386
421 505
548 531
174 581
765 86
820 138
812 169
747 584
500 81
585 456
808 38
361 348
219 509
394 472
118 138
404 310
442 988
694 52
889 944
594 621
104 308
586 697
253 606
542 206
656 712
281 884
486 409
943 480
503 635
700 175
653 484
974 417
167 546
657 208
979 764
226 851
257 681
709 296
778 743
22 992
982 705
347 418
297 1000
636 829
331 532
933 710
687 513
544 280
533 488
766 722
51 252
522 430
847 471
512 391
