600 1107 600 1061 14
40 88
142 561
338 363
282 379
193 337
70 301
195 231
28 368
203 263
121 213
237 516
61 314
377 412
141 568
196 226
140 392
559 597
37 525
302 379
153 284
209 259
66 469
118 421
228 425
142 261
204 349
373 566
108 363
536 583
65 96
8 577
41 418
97 576
284 597
45 337
505 521
4 142
62 568
283 416
348 409
535 543
158 401
15 257
446 451
36 305
277 328
172 303
131 152
68 275
140 293
115 186
149 521
79 323
335 573
375 489
57 351
467 587
208 368
345 558
187 378
249 499
299 348
114 183
181 213
112 472
215 371
172 500
332 574
186 224
307 383
306 471
74 226
319 391
135 342
260 409
184 384
76 514
252 485
21 381
8 40
496 505
121 252
284 492
60 479
90 451
159 314
112 535
117 513
250 534
303 518
261 490
282 460
197 308
268 354
202 591
17 456
34 440
263 522
289 378
228 274
114 150
2 94
253 380
187 289
18 389
214 553
41 246
265 490
238 401
221 522
405 501
25 592
44 284
307 320
107 547
110 242
51 327
302 418
48 287
407 470
456 557
93 309
348 464
19 343
310 416
439 458
85 491
93 179
388 567
351 366
553 587
134 525
350 543
263 404
249 251
55 455
242 333
286 419
98 598
264 482
344 388
191 524
279 333
385 490
411 477
340 527
191 395
78 270
226 477
19 107
87 509
23 560
22 455
294 364
380 499
297 377
312 319
488 489
28 554
71 120
272 376
331 552
336 361
150 236
121 281
276 464
449 585
156 292
194 422
500 564
38 415
24 190
280 523
4 408
53 484
272 399
56 153
71 486
277 394
263 291
38 257
131 168
252 364
442 563
99 422
147 234
577 593
88 575
96 509
196 477
343 507
39 332
386 525
44 555
126 355
75 402
376 399
366 397
20 531
297 591
154 259
197 594
179 484
252 521
48 358
151 487
114 162
306 320
94 579
29 62
95 552
120 500
240 306
73 174
114 434
41 140
102 582
302 462
566 588
135 159
476 556
263 264
317 389
69 476
368 432
50 176
80 375
262 376
23 268
93 372
134 461
181 338
127 500
25 126
131 159
38 60
131 589
208 271
144 271
59 175
8 395
174 418
248 309
147 214
30 573
105 364
124 584
14 368
344 442
194 375
138 393
71 184
79 313
463 495
117 526
78 424
57 269
178 273
161 319
128 450
367 428
283 483
338 568
343 396
89 278
21 173
170 444
127 322
228 370
449 461
208 434
6 357
6 361
282 302
41 100
212 487
37 158
93 484
31 490
90 457
388 441
418 546
578 587
435 598
36 194
86 332
82 551
416 483
136 357
498 552
298 375
270 579
165 349
47 403
298 482
31 312
322 381
382 487
30 327
89 321
214 451
141 206
261 265
145 564
475 516
147 451
342 470
122 248
245 510
158 525
129 313
196 294
356 528
250 299
199 304
334 589
295 334
149 281
90 566
9 115
132 576
43 507
58 422
363 568
92 475
109 170
381 430
12 134
247 518
283 362
225 592
109 387
253 320
203 482
54 247
343 453
254 502
463 572
372 573
537 594
47 594
39 86
152 392
261 476
202 586
210 336
81 173
46 195
262 453
26 46
187 440
403 537
72 583
309 573
123 491
99 452
33 555
219 297
352 558
263 286
297 586
358 450
66 142
130 538
276 427
447 599
117 182
306 307
17 562
242 346
379 418
186 241
176 354
209 595
342 407
167 443
53 227
422 590
420 492
309 335
74 126
454 492
25 84
494 576
343 448
6 570
146 487
195 207
14 549
190 559
48 448
160 408
144 432
3 405
86 151
118 213
225 565
53 245
489 503
62 406
276 426
444 516
227 484
231 254
97 437
315 555
458 465
138 394
27 44
41 302
19 237
278 306
83 538
308 537
251 356
221 429
166 323
457 579
1 535
97 494
13 196
288 445
300 583
344 472
405 580
210 357
9 224
159 589
276 345
271 410
95 260
144 372
94 587
11 321
254 594
20 567
15 479
137 262
255 472
256 520
46 572
83 123
62 365
413 423
214 266
136 185
174 520
16 544
442 472
232 598
461 538
5 350
15 18
376 466
142 556
366 436
285 580
193 582
55 296
106 167
11 447
155 485
251 380
43 396
203 264
191 205
97 356
85 123
155 294
461 585
387 515
307 437
10 442
51 191
202 304
341 439
81 222
76 370
200 494
6 210
531 548
270 467
140 389
118 143
21 322
79 235
92 515
37 386
129 578
18 317
91 435
131 419
194 542
145 347
103 290
40 575
198 501
238 356
243 381
160 465
78 189
241 546
46 217
165 494
449 538
17 98
102 109
534 563
20 297
193 495
348 552
369 540
412 591
13 105
230 464
108 149
173 465
35 582
234 565
83 585
176 539
54 417
295 513
342 576
259 542
134 158
296 455
161 490
218 300
8 593
435 590
333 381
33 453
155 397
32 311
84 592
82 223
334 523
221 450
48 333
146 569
137 376
12 501
63 352
162 353
3 580
326 487
84 355
280 295
402 504
277 491
236 551
419 523
7 22
124 473
215 580
106 419
280 488
26 463
525 575
34 187
304 511
235 266
56 388
291 369
383 437
49 571
31 595
156 497
192 423
8 524
308 594
408 486
312 391
320 447
156 209
251 253
124 332
207 382
216 458
374 440
40 187
162 434
45 387
137 466
240 320
356 437
273 276
214 323
9 42
54 303
314 478
151 382
400 533
506 553
194 305
77 528
444 475
330 531
29 108
329 599
272 315
294 477
77 494
273 345
404 419
419 589
162 183
26 217
496 521
23 43
150 599
91 359
249 324
182 407
253 423
63 402
452 590
54 500
227 432
189 402
364 505
77 238
498 531
132 471
182 513
151 569
68 352
253 307
151 509
117 532
117 359
72 217
92 153
67 99
14 28
366 477
148 466
210 459
239 479
352 402
168 314
106 443
298 518
11 236
286 460
38 269
312 595
10 95
112 255
2 579
210 361
221 460
104 145
143 207
42 64
186 293
296 355
388 472
337 543
287 396
268 396
116 412
350 495
191 499
203 369
180 381
402 558
265 476
23 354
102 174
233 420
316 337
42 177
10 388
586 591
4 384
400 420
18 65
430 465
132 201
59 445
282 530
159 295
85 277
228 377
483 579
42 224
497 508
450 530
248 510
113 166
266 506
183 413
426 464
316 535
95 211
8 205
126 455
431 562
164 392
469 556
122 309
275 406
130 378
192 413
80 503
26 544
315 445
135 314
555 597
169 381
195 572
327 410
201 478
251 307
21 465
47 537
73 128
380 423
256 547
183 329
10 258
101 272
340 577
260 348
133 170
192 519
171 299
217 583
75 558
159 334
100 152
28 208
526 532
286 522
36 104
142 596
262 555
423 519
56 533
106 286
58 542
492 597
169 279
119 516
17 532
107 468
155 364
271 474
222 322
325 476
114 551
371 401
179 227
2 270
79 521
100 246
192 353
100 167
1 92
89 447
318 465
25 505
116 425
329 413
110 450
203 518
280 404
71 564
4 596
280 419
457 553
113 323
36 375
324 524
68 197
314 392
29 49
520 547
499 524
241 293
176 268
233 533
50 354
343 516
98 550
129 545
149 252
440 459
3 134
110 540
154 595
221 540
365 571
88 538
49 467
200 349
362 416
411 549
154 391
313 521
548 586
353 474
150 183
562 580
209 550
86 382
311 400
315 367
290 592
236 599
225 234
384 408
321 392
475 515
5 442
16 218
52 281
47 143
357 440
323 592
341 458
27 555
223 554
171 250
65 509
162 271
98 232
32 274
374 459
97 528
101 445
68 308
258 441
247 417
126 296
258 498
50 430
212 485
91 526
243 279
274 377
383 471
457 483
244 581
178 464
376 428
112 581
270 571
180 322
543 581
247 303
142 184
104 391
60 239
238 340
219 548
195 536
145 319
12 405
232 532
535 581
460 522
466 507
119 475
248 361
88 461
170 520
81 360
41 512
182 470
99 359
111 250
73 282
237 547
125 489
403 568
236 321
77 97
178 481
254 398
10 563
309 510
346 358
417 564
16 111
451 553
326 382
232 526
57 554
155 163
463 544
171 426
199 511
66 556
16 72
161 385
125 264
19 547
58 194
57 569
106 131
118 141
73 256
54 172
480 502
54 564
146 229
397 477
427 502
28 223
16 300
166 496
121 181
422 452
98 209
333 390
81 127
347 375
53 510
244 350
86 572
160 318
87 332
70 352
244 543
473 572
100 106
49 62
295 470
188 354
96 151
33 119
91 452
218 250
345 502
407 576
162 208
421 485
97 383
76 511
259 595
61 152
333 358
98 508
194 489
230 348
323 565
1 316
246 443
38 57
397 436
71 127
118 206
133 444
527 593
204 517
357 459
156 259
357 570
275 403
435 497
123 130
88 378
33 516
44 597
93 432
183 599
35 64
37 527
231 594
127 139
319 564
541 549
67 359
233 284
83 130
245 248
142 161
264 503
324 499
230 299
5 255
327 519
180 500
92 493
303 390
220 586
134 371
113 521
241 414
457 587
88 134
385 438
189 339
160 596
44 119
171 230
170 547
116 199
20 219
143 421
506 587
178 348
330 567
370 425
165 200
15 569
35 174
378 538
174 546
161 564
115 509
416 588
175 190
86 195
56 112
238 527
60 257
29 568
361 433
255 442
264 488
90 483
140 164
340 356
429 450
289 440
284 529
48 343
481 552
30 51
221 291
62 275
470 513
24 514
24 454
23 396
484 510
35 414
29 363
144 327
163 436
415 569
579 587
316 543
74 196
270 424
212 421
207 421
108 313
273 464
177 574
50 188
137 343
272 428
148 157
79 113
400 567
100 140
122 570
506 578
115 224
345 480
380 519
328 374
291 522
267 460
116 304
282 462
23 507
82 269
61 392
166 505
22 55
0 107
367 555
206 338
205 357
426 427
39 572
235 545
124 574
124 572
275 568
308 403
144 368
158 527
372 432
378 491
353 413
374 394
453 516
341 465
173 318
474 519
230 426
163 485
63 504
555 559
201 278
135 470
87 574
24 370
211 258
337 495
410 564 139 123 415 208 443 19 18 560 246 225 516 539 372 316 416 483 333 63 77 191 69 427 521 359 482 23 335 488 508 402 326 110 527 563 241 382 324 249 241 457 213 463 371 149 541 154 588 78 393 584 488 82 403 314 145 198 501 215 323 484 113 446 133 458 362 330 101 89 445 337 489 162 91 203 223 0 268 166 444 218 166 504 286 477 175 131 40 320 105 25 126 235 491 120 380 9 95 56 227 459 441 353 149 55 21 550 131 142 118 80 298 83 500 344 561 493 443 38 455 119 522 86 163 116 490 152 390 174 580 258 536 37 40 374 594 440 561 402 18 356 157 207 328 287 549 370 347 290 171 74 223 190 225 511 597 534 567 53 321 438 41 127 336 147 393 130 575 275 210 144 318 538 129 329 510 146 385 259 63 493 76 89 555 298 422 428 527 401 311 164 329 203 268 525 38 416 561 22 438 158 435 309 413 314 415 127 105 505 214 79 466 169 334 581 531 70 213 20 367 564 252 496 173 4 589 172 507 269 135 467 485 47 391 97 22 525 107 344 167 154 288 39 521 322 252 294 108 78 221 7 49 308 480 420 436 128 283 455 225 288 94 504 105 333 520 383 173 96 283 477 364 305 448 479 145 450 425 272 420 589 142 49 150 596 112 318 472 37 318 444 270 126 266 237 64 320 19 44 91 369 275 327 193 233 474 494 63 521 224 116 563 588 249 157 256 118 130 484 258 155 82 573 305 338 524 157 57 432 409 130 34 234 531 161 298 90 290 198 465 357 206 453 455 441 139 289 457 66 533 487 491 78 354 145 203 21 542 388 174 102 193 213 16 540 140 225 162 595 482 116 405 155 377 61 232 538 16 229 130 174 456 412 281 493 394 72 233 202 485 243 63 176 96 108 573 170 224 237 145 207 498 349 319 139 240 397 325 78 379 141 243 598 521 465 463 506 122 99 259 519 178 375 449 579 459 420 180 414 145 292 222 305 593 530 340 123 333 24 216 118 369 252 123 390 151 123 104 194 128 546 35 122 334 144 386 7 402 474 14 40 387 209 103 177 593 511 578 4 588 472 400 43 527 88 264 97 333 496 492 409 536 91 420 117 81 235 535 548 598 159 29 93 517 80 390 285 205 32 485 10 219 153 568 417 246 274 139 109 491 539 232 203 89 39 462 494 367 157 153 265 500 114 493 575 144 333 196 437 500 110 133 482 383 574 232 18 552 541 66 365 568 177 545 18 349 561 242 497 10 376 166 359 199 351 229 190 511 104 557 562 386 358 326 80 116 310 511 453 141 57 362 190 7 577 172 341 408 497 34 21 86 200 447 76 537 288 195 410 94 36 111 153 227 374 498 522 355 86
435 208
686 282
935 830
39 684
142 24
755 368
271 953
531 940
205 847
576 473
894 305
386 630
25 750
639 896
492 852
524 583
818 438
32 533
515 549
512 205
922 192
336 98
584 947
506 96
828 74
693 925
739 461
713 132
495 798
821 734
353 859
19 119
861 155
635 150
146 876
552 362
118 306
126 754
534 647
688 494
140 849
469 392
582 371
508 123
713 199
618 301
760 501
783 590
437 162
902 760
408 60
325 826
685 760
384 982
215 213
565 975
791 247
595 643
89 368
685 22
489 608
344 498
853 695
930 660
611 359
542 535
73 0
194 456
896 609
6 70
957 538
166 123
778 445
474 297
602 922
997 648
875 36
141 673
990 805
770 847
192 342
269 62
476 690
5 870
734 965
14 970
672 517
605 477
102 824
359 627
902 951
121 463
688 224
412 924
910 856
921 332
568 566
214 651
13 446
172 404
390 440
653 26
551 324
763 970
97 261
659 865
335 422
469 236
777 749
578 282
355 255
806 396
773 302
740 866
453 719
529 495
882 63
134 504
708 643
647 180
218 152
669 734
299 943
8 938
663 465
222 381
657 943
251 97
441 270
796 791
27 907
316 477
270 594
614 240
90 769
272 566
207 893
584 112
82 997
222 60
419 468
746 623
99 68
732 601
401 848
134 230
616 621
842 987
554 37
720 781
434 668
644 532
369 469
737 222
28 264
614 789
8 361
538 14
113 732
285 516
227 1
145 156
433 767
596 747
406 562
85 626
714 896
367 429
321 509
381 139
525 275
856 425
259 215
307 99
524 319
765 23
429 88
608 413
962 423
437 935
270 184
746 718
171 530
416 711
128 117
181 864
490 502
117 886
462 29
971 707
778 66
282 847
358 772
644 355
124 356
734 518
618 851
893 578
52 733
906 31
129 608
299 573
985 21
273 349
152 577
234 883
734 666
702 573
463 789
0 336
196 979
941 292
660 658
709 673
832 898
32 638
501 16
795 464
848 449
973 173
980 146
338 306
279 87
504 743
526 468
784 942
586 862
476 951
867 114
617 690
880 435
787 558
59 480
795 186
810 956
803 860
414 651
548 221
179 704
448 615
312 651
470 447
318 230
360 153
735 352
358 985
416 408
199 257
321 990
273 759
847 399
255 732
661 789
306 733
839 538
778 341
484 261
531 618
942 264
27 319
943 363
63 74
628 97
296 373
245 370
26 85
850 875
386 362
465 103
520 683
957 786
412 800
623 22
955 463
900 160
873 667
920 457
58 984
301 626
407 129
246 458
722 753
454 336
993 916
765 179
44 614
340 375
448 132
719 76
106 921
753 947
303 323
34 352
451 483
598 814
228 496
664 985
948 140
197 300
882 387
862 474
972 563
464 361
252 245
935 40
67 300
293 670
290 707
847 609
356 926
959 921
857 186
34 206
787 826
314 539
669 56
696 305
456 520
287 35
105 207
330 694
374 599
291 130
787 880
249 772
10 15
672 584
364 833
89 943
360 704
927 243
994 327
663 490
336 184
272 486
315 901
227 984
650 299
770 655
932 726
198 741
365 6
231 581
552 152
846 298
941 494
368 215
142 278
953 389
112 588
712 390
580 720
936 615
405 757
454 69
749 994
230 713
227 910
402 206
148 459
238 34
255 992
998 991
781 709
642 825
902 728
534 826
685 77
445 829
279 300
855 82
94 681
362 893
774 993
137 948
157 327
607 76
904 111
61 898
489 335
288 779
334 155
677 558
265 661
159 77
71 165
153 776
635 277
836 270
424 513
290 207
51 240
369 549
131 996
106 963
246 833
485 141
563 800
864 514
585 23
844 210
125 705
969 647
833 634
246 406
5 722
898 697
196 577
179 37
913 371
388 814
533 869
934 93
384 743
535 414
556 621
950 978
171 228
491 369
293 430
815 168
678 639
129 392
338 756
987 866
894 88
895 455
895 488
637 69
366 289
378 77
3 506
434 887
151 978
476 737
69 410
558 772
255 689
32 162
391 30
178 907
893 254
846 329
377 395
617 210
711 37
882 973
373 657
481 201
31 854
395 290
870 937
126 417
599 132
829 113
621 965
71 552
895 922
409 1
179 933
383 334
49 833
412 364
714 422
931 431
308 12
572 70
904 811
438 241
36 17
226 537
277 634
803 292
677 429
389 788
640 221
25 45
565 833
345 578
452 582
916 554
989 410
243 324
935 914
414 965
667 684
179 94
634 566
205 413
180 364
61 106
45 941
820 142
748 258
185 615
662 401
715 865
54 377
983 257
286 810
244 160
27 709
890 543
221 349
929 701
685 854
846 827
538 91
42 409
566 522
362 959
887 11
442 390
180 500
834 10
661 238
612 168
142 537
249 295
350 796
500 287
733 825
326 339
270 444
243 806
116 791
93 479
159 750
188 676
745 195
440 305
967 219
102 514
821 220
839 370
738 301
809 519
819 603
60 860
404 90
310 277
507 914
61 346
710 344
778 419
815 815
499 412
506 236
1000 196
488 897
12 390
462 663
999 362
874 894
516 711
705 99
81 27
39 564
986 590
753 79
517 45
131 74
16 590
869 363
145 186
810 928
869 998
896 203
819 669
584 610
281 893
926 767
710 482
325 878
625 453
134 815
224 623
219 779
833 777
934 863
8 650
755 322
594 334
829 471
646 432
2 812
998 126
884 857
907 977
287 464
103 397
980 65
769 922
183 786
821 575
21 228
158 3
774 116
58 445
391 693
