600 995 600 794 24
399 481
276 450
417 576
292 419
247 328
358 361
21 189
10 128
69 564
207 294
148 586
241 434
109 116
156 525
76 465
237 255
150 226
199 561
104 313
264 524
188 244
72 373
253 478
268 346
195 589
17 65
47 366
46 461
135 374
134 297
359 448
102 469
384 585
220 449
266 538
248 299
110 469
230 506
297 359
359 459
164 410
309 537
182 425
91 212
218 331
190 451
284 566
166 413
179 598
83 170
251 480
133 409
186 308
85 310
292 395
476 493
215 399
65 238
196 385
342 533
107 280
69 381
254 349
409 483
50 286
161 253
460 503
324 364
213 532
374 458
233 523
216 409
367 483
348 453
451 508
126 542
6 27
276 376
365 423
89 264
32 258
136 318
60 217
15 514
308 525
494 570
125 378
354 536
0 11
338 515
55 531
219 259
445 507
194 467
189 364
133 216
386 444
275 588
83 210
249 448
277 498
223 526
28 520
388 526
61 573
48 263
351 475
524 582
324 557
421 589
28 215
319 506
91 534
167 431
24 335
425 539
15 548
139 506
289 491
147 371
150 212
53 165
117 298
187 428
5 295
135 422
167 261
142 203
99 546
145 588
160 520
128 236
33 106
169 487
268 554
206 474
118 374
83 107
87 268
352 459
130 510
389 415
209 484
153 205
92 531
151 357
158 238
361 396
440 565
404 565
131 358
49 116
317 558
175 575
177 489
147 207
44 88
34 182
247 374
4 52
528 563
387 527
29 375
248 447
77 263
373 437
59 142
50 304
188 549
179 576
0 464
334 375
161 340
305 539
211 532
5 584
24 564
220 514
73 230
17 238
300 308
35 57
40 268
174 437
275 536
205 557
252 379
35 242
322 409
197 501
128 229
217 527
515 581
134 341
18 252
2 163
43 155
290 376
57 249
306 497
133 400
265 584
339 410
129 288
3 575
172 189
90 194
197 426
51 569
23 318
152 237
99 228
220 579
156 308
319 411
139 230
29 60
154 219
369 459
346 554
52 403
275 461
158 340
209 514
375 534
331 390
451 580
29 390
179 541
222 522
337 441
108 281
117 155
136 559
77 351
134 507
231 397
463 592
78 516
31 490
241 293
326 463
12 24
79 410
151 386
82 237
73 294
214 541
164 393
392 551
269 422
93 575
100 511
227 416
28 440
327 545
176 214
316 538
50 207
26 207
169 254
130 197
98 578
106 320
289 597
307 430
51 221
152 413
13 317
49 397
422 443
167 550
117 552
137 498
313 374
95 336
105 254
456 545
64 407
14 462
312 533
76 292
247 407
234 421
38 103
183 597
36 544
249 341
166 394
136 529
81 420
233 460
107 595
34 166
101 225
479 518
239 510
95 316
57 138
116 532
288 562
132 510
290 401
117 508
188 483
406 466
140 158
84 580
32 452
149 421
45 433
182 207
134 445
237 494
108 495
63 144
15 81
59 233
56 325
462 582
12 99
246 591
242 492
92 543
227 262
360 361
293 432
205 382
386 579
172 364
452 560
27 560
256 285
482 563
57 475
20 303
144 519
111 177
100 561
256 485
271 407
8 442
195 421
70 146
49 109
229 429
305 388
4 376
153 385
20 86
67 598
126 330
447 577
33 320
315 317
67 179
96 555
25 543
112 285
439 558
192 529
235 424
346 353
170 598
42 239
1 383
119 176
110 222
275 402
231 336
381 564
380 491
250 475
46 275
112 466
240 484
75 456
55 246
162 441
343 568
37 444
218 414
104 328
116 590
163 177
356 426
126 433
59 398
122 392
9 171
20 558
279 451
280 513
277 391
462 524
228 516
399 551
80 494
141 355
160 415
92 178
131 261
144 572
407 496
236 499
37 70
250 320
350 488
135 443
61 237
447 462
301 434
348 458
412 479
238 487
73 539
10 236
130 239
331 532
203 398
281 299
14 327
286 413
183 312
158 391
191 559
381 494
227 486
302 534
129 284
43 480
400 405
51 480
197 356
287 460
262 486
426 521
400 450
86 290
181 556
415 525
284 562
287 436
104 162
570 586
327 524
0 170
19 264
574 575
85 570
229 341
99 337
190 508
87 500
198 283
94 196
208 526
193 199
395 465
373 563
151 424
254 583
284 384
356 389
85 166
10 56
130 501
149 541
396 566
138 448
30 169
135 348
298 574
43 221
347 411
201 502
316 596
66 290
49 311
149 176
84 468
67 412
10 165
3 173
160 308
229 505
97 412
189 311
437 482
89 296
318 529
352 369
400 476
204 232
435 584
103 320
551 565
314 339
70 545
237 413
135 269
335 573
321 345
46 424
73 139
279 404
143 433
36 471
124 331
26 73
17 161
93 175
181 276
45 303
192 366
161 257
47 318
552 574
502 509
210 447
335 441
90 174
83 462
456 457
213 331
121 513
22 440
73 350
105 566
40 306
146 420
64 147
418 492
231 408
357 363
314 379
267 487
109 307
107 582
490 553
168 445
332 423
9 375
468 552
129 585
342 518
221 548
23 289
234 393
207 368
367 493
354 588
285 395
207 425
12 441
74 595
295 568
28 44
10 499
92 542
17 148
159 291
87 344
186 415
341 429
367 546
21 523
199 470
449 461
268 581
230 537
344 500
121 438
33 256
42 259
172 430
235 471
376 439
159 553
1 515
44 520
72 563
3 137
449 579
355 496
260 273
461 588
267 288
151 274
125 391
214 567
54 523
28 481
284 396
248 327
414 553
329 353
407 443
198 312
137 575
325 538
30 254
165 499
378 562
276 493
531 543
279 392
55 591
173 552
37 579
233 270
555 561
45 126
56 436
190 484
139 323
243 287
16 65
536 588
69 180
43 251
80 570
370 433
118 367
109 430
149 214
274 299
440 481
245 470
152 166
388 435
18 58
8 200
364 557
20 74
479 533
52 133
31 326
134 141
171 375
107 121
295 394
187 463
115 532
66 545
2 576
6 414
114 467
55 410
85 394
481 551
31 592
193 555
291 414
31 159
95 596
200 223
180 564
105 358
0 224
228 546
2 489
426 547
60 115
293 434
259 510
74 296
260 280
30 105
41 551
482 528
64 271
310 570
502 577
323 350
17 253
472 567
33 485
86 296
48 320
96 101
306 314
279 580
210 462
86 376
127 553
66 146
244 432
295 349
261 372
219 544
118 202
309 368
328 407
112 395
269 505
246 330
120 308
23 136
336 538
495 509
321 360
162 377
422 445
482 517
295 343
277 333
323 347
416 592
132 544
224 362
143 150
27 530
159 490
377 441
100 101
365 438
217 549
404 536
55 185
68 441
5 265
548 571
53 474
505 507
45 157
519 556
104 202
405 409
77 242
188 301
339 497
129 267
46 151
184 251
266 397
102 110
231 293
4 276
59 203
119 149
344 515
33 465
19 39
94 385
241 408
89 595
402 424
63 81
147 271
113 424
81 220
4 439
371 377
309 355
423 542
231 432
366 533
164 195
350 442
22 235
140 487
288 599
257 340
115 590
239 518
24 573
141 168
235 565
84 122
98 330
411 477
45 273
38 48
163 576
196 324
354 404
213 307
194 215
374 443
501 594
23 597
170 365
345 360
263 418
110 520
94 326
182 539
252 314
176 185
145 484
345 396
66 70
172 307
311 430
191 502
250 263
31 291
205 364
223 261
96 306
365 598
332 513
29 302
111 598
267 585
71 162
155 484
166 286
555 581
195 393
40 497
138 459
267 599
358 360
442 488
133 540
34 295
52 400
516 546
434 458
19 66
123 217
128 232
201 289
70 456
499 593
60 123
10 538
116 211
218 326
504 512
4 450
225 555
474 499
232 316
34 286
373 498
74 260
283 312
25 489
141 496
230 355
244 434
157 433
212 560
86 439
227 272
78 535
17 158
313 328
208 305
100 245
120 130
297 448
332 542
389 525
299 456
469 544
91 171
123 334
143 157
255 371
214 472
149 195
306 555
241 453
155 209
206 593
258 511
302 390
227 490
119 195
126 332
167 265
41 392
127 511
307 324
94 218
127 258
98 433
182 286
80 478
323 488
362 529
472 531
270 285
134 319
374 434
274 281
417 541
239 501
213 218
178 489
138 249
43 587
245 561
28 110
543 567
368 537
32 530
420 556
171 315
569 572
380 544
226 454
61 564
201 495
115 116
12 446
147 368
30 585
202 546
234 346
126 273
527 590
278 593
265 473
298 587
20 296
32 553
198 597
55 79
135 458
210 502
210 577
84 114
22 102
16 169
349 358
131 431
61 82
464 559
106 485
93 574
7 423
93 298
36 102
168 443
6 534
131 360
272 383
38 492
2 543
70 457
272 490
5 435
161 575
298 552
254 295
111 365
428 463
229 507
86 558
269 348
19 524
207 286
385 463
53 62
243 460
98 126
104 282
90 415
129 384
393 589
21 287
169 585
18 226
79 164
113 235
184 253
412 529
246 252
242 278
504 558
161 175
386 461
13 558
389 521
455 547
378 599
47 533
127 490
196 557
15 220
304 413
185 531
132 154
88 415
185 472
61 335
527 549
89 582
194 427
355 537
502 411 278 592 251 326 290 43 314 351 273 17 218 256 412 157 39 125 576 285 380 571 30 58 86 170 396 173 521 424 528 210 22 283 148 116 19 579 155 311 235 402 107 171 480 368 65 597 437 268 281 210 590 293 213 364 366 415 434 119 341 558 293 153 88 145 328 555 147 309 468 459 317 219 398 48 124 499 115 7 25 348 490 452 347 500 234 571 597 572 446 40 410 152 592 415 436 495 108 394 226 496 108 289 10 386 359 428 22 76 189 374 560 32 267 241 529 494 71 190 104 277 497 183 586 245 520 178 189 81 277 175 455 573 146 594 548 257 375 96 482 442 313 392 314 501 512 373 71 346 464 564 36 462 279 234 148 55 343 447 16 529 510 168 525 538 303 452 12 180 58 522 579 151 321 596 96 6 474 433 150 149 39 17 532 269 493 573 465 191 574 201 236 112 143 521 116 408 210 575 172 528 274 586 9 152 213 528 510 199 299 529 285 264 189 435 547 111 252 355 516 167 143 528 77 475 374 279 77 266 248 285 360 288 523 156 262 467 224 302 173 526 60 246 330 162 454 248 301 409 415 322 453 599 16 38 435 116 4 97 504 94 135 375 447 259 280 383 260 413 284 475 165 509 311 325 36 186 177 407 347 156 175 542 347 577 505 66 515 583 392 522 489 15 40 373 544 310 591 560 503 307 469 142 427 112 237 421 274 219 97 324 293 468 483 9 420 425 137 257 30 335 537 142 49 262 421 30 350 367 138 350 99 14 170 295 419 447 20 385 82 542 191 34 347 403 464 230 556 136 544 412 49 375 539 264 390 291 195 551 334 208 481 485 14 100 176 81 130 549 217 257 285 233 174 455 473 518 67 348 69 61 71 43 52 336 31 0 561 406 214 215 559 534 334 150 17 251 521 359 138 195 509 135 482 313 299 72 377 421 372 563 429 118 498 574 132 196 596 64 241 149 36 338 460 533 217 60 209 33 358 102 281 194 533 419 424 56 323 283 572 127 556 526 519 550 59 79 347 47 229 421 147 137 438 364 402 15 35 358 248 598 183 250 383 168 326 410 355 279 562 324 123 223 13 268 56 196 142 483 342 505 484 296 191 555 462 534 28 348 23 127 291 45 118 586 495 446 106 426 408 195 281 199 128 155 308 52 529 254 514 517 192 8 96 420 230 73 4 179 102 442 328 508 486 225 110 578 32 365 401 345 213 335 553 442 263 451 398 486 383 511 186 329 326 599 574 513 495 454 336 127 498 537 138 204 87 396 239 216 138 1 144 525 478 356 400 537 303 430 450 151 207 14 434 395 434 491 406 487 496 316 145 592 329 404 598 148 242 316 399 105 463 577 209 378 82 76 137 427
905 477
708 977
936 617
448 88
534 547
76 202
601 772
847 568
38 337
575 686
197 762
873 446
408 364
580 604
729 425
539 355
245 173
306 135
750 815
665 447
651 567
330 892
737 181
883 348
382 304
903 618
118 413
651 794
757 86
485 717
171 112
574 921
643 840
51 949
147 245
112 703
789 192
605 356
124 829
696 458
883 856
674 138
926 240
470 257
777 20
715 619
652 269
951 318
67 845
353 782
191 339
446 308
506 600
227 865
279 929
837 728
248 811
65 689
722 839
325 959
433 698
322 298
171 879
500 347
223 446
242 133
623 473
996 472
327 344
347 251
622 395
263 423
438 50
75 404
685 573
676 333
101 911
21 780
458 459
886 742
300 218
538 385
301 330
801 498
569 84
209 221
611 527
941 937
804 39
719 513
752 1
614 744
849 645
401 156
490 864
273 736
804 848
992 415
755 697
409 405
722 921
759 878
772 131
124 861
305 465
133 85
30 924
752 520
786 340
386 830
814 105
911 550
181 988
677 194
591 46
427 756
392 786
495 178
343 510
923 755
886 124
810 537
616 80
479 665
538 782
323 41
751 644
668 894
174 712
194 29
943 153
45 92
861 175
459 623
96 550
221 579
923 400
387 69
55 632
65 480
299 63
149 525
358 949
661 694
475 389
571 187
592 419
208 386
288 174
976 752
685 732
710 270
213 254
475 960
859 206
510 238
906 27
674 659
316 101
600 892
858 41
371 131
294 419
960 559
903 793
214 821
193 275
51 125
180 525
193 137
865 501
583 723
397 902
496 70
648 20
400 126
942 710
928 580
876 630
1000 539
344 219
517 469
132 302
908 326
394 203
867 720
877 15
468 995
372 600
367 900
532 177
832 469
969 344
830 970
693 26
936 781
456 888
990 156
847 309
780 963
4 343
841 389
356 479
367 996
176 674
441 982
160 835
154 359
62 307
526 264
800 450
416 803
648 721
453 831
972 688
725 52
406 612
426 668
516 828
852 241
576 352
510 298
868 94
7 233
961 483
797 906
702 757
630 953
418 442
128 638
105 481
330 667
210 691
294 958
978 845
709 194
161 765
282 294
263 90
936 199
580 252
254 654
80 750
248 885
331 601
736 956
791 741
261 506
726 384
95 636
31 862
430 236
779 784
367 163
161 143
279 363
93 994
336 127
693 850
896 215
745 578
3 124
671 971
45 826
669 491
47 160
330 749
219 54
879 891
173 611
248 996
198 416
673 930
752 608
734 307
641 229
524 505
377 33
126 734
614 147
769 556
771 305
351 428
858 276
164 12
139 1000
172 310
295 879
242 31
846 352
581 475
582 867
141 923
285 648
115 355
133 184
668 532
78 584
436 163
765 364
932 74
347 565
515 749
671 608
225 327
67 263
842 847
419 868
903 69
183 451
216 184
350 845
895 272
300 517
821 788
632 681
227 741
595 646
939 348
68 511
65 886
73 17
454 583
33 451
425 911
300 816
531 882
700 428
279 478
952 1000
793 695
496 798
802 617
346 5
537 662
369 331
301 722
378 417
858 981
864 784
357 103
101 604
959 247
96 237
895 979
17 19
983 887
8 480
204 617
130 119
39 409
36 746
3 673
992 941
607 187
153 479
995 38
762 260
97 79
23 572
44 34
102 50
953 423
778 235
404 931
875 548
992 305
439 501
151 412
34 675
715 709
236 404
9 56
458 9
263 559
548 725
572 509
294 389
302 3
779 823
818 237
313 250
395 984
695 949
174 76
504 908
641 311
371 677
24 267
965 32
456 758
348 58
650 99
919 834
145 215
154 957
129 10
347 725
322 997
684 59
486 575
553 452
674 242
555 625
643 147
427 550
257 964
219 476
255 688
423 581
856 755
36 503
998 349
225 294
561 814
843 0
584 980
971 626
93 794
181 933
531 431
981 782
187 569
837 597
709 240
134 333
990 110
726 23
547 975
108 665
381 860
100 118
343 640
702 679
289 602
48 223
267 847
565 4
838 516
571 556
748 151
331 380
4 386
215 538
635 351
133 559
433 380
753 405
46 602
580 290
495 516
589 164
690 816
220 653
731 759
928 128
684 378
650 377
250 594
23 642
250 933
616 258
761 450
495 937
912 430
121 960
204 970
654 58
526 87
815 155
756 982
739 224
919 681
13 157
187 848
8 737
474 547
4 519
328 189
989 258
406 256
726 98
560 42
396 540
541 218
36 999
615 993
235 79
3 433
883 586
632 923
794 282
115 773
487 484
279 254
800 385
178 495
872 827
400 7
169 794
888 948
963 180
838 434
216 905
611 620
174 643
107 522
131 594
542 148
819 411
904 171
722 871
644 641
775 585
552 305
821 1000
427 472
598 16
995 227
495 412
826 69
967 62
846 126
314 922
721 480
935 27
12 296
396 713
498 40
962 376
626 815
841 694
442 787
955 280
563 751
455 424
638 178
130 442
294 767
92 308
488 627
999 650
808 650
897 656
825 203
660 410
387 451
955 110
527 325
398 655
94 161
686 108
489 139
607 849
948 904
822 923
482 440
450 926
614 587
863 417
659 766
780 930
261 0
488 11
377 266
703 143
149 47
927 645
107 205
398 332
237 211
472 333
454 358
352 306
461 114
418 99
983 580
782 423
754 733
596 321
571 128
850 944
753 479
171 190
14 196
203 79
269 211
458 215
594 219
954 814
382 754
819 754
543 945
139 797
1000 198
713 552
242 716
880 312
965 516
267 47
