600 1626 600 631 10
132 293
214 399
380 468
331 370
189 486
101 517
166 366
10 471
110 423
104 546
99 514
155 168
225 371
105 274
179 385
209 389
240 491
91 282
291 322
201 562
433 444
113 166
158 559
41 265
47 442
147 444
96 308
13 590
114 130
32 269
527 577
433 557
410 428
101 335
225 437
142 520
1 403
82 523
283 542
119 588
30 299
53 282
40 117
12 404
8 374
79 303
185 547
273 299
176 272
116 164
430 440
282 531
16 73
343 453
240 493
117 295
122 271
293 397
500 516
192 216
476 565
76 166
302 547
139 193
242 262
167 356
62 313
51 261
189 326
101 452
58 543
133 383
130 384
373 486
116 386
141 478
401 507
30 411
261 555
357 530
172 337
143 423
275 558
64 127
33 329
70 464
406 555
187 396
402 588
30 184
451 597
11 316
70 515
198 563
191 249
199 257
311 419
106 487
268 365
281 466
238 571
37 409
219 251
86 216
182 378
67 167
112 377
120 234
5 193
270 530
26 58
70 525
473 541
20 306
25 208
414 418
11 24
355 585
129 279
63 272
241 257
53 101
88 523
232 542
151 322
121 456
131 304
57 418
221 238
268 550
155 591
317 364
74 352
335 526
12 13
20 56
231 294
345 502
41 420
178 538
9 257
73 550
521 572
145 267
239 258
160 293
294 393
240 435
55 140
404 553
193 425
274 298
116 255
475 503
316 392
84 263
394 474
151 258
285 383
31 319
122 284
17 305
254 572
77 175
135 515
173 326
557 571
166 492
446 486
146 526
86 160
178 431
208 405
254 327
445 454
459 471
255 573
21 424
392 488
215 492
231 351
123 300
20 540
63 283
311 552
22 328
15 103
117 231
203 488
100 506
366 538
92 279
39 102
24 38
406 573
218 490
384 470
497 531
135 138
274 581
477 588
341 586
8 429
33 55
223 591
127 390
252 457
182 205
209 571
181 505
130 483
244 486
59 478
352 480
246 361
248 286
126 556
251 339
506 548
53 335
252 473
170 518
321 375
513 519
420 505
324 485
447 536
224 306
49 422
164 386
142 211
46 499
154 284
206 503
346 385
43 515
37 584
255 570
88 228
228 265
227 439
128 193
270 357
129 550
29 362
270 582
15 312
232 272
230 395
176 232
152 548
73 467
46 57
256 289
218 339
218 251
83 226
354 466
4 199
252 469
290 324
94 165
264 280
12 69
276 467
1 469
14 432
360 508
355 472
360 484
98 298
422 448
35 121
59 539
30 189
179 598
485 553
146 335
83 336
43 495
320 594
205 378
483 522
525 562
46 211
354 595
35 356
75 315
199 415
65 568
481 593
13 281
86 293
369 592
0 297
50 75
422 467
331 379
294 426
229 233
11 38
28 591
128 159
146 345
197 530
45 453
119 248
203 392
37 490
535 572
247 481
81 355
427 431
325 469
174 343
53 386
106 349
445 470
28 154
56 565
291 527
264 326
107 294
86 583
51 344
135 541
32 273
152 596
28 249
102 521
17 352
74 237
201 482
186 551
147 571
388 588
114 522
210 241
419 552
246 383
70 201
452 546
371 443
303 499
194 472
137 281
144 567
240 419
104 566
21 475
79 361
452 526
371 413
262 335
50 442
286 598
403 529
222 568
45 115
289 528
66 87
55 243
383 418
97 198
245 577
161 240
209 278
166 215
98 170
355 498
175 524
89 219
5 578
308 465
156 451
176 391
210 445
163 505
195 271
256 498
7 571
202 373
40 334
68 533
2 521
47 315
10 552
61 474
468 486
75 442
18 551
120 310
107 318
533 574
17 185
315 442
376 506
248 284
282 517
203 584
353 377
457 473
53 164
426 546
50 217
260 587
259 466
10 347
257 415
158 247
122 496
276 551
403 530
162 195
307 521
367 449
5 372
57 499
11 395
226 495
3 223
72 523
6 135
215 249
295 586
204 458
50 595
212 255
40 99
115 260
269 273
136 423
59 169
120 427
342 551
27 142
77 174
344 579
417 533
165 396
38 340
79 405
58 462
234 431
65 365
213 441
301 431
433 535
196 579
272 283
234 297
260 429
186 421
65 399
85 484
112 294
167 577
199 360
323 585
409 499
172 562
175 483
29 427
162 179
141 251
226 336
23 475
306 537
295 395
459 522
125 126
330 346
35 512
203 405
128 141
107 231
79 584
449 546
98 333
34 274
161 493
42 310
153 309
330 381
166 283
370 399
1 197
261 556
85 302
25 38
270 549
411 468
435 458
249 591
298 518
314 332
100 214
6 495
425 432
267 404
302 367
95 463
172 340
29 513
124 227
255 597
18 123
174 241
202 473
85 576
32 322
415 445
27 504
151 239
104 426
106 562
93 187
6 43
350 386
246 418
288 428
22 48
313 364
136 360
169 478
48 124
261 564
502 547
111 203
370 404
404 590
153 463
38 316
70 277
12 590
235 582
55 88
0 103
99 334
219 586
364 489
353 458
86 575
278 359
134 267
212 390
226 330
176 331
237 352
29 183
58 315
147 400
376 501
172 287
302 576
49 408
172 333
53 262
301 485
72 82
190 586
495 541
56 126
49 467
201 532
321 398
146 266
389 475
158 367
279 334
7 489
30 326
205 472
592 599
63 191
128 533
289 498
297 366
333 340
349 592
386 573
142 188
106 340
392 405
282 574
150 594
278 389
26 194
125 570
39 571
7 147
179 195
78 411
29 447
76 103
235 580
66 209
463 579
372 539
153 450
83 346
52 530
143 522
78 304
92 399
354 428
280 285
23 31
348 377
229 289
69 137
359 489
55 82
275 496
363 389
298 545
413 534
155 275
27 512
123 474
449 502
183 320
168 277
19 96
91 368
177 465
410 447
46 418
575 583
138 244
293 575
454 509
150 528
116 573
109 296
99 117
199 509
112 436
13 460
110 240
36 412
178 301
174 453
201 244
139 261
67 206
400 420
461 591
220 236
301 427
87 238
330 385
196 314
405 584
228 397
361 369
60 263
16 18
410 536
53 350
32 177
139 564
374 476
54 581
393 589
13 137
57 246
99 376
173 258
41 433
219 341
373 468
208 592
111 295
106 599
288 354
109 499
194 256
4 136
94 567
101 282
195 401
455 596
82 332
118 357
290 538
133 142
2 572
61 279
113 249
3 191
11 548
204 348
284 286
220 508
39 557
196 306
428 460
118 441
254 535
111 488
239 280
8 587
340 599
8 127
211 418
334 514
153 163
176 596
248 434
272 274
17 480
77 241
92 514
8 565
97 449
81 585
58 75
198 559
2 293
147 557
38 333
165 567
332 579
441 561
310 528
457 468
22 592
27 359
82 88
265 309
125 406
74 85
171 408
258 322
39 238
60 579
388 434
286 388
35 278
80 489
120 183
361 592
159 478
32 308
406 570
290 407
276 408
94 140
349 599
220 593
111 230
33 243
473 561
184 411
165 358
169 339
14 153
2 160
22 124
324 379
165 253
424 475
211 414
186 300
62 504
142 414
238 521
484 576
109 364
347 522
253 567
68 555
330 401
16 123
541 560
367 593
580 582
245 527
159 372
131 308
462 543
229 528
80 317
133 285
227 264
316 395
118 325
115 480
206 375
9 174
89 497
281 354
153 228
185 305
24 105
164 262
248 588
226 401
19 549
155 461
113 215
313 494
234 366
130 445
188 520
34 105
91 497
312 388
318 334
263 556
207 508
113 191
50 259
19 479
399 514
293 327
373 511
59 409
300 435
236 481
103 233
138 373
117 190
341 351
52 549
304 529
44 133
25 392
322 527
69 268
569 596
132 327
387 558
336 541
84 540
10 459
444 557
199 484
37 169
120 431
367 576
230 392
154 496
38 392
169 409
90 577
31 238
98 287
231 368
177 398
305 547
150 462
36 257
24 54
257 412
5 554
112 348
262 266
266 305
272 581
94 575
311 471
43 387
33 187
44 456
161 247
224 537
26 543
91 566
54 105
530 549
127 597
513 595
435 491
89 141
63 113
339 478
490 584
145 301
40 231
169 490
141 497
168 275
80 400
13 354
177 375
19 52
254 397
26 182
108 163
221 319
125 261
36 174
98 337
220 576
152 506
21 356
261 344
279 318
41 309
69 73
247 353
305 516
8 390
408 467
429 587
64 587
130 470
32 291
193 554
159 554
202 541
121 167
286 434
256 462
96 398
41 444
136 508
225 233
161 481
11 54
118 580
304 403
426 566
351 586
138 515
288 595
208 361
184 273
67 356
230 295
98 172
157 463
472 498
48 246
428 513
258 269
103 366
372 554
371 534
277 387
360 576
5 425
292 479
35 167
244 328
181 309
163 578
77 470
194 543
90 121
31 221
44 280
76 477
143 471
117 376
278 512
294 563
281 448
224 314
139 555
97 563
60 84
398 465
124 439
45 480
163 425
328 487
100 596
7 359
404 568
393 436
214 544
80 420
264 486
15 437
359 512
428 536
348 436
58 320
197 357
149 282
244 446
287 337
324 331
153 265
214 569
174 257
55 293
345 547
224 438
107 334
145 447
139 417
235 270
303 409
87 389
17 74
309 420
342 416
73 123
4 509
196 382
449 559
372 578
350 533
42 183
25 599
28 119
116 597
12 510
331 391
37 303
438 440
154 461
180 280
207 493
44 338
159 539
441 469
241 415
48 285
197 403
93 94
388 598
32 465
114 454
280 439
67 503
436 589
347 459
35 188
343 412
118 235
53 574
204 353
220 367
74 484
14 463
21 503
90 338
24 518
1 78
54 596
64 597
380 457
149 574
445 509
18 186
348 474
69 467
299 326
196 224
235 357
218 586
7 400
479 529
271 401
544 596
102 535
223 337
237 343
109 313
55 94
102 572
71 364
272 542
295 506
109 317
352 453
16 467
257 484
2 132
275 387
451 480
79 246
195 381
204 377
167 206
320 362
118 213
154 275
327 397
164 242
324 542
396 430
54 548
237 453
168 558
389 424
189 264
384 483
133 280
213 325
351 368
10 483
177 321
92 365
87 363
313 499
505 578
19 292
176 324
96 549
451 587
425 578
336 473
207 423
11 506
84 556
42 120
328 562
362 513
420 444
97 546
267 590
190 295
78 252
72 332
226 346
151 338
83 385
61 73
145 485
255 390
223 298
254 433
124 285
62 71
482 525
136 454
244 511
57 303
17 156
153 181
250 430
62 211
251 478
570 573
144 253
342 408
65 268
156 480
284 496
101 104
162 284
201 525
79 208
4 360
434 588
248 402
135 495
107 589
109 148
72 157
95 139
110 311
58 519
92 334
133 414
244 532
416 448
376 514
567 575
117 351
155 337
216 583
180 227
336 561
33 82
158 449
231 426
31 87
3 298
126 374
37 79
502 526
12 222
158 353
100 376
104 452
0 366
181 420
207 236
227 280
112 563
113 283
455 569
273 308
276 342
66 389
164 597
279 365
173 280
217 416
178 290
267 460
66 571
379 404
119 284
91 351
390 597
59 200
131 479
65 404
89 251
333 518
198 353
183 594
23 389
329 438
8 64
74 412
256 472
526 546
137 467
197 325
60 196
160 216
421 552
168 337
80 296
16 276
143 454
71 494
379 553
217 259
91 341
510 568
175 470
500 597
14 95
193 432
265 397
100 544
123 394
126 212
59 159
247 458
34 54
250 329
227 486
296 317
83 441
237 412
266 516
65 370
239 338
192 583
229 498
56 476
462 594
247 435
110 143
245 291
206 245
217 281
355 378
179 381
118 197
28 477
144 583
93 165
68 417
102 238
388 437
203 490
81 443
427 447
150 256
162 598
87 571
149 531
111 490
267 553
94 187
184 299
142 504
63 545
233 371
279 436
365 399
192 253
411 457
305 345
349 487
295 501
162 271
88 157
322 338
212 374
76 492
15 225
296 578
165 187
265 433
25 405
283 538
119 154
111 586
295 376
335 452
180 264
55 397
236 508
482 562
109 409
131 292
106 172
186 552
60 540
32 258
304 479
78 184
224 332
190 351
160 307
97 294
277 464
22 487
210 470
42 594
136 143
157 523
70 138
171 342
158 593
429 565
370 569
177 291
242 516
274 545
307 319
200 372
48 383
134 145
275 461
148 200
173 264
54 152
517 566
290 485
401 495
438 537
381 385
269 326
109 200
337 464
364 494
402 434
294 546
62 499
22 227
23 503
268 568
115 451
108 153
126 540
292 308
209 359
36 343
210 415
449 526
323 378
136 207
44 239
274 518
178 485
71 359
387 515
145 536
186 419
54 176
9 241
43 271
261 406
240 423
199 445
227 328
59 148
134 553
100 514
81 498
319 521
43 401
394 435
193 417
298 337
214 514
102 433
45 352
18 276
320 462
260 451
122 162
185 302
147 420
6 515
26 75
7 209
31 363
368 566
451 500
328 446
28 461
374 390
122 275
23 363
224 329
61 123
91 517
60 382
132 572
168 464
110 471
0 233
114 445
33 94
78 457
112 198
21 67
173 239
358 430
242 597
312 588
217 466
158 481
342 421
104 517
254 265
460 590
182 323
119 477
331 596
167 245
375 503
193 533
13 428
89 341
344 463
73 268
55 228
20 382
464 525
138 532
33 250
227 446
3 63
20 60
375 398
1 252
373 380
97 559
291 375
178 234
347 483
84 126
125 556
171 416
182 194
195 507
175 384
230 488
27 188
120 297
131 184
442 595
198 377
417 555
148 409
263 579
283 407
20 126
271 387
71 504
156 305
283 290
259 354
63 274
134 485
374 565
30 468
144 575
318 589
115 429
456 520
344 556
61 550
501 506
126 476
263 344
161 435
188 512
277 558
378 585
61 436
69 222
184 304
218 219
300 394
23 319
331 455
149 533
115 565
191 591
89 91
267 536
68 350
201 328
356 424
61 129
314 579
12 137
170 298
140 293
481 493
394 458
103 166
183 362
269 299
187 430
4 454
30 486
62 494
212 570
508 576
284 598
129 365
288 513
228 450
202 380
443 498
131 273
71 489
338 527
35 520
226 541
150 289
214 596
229 371
139 432
141 159
172 525
52 529
82 329
51 556
138 560
81 534
49 171
285 439
39 433
49 416
339 490
80 505
10 311
15 76
442 513
234 538
395 506
421 551
208 599
28 76
143 459
34 581
129 268
207 481
244 373
222 510
56 306
296 372
400 489
29 410
137 422
35 424
70 532
256 543
300 491
24 333
74 185
48 592
202 457
391 596
183 427
337 525
327 572
320 519
125 212
312 477
110 419
3 545
15 477
216 307
72 579
128 149
121 520
194 205
112 393
2 307
19 529
317 489
297 528
370 455
135 560
383 414
77 210
163 181
202 560
108 425
487 562
153 157
158 198
48 369
49 448
222 268
27 71
294 589
176 581
128 554
278 424
362 519
245 375
18 300
342 552
381 507
72 463
306 37 137 240 384 311 112 178 171 279 432 11 34 263 105 255 456 70 304 122 491 347 63 245 423 262 454 337 327 277 292 10 548 425 187 275 514 125 167 133 475 556 204 550 445 90 48 247 162 20 293 387 490 92 105 427 569 529 386 74 518 339 58 324 57 507 434 273 331 169 170 142 358 409 418 582 482 113 414 73 538 353 368 198 5 598 398 87 162 358 496 462 70 168 478 436 36 537 340 40 270 80 205 483 28 276 447 505 565 273 398 440 1 489 325 105 407 294 468 466 102 505 571 287 267 144 78 589 189 80 111 71 6 97 27 350 160 541 355 126 249 152 456 583 294 193 523 63 26 104 92 174 456 328 589 283 509 29 556 528 431 215 577 65 0 505 148 514 46 248 417 424 418 237 44 113 211 189 513 16 221 46 521 307 522 175 212 151 313 460 549 342 505 300 439 240 115 431 525 490 577 487 124 431 103 181 301 413 261 9 235 315 277 243 376 37 583 256 148 138 203 488 467 222 373 534 263 476 380 547 281 99 589 321 459 207 383 390 265 75 162 137 555 433 16 552 47 420 361 293 129 276 580 271 356 460 17 214 534 488 260 91 446 391 140 552 466 285 366 18 201 456 205 388 328 168 284 204 595 461 291 263 47 242 413 265 52 85 355 139 340 92 499 76 285 440 543 150 443 23 557 598 152 415 78 174 447 361 455 237 209 393 247 401 188 50 448 58 484 49 161 206 544 71 590 427 336 380 409 153 590 102 168 505 289 290 329 337 541 343 505 447 32 482 340 217 226 372 87 184 479 374 452 565 583 297 85 77 164 417 548 171 307 255 537 461 183 324 98 561 515 309 62 313 588 506 461 290 46 274 125 88 451 598 107 399 223 561 432 510 234 162 459 33 535 338 341 196 251 520 170 499 396 521 100 485 576 464 521 434 235 472 244 203 490 197 322 204 33 140 159 148 502 516 48 467 350 196 100 550 411 251 193 482 424 325 93 487 27 42 104 470 14 536 130 425 287 121 275 301 189 568 310 413 177 381 278 100 7 456 104 145 88 366 80 45 507 492 350 203 506 210 307 70 67 227 467 442 7 427 559 217 589 501 370 473 480 226 131 196 561 225 297 514 297 508 151 167 417 63 255 20 409 439 468 319 222 358 295 279 213 165 93 109 346 510 389 511 415 246 450 342 556 197 412 89 544 200 71 13 318 571 514 146 85 589 111 135 305 484 543 47 416 214 293 584 453 320 23 297 361 459 385 134 590 323 386 277 514 122 346 483 517 300 18 340 102 334 270 405 493 318 362 135 461 46 0 280 110 92 143 199 571 88 352 313 374 168 499 517 284 491 533 44 159 363 546 94 191 200
111 752
91 140
774 63
216 544
828 845
697 349
144 340
626 147
965 542
960 854
781 993
389 571
419 863
401 904
795 305
67 673
537 899
893 688
603 917
176 11
987 392
518 31
337 326
605 6
345 540
391 439
137 992
561 181
120 577
268 878
221 188
670 16
314 78
924 173
311 587
507 127
954 807
528 398
371 484
674 108
553 641
730 207
163 855
112 401
391 182
964 690
508 299
247 934
399 309
500 947
314 987
856 391
136 23
761 551
363 619
861 165
992 436
487 324
175 955
617 388
940 367
554 799
514 269
230 607
922 595
420 752
626 91
488 30
797 477
476 863
208 380
537 203
859 276
530 851
920 747
178 989
109 645
994 941
145 154
478 399
642 259
14 859
891 218
28 245
914 386
879 767
848 50
647 65
851 214
635 497
417 143
639 552
487 708
938 99
898 114
816 334
237 7
690 692
286 487
510 640
450 631
716 576
714 97
114 700
676 617
344 576
324 409
580 686
758 310
591 307
737 932
511 503
626 740
197 627
859 919
984 638
851 524
542 587
19 100
73 579
191 811
463 123
84 474
578 862
361 294
870 448
932 434
917 556
698 422
505 782
879 949
206 75
793 93
401 212
326 797
147 309
799 867
455 916
184 323
784 380
858 100
660 457
469 198
791 930
903 28
320 830
765 664
639 183
588 352
718 466
117 866
365 143
393 632
778 261
125 537
205 510
888 641
817 270
740 750
662 387
812 42
700 844
47 457
729 300
819 550
947 66
171 677
457 64
195 466
574 414
324 515
512 984
279 457
314 175
989 812
962 982
325 653
340 23
236 767
11 426
326 215
735 254
58 988
203 872
208 134
871 714
638 952
944 135
507 167
261 210
537 545
183 594
973 10
733 403
94 955
75 404
947 328
85 95
683 735
882 862
618 325
245 358
133 251
488 457
631 804
42 957
442 30
739 848
435 404
587 136
955 921
494 239
922 464
17 157
437 691
144 627
839 1
418 977
565 486
595 503
799 800
701 38
453 837
236 513
962 275
47 729
72 298
312 262
807 199
80 797
461 519
606 626
306 678
82 742
185 749
40 37
766 817
970 737
684 66
344 166
708 912
986 875
855 583
891 162
233 291
420 73
452 336
708 792
58 546
154 572
974 174
619 459
90 170
939 17
769 162
886 524
108 902
929 848
331 112
344 970
985 600
839 418
805 588
876 351
292 207
764 198
809 624
368 823
460 796
287 125
81 29
97 433
272 642
261 90
281 583
150 478
566 920
205 421
567 103
533 747
356 213
399 945
703 526
219 664
62 511
391 256
12 504
255 486
311 918
96 840
250 719
369 52
225 35
823 91
621 681
494 554
654 303
136 776
271 517
243 135
627 884
274 789
831 752
516 369
169 93
844 668
998 322
768 8
273 58
752 228
157 819
722 985
28 643
559 285
920 312
236 973
421 509
610 258
540 708
718 13
178 922
370 15
350 86
24 986
318 719
58 127
284 162
792 131
298 301
947 223
33 334
337 691
919 272
340 488
517 679
758 610
64 243
223 485
393 124
590 467
342 444
597 538
565 985
977 778
845 354
814 662
37 300
850 995
606 781
360 369
758 495
581 564
934 713
687 765
337 938
29 898
505 66
53 76
998 53
592 168
852 822
452 367
239 895
619 50
570 253
488 756
156 723
796 751
606 591
409 352
381 742
37 786
656 342
201 256
948 501
405 6
489 611
644 768
25 931
350 748
169 224
26 393
985 353
434 263
932 971
0 318
791 517
149 419
0 586
591 68
916 521
358 663
435 476
599 710
630 840
438 554
976 80
821 167
295 2
446 724
630 212
93 370
40 572
114 87
392 801
455 433
827 466
231 694
536 930
555 360
292 854
171 193
922 786
8 714
452 237
931 900
485 1000
779 438
462 277
692 939
683 230
629 986
482 901
761 887
554 71
739 364
645 620
239 842
313 886
993 570
980 132
221 798
772 351
720 146
14 537
663 843
564 754
28 674
986 238
343 261
1000 211
13 190
265 981
25 817
676 175
894 891
270 289
283 824
451 951
748 702
794 228
924 627
711 615
999 696
829 911
372 712
436 179
140 198
677 813
816 989
365 873
154 519
146 923
828 300
223 448
304 31
369 946
508 883
200 222
50 186
927 933
764 960
57 915
97 221
587 832
580 25
977 485
87 614
613 424
192 37
921 664
732 816
252 392
886 999
887 806
312 769
254 245
320 357
464 489
599 210
544 460
662 904
143 658
707 879
529 239
103 338
127 500
666 519
64 858
545 318
878 607
463 572
787 692
531 0
507 201
690 276
437 587
57 370
802 830
851 875
414 823
198 290
540 136
273 919
474 678
170 367
843 627
679 571
307 549
218 920
460 159
740 68
847 948
865 243
998 993
251 423
732 663
389 79
111 797
162 51
109 54
688 482
214 322
744 446
2 785
751 136
331 858
997 286
209 724
639 367
959 407
106 282
271 674
132 951
442 660
253 552
702 659
812 716
407 605
101 2
526 814
595 951
669 999
359 789
699 390
808 418
881 409
667 143
161 449
711 718
168 283
45 217
281 374
651 693
825 385
1000 532
646 585
905 66
430 787
404 717
877 483
645 120
751 100
837 496
732 512
875 73
850 791
424 108
687 320
890 320
0 25
302 617
27 9
881 5
509 432
6 956
554 519
954 593
31 602
569 717
387 848
180 552
392 378
760 782
153 885
289 950
393 666
886 570
13 465
368 412
