600 1575 600 827 13
477 566
178 296
62 126
119 179
80 125
323 576
271 452
138 438
109 229
253 390
457 583
375 518
16 89
61 242
185 509
284 582
242 536
562 567
175 448
39 243
400 466
127 370
72 327
107 242
10 547
147 414
25 270
82 260
61 318
54 243
162 308
266 370
13 40
14 442
391 535
281 355
139 412
81 314
97 577
195 560
6 205
366 473
352 538
238 373
141 259
52 78
393 453
108 263
92 336
198 559
220 357
63 380
93 329
142 325
170 482
298 472
342 489
87 401
393 561
271 522
175 514
103 118
71 492
50 192
81 496
11 384
225 312
95 332
137 223
505 598
133 432
525 585
469 532
61 557
59 228
35 562
94 306
311 367
26 454
143 288
159 167
164 426
261 586
493 568
418 585
209 369
373 453
438 525
19 422
366 504
0 10
71 405
15 493
23 277
141 594
214 298
414 426
268 444
382 443
144 568
182 395
89 249
532 553
83 233
76 96
62 574
59 378
329 470
383 456
196 511
138 146
218 245
113 205
258 540
199 513
330 362
198 263
63 598
220 351
203 243
46 219
307 326
148 157
210 459
18 582
475 547
59 575
118 599
119 491
125 322
80 360
350 477
362 547
4 348
468 501
33 501
355 597
344 599
132 297
357 386
275 555
89 245
164 257
36 361
125 174
214 465
212 392
282 423
323 571
84 449
37 146
13 160
181 424
267 356
118 237
371 419
176 469
303 325
33 139
223 365
88 322
42 178
257 324
86 211
262 285
28 526
112 438
311 320
123 485
321 545
31 520
121 476
89 517
400 445
19 266
12 45
239 501
202 519
224 550
37 169
53 178
2 192
476 495
165 511
80 337
84 459
154 529
348 349
501 589
242 474
197 591
367 552
56 269
88 488
38 335
515 518
216 481
446 478
383 539
438 593
34 428
105 410
127 269
323 344
351 522
351 450
214 550
108 198
72 471
264 491
14 38
29 96
115 161
83 182
189 576
30 315
54 236
83 358
283 556
89 510
125 490
140 330
156 476
286 559
266 586
131 339
70 508
125 255
322 562
223 386
47 428
147 244
419 523
53 166
169 268
55 365
309 522
258 504
39 128
357 452
224 362
10 288
225 427
5 328
205 368
299 537
0 217
96 109
479 547
399 531
329 519
498 584
219 473
370 490
307 555
92 392
88 376
174 354
319 488
262 437
299 406
237 271
336 481
354 562
285 597
105 374
246 528
307 460
207 516
235 446
155 280
143 565
65 392
128 138
141 450
18 160
211 328
314 373
115 403
192 392
359 422
44 411
18 467
50 98
188 331
571 576
201 395
44 304
87 131
265 454
280 478
157 306
424 545
212 276
217 306
48 282
309 310
270 564
467 582
200 434
60 523
21 408
481 587
75 374
6 363
83 464
309 459
215 451
230 416
7 431
241 351
239 369
216 495
158 183
135 231
100 230
293 527
196 250
155 516
40 412
178 462
43 500
202 385
90 578
56 474
229 309
3 490
398 521
153 356
385 388
286 506
145 267
12 122
139 581
110 246
227 558
43 361
213 415
397 543
1 251
101 568
210 229
584 598
294 452
74 192
22 457
59 132
137 248
225 377
267 425
368 472
357 522
8 333
321 374
90 403
94 143
64 585
16 306
222 300
46 502
57 412
391 440
75 579
277 475
190 387
9 480
158 490
257 426
379 514
470 492
34 205
104 549
265 341
287 557
20 215
259 594
9 23
355 592
361 451
173 495
71 556
63 187
106 279
98 336
253 481
276 368
363 472
315 433
190 554
475 479
123 515
224 298
98 253
149 291
337 421
496 561
265 525
288 362
285 437
312 377
220 432
358 426
455 494
129 335
246 318
208 341
250 417
256 588
35 235
568 573
316 520
8 592
18 463
134 540
238 561
27 495
281 333
23 505
457 509
138 208
436 533
88 513
265 438
93 236
58 344
152 187
261 359
165 195
112 345
166 178
231 404
327 383
180 555
19 359
41 357
129 327
12 586
59 334
118 271
365 386
202 510
40 581
62 199
88 567
86 564
266 269
140 475
559 580
185 583
154 447
378 575
250 511
78 350
502 510
41 220
387 398
372 542
112 593
93 519
73 501
200 295
418 423
182 270
127 266
371 544
210 545
15 121
526 552
372 450
237 309
175 518
51 563
360 498
228 398
85 484
62 572
131 401
123 518
84 309
32 460
427 507
62 225
85 549
153 171
8 240
472 504
137 413
168 327
111 359
154 338
73 308
310 402
150 227
9 518
584 595
463 544
266 287
364 453
297 552
126 427
197 305
0 317
0 515
489 577
41 386
289 348
147 560
161 507
180 460
153 245
331 566
41 191
203 499
86 114
239 494
40 91
318 367
431 571
396 581
80 183
113 428
116 390
36 43
18 312
196 417
79 152
250 437
177 550
91 462
156 250
303 497
384 489
242 331
31 234
66 155
188 554
219 466
240 401
134 473
20 197
63 68
195 395
40 160
90 115
121 250
338 352
196 395
71 329
232 431
39 425
46 466
84 118
81 408
241 450
172 551
13 53
299 533
169 514
255 322
240 409
58 294
536 557
192 390
221 409
279 468
181 394
166 513
96 500
441 498
143 298
119 489
217 272
409 415
290 430
47 205
122 489
251 497
47 113
130 389
331 350
19 261
130 509
89 157
325 497
37 145
49 219
342 577
409 421
355 437
274 413
196 201
36 51
378 460
168 315
104 300
254 445
109 210
397 555
323 599
28 132
466 506
121 173
207 325
161 523
2 205
274 524
520 546
235 404
40 396
388 580
296 595
371 443
176 561
74 133
184 574
124 583
277 598
159 339
136 456
286 400
246 552
222 341
11 130
381 522
253 274
210 449
43 96
2 212
17 158
572 574
349 585
137 365
68 152
173 524
524 587
113 535
148 504
35 567
463 581
307 324
71 470
38 332
204 451
1 497
439 464
384 404
346 584
401 476
448 514
44 569
206 537
102 560
278 429
228 334
499 593
415 421
250 476
397 508
330 547
245 517
51 141
327 539
4 558
54 492
117 466
234 247
179 577
244 358
16 157
102 195
36 503
15 201
95 247
97 342
108 548
189 456
559 579
398 482
530 543
210 424
363 504
26 282
187 194
45 119
216 336
4 289
119 264
57 139
527 530
7 136
141 542
272 306
391 591
144 433
21 292
318 557
97 124
77 427
169 222
215 548
343 403
85 187
101 573
292 553
460 482
419 578
581 589
405 556
358 414
395 560
307 482
73 239
54 71
259 522
24 246
2 34
320 367
448 590
65 550
500 503
34 47
284 544
150 558
181 410
155 507
250 262
64 558
254 305
350 566
381 450
31 247
330 407
171 485
23 380
76 82
179 264
49 197
133 192
65 92
87 339
124 483
134 258
198 286
126 225
446 574
428 542
234 420
10 306
72 539
234 487
139 589
242 350
388 506
52 183
251 325
333 355
487 537
159 221
15 430
209 501
109 545
167 213
428 535
308 455
128 203
39 54
487 533
242 311
32 508
228 320
398 575
159 486
252 335
443 544
30 168
269 287
176 496
285 477
286 580
313 579
180 397
81 162
147 521
14 129
164 464
23 480
142 457
265 273
229 459
485 590
102 165
66 343
241 372
241 428
55 315
301 573
156 437
121 172
187 588
527 569
214 224
114 182
102 188
371 578
151 354
207 457
141 372
375 514
480 518
10 362
56 370
290 551
149 499
147 358
211 439
235 562
67 598
247 541
187 484
243 416
280 507
190 320
25 564
320 526
398 414
244 560
167 409
458 461
185 342
420 487
33 57
5 420
372 428
271 294
18 396
507 523
274 587
400 506
456 539
162 408
441 595
69 188
36 500
116 413
43 82
38 435
58 386
394 410
348 399
302 541
143 224
93 517
85 163
58 431
175 375
129 252
345 558
104 194
188 566
415 429
230 283
143 472
140 346
24 287
51 440
295 434
426 482
29 545
96 402
447 529
128 425
449 459
177 216
3 56
77 507
233 395
171 590
103 449
267 514
59 70
198 313
382 589
163 484
346 598
208 222
45 489
267 379
7 456
253 587
382 463
255 360
86 420
65 276
302 435
57 279
117 254
48 453
387 554
51 451
153 590
226 478
17 52
289 558
8 421
519 570
224 407
35 184
291 499
87 495
10 217
232 353
333 337
51 542
172 524
73 468
428 440
92 99
218 272
182 201
81 561
302 471
376 498
240 421
109 402
173 587
226 384
74 116
72 129
176 393
317 480
27 481
244 395
295 399
100 499
169 300
13 377
50 390
144 573
61 536
117 219
85 194
79 91
197 204
204 440
305 548
147 387
230 243
273 553
62 184
498 595
118 323
20 548
215 361
503 594
156 340
300 553
538 577
86 332
189 431
256 412
46 134
63 67
68 187
294 344
33 589
456 576
65 465
130 226
49 473
70 378
35 199
125 183
128 146
174 490
89 202
29 76
197 254
51 204
579 580
108 400
134 502
116 253
344 571
105 394
137 315
44 206
430 568
7 365
130 478
166 199
140 213
215 263
8 337
440 535
162 468
159 330
44 546
153 267
200 399
336 392
48 364
202 596
330 486
284 523
359 491
543 569
104 169
317 479
213 409
523 578
182 233
192 212
10 565
60 467
124 154
120 261
178 376
292 469
236 356
202 570
446 572
104 268
133 220
65 99
29 374
83 114
268 380
46 193
478 572
298 465
437 592
477 597
104 380
306 565
99 550
78 597
296 441
257 411
90 497
418 454
354 404
191 223
44 316
140 167
421 429
39 236
281 597
123 448
507 572
95 420
227 405
69 190
99 177
153 236
123 175
314 561
17 107
32 397
509 583
5 211
207 303
427 572
22 509
125 158
116 274
22 130
165 188
56 536
265 532
504 540
3 158
82 361
279 512
15 172
225 467
33 468
345 593
190 398
13 199
387 521
52 281
39 356
41 133
353 365
4 434
249 502
282 364
30 335
322 488
7 353
67 595
235 384
170 575
69 331
6 368
239 455
263 361
554 560
38 564
164 439
353 431
42 91
217 515
368 465
240 592
207 343
463 582
267 448
401 495
473 591
351 381
207 403
356 425
29 75
30 433
98 481
80 333
285 355
147 554
52 158
67 584
29 321
78 281
205 276
396 463
101 270
332 435
148 306
129 442
233 358
97 483
436 520
259 310
388 466
229 310
182 493
64 289
78 107
45 120
213 346
380 444
246 287
135 151
203 593
221 240
76 260
457 529
265 553
55 137
169 208
462 595
63 194
110 552
91 588
80 429
463 589
64 348
319 360
14 435
283 405
433 534
454 532
22 516
154 458
418 525
299 436
344 431
179 538
208 438
58 357
164 211
292 549
71 416
15 417
280 572
79 595
105 186
280 389
168 335
28 320
180 307
128 243
34 432
373 561
305 445
282 399
144 534
46 596
145 169
546 569
79 462
345 525
155 343
142 251
81 308
513 567
149 227
376 441
349 531
358 464
201 417
189 571
448 485
154 483
73 455
49 254
407 486
261 491
324 530
258 473
223 413
313 559
26 364
326 426
114 439
145 146
527 543
36 451
60 77
106 588
435 541
61 311
366 591
80 281
135 370
141 563
362 407
430 493
260 579
389 478
142 529
265 418
424 449
268 375
204 215
190 228
477 511
3 370
84 103
275 530
130 185
269 557
119 120
414 521
183 281
321 410
33 279
107 350
27 216
117 400
165 566
66 115
131 159
393 454
429 498
56 557
226 235
163 512
14 302
37 208
171 272
219 254
30 534
142 207
332 564
129 471
94 504
27 587
26 423
42 462
176 454
54 416
385 570
75 76
111 422
142 447
376 488
469 496
126 572
26 418
293 411
93 492
328 537
6 113
206 328
406 537
117 445
119 577
255 488
4 150
23 63
293 569
138 593
62 377
447 458
209 443
133 191
378 508
97 538
251 447
82 579
160 396
249 540
144 430
171 218
457 516
416 556
130 342
151 490
202 502
25 301
206 411
238 393
338 483
83 439
282 531
97 338
177 336
79 588
87 177
177 339
197 391
136 383
151 231
159 550
101 182
304 546
276 465
408 512
28 59
82 263
121 417
14 335
232 386
172 290
113 591
16 218
75 260
178 513
442 471
209 382
231 384
75 186
16 245
408 496
259 309
340 401
224 486
277 479
296 376
87 216
262 477
284 467
77 225
420 537
114 564
316 436
423 585
57 106
227 283
248 551
181 321
53 199
314 455
348 585
24 528
34 241
146 425
411 527
94 472
273 341
101 301
89 93
77 523
64 525
292 300
155 161
252 327
70 297
282 349
303 403
85 104
213 584
144 551
136 315
57 256
237 522
12 135
45 122
402 594
13 91
279 484
161 578
324 326
351 432
65 214
64 345
249 510
319 376
124 342
316 406
95 234
146 267
264 352
156 401
195 196
272 515
84 237
530 555
258 366
475 598
32 378
288 565
55 136
339 550
271 599
330 475
301 534
255 319
484 512
302 442
367 526
144 290
24 422
159 409
287 422
24 110
168 383
111 352
291 558
375 444
137 433
115 155
57 588
50 392
108 305
414 482
402 500
264 359
27 173
167 330
150 434
184 199
12 266
199 377
86 95
348 434
230 556
193 596
327 335
125 360
241 432
272 485
301 335
91 256
19 287
248 413
159 224
31 487
9 375
7 55
235 354
6 591
116 223
170 398
186 394
194 380
145 379
20 204
485 515
186 374
42 53
310 594
287 318
121 524
460 575
190 311
108 215
347 413
69 242
181 545
90 303
172 274
342 384
37 138
124 457
329 570
108 286
116 191
340 592
188 190
22 389
3 17
543 555
360 429
248 433
479 480
278 415
298 368
9 444
317 515
31 533
74 390
11 342
369 443
6 472
364 454
326 482
502 596
311 318
291 345
240 340
95 541
484 588
402 503
520 533
140 598
304 520
12 370
7 189
170 460
138 203
419 544
278 498
152 588
149 283
13 42
110 297
92 177
333 592
299 487
363 366
131 221
246 367
63 505
95 435
153 517
107 474
280 516
324 411
43 76
21 549
452 522
122 384
174 322
373 455
426 464
269 370
88 178
343 516
93 470
171 245
157 540
50 253
148 540
122 231
151 404
211 420
176 532
373 494
197 440
193 388
141 381
113 391
102 554
337 429
296 462
453 454
120 586
58 232
201 493
96 545
131 240
172 347
34 192
266 391 523 52 587 71 443 15 510 345 240 18 404 273 77 202 289 28 119 161 27 447 302 135 580 160 348 343 572 437 290 570 264 114 438 481 543 317 55 394 176 474 259 528 336 39 138 594 195 92 69 559 553 113 64 280 264 4 584 197 228 193 0 461 430 119 244 25 185 348 576 325 2 125 57 550 334 596 32 173 588 502 559 321 186 188 455 267 376 67 47 251 36 383 323 432 117 80 184 229 240 86 419 88 287 198 382 10 189 463 6 264 485 510 248 132 456 571 584 144 365 160 424 290 307 515 339 484 40 270 281 501 119 330 82 552 239 199 472 6 31 381 423 416 577 189 99 223 241 494 315 46 566 555 219 545 79 506 478 218 303 292 561 160 112 245 588 398 400 22 329 293 267 551 566 485 482 591 516 59 581 313 486 547 355 117 48 95 259 382 330 362 401 427 454 336 125 583 403 307 405 294 178 580 465 391 573 525 124 500 87 240 299 226 368 142 513 575 111 423 580 192 487 217 52 151 128 103 136 14 291 408 484 76 157 289 487 398 405 503 403 521 146 438 164 470 52 99 469 253 414 532 531 21 240 400 212 507 69 424 233 499 396 506 352 218 64 572 351 415 16 177 37 545 53 392 497 120 154 194 126 222 383 127 459 386 90 550 64 575 483 523 3 150 523 544 323 144 529 481 159 181 72 336 327 455 513 132 585 204 34 372 474 298 152 344 261 177 410 199 542 400 304 110 96 442 511 2 196 171 580 594 598 231 51 222 420 292 362 289 489 432 93 499 102 391 9 48 172 442 367 49 257 154 98 9 548 277 295 511 20 265 242 475 507 423 316 343 178 549 317 432 435 72 186 599 530 200 299 122 397 59 556 454 512 31 215 144 350 124 81 485 85 118 130 464 364 560 437 52 589 475 245 446 411 72 561 578 542 192 230 95 207 480 577 545 489 309 564 399 223 53 76 532 11 512 434 598 174 203 130 9 122 47 21 538 547 60 545 120 275 13 357 310 390 322 548 520 463 53 110 428 223 443 167 173 385 388 393 551 27 315 501 567 3 124 449 509 72 77 503 493 295 388 360 355 314 592 1 322 567 503 488 487 105 126 85 540 139 132 380 9 462 472 376 317 41 461 302 384 334 160 24 167 195 279 211 241 321 400 563 198 356 568 394 307 581 586 582 36 581 389 569 144 31 404 88 54 277 255 193 249 291 508 116 195 176 427 543 588 190 81 304 448 578 146 477 421 478 2 464 128 506 587 216 229 385 182 556 17 126 15 188 18 61 48 379 431 230 552 544 378 235 296 173 72 429 126 558 43 476 288 575 533 366 215 352 211 341 119 273 536 361 216 269 93 507 87 177 299
294 563
946 997
348 311
786 583
32 890
838 102
282 354
517 95
587 511
319 663
302 518
829 784
861 666
603 798
683 48
610 288
152 532
766 540
595 888
945 616
144 285
353 817
839 865
359 636
998 576
691 136
216 928
523 320
929 418
68 121
616 136
875 1
981 303
470 868
310 252
714 744
166 200
178 752
683 102
95 653
556 825
414 166
583 768
99 174
959 99
881 728
96 445
283 294
230 998
170 356
441 297
197 221
713 535
616 766
58 648
524 135
825 559
480 814
425 97
946 376
668 950
847 488
690 809
402 686
117 885
387 389
783 950
493 680
445 690
818 434
985 386
21 655
595 6
431 926
409 239
21 138
73 151
690 913
715 501
517 697
646 558
355 890
49 193
763 203
249 40
372 765
764 98
527 412
672 689
117 533
813 1000
552 776
432 371
60 587
273 460
803 56
140 117
942 803
463 324
430 409
82 751
675 187
772 374
265 2
320 756
15 53
453 790
763 493
72 290
159 62
965 503
993 695
130 830
255 317
765 160
783 988
465 224
91 378
348 16
932 725
906 678
598 338
841 727
251 612
932 848
717 613
719 841
869 598
131 716
626 29
834 827
536 460
958 440
369 209
154 431
813 661
554 99
500 157
145 757
501 854
454 565
241 194
905 915
314 451
611 206
194 725
162 706
788 295
228 483
33 772
3 867
785 631
470 722
136 606
984 893
756 918
610 398
186 496
723 571
483 491
598 840
727 972
390 875
395 805
836 180
731 385
633 742
483 536
583 95
272 763
891 313
181 585
565 256
555 323
750 644
254 645
298 912
481 398
593 723
960 741
968 277
87 13
693 241
689 556
682 779
882 828
3 87
415 735
786 407
463 26
837 397
418 203
353 279
45 422
362 734
737 339
677 345
180 303
40 273
650 778
14 995
681 279
57 504
101 778
174 250
314 337
899 135
856 919
178 789
490 941
175 10
806 147
376 302
503 571
376 434
121 241
521 371
255 534
196 556
144 387
381 158
527 492
237 795
450 175
412 466
670 861
789 779
2 821
887 405
187 74
71 724
820 695
458 109
733 234
835 39
730 711
96 624
289 74
317 981
461 943
569 466
304 211
792 481
95 687
743 277
138 572
922 505
797 27
540 189
150 473
640 390
935 956
620 58
480 279
137 344
668 613
517 785
867 199
198 426
253 119
20 172
918 643
686 419
70 232
962 709
218 850
898 598
188 661
306 728
873 563
708 177
329 75
228 565
244 836
531 258
938 212
346 351
381 601
569 602
445 847
777 869
678 519
162 988
22 731
634 949
673 447
28 316
931 567
338 485
75 913
595 233
59 818
305 835
963 144
376 83
27 953
579 695
976 463
325 421
905 68
289 793
647 145
705 20
874 949
982 45
117 310
213 523
920 262
400 907
246 86
208 105
874 474
630 859
26 236
377 965
566 127
949 52
325 578
884 507
639 631
878 433
91 59
686 654
387 5
909 210
905 944
877 248
589 52
841 133
9 553
412 535
774 436
725 94
638 526
894 357
630 87
472 362
608 538
987 802
490 443
608 428
213 821
880 796
803 929
394 60
88 834
454 619
532 221
73 959
121 952
738 471
330 165
998 742
481 85
733 682
643 477
136 643
377 128
767 248
971 654
635 598
112 213
367 515
253 386
245 969
479 136
224 407
907 474
317 366
498 977
817 617
600 983
255 232
372 995
44 88
272 677
603 653
647 820
955 341
228 715
347 700
286 144
519 923
558 51
801 743
33 449
428 126
833 354
7 385
808 866
452 259
220 326
429 336
306 952
12 14
717 312
557 866
987 255
863 352
84 995
58 336
568 413
180 124
836 953
769 702
0 712
918 105
420 505
349 856
529 546
61 27
936 164
528 836
501 218
826 276
559 571
65 683
638 317
186 898
632 980
852 63
570 541
999 619
171 959
128 9
151 671
830 244
715 877
251 264
595 574
628 244
435 62
335 212
585 171
6 905
734 40
931 21
636 436
183 828
803 194
200 274
568 667
674 19
541 960
315 698
89 340
760 782
960 931
218 657
209 1
284 181
150 228
339 109
282 999
270 944
409 956
517 29
911 878
993 936
212 38
939 299
999 975
538 733
549 908
805 224
348 383
57 392
642 904
431 879
284 880
21 592
634 1
288 402
194 387
795 526
412 568
591 371
705 441
791 833
363 572
334 616
492 320
883 283
969 846
431 766
221 595
444 480
867 31
652 660
894 770
765 608
937 677
46 615
663 250
456 979
557 367
322 875
887 978
558 633
76 793
148 168
458 910
123 462
192 162
244 431
395 648
15 344
719 920
988 334
871 860
101 507
669 382
401 836
662 724
257 723
273 592
807 898
96 575
288 627
45 541
956 3
833 321
321 137
675 979
547 286
161 877
925 447
989 168
965 561
953 901
957 187
118 991
250 904
901 17
619 167
238 293
821 506
879 81
985 772
563 13
182 453
763 20
219 243
997 207
599 950
131 42
998 15
344 541
114 274
335 791
405 425
571 211
946 470
259 863
805 372
957 237
27 699
847 533
52 863
4 273
776 327
339 932
702 691
195 191
721 129
294 488
743 431
694 722
645 218
991 104
17 515
424 14
741 814
646 184
720 782
913 332
482 0
932 766
709 996
10 208
0 306
528 868
599 917
901 850
523 621
148 912
888 654
510 291
480 760
503 889
190 616
214 357
600 480
117 804
225 147
544 684
57 469
693 482
415 618
361 47
