600 1052 600 975 17
29 321
222 254
150 446
73 522
402 525
201 217
10 353
359 547
266 564
300 419
266 486
136 543
214 223
90 592
225 463
174 418
319 354
323 576
27 234
127 302
228 253
232 580
171 410
384 481
257 436
265 298
202 546
12 222
258 391
305 580
313 437
37 450
423 596
180 593
96 264
401 575
369 448
50 233
11 527
327 575
15 289
433 435
299 389
329 422
550 578
45 57
159 162
417 487
142 390
6 447
83 268
17 593
1 72
120 126
191 597
28 43
54 180
77 95
212 355
176 473
35 587
215 521
95 260
82 467
220 400
173 290
13 58
244 260
221 411
151 176
40 196
161 249
38 532
382 531
238 275
437 572
357 569
231 426
340 472
282 451
450 590
39 282
96 372
413 532
56 579
185 543
23 560
74 437
12 47
94 329
175 521
198 397
27 268
18 294
66 219
95 473
350 398
243 265
1 44
106 139
84 334
244 312
431 507
128 173
393 593
81 274
296 570
263 546
351 443
230 264
217 533
70 337
130 445
0 322
266 364
398 527
315 488
145 259
217 295
69 132
63 352
192 555
51 85
64 207
295 466
186 319
175 215
26 415
452 565
376 377
54 593
10 513
360 596
258 335
45 110
194 296
18 387
105 365
102 163
234 244
172 410
114 514
306 520
212 341
275 592
207 429
250 510
17 273
53 525
78 436
158 585
366 388
139 594
171 500
169 381
27 143
438 510
43 462
84 236
125 597
35 142
333 527
11 178
56 378
331 559
80 151
22 281
105 490
180 295
367 408
109 156
197 383
67 147
39 556
70 133
371 449
23 167
294 387
18 485
258 338
113 124
286 297
47 246
221 287
245 286
58 87
301 308
333 334
17 355
218 480
426 537
187 461
232 500
133 433
170 375
160 188
172 404
196 352
553 586
105 407
219 538
562 585
282 556
350 527
181 589
364 543
283 416
200 318
216 378
94 195
361 598
254 338
368 481
405 481
242 451
290 382
289 338
100 258
209 469
231 537
416 423
171 193
403 474
20 542
466 593
14 152
72 299
92 525
62 185
10 301
261 485
0 325
184 360
109 294
58 128
44 72
147 412
31 400
161 545
115 210
177 357
52 215
123 364
94 479
226 563
36 202
45 179
61 115
365 439
303 421
32 462
19 154
172 238
24 132
23 350
118 199
285 485
50 152
259 374
292 399
241 270
527 549
288 307
310 456
40 497
24 471
75 100
359 561
64 214
228 287
207 209
461 571
460 474
125 490
324 586
79 484
11 469
141 440
56 330
331 581
408 461
463 530
66 571
7 341
166 499
343 447
153 484
293 414
25 551
144 297
89 108
53 571
38 316
178 281
46 491
289 567
201 548
213 289
40 160
433 494
277 561
107 310
421 472
233 449
271 521
119 252
59 205
135 433
46 249
67 283
92 599
207 582
88 566
307 458
8 528
430 571
362 586
7 303
195 370
227 585
201 295
75 379
38 413
486 564
203 525
339 396
405 534
103 499
37 587
208 531
423 568
120 308
109 306
96 412
454 482
214 470
59 211
411 482
370 422
322 511
307 448
49 225
516 554
174 584
2 387
41 150
386 470
88 92
175 504
424 443
328 414
192 442
284 492
441 579
324 598
240 342
460 554
176 443
0 302
150 406
154 177
343 553
235 421
151 181
35 450
232 418
301 353
483 484
384 451
232 377
190 318
318 585
198 514
70 135
251 565
315 483
99 499
242 384
314 519
180 512
537 588
170 563
145 598
10 77
550 552
98 266
166 408
502 545
103 592
328 379
245 476
19 24
31 235
170 328
173 208
61 492
373 580
47 254
287 515
9 528
114 346
42 194
211 388
15 36
146 391
134 434
190 200
252 341
97 535
305 515
244 513
8 9
233 371
274 479
396 568
473 553
247 424
395 440
367 566
22 214
55 122
400 569
106 277
432 506
495 512
261 564
20 242
212 303
236 334
242 282
66 430
223 314
304 495
188 597
85 451
279 481
405 467
348 356
314 524
25 422
440 459
200 490
20 384
115 539
97 137
204 320
32 111
55 85
311 366
24 339
4 438
444 540
146 500
367 499
453 569
46 452
150 433
69 107
138 178
406 496
161 502
60 484
117 412
389 501
10 293
316 573
450 485
6 443
390 438
358 550
47 202
321 434
430 558
4 111
81 422
304 548
342 361
89 565
36 62
271 438
262 586
204 322
174 535
89 498
59 126
82 279
109 387
375 414
155 392
38 477
418 584
145 447
78 129
32 194
267 421
322 531
80 369
211 345
38 366
157 579
41 406
342 480
387 588
73 369
293 336
43 510
497 526
133 139
419 534
358 425
296 468
147 264
300 534
335 391
296 493
77 553
277 337
235 453
136 185
153 483
236 442
82 405
36 364
252 468
239 391
139 435
11 167
146 232
475 544
37 153
114 372
420 516
463 583
13 333
101 506
50 542
225 530
196 299
241 508
3 164
17 326
36 354
151 424
143 234
186 526
98 440
11 209
373 500
201 528
455 520
69 310
267 498
1 342
57 192
303 472
195 463
431 436
205 308
363 527
366 540
153 541
16 463
2 30
7 252
276 579
314 386
156 583
196 386
59 540
86 151
174 323
123 160
131 507
326 330
393 466
265 280
198 372
362 553
3 316
125 407
76 467
51 55
76 508
483 488
236 333
162 210
259 595
262 362
568 596
80 247
321 366
440 476
524 562
110 159
445 574
368 384
58 549
118 557
261 285
186 389
216 250
51 282
190 365
32 245
131 155
94 410
53 327
523 589
329 370
260 487
250 445
352 386
151 478
262 414
340 471
120 234
173 382
12 399
361 480
223 419
215 572
163 237
72 465
178 560
55 496
158 490
24 105
57 257
183 283
177 568
61 162
258 289
73 383
7 272
57 284
59 345
164 311
33 436
50 65
101 264
346 449
92 203
64 448
371 516
139 277
386 465
175 438
76 241
27 244
116 280
74 401
30 450
110 284
45 257
84 582
144 450
70 282
535 573
79 315
170 475
199 535
2 588
171 509
200 365
8 256
38 164
222 399
274 292
49 425
143 457
183 412
91 441
408 566
263 292
228 305
158 427
36 546
14 149
75 258
113 287
128 148
379 544
193 479
51 451
186 501
95 417
330 579
135 348
8 46
124 309
383 478
108 498
19 177
90 103
537 552
39 242
291 448
19 339
541 578
231 358
86 424
48 503
165 301
53 219
324 553
107 141
200 427
511 531
99 187
62 546
140 274
111 390
131 392
356 496
31 453
21 262
4 28
346 596
21 75
258 567
89 512
2 18
183 346
392 457
349 507
217 276
33 431
42 493
158 227
114 449
9 217
14 50
115 208
189 534
99 409
166 187
226 576
50 371
472 570
319 342
438 521
260 513
315 484
109 551
16 464
171 380
13 492
40 526
468 574
74 313
181 417
178 214
66 536
90 99
118 309
0 204
501 526
270 396
90 428
34 425
98 476
334 527
418 557
489 592
176 181
261 294
24 505
254 391
315 572
344 391
191 196
5 461
32 518
374 595
209 527
206 483
197 394
17 278
176 424
73 291
28 462
563 576
294 486
232 376
288 332
122 496
81 94
50 279
64 182
79 271
83 312
14 542
371 460
84 522
72 182
52 572
50 360
48 261
16 566
333 549
87 496
273 421
392 507
348 496
522 555
326 378
266 476
57 333
30 169
9 163
148 173
147 506
84 192
46 237
206 401
76 365
253 305
131 431
15 213
114 198
521 572
413 540
75 218
83 589
221 580
171 399
112 178
286 476
498 512
408 499
130 574
202 213
223 519
186 342
25 121
248 422
476 564
138 419
551 583
130 341
73 84
71 222
359 474
251 452
104 376
25 109
267 273
21 379
136 455
495 548
148 496
188 407
135 496
298 364
21 324
228 515
288 443
270 360
175 250
172 331
96 397
271 315
119 468
364 459
80 458
176 417
400 453
158 318
295 441
224 292
189 384
240 480
189 560
134 388
73 429
134 321
400 432
297 503
3 38
547 554
126 229
165 308
207 291
52 437
72 288
157 276
339 439
193 380
310 440
378 445
148 290
260 312
7 212
468 493
93 430
47 222
402 461
240 354
444 477
218 324
29 311
249 347
158 524
344 399
223 517
500 580
29 434
155 394
102 237
33 394
274 577
204 511
146 239
283 423
180 466
22 64
10 336
291 369
151 523
316 477
3 535
129 436
4 390
43 493
340 569
376 418
241 339
346 372
340 453
91 579
136 364
279 405
177 339
182 288
36 497
27 312
288 351
323 376
70 348
454 559
19 340
235 267
152 547
180 548
303 570
96 147
115 325
78 555
94 172
317 401
155 589
214 465
164 535
138 189
2 68
16 367
248 370
151 155
218 598
30 485
252 272
116 265
168 194
195 489
71 399
58 61
331 404
204 302
248 583
47 213
426 588
128 208
415 591
435 594
426 583
45 284
8 102
165 244
121 577
199 557
415 538
401 437
262 328
19 505
87 128
25 274
529 564
238 404
118 124
207 448
273 593
122 350
341 574
187 409
380 399
346 412
159 492
9 533
96 117
133 435
115 128
359 460
126 211
136 520
101 230
124 557
108 512
88 461
63 196
221 515
322 539
370 463
214 519
82 184
347 432
114 460
144 503
385 407
61 210
218 567
143 268
133 337
127 320
101 147
500 509
247 443
132 310
255 421
339 568
224 263
410 454
326 445
116 407
206 578
467 534
12 292
437 488
21 218
232 305
151 394
17 212
81 329
255 472
195 367
381 541
275 489
153 578
100 269
152 420
98 364
105 200
363 398
39 162 129 65 235 577 322 96 242 450 172 78 462 108 461 420 83 393 338 569 397 166 185 177 176 306 8 159 271 98 40 144 332 477 441 351 244 216 196 120 269 0 283 397 65 228 386 563 308 547 520 567 167 235 323 207 384 191 60 199 1 570 15 43 171 533 72 32 575 383 212 507 233 439 133 83 592 429 491 93 527 404 248 344 359 362 360 336 583 560 33 113 398 235 581 67 377 50 459 52 583 14 151 92 330 308 435 39 410 20 79 312 347 118 2 402 311 419 349 185 394 147 54 328 65 367 340 173 554 102 111 586 6 587 482 20 456 560 277 553 262 560 26 112 260 208 567 452 26 536 469 595 418 405 464 582 60 414 338 10 11 12 348 21 152 422 358 420 446 532 285 85 169 336 246 13 85 456 381 282 55 283 485 254 554 306 472 193 76 451 531 99 552 286 272 456 97 176 137 123 533 330 376 412 328 569 379 248 382 370 357 567 194 48 156 14 23 364 38 235 503 134 20 166 340 598 162 593 284 5 158 482 362 235 100 449 320 314 78 383 279 166 89 212 84 578 75 260 500 284 564 500 318 3 262 519 72 213 108 535 441 32 16 36 552 180 263 47 255 416 551 573 381 215 171 74 394 302 598 115 528 459 468 85 189 564 71 308 285 595 472 358 546 384 532 328 530 174 335 545 328 415 46 329 103 145 372 87 276 174 172 313 155 107 184 144 582 6 245 285 450 272 433 18 548 272 521 510 214 554 0 552 593 364 330 95 439 3 28 35 303 30 592 70 182 599 152 8 35 276 98 122 302 575 552 477 108 479 41 475 9 127 339 186 452 552 384 32 173 336 255 330 234 542 428 49 38 99 24 407 459 247 375 154 531 152 135 541 125 24 543 80 466 420 392 599 207 545 587 164 357 53 499 449 476 99 560 501 44 102 95 262 511 350 429 511 72 102 199 301 123 341 469 75 333 529 523 365 407 206 222 541 589 387 367 45 304 395 234 9 44 134 309 16 271 448 441 494 127 51 520 346 379 58 353 285 565 403 198 564 304 180 46 343 89 332 469 572 325 454 453 318 247 336 33 233 226 382 112 508 523 503 297 382 255 235 316 460 154 258 331 553 264 354 63 150 215 148 68 95 533 15 141 241 9 216 225 595 86 409 334 590 370 361 313 92 412 481 596 372 224 408 433 11 219 466 137 483 575 237 14 84 461 148 591 229 493 243 552 75 363 580 388 595 45 255 509 394 8 176 494 483 141 116 66 203 558 448 372 338 217 358 126 173 150 147 406 68 371 514 456 392 521 164 426 509 207 9 387 27 190 319 57 292 144 369 127 310 394 233 335 47 39 145 223 138 245 258 67 459
960 79
627 526
304 696
862 913
96 507
120 960
739 604
177 313
106 57
54 37
852 742
774 293
485 818
896 249
600 114
516 662
231 851
119 269
328 662
312 261
604 183
675 737
721 386
740 288
357 322
379 802
23 882
933 656
138 477
948 974
274 660
247 214
229 511
936 482
108 741
178 598
479 618
194 652
887 901
616 137
548 521
808 52
188 441
148 436
662 533
978 320
187 24
495 752
319 606
147 805
558 153
695 165
17 595
74 878
143 202
736 194
9 270
949 345
885 190
952 791
106 615
942 196
471 656
536 407
703 406
525 191
45 956
379 122
282 713
286 377
696 78
540 831
654 507
831 420
24 678
673 772
488 262
782 729
922 422
114 589
794 493
389 837
528 220
917 587
839 360
694 230
812 522
849 178
147 883
192 137
265 997
42 238
142 856
92 970
379 887
810 691
371 55
831 987
358 513
203 979
656 800
321 45
85 26
257 945
635 817
401 382
636 1
280 445
178 159
370 727
946 269
173 497
668 301
665 975
468 63
957 132
403 420
340 88
776 980
146 368
954 758
413 734
781 179
465 571
704 976
490 441
978 731
989 27
878 147
935 374
88 355
948 545
351 360
685 46
993 919
755 86
385 647
870 982
657 339
662 23
424 797
302 468
199 565
958 637
275 583
657 621
590 851
316 100
803 110
631 89
781 28
841 536
591 85
154 661
321 228
887 564
316 751
25 187
497 378
968 244
488 531
271 4
983 213
29 19
830 959
934 739
169 940
716 304
210 421
256 730
743 799
468 920
350 939
853 128
728 904
52 455
783 581
354 226
694 328
994 378
114 148
838 596
675 463
418 155
498 224
446 621
579 563
164 980
437 474
652 251
447 316
511 490
910 365
441 892
215 458
311 863
580 455
918 457
427 32
761 929
422 361
57 116
495 701
119 811
957 41
904 793
110 701
775 360
902 128
786 321
967 173
987 803
160 268
531 684
683 368
18 531
28 344
24 116
652 696
20 942
298 144
572 986
512 803
597 357
467 781
207 798
804 877
504 341
627 960
989 703
321 14
193 739
618 896
472 155
957 681
222 225
859 325
107 11
323 951
611 835
580 640
428 271
639 169
379 405
924 688
249 539
561 714
780 520
304 797
242 27
48 398
187 94
182 356
643 913
556 751
217 282
149 43
964 386
622 759
696 579
864 634
320 634
706 725
460 740
355 25
379 455
380 566
167 214
921 630
674 835
458 203
107 555
218 340
144 228
424 840
335 906
12 143
585 19
94 248
555 222
410 451
722 356
651 136
392 150
931 309
286 611
287 535
612 993
723 492
595 688
844 43
789 420
447 825
804 761
356 693
62 146
220 375
228 555
399 487
609 457
582 327
899 734
987 89
223 311
120 86
609 938
443 717
758 474
899 762
726 1000
320 423
906 928
898 657
69 663
583 389
81 586
824 859
70 707
487 315
550 587
967 6
975 951
929 66
715 873
686 664
991 150
67 305
83 816
728 762
346 847
38 275
392 976
730 465
900 298
849 296
612 796
839 788
627 58
593 749
360 257
279 287
158 341
609 561
719 638
520 854
958 830
439 126
244 62
704 123
991 495
765 255
722 530
564 425
877 776
507 628
135 296
734 108
359 186
178 770
518 34
490 181
615 606
755 710
842 226
413 563
416 299
939 920
230 887
593 218
792 465
316 826
522 127
420 85
509 930
692 516
779 798
669 867
634 857
18 319
703 752
454 867
213 695
879 55
858 430
634 197
458 419
603 423
333 727
985 866
600 530
139 534
585 800
969 582
88 212
895 523
353 445
408 244
391 28
797 218
484 860
274 179
28 718
126 907
482 1
324 987
551 253
787 85
444 443
193 911
233 998
390 940
513 990
393 73
906 855
761 745
43 865
322 172
782 625
678 913
614 315
546 93
198 244
340 809
401 190
807 553
129 770
262 777
464 364
299 963
799 376
62 980
964 511
253 120
755 19
996 995
690 20
984 448
6 638
73 493
374 289
354 479
64 189
893 336
750 553
876 814
52 365
865 17
683 609
759 441
470 96
228 645
670 214
198 60
256 239
454 972
385 696
350 407
986 603
761 500
388 511
494 55
150 922
183 467
277 809
256 862
643 430
83 162
513 277
170 386
758 331
655 404
329 327
249 280
747 629
518 1
715 837
313 508
848 822
821 465
413 895
614 635
628 236
485 951
110 662
123 638
302 660
370 620
830 641
50 633
298 913
484 405
234 2
948 224
174 415
737 63
164 114
781 140
519 551
185 194
227 933
550 910
574 510
263 44
313 563
11 458
320 295
281 92
987 562
460 248
505 878
88 439
926 33
143 142
853 702
413 0
594 967
513 82
632 347
233 485
609 389
412 668
50 536
867 374
861 563
542 368
114 841
545 559
813 291
50 85
319 535
238 817
878 92
936 884
25 46
585 296
803 909
0 982
218 728
9 858
944 105
946 855
187 681
577 185
425 603
693 796
293 26
465 700
604 39
90 117
862 251
131 723
360 765
167 740
744 674
538 53
889 395
654 106
717 953
34 988
416 954
731 251
551 8
528 302
791 833
343 561
215 113
194 883
622 705
375 207
294 218
247 329
77 931
51 587
833 898
113 392
97 765
766 865
417 771
166 697
0 226
548 949
357 983
814 343
293 771
708 928
531 330
705 684
161 623
281 745
881 596
229 674
24 813
285 940
114 190
729 4
648 576
437 177
493 471
663 648
192 834
