600 1346 600 1028 17
109 322
253 369
145 555
203 413
117 246
39 580
218 578
217 345
209 367
297 511
55 385
19 156
130 470
542 553
118 555
333 563
163 515
305 533
120 269
19 593
61 353
71 533
272 519
321 513
319 546
84 364
233 285
369 416
179 444
452 466
43 513
196 220
189 562
33 244
51 316
31 500
503 561
247 541
38 558
219 272
483 503
127 366
224 404
103 595
10 383
20 549
217 489
23 560
45 293
39 181
138 285
322 366
215 405
415 504
149 377
7 238
459 586
81 432
13 312
126 316
107 110
549 574
196 270
402 429
54 376
451 473
78 81
31 211
418 520
20 145
0 369
445 489
275 453
353 448
230 388
320 390
327 416
388 409
50 263
446 561
190 523
312 367
169 450
36 395
249 583
22 90
77 418
219 437
220 401
38 418
107 275
83 301
260 389
67 143
351 566
90 486
150 389
161 173
214 341
126 410
258 383
62 568
56 473
372 414
72 203
133 200
440 563
121 279
20 142
90 506
200 307
293 351
290 484
159 173
88 549
253 374
42 529
85 485
44 225
180 294
380 550
337 376
224 592
53 189
247 361
320 388
271 586
12 40
278 299
158 343
132 266
347 578
333 440
216 251
292 599
194 235
241 583
22 486
30 335
354 400
173 475
94 574
175 279
303 383
22 291
423 522
84 538
7 570
474 597
340 504
51 85
428 436
111 496
142 301
306 357
75 474
257 467
345 528
476 488
309 489
63 295
92 417
63 378
144 169
240 562
42 372
148 515
23 85
483 561
570 579
23 363
159 424
317 561
161 363
71 453
123 245
75 572
197 553
116 346
143 356
150 189
508 512
216 353
67 356
54 416
57 261
115 599
335 336
237 515
469 528
58 460
84 531
91 245
63 554
177 501
21 498
276 415
317 478
227 578
188 511
20 394
16 524
130 359
133 185
11 418
225 384
311 378
16 116
33 594
99 419
55 170
51 555
540 585
17 141
12 260
103 335
123 469
110 413
100 301
75 405
241 395
319 578
143 257
133 522
108 464
306 309
328 371
33 568
254 462
104 440
155 499
55 182
103 190
267 331
239 473
332 460
44 119
53 178
4 138
350 355
26 57
125 424
190 313
2 525
183 252
164 406
197 535
145 549
354 428
367 450
114 249
73 124
273 502
8 361
344 542
100 142
153 305
125 188
137 222
376 518
266 448
35 336
326 565
403 482
90 291
387 420
286 345
272 415
121 565
264 439
320 569
380 492
347 563
235 480
76 511
208 328
272 422
13 431
302 366
192 443
402 515
306 471
121 553
17 558
286 309
196 372
53 400
299 487
11 485
220 492
175 545
131 456
83 308
412 476
157 343
15 61
219 415
435 566
55 416
313 416
174 468
65 461
228 387
343 494
343 479
343 422
174 532
56 392
178 348
33 274
52 186
564 571
60 387
83 100
261 507
155 221
287 596
21 391
67 225
350 477
264 495
204 309
106 476
5 197
225 356
290 386
137 276
439 495
405 474
434 585
205 336
329 363
67 342
206 454
214 532
249 319
46 80
248 479
94 549
237 256
150 426
73 199
171 435
171 360
186 499
268 571
26 111
15 27
143 226
304 397
179 324
266 371
28 126
175 326
260 307
92 497
42 550
96 477
535 553
103 491
12 200
218 347
116 374
94 181
232 236
334 418
117 424
340 526
198 234
31 32
10 483
68 328
157 447
82 521
58 332
328 354
15 148
290 425
343 524
57 535
83 323
312 505
432 590
331 545
280 585
288 364
235 593
481 594
144 450
239 451
113 195
220 380
232 537
191 426
73 387
116 479
330 425
146 246
467 479
194 301
447 494
56 239
382 446
142 425
112 251
140 265
130 505
149 442
279 344
337 387
146 424
170 182
195 217
306 493
413 550
2 72
422 494
295 547
368 492
24 482
329 388
27 212
37 76
154 484
355 477
545 547
359 527
393 412
26 517
74 532
89 103
396 482
312 580
113 469
461 593
7 152
181 407
275 529
184 251
353 575
93 501
369 374
42 107
6 117
170 466
369 420
71 275
70 290
107 413
239 282
224 437
70 454
64 459
313 567
161 329
204 471
159 398
227 319
114 183
71 529
446 520
249 546
351 388
230 409
148 237
178 436
372 582
222 531
26 370
311 579
349 465
447 538
35 590
89 205
359 450
160 387
347 487
105 580
9 52
14 537
134 210
50 85
336 508
387 408
304 410
171 566
321 431
364 410
83 596
182 241
63 128
137 531
30 187
187 335
255 292
141 435
141 446
124 554
121 457
279 565
283 589
407 470
509 532
69 188
44 287
300 472
364 447
140 526
107 550
147 492
214 431
54 337
373 396
27 509
471 582
202 339
116 369
92 201
558 566
372 529
235 461
47 82
102 120
153 372
11 126
53 348
312 588
71 562
28 316
27 427
74 366
256 460
156 480
268 581
130 472
294 562
2 405
414 471
144 361
528 551
242 469
495 555
132 525
89 491
327 376
510 592
119 544
221 590
60 311
32 365
230 534
101 487
318 589
147 252
517 559
158 458
239 392
326 457
382 531
56 86
23 108
59 404
8 541
157 356
204 489
15 163
61 448
259 486
81 497
8 556
58 429
391 598
123 528
109 127
210 283
133 136
282 295
428 597
17 446
288 397
207 331
25 411
126 304
283 491
198 374
66 391
48 449
241 433
41 235
297 459
65 262
257 466
0 234
7 228
47 269
4 325
272 524
72 284
1 545
376 573
148 256
283 557
54 243
56 238
36 385
363 490
87 224
264 323
193 391
218 543
231 528
130 407
438 528
152 228
213 353
76 188
104 465
110 453
329 409
108 363
399 511
77 446
87 415
136 200
93 284
104 543
343 458
149 259
77 382
249 584
127 532
195 278
134 375
150 294
243 337
269 521
173 406
351 390
242 598
65 593
98 442
56 289
283 376
277 439
304 334
112 250
94 407
271 488
46 526
268 302
491 573
90 403
84 397
26 553
25 254
71 180
67 384
88 142
393 476
97 134
165 309
276 478
201 590
358 368
150 562
121 344
281 516
245 528
434 552
33 62
342 384
2 216
437 519
115 339
312 470
59 267
145 394
179 429
56 570
450 527
308 502
326 517
299 445
177 484
277 394
370 559
424 537
283 518
121 517
183 568
38 566
76 125
154 177
300 527
287 384
51 118
215 597
362 539
60 73
282 547
409 585
103 327
178 453
72 75
144 355
358 454
249 433
396 497
207 547
395 578
137 415
205 512
310 349
74 127
425 462
95 291
70 386
362 463
271 459
242 391
168 325
337 420
97 283
261 496
543 567
50 167
67 379
171 569
202 270
126 334
203 368
34 351
307 522
246 247
16 510
106 393
177 454
383 456
29 561
141 561
211 580
14 173
360 561
234 369
296 471
62 274
119 410
370 463
318 587
216 449
110 436
93 112
238 375
60 570
346 408
241 466
223 349
105 500
405 525
115 270
69 281
465 543
110 275
510 524
84 222
236 247
324 429
451 547
278 530
64 297
413 436
572 597
115 299
139 238
19 433
159 393
21 66
38 520
468 509
131 463
66 498
73 408
195 231
463 576
153 582
169 564
39 470
165 286
180 533
410 544
38 263
407 574
293 560
430 500
220 252
114 292
211 513
174 509
453 562
324 402
378 392
132 575
39 500
49 541
114 202
182 385
19 65
315 439
73 554
29 569
304 418
436 597
164 464
18 421
30 349
269 464
154 501
182 395
103 573
191 325
196 414
338 452
290 462
101 578
282 451
114 252
172 386
341 532
70 177
155 577
24 403
234 416
62 584
480 593
192 440
359 505
257 452
212 256
128 331
47 51
362 370
291 506
272 437
478 503
16 479
109 581
519 524
447 458
279 451
74 209
151 176
265 326
329 351
200 591
309 471
20 88
199 592
266 402
213 575
315 394
13 513
118 574
329 434
430 441
10 352
4 285
22 598
42 196
55 234
359 367
188 297
293 566
128 554
184 216
133 423
27 148
18 516
209 588
181 500
121 326
482 506
81 176
47 118
187 523
175 451
559 576
16 346
399 476
18 477
236 541
197 542
458 494
25 484
393 552
295 378
8 144
431 513
347 440
324 371
227 487
254 290
129 267
4 168
144 556
217 445
298 572
234 253
22 391
207 545
95 469
291 598
346 420
80 526
223 465
194 481
34 45
12 307
198 253
360 569
210 587
232 541
138 493
317 446
4 153
59 87
367 588
54 327
367 564
202 599
346 387
79 493
21 563
175 565
189 389
302 322
48 284
11 263
53 562
352 383
113 438
399 412
33 70
263 485
139 587
422 524
168 191
24 486
136 444
224 267
83 342
131 140
35 122
262 461
146 188
140 559
68 200
96 571
222 272
341 509
165 306
12 400
179 332
87 504
91 551
194 502
274 481
153 493
25 290
46 415
202 252
255 319
117 146
16 408
147 568
32 154
178 428
223 567
41 480
495 544
226 479
444 591
168 233
30 223
145 574
13 209
152 238
68 324
16 343
345 551
78 151
287 544
6 236
446 478
42 220
132 328
140 517
2 75
98 577
1 326
163 448
1 267
122 336
141 171
127 322
328 405
135 455
507 535
15 341
163 266
103 205
258 539
192 563
374 466
23 464
120 173
136 185
88 462
23 45
51 464
215 428
381 590
280 409
35 335
86 473
140 340
58 179
26 121
101 227
131 526
159 475
31 365
30 186
93 250
3 301
159 552
295 392
411 441
422 538
66 113
487 599
450 556
274 548
161 406
40 400
114 599
229 499
149 155
407 472
389 400
138 165
190 327
129 265
226 257
45 351
568 584
19 241
106 552
28 555
43 365
284 501
69 297
80 456
306 582
227 255
100 323
387 518
48 72
129 504
263 566
348 428
171 320
84 382
7 56
24 151
320 534
231 438
100 315
81 92
37 399
355 361
221 377
31 105
95 598
127 468
102 300
267 404
155 186
204 296
299 347
470 505
254 411
385 567
209 302
149 486
58 402
237 460
244 454
365 513
87 219
341 536
92 432
459 511
377 432
164 490
108 164
494 538
195 530
58 237
181 441
67 452
172 194
103 376
248 356
231 345
8 247
156 452
339 599
6 232
132 405
17 520
43 184
172 301
73 128
98 443
144 571
374 479
383 455
4 79
1 331
186 335
335 499
144 564
50 566
102 232
205 508
52 192
317 503
29 514
225 410
85 316
167 566
20 315
135 383
99 134
72 358
129 340
169 367
96 268
104 347
274 461
126 418
47 574
329 552
148 212
391 442
131 559
19 466
271 476
271 511
19 480
170 234
153 529
292 546
192 442
31 411
109 268
41 502
165 233
310 440
273 379
132 213
25 154
252 568
185 444
258 456
260 522
197 507
149 193
382 418
519 592
273 308
294 325
42 275
186 310
27 341
470 580
378 579
454 501
97 210
57 553
49 300
141 360
68 354
52 440
324 444
403 506
59 504
145 439
320 351
288 410
0 253
161 490
456 463
264 596
143 452
474 572
27 256
266 515
413 572
266 353
85 464
436 572
44 410
82 269
264 287
200 324
289 375
97 491
115 487
157 225
228 518
316 555
481 548
52 310
200 522
43 251
394 439
157 158
63 311
69 516
213 525
357 582
74 214
89 419
358 492
45 363
209 366
251 365
427 468
46 303
142 330
36 543
34 363
78 377
228 589
61 536
211 312
287 342
266 575
201 381
557 589
326 545
199 510
374 467
78 259
49 102
103 187
223 313
111 370
162 482
111 362
3 290
52 443
62 461
112 216
283 587
18 246
434 540
239 295
358 501
176 497
472 527
367 505
28 495
81 151
85 560
36 578
142 462
441 462
50 560
469 598
156 466
274 594
153 357
268 564
21 192
406 490
262 584
62 262
155 377
498 563
168 285
3 425
26 559
77 520
166 550
245 551
350 571
198 466
84 288
314 549
194 386
342 596
221 229
203 298
378 570
32 411
99 491
9 186
217 231
87 404
112 284
392 570
382 397
233 551
161 398
248 343
181 549
167 560
301 330
419 512
63 547
1 265
352 478
417 432
455 478
44 384
139 375
206 568
464 521
60 124
319 395
4 180
115 296
149 577
267 592
116 420
2 48
379 452
336 590
129 140
3 172
139 318
70 481
388 534
252 401
241 185 80 354 318 3 42 307 21 156 366 463 48 403 206 362 77 589 586 144 11 567 184 9 363 350 191 425 548 184 367 20 427 304 356 591 279 222 556 78 567 55 481 537 118 539 577 266 67 544 465 58 142 208 291 502 587 494 301 294 332 563 574 217 504 258 311 594 599 406 289 153 406 356 490 442 369 20 202 424 146 395 45 150 309 72 239 493 563 395 36 277 196 167 34 63 189 111 422 469 98 248 529 536 427 95 487 117 74 162 285 334 165 594 505 340 184 10 596 206 379 103 219 113 97 424 79 147 193 348 568 397 577 550 593 183 287 461 509 225 349 64 557 395 146 401 594 226 525 77 250 229 470 309 42 272 280 86 418 332 231 482 318 259 371 326 381 87 52 591 532 340 279 11 169 525 559 526 9 15 348 284 114 352 451 500 512 284 486 591 188 288 369 264 95 373 478 404 218 299 465 245 358 262 371 263 413 385 158 401 241 444 281 220 90 332 67 489 552 531 35 421 11 578 403 382 529 305 145 300 134 130 317 373 327 439 475 493 247 528 216 413 203 84 105 3 180 343 224 293 360 226 251 190 424 414 63 373 301 223 263 253 105 75 123 385 139 568 68 528 352 383 250 7 288 91 485 438 584 177 380 416 86 118 136 161 323 294 584 136 512 20 17 113 290 103 258 237 197 344 183 368 440 226 265 576 73 2 204 516 497 437 547 22 182 597 456 26 47 531 112 9 586 227 596 158 187 293 347 27 407 460 376 583 535 318 175 229 161 117 412 498 449 394 135 584 131 313 409 22 284 121 477 510 581 88 167 279 70 543 169 187 164 562 381 180 507 47 41 212 113 365 237 440 405 211 167 33 475 513 354 420 90 430 411 237 249 342 526 198 337 220 351 264 110 586 34 295 274 430 70 305 407 330 449 456 373 507 493 496 19 121 193 401 267 104 544 76 144 68 538 259 515 77 225 311 437 160 225 271 385 108 519 54 145 22 171 219 184 543 156 64 38 35 533 451 42 577 109 1 299 177 294 536 181 178 317 111 206 594 237 73 139 61 367 397 229 158 182 513 143 450 337 579 198 16 377 439 47 512 195 16 114 260 174 1 456 494 394 277 23 165 188 196 324 6 83 7 188 87 153 89 577 285 302 344 197 51 353 509 186 184 191 143 146 539 86 248 327 583 370 363 151 491 61 350 26 487 528 225 213 538 51 178 546 317 164 128 122 504 275 461 174 44 478 321 104 66 476 477 260 259 280 309 285 401 487 287 533 338 19 556 334 362 32 158 513 300 91 384 204 459 343 413 247 429 549 535 206 530 181 75 543 572 592 466 125 79 282 65 433 267 343 194 199 216 403 412 463 181
289 485
160 788
797 269
614 506
600 47
30 946
884 788
89 613
885 676
205 236
400 972
555 803
862 70
836 491
850 835
924 348
286 619
514 881
990 729
420 434
601 584
283 151
151 58
668 835
86 76
670 450
114 896
959 355
602 730
482 997
182 330
787 479
715 438
602 344
700 888
115 264
330 348
888 917
543 852
774 572
836 34
492 512
629 186
811 431
469 701
662 890
273 890
724 654
762 299
824 726
614 802
665 715
247 249
773 88
177 456
296 413
46 640
87 926
961 187
231 822
150 619
855 302
566 361
140 709
990 995
477 397
263 100
437 606
888 87
979 856
622 413
661 96
734 289
226 640
916 482
749 242
923 908
480 821
104 134
571 52
249 951
61 149
727 694
498 591
395 777
656 780
5 650
267 805
647 575
28 356
111 35
450 27
28 195
740 370
729 603
243 1
986 588
66 442
212 155
17 423
546 586
375 283
815 769
109 364
318 268
781 530
788 955
672 194
694 820
992 518
719 150
123 954
772 372
292 74
498 299
440 260
257 555
914 801
678 671
526 710
776 757
90 850
86 266
333 9
188 633
898 862
542 765
982 473
177 691
203 841
816 625
208 925
839 214
949 35
12 473
334 916
974 68
348 838
533 56
27 503
204 894
508 910
598 555
402 565
925 629
649 650
947 818
577 286
946 276
174 144
706 4
79 115
103 543
574 121
686 398
166 210
434 492
405 667
367 651
832 862
150 541
772 879
11 30
902 300
730 777
499 72
613 228
612 837
557 1
908 595
328 441
569 954
571 487
797 801
962 451
50 788
40 80
661 381
744 120
999 151
647 51
729 567
361 414
520 325
818 395
986 31
186 280
151 326
945 867
750 28
179 388
610 4
262 210
178 91
527 474
341 111
569 213
35 901
347 463
238 691
916 53
9 235
517 253
698 249
461 174
61 314
644 300
127 745
875 187
875 491
41 463
813 532
973 306
845 246
878 437
819 150
821 349
408 121
322 297
304 801
592 259
110 209
360 771
229 354
252 736
431 685
344 566
397 311
133 571
138 227
701 964
338 80
859 765
491 11
283 450
488 440
922 768
970 235
55 569
31 692
690 64
386 385
246 59
229 446
628 326
405 18
959 756
892 708
360 598
466 359
711 373
774 412
529 281
323 487
697 479
429 307
987 280
385 537
299 994
135 118
864 5
60 981
499 364
569 831
550 666
186 811
907 219
201 762
965 567
734 727
503 223
893 981
313 753
466 571
553 403
677 131
314 868
593 644
371 184
8 828
720 987
966 788
34 741
106 444
736 328
530 26
439 76
518 681
445 744
5 581
638 462
164 21
469 313
610 889
702 33
69 726
452 208
970 927
712 213
410 206
789 701
542 537
935 545
283 938
465 774
601 103
508 124
890 28
506 561
445 118
246 293
140 650
840 549
198 410
682 576
569 622
623 756
429 913
57 531
411 341
621 974
854 420
952 512
531 634
931 120
638 13
116 802
158 412
862 158
718 914
574 536
157 750
999 190
306 211
501 776
110 311
44 271
187 495
384 501
479 242
242 864
901 398
472 610
335 629
65 867
398 77
228 581
349 250
801 98
239 323
960 641
637 907
371 940
844 275
845 109
960 690
401 623
544 131
683 311
846 626
492 949
929 700
155 986
694 852
412 749
753 437
915 517
877 569
683 280
249 486
139 920
891 145
581 168
8 108
320 522
15 550
143 439
133 164
111 702
466 542
658 255
11 267
438 828
335 986
459 648
333 396
593 455
173 575
668 951
790 11
593 932
217 108
74 688
827 946
607 617
352 368
7 61
436 792
807 892
877 945
806 51
546 254
936 202
84 17
229 787
813 201
758 798
762 612
251 605
744 969
488 733
730 474
856 892
711 181
548 183
305 837
229 412
56 219
514 802
7 378
242 529
949 722
322 682
981 2
895 832
643 502
676 6
999 383
785 129
952 149
748 503
858 463
90 175
448 399
752 935
540 928
752 152
273 776
310 50
586 682
275 239
722 519
247 142
237 188
997 99
400 165
460 876
370 711
884 277
794 324
878 611
8 761
425 535
711 111
659 350
336 954
264 979
136 833
373 682
958 975
1000 249
508 394
670 530
201 967
700 760
270 319
382 468
317 553
965 415
282 24
811 595
500 179
762 647
2 705
774 201
795 850
864 972
993 651
385 898
292 578
484 478
565 441
48 20
445 989
663 421
588 784
131 84
411 278
839 1000
430 148
728 824
58 397
617 277
550 83
339 706
574 717
97 1000
21 138
310 116
163 254
754 542
702 334
525 513
434 960
262 843
841 587
127 5
4 968
14 298
936 395
277 658
909 938
6 334
816 460
535 1000
934 249
996 788
161 851
159 510
275 714
503 842
703 722
941 1
144 363
293 685
815 232
240 902
814 662
362 19
602 143
348 148
389 815
913 425
629 78
667 987
56 932
872 332
839 799
336 735
222 998
791 989
874 737
21 854
295 349
568 746
106 773
447 334
77 759
536 436
666 609
644 217
426 46
787 920
72 896
201 662
620 682
887 640
122 486
551 892
172 906
642 812
465 960
723 65
316 175
939 585
76 819
573 871
268 386
603 309
538 971
89 658
959 607
739 202
112 411
691 632
876 234
175 937
208 184
361 310
115 673
803 565
992 548
515 153
421 374
533 353
754 999
928 983
64 495
872 533
92 510
82 236
943 86
225 718
459 450
607 384
60 345
508 653
793 164
205 32
475 280
