600 1256 600 1084 13
301 529
16 182
155 163
433 525
6 323
295 450
268 330
139 465
22 431
274 403
260 385
273 403
24 523
43 499
281 333
478 526
163 550
9 443
207 510
372 487
8 161
331 434
149 157
11 573
221 572
120 569
132 168
125 168
75 379
220 241
278 427
208 238
226 368
189 332
437 507
34 487
96 356
508 525
132 135
88 514
435 595
473 525
300 304
27 596
164 289
66 257
210 310
345 572
35 49
149 522
4 70
200 348
178 347
167 545
287 418
81 429
55 178
9 551
120 193
500 542
24 122
5 145
134 151
158 495
263 541
343 463
145 247
393 585
312 444
548 577
219 515
322 452
384 547
22 375
214 427
8 244
34 101
438 462
48 555
2 355
339 476
319 413
42 77
480 505
328 365
18 151
314 407
11 265
122 262
66 438
144 293
148 578
233 468
236 372
134 276
266 324
211 361
281 294
427 475
199 455
450 571
170 385
106 113
184 522
77 575
68 400
54 113
209 285
397 545
250 310
235 246
7 276
401 520
133 308
200 205
173 276
137 244
153 429
252 513
106 331
52 285
201 354
272 331
37 565
60 227
106 363
212 562
121 478
124 302
216 527
103 271
235 338
48 544
376 584
370 474
175 319
162 425
160 589
70 451
16 350
479 548
385 496
104 562
4 311
57 207
342 454
284 428
39 305
211 571
54 525
43 598
8 268
176 311
112 346
107 162
160 363
5 93
36 430
67 75
370 566
31 547
129 219
406 479
89 550
194 259
326 407
152 224
19 430
119 562
237 370
83 255
413 570
98 308
122 363
135 340
55 453
53 537
36 560
143 439
235 344
14 329
404 442
399 400
62 416
220 390
71 298
374 476
18 153
119 539
204 556
380 460
333 530
242 434
260 456
144 406
227 439
255 314
144 417
121 526
263 575
44 450
208 376
271 508
219 415
186 451
226 399
345 562
251 315
300 566
33 56
315 580
123 217
311 524
118 315
25 289
269 427
17 75
43 156
30 436
41 423
263 458
213 459
161 561
210 424
240 503
52 483
490 542
351 556
296 564
44 423
523 589
231 592
72 599
79 179
135 451
484 511
108 497
63 170
536 543
298 335
92 438
184 191
282 391
438 486
2 300
251 515
288 592
375 503
33 292
39 368
64 233
447 481
116 236
474 496
265 488
140 341
231 288
351 534
213 559
52 409
260 591
110 565
313 437
163 479
195 287
85 296
395 590
99 533
27 540
99 199
290 510
321 593
146 571
154 163
125 447
69 582
84 127
241 534
185 189
240 375
464 551
277 584
250 271
362 577
360 469
42 263
101 124
367 428
289 594
515 576
1 222
4 520
5 6
308 411
96 326
235 312
53 414
9 85
154 405
69 498
162 271
14 84
188 276
222 294
189 573
123 168
186 401
263 267
44 261
262 363
92 453
563 588
200 579
100 547
80 493
99 253
126 542
96 457
95 285
287 428
322 581
136 582
505 526
382 436
37 500
4 337
224 473
87 544
102 452
200 384
351 567
98 411
243 402
194 325
10 413
316 458
244 561
102 239
86 134
30 176
266 325
475 580
196 574
40 545
161 182
401 451
179 484
334 464
34 109
158 549
204 241
49 68
158 312
237 591
26 491
59 378
236 487
138 519
245 535
36 145
94 174
95 193
74 529
305 399
271 310
46 108
354 515
3 439
130 391
363 589
493 519
400 599
23 389
257 308
63 300
61 150
255 367
9 464
51 325
340 401
75 169
155 479
124 555
63 566
15 184
109 124
43 164
441 574
540 554
248 380
87 425
166 299
152 468
167 216
169 382
466 509
448 585
563 591
73 206
147 550
238 376
260 446
191 516
41 358
254 273
270 523
40 397
377 529
236 317
165 476
273 335
185 573
304 305
138 285
57 387
107 425
78 311
269 475
482 536
404 471
90 547
445 532
61 144
359 384
145 560
212 583
110 225
457 480
56 360
84 114
12 373
179 511
59 310
172 474
333 379
209 472
482 557
172 237
458 464
50 559
340 520
80 303
91 234
361 488
22 114
396 456
82 124
224 468
85 232
67 152
536 557
4 358
333 382
42 455
282 523
91 572
432 435
407 518
94 270
85 551
18 81
284 418
65 571
166 417
283 416
92 462
24 589
232 560
144 150
248 296
118 537
28 195
177 275
8 137
376 393
352 356
208 249
190 286
147 154
6 412
217 279
62 349
196 298
226 291
248 443
196 314
15 158
44 135
206 385
356 587
368 452
127 503
112 592
519 557
448 586
293 509
1 282
189 354
267 575
192 302
358 423
19 274
34 259
80 306
8 465
170 206
198 427
170 300
96 478
341 499
39 377
180 297
116 241
282 386
144 509
521 586
258 300
269 580
62 460
232 334
381 535
12 171
267 560
191 387
482 543
259 487
238 504
141 459
6 180
231 399
22 327
64 425
52 590
394 529
497 502
455 596
20 26
461 503
50 424
267 458
122 331
135 481
148 326
246 444
141 242
521 585
223 229
350 583
5 247
209 306
112 558
206 275
176 353
487 594
91 544
3 11
319 570
527 584
329 461
233 425
8 343
63 474
25 156
423 567
314 574
2 305
307 480
101 192
115 396
453 546
146 211
572 599
61 546
426 526
281 379
207 552
303 536
13 52
153 445
304 377
402 538
71 284
252 528
103 162
305 368
320 436
365 371
68 572
441 578
473 508
371 455
215 321
475 553
166 485
49 572
69 516
521 590
155 344
106 160
558 592
29 537
298 367
13 279
110 514
192 594
250 539
65 116
143 528
154 550
26 190
240 431
364 424
221 555
439 573
432 595
15 389
316 541
81 153
315 515
25 594
471 482
326 578
474 566
66 486
288 355
16 59
217 419
201 315
201 332
354 529
230 336
346 403
9 313
488 489
402 531
10 95
31 111
135 261
90 200
72 212
28 330
87 250
133 549
241 317
200 359
501 535
215 419
175 521
21 565
174 336
261 295
307 533
388 572
29 513
13 593
372 489
496 591
105 157
199 371
86 276
109 555
291 368
31 494
305 309
387 516
171 373
303 493
105 149
217 218
193 569
210 525
11 227
232 551
84 329
19 165
216 383
185 513
54 179
267 464
230 270
387 444
293 563
185 332
279 492
161 465
53 553
17 473
315 332
38 86
446 476
175 569
164 452
196 367
132 261
412 478
99 328
186 340
135 423
194 266
27 554
0 413
113 364
30 110
323 441
63 597
295 571
222 391
324 555
46 497
7 537
27 469
8 463
457 535
71 449
81 229
207 582
432 500
59 128
238 448
204 220
277 521
118 580
223 357
88 169
10 120
408 565
20 245
241 556
423 556
256 424
9 296
1 386
341 372
34 555
422 454
184 398
154 235
151 532
165 430
283 517
511 525
155 235
0 471
198 553
31 223
77 97
221 388
43 239
424 559
171 454
218 419
527 570
332 513
273 274
245 352
191 398
30 353
282 589
165 232
73 165
178 479
357 477
490 500
502 588
512 552
362 548
30 565
76 415
49 226
117 278
68 399
418 583
16 28
270 282
142 383
147 512
249 504
349 462
380 416
23 191
395 521
224 233
71 273
189 201
150 406
0 10
98 577
38 188
306 472
124 322
457 587
384 494
348 366
57 246
480 501
9 280
173 510
4 556
329 503
212 418
120 413
361 373
263 316
38 470
146 303
312 495
0 167
318 397
181 275
89 117
89 406
30 187
46 502
499 573
218 321
448 504
52 209
20 190
348 579
347 577
99 307
419 504
195 330
55 61
328 533
335 574
21 311
460 462
33 180
429 528
85 339
29 429
502 564
562 583
168 483
124 221
339 396
123 492
175 413
137 268
181 288
57 147
0 216
238 393
114 467
303 422
19 323
59 213
22 149
86 470
72 400
291 581
46 380
24 270
408 468
95 421
294 484
30 88
255 420
238 249
40 442
100 477
35 82
233 473
115 564
333 436
245 381
23 184
18 445
420 428
104 119
122 506
103 425
7 290
483 492
469 554
25 164
61 108
3 573
237 417
298 428
169 408
187 382
265 361
308 453
342 442
125 132
290 414
243 330
297 412
207 512
45 438
301 598
116 489
297 360
136 173
79 282
108 380
219 529
133 257
16 195
83 531
144 166
172 370
375 431
404 545
402 420
51 64
267 334
233 432
385 597
140 372
156 499
215 504
169 530
460 507
38 579
261 450
233 595
259 542
162 508
152 169
28 182
478 554
97 455
237 509
66 84
168 492
52 193
231 254
126 390
369 385
25 140
168 447
156 341
182 561
15 522
277 393
309 399
31 100
117 427
228 516
101 109
66 133
138 557
13 217
259 324
302 322
54 210
157 158
121 480
537 580
294 391
248 437
132 483
89 485
36 232
49 221
321 419
339 456
218 593
159 330
3 227
60 373
441 518
219 278
64 325
246 312
258 394
175 395
47 460
177 403
11 341
91 345
294 379
258 415
319 521
299 417
214 278
35 322
289 302
307 381
237 563
61 293
40 429
213 256
342 543
176 565
141 343
142 527
427 550
304 394
83 286
78 176
336 386
60 197
285 557
134 532
80 519
184 327
413 527
33 77
169 379
126 487
344 577
280 464
144 466
155 548
276 510
147 414
106 364
388 544
392 598
32 516
88 110
247 323
131 168
142 584
194 435
57 69
203 436
86 188
296 339
40 81
193 421
96 314
73 275
6 578
65 351
495 549
128 465
163 405
107 473
70 358
345 599
294 511
169 514
61 497
135 186
2 288
121 505
196 335
295 472
493 557
26 330
93 247
195 350
72 284
232 267
239 301
23 312
57 338
495 577
21 490
198 550
192 289
81 318
311 353
243 538
13 590
380 507
375 467
264 485
283 349
321 586
82 322
159 491
39 74
416 460
392 573
7 532
126 259
200 547
452 581
172 496
26 83
379 511
60 361
74 377
71 254
197 227
520 524
199 253
423 451
37 490
74 452
69 387
105 522
202 330
96 148
89 264
7 53
33 575
43 573
116 317
450 567
145 430
319 584
377 394
57 444
312 577
414 552
427 553
79 484
273 298
6 93
39 304
241 351
76 278
283 546
253 365
9 458
1 410
39 183
108 546
40 528
275 346
114 503
87 539
87 234
494 547
273 346
12 303
181 592
214 251
33 297
181 346
293 588
276 290
125 481
180 560
48 221
85 374
103 250
64 595
256 459
29 118
128 213
456 476
442 528
31 440
194 500
393 448
347 548
19 275
429 445
181 206
1 336
229 477
141 463
239 529
51 435
139 463
210 271
382 530
397 440
534 556
274 335
73 369
194 542
8 139
411 495
22 157
130 222
2 304
18 532
33 560
279 483
287 350
136 366
564 588
453 577
76 89
246 338
132 472
307 426
56 97
157 549
366 582
142 376
72 231
214 580
203 382
38 90
116 488
185 528
190 356
349 546
137 330
133 411
211 373
230 386
239 452
344 362
173 579
95 471
281 410
11 499
171 422
84 157
258 566
569 590
42 97
509 563
410 436
162 473
416 517
414 550
121 457
306 571
89 479
369 446
32 200
17 224
354 576
152 408
324 325
35 226
417 466
242 343
287 420
469 478
268 491
349 453
22 467
58 179
140 487
15 105
172 591
568 583
458 541
214 315
113 424
68 599
123 131
73 446
223 440
183 304
110 408
173 348
7 445
120 421
57 512
170 597
281 436
170 288
404 543
28 244
21 37
58 106
80 146
358 556
296 443
590 593
225 514
307 501
266 83 410 519 238 0 141 16 450 347 528 483 151 241 207 238 310 318 438 570 7 350 364 434 251 77 379 482 398 77 525 437 436 101 5 426 75 143 236 171 413 442 371 422 547 34 526 499 539 145 203 442 48 498 109 211 231 330 183 55 436 567 343 358 597 75 473 30 580 492 364 507 190 10 158 308 253 292 381 488 217 242 178 423 222 52 62 278 114 418 288 164 519 414 361 501 320 504 495 173 342 520 108 210 574 184 168 209 562 469 563 233 312 64 267 594 217 251 226 68 72 95 70 476 489 458 357 91 297 91 308 30 548 563 561 112 166 362 235 434 391 307 582 399 189 66 459 89 24 19 474 296 498 481 20 18 452 0 222 530 480 41 293 72 70 384 341 64 449 78 292 461 490 582 220 232 177 92 154 273 534 487 74 467 145 432 217 530 17 533 400 519 532 340 26 238 153 275 224 253 295 547 66 481 485 277 28 460 225 89 6 393 369 32 0 311 386 124 525 71 319 99 389 322 254 168 318 420 510 568 555 568 40 22 431 158 580 573 516 293 172 69 340 202 354 447 405 596 196 328 398 265 429 230 434 272 548 172 162 563 381 570 462 13 210 450 289 101 497 473 469 413 169 381 53 45 52 318 134 35 245 486 377 429 382 239 392 182 86 563 520 197 302 212 226 370 65 285 204 55 102 68 150 267 316 47 542 577 566 20 432 32 588 382 237 334 60 48 82 360 518 293 527 405 265 236 487 407 273 65 168 567 316 362 355 175 1 289 421 434 178 285 99 268 446 358 462 165 396 170 22 598 55 44 311 203 321 221 365 417 65 519 478 488 179 378 183 569 448 484 541 90 544 471 176 295 542 211 86 462 176 34 458 358 321 258 138 161 458 309 214 582 41 157 220 484 312 383 570 396 23 122 173 235 360 545 232 339 282 488 240 96 246 262 209 165 530 357 338 269 377 320 29 362 133 150 279 450 352 190 375 468 78 155 314 16 262 398 258 485 407 560 578 413 311 559 344 392 240 294 12 49 115 489 336 267 513 105 199 539 424 29 336 83 577 240 243 323 299 582 290 173 362 385 48 137 501 38 288 478 386 350 202 437 285 99 593 302 9 496 99 13 151 348 287 427 3 265 470 463 37 425 336 544 478 246 546 220 33 374 407 521 76 289 241 82 454 345 382 542 410 495 549 106 599 546 555 462 526 136 213 321 356 597 18 198 61 110 304 585 593 430 178 261 520 379 442 175 392 335 570 423 33 359 357 64 515 387 87 34 6 197 190 362 182 547 260 352 173 117 211 398 226 452 131 447 402 323 493 479 541 302 343 432 500 326 93 57 326 105 103 549 110 169 528 200 85 456 378 547
870 749
124 983
454 399
610 609
523 955
243 168
216 220
838 502
45 603
440 29
852 777
586 620
670 707
803 932
834 21
901 193
157 576
247 776
816 559
309 229
8 387
461 873
988 102
926 237
72 853
512 612
46 408
132 74
118 549
757 547
353 936
995 639
999 386
239 90
422 626
397 534
301 136
401 803
935 507
490 434
826 676
571 947
211 15
569 563
616 865
792 63
594 112
568 20
356 607
370 531
163 690
361 707
784 863
781 440
143 772
682 216
191 93
873 314
148 832
185 618
611 640
614 166
699 36
448 333
330 680
590 795
825 78
280 828
341 503
955 337
557 966
252 389
297 474
389 229
563 467
246 838
668 360
233 46
439 925
157 874
695 785
841 598
421 536
108 418
868 77
409 125
898 510
250 648
337 906
711 298
941 554
283 581
748 68
233 198
32 902
818 790
115 287
182 58
754 164
16 105
950 595
429 579
498 545
262 676
238 581
933 172
78 772
289 729
621 134
421 601
376 906
968 641
309 354
118 738
894 95
504 179
564 754
716 358
738 479
212 583
868 803
79 226
41 819
751 963
407 565
697 920
467 736
892 59
159 614
637 389
151 940
766 988
725 883
806 116
873 548
636 933
928 400
34 543
742 786
69 638
503 643
50 672
998 786
668 605
630 247
272 145
674 759
854 361
138 237
944 145
643 201
874 586
296 850
801 603
782 327
769 265
537 599
900 147
875 185
27 454
106 819
120 625
262 709
737 304
500 571
358 196
643 288
908 732
723 944
326 861
398 328
672 681
479 282
927 452
11 960
912 823
409 956
323 274
707 229
190 846
209 147
363 321
118 600
495 406
991 215
655 571
616 975
314 929
920 477
637 545
72 372
955 268
449 609
827 823
392 722
147 533
204 358
645 672
789 385
34 18
981 474
677 520
23 488
306 952
458 807
986 430
385 268
902 368
988 970
752 828
200 733
628 778
253 507
162 657
720 416
880 963
906 763
792 973
822 949
681 406
497 800
359 572
150 964
923 648
283 802
370 872
402 503
636 611
981 267
869 611
23 935
376 433
351 121
318 764
268 618
815 286
526 723
515 255
953 939
525 507
944 46
551 796
8 688
82 465
80 541
23 302
855 267
268 194
555 92
959 993
225 666
700 431
729 607
39 41
293 388
138 363
108 683
786 99
538 326
461 694
451 204
642 875
49 790
268 46
676 303
572 657
428 689
287 81
12 510
741 427
62 908
229 698
29 740
276 321
269 266
344 255
885 482
933 882
701 376
776 924
378 29
228 934
91 932
692 65
261 451
779 794
123 334
186 476
383 402
468 596
844 419
429 494
206 70
578 181
204 929
690 857
500 111
206 117
216 401
620 280
456 355
626 490
454 560
695 742
478 386
448 428
704 835
16 193
767 125
407 446
190 683
440 963
856 224
543 36
167 338
722 459
295 27
510 763
877 644
918 851
255 994
854 956
446 536
253 243
395 630
389 671
157 291
997 141
47 96
887 35
55 504
20 794
709 517
252 924
340 71
243 319
37 973
490 966
833 331
442 122
647 986
536 633
756 686
7 649
810 234
304 553
323 301
721 207
973 452
721 51
177 539
562 825
51 344
373 979
642 508
423 405
91 326
925 617
548 924
994 506
148 112
619 722
765 237
81 818
93 733
72 68
958 390
174 395
487 460
405 254
522 305
86 24
545 662
622 689
374 166
948 71
977 882
554 443
215 636
240 893
596 81
1 257
283 925
932 727
996 530
425 277
55 951
904 278
326 607
913 216
475 765
164 903
604 527
960 898
559 420
861 873
469 146
869 672
986 244
377 471
341 472
580 993
109 455
294 289
805 729
789 302
690 267
182 291
395 836
749 874
223 990
804 162
161 209
933 805
834 388
585 384
664 38
546 295
209 482
873 990
175 439
838 802
721 698
551 901
132 716
299 695
45 172
719 391
197 431
778 624
310 167
982 30
340 778
223 838
20 716
368 743
270 972
577 50
754 21
633 585
904 690
216 244
792 689
496 79
880 268
789 568
426 184
686 971
907 942
238 424
637 840
595 951
491 522
699 150
714 670
129 21
452 170
62 259
344 17
67 692
642 23
848 2
729 20
39 651
345 48
145 635
570 239
909 75
320 794
158 161
897 534
828 754
738 848
260 742
484 308
742 400
413 155
908 575
129 193
745 262
46 217
670 939
781 744
770 894
188 880
627 335
801 0
488 696
600 752
564 715
417 782
8 417
748 933
720 754
996 566
838 164
454 286
588 149
908 315
558 588
383 786
30 240
552 122
916 51
925 983
60 196
2 844
611 35
225 726
552 224
912 422
223 861
879 361
715 562
345 875
683 460
969 304
642 78
206 271
720 794
555 997
894 892
966 194
92 897
505 984
208 814
88 174
937 766
733 636
598 454
267 895
74 427
819 531
22 132
539 838
64 293
744 736
787 473
104 489
236 625
93 93
275 7
442 767
777 713
321 645
830 714
649 109
968 571
738 230
844 137
760 342
358 89
870 399
765 398
85 139
391 599
523 888
758 765
342 353
132 692
274 111
83 566
258 569
506 217
521 137
437 891
487 331
586 875
198 552
845 856
949 834
679 806
333 552
616 567
238 268
248 67
645 441
759 202
165 245
946 475
753 451
472 485
939 359
225 511
955 863
897 916
878 936
87 280
531 171
103 862
828 908
481 242
326 403
853 925
471 633
341 738
149 52
422 326
567 535
294 514
