600 1239 600 687 14
271 572
101 504
324 459
28 435
219 280
415 480
533 556
39 418
533 544
554 583
92 377
385 580
250 586
249 475
72 179
203 331
295 401
317 348
43 348
248 517
316 350
313 574
69 377
403 538
8 270
281 325
181 535
436 584
177 304
113 468
384 468
99 391
371 512
398 435
54 68
338 373
82 196
77 525
472 594
43 191
223 512
58 425
76 239
145 187
108 476
390 490
66 294
170 437
218 382
166 219
158 455
416 530
74 284
78 415
23 166
141 462
381 482
43 485
190 226
307 480
425 551
163 200
15 323
392 494
242 478
113 474
185 400
261 295
102 222
466 502
320 331
182 573
201 335
173 458
176 187
91 236
368 468
185 398
151 358
84 127
87 376
235 574
252 370
18 24
226 388
266 507
245 380
139 321
62 226
175 548
295 405
111 423
357 365
102 577
68 117
80 275
42 237
526 535
222 455
282 435
397 513
65 419
190 342
10 146
107 385
434 457
563 570
365 411
407 550
123 358
510 597
413 575
180 511
29 486
378 402
153 522
119 441
231 352
136 486
367 368
112 505
48 304
334 416
4 330
14 179
16 194
56 445
144 491
229 242
249 432
131 479
254 298
113 368
466 549
156 514
147 527
148 347
123 356
89 190
369 534
274 461
353 487
221 380
57 296
225 530
82 391
379 579
301 501
53 355
280 300
101 192
293 521
149 420
127 261
53 357
344 501
363 371
43 190
93 395
225 438
159 289
12 551
285 582
222 547
58 63
37 98
439 489
32 419
125 556
2 31
412 449
90 157
293 414
284 516
553 599
55 353
73 428
156 380
207 329
187 441
120 531
43 328
492 598
459 520
315 429
22 596
80 447
413 486
109 578
186 458
34 237
140 409
433 541
398 558
381 426
262 491
76 322
577 583
190 485
346 372
55 357
10 97
107 235
446 530
245 335
30 381
91 568
304 444
36 566
154 210
414 445
309 466
475 509
165 587
418 581
38 203
363 512
189 265
67 229
12 63
198 571
67 242
102 498
383 576
203 551
208 430
374 450
461 595
247 349
485 558
17 490
414 464
243 439
304 598
13 144
208 475
205 230
461 531
200 290
113 195
188 192
326 433
377 405
161 343
35 301
389 491
264 312
60 83
76 567
404 496
59 311
321 487
60 506
35 529
44 534
32 41
120 383
270 329
132 177
17 211
194 267
244 567
38 302
122 160
11 374
95 251
171 408
97 306
305 517
175 445
139 250
8 336
332 524
125 219
158 547
59 157
185 558
167 559
461 576
298 499
136 400
141 149
327 521
263 532
5 222
112 559
31 36
399 433
291 520
199 590
198 576
34 441
177 460
52 396
214 298
251 579
117 473
323 441
167 182
166 533
228 397
168 492
16 154
326 502
360 493
105 182
75 435
54 591
34 498
170 330
13 262
106 231
137 393
396 540
403 562
138 397
286 492
7 10
432 582
175 440
30 332
129 233
16 369
460 540
248 402
167 356
312 434
249 582
4 462
55 247
356 358
100 129
140 156
215 224
24 272
97 296
254 568
302 320
26 515
123 151
186 449
172 176
45 376
56 440
216 467
18 204
333 494
113 423
523 557
388 410
477 587
87 126
197 573
540 564
145 441
437 592
134 513
206 369
82 201
260 351
150 454
469 544
355 585
207 557
144 319
347 517
341 403
340 529
213 518
138 565
121 481
23 544
527 543
208 380
224 595
339 590
15 213
282 398
204 390
234 345
185 528
139 570
479 501
17 258
181 526
84 589
122 296
190 388
270 346
285 432
398 472
344 529
420 505
202 518
41 431
51 290
384 423
122 477
290 422
431 454
98 345
53 196
473 578
39 501
377 378
118 288
44 206
33 97
331 407
326 399
63 268
51 296
464 521
370 436
6 14
338 375
165 477
97 587
413 576
82 570
15 518
302 331
37 586
70 221
114 194
216 299
206 428
287 471
160 280
274 517
10 308
66 419
488 496
389 417
134 145
544 556
51 182
52 132
151 514
239 455
241 534
430 509
407 425
397 565
43 89
292 379
143 258
377 503
111 384
29 136
391 563
354 489
275 325
186 412
291 394
513 543
346 376
20 77
344 479
233 588
499 568
257 546
11 483
288 429
60 165
210 462
327 427
442 485
307 375
233 484
167 197
112 197
451 542
172 555
99 196
395 405
115 140
465 558
299 467
196 363
353 536
455 498
15 128
147 526
55 424
65 438
20 282
363 585
147 181
451 540
67 452
82 98
96 343
405 488
88 327
106 352
140 284
122 506
374 525
28 398
116 149
163 495
54 447
198 458
263 373
443 538
483 517
398 421
37 234
51 573
68 591
16 114
119 588
77 472
68 473
108 530
139 562
79 353
336 433
5 577
435 576
259 329
0 215
267 369
66 594
308 582
110 380
122 280
431 508
79 536
111 486
153 250
78 319
171 245
26 31
180 303
387 453
15 47
223 267
327 580
183 517
128 292
98 340
85 230
22 287
119 180
214 464
374 545
377 395
337 465
337 442
393 500
254 499
51 497
61 224
430 475
26 597
63 551
14 72
75 576
149 224
242 270
11 508
217 338
64 116
292 579
3 433
368 442
152 443
127 252
256 396
137 278
118 499
355 382
73 81
388 467
219 497
383 531
45 372
174 278
335 553
35 257
426 482
452 523
483 508
2 36
8 188
37 153
481 599
304 507
133 369
0 224
310 361
211 520
207 523
258 404
366 371
5 81
153 234
219 290
304 417
436 454
215 402
143 495
173 186
81 583
154 330
184 524
416 558
64 140
161 230
130 343
220 402
216 238
429 499
294 386
59 552
236 289
161 325
200 573
22 229
137 202
52 177
167 285
352 547
72 489
188 277
469 556
131 581
193 587
11 274
538 562
202 393
372 411
16 583
84 252
272 493
73 547
34 322
297 566
309 326
199 580
458 576
368 565
241 311
114 227
359 547
125 519
512 552
154 155
83 193
136 528
43 558
278 471
15 34
335 380
405 496
192 277
10 509
170 577
20 398
72 365
134 470
297 596
438 476
243 541
283 412
139 456
72 549
218 311
50 535
30 327
214 254
4 437
59 382
427 580
214 339
161 205
344 599
339 427
393 518
327 425
117 281
37 345
32 480
21 271
129 513
500 518
70 223
258 490
123 475
154 537
174 314
151 409
183 370
128 579
48 261
9 66
154 170
259 593
103 224
283 498
60 477
259 270
139 153
458 571
272 390
6 349
526 543
200 495
217 230
115 284
40 588
155 577
80 205
484 588
96 130
160 219
364 480
42 172
148 224
174 229
86 385
67 329
162 308
46 111
24 256
316 522
371 552
84 261
38 178
169 179
118 159
158 222
78 375
132 304
429 533
484 513
263 307
233 513
7 97
98 586
27 235
235 580
375 532
10 121
29 528
158 352
165 193
72 448
285 356
34 463
253 443
328 446
58 551
50 526
41 454
19 335
1 380
107 580
92 220
95 137
101 557
29 75
189 549
545 594
258 333
166 387
72 466
478 597
412 575
268 381
149 595
4 571
138 216
370 417
251 278
349 357
36 44
124 296
105 285
161 281
276 550
97 479
196 408
428 547
230 338
293 464
490 496
421 558
328 348
3 192
17 390
237 283
188 557
80 161
1 221
184 381
109 473
127 370
33 131
252 260
92 401
34 323
22 471
220 378
30 293
210 516
209 214
333 422
61 595
222 359
78 217
369 428
9 334
370 389
65 364
21 316
365 382
272 360
282 383
79 487
316 403
189 411
140 141
238 397
257 320
88 464
279 475
218 515
21 253
239 498
276 320
192 243
220 377
71 493
44 231
150 436
211 324
223 363
360 394
401 589
454 480
441 555
333 392
22 314
23 469
385 418
577 592
87 597
179 489
16 227
471 579
428 554
283 423
498 567
16 133
142 444
446 560
324 333
86 581
335 599
39 546
150 319
223 408
7 105
342 368
1 110
239 352
301 546
4 458
131 418
101 188
45 87
51 105
35 340
249 509
84 351
104 390
282 450
212 362
248 305
11 120
155 583
59 371
52 460
15 76
172 195
76 244
47 511
16 537
437 577
164 335
2 596
79 139
478 596
36 534
184 268
7 296
209 464
312 548
463 555
18 142
21 572
277 433
1 70
24 71
93 503
412 592
69 215
464 568
190 410
125 422
79 99
120 282
373 375
60 214
189 448
205 310
10 582
142 488
415 454
186 575
60 255
261 401
160 497
256 451
93 404
212 353
245 408
41 545
126 411
195 283
189 309
315 499
287 352
139 586
18 390
371 585
156 208
477 506
111 575
207 593
54 117
143 494
9 594
199 427
309 549
139 341
128 500
268 482
261 589
108 416
258 496
221 245
72 502
102 283
253 403
472 545
287 379
208 335
18 598
459 519
368 485
64 420
134 484
96 262
122 124
124 477
318 323
269 558
90 240
49 291
175 414
141 198
35 98
174 539
53 536
500 579
46 423
32 65
142 286
173 449
21 302
108 225
204 272
270 376
153 456
135 540
418 550
25 440
138 368
107 574
315 387
453 506
242 510
45 346
295 444
69 378
246 440
69 112
15 322
119 511
228 470
349 365
366 585
94 480
300 506
61 148
110 227
55 349
87 372
210 330
357 424
414 457
82 408
131 501
269 442
147 561
203 271
199 385
196 585
136 185
8 593
73 359
125 324
255 506
79 321
88 427
396 451
98 201
7 57
219 422
121 146
30 524
299 535
253 316
4 406
283 592
367 468
56 175
121 306
71 542
296 497
338 361
162 582
275 447
199 339
214 427
103 505
64 409
166 300
91 434
400 465
79 563
74 380
28 528
187 555
227 537
525 545
146 599
183 351
40 119
287 292
78 150
58 327
167 358
206 231
400 558
1 194
286 304
126 515
33 479
90 369
368 474
17 394
335 430
184 332
18 104
100 527
157 512
149 198
149 505
202 213
1 267
255 298
156 279
100 233
337 368
53 79
178 203
87 411
74 110
263 361
53 99
246 548
527 561
13 96
118 429
505 559
353 424
72 354
409 420
142 492
127 417
331 425
123 249
151 420
157 534
156 409
124 587
77 398
197 503
207 259
265 309
118 236
145 470
154 583
119 145
3 277
9 472
337 367
263 364
311 534
320 522
531 576
201 245
189 372
529 599
317 558
229 478
262 417
39 301
180 588
159 236
52 540
362 443
232 599
382 411
290 495
277 336
509 582
42 283
49 520
418 501
76 128
3 541
35 345
89 328
170 406
104 490
440 548
116 140
258 494
298 315
14 349
146 481
404 405
399 541
266 460
330 406
416 421
379 471
38 271
342 410
351 402
39 550
47 180
104 496
155 170
457 464
299 543
183 454
256 542
225 446
43 317
424 536
557 593
305 402
51 219
312 457
397 470
5 583
21 38
12 271
190 191
91 457
38 572
187 470
23 125
13 85
10 306
26 87
389 584
33 86
273 304
142 295
302 522
34 42
448 549
182 285
373 532
130 161
251 500
343 569
208 279
24 396
168 286
138 238
189 365
4 173
228 565
86 418
81 359
48 444
85 217
108 334
107 418
400 486
71 256
6 179
32 364
93 143
60 298
82 245
295 488
35 344
31 311
140 516
95 393
135 578
22 297
164 245
87 515
121 479
34 555
385 590
360 390
237 498
420 594 217 106 389 336 366 534 288 421 520 20 305 37 392 505 497 51 281 421 534 42 190 110 177 443 377 62 364 47 409 586 216 479 119 380 416 82 37 303 296 388 585 548 196 27 538 169 554 570 392 284 531 290 275 506 285 135 335 182 355 147 90 265 366 117 387 511 456 166 161 488 350 43 312 535 501 459 428 311 563 110 374 160 504 322 524 212 518 455 311 70 323 95 284 296 197 26 382 313 262 379 82 505 118 34 212 112 396 440 599 260 176 230 277 111 418 528 372 181 108 129 125 540 412 399 425 571 133 585 302 388 49 325 319 594 6 112 463 308 589 163 98 179 243 485 192 42 231 495 311 354 414 313 405 406 410 50 384 373 479 431 212 15 193 450 58 113 406 136 120 329 110 381 393 265 22 331 106 490 88 47 187 15 569 598 520 234 92 54 553 333 250 145 125 122 356 488 554 342 275 574 490 365 342 0 216 8 369 424 481 103 528 387 10 108 37 578 45 431 349 492 397 381 125 441 62 478 552 72 97 210 30 461 580 141 281 111 311 83 123 58 288 488 476 269 394 81 365 576 76 85 507 437 520 292 580 53 22 167 403 375 513 395 597 511 562 528 360 359 285 126 133 118 175 233 576 429 301 107 299 60 78 499 360 436 151 37 282 33 583 548 535 61 120 25 164 409 189 183 182 82 297 594 530 334 484 281 58 339 182 40 361 182 543 424 37 76 516 457 227 339 0 7 39 318 327 332 194 5 456 365 274 317 168 108 286 173 397 415 360 437 454 387 489 47 559 361 277 356 243 547 247 182 523 404 11 390 587 388 83 381 63 266 533 416 385 506 558 592 11 138 35 54 311 283 438 382 70 77 477 495 596 150 443 123 75 11 421 186 548 579 95 277 570 121 408 580 549 204 324 175 274 391 348 566 406 101 255 423 479 531 473 490 144 552 291 48 548 55 474 68 208 120 456 42 40 74 448 426 461 94 377 454 424 528 81 120 593 486 531 259 437 292 455 265 598 132 161 253 447 458 250 148 363 554 99 512 286 170 375 220 576 482 371 124 250 120 191 187 261 528 501 553 130 210 571 37 449 447 44 464 364 489 144 386 9 318 415 112 220 397 424 445 403 433 448 196 127 206 61 523 45 242 94 590 71 538 202 276 260 390 157 141 477 524 129 62 50 235 574 82 493 194 379 81 150 315 173 217 475 162 171 306 312 344 214 345 104 554 214 126 224 166 310 572 361 491 277 567 39 494 474 444 397 248 0 577 197 410 421 301 309 377 178 544 568 243 469 520 462 244 324 237 557 567 474 523 458 193 233 388 320 154 121 214 582 124 436 364 74 257 500 285 269 376 162 256 261 128
593 668
401 391
143 349
78 49
413 587
293 519
303 58
724 359
100 151
460 900
683 367
541 783
673 8
782 891
267 99
77 596
350 462
902 611
900 670
561 310
444 803
548 21
65 381
930 427
951 696
911 1
155 290
741 106
409 764
377 718
832 92
170 313
536 957
752 296
164 631
580 247
178 362
530 210
611 49
640 206
27 790
547 881
189 645
270 933
213 392
140 219
263 673
33 629
765 729
977 527
92 974
795 452
913 751
326 184
934 972
325 117
913 52
758 353
756 57
250 244
847 258
549 632
183 969
720 26
505 524
516 972
468 937
37 261
975 981
639 576
399 345
994 693
237 80
258 470
444 419
407 724
127 563
469 816
652 911
408 155
840 998
290 475
467 250
833 229
695 689
751 906
754 257
161 260
813 138
235 970
247 354
963 178
728 634
768 551
583 930
23 491
817 852
757 328
546 232
366 206
4 864
25 54
268 611
587 582
848 658
757 432
134 420
704 158
401 947
971 870
410 419
284 713
626 540
221 742
362 397
471 434
501 554
942 942
987 308
37 713
502 716
660 312
832 363
625 445
812 315
953 462
193 229
743 749
86 555
32 870
818 907
699 255
886 775
318 430
64 774
995 802
350 745
4 463
206 820
455 158
477 513
461 584
835 682
799 564
748 867
69 749
659 346
9 945
560 659
527 588
641 870
574 450
452 36
531 167
373 513
346 525
506 455
245 316
192 508
968 248
836 410
867 923
711 425
800 527
505 353
810 285
910 408
698 483
854 729
306 4
354 550
419 316
186 690
405 636
19 337
946 46
157 724
898 799
616 94
262 59
2 690
52 989
725 483
634 805
864 8
372 781
375 659
119 711
49 111
180 153
223 942
238 903
50 28
808 237
323 379
212 704
382 251
713 525
480 625
778 189
779 510
522 291
12 546
674 69
942 658
812 967
228 414
25 161
532 400
856 182
406 518
900 579
373 35
18 585
867 218
612 619
167 880
690 918
216 243
880 434
689 623
426 372
241 546
343 294
574 624
388 993
184 941
382 427
140 744
57 304
778 931
170 413
614 354
46 837
576 176
731 142
998 238
212 619
120 857
167 519
277 363
192 331
61 239
95 3
172 584
458 319
974 43
325 82
636 743
635 399
490 179
48 500
717 748
472 9
883 182
893 281
960 725
591 196
871 583
51 170
701 714
750 701
833 831
638 987
994 175
137 156
862 828
317 351
792 9
293 857
79 200
611 6
965 635
770 779
558 719
883 978
632 151
83 93
8 425
522 427
870 393
944 909
460 773
242 630
429 467
684 459
826 727
98 436
988 334
957 221
832 471
939 568
108 515
855 109
476 984
775 668
796 358
97 382
901 230
136 934
898 383
640 250
575 75
4 745
833 759
627 695
700 310
630 956
719 396
144 115
768 974
208 305
999 113
685 133
26 391
928 321
512 74
302 906
49 668
664 880
585 143
430 131
130 603
88 633
920 514
866 954
141 64
787 103
298 994
39 212
398 542
622 124
846 60
895 544
436 916
531 358
103 114
273 808
714 964
799 213
550 257
489 99
218 856
849 871
608 282
561 207
112 206
582 711
316 928
281 122
510 38
671 720
143 488
377 116
197 55
298 176
655 464
304 145
610 477
268 514
982 595
721 1000
356 2
338 250
593 981
260 162
303 243
266 782
239 787
296 388
716 786
273 255
158 187
686 989
536 835
672 950
123 243
682 592
639 605
94 485
479 388
817 21
265 222
479 732
292 743
747 213
442 953
936 351
191 916
731 824
905 636
392 226
860 511
38 526
928 603
734 575
944 758
141 773
399 804
134 25
329 774
744 665
671 662
473 71
829 596
767 626
376 579
658 121
399 293
514 492
192 859
203 179
332 649
388 685
881 116
619 891
374 923
755 804
702 228
496 935
531 517
388 887
878 466
255 715
345 149
703 78
801 78
815 182
244 438
955 300
562 392
605 820
652 435
111 68
980 147
437 754
662 838
339 589
452 998
165 2
997 16
89 683
308 831
437 12
796 704
900 92
340 951
906 992
205 117
366 632
514 793
980 760
0 204
892 322
600 869
198 534
516 134
926 152
446 633
944 496
918 817
514 668
445 561
157 673
873 152
291 780
157 89
158 946
264 752
973 436
97 752
65 460
465 849
974 924
200 766
610 407
430 975
833 301
103 297
682 279
608 916
631 303
782 41
590 780
67 814
248 865
310 713
396 81
812 647
190 30
877 625
761 835
873 707
1000 642
848 549
832 523
844 619
797 405
191 559
933 246
61 536
676 238
168 58
678 547
0 0
586 515
856 335
831 806
564 800
635 374
89 267
22 661
279 315
83 839
548 462
197 278
438 498
601 732
43 576
990 498
954 544
833 121
557 122
0 170
872 72
499 820
67 918
15 905
378 746
580 285
365 954
466 689
660 974
985 387
222 363
132 964
371 156
384 458
424 99
22 310
948 788
106 31
999 739
87 903
954 410
513 856
615 222
223 467
989 87
169 118
679 178
717 55
263 291
580 363
319 457
144 699
992 418
24 114
327 862
630 508
323 995
1 987
464 116
393 200
946 882
178 789
144 381
153 558
937 176
905 857
427 199
437 599
587 14
746 518
713 121
318 672
436 701
324 556
991 886
80 510
765 147
732 270
672 403
317 498
717 862
294 213
475 212
789 302
1 783
697 661
780 245
954 995
327 620
56 138
516 897
508 621
85 353
121 272
899 704
592 321
