600 1239 600 1182 11
463 514
164 208
41 386
192 374
62 485
89 147
122 517
66 427
256 262
363 427
486 549
267 355
115 458
232 286
411 446
230 551
4 460
136 187
305 545
248 335
439 505
463 580
170 293
231 472
418 457
85 337
339 405
359 379
151 559
165 239
207 347
218 326
317 509
249 311
95 407
169 202
157 577
400 469
167 398
94 570
26 243
55 239
158 458
182 420
159 278
118 363
190 410
67 443
90 524
121 451
21 302
3 567
298 449
214 587
123 455
86 389
198 279
204 521
152 239
436 591
276 590
104 204
231 339
200 529
245 310
242 297
418 568
79 466
153 513
86 287
16 527
21 321
303 544
93 251
84 101
214 420
120 538
540 548
4 411
120 456
133 426
315 479
307 349
414 566
209 512
184 453
154 574
314 389
211 336
171 570
389 454
143 261
176 365
124 565
297 443
252 576
12 79
300 318
159 524
143 490
37 235
46 507
179 405
235 492
201 398
30 575
15 409
280 488
68 481
35 135
145 238
452 502
176 366
142 394
468 553
357 577
18 539
223 499
215 576
398 422
382 508
49 475
182 435
125 519
56 80
232 452
281 434
50 104
317 388
258 299
166 236
119 253
330 478
267 394
22 488
214 470
37 511
41 411
224 300
271 322
356 446
369 480
141 406
181 420
85 563
341 455
286 334
310 319
152 593
66 332
254 370
276 415
269 292
345 357
9 52
114 139
388 571
122 166
216 362
241 421
188 568
50 290
376 587
205 352
25 518
203 533
72 575
251 545
441 565
176 574
404 533
54 489
349 412
25 91
323 433
382 392
73 137
188 207
84 256
6 118
342 350
15 580
18 208
56 466
68 579
197 457
230 584
43 580
303 467
201 311
49 83
16 165
57 517
373 403
520 598
236 358
372 588
478 487
67 152
285 318
360 394
462 552
261 481
273 492
51 454
167 213
445 453
389 599
16 237
438 594
258 420
323 590
142 357
102 559
13 26
220 404
375 598
97 199
375 498
433 521
293 569
27 449
29 342
267 586
221 405
307 354
441 447
228 449
85 111
442 448
192 596
442 583
290 415
96 110
65 522
10 256
220 400
206 257
105 155
155 551
316 599
406 462
450 473
97 560
273 511
124 381
65 417
123 503
255 291
36 598
25 309
58 381
358 429
465 473
283 379
344 599
312 511
274 280
527 564
130 336
3 571
392 508
451 548
110 387
90 197
119 467
348 394
456 538
91 206
191 209
178 188
314 449
197 271
162 413
197 595
414 429
132 352
6 521
125 521
328 532
205 391
283 393
70 128
122 358
120 159
408 422
195 416
384 576
161 445
369 580
477 582
35 46
159 228
266 575
279 572
359 446
115 427
119 406
56 359
174 365
193 579
274 525
137 460
20 366
182 367
75 467
284 317
78 336
324 340
123 459
120 278
12 287
451 478
417 470
83 145
430 589
52 148
306 590
31 84
170 272
33 35
265 478
330 421
500 546
33 302
50 141
157 304
110 224
409 528
541 546
401 446
217 230
322 524
464 530
402 434
145 410
233 518
79 367
208 508
179 372
308 423
101 177
99 457
391 516
264 327
285 300
31 101
339 372
78 507
0 73
48 176
94 194
236 582
85 217
6 204
354 544
522 587
255 547
301 445
76 381
132 554
79 287
283 359
234 256
22 34
140 431
22 274
81 411
128 252
286 452
26 372
281 451
63 380
249 512
240 260
275 430
33 43
81 359
267 341
130 507
112 191
330 548
45 220
53 554
310 410
254 322
216 589
109 196
369 413
355 360
327 542
202 466
515 556
366 447
246 437
80 219
339 497
307 544
41 88
377 472
4 359
306 521
80 437
127 370
91 225
263 435
380 482
259 340
210 457
310 362
249 579
244 445
149 184
330 578
306 433
303 354
292 343
23 343
87 311
25 28
46 391
123 268
235 263
242 447
86 424
79 359
5 219
480 531
192 315
340 476
100 510
56 169
114 389
107 318
183 538
35 78
80 169
365 366
358 456
257 291
442 591
269 561
279 535
120 566
10 381
320 508
9 335
201 585
104 141
133 342
162 382
69 495
15 191
61 127
1 353
149 498
200 572
42 221
256 426
54 593
121 540
96 107
490 491
229 338
256 331
30 450
409 580
291 354
146 324
299 420
319 491
54 430
208 212
56 446
118 307
127 259
153 558
260 378
465 575
66 115
400 533
502 549
162 208
100 494
282 597
12 182
476 581
12 367
65 471
87 422
79 424
268 400
154 174
171 433
550 554
8 375
225 264
291 547
259 476
93 169
96 273
16 564
369 463
211 526
77 101
63 482
365 574
148 241
50 351
525 586
128 574
357 385
103 452
201 500
321 361
44 589
335 423
228 298
250 382
250 302
163 273
110 375
330 451
150 502
64 324
218 572
438 447
134 411
119 556
52 335
167 408
129 561
434 565
505 583
29 133
385 394
6 141
106 152
44 396
33 250
240 522
87 585
141 462
147 405
108 306
122 236
528 559
26 74
118 552
14 83
197 524
195 215
262 461
253 388
171 403
109 485
423 454
287 376
56 356
133 563
289 508
64 126
90 595
333 477
35 173
121 441
202 435
133 337
316 343
204 351
78 130
82 527
113 189
518 532
103 549
32 273
461 563
227 301
25 532
303 462
31 474
294 380
414 582
395 516
201 390
416 515
193 422
32 453
216 245
210 568
150 516
64 562
159 298
111 517
167 422
249 481
131 591
99 418
499 569
138 501
73 501
12 587
119 462
140 248
172 371
560 568
296 464
296 314
79 226
19 454
314 379
186 252
24 248
444 456
43 102
74 279
325 510
39 525
85 461
248 454
441 594
149 301
328 518
283 530
219 437
205 523
80 93
416 556
209 311
347 562
490 497
307 552
112 165
11 13
109 282
0 562
80 545
3 203
162 480
89 339
106 374
326 572
212 313
276 306
215 547
364 395
90 414
111 122
19 269
151 192
461 513
45 284
216 396
111 189
181 397
13 417
53 550
296 298
113 304
31 63
472 497
88 460
5 246
68 249
154 365
456 566
57 444
283 370
422 585
220 503
267 360
24 60
48 381
362 410
68 193
157 189
155 217
383 432
117 221
48 495
253 556
55 592
361 395
110 534
118 462
284 388
374 528
348 407
268 455
0 137
132 336
49 249
222 525
140 430
322 370
141 317
19 292
79 379
244 301
42 405
158 332
333 383
25 233
378 431
163 184
260 587
85 444
23 265
36 498
245 362
49 410
149 375
10 294
106 297
275 589
387 520
184 301
144 261
254 259
53 174
141 204
493 563
262 563
125 373
180 343
391 395
43 526
1 151
100 543
195 255
18 313
252 484
175 477
11 74
106 192
102 409
69 329
278 538
337 538
58 76
175 333
132 205
63 567
263 397
144 422
233 309
9 129
155 222
46 395
243 372
72 425
242 438
457 476
95 282
26 116
59 287
259 370
107 285
45 543
17 298
507 523
266 473
293 395
332 458
475 481
97 568
78 526
63 203
237 593
258 285
53 70
163 453
34 488
110 598
322 581
28 549
87 249
331 474
261 491
66 373
325 415
46 523
59 454
64 137
15 390
277 511
49 190
479 554
185 561
103 542
59 587
332 570
182 397
71 132
108 415
145 362
119 416
189 304
349 363
224 534
122 157
23 402
128 384
105 551
470 522
166 175
398 500
189 222
253 406
304 345
41 73
13 65
28 532
500 541
509 543
159 183
274 488
89 405
117 140
62 175
76 371
147 319
496 536
225 257
276 323
86 226
448 591
112 592
134 246
250 392
107 235
51 59
40 94
52 129
342 344
106 443
341 586
248 378
221 557
220 533
532 549
209 249
0 386
156 566
344 350
1 43
179 557
437 506
46 364
129 308
178 560
41 138
223 286
151 353
215 482
386 501
14 238
143 491
70 252
155 469
442 505
367 435
172 381
114 599
55 152
10 172
295 321
266 450
329 384
342 426
307 462
131 436
160 246
75 303
64 460
197 568
198 326
18 531
34 586
96 224
495 496
284 543
193 481
48 536
294 474
288 383
216 238
44 117
108 521
52 578
27 139
390 580
358 517
136 421
126 460
234 371
1 526
50 494
7 286
33 78
19 316
200 224
150 170
165 564
312 445
454 599
413 514
146 562
180 483
117 430
30 313
288 591
282 555
374 559
54 275
241 489
328 502
452 542
401 437
197 477
187 297
1 559
222 368
214 299
43 514
150 328
432 505
290 510
371 426
8 149
129 265
148 489
275 399
236 429
0 501
339 573
268 503
23 483
62 166
161 511
196 597
292 316
108 204
98 521
260 522
417 572
109 333
55 528
482 567
90 566
71 550
160 386
165 512
447 554
66 403
2 360
183 228
152 237
388 556
93 235
92 282
44 245
326 377
245 405
290 325
348 597
98 403
274 469
497 573
6 125
38 550
329 576
235 285
3 428
112 409
268 459
240 378
217 461
371 483
256 294
82 216
99 146
10 536
12 376
96 318
192 559
118 141
109 555
412 542
431 468
22 268
125 363
152 374
343 599
492 511
211 353
343 344
56 202
73 138
59 376
93 202
147 245
94 171
314 393
224 529
182 263
31 77
382 413
374 504
241 330
9 308
227 270
272 293
486 542
4 61
223 569
223 332
391 523
440 511
247 574
47 432
103 486
30 546
28 225
11 279
390 539
7 452
305 537
35 364
218 520
298 314
269 308
92 407
230 513
126 340
179 339
46 78
339 588
8 163
186 484
186 206
179 221
7 502
6 519
28 486
194 323
33 295
188 347
215 380
174 366
136 443
61 283
142 360
211 419
168 551
165 191
32 511
76 172
402 487
291 467
13 471
2 304
462 544
36 270
295 302
2 142
53 447
387 529
49 261
17 296
205 518
111 346
9 423
346 517
23 76
270 301
167 500
21 320
134 446
433 590
314 464
20 447
367 466
117 553
164 320
118 125
152 504
63 474
196 385
100 123
121 434
519 521
389 449
264 354
182 587
131 178
196 357
25 550
40 194
8 110
281 478
219 246
291 416
82 399
49 481
27 29
262 493
56 79
22 400
20 124
26 472
23 180
35 295
115 363
126 127
37 93
439 583
124 176
38 252
85 155
142 345
186 576
122 189
287 389
165 237
178 207
219 545
220 284
11 417
173 321
45 503
370 464
197 210
74 377
266 465
50 415
137 562
218 529
93 545
170 499
200 258
20 441
203 469
102 528
74 198
384 495
44 216
582 595
494 509
17 524
336 479
451 540
76 434
342 371
24 140
87 579
98 433
158 232
225 327
92 432
141 494
512 564
332 334
191 409
183 337
102 580
26 231
213 398
55 374
23 371
164 289
66 570
317 543
417 522
173 295
262 558
263 285
151 315
328 516
59 260
83 564
14 564
92 439
4 81
59 389
78 135
155 230
223 334
179 471
97 338
403 433
84 331
327 349
271 581
539 541
25 38
117 468
20 176
18 480
143 497
195 515
197 476
96 300
45 123
336 526
38 70
170 395
99 324
46 135
221 553
151 211
480 539
99 188
434 451
373 427
133 228
30 266
265 561
7 223
319 339
297 315
305 440
353 419
188 418
319 490
448 505
65 240
253 317
261 475
232 412
208 425
69 215
219 305
177 551
425 575
471 553
42 44
297 596
296 370
155 253 417 332 137 432 132 356 415 587 204 169 342 112 336 114 458 513 250 369 222 155 576 192 294 599 146 558 343 485 487 423 568 509 382 548 582 424 477 566 439 570 327 157 250 57 488 479 460 17 385 579 570 294 120 197 113 108 573 242 208 290 329 492 254 503 346 67 419 166 528 223 405 517 185 335 377 20 394 175 200 432 213 32 216 333 506 410 285 336 562 89 212 234 269 544 301 364 378 329 561 542 279 161 129 6 13 445 496 46 380 455 479 128 86 427 556 550 364 256 61 420 158 403 130 440 417 510 54 143 185 330 464 131 323 63 436 429 347 147 355 167 0 8 302 147 196 223 82 410 253 522 284 383 350 516 193 511 148 33 314 529 229 103 65 514 476 403 106 137 422 428 224 592 480 288 151 306 479 18 102 175 168 309 143 288 27 585 371 262 543 474 23 428 569 282 11 75 134 232 316 91 434 233 206 63 96 71 302 329 26 238 542 442 374 566 384 555 278 553 418 213 104 282 133 82 452 15 543 556 355 177 191 457 531 417 75 139 510 200 22 564 182 131 224 103 419 291 221 27 24 196 385 588 434 111 491 354 56 13 214 332 185 71 317 557 87 161 457 121 192 431 530 375 559 11 423 203 19 188 301 478 200 450 289 1 279 190 303 278 37 79 519 517 146 511 6 220 526 192 55 573 489 57 358 304 151 194 136 256 334 126 549 319 529 516 390 129 472 497 261 234 115 267 313 123 27 480 299 443 158 329 375 489 327 421 231 260 276 378 124 326 24 486 190 195 277 196 437 414 75 6 395 135 496 256 203 54 137 327 535 454 419 390 348 517 582 230 122 98 55 174 49 228 167 517 297 23 98 552 547 236 358 47 395 250 23 169 552 150 575 483 71 444 412 200 4 86 272 509 366 489 283 470 582 565 360 105 94 572 60 85 351 135 7 459 418 290 429 321 390 30 562 151 100 580 542 151 541 43 254 449 374 312 501 221 105 579 161 480 327 180 34 430 95 82 14 302 538 369 63 45 413 215 355 540 494 27 230 295 100 411 12 251 526 410 550 58 435 354 216 113 144 588 544 338 227 278 196 376 285 380 598 278 258 268 10 439 561 0 69 30 509 54 284 323 71 322 416 21 320 519 505 496 504 338 585 502 568 466 89 573 181 85 332 548 511 258 167 136 378 537 293 9 159 5 291 32 513 260 45 555 342 249 124 276 537 428 400 375 373 490 458 370 263 376 372 239 286 97 118 253 543 572 181 494 382 337 494 197 385 259 261 77 387 186 575 224 396 313 545 296 587 264 591 573 30 446 456 415 536 376 96 558 121 275 243 414 480 451 274 516 224 225 333 340 370 223 320 406
996 521
173 333
647 942
339 814
862 458
984 309
170 876
15 675
858 75
529 373
454 609
666 115
731 316
635 113
361 169
183 236
322 216
784 594
98 174
567 429
357 534
22 379
462 928
532 542
546 322
195 598
616 69
665 566
154 663
641 599
76 125
450 772
933 149
79 402
491 965
67 442
913 2
911 217
232 609
564 947
43 955
965 439
493 170
143 306
469 215
354 935
80 490
944 887
368 601
379 56
227 949
655 334
505 372
275 527
470 280
239 274
814 356
692 747
435 544
687 346
528 305
836 530
812 871
418 804
938 563
605 167
33 843
331 323
294 73
375 694
268 577
212 533
0 212
954 527
639 85
231 758
471 544
453 798
117 447
791 412
884 323
863 416
388 192
335 151
480 754
647 761
723 418
233 52
886 471
497 94
791 702
180 675
876 937
885 266
16 931
786 970
843 130
908 794
105 902
920 643
314 962
495 803
186 290
91 695
217 917
504 852
317 341
844 204
149 968
793 898
827 63
668 800
251 226
644 908
683 489
94 791
617 34
499 193
164 828
236 815
719 680
399 476
723 817
352 976
395 509
119 857
895 562
871 560
301 608
483 408
161 450
994 753
186 510
638 624
939 385
81 461
390 369
969 549
967 463
680 515
517 244
227 896
701 960
408 25
354 8
365 111
967 619
475 100
517 326
902 71
61 581
217 371
296 292
566 739
327 571
560 837
751 658
718 843
45 764
732 636
964 377
978 142
77 223
904 94
4 250
286 220
784 836
186 11
492 830
853 304
23 571
38 882
470 593
23 435
299 549
805 815
368 562
519 771
963 738
571 135
554 551
785 228
771 285
687 643
956 84
494 443
256 668
391 391
945 672
641 864
386 95
225 212
260 358
302 15
3 993
305 742
764 936
840 688
687 25
864 801
739 126
188 135
835 274
390 836
196 931
149 532
217 657
996 687
55 188
246 171
891 708
205 403
22 149
172 40
698 218
318 709
411 187
604 791
764 28
938 310
374 898
519 155
596 882
1 703
800 100
178 705
737 390
974 18
694 600
940 802
573 799
568 33
59 721
174 585
494 648
861 226
773 779
324 257
390 144
288 244
636 232
472 342
272 464
596 94
985 61
455 125
963 354
345 634
599 326
275 121
101 325
925 284
278 639
258 854
814 592
276 739
527 690
220 692
758 194
863 597
647 260
385 20
592 711
812 261
168 758
480 462
81 23
587 977
405 954
544 433
947 9
827 635
26 529
884 150
540 906
395 256
134 985
957 235
711 653
690 82
533 928
445 474
833 944
811 510
335 882
804 206
18 721
719 342
934 832
10 316
257 964
233 729
564 474
1 528
414 685
31 401
766 579
334 393
725 588
729 176
794 151
958 60
55 391
201 760
678 898
947 272
129 940
173 786
528 408
206 568
431 79
244 132
990 166
61 154
756 551
276 418
594 469
306 890
812 180
483 59
11 349
5 402
796 617
38 993
927 607
259 998
724 35
134 738
107 592
349 683
452 390
456 703
8 790
836 857
11 744
551 349
195 439
657 687
890 819
537 62
899 599
515 1000
600 592
561 517
599 536
669 941
682 777
971 650
763 982
89 758
630 536
193 965
190 536
191 375
185 741
613 936
853 369
725 916
743 783
847 433
651 973
10 482
413 132
126 806
59 465
324 546
335 522
790 297
577 867
142 244
812 568
528 614
575 102
62 863
259 325
865 49
706 291
657 14
595 249
791 443
385 764
422 563
70 271
877 849
324 659
727 962
997 418
789 22
297 851
706 460
158 214
92 536
38 334
787 470
685 983
50 519
422 212
769 251
175 84
379 232
421 899
899 375
491 523
72 888
359 862
487 120
222 863
814 1000
153 4
215 256
404 82
903 413
75 739
104 264
785 725
215 999
261 764
677 167
914 677
162 380
757 220
364 325
237 13
581 350
767 411
12 177
578 637
85 851
282 831
769 741
492 239
571 241
911 909
102 953
449 500
811 286
979 817
925 344
339 449
956 978
995 215
373 487
987 929
361 369
675 733
998 90
879 394
334 481
965 907
705 562
108 77
429 442
62 675
954 126
647 373
449 996
721 717
875 676
45 786
413 985
911 546
607 756
210 812
147 267
786 530
55 14
797 342
240 784
538 195
451 883
700 190
596 142
603 9
103 23
409 759
364 37
885 640
827 801
458 446
242 454
104 227
332 16
337 744
554 579
220 632
747 900
135 685
468 481
499 944
502 279
474 27
432 55
881 188
578 663
279 952
358 655
397 668
510 10
885 22
31 602
141 52
992 470
54 641
386 940
275 300
964 930
921 366
139 486
37 298
293 909
282 984
949 186
296 158
550 778
120 296
302 792
91 565
711 766
149 585
132 876
757 5
132 907
660 220
114 523
788 646
578 899
131 385
353 207
208 294
780 75
787 506
92 196
124 616
409 876
808 76
706 56
424 615
940 249
686 692
131 162
383 428
149 147
93 724
314 938
197 792
914 307
95 148
285 690
410 406
101 634
233 559
521 820
180 807
550 175
222 489
862 914
260 831
509 124
533 720
212 326
931 775
512 459
989 585
600 663
324 179
418 494
759 688
320 770
916 735
3 605
5 875
359 831
718 97
541 23
337 605
5 113
294 656
793 859
479 365
265 60
173 266
851 616
822 750
979 981
543 801
195 108
542 949
688 269
590 63
415 243
107 980
983 847
263 250
355 270
363 438
833 730
296 378
793 933
851 13
653 468
