600 1717 600 1078 17
49 472
229 254
291 449
172 363
322 352
317 528
400 534
445 559
227 521
141 392
194 261
53 56
60 393
442 552
69 397
402 456
36 517
266 301
164 249
548 582
204 305
211 267
71 195
121 456
72 486
475 562
71 316
213 434
53 286
343 443
17 321
63 447
159 481
286 465
102 109
34 185
347 478
235 269
229 238
71 490
69 556
428 584
538 562
187 216
351 595
155 305
26 84
264 494
82 568
183 397
302 424
39 509
200 423
190 320
276 336
129 309
23 77
33 439
318 549
76 287
114 375
425 458
348 596
48 469
302 598
248 472
97 511
411 528
125 295
13 482
159 389
209 269
463 542
533 599
119 130
500 573
137 295
87 397
255 338
267 337
77 312
21 99
247 536
437 598
20 350
94 474
99 538
205 482
491 516
106 360
118 555
271 357
125 173
190 367
165 492
29 54
255 588
324 465
149 283
132 452
28 490
148 510
75 554
120 202
194 508
314 485
49 353
0 261
210 452
307 516
200 337
219 449
160 292
286 565
471 512
17 493
403 548
11 346
355 546
170 233
66 253
254 446
37 220
227 344
111 311
493 580
60 166
161 244
66 531
103 217
233 389
4 184
31 235
321 594
35 176
489 543
152 259
143 518
73 280
235 371
139 524
395 569
191 434
553 596
145 216
19 556
210 593
198 506
36 374
183 303
285 486
10 442
408 439
109 449
109 403
68 211
72 562
20 444
510 524
5 219
496 525
41 106
49 342
80 301
88 522
260 429
121 532
10 233
164 340
128 406
6 574
193 362
192 361
55 447
76 298
330 429
104 496
188 523
257 573
75 119
192 273
336 422
36 578
557 561
366 504
47 541
196 434
237 339
46 96
163 513
503 526
300 450
220 381
508 550
81 331
66 105
236 351
436 496
349 544
216 282
258 597
24 157
345 589
57 464
387 451
306 478
92 547
236 320
271 551
266 495
506 579
62 144
9 17
139 250
217 566
222 335
180 404
492 515
306 443
453 454
189 323
137 472
160 526
217 319
257 500
1 166
8 221
172 550
318 480
168 447
162 497
117 484
73 331
87 128
124 221
174 413
329 534
105 178
465 497
255 592
24 418
344 537
99 305
40 99
35 162
443 478
145 388
230 530
282 404
28 534
109 469
81 558
436 564
39 412
455 507
80 252
119 412
54 450
336 519
350 444
260 311
146 575
57 112
23 435
99 326
21 305
297 347
387 461
91 199
167 453
62 293
456 479
62 523
142 517
44 61
448 553
42 253
237 437
123 487
253 531
171 305
165 207
404 468
398 535
85 336
195 236
358 571
441 594
197 384
193 427
5 459
85 276
167 359
46 406
509 597
177 568
38 342
230 358
101 435
403 582
190 195
401 585
181 241
0 484
19 384
343 481
87 401
420 590
88 95
64 597
41 369
453 542
340 369
265 382
549 571
214 251
184 279
106 340
121 230
412 597
74 136
233 416
356 586
282 553
21 541
118 177
119 554
108 589
150 480
119 597
9 116
461 523
83 253
144 293
269 398
53 263
378 494
192 316
249 396
108 409
284 488
379 380
169 349
72 285
106 249
162 299
416 559
228 376
134 199
146 507
246 250
18 340
17 580
162 254
111 429
53 373
66 280
539 596
316 361
78 553
301 336
170 259
161 223
166 382
259 344
18 143
167 573
168 263
179 524
51 430
72 432
294 496
337 423
94 359
1 304
461 526
230 571
31 131
53 238
88 485
198 329
448 507
224 505
12 488
324 409
542 560
40 529
315 512
106 396
304 491
140 277
147 220
399 580
294 414
152 389
81 83
481 563
90 543
142 414
94 255
106 304
329 506
318 479
490 587
26 334
201 548
214 341
239 342
31 434
178 363
365 435
100 302
2 545
419 518
380 583
368 525
79 437
192 468
515 516
301 464
167 329
295 319
98 123
197 586
111 433
161 246
256 507
136 463
194 550
504 590
27 193
177 261
162 238
20 157
457 536
185 380
241 533
91 519
319 566
454 560
18 440
58 252
102 173
398 540
365 569
209 537
67 390
78 448
64 501
381 402
134 467
225 401
308 483
122 499
167 277
224 275
3 505
113 263
64 184
54 319
149 366
270 384
364 507
128 459
362 391
196 209
263 373
75 181
179 440
205 299
13 205
72 475
453 560
416 445
420 540
3 275
89 437
394 555
279 509
25 412
57 354
202 491
430 570
26 557
349 599
42 66
414 436
150 318
174 323
236 431
30 556
124 528
361 539
304 483
50 77
502 564
93 430
230 370
34 75
140 372
256 364
210 435
93 476
61 128
352 563
368 578
13 473
309 594
530 549
329 500
217 484
180 586
345 409
257 506
196 235
240 299
180 356
77 237
122 587
493 525
44 426
58 80
110 211
458 592
161 163
112 323
289 468
361 499
226 487
208 390
382 589
4 563
40 577
28 74
151 584
43 83
228 588
280 531
112 189
63 168
59 119
71 122
53 514
529 567
97 136
179 222
148 524
406 556
6 581
25 478
385 402
392 452
112 477
86 550
303 356
20 540
233 445
98 268
231 582
176 589
265 296
52 338
86 484
281 599
212 441
507 596
154 273
138 563
500 506
181 412
384 556
151 410
140 458
177 576
443 481
48 135
207 296
535 540
261 568
21 204
79 89
58 332
222 510
60 410
379 533
172 268
71 587
32 231
361 404
35 345
105 251
0 508
275 505
185 533
8 15
13 515
183 468
216 271
116 182
37 108
22 545
373 485
161 250
283 504
430 476
100 237
141 452
0 575
206 583
51 476
48 459
409 465
422 502
22 463
370 530
42 547
95 287
27 248
511 539
45 178
196 269
37 409
284 407
34 380
521 559
246 510
321 580
105 557
14 188
322 415
39 386
187 282
268 353
156 427
338 442
95 411
2 463
130 439
209 398
294 436
157 325
339 437
371 535
159 322
47 341
150 457
244 546
460 474
235 290
82 364
13 492
288 537
288 443
311 433
214 547
41 491
234 418
274 529
236 490
253 272
215 593
78 187
157 418
32 150
245 469
50 143
439 470
143 202
129 321
85 422
26 474
7 322
45 375
266 276
315 514
169 330
225 426
203 379
43 494
165 304
52 255
167 500
431 595
353 472
476 599
63 208
394 561
79 516
103 421
29 319
131 505
33 510
240 254
223 244
7 475
383 536
43 305
446 522
280 363
488 595
158 538
176 205
93 349
84 394
371 420
233 552
177 545
238 465
47 313
229 485
477 498
95 395
522 591
140 573
131 429
4 386
175 567
114 177
82 146
165 491
137 346
359 592
484 508
64 470
60 456
133 495
126 179
199 467
84 557
343 537
12 129
152 344
15 55
128 401
24 559
495 579
275 347
90 544
135 503
71 327
268 363
3 213
312 419
275 462
81 253
257 266
263 471
205 240
245 387
131 330
197 556
45 114
141 186
261 508
152 159
361 553
35 497
353 438
152 170
175 470
68 526
141 250
368 493
153 372
109 173
86 421
38 49
278 395
231 391
173 193
204 547
262 565
106 369
192 327
285 552
188 383
242 427
175 335
62 68
74 560
133 198
176 482
242 391
52 228
203 583
342 360
120 369
56 514
122 511
402 572
195 327
0 146
288 297
161 408
399 496
268 346
90 489
7 520
11 137
432 588
130 554
528 593
117 551
88 390
427 428
120 340
160 267
60 151
43 272
254 314
34 533
43 204
324 565
178 280
146 448
445 521
23 312
182 488
176 243
439 501
222 524
86 217
91 422
318 584
296 492
484 575
25 306
44 48
264 440
235 590
47 65
203 380
456 527
66 251
6 323
218 239
87 585
18 120
33 246
55 221
130 355
196 288
93 599
226 360
212 595
512 514
342 353
368 517
33 408
306 386
34 241
129 595
16 216
66 214
146 364
240 424
305 494
359 460
23 232
233 285
435 452
293 383
242 428
2 542
412 489
110 160
148 246
20 398
424 598
65 588
100 278
243 382
56 565
217 357
402 527
8 168
442 581
297 478
84 460
316 499
580 594
53 113
201 383
52 285
285 376
70 117
474 588
499 511
73 396
247 571
135 245
204 272
95 390
21 158
274 577
177 555
327 333
89 516
408 546
157 521
0 82
78 282
206 380
11 295
8 471
28 212
101 210
436 502
289 361
363 550
47 158
151 479
143 179
92 204
391 427
374 407
40 155
1 207
20 521
463 545
115 503
28 400
46 128
52 442
326 520
47 562
135 451
307 491
264 335
61 225
134 417
142 294
322 389
26 341
278 302
114 118
4 138
250 392
176 345
99 158
254 299
329 453
35 299
322 475
70 146
356 404
441 534
464 519
48 449
424 522
8 315
359 466
117 357
129 488
50 237
163 223
111 131
100 598
498 574
387 469
54 96
499 539
223 583
76 101
446 485
45 561
367 488
420 535
388 450
306 481
234 498
172 421
173 449
291 295
77 518
167 592
207 492
7 562
121 147
336 464
30 69
22 177
206 355
224 544
278 569
412 570
355 439
331 558
19 145
366 433
96 388
414 564
365 395
102 193
108 572
201 582
259 445
307 492
344 398
201 536
18 378
138 377
309 441
426 585
147 532
139 392
253 331
206 554
67 95
31 290
313 538
93 544
172 346
155 171
8 263
545 576
243 265
28 587
351 490
376 432
90 224
198 579
437 473
360 396
98 353
40 326
86 103
254 591
47 334
8 512
256 455
138 184
465 565
457 549
185 379
248 427
396 558
348 539
284 367
308 393
346 472
232 392
159 563
141 210
171 529
126 518
359 576
271 388
153 425
240 473
281 330
18 179
4 279
19 406
131 433
334 341
19 388
4 306
58 112
5 48
70 575
104 399
303 586
38 218
190 333
208 485
292 337
382 402
209 288
154 327
438 487
14 62
97 348
97 127
227 398
266 506
32 582
118 394
262 324
113 512
331 531
228 432
25 462
350 540
347 462
74 97
287 365
307 515
342 438
362 427
417 477
225 585
38 428
147 402
269 535
154 192
435 569
191 196
69 197
175 439
213 275
9 368
74 127
308 410
77 100
476 533
147 456
11 319
65 334
218 410
104 422
58 413
201 457
31 196
150 201
131 283
326 538
208 263
377 520
6 174
85 133
59 597
137 248
138 352
28 127
433 504
328 513
229 373
84 474
57 417
297 443
139 148
102 231
219 291
331 396
316 327
530 571
57 252
313 562
251 557
37 385
105 561
143 339
338 458
183 273
229 314
226 342
354 464
31 213
405 594
136 542
539 553
133 441
204 541
439 546
157 559
451 526
16 551
136 455
90 275
45 105
263 485
3 131
127 587
223 328
34 181
17 116
180 270
14 383
206 546
12 116
258 509
148 250
318 370
195 320
348 511
475 486
244 583
9 578
180 216
181 570
67 208
448 596
88 302
203 223
190 284
5 54
17 129
61 459
242 584
405 441
10 24
126 524
73 123
49 248
460 576
107 358
46 388
205 473
200 426
198 534
360 487
133 579
23 100
54 219
50 518
543 570
58 372
323 477
387 403
156 248
223 379
259 521
145 270
188 403
241 570
131 149
38 410
383 548
76 593
354 519
389 415
41 304
233 486
231 362
116 407
55 63
104 133
283 290
470 567
309 321
183 356
243 296
555 576
11 566
166 527
115 200
238 373
444 498
68 461
31 283
134 354
184 274
121 479
153 581
135 387
22 568
28 351
218 308
287 298
311 504
399 594
15 221
377 577
338 425
312 392
276 495
14 523
410 428
174 581
67 411
9 493
199 502
55 124
54 291
81 164
91 502
75 380
288 343
80 332
360 483
289 404
252 464
446 591
294 525
350 420
168 208
394 460
132 186
25 489
80 266
44 225
258 279
107 532
154 183
449 469
22 256
4 509
271 300
70 187
403 469
221 315
159 352
146 187
304 308
174 189
20 227
29 295
230 532
66 178
237 598
199 564
184 577
298 593
212 351
147 381
367 431
239 308
92 541
12 182
335 567
169 224
432 562
227 259
14 293
320 367
243 589
77 419
187 448
210 215
282 310
27 427
346 421
90 462
113 514
300 357
71 499
1 393
206 244
139 419
97 455
424 437
257 332
112 417
417 498
24 581
92 214
91 467
460 555
244 408
23 278
102 362
329 400
197 303
94 592
162 465
407 578
16 117
345 497
231 403
62 211
322 520
249 558
223 513
127 511
124 317
180 282
154 333
390 485
107 230
325 444
194 375
115 526
247 549
277 592
142 525
334 474
22 364
173 291
133 534
124 593
5 96
314 446
332 372
234 444
118 561
188 548
418 574
188 461
33 222
386 509
108 345
37 262
287 411
236 595
357 551
3 31
191 288
141 513
111 260
477 574
109 231
251 341
233 415
356 468
89 491
44 459
125 291
317 411
216 310
73 531
200 585
85 104
209 344
303 397
114 194
52 376
74 400
240 591
169 281
255 474
335 439
430 544
192 289
391 480
99 155
13 79
85 495
180 197
68 523
42 214
274 470
182 284
385 572
241 430
107 147
159 537
370 549
374 578
145 271
424 591
6 418
30 87
322 486
16 187
160 211
30 397
309 595
115 135
372 413
277 573
171 494
243 482
67 317
239 483
170 389
207 304
132 141
517 578
467 519
399 525
152 537
25 39
156 428
525 580
246 408
43 378
35 205
396 487
382 572
142 368
292 423
6 477
170 445
355 554
2 466
7 326
412 509
126 419
162 229
145 384
242 318
346 566
5 128
378 440
123 438
159 343
158 541
76 365
222 440
27 137
140 425
489 570
104 436
22 82
269 371
277 458
340 378
25 90
375 550
393 410
171 567
80 257
430 543
290 590
50 339
133 405
136 560
135 200
153 413
234 574
57 134
543 544
140 332
68 160
101 215
213 297
26 251
141 163
48 245
6 24
60 479
155 529
330 505
466 542
54 300
13 296
86 508
238 286
2 576
94 460
89 202
298 528
72 376
103 566
76 215
8 447
455 596
222 264
51 241
163 250
144 536
16 70
234 325
224 349
226 438
59 130
421 566
252 301
74 454
249 340
165 307
431 488
48 219
283 366
23 452
59 439
114 561
27 125
24 416
300 319
216 551
115 423
32 391
134 519
88 395
141 328
202 339
73 487
68 110
86 172
33 335
318 457
372 425
256 463
381 385
220 385
55 67
202 369
164 558
167 466
520 577
75 206
319 357
348 455
98 438
213 347
255 458
71 236
67 124
32 201
242 480
117 575
268 280
61 401
281 429
160 423
276 301
572 589
114 261
325 418
63 67
371 590
113 471
415 486
149 433
69 303
253 547
232 312
158 313
81 340
232 452
462 478
108 385
83 272
404 553
186 210
56 286
38 156
83 378
9 407
32 480
0 568
25 386
115 160
326 562
425 442
239 360
501 597
120 143
341 541
139 312
281 349
419 524
191 297
197 270
58 189
44 135
298 411
23 569
65 432
267 292
451 503
191 213
79 473
230 479
19 46
153 442
92 341
296 482
272 547
59 501
87 556
410 584
247 457
470 501
189 413
125 193
126 143
1 308
79 515
304 360
117 217
212 534
511 587
166 207
264 567
10 581
322 377
64 274
363 375
329 454
40 274
216 270
228 255
271 450
285 442
346 353
116 284
400 454
166 265
123 280
81 378
88 446
453 466
29 291
96 450
153 174
15 447
1 60
290 504
112 252
144 247
334 588
374 517
5 46
125 137
144 383
60 527
186 452
320 431
382 527
212 309
75 412
369 491
12 17
140 257
207 265
65 562
326 577
88 278
89 339
218 342
273 468
187 310
95 365
151 318
394 557
87 406
10 416
76 435
104 502
352 377
20 325
49 156
136 256
188 387
395 232 486 85 259 244 495 149 594 169 508 326 420 248 497 418 334 176 25 235 249 588 279 513 186 484 100 165 194 40 399 428 578 526 461 435 575 548 241 191 177 306 355 449 303 408 182 409 323 364 274 370 539 541 400 484 192 288 135 588 179 208 548 122 118 384 142 194 583 532 390 593 19 298 343 565 421 530 177 502 392 248 209 187 548 262 35 204 16 574 591 284 288 5 265 354 234 289 442 152 372 342 499 510 249 267 188 140 45 214 160 324 290 548 418 46 283 424 481 432 163 216 99 85 180 197 269 228 191 440 451 342 49 436 397 118 2 296 459 125 336 493 166 409 45 271 88 493 77 266 352 537 257 469 265 540 167 558 53 149 297 356 313 285 244 382 290 448 494 308 171 420 416 565 57 288 133 332 529 409 7 196 16 1 45 478 70 140 125 324 302 123 225 474 546 262 427 116 577 540 72 172 166 366 492 271 60 560 260 108 242 92 530 482 337 592 568 335 316 131 90 166 83 490 559 15 429 127 240 438 10 236 397 439 23 198 503 496 176 150 266 365 230 269 140 290 116 64 226 491 89 260 465 413 434 128 80 210 364 379 138 408 291 52 14 299 325 535 329 102 278 31 373 128 278 339 334 574 129 132 288 59 505 537 331 423 520 302 27 76 7 207 276 570 435 311 336 129 405 429 64 513 519 22 530 589 311 373 19 373 573 501 67 387 566 124 222 99 108 325 546 491 77 314 472 582 272 332 479 426 38 70 471 41 139 275 587 136 107 263 77 455 81 320 151 135 126 407 234 164 121 84 469 518 202 224 170 47 125 570 37 381 149 203 52 497 220 377 173 139 441 66 216 384 65 568 163 411 568 598 488 535 496 137 530 233 409 566 277 316 590 113 161 381 221 493 528 359 493 164 144 119 423 466 200 223 386 165 146 417 20 382 438 500 418 455 297 115 169 262 246 449 469 82 520 396 26 521 332 224 589 96 141 153 387 511 197 121 351 56 398 227 36 435 8 339 584 578 224 240 233 499 389 138 499 292 215 441 397 161 25 269 74 552 47 9 243 251 378 176 294 361 186 330 124 539 432 393 542 53 555 426 592 588 434 207 567 589 539 18 232 491 2 69 494 449 104 290 452 158 286 379 210 18 98 62 427 388 44 94 25 140 481 319 555 157 136 405 589 418 434 257 207 180 306 385 106 347 379 222 385 320 191 591 54 8 575 423 534 478 399 556 77 35 525 119 363 407 244 504 254 9 116 419 166 579 481 230 156 13 524 89 575 329 538 470 208 319 507 283 65 82 575 205 208 55 48 67 64 303 14 21 202 262 140 23 156 85 103 281 470 24 250 299 191 523 125 588 132 466
492 706
805 466
346 678
116 116
272 249
731 876
71 491
327 380
958 75
94 957
181 475
670 701
174 937
815 338
967 804
931 29
560 793
137 922
593 329
648 903
57 366
432 393
425 706
670 132
120 473
263 150
389 528
764 668
282 835
701 754
650 990
75 179
879 683
509 191
364 59
889 296
26 977
996 396
762 574
305 173
383 330
694 398
492 466
516 349
812 920
513 579
691 895
372 453
780 857
726 594
675 260
330 15
258 502
947 177
700 813
894 20
993 213
25 616
151 615
373 180
857 497
778 940
993 838
882 65
373 246
335 497
510 492
848 83
961 873
623 956
530 783
333 918
304 439
608 474
314 784
382 94
743 38
666 207
497 847
769 310
169 661
567 411
459 715
529 380
398 563
116 770
572 673
709 991
774 156
728 312
241 127
28 723
449 439
249 40
327 593
791 108
687 860
357 809
631 556
407 369
703 185
691 52
815 728
604 694
81 794
486 537
672 426
998 532
946 389
814 759
978 915
50 24
63 579
983 136
486 615
895 932
132 970
577 756
446 604
358 140
630 340
927 534
357 873
611 524
850 10
748 711
605 252
320 829
726 913
184 908
403 175
100 69
617 57
189 795
2 665
835 881
361 749
714 676
262 290
594 169
218 608
584 27
13 897
635 300
978 740
605 869
486 764
962 490
554 188
59 91
913 661
860 555
160 338
163 535
409 998
426 327
755 604
81 428
395 399
202 307
945 951
511 107
894 245
544 73
598 398
756 416
843 470
274 680
904 94
185 38
176 393
458 315
585 629
774 753
113 543
450 217
891 328
425 652
551 559
586 285
549 911
342 82
165 971
518 999
332 270
384 29
635 26
520 815
919 801
92 571
280 996
128 214
432 952
781 701
509 645
300 960
98 224
588 930
212 754
12 750
861 973
917 725
667 338
457 30
467 410
831 304
426 86
822 440
878 116
121 282
668 2
998 953
227 852
126 167
454 479
711 22
567 846
623 748
756 540
735 815
998 491
972 21
550 259
506 59
202 82
791 969
673 502
96 358
295 502
896 196
964 574
854 738
638 122
194 420
20 453
51 217
283 927
707 244
927 212
732 521
831 247
330 48
834 608
871 384
470 103
835 840
532 165
983 700
734 641
628 409
557 128
438 516
122 636
526 441
853 223
284 550
408 746
209 667
328 240
134 353
0 17
487 672
999 356
928 125
518 277
860 429
180 704
970 979
628 586
78 260
585 895
621 830
499 401
460 998
370 287
173 106
131 706
272 626
704 152
298 233
558 526
185 3
514 875
61 146
186 999
242 458
957 219
767 65
153 249
455 926
21 180
737 753
939 983
977 772
27 858
698 724
834 388
169 204
773 29
856 277
657 802
138 673
751 197
568 979
720 430
465 348
251 211
762 375
768 487
181 869
535 846
0 65
630 168
365 422
863 189
995 60
368 928
825 40
885 592
671 762
261 970
148 891
270 347
75 536
984 291
50 420
351 359
385 973
521 11
260 732
148 29
576 462
189 617
346 990
369 503
479 236
98 697
894 1000
236 535
695 288
609 367
410 478
713 554
191 270
139 312
932 332
646 622
163 164
406 835
215 30
7 344
257 887
253 320
681 591
53 655
417 146
535 967
608 783
998 567
340 643
677 462
426 901
813 690
575 599
443 757
739 93
36 119
229 995
54 919
656 383
925 599
35 258
170 587
923 155
1 998
518 612
282 471
306 315
569 358
425 10
426 47
976 458
889 437
947 762
619 924
975 423
269 183
880 817
641 867
207 363
824 136
826 653
593 118
801 497
425 581
746 130
635 447
593 1000
80 316
95 844
266 784
749 951
928 462
868 771
476 902
146 824
684 936
106 993
486 155
963 314
797 531
797 62
333 121
133 575
3 822
211 393
155 431
14 567
68 458
616 210
0 293
617 661
82 760
907 961
778 243
209 549
831 974
794 649
798 599
108 20
281 43
236 950
312 468
56 60
105 194
686 90
46 801
740 274
656 532
430 190
556 301
199 833
210 498
199 231
16 400
143 387
826 201
926 70
468 811
770 799
661 836
896 865
635 86
301 714
291 763
392 791
906 501
942 677
260 576
762 910
381 608
921 842
214 148
391 719
85 656
949 256
317 670
11 694
476 962
804 835
419 256
964 109
686 630
811 274
347 542
275 390
278 8
39 538
205 180
909 563
870 630
224 254
846 340
730 477
547 720
886 156
240 415
642 480
204 955
275 116
290 885
715 370
786 399
104 908
504 309
150 736
64 858
924 282
3 490
385 897
244 686
386 216
48 751
871 899
6 125
139 78
228 721
438 797
545 690
314 207
545 219
374 843
993 96
547 28
995 177
779 344
741 344
18 938
638 242
45 684
319 347
105 392
777 212
954 837
588 225
73 893
916 900
884 474
814 12
421 295
956 606
540 500
956 522
360 11
221 806
43 289
954 709
163 283
363 392
427 871
29 316
417 422
348 717
274 86
236 80
391 682
452 132
490 432
915 762
977 650
555 641
582 815
201 450
468 870
387 127
414 615
648 933
429 550
600 435
112 435
330 743
470 575
331 413
231 286
5 792
984 249
642 714
468 270
456 682
709 118
305 98
994 600
928 422
234 643
39 508
514 747
375 638
338 320
65 976
182 743
107 872
149 501
882 721
461 67
827 572
762 986
550 941
325 874
315 529
907 381
5 239
806 227
297 609
738 4
149 861
214 904
436 831
347 196
739 233
239 1
