600 951 600 875 16
99 241
137 139
286 435
365 395
67 340
37 356
384 395
126 225
153 497
131 378
366 387
478 503
406 563
156 270
386 403
70 435
94 567
112 348
2 124
70 286
138 336
230 499
159 546
82 524
354 587
226 596
135 286
265 300
508 553
246 281
77 262
400 544
164 217
170 296
152 522
19 221
18 132
97 422
53 494
531 562
391 541
194 490
583 599
50 343
123 266
284 541
205 254
465 525
493 565
377 463
300 563
458 526
198 401
13 349
127 441
89 463
67 338
65 532
36 468
247 277
359 555
268 563
157 455
465 512
113 195
28 328
10 161
139 255
177 508
129 534
28 429
38 218
220 311
276 316
209 544
369 373
3 368
189 368
28 295
179 219
303 403
1 353
175 480
12 409
465 574
59 568
78 208
173 390
367 534
448 584
16 497
124 273
343 584
136 586
69 152
95 595
413 578
74 179
44 525
178 458
370 461
262 312
111 426
127 329
428 508
162 269
426 565
29 339
9 67
152 594
4 212
62 486
11 270
226 490
58 494
52 501
189 562
421 570
223 243
127 540
375 476
154 559
209 405
9 180
48 452
266 320
47 62
30 498
164 391
415 469
413 506
289 419
457 469
197 453
40 402
17 182
78 582
256 486
528 553
101 555
227 593
254 510
186 543
434 452
302 416
141 185
31 204
160 374
186 549
75 485
125 453
55 540
516 555
22 459
389 512
55 504
80 489
461 491
292 487
159 317
1 180
197 215
290 477
411 506
279 528
199 367
131 267
203 352
182 187
162 364
33 81
124 246
74 219
215 239
316 460
330 584
492 534
244 500
108 318
204 339
15 385
74 464
207 324
87 543
59 187
431 598
113 469
409 593
201 249
398 578
311 566
162 204
77 544
50 238
126 555
17 25
500 590
42 368
231 465
218 519
48 434
3 416
13 209
85 482
346 374
140 262
42 479
46 416
77 399
574 576
26 534
317 444
357 412
22 166
163 197
293 539
174 445
210 511
105 227
167 369
122 201
33 384
260 537
332 453
159 594
262 410
329 498
47 135
447 580
340 530
152 344
200 370
4 502
360 488
38 509
233 393
162 292
527 570
249 293
107 584
359 516
519 552
229 491
357 455
62 256
36 48
82 192
294 482
210 400
72 300
105 146
89 590
66 295
22 91
105 520
59 474
310 361
282 359
23 382
81 174
257 284
211 494
146 545
32 404
543 566
181 298
60 76
140 547
167 408
9 404
12 214
189 467
522 532
343 561
146 202
185 517
52 155
430 565
277 583
146 380
26 129
407 570
54 437
100 169
171 560
116 236
116 201
162 229
171 293
175 583
109 194
203 333
202 380
80 184
263 386
242 395
43 128
291 554
485 500
371 580
99 389
267 542
165 226
89 223
89 449
229 339
438 481
281 567
367 374
265 284
224 446
427 452
138 161
119 422
434 503
475 515
139 342
168 588
293 591
188 513
161 438
101 288
462 481
251 593
201 311
22 315
70 306
96 253
208 548
529 577
6 570
16 469
199 374
43 549
211 353
128 235
230 591
476 494
141 585
216 333
184 489
406 444
568 591
255 366
338 404
48 383
51 587
135 486
63 482
266 347
213 504
180 294
255 308
209 337
146 381
319 327
262 358
20 459
184 498
107 305
75 244
131 427
247 388
79 304
129 359
116 234
56 501
171 230
57 246
451 508
436 518
363 415
39 253
115 417
477 487
133 452
14 304
80 536
436 574
75 95
340 595
354 393
199 282
301 365
499 510
60 73
124 372
137 581
31 229
80 498
77 322
83 441
25 273
291 557
44 584
24 32
381 527
20 287
421 489
321 507
471 476
313 526
376 571
94 217
265 324
248 447
115 138
138 245
157 462
277 578
125 258
63 404
266 282
206 399
392 490
272 340
394 538
148 458
236 566
44 529
352 560
407 527
68 257
92 563
142 201
442 498
181 347
495 541
185 298
161 336
60 306
29 31
292 425
30 514
28 271
175 277
85 169
174 384
20 40
145 348
428 490
206 547
123 555
456 591
87 120
48 585
260 548
516 595
163 291
385 488
40 287
57 254
36 431
371 431
108 382
5 479
36 434
99 177
247 446
486 577
285 375
264 355
72 324
272 289
315 498
137 144
105 527
201 216
219 464
141 383
109 480
72 265
82 325
122 539
301 546
144 519
314 318
0 145
319 515
98 317
171 591
341 580
115 446
278 292
393 587
376 544
46 120
9 340
248 412
191 538
170 409
98 522
134 504
140 410
282 492
202 299
345 362
169 471
283 433
217 378
229 323
97 119
0 432
33 395
150 417
106 408
108 401
7 239
131 567
106 460
169 397
10 336
162 477
146 443
5 64
120 524
166 498
115 336
97 533
95 243
172 406
240 547
388 480
383 585
469 497
1 272
165 559
224 509
6 407
124 168
253 377
8 328
543 549
15 405
412 447
259 322
308 366
45 396
165 392
224 336
7 241
16 195
480 508
418 571
14 425
291 422
337 405
307 449
105 214
183 594
288 340
151 248
80 252
259 495
313 548
196 263
414 553
8 569
6 356
55 127
363 457
310 579
171 539
378 472
299 380
271 481
337 571
282 555
535 553
241 389
148 271
68 143
132 401
379 424
237 299
411 465
49 363
190 427
376 399
142 311
15 66
154 454
123 126
178 403
220 420
134 442
363 580
39 96
458 475
419 562
131 190
7 389
24 89
409 536
139 213
210 495
261 350
66 462
344 538
220 566
117 476
315 459
130 267
172 444
5 35
14 290
50 97
229 547
428 596
239 241
20 91
340 440
277 398
47 256
21 265
268 464
253 393
309 397
237 310
176 525
259 511
237 579
260 403
158 222
499 568
222 408
191 394
149 452
176 529
237 351
520 527
143 228
103 326
266 346
226 392
431 503
34 441
210 391
79 204
69 573
132 314
18 584
279 428
292 364
231 518
396 466
200 408
27 284
214 310
110 255
479 531
334 423
428 480
196 484
256 577
318 379
254 542
6 184
134 280
238 561
2 182
246 474
250 419
122 249
20 296
374 468
35 123
24 377
160 383
113 457
442 514
188 432
83 110
344 394
18 84
4 51
348 573
475 496
157 405
193 544
34 127
43 285
166 315
444 445
442 540
28 505
317 445
1 294
430 576
403 526
13 195
59 254
170 252
363 478
38 396
50 561
78 260
258 592
327 475
165 596
98 228
230 560
73 577
396 430
61 81
170 459
155 574
419 531
355 525
12 251
140 162
413 473
167 373
425 487
296 402
32 338
42 46
356 407
36 367
158 556
177 599
227 520
303 496
392 534
201 333
432 550
281 575
275 361
185 499
423 547
164 207
193 209
39 54
12 276
110 144
217 335
89 258
96 354
241 451
276 589
23 314
275 408
458 515
64 118
44 343
407 564
86 224
329 442
59 591
216 261
163 332
489 593
45 426
464 575
1 467
361 373
232 357
42 597
54 377
147 215
167 275
390 441
225 530
194 447
430 574
65 79
176 518
45 565
509 548
343 558
2 273
422 502
91 459
82 479
33 61
207 217
105 299
85 471
425 522
27 317
88 275
8 589
98 594
102 444
279 553
198 507
53 58
499 517
527 564
51 136
34 91
163 502
114 128
252 536
11 222
201 352
1 562
90 278
437 476
170 276
197 291
333 352
48 468
5 250
139 521
19 264
326 521
360 571
84 238
299 579
2 474
177 241
389 411
528 535
144 255
191 573
163 233
122 171
109 388
47 286
407 443
242 550
250 531
340 555
262 322
179 300
194 417
98 143
268 444
153 349
43 114
365 445
55 134
41 285
387 441
22 329
128 302
450 529
64 479
381 407
7 557
192 524
72 179
155 411
386 537
158 200
501 509
110 121
214 299
128 416
152 523
137 521
435 565
381 443
119 572
0 348
168 246
64 325
32 223
87 114
296 459
110 387
175 508
71 537
219 268
323 423
106 222
403 496
78 470
41 53
81 268
196 319
132 584
31 339
4 586
53 297
355 558
73 256
95 516
143 425
61 588
58 211
199 534
30 442
69 513
46 302
255 387
280 439
227 421
434 551
249 456
232 497
449 590
74 281
213 521
36 374
195 210
523 532
25 588
507 577
279 535
276 483
254 568
79 538
85 404
133 510
5 347
259 358
68 228
203 499
186 283
458 496
453 500
136 233
158 274
208 552
445 546
116 216
148 526
65 538
488 505
316 589
4 136
231 436
331 557
134 514
362 432
338 340
175 388
104 196
208 260
381 545
252 315
33 242
202 351
289 440
221 533
13 157
41 128
69 344
207 391
242 365
454 553
195 391
375 494
93 189
143 278
160 346
415 457
42 189
245 438
572 390 380 353 519 392 578 457 429 408 389 409 345 239 528 497 311 375 103 384 505 455 507 272 521 202 454 159 446 257 392 333 124 330 401 519 40 50 143 52 168 438 213 254 50 475 406 173 21 11 521 501 310 234 177 157 287 138 102 495 322 461 530 198 570 555 559 128 161 35 413 29 381 245 56 381 501 194 229 390 190 409 301 447 5 382 404 139 265 355 162 170 160 313 195 414 6 363 127 183 256 409 64 145 26 88 362 223 424 136 202 517 435 338 447 346 79 315 217 179 38 221 200 34 278 398 38 254 34 276 391 317 276 41 474 405 532 317 598 76 21 108 592 284 31 347 36 555 169 246 586 259 599 71 514 64 189 492 569 274 414 579 20 455 261 165 472 257 116 363 228 408 129 556 107 463 250 142 244 98 242 590 259 142 423 577 296 35 461 497 30 464 180 593 422 481 8 408 353 164 75 391 315 290 226 148 6 314 523 316 276 199 7 25 318 374 22 253 401 390 107 425 232 336 141 76 141 130 13 455 489 527 236 345 472 532 118 505 18 224 425 241 113 314 430 436 306 332 199 188 257 275 163 45 171 388 330 186 453 301 332 154 348 338 181 249 242 252 125 8 564 231 89 248 349 25 388 514 346 553 497 266 21 4 186 247 494 52 401 387 141 80 522 563 469 575 256 317 364 177 495 318 461 486 504 356 419 479 246 449 341 202 423 23 184 0 317 310 130 301 327 261 23 59 463 367 419 30 325 560 133 12 346 202 24 53 586 306 420 204 125 138 488 120 169 359 575 461 32 22 518 520 332 162 30 211 313 141 151 272 347 289 444 416 294 416 4 468 135 515 50 388 219 500 230 422 589 577 409 319 414 553 90 87 187 408 491 415 468 119 348 7 395 251 84 546 513 536 530 220 305 23 157 474 188 577 100 356 332 141 369 251 83 553 209 109 304 172 452 263 500 202 131 399 66 48 489 464 217 247 315 261 375 276 507 299 349 69 146 84 329 27 467 555 381 43 487 281 74 126 34 365 299 185 228 327 549 64 183 177 318 142 353 151 290 19 93 238 141 586 347 386 391 393 21 279 101 150 518 309 201 334 552 287 483 451 482 181 212 502 531 316 246 341 598 346 22 289 535 516 231 431 208 30 357 200 458 35 491 514 381 299 291 561 217 103 38 115 122 239 597 2 29 28 326 276 529 566 277 142 394 224 213 157 432 271 563 234 172 56 90 57 95 71 408 159 309 325 496 485 591 460 97 11 240 66 275 366 512 441 398 416 168 104 120 111 502 229 182 114 140 448 439 75 118 389 217 473 277 398 336 206 583 188 238 345 401 231 495 560 245 438 378 367 91 200 543 499 42 311
971 930
729 134
940 606
813 95
344 25
801 294
72 879
353 245
321 764
623 134
331 522
387 824
254 886
511 648
719 969
467 675
539 641
996 577
165 48
254 224
164 674
729 688
114 715
91 22
544 101
998 688
592 353
753 777
360 679
577 954
54 798
597 972
557 133
973 810
114 653
772 285
693 432
27 864
238 423
554 21
184 644
849 47
831 165
976 41
144 198
146 395
884 161
19 309
748 453
625 514
259 68
382 10
241 398
813 37
576 52
35 669
264 361
853 606
752 49
929 503
114 289
968 739
21 279
660 103
842 313
784 967
424 625
595 167
729 770
841 945
28 333
167 578
790 641
82 266
877 666
477 230
142 331
556 773
187 517
778 996
115 820
918 727
870 208
129 594
191 24
627 97
292 465
955 115
305 834
486 112
708 831
140 675
786 725
780 115
723 639
572 233
486 0
260 122
803 865
328 305
613 48
620 253
843 771
5 426
300 729
149 941
362 843
87 122
8 91
435 407
141 553
95 447
917 977
613 640
938 75
383 439
944 235
618 12
865 312
288 120
910 148
133 529
963 357
697 296
962 633
419 125
688 252
65 671
904 71
602 315
806 568
771 545
100 62
811 477
11 709
1 382
391 42
70 510
415 498
43 530
604 868
809 385
983 343
733 849
112 514
953 962
148 994
417 268
334 569
729 472
442 464
464 561
811 923
519 605
556 320
227 368
434 843
463 632
425 926
865 864
742 373
371 534
620 922
338 134
655 641
569 418
117 743
349 916
945 656
634 36
181 818
930 408
790 759
36 600
888 777
415 370
110 246
375 317
293 561
832 671
680 132
825 333
977 563
866 900
81 822
806 419
998 142
952 524
933 902
810 150
781 515
890 997
879 252
550 672
486 444
562 650
261 719
390 190
18 220
678 350
397 903
947 339
225 1000
858 371
652 988
906 562
531 817
697 664
240 488
525 716
581 696
719 40
291 42
7 534
253 923
427 236
940 293
668 607
184 444
862 694
996 194
267 173
395 878
494 155
309 490
703 207
514 401
155 898
772 822
557 926
905 426
206 276
512 570
385 75
960 216
874 69
927 182
257 988
260 30
390 228
457 884
358 275
959 852
525 167
473 173
421 531
912 602
355 431
471 518
994 365
779 219
231 894
149 798
510 36
859 516
89 535
41 262
711 753
440 101
650 753
224 520
908 273
629 838
238 678
238 194
782 687
719 312
829 553
864 748
604 941
399 846
368 616
677 155
989 614
420 867
318 873
249 783
359 378
691 849
517 308
3 823
885 624
673 308
999 55
727 731
886 35
28 367
148 644
612 228
732 175
692 933
324 153
669 890
975 449
712 118
398 679
209 713
795 72
834 366
204 954
798 669
906 883
908 117
249 631
694 984
99 101
59 307
482 200
73 577
568 101
287 943
982 227
572 807
255 528
134 7
141 766
275 824
806 807
8 5
276 699
745 305
95 169
624 765
522 887
746 658
861 269
4 455
273 640
324 727
89 722
130 125
301 205
393 128
890 321
482 967
683 588
358 514
481 717
571 160
560 983
628 178
576 536
23 565
198 141
825 968
970 988
731 336
765 329
929 932
490 620
908 228
311 974
913 337
702 59
469 16
208 195
49 878
487 551
688 786
620 286
380 729
292 858
993 867
605 543
652 858
917 836
49 575
658 423
804 120
368 974
388 946
625 472
968 668
319 909
689 393
819 4
488 769
537 42
724 580
22 36
174 973
83 992
53 65
785 380
907 759
449 717
215 660
95 588
401 413
323 274
45 638
664 678
519 438
469 48
854 972
928 800
200 411
608 76
336 377
459 791
580 726
53 134
193 667
246 554
609 113
486 689
828 744
63 940
371 870
163 848
578 851
274 282
530 525
311 338
441 274
596 572
873 108
423 446
392 791
760 200
981 161
104 898
319 106
457 911
23 70
719 898
113 404
736 534
502 355
355 650
173 368
632 438
977 906
974 12
706 488
82 347
173 294
589 3
379 560
39 825
688 185
71 620
30 739
36 994
824 791
862 806
328 456
517 499
181 68
471 150
131 154
400 300
757 520
416 154
568 282
477 600
978 481
648 583
320 591
158 708
307 811
409 995
442 610
529 73
922 685
227 293
163 411
759 137
718 417
572 613
171 547
667 35
702 567
299 386
932 548
283 596
702 9
684 959
655 554
846 246
456 393
408 574
683 98
221 748
244 752
444 209
14 255
659 918
416 727
138 872
479 393
469 992
651 327
88 401
761 10
645 727
258 595
570 590
73 782
867 434
430 175
280 411
338 77
649 498
0 634
383 703
296 302
51 171
426 349
285 440
840 469
622 741
287 236
905 907
10 763
308 668
598 270
833 409
167 261
159 477
123 922
24 478
757 926
782 941
915 203
228 231
304 540
125 946
476 329
108 203
679 210
800 203
745 960
239 166
595 427
493 310
144 826
184 610
835 994
959 407
47 722
701 729
822 531
972 137
553 731
114 985
877 843
543 869
264 490
987 97
966 883
672 512
204 462
511 277
314 132
654 257
464 950
332 208
215 168
572 365
930 380
212 48
773 157
825 715
93 937
127 359
955 192
790 604
881 460
348 769
70 917
437 761
291 178
903 953
199 323
913 634
199 382
52 223
337 341
234 963
579 487
73 460
151 504
389 368
138 94
782 430
365 40
437 1
981 706
272 782
465 122
942 467
479 69
200 887
832 893
589 214
533 383
869 179
589 460
374 348
