600 1326 600 1085 4
218 378
400 478
93 318
36 241
45 456
270 591
447 519
280 444
387 589
318 387
77 256
173 268
198 380
254 413
37 444
108 417
61 564
541 542
109 323
62 561
376 476
407 479
291 410
156 370
132 438
73 260
320 510
96 279
127 387
18 442
150 346
242 512
493 541
34 289
15 309
8 66
248 436
87 256
278 406
372 558
57 568
147 232
372 529
206 550
84 410
106 285
338 487
142 298
8 389
49 437
338 375
366 497
262 297
219 509
331 397
214 334
118 599
6 304
80 529
266 344
287 564
491 544
29 286
393 595
142 571
474 539
158 165
471 580
81 258
284 295
185 464
570 575
309 433
133 416
37 86
29 349
58 224
240 372
10 185
217 251
78 225
23 60
123 206
184 204
4 276
404 459
113 493
28 294
212 282
192 404
510 512
392 401
22 574
41 373
91 523
197 339
253 529
193 597
329 446
170 327
234 468
229 269
164 553
327 566
121 323
180 588
206 254
84 291
21 398
260 513
25 518
148 225
184 334
382 575
49 227
58 390
191 316
397 534
139 399
21 464
349 486
161 407
438 487
411 422
324 412
100 417
0 374
117 140
10 199
331 343
204 247
50 445
462 497
164 586
142 293
502 558
280 463
272 577
420 542
176 449
353 356
56 312
80 240
23 598
30 177
212 570
198 576
300 347
201 429
42 504
124 356
57 217
82 531
231 279
55 492
62 342
535 569
174 555
350 538
84 330
172 413
156 535
279 295
28 582
417 511
346 535
171 249
21 79
56 122
75 551
293 538
106 587
86 500
271 361
20 378
408 555
11 454
35 319
40 402
196 390
84 440
151 546
412 460
252 354
215 410
144 225
465 505
21 91
441 495
184 483
567 586
91 398
348 427
94 130
123 499
192 498
197 569
292 474
212 552
104 364
104 336
157 506
187 503
52 131
85 401
325 557
386 568
191 472
210 266
336 356
63 577
518 589
296 345
319 418
388 455
34 328
361 383
35 315
283 325
149 450
92 292
36 128
292 539
6 460
77 106
85 182
273 387
36 466
23 379
528 544
291 411
358 505
197 535
282 367
257 566
224 390
176 248
16 551
19 168
424 564
7 564
176 461
341 347
360 537
356 592
14 438
278 366
107 543
326 585
307 539
169 273
163 319
66 476
143 427
66 268
214 356
121 482
164 567
312 595
50 290
128 241
372 502
243 554
43 237
148 159
294 582
225 316
405 530
281 458
366 451
485 568
466 482
117 448
2 335
339 535
15 363
316 563
518 592
383 561
295 344
246 423
140 454
215 440
530 561
103 568
102 435
63 467
181 204
131 519
81 556
105 196
266 368
119 567
68 384
48 393
259 417
181 334
307 432
69 145
25 592
241 573
499 524
416 596
319 553
292 596
77 285
43 533
59 79
152 343
108 511
171 284
233 444
105 389
27 235
466 492
39 63
23 115
77 587
351 438
47 157
146 245
313 455
69 401
333 592
158 451
133 490
203 338
7 287
127 589
397 467
26 259
148 398
13 460
306 516
365 538
122 393
434 596
320 322
99 416
45 294
554 566
71 573
427 503
18 65
163 394
290 587
248 545
126 575
11 134
275 404
95 351
143 155
182 557
241 466
31 267
263 539
369 573
29 302
13 324
268 483
144 174
278 323
297 519
35 303
414 451
409 584
28 101
56 377
402 593
217 353
325 352
285 597
351 441
381 559
120 326
133 596
39 563
265 269
188 247
80 253
135 595
153 468
337 506
170 235
191 563
525 568
315 545
51 332
10 457
373 470
148 202
99 496
172 272
226 311
98 453
183 538
320 512
47 98
43 68
13 560
464 543
317 338
112 320
169 518
285 313
110 137
136 419
331 467
73 235
252 465
79 199
388 426
112 510
87 245
500 569
125 136
239 374
366 399
48 595
49 396
437 455
298 571
22 129
15 104
2 72
313 437
0 443
179 335
384 418
182 321
120 593
518 565
0 16
171 220
380 532
159 316
228 509
149 514
337 453
228 586
267 466
198 239
287 456
153 234
5 287
144 555
86 281
247 490
64 377
13 173
2 42
98 335
97 147
239 459
198 532
82 599
233 536
244 552
178 404
159 563
198 551
40 358
17 355
363 485
130 590
255 588
231 368
328 564
32 210
247 432
166 360
7 423
216 242
155 587
136 521
452 525
580 597
247 263
27 380
75 559
230 503
353 562
97 238
55 267
293 298
500 584
217 568
169 181
124 362
156 384
449 461
85 557
87 166
111 540
431 537
250 270
495 496
354 505
34 456
55 152
38 223
172 534
67 168
139 366
157 441
43 498
401 546
6 209
47 208
246 361
163 303
174 523
520 540
431 530
380 458
64 120
173 560
412 453
100 200
152 550
70 259
137 158
48 579
346 569
219 228
182 347
216 583
111 215
143 187
64 520
397 581
141 388
251 364
269 444
188 478
129 140
309 363
446 545
163 219
433 575
248 461
386 525
322 548
306 322
71 323
348 540
191 355
161 476
5 582
30 421
338 403
20 228
287 328
551 576
70 183
126 363
23 51
97 439
167 248
140 207
139 323
301 575
2 179
134 528
292 396
105 415
114 187
25 214
293 350
168 304
190 560
354 358
359 457
398 556
395 465
215 503
26 417
2 400
141 245
268 425
85 321
422 588
318 445
246 599
232 594
76 598
257 429
391 591
371 471
20 157
223 284
234 290
166 537
9 557
58 69
272 534
58 415
484 573
449 507
493 542
83 431
271 530
220 296
4 162
359 470
284 450
343 526
167 507
186 580
192 459
180 256
384 553
47 441
99 419
299 391
195 211
203 496
443 551
6 457
45 287
119 157
193 285
12 598
137 477
175 566
289 437
237 418
108 547
389 469
77 114
110 497
131 170
94 240
95 495
150 238
213 499
182 341
313 508
94 372
277 419
224 501
117 333
273 589
221 330
89 383
251 336
101 269
181 307
242 583
308 337
350 524
250 398
153 580
324 453
333 428
426 455
322 430
74 190
126 189
134 210
317 385
12 76
310 466
210 491
249 296
103 300
106 290
317 584
118 488
5 45
145 253
261 352
124 353
30 149
275 420
41 59
334 356
78 316
236 343
57 376
109 213
50 171
17 138
430 516
146 285
197 338
407 549
262 447
116 408
8 549
123 524
70 298
429 447
163 486
21 250
351 495
227 307
50 220
281 559
69 80
540 585
427 540
483 504
12 352
226 574
14 567
248 315
179 324
210 368
175 554
305 584
274 591
184 425
458 559
118 361
13 209
68 533
126 485
465 579
199 457
472 563
161 376
160 224
250 556
100 511
22 207
303 349
313 371
73 513
217 364
222 389
44 495
488 531
327 554
511 547
188 400
11 207
46 499
7 246
233 280
296 585
72 400
116 276
304 457
268 362
62 530
241 310
101 582
520 585
256 588
96 593
396 434
280 306
208 506
237 461
192 533
160 276
184 268
96 402
94 558
47 495
93 387
14 357
147 156
28 409
45 489
230 588
18 168
148 556
458 475
181 432
70 286
121 310
132 197
395 505
140 333
265 444
457 470
76 102
100 219
195 429
435 598
40 593
463 475
420 493
55 499
237 315
281 381
249 345
274 527
353 376
42 483
45 521
525 546
206 413
123 152
4 408
211 583
36 399
86 381
273 318
397 413
10 67
328 424
360 411
479 525
164 438
125 419
55 213
54 355
127 311
125 277
288 368
126 300
419 434
413 591
47 506
68 232
115 332
351 487
509 511
442 464
22 565
213 492
173 190
308 506
298 538
395 579
72 478
294 489
143 296
167 329
371 597
90 471
53 264
217 336
236 526
33 156
167 436
359 389
367 544
242 340
371 437
74 222
22 428
57 407
166 488
36 484
290 468
145 283
69 557
19 337
161 549
227 396
438 441
109 121
174 202
461 522
289 426
157 228
72 335
69 392
38 311
65 308
204 504
50 587
261 557
367 454
112 322
218 511
218 299
209 560
38 149
93 223
249 295
63 534
348 585
244 454
304 460
498 522
341 481
42 400
174 408
41 116
18 308
295 450
274 391
24 480
488 537
130 160
289 455
94 590
274 413
38 93
303 446
15 364
178 192
41 359
83 360
270 299
66 74
15 212
221 230
127 574
31 55
68 237
479 549
344 368
44 494
459 594
150 535
362 476
92 133
53 115
152 397
52 257
128 573
16 576
362 376
282 578
218 391
263 474
107 442
143 503
381 500
93 311
53 253
280 322
1 215
61 599
38 226
216 429
39 526
114 230
160 590
238 439
20 509
367 578
85 546
365 527
30 574
211 429
38 450
321 525
202 225
323 515
365 517
565 592
229 423
29 329
4 116
41 469
378 511
323 350
87 422
255 330
32 194
480 491
108 527
57 386
235 541
207 454
63 331
129 207
7 101
207 574
52 170
105 390
132 370
169 307
156 164
240 529
56 540
227 471
137 165
66 362
361 561
53 332
4 555
89 269
147 238
231 295
291 330
187 230
326 345
244 282
303 486
553 586
288 402
137 451
67 304
346 381
143 348
62 383
564 599
28 37
73 541
270 543
94 138
148 258
202 398
237 248
34 426
406 515
254 365
186 273
497 571
177 210
377 520
101 444
35 545
214 518
390 415
260 297
208 337
77 180
311 387
296 348
476 549
498 533
99 136
148 316
341 572
82 564
183 527
178 522
579 595
101 287
27 327
104 552
321 347
121 213
10 464
0 232
330 411
151 479
252 505
371 580
482 492
43 461
79 470
178 275
51 352
327 463
18 19
481 572
534 581
89 430
24 40
3 433
136 289
85 525
33 339
160 162
216 340
175 340
34 287
235 380
314 414
59 116
347 481
25 356
263 432
83 411
90 227
103 485
340 566
232 439
346 500
232 533
223 450
60 115
88 462
184 504
59 373
83 405
57 353
342 430
232 374
356 362
399 484
3 309
75 458
120 520
135 252
254 274
68 147
26 200
283 332
168 412
79 91
11 367
60 332
308 378
119 357
96 120
6 359
205 426
305 375
433 570
312 377
32 491
236 267
455 508
249 284
146 388
58 80
323 406
342 512
45 385
288 480
354 377
120 354
294 409
338 385
402 480
186 318
391 547
225 355
41 501
469 501
139 278
403 496
194 480
374 459
92 490
131 235
213 482
358 593
68 418
137 462
512 548
241 369
194 368
229 246
29 200
110 462
28 86
54 162
101 423
431 488
81 159
8 476
370 438
359 469
266 514
212 244
163 228
35 446
9 325
270 464
15 552
179 453
58 392
134 421
59 91
190 222
134 177
315 418
410 440
416 494
393 410
45 203
193 371
62 512
82 118
121 573
188 504
279 402
82 245
314 507
158 414
132 487
242 510
527 547
22 127
366 406
79 464
92 596
172 250
85 452
276 501
215 221
124 562
252 377
151 415
5 294
118 246
394 486
235 513
146 508
56 595
1 410
261 325
135 377
171 223
20 506
229 383
180 230
386 407
124 376
111 122
146 313
429 566
382 473
178 498
357 438
368 480
269 423
220 587
105 151
0 439
17 54
331 526
154 593
379 435
195 201
544 578
66 222
83 537
132 338
167 545
90 186
13 412
47 335
125 289
188 490
71 399
376 562
27 458
221 255
33 132
286 477
79 185
130 240
13 42
7 61
206 365
83 291
169 589
322 512
204 432
75 380
385 409
99 521
42 188
392 415
71 139
127 565
327 475
81 577
80 145
123 550
203 403
39 331
346 439
209 222
76 481
397 550
113 532
267 492
279 345
176 507
153 318
78 355
92 474
281 536
200 486
71 121
306 430
451 462
185 199
479 546
429 583
93 445
439 443
9 145
120 585
66 389
87 531
59 523
189 575
365 524
145 325
286 298
172 270
418 553
16 374
106 468
145 332
109 499
343 397
317 409
235 532
381 443
120 358
442 543
138 590
224 240
31 236
367 528
285 468
144 355
299 591
254 527
16 443
4 160
31 343
463 554
74 173
424 426
212 578
416 434
138 472
105 549
416 496
141 205
122 595
90 307
189 347
233 463
244 367
27 170
166 422
376 407
318 580
558 541 593 175 415 290 227 461 357 302 378 38 320 525 31 127 167 202 440 129 292 305 583 129 94 160 41 317 16 106 229 323 466 449 138 20 489 367 356 98 561 381 557 527 181 27 1 351 44 51 368 396 77 114 92 492 364 433 73 99 194 221 382 562 377 344 579 575 420 441 177 467 136 316 420 472 254 394 72 429 484 411 528 27 206 55 94 6 222 110 417 413 528 17 385 94 110 254 103 365 63 320 483 423 486 554 322 294 471 402 435 4 263 196 546 452 255 163 318 268 5 341 591 417 186 91 302 403 38 7 422 514 228 413 27 535 35 197 310 89 288 34 57 290 411 14 547 22 305 39 328 448 281 308 193 333 378 381 299 364 581 352 88 48 156 9 404 157 291 406 25 363 324 535 139 418 490 590 566 411 570 523 569 62 82 470 398 68 272 594 11 435 496 440 400 511 140 266 183 271 557 418 433 506 480 516 537 287 368 43 267 19 317 474 423 267 514 3 75 46 527 486 171 457 411 557 430 587 91 31 443 30 418 527 60 316 113 275 420 132 69 196 41 555 71 491 499 579 349 3 491 478 261 82 337 123 555 509 89 386 544 76 470 75 583 99 96 478 438 32 278 583 237 169 25 131 69 259 59 121 163 145 131 373 325 82 451 148 245 14 161 10 175 1 6 323 24 534 483 542 237 176 189 359 409 530 138 122 457 463 243 563 132 375 262 583 87 5 542 475 499 423 299 94 337 428 132 142 569 142 196 388 503 205 468 448 50 78 281 256 6 58 131 301 100 445 356 318 346 450 9 97 560 480 488 117 20 220 14 409 486 380 75 353 120 112 54 220 174 203 49 517 296 14 207 416 298 382 244 202 596 105 293 9 188 478 395 176 211 136 554 77 513 263 8 443 361 338 405 509 129 418 80 400 120 156 227 570 97 145 72 428 272 509 376 394 297 120 552 92 111 84 384 22 523 184 238 8 453 154 276 82 21 137 201 134 159 116 212 334 30 403 406 325 385 118 326 187 133 390 225 66 260 209 585 32 219 552 118 565 559 266 233 52 364 331 263 539 422 197 551 50 99 422 50 591 34 76 289 369 171 501 352 149 9 183 87 228 139 572 167 210 554 90 218 81 145 237 58 60 220 506 248 199 95 426 114 516 168 13 404 469 93 342 218 468 558 520 111 137 325 482 291 47 509 570 79 471 122 489 524 341 385 435 92 245 484 520 61 311 387 415 370 568 522 230 496 340 583 99 100 557 117 491 568 591 257 533 246 399 65 359 287 305 132 576 65 330 482 442 193 29 593 373 228 329 548 377 170 552 302 536 323 255 527 497 64 69 564 52 410 469 29 98 460 11 230 17 502 488
839 330
194 22
495 561
26 711
446 874
576 241
477 678
531 205
331 720
173 847
547 738
58 470
71 919
472 630
702 493
56 649
863 278
427 978
613 670
589 632
681 598
618 827
178 477
70 973
3 243
265 516
787 708
865 176
662 247
857 657
135 418
781 983
5 345
720 392
502 261
861 545
971 999
685 193
188 375
657 986
12 208
432 786
444 583
910 435
548 489
582 303
864 869
603 553
83 5
406 363
236 238
120 919
835 115
220 961
415 929
825 968
142 70
226 660
288 869
485 812
131 966
513 182
590 40
667 930
82 140
658 678
352 664
574 707
870 447
217 841
827 723
962 897
507 506
970 184
385 653
823 232
27 870
321 194
523 961
517 783
270 901
639 922
439 126
447 11
279 12
179 788
722 244
397 132
968 757
596 113
344 418
540 843
419 454
235 366
331 937
606 423
70 234
836 391
561 563
518 381
740 648
585 211
2 925
169 719
132 605
318 781
315 225
643 714
752 736
893 866
911 721
176 64
710 84
954 248
288 183
195 994
440 844
127 570
492 116
710 534
92 182
918 897
166 36
803 875
281 612
455 332
62 715
223 440
967 965
145 490
361 911
908 115
683 410
465 471
35 435
64 44
504 348
958 692
376 983
980 848
128 524
445 183
907 755
214 161
491 911
194 883
348 205
843 434
575 936
153 392
793 335
268 779
787 922
302 316
44 180
243 188
770 414
653 549
965 646
615 981
394 885
296 697
442 911
779 572
755 480
933 634
393 70
960 585
566 667
309 470
884 152
202 257
682 839
407 630
514 882
758 87
969 499
74 415
986 429
530 556
310 157
326 501
117 812
815 779
341 564
567 763
308 391
265 149
445 526
56 753
420 665
521 992
932 374
345 273
30 329
917 15
348 793
711 360
916 265
513 735
805 654
922 46
547 911
583 360
363 545
432 213
757 842
119 470
625 575
448 685
31 389
877 3
38 595
863 925
295 507
209 63
816 53
194 646
690 709
744 605
218 211
276 63
395 697
212 318
352 861
518 931
179 407
384 396
715 568
561 128
268 120
72 301
870 378
714 173
274 269
925 171
749 986
896 490
802 387
920 311
299 927
939 984
725 6
755 117
83 547
383 175
542 159
396 535
946 523
152 260
626 855
170 623
44 99
216 920
755 811
300 86
353 153
866 86
609 927
787 742
998 107
144 842
971 46
387 492
247 998
654 140
66 375
824 998
372 618
608 155
642 806
526 53
666 894
287 421
721 785
1000 364
411 835
434 353
969 819
105 271
701 112
762 203
35 550
164 906
157 315
338 244
849 693
533 243
31 291
465 301
294 248
345 3
429 426
862 790
621 274
123 322
181 203
966 95
838 758
679 756
115 727
3 820
907 661
834 584
536 697
707 309
664 111
361 452
635 625
61 685
905 959
216 389
97 66
382 262
989 583
897 541
553 977
656 327
284 358
821 533
696 46
132 767
662 58
930 848
495 605
146 875
114 203
815 146
489 229
895 612
316 36
695 945
184 938
168 525
330 533
549 533
191 582
599 598
649 371
743 367
770 45
99 837
628 26
742 947
108 348
128 229
774 306
90 783
163 156
846 615
873 839
632 460
108 892
223 611
44 143
466 952
267 584
662 499
3 176
443 732
408 34
535 104
303 636
91 664
165 655
796 811
977 785
56 506
59 330
936 953
735 434
376 321
290 970
470 778
881 328
688 341
268 658
85 105
684 651
41 997
894 213
760 266
9 786
590 75
810 466
615 327
223 690
249 415
408 232
381 726
330 834
711 753
245 830
165 2
786 608
8 33
441 382
734 899
590 860
998 878
465 553
221 808
31 259
607 382
964 347
494 41
935 783
253 717
468 853
632 303
234 2
372 43
517 625
724 833
1000 621
293 824
498 419
765 689
855 504
475 360
999 324
94 439
329 78
571 168
459 226
316 597
459 261
201 107
193 504
857 40
621 61
474 66
359 506
7 681
466 402
2 997
960 549
421 325
661 470
818 353
247 45
614 507
604 714
804 275
659 171
258 326
889 583
916 83
180 553
1000 498
149 344
992 681
161 763
548 616
90 507
421 265
536 307
496 708
809 183
917 345
502 662
937 478
976 721
755 149
599 769
31 71
898 994
703 895
315 286
403 772
482 751
371 367
462 990
42 785
389 460
784 150
324 686
894 687
478 521
234 748
4 316
61 815
900 928
417 598
986 927
142 697
817 609
638 422
452 92
589 267
434 492
2 412
864 961
950 288
522 457
574 444
562 409
946 738
941 429
839 887
718 277
385 803
312 989
222 131
421 558
3 125
650 594
1000 538
376 228
713 633
735 36
728 679
687 1
971 138
101 383
893 800
633 110
797 844
247 482
937 112
111 121
544 342
991 458
503 851
825 852
191 749
697 991
757 768
13 473
258 965
522 22
414 107
925 234
902 400
684 868
765 344
725 205
442 46
827 822
390 426
158 115
983 241
986 295
644 751
11 506
923 567
212 774
733 712
663 20
282 726
763 894
842 255
94 597
803 495
790 99
476 883
620 887
165 816
347 991
785 250
458 656
556 42
251 624
583 997
489 200
218 488
818 87
745 509
173 685
736 324
4 621
882 723
60 849
935 924
159 454
7 741
889 293
649 956
5 548
53 11
338 372
719 864
608 231
830 2
682 291
127 158
778 535
265 224
330 116
267 445
369 947
674 808
219 528
42 211
898 368
117 28
465 439
344 307
30 941
515 142
