600 994 600 707 24
157 206
18 19
64 462
251 281
103 498
156 567
292 569
478 595
200 321
291 530
62 337
252 269
224 489
197 585
479 581
121 499
355 470
367 405
108 486
40 303
109 564
244 304
256 477
28 479
230 423
204 491
284 447
128 564
276 481
296 595
282 348
442 477
224 487
89 426
145 186
318 591
118 238
205 308
212 298
428 564
28 561
42 538
23 496
258 521
82 108
289 425
78 362
420 448
234 541
334 394
64 428
147 583
431 585
327 351
74 170
163 357
133 410
339 509
79 152
297 545
13 275
425 489
158 249
125 470
26 274
110 312
5 581
94 227
138 261
88 581
41 363
434 482
82 287
169 521
48 596
265 495
1 315
150 548
148 465
9 437
516 545
486 525
188 334
298 351
353 418
189 364
78 197
46 377
191 423
1 2
88 474
2 585
122 533
75 97
45 563
504 531
61 342
317 359
432 573
76 366
330 345
163 308
319 328
16 514
272 337
247 590
113 355
205 382
196 403
298 557
464 510
27 244
6 287
582 588
97 440
111 149
239 576
439 544
512 552
104 342
285 343
190 390
359 461
30 173
48 523
8 536
4 56
103 307
21 203
401 419
541 598
277 349
267 480
250 586
188 564
85 360
114 455
84 157
68 163
98 159
204 374
171 517
181 325
113 192
45 542
125 165
52 372
63 149
94 450
448 544
374 526
37 481
247 484
127 148
133 160
189 224
89 164
228 488
4 91
264 365
516 570
139 155
176 579
3 141
428 592
345 569
209 494
193 216
30 55
249 266
287 381
278 476
103 257
259 404
275 524
175 568
139 506
244 349
174 599
67 272
69 388
33 238
215 268
25 280
307 343
105 576
132 488
380 448
253 481
27 252
313 451
323 552
133 290
69 228
43 430
66 298
454 507
99 108
241 577
348 556
5 142
221 344
140 462
31 588
41 87
391 482
327 441
115 144
126 146
61 379
66 353
397 447
312 587
529 598
272 456
32 504
318 375
442 510
339 514
294 359
542 563
198 411
87 423
386 531
15 487
272 566
65 73
497 549
386 533
301 465
98 130
44 149
208 328
81 287
10 501
246 391
389 435
25 293
531 554
219 363
106 121
240 593
20 523
271 369
111 121
193 452
179 488
247 418
35 57
182 468
405 458
117 331
86 305
525 573
80 547
368 393
102 239
213 251
216 414
356 476
47 79
117 392
236 269
188 428
79 243
25 56
355 568
225 527
134 364
282 331
94 252
457 555
291 471
413 500
284 397
436 441
176 490
158 243
344 511
209 388
249 390
192 500
308 522
37 455
84 577
0 303
192 406
371 562
47 518
224 273
123 570
143 183
9 242
138 540
61 546
330 595
67 456
205 235
265 324
248 569
114 404
318 453
275 369
146 288
140 428
136 366
200 540
12 113
80 580
138 330
3 250
529 550
513 517
244 295
3 153
199 534
335 427
101 128
87 324
307 496
269 295
43 191
88 584
551 570
46 371
386 429
373 426
381 472
18 180
164 503
168 442
149 532
60 267
171 544
469 512
139 178
110 587
372 476
65 448
52 498
517 588
69 132
79 443
476 498
202 471
123 545
95 276
325 589
413 425
182 214
201 208
114 151
30 219
124 595
224 412
108 381
182 449
284 350
21 521
296 396
70 294
41 242
13 166
260 403
454 479
426 466
16 65
25 235
100 394
53 305
258 580
474 581
418 484
86 574
445 504
391 434
220 549
197 217
220 597
108 377
223 470
33 220
23 74
150 315
106 120
222 417
264 563
193 467
222 486
319 515
190 266
27 402
63 478
511 578
180 321
323 337
157 493
216 578
438 476
69 371
493 575
45 98
31 535
134 500
142 581
194 374
194 491
166 270
89 503
38 130
32 367
159 476
70 359
18 529
252 402
72 122
292 345
68 534
149 509
138 246
127 326
348 409
354 556
312 507
186 410
330 569
214 508
429 468
38 233
398 457
183 254
347 396
348 574
120 515
121 124
143 519
7 386
123 297
145 531
144 566
171 184
332 443
196 351
28 392
104 496
71 531
322 444
306 412
225 282
137 268
29 211
217 599
502 590
471 530
178 394
248 587
227 295
179 586
432 520
178 512
146 175
292 478
64 100
135 414
77 570
165 568
166 321
49 493
39 160
408 537
39 419
6 315
14 218
17 262
371 389
8 544
76 136
141 547
107 232
430 486
171 536
204 594
44 111
319 416
15 40
369 464
10 318
160 290
235 334
283 316
33 460
52 170
306 549
506 512
202 572
90 322
126 288
186 589
123 516
420 544
236 295
128 541
287 431
90 284
158 390
228 446
323 417
153 488
23 498
524 573
52 152
16 544
282 409
21 301
51 310
350 374
517 582
2 433
115 272
391 540
343 411
315 433
122 147
6 585
102 576
42 114
348 354
95 331
137 506
134 413
49 575
377 381
463 589
116 594
302 418
7 239
6 431
217 585
72 449
186 463
35 308
248 473
88 117
268 358
26 517
84 465
43 210
138 347
106 424
160 416
139 308
367 504
408 551
28 352
323 397
467 578
450 500
0 185
29 527
44 124
72 147
181 264
70 71
118 559
273 487
305 574
268 441
94 500
77 383
253 348
280 538
153 250
10 266
10 375
15 368
585 599
50 240
335 366
8 171
152 278
12 223
124 424
27 446
200 391
210 397
513 588
465 577
27 226
71 317
267 544
160 492
250 488
206 414
96 340
2 560
153 288
21 366
80 300
249 453
41 495
107 434
39 207
346 357
301 326
267 439
244 560
438 498
291 401
340 431
156 211
75 373
125 373
428 462
145 579
310 367
137 313
385 484
158 278
254 357
82 202
119 433
131 154
22 121
432 456
110 352
215 543
46 191
28 507
23 52
98 411
45 106
242 505
84 136
179 300
73 448
265 388
99 486
0 425
256 401
71 359
203 427
137 358
333 414
320 363
263 447
72 468
167 536
294 461
243 278
241 465
423 447
177 567
52 79
33 559
30 427
61 361
324 388
285 546
38 122
42 259
477 530
199 212
75 568
220 460
323 543
56 541
376 565
394 407
118 362
407 512
28 312
302 385
275 321
506 543
249 318
513 582
462 566
250 300
200 271
372 498
11 540
152 243
56 474
256 442
5 58
220 329
218 286
87 195
31 281
178 407
159 583
35 313
47 332
179 495
55 173
48 379
516 551
502 578
77 387
76 335
39 401
240 567
32 405
229 322
317 461
34 197
419 492
87 320
32 458
314 567
139 522
93 201
102 105
29 281
198 438
10 591
215 444
205 334
90 204
32 317
53 177
164 393
239 533
36 316
380 587
213 331
341 481
86 211
245 393
17 593
404 455
419 485
422 469
294 429
173 335
229 284
375 443
62 417
19 391
236 244
109 309
182 508
59 245
274 517
67 270
367 553
351 414
36 107
51 218
175 355
54 283
187 416
356 583
60 544
273 303
120 542
283 454
224 549
238 559
293 538
145 463
151 519
206 378
49 206
459 588
156 281
181 319
26 251
90 350
201 396
161 480
112 357
271 275
290 410
234 529
25 309
109 188
233 239
505 580
460 597
106 124
62 456
105 589
50 593
239 463
29 225
129 414
68 357
145 554
105 264
168 464
189 497
31 156
408 570
71 504
383 570
282 571
24 208
76 336
243 453
20 509
222 432
66 557
346 534
54 316
315 435
130 159
13 321
376 400
174 419
119 548
154 500
310 405
18 232
279 398
18 58
357 558
42 293
412 516
43 222
95 360
84 194
56 109
194 204
26 162
222 430
299 546
187 256
125 355
270 520
117 360
130 563
63 65
8 60
270 456
24 328
28 110
64 188
319 539
281 459
288 446
65 292
65 339
97 373
246 482
49 452
143 254
175 370
201 442
351 451
146 376
16 457
39 256
131 349
206 338
125 223
13 270
222 456
135 196
176 238
237 241
146 402
399 595
297 490
2 6
73 380
339 523
287 472
285 307
5 479
226 446
223 406
124 296
126 370
57 212
412 551
227 244
359 415
488 586
3 547
274 561
340 483
172 599
92 103
210 222
369 510
95 253
491 594
23 255
87 219
401 421
379 546
282 527
300 586
117 479
234 581
118 174
76 526
127 366
358 441
203 521
55 350
61 307
195 384
266 591
181 515
83 440
21 127
158 356
9 521
187 207
96 172
157 577
336 526
161 167
349 528
104 379
150 433
536 582
130 147
114 259
309 334
159 356
155 522
337 552
113 376
97 568
176 410
116 333
190 508
373 440
210 263
174 485
231 550
248 507
162 561
272 422
20 299
70 386
410 416
78 118
220 516
375 453
126 141
19 180
25 91
390 508
37 276
199 558
528 559
308 394
268 506
431 483
94 565
172 340
29 251
131 497
53 86
210 323
105 181
277 560
93 396
443 518
298 313
52 74
517 536
144 270
167 480
113 470
13 520
268 444
208 424
17 31
69 475
398 439
403 418
193 578
103 438
77 408
159 438
225 348
164 245
0 40
105 325
202 525
535 567
401 477
280 293
412 549
311 546
398 596
260 298
182 395
238 490
582 494 442 500 592 438 189 522 596 185 203 189 319 478 250 123 223 87 54 228 595 418 55 481 315 127 293 123 269 368 291 476 274 139 277 322 444 452 68 29 72 320 361 160 73 305 113 562 44 516 53 338 84 288 336 91 188 415 289 119 491 578 543 30 425 391 96 86 579 557 540 148 484 69 257 139 324 513 21 130 551 367 97 552 9 408 561 378 572 31 454 167 158 205 312 166 573 566 581 74 86 88 545 336 597 443 332 464 17 45 524 491 362 374 481 583 394 143 117 36 563 111 480 554 86 330 597 214 476 27 437 519 535 296 19 98 330 120 128 47 130 250 401 383 446 242 224 429 482 458 227 51 237 442 494 491 271 233 242 493 419 295 388 398 520 39 211 253 510 289 45 16 488 251 515 344 99 255 309 284 270 413 58 167 259 320 1 433 288 154 281 462 597 362 509 476 328 491 478 336 80 139 406 236 528 31 454 361 208 1 7 271 487 260 354 322 245 249 370 210 175 250 416 448 43 71 135 564 453 11 596 589 244 51 486 581 533 423 287 493 321 100 88 36 196 473 165 309 102 124 499 75 331 465 267 269 494 90 224 420 576 550 554 225 152 129 211 248 52 425 493 480 339 40 529 255 588 471 27 189 402 87 143 65 581 487 450 270 156 446 332 218 189 266 116 451 535 59 146 574 140 442 51 272 197 279 193 323 477 493 541 65 103 89 34 54 531 331 185 286 222 496 547 466 27 473 493 159 454 261 373 47 81 174 183 497 465 253 69 311 140 552 353 425 567 145 499 119 411 102 62 598 58 567 0 497 256 419 528 475 404 143 355 239 96 190 138 508 478 486 158 68 598 136 242 598 567 538 319 272 37 536 374 597 366 251 130 419 271 316 348 157 465 197 548 501 268 389 323 375 515 472 150 65 524 158 502 431 443 442 455 33 516 196 445 11 9 525 179 537 266 512 544 235 318 522 411 450 98 505 171 218 101 140 197 248 451 551 85 573 252 148 553 443 535 227 423 333 476 163 581 141 459 527 340 538 4 126 118 194 455 19 119 507 349 84 547 343 108 22 131 189 310 188 476 375 387 444 402 328 168 556 341 123 133 7 249 353 243 345 378 204 416 226 364 122 292 438 535 175 248 82 207 307 462 376 466 326 191 440 408 525 34 447 326 568 233 594 103 176 410 351 404 202 418 38 417 509 30 277 592 99 452 262 431 426 535 546 155 127 1 85 543 194 160 162 264 104 302 469 100 534 180 291 441 589 510 464 265 13 224 389 329 122 33 303 319 476 104 179 88 21 313 570 271 8 446 592 339 164 173 361 276 414 119 322 330 539 306 213 154 145 80 206 422 538 450 498 1 340
60 770
363 667
333 686
405 939
820 385
675 288
383 644
104 327
646 87
572 928
0 26
446 378
181 875
552 509
2 542
1 741
523 77
805 34
606 364
539 404
423 94
630 976
328 186
247 45
337 371
826 423
749 147
316 791
699 197
865 163
610 847
841 60
71 470
199 563
268 618
872 637
579 332
956 326
210 312
320 481
22 755
579 838
945 430
587 703
422 204
280 219
467 728
146 23
396 14
878 955
830 17
77 576
189 46
958 75
618 255
659 803
787 372
894 652
611 324
87 835
592 46
365 64
669 598
458 175
747 502
512 144
947 727
640 565
914 600
432 788
74 366
98 398
106 254
537 160
204 11
157 960
670 883
43 600
306 582
130 49
484 977
449 570
488 632
46 973
737 923
843 284
962 132
581 774
771 312
25 910
744 793
851 394
284 56
377 351
236 814
866 267
382 555
133 964
239 219
528 670
783 530
749 385
196 359
278 86
275 5
223 331
348 244
546 307
487 669
795 424
671 194
378 215
964 597
226 876
942 377
644 541
787 821
767 280
259 525
339 781
324 261
351 201
158 269
119 579
401 256
165 937
327 968
698 944
753 434
947 853
193 238
236 698
432 821
226 498
163 804
918 838
681 908
826 702
447 339
826 618
672 446
386 997
714 308
967 501
660 501
178 438
310 902
146 241
713 964
390 133
376 721
973 431
130 93
396 882
204 754
819 649
862 83
798 918
86 164
190 165
280 496
631 63
726 187
881 608
27 864
180 969
606 480
674 0
441 406
534 953
180 11
653 116
364 538
636 867
311 541
253 958
194 469
960 42
795 588
494 885
573 422
256 338
3 225
983 523
688 102
38 784
201 406
315 430
775 502
139 762
38 144
534 728
192 840
947 932
754 859
626 783
882 804
299 644
230 170
923 649
507 418
378 382
505 572
601 911
744 819
859 535
849 908
295 454
353 336
457 820
659 663
893 147
923 676
825 182
26 227
737 698
940 893
319 605
41 540
625 826
189 623
900 966
598 657
142 911
117 726
905 179
314 866
257 745
400 855
681 741
556 753
625 446
581 374
169 302
688 358
859 496
299 754
848 990
211 542
144 312
873 10
795 989
524 880
89 84
285 716
23 832
497 327
980 829
554 194
50 120
439 946
813 104
277 800
891 273
943 533
250 71
360 446
276 132
537 991
890 374
923 760
418 344
753 33
633 698
252 313
481 811
7 83
584 14
759 718
290 777
620 519
478 468
680 545
83 726
678 143
477 506
912 309
277 672
146 138
510 4
863 466
841 125
843 227
603 287
671 764
368 108
22 511
438 602
356 908
126 861
252 476
428 525
494 190
898 424
9 365
267 770
375 301
105 547
891 750
397 98
459 925
711 991
979 707
39 738
315 707
992 137
148 644
342 63
858 566
805 482
47 515
405 48
625 192
869 709
981 2
371 689
545 268
52 449
44 40
300 362
584 804
552 471
711 747
717 673
547 785
229 397
656 977
816 741
329 336
193 672
498 286
805 228
120 19
831 828
803 510
646 896
704 896
695 618
830 948
456 120
415 570
955 289
322 8
312 113
884 990
493 224
942 608
426 295
915 216
238 675
702 831
863 779
648 153
953 766
987 235
212 936
118 168
955 571
799 711
45 378
819 295
355 85
261 556
602 823
164 771
233 273
655 921
105 483
4 770
450 486
290 960
427 755
167 69
95 928
745 882
77 26
268 867
468 687
812 869
345 6
612 133
463 652
931 507
43 564
609 746
995 730
82 320
15 626
509 772
397 711
59 194
523 358
737 246
9 811
813 558
19 269
399 321
675 712
463 38
473 254
265 915
376 494
278 843
928 798
914 373
74 494
168 847
774 569
42 636
862 240
220 469
290 173
104 660
142 835
883 848
36 430
291 431
663 629
982 784
320 513
554 104
429 549
708 538
584 730
341 283
110 832
96 874
576 886
728 445
11 312
577 678
370 607
583 579
336 718
548 369
441 688
765 757
560 905
229 135
532 46
72 988
785 736
422 391
94 10
732 721
119 457
330 844
632 723
581 126
57 238
219 785
844 738
909 944
56 83
650 255
952 349
642 591
477 72
46 480
804 76
212 585
5 429
700 499
148 382
464 447
759 980
131 886
932 963
57 265
712 591
169 905
461 540
438 652
572 170
753 339
379 770
191 136
392 438
457 203
704 244
633 22
922 263
529 333
377 583
994 758
335 552
520 644
74 703
428 870
136 800
150 529
775 841
296 515
819 988
469 864
503 835
308 27
189 722
227 74
376 170
192 785
26 0
993 939
59 853
103 425
527 931
776 660
622 215
12 170
471 142
424 445
929 995
771 592
738 78
511 120
309 298
117 629
722 97
71 2
960 473
599 538
581 976
845 644
421 71
505 527
504 609
694 866
872 189
243 600
638 386
414 475
123 379
313 160
107 295
926 625
878 60
691 74
2 660
897 487
256 417
487 387
712 373
278 290
765 685
578 92
145 569
372 27
413 965
358 751
126 673
632 420
54 659
730 635
131 484
136 436
453 64
951 200
953 695
990 606
227 563
302 681
706 171
409 779
258 278
771 456
224 840
683 518
925 47
199 996
540 219
70 623
828 209
472 567
544 554
932 154
863 935
172 329
780 937
971 966
152 468
508 964
739 295
722 47
144 191
805 342
324 646
435 899
609 166
766 59
188 386
984 878
13 59
706 416
812 0
770 795
432 266
423 9
212 615
664 410
331 584
