600 1721 600 641 9
400 469
75 487
356 456
157 540
52 296
0 347
474 509
504 559
96 560
1 508
76 440
160 404
295 386
349 371
130 206
152 355
84 250
25 131
40 174
129 594
233 547
12 326
204 257
172 549
35 537
118 255
372 397
197 504
145 289
110 420
213 284
472 567
45 553
161 421
208 392
310 555
195 372
27 440
114 228
113 214
157 198
237 441
433 436
235 321
278 562
18 103
225 285
207 281
134 581
322 393
23 77
579 599
188 568
220 599
63 248
213 311
100 467
476 493
149 305
30 232
428 484
468 586
95 496
57 157
282 359
186 264
52 196
63 262
548 575
24 32
364 592
86 244
207 300
197 373
42 592
55 212
41 592
56 419
119 135
67 111
5 164
215 433
44 542
93 158
309 511
102 380
301 407
87 479
119 143
236 304
173 460
90 247
48 352
163 579
3 445
152 308
245 252
26 193
71 292
19 257
560 595
235 367
487 586
0 591
470 549
46 106
144 469
234 529
395 536
68 412
121 564
20 443
150 225
38 76
420 453
4 147
411 428
126 515
320 442
55 420
218 299
139 589
287 399
225 505
326 553
17 285
92 457
87 587
464 546
440 590
106 135
80 274
154 517
76 348
513 514
451 468
229 448
163 388
39 435
64 69
233 566
138 529
52 242
253 444
88 312
170 270
151 554
133 429
95 218
8 320
236 390
286 368
4 405
464 590
134 243
324 534
105 366
517 591
258 593
477 567
63 585
64 569
102 361
194 409
532 593
210 371
393 403
17 160
98 105
336 549
471 566
400 566
89 264
69 171
7 163
266 523
100 514
204 525
337 488
387 511
58 236
218 518
284 339
158 318
53 59
309 420
302 533
146 508
217 386
294 372
421 489
492 499
5 595
244 409
12 409
277 362
177 534
382 480
158 573
175 567
375 508
37 495
365 448
151 495
14 460
242 402
111 596
237 422
84 558
135 148
108 333
33 483
181 467
321 347
90 520
219 254
29 574
40 475
167 218
325 501
142 275
263 411
112 293
462 558
410 467
53 529
118 211
38 439
297 462
112 586
257 525
233 435
5 307
250 347
157 398
352 590
67 343
156 194
14 337
195 296
81 248
49 490
151 578
114 552
179 201
155 383
466 507
296 372
158 461
91 365
182 504
120 438
100 513
7 145
65 131
403 475
28 270
323 429
73 312
171 569
153 157
241 556
49 486
77 395
218 448
31 275
154 314
298 388
124 472
412 481
126 475
254 495
449 549
337 396
18 344
231 529
41 288
15 456
406 429
137 536
498 565
311 454
112 357
480 580
61 407
110 568
240 506
215 436
129 154
170 590
478 595
253 507
172 470
171 232
75 140
241 488
148 176
1 432
44 374
97 191
288 364
42 371
240 437
100 181
485 597
54 586
61 254
56 491
245 473
349 471
30 169
98 331
1 242
419 491
21 325
224 397
492 502
295 573
486 490
119 374
209 517
192 399
13 417
64 101
252 383
34 262
225 324
147 413
389 436
241 438
191 238
266 481
237 287
273 489
35 378
255 458
166 497
462 544
270 464
132 370
320 331
40 101
199 277
172 507
106 300
182 579
263 444
70 136
61 530
221 288
407 418
296 417
68 481
123 567
51 597
394 526
57 187
1 402
346 525
500 565
25 137
45 192
78 137
183 317
295 597
291 304
525 554
110 361
278 332
49 390
122 241
373 520
52 402
250 558
172 466
156 409
209 351
287 441
215 544
110 188
176 281
251 302
140 218
272 345
109 311
146 533
86 576
32 35
13 402
35 190
10 302
301 418
198 421
128 524
77 245
436 439
114 494
31 142
73 149
385 461
72 240
37 61
24 325
116 531
4 130
283 366
8 331
18 444
178 253
205 579
394 515
259 510
88 356
185 289
168 382
162 564
482 560
401 557
131 286
298 363
240 358
348 590
42 190
56 137
110 341
358 449
247 312
154 594
420 499
246 447
246 478
182 559
294 556
93 461
195 425
43 332
319 493
26 179
226 535
30 323
168 480
27 590
227 475
239 245
110 309
38 84
217 313
316 577
392 526
68 266
0 250
239 566
113 353
91 95
76 84
79 493
31 183
155 252
50 426
451 484
277 559
161 198
344 445
5 191
184 214
359 400
355 375
357 487
365 521
14 529
20 441
193 424
537 552
331 498
237 454
330 411
62 171
69 474
181 551
122 508
201 280
259 287
322 394
203 546
29 560
141 332
116 165
383 537
63 563
20 85
395 494
157 421
342 359
468 484
6 79
225 303
212 581
15 401
430 592
223 227
21 501
349 430
384 424
92 459
212 453
327 454
158 570
474 497
315 555
330 506
121 315
10 523
47 519
149 247
15 136
358 437
247 548
265 359
559 599
188 348
362 599
477 502
137 368
529 582
78 494
115 344
11 564
398 540
144 368
106 382
352 568
153 256
55 124
322 526
113 258
179 512
106 480
494 585
491 495
277 500
86 316
469 566
54 161
286 449
82 133
145 205
267 410
214 532
368 437
151 525
237 339
427 518
118 311
356 543
157 226
315 580
322 515
183 191
233 288
84 538
229 370
294 397
282 566
336 345
416 517
484 594
326 409
457 535
297 314
66 310
351 411
179 519
98 243
175 463
73 479
12 553
396 397
38 558
299 518
93 276
369 398
197 520
142 317
171 304
247 289
20 434
85 443
83 291
267 391
29 96
385 483
174 189
233 364
192 284
180 194
199 362
82 394
164 345
284 571
325 522
324 505
386 573
136 356
172 358
181 268
82 159
184 258
266 412
570 595
256 273
3 344
177 522
345 449
108 251
98 134
48 392
344 444
34 419
7 550
202 513
510 553
321 591
318 478
237 399
497 509
86 156
330 342
33 93
334 555
82 290
318 570
140 173
2 503
203 538
154 293
267 467
69 569
421 451
141 146
374 583
305 434
405 426
339 454
136 456
18 470
134 292
185 373
215 462
310 334
140 487
208 393
465 564
51 117
251 533
303 584
32 378
43 432
116 476
87 305
364 471
273 274
446 569
275 321
341 420
32 190
83 311
49 295
460 582
29 486
530 583
390 490
236 291
350 566
177 501
16 201
3 142
74 363
67 596
165 465
36 359
435 547
233 471
130 555
207 514
175 502
555 580
124 212
64 509
330 528
118 497
167 448
249 597
62 304
184 532
345 549
342 506
423 501
202 551
310 577
14 532
294 396
195 511
76 527
308 355
25 56
381 548
289 520
502 511
250 538
2 175
323 482
101 557
147 555
193 459
16 280
332 562
9 303
52 508
70 356
488 561
479 587
73 88
348 440
203 235
59 488
228 452
23 137
361 387
146 152
208 453
338 535
14 582
94 563
335 578
521 535
269 407
282 547
254 407
89 369
13 503
513 551
245 395
268 551
433 527
203 545
74 550
125 573
74 145
100 125
71 450
354 408
138 561
208 420
178 444
161 496
66 480
498 500
16 512
340 419
343 596
34 63
44 345
33 385
120 241
70 99
453 581
45 259
31 546
383 395
113 224
241 508
149 312
299 582
106 230
47 150
80 264
193 415
169 232
108 302
66 555
15 500
263 517
284 391
188 361
94 340
247 381
216 488
386 410
154 297
10 266
243 366
347 367
125 467
182 599
142 445
70 166
415 424
455 512
22 417
423 505
30 354
155 473
125 276
236 490
21 423
180 326
261 465
219 495
202 409
366 401
269 301
33 148
329 370
292 581
117 485
41 572
18 445
0 154
30 406
551 598
375 523
236 313
447 478
234 299
128 159
216 529
288 435
279 405
147 334
59 329
33 461
174 475
169 271
288 404
319 476
232 354
503 562
289 548
80 359
52 122
191 323
351 428
36 265
181 192
213 339
275 545
491 554
128 227
280 404
41 221
110 306
255 497
26 519
335 530
190 371
460 541
83 236
51 485
273 484
572 592
215 439
36 411
126 393
101 136
204 319
290 354
51 570
54 451
109 454
396 556
370 377
399 422
128 222
2 511
376 535
77 144
135 300
6 516
143 374
88 255
122 556
173 532
72 506
388 431
162 465
471 473
7 74
139 506
363 550
60 531
131 269
310 596
148 281
310 316
271 486
263 351
376 459
405 413
40 557
26 459
282 400
155 245
200 206
30 271
92 376
296 556
9 522
174 223
310 480
300 514
385 542
324 584
392 393
186 455
222 524
4 200
81 585
189 446
94 491
316 576
339 571
17 404
463 502
78 536
139 240
55 453
144 240
56 219
92 193
293 586
530 578
324 501
71 442
93 573
289 579
516 563
27 203
168 316
40 189
130 315
175 278
231 377
340 563
23 368
82 270
229 234
57 226
422 571
185 520
39 404
361 527
478 570
34 78
150 303
71 134
17 225
468 594
505 572
23 144
201 519
166 509
172 253
234 518
315 564
161 586
304 474
135 207
17 221
472 477
342 400
262 563
541 582
3 321
320 498
334 596
103 470
226 540
213 217
495 554
46 168
146 308
439 462
40 366
234 360
227 524
97 482
229 518
373 504
460 532
42 572
103 317
360 529
211 587
97 323
195 417
10 355
209 594
181 391
248 494
100 328
130 147
385 478
58 490
75 357
258 314
331 450
122 196
276 281
19 204
534 584
476 516
357 588
335 583
321 367
30 429
293 588
253 470
152 302
53 132
447 595
224 544
117 574
215 425
103 164
192 259
261 583
337 556
338 376
448 518
535 540
113 396
140 496
106 580
111 413
277 320
418 583
393 475
428 594
96 486
64 70
128 408
255 479
257 335
133 238
143 230
109 118
74 575
58 171
145 579
371 592
132 329
100 207
189 223
517 594
482 595
222 539
59 561
328 551
84 440
96 323
29 117
2 463
105 498
112 487
335 525
98 450
252 395
265 274
274 359
209 428
230 261
250 367
162 206
270 394
353 397
37 151
383 552
391 410
190 572
121 162
232 539
60 319
411 466
39 288
92 338
38 436
89 398
121 130
56 495
114 383
179 193
11 106
364 430
319 346
484 489
198 496
501 534
239 471
271 379
211 479
280 455
435 455
384 415
58 304
272 478
2 502
327 441
153 421
372 425
220 559
384 398
80 89
185 579
27 84
214 337
53 370
19 60
225 584
159 394
55 477
71 98
264 415
188 352
197 500
260 519
47 160
153 489
130 200
93 125
48 568
216 337
49 485
257 465
290 406
378 537
154 591
193 264
205 289
50 67
17 288
76 389
5 183
129 293
131 137
297 558
283 403
53 231
446 539
91 448
19 465
104 243
223 539
11 230
324 423
165 531
203 275
46 514
265 428
113 397
48 341
320 500
228 378
459 521
107 453
401 498
304 311
102 527
203 590
265 273
346 554
83 313
78 419
127 384
131 301
384 457
126 227
2 195
211 255
285 505
112 588
70 101
37 578
61 418
102 425
193 512
88 247
349 364
165 200
223 524
232 446
13 432
321 545
117 595
164 447
302 355
221 572
222 354
199 442
113 184
104 581
83 217
135 230
5 482
358 549
46 244
369 415
15 565
100 276
416 444
61 583
209 263
214 396
180 510
313 390
410 573
91 167
228 494
202 598
245 469
242 508
249 570
44 272
115 517
87 443
2 278
192 422
10 108
85 454
240 469
59 132
197 543
298 431
165 206
19 319
250 297
107 208
378 552
54 468
138 216
79 319
145 548
25 219
173 541
110 387
178 411
256 489
131 449
56 78
233 350
14 216
173 299
257 583
15 543
33 276
169 171
199 320
374 483
178 507
285 572
317 445
99 356
166 255
16 179
217 284
306 387
349 473
140 299
72 342
15 197
389 527
284 422
90 289
237 571
158 597
139 466
124 292
160 519
31 191
1 43
238 546
442 450
203 464
79 346
105 401
192 287
54 421
295 313
260 303
20 327
239 469
28 133
427 448
87 149
162 165
238 429
230 465
262 340
237 327
88 458
9 177
231 360
47 303
155 210
113 544
272 542
208 403
67 426
308 508
388 599
341 568
131 368
384 540
123 292
120 375
61 578
295 485
303 534
119 483
402 417
28 82
40 283
215 397
101 446
85 587
273 428
49 574
402 432
75 532
314 462
380 387
257 261
138 488
363 575
187 496
21 24
258 544
111 334
64 166
516 585
79 563
363 431
210 383
27 538
235 538
85 211
68 333
323 379
354 539
80 547
44 418
282 350
348 352
436 527
500 504
86 180
30 379
166 458
229 360
243 283
164 470
262 419
16 455
49 313
66 580
362 559
60 476
424 457
359 547
89 415
159 408
314 544
9 534
230 564
177 325
39 280
195 387
204 346
43 141
140 161
270 590
409 598
277 504
266 333
72 400
358 589
526 590
57 496
137 395
91 187
186 547
439 558
240 400
176 207
193 455
494 536
265 411
103 307
95 167
380 425
573 597
125 410
213 454
246 345
588 593
221 285
314 588
135 176
89 256
141 251
275 546
291 311
286 437
102 433
290 408
502 567
4 279
60 165
105 331
78 248
150 160
147 405
103 183
99 166
18 317
178 466
120 508
170 394
155 349
309 492
123 472
94 346
187 226
235 250
80 186
234 582
24 190
153 398
264 455
334 413
298 550
143 583
251 332
5 97
360 377
195 380
30 290
59 438
340 491
256 274
211 454
149 381
7 298
104 208
12 551
62 69
46 300
148 483
140 586
14 214
48 420
46 202
347 591
168 577
268 553
238 464
39 455
115 591
104 107
466 528
313 386
45 510
117 560
169 490
356 458
318 385
196 556
131 219
189 539
314 593
24 414
119 148
266 438
67 405
241 337
207 276
551 553
133 464
170 526
480 577
326 510
576 596
412 438
146 251
102 387
457 540
91 496
371 430
414 572
374 385
69 304
329 438
111 405
79 94
210 349
437 449
455 547
11 315
194 326
45 268
218 496
178 263
299 541
168 244
401 565
11 580
90 356
223 475
2 562
55 472
456 543
196 296
294 296
357 593
105 243
3 591
344 416
114 452
104 283
1 146
190 414
393 515
309 387
477 499
3 115
5 103
160 201
31 317
434 443
432 503
338 457
345 447
109 211
7 579
15 557
18 253
238 323
202 514
374 418
48 208
139 358
82 406
362 442
332 432
94 554
200 279
53 561
60 116
279 426
191 546
6 563
96 379
35 371
129 468
156 180
46 409
301 449
118 474
187 535
366 557
143 261
220 362
156 244
411 528
301 345
188 527
378 452
130 162
243 581
438 523
163 599
397 425
23 395
32 325
271 490
85 327
83 213
229 377
376 521
438 488
355 523
101 189
305 381
229 427
215 224
506 528
33 281
152 533
344 517
345 470
201 404
128 515
373 579
117 570
22 296
239 473
263 416
13 195
420 492
123 124
12 598
329 412
60 465
0 297
357 532
63 81
124 581
452 552
231 370
369 384
5 447
193 457
151 335
87 434
81 494
104 403
348 527
6 493
183 307
139 528
375 438
99 458
144 437
316 596
478 542
28 464
89 274
352 526
192 268
41 364
58 169
350 547
64 446
246 272
55 499
22 402
73 255
1 141
181 328
180 343
451 489
96 271
57 198
88 90
65 219
217 391
374 542
51 249
3 275
322 392
36 342
434 441
46 382
36 330
8 442
180 576
158 249
172 589
520 543
425 433
75 173
485 574
163 298
443 587
160 225
203 321
2 13
8 450
336 470
353 396
82 408
365 535
100 551
47 260
37 254
133 406
432 562
135 143
90 543
524 539
386 391
323 560
244 316
127 457
38 389
159 515
10 333
309 502
22 52
154 588
254 269
414 423
343 576
129 586
182 373
136 557
65 254
371 537
65 269
227 515
477 492
423 572
355 508
149 479
222 408
144 245
184 593
34 248
352 392
345 418
306 361
63 516
512 410 500 284 411 303 281 354 498 267 175 316 115 353 123 386 120 196 324 118 508 236 404 126 17 410 595 571 481 478 431 178 273 55 572 291 298 44 1 549 140 345 171 23 82 503 529 409 275 228 152 559 373 105 496 463 355 531 381 397 474 273 249 194 457 490 51 153 326 549 282 400 289 581 82 0 94 141 179 350 104 153 554 251 329 34 143 379 199 565 436 161 253 332 590 0 223 337 204 21 216 125 205 49 34 542 444 400 501 489 3 371 455 549 502 404 595 243 149 143 37 334 506 543 411 146 113 323 283 332 278 515 212 176 365 7 412 265 154 385 146 89 1 436 39 210 487 419 324 344 351 446 370 515 556 496 177 88 222 115 359 24 319 558 113 107 472 54 419 548 523 22 422 321 210 561 205 348 504 58 22 518 33 458 272 136 350 244 443 420 1 126 180 274 85 449 329 159 532 117 285 173 225 357 3 428 328 329 351 167 397 329 275 109 182 447 430 259 198 155 111 29 63 458 164 350 264 468 580 443 336 435 93 419 102 69 151 34 200 314 52 230 197 423 193 519 121 59 503 172 228 28 572 588 552 557 539 524 370 111 52 127 158 169 362 558 559 420 271 41 226 52 233 190 353 375 318 481 257 506 9 288 468 226 167 370 547 420 557 439 377 263 21 452 400 114 93 589 50 344 399 397 584 455 258 80 407 131 378 399 484 328 384 486 151 91 429 121 518 7 492 143 515 465 154 301 505 340 436 261 287 47 271 246 477 74 67 239 112 391 155 100 13 596 255 421 14 377 375 187 6 568 354 578 374 371 443 214 98 363 218 462 137 441 155 403 551 221 489 245 165 352 572 435 232 582 184 368 533 381 199 244 129 71 227 76 242 8 34 492 371 201 233 528 464 479 416 523 271 275 571 382 521 238 248 36 229 443 147 389 374 434 107 391 571 491 563 408 170 193 365 496 562 205 123 493 222 185 480 236 554 58 400 76 556 328 560 303 269 34 300 458 454 157 290 516 462 360 412 269 11 484 598 587 356 556 597 467 84 531 392 4 300 309 18 541 220 407 146 188 368 350 523 376 538 47 401 479 419 215 7 169 459 503 18 473 345 46 261 585 592 242 214 459 62 211 186 514 362 598 517 125 310 27 93 11 479 301 19 290 52 461 590 307 373 372 136 337 521 252 250 48 146 487 39 532 126 482 370 376 35 303 216 596 58 536 568 193 409 70 385 73 188 66 257 520 390 65 592 265 328 484 42 169 359 491 581 359 397 538 497 117 200 229 435 464 373 116 102 361 559 251 197 69 212 43 308 77 573 293 451 260 582 115 585 480 340 402 521 431 274 444 130 307 582 512 387 153 593 75
661 414
771 59
654 35
597 451
156 983
454 563
442 971
83 102
253 41
1000 962
926 45
203 846
62 680
682 85
861 275
212 151
922 718
893 816
585 542
337 929
33 419
896 970
732 120
634 790
864 969
573 808
990 762
545 335
470 384
342 498
352 402
510 464
831 959
289 675
527 914
752 960
745 651
436 794
616 312
860 749
324 180
839 846
802 902
743 40
395 703
37 628
139 756
989 838
508 180
265 489
0 944
313 565
776 120
942 198
801 480
465 85
499 839
908 504
248 413
959 165
338 971
433 756
263 361
525 961
249 284
514 756
158 862
43 922
989 23
239 346
220 245
331 11
704 701
89 300
26 93
839 377
581 285
663 799
549 899
413 936
813 669
553 978
431 375
183 488
588 321
69 408
56 788
25 350
106 243
813 627
134 210
963 477
992 621
234 637
451 895
928 447
360 475
460 501
321 68
178 259
156 681
255 220
644 200
541 552
388 125
291 92
181 826
426 139
920 8
129 392
559 174
88 911
770 420
776 276
667 944
622 469
325 997
348 544
151 378
275 747
899 144
231 916
847 140
453 10
419 17
179 649
413 224
909 596
398 296
730 470
195 946
562 746
976 191
443 402
377 53
202 778
223 219
604 831
898 232
634 662
859 448
769 9
556 467
257 795
657 744
50 116
810 43
148 930
263 721
51 296
948 843
410 823
862 40
829 561
706 430
703 870
30 754
871 537
333 629
423 304
946 802
829 483
239 944
79 72
465 598
261 988
207 293
950 430
117 824
280 417
490 336
287 373
603 625
864 360
323 209
577 32
214 750
964 974
632 584
967 732
10 772
118 645
137 99
526 510
778 301
127 127
834 686
955 509
566 229
289 238
830 929
485 480
32 589
961 674
23 726
664 130
789 144
193 134
863 513
225 19
187 994
930 762
112 720
551 400
361 907
79 142
240 970
186 728
467 168
696 535
724 908
97 384
435 68
152 499
806 261
666 281
877 250
193 526
893 412
505 805
123 32
861 833
353 302
360 242
697 268
918 857
931 538
389 240
651 991
996 325
237 835
957 246
308 308
784 754
957 313
581 381
216 453
82 470
482 450
715 769
679 704
879 163
757 97
353 81
76 769
696 843
452 642
93 203
569 937
331 599
637 392
816 9
668 876
595 580
468 770
122 336
794 590
344 874
745 304
8 622
990 813
301 869
500 952
651 555
860 678
755 622
947 62
158 613
88 634
494 724
492 361
311 440
428 650
756 592
788 624
548 438
212 691
192 60
668 4
105 990
896 738
236 704
750 692
348 128
124 525
868 859
595 718
7 542
849 803
98 173
392 376
189 450
367 22
731 426
734 200
266 558
738 162
661 356
49 55
921 358
176 756
476 702
887 11
998 898
240 386
1 313
585 169
512 554
840 78
579 106
102 866
145 418
82 259
233 510
707 342
196 892
62 838
550 497
359 619
375 953
222 50
603 423
476 262
429 480
929 899
915 1000
23 689
67 440
133 667
981 147
703 649
275 55
717 1
962 10
119 892
351 795
507 644
831 226
965 601
125 480
488 921
535 155
719 679
14 881
615 503
480 643
415 888
629 430
554 260
736 855
793 729
694 562
515 210
775 251
348 371
875 70
174 219
800 363
575 659
766 671
942 288
604 192
157 24
4 62
809 843
995 463
311 133
606 397
614 759
861 608
985 235
779 920
699 180
159 130
342 715
905 118
995 587
982 260
735 994
365 441
644 145
8 278
155 832
682 921
894 616
346 665
220 560
610 152
66 18
601 260
244 469
178 560
472 212
432 203
463 311
643 838
787 229
709 235
850 584
38 544
732 712
264 147
736 81
367 155
902 785
80 952
410 400
454 718
398 343
55 714
178 597
679 606
989 109
123 924
858 938
890 654
635 530
699 119
425 720
500 895
511 133
820 533
97 532
896 914
930 645
650 170
42 979
991 372
718 591
426 451
779 877
22 25
714 51
638 238
21 396
826 765
638 267
638 725
938 136
653 303
563 308
41 484
246 4
33 374
610 545
579 484
290 281
441 611
991 427
557 704
294 17
780 519
685 988
416 116
100 420
862 719
188 189
936 611
163 289
1000 658
853 310
296 650
683 333
606 41
490 402
316 908
653 605
150 641
744 491
721 737
518 618
749 795
487 31
731 830
197 374
360 204
383 978
524 42
417 627
64 329
135 851
980 82
409 552
294 720
758 560
315 538
309 470
827 418
877 218
789 564
252 445
497 869
555 99
411 969
622 937
475 818
890 467
174 354
251 92
501 89
214 95
930 950
578 66
669 61
169 89
900 885
670 673
620 606
854 113
204 338
1 663
628 115
945 708
128 696
167 707
435 269
469 987
660 479
973 345
974 782
151 160
998 557
994 995
920 72
376 264
379 845
492 303
601 235
671 642
916 277
373 775
298 984
816 340
852 17
977 929
971 565
608 865
727 942
569 356
328 271
913 564
899 334
359 693
179 161
696 300
569 418
506 433
829 724
31 195
531 668
53 85
104 681
702 953
63 649
419 863
152 889
770 186
259 179
633 338
145 47
384 521
900 205
702 21
471 943
231 863
250 120
751 730
552 35
537 195
280 317
359 585
96 507
855 887
241 581
306 510
11 150
15 811
88 833
401 785
102 123
183 868
403 65
906 307
343 771
971 899
523 996
812 442
70 373
744 391
602 657
516 323
655 447
808 870
770 351
695 490
410 578
67 893
297 586
86 702
99 19
