600 1268 600 1162 16
326 597
111 414
30 433
322 452
378 453
266 320
64 391
435 519
110 150
260 593
278 282
248 567
166 515
358 455
550 573
23 467
361 382
44 541
175 246
3 327
127 339
350 554
177 484
360 558
209 269
191 203
282 593
68 255
40 454
257 418
177 459
43 376
148 231
102 370
394 429
356 468
122 295
113 349
142 361
294 470
508 559
295 413
30 584
179 284
271 407
158 173
219 492
244 362
303 378
199 532
121 511
127 322
142 417
16 405
417 585
71 430
136 458
568 572
293 393
124 177
254 324
422 538
4 373
29 353
99 435
33 417
446 477
135 583
186 569
39 42
272 381
48 423
191 461
555 574
318 340
15 260
261 374
23 492
221 589
310 551
469 574
149 150
58 273
127 328
21 68
97 397
55 320
13 355
198 414
289 514
209 523
92 221
430 591
46 437
124 314
44 56
191 221
179 325
20 357
2 177
142 232
275 532
291 513
98 487
243 526
243 270
333 595
95 267
29 561
30 577
213 561
286 557
365 594
387 556
85 470
27 478
321 397
61 497
7 428
175 254
330 394
241 510
108 277
388 556
31 44
505 515
182 360
170 335
168 401
263 459
204 549
67 181
124 484
475 566
182 558
147 447
4 503
452 468
0 35
285 516
8 264
171 333
84 113
233 588
84 194
29 154
61 340
151 450
178 519
62 198
185 548
187 406
150 586
20 586
89 539
169 570
86 561
85 294
248 384
510 589
235 379
11 157
17 57
104 346
381 542
80 193
130 458
238 542
115 293
121 277
422 530
385 468
433 577
21 197
303 596
371 444
20 346
128 376
23 348
160 412
494 575
41 47
477 519
248 319
393 521
89 228
229 240
516 520
205 571
39 47
157 250
457 512
190 519
345 427
119 308
502 585
18 572
287 478
108 227
268 549
124 363
45 313
0 567
52 337
103 473
363 465
365 461
358 368
290 502
395 579
148 403
96 427
327 394
161 308
95 290
525 535
356 384
173 205
131 157
283 554
75 297
393 448
544 558
266 427
95 442
118 395
103 143
403 434
6 501
100 132
307 397
141 332
44 285
68 97
546 584
11 358
73 105
16 224
199 514
100 357
211 353
47 373
294 506
0 304
365 487
191 249
469 483
274 525
237 415
133 451
267 454
46 305
80 248
310 380
201 205
45 488
322 328
367 497
54 187
40 417
167 366
19 380
48 276
235 276
63 403
101 511
15 93
127 248
97 307
113 364
65 556
11 23
81 421
392 536
87 299
94 126
498 595
86 403
448 559
180 400
82 400
502 580
492 496
429 536
346 557
22 579
528 596
68 575
340 441
201 275
433 535
19 213
160 380
30 47
14 228
53 381
171 595
189 476
37 230
93 485
119 534
212 326
268 599
4 243
70 450
489 530
479 581
42 97
411 474
191 212
160 434
358 495
422 512
166 527
60 440
5 429
10 33
313 491
136 236
412 509
131 558
137 405
398 522
194 574
362 530
458 573
105 406
447 471
221 345
264 489
238 344
324 342
20 110
255 575
306 400
379 426
184 389
189 198
344 598
13 105
125 291
75 445
82 533
118 375
222 259
9 237
131 291
43 318
70 501
35 355
328 329
522 565
114 442
182 490
111 302
159 426
442 580
4 102
197 255
196 494
190 435
150 479
191 589
449 450
247 542
122 359
334 520
61 141
91 424
387 388
156 224
111 478
180 566
34 324
126 178
137 406
310 412
25 502
125 460
49 493
9 140
76 347
113 522
521 588
88 500
374 415
149 566
322 481
318 457
148 561
367 456
265 462
446 476
111 153
133 541
72 134
308 484
170 218
6 450
236 550
462 497
172 406
440 534
390 472
386 587
19 504
448 521
465 591
152 179
66 210
232 580
11 250
219 343
219 348
88 445
469 555
87 564
125 513
324 331
206 247
380 408
141 229
92 254
540 598
360 492
569 587
486 514
57 466
81 168
166 352
76 419
254 331
115 252
210 597
143 455
472 498
371 398
83 507
168 262
147 416
27 58
446 488
119 510
247 598
51 326
16 591
26 413
30 546
206 326
29 59
132 474
20 377
83 565
248 405
105 226
53 78
229 340
398 565
448 552
461 487
9 102
241 440
101 334
124 320
82 479
158 205
50 304
421 508
176 491
240 280
581 593
34 430
101 512
147 375
13 226
309 389
145 494
275 537
273 434
388 534
216 569
335 463
112 514
166 554
172 248
117 301
331 444
65 366
193 342
139 467
71 314
234 320
385 452
24 422
380 412
9 370
294 306
217 239
340 531
101 422
39 442
231 499
10 505
287 372
11 107
204 225
165 392
361 417
110 286
179 574
159 462
224 465
400 479
22 564
154 504
46 306
133 351
13 172
296 317
41 442
12 438
225 400
90 356
151 449
185 299
388 440
235 463
142 580
171 572
113 293
62 288
174 280
376 457
503 583
38 598
45 476
140 525
120 334
426 524
28 217
172 405
224 271
214 295
548 572
508 552
20 260
179 555
190 215
78 168
355 547
74 264
455 495
328 339
137 172
100 260
579 599
59 578
211 550
411 518
62 153
81 262
228 280
362 422
140 237
73 406
171 279
34 342
229 531
67 281
242 394
19 408
282 337
94 281
428 473
218 265
505 554
202 370
112 571
168 419
450 501
134 464
369 440
14 209
273 509
164 576
267 515
56 543
72 387
460 498
134 494
307 458
183 232
37 383
211 535
339 565
466 528
404 577
10 554
171 396
264 553
197 515
214 495
460 513
35 195
303 475
531 539
311 530
242 330
31 56
517 545
55 345
252 588
59 154
106 152
67 215
101 120
153 414
91 301
212 221
66 360
17 313
429 553
193 324
103 164
160 561
32 507
4 274
245 466
241 534
383 565
364 582
484 510
191 365
379 463
106 582
65 500
118 147
379 538
213 408
251 344
54 560
403 570
85 341
299 395
119 500
228 420
80 398
123 231
276 425
83 113
31 359
200 506
300 316
99 453
421 444
66 490
332 555
87 592
246 336
415 578
94 190
268 471
431 472
298 501
292 300
292 338
336 427
451 541
329 452
463 529
134 167
80 127
295 495
116 578
158 571
63 176
265 367
143 164
2 161
56 316
12 99
24 244
477 488
151 317
183 361
135 503
39 41
195 355
344 542
399 461
338 394
3 536
82 278
119 556
227 539
74 553
84 115
115 349
537 575
95 454
193 391
194 582
95 114
204 268
69 409
207 425
89 227
418 597
81 206
36 145
18 568
22 87
305 306
255 527
105 172
96 336
246 430
188 344
378 475
50 385
308 500
215 518
278 593
145 201
32 364
99 190
12 453
5 553
434 509
25 290
247 262
129 558
475 564
277 516
215 474
37 507
147 471
322 384
398 559
109 328
316 543
395 471
153 501
83 364
208 315
333 410
14 420
409 485
8 392
169 176
244 422
184 309
211 390
390 431
416 447
58 189
299 579
28 574
300 341
335 426
74 334
325 332
12 303
93 242
210 540
34 312
102 140
169 299
145 275
306 506
324 430
1 549
253 560
340 497
187 226
72 464
134 575
4 135
515 554
99 518
107 467
217 420
103 162
155 364
226 547
249 365
183 192
466 596
273 491
167 255
75 163
199 460
154 561
277 376
118 513
240 531
81 401
323 573
111 517
279 333
93 260
43 457
323 550
21 114
414 478
57 303
84 364
478 545
2 562
141 402
390 550
300 543
220 332
135 370
511 520
237 535
107 358
18 548
284 555
494 537
541 543
25 417
58 287
180 475
353 410
75 167
475 557
500 556
211 323
198 372
81 309
33 40
68 537
443 509
350 352
359 413
395 568
148 570
252 521
139 251
286 566
490 514
372 414
1 268
209 588
202 315
224 253
77 194
307 577
374 578
285 541
188 598
146 299
76 448
251 343
260 377
108 285
78 419
72 167
393 559
240 402
228 482
238 598
451 543
424 431
238 247
321 424
189 313
299 528
393 522
17 477
164 473
203 241
75 350
473 576
170 367
389 444
116 211
253 439
175 430
251 354
78 247
195 304
154 578
241 369
32 106
294 341
15 132
424 472
343 344
231 279
32 155
292 337
368 549
205 369
108 432
1 79
443 517
83 522
564 592
154 374
76 588
131 544
62 222
526 580
115 574
68 114
475 596
170 220
71 96
308 562
91 532
136 573
90 384
327 536
592 596
213 504
353 578
36 494
138 192
354 467
301 397
371 421
433 525
139 343
471 599
33 382
177 562
61 367
61 229
124 459
180 225
297 366
78 523
27 287
90 480
38 540
223 282
278 479
318 441
50 356
407 560
132 590
78 262
394 536
0 195
305 368
41 373
534 556
276 379
79 268
351 429
103 506
196 464
215 411
80 339
18 185
207 311
103 200
48 207
174 240
347 588
6 296
178 446
220 325
149 479
288 476
472 532
381 493
211 595
279 410
164 295
288 563
486 532
210 257
319 342
310 509
257 490
433 573
528 592
42 114
130 307
1 11
356 567
343 540
163 255
198 563
433 546
354 495
299 570
70 449
15 474
28 233
56 341
210 496
112 532
288 446
181 317
377 593
476 563
190 518
86 148
261 315
79 416
43 128
496 540
196 387
44 227
92 331
23 544
121 512
28 239
2 484
138 270
13 35
117 275
330 485
272 344
321 458
109 383
118 396
91 117
216 529
94 317
208 551
170 265
373 546
17 45
116 353
80 342
138 183
98 112
192 503
250 375
412 434
115 233
457 524
52 223
378 557
216 386
136 390
26 295
159 457
18 395
54 137
4 546
42 68
54 226
116 535
27 509
12 435
7 31
114 197
398 508
146 245
144 202
256 269
163 352
99 104
38 326
369 399
138 503
356 480
156 439
47 97
157 544
37 109
191 399
86 160
88 562
161 484
292 429
2 308
49 354
131 514
75 352
83 155
320 484
185 570
121 457
129 492
32 230
177 263
55 427
53 542
259 317
295 576
377 581
252 293
208 380
104 590
14 436
245 491
66 182
142 183
298 302
295 428
143 506
301 321
38 210
176 570
110 149
130 573
186 386
162 341
76 78
295 381
136 321
165 311
362 423
40 505
27 545
144 261
64 371
42 47
384 481
46 549
164 495
118 568
390 595
312 342
68 197
179 332
101 121
225 564
348 467
52 394
35 172
328 452
95 502
269 381
271 405
243 580
12 17
64 398
22 599
256 381
19 208
43 441
259 288
126 288
55 589
89 413
148 548
104 132
159 524
128 539
54 406
222 449
175 336
454 515
99 346
236 390
168 552
131 513
300 451
207 423
307 404
84 349
159 318
239 240
35 567
210 360
291 514
129 360
165 489
73 226
314 591
120 530
117 397
112 275
329 385
57 438
90 481
340 462
301 424
231 548
222 288
552 559
231 561
110 557
94 519
202 374
209 420
153 302
108 376
468 480
64 444
60 201
268 564
82 306
118 471
186 216
120 264
336 430
72 366
117 537
23 157
305 358
292 394
88 308
216 235
15 100
315 551
581 586
256 436
428 576
12 378
390 498
162 294
454 505
348 492
20 590
441 539
175 221
207 569
345 589
314 363
285 520
49 214
128 432
119 241
277 511
5 536
153 198
144 315
122 413
209 256
108 128
218 426
56 541
178 288
363 459
297 445
197 527
142 585
249 418
165 530
216 425
45 446
280 539
315 504
77 582
74 429
306 470
111 298
512 538
258 556
3 392
52 338
29 123
36 196
204 437
384 567
54 407
205 487
29 410
30 307
249 594
91 275
214 493
151 259
11 368
483 555
264 530
230 507
219 540
56 162
16 265 220 258 447 441 318 244 222 543 42 322 425 443 73 246 202 517 361 44 147 534 306 554 166 233 565 58 239 580 321 547 43 25 180 57 543 353 64 365 84 321 10 484 487 496 25 258 84 328 369 388 71 149 499 307 85 317 87 237 248 255 118 528 297 230 584 3 452 444 448 563 267 140 292 226 554 22 162 300 205 104 460 316 373 87 562 159 550 223 290 573 444 152 207 244 46 92 504 492 316 253 413 412 237 242 66 137 588 131 345 118 521 37 523 282 339 202 257 531 68 437 335 445 26 462 488 66 35 320 280 293 311 462 41 5 461 547 51 270 167 414 544 84 302 513 9 594 459 14 375 166 131 143 500 43 522 140 469 84 77 161 493 530 112 179 535 390 540 262 282 441 68 409 55 231 128 53 89 325 12 99 498 465 5 554 182 528 506 118 241 177 405 54 171 482 68 155 285 297 331 426 117 341 226 451 270 124 495 165 502 193 543 125 330 395 451 491 327 90 574 533 339 467 54 536 129 347 385 365 68 270 506 325 85 168 471 351 87 409 491 453 184 370 494 429 119 393 325 170 236 586 228 194 268 178 573 86 566 465 495 140 418 437 73 512 164 453 267 484 271 13 446 74 239 438 532 531 34 173 1 349 136 238 271 149 252 155 373 494 232 284 186 300 512 28 142 426 324 387 274 597 541 547 162 320 585 522 185 170 247 318 346 435 538 566 71 43 389 188 511 120 117 422 580 99 57 594 388 55 462 52 96 336 22 115 135 233 83 239 201 187 13 581 9 523 275 138 103 181 99 578 356 14 260 588 187 378 437 289 38 163 45 520 500 28 81 503 155 324 149 438 26 239 445 13 333 26 208 531 12 355 5 255 489 85 150 263 293 360 214 355 129 111 226 195 379 462 380 377 526 69 541 278 358 57 91 110 552 114 191 513 369 35 15 489 391 449 9 297 224 204 15 553 211 529 466 228 34 329 125 180 41 441 317 176 235 468 543 27 479 469 160 3 15 171 239 221 168 490 308 85 438 27 233 353 278 369 409 343 207 61 294 5 368 530 318 139 453 118 3 34 423 332 450 132 487 317 475 577 493 516 191 216 174 183 91 484 415 215 214 82 126 329 68 385 91 105 242 224 499 485 568 93 118 179 296 277 318 335 577 453 528 347 47 565 491 308 54 35 135 330 298 397 223 123 599 428 538 146 60 488 494 374 341 493 367 490 505 484 561 288 523 478 576 218 477 23 84 489 118 564 428 245 410 595 197 451 335 5 225 475 211 357 58 303 149 470 541 563 363 426 77 468 521 341 202 445 176 157 344 383 260 22 56 309 317 14 357 358 531 497 286 404 226 428 461 430 332 269
972 147
411 602
523 31
592 995
77 239
626 934
3 977
635 691
702 978
43 398
149 7
464 531
282 868
978 59
783 579
425 937
793 117
233 844
265 559
64 569
410 879
276 158
333 639
491 498
831 909
106 79
683 595
95 704
861 561
146 491
162 267
660 720
995 412
51 28
766 163
948 109
400 175
988 327
664 390
176 188
126 51
142 189
203 193
839 750
696 739
182 849
471 661
150 224
855 953
611 538
1000 222
669 322
532 879
736 488
853 35
614 131
623 740
222 785
157 780
117 494
425 173
921 697
71 857
156 654
809 302
456 45
543 382
251 993
292 179
432 995
59 912
721 108
396 89
915 37
670 908
331 14
777 465
956 458
739 445
378 596
844 245
747 350
452 751
929 393
929 474
532 771
168 585
291 675
482 0
769 653
916 172
337 254
681 241
480 940
174 956
154 124
673 130
241 220
489 284
313 911
398 933
760 857
31 346
583 660
362 921
955 35
990 445
497 540
753 751
948 310
383 842
36 772
440 332
898 428
197 155
879 504
123 417
316 229
325 500
516 92
726 890
786 809
684 658
180 481
629 61
356 431
156 932
888 266
800 713
470 446
225 308
404 464
373 947
671 821
351 114
10 296
265 334
878 88
34 197
559 489
57 365
939 643
57 117
551 620
19 493
384 199
213 703
358 534
202 604
402 787
414 823
74 981
975 507
44 830
80 518
955 395
743 25
452 502
408 278
878 800
124 598
541 49
584 718
312 48
595 634
740 977
266 67
344 54
761 404
227 664
993 731
273 456
905 114
404 240
851 609
693 215
199 657
596 21
165 900
991 588
374 733
186 995
502 376
0 189
719 277
248 591
975 962
893 23
616 435
142 813
277 951
555 234
0 215
785 253
926 509
1000 122
415 143
276 124
108 825
387 378
576 690
417 209
1 460
561 189
380 685
437 238
693 373
863 977
39 596
771 557
588 379
183 402
630 295
82 544
607 569
304 977
947 952
840 582
949 790
575 459
987 652
615 224
97 907
509 851
791 61
399 716
960 2
742 702
810 569
909 672
984 384
228 513
28 163
845 530
590 122
911 906
244 370
99 377
671 433
884 594
866 637
522 149
513 935
90 186
795 910
230 742
704 183
693 421
841 198
575 273
415 521
606 502
831 507
768 28
717 206
301 126
714 559
574 334
453 72
105 965
451 911
42 503
711 396
651 4
707 924
943 759
662 100
214 125
375 630
734 543
64 206
819 99
645 509
152 682
62 330
372 235
859 902
763 783
479 791
218 466
834 662
228 983
543 820
195 58
965 576
716 757
371 805
116 750
124 878
485 342
133 92
380 442
612 866
864 464
550 710
649 613
30 981
373 24
1 851
265 635
574 799
323 280
19 815
278 798
999 158
503 641
505 698
240 276
512 57
697 322
62 638
807 996
783 143
195 750
686 59
5 514
616 770
127 989
875 759
816 152
610 101
295 308
919 247
189 351
759 192
977 618
640 353
550 983
911 292
959 284
511 977
715 231
953 603
241 450
695 843
982 820
665 164
565 848
567 907
878 316
896 716
566 749
811 188
594 476
647 470
637 181
346 869
800 480
534 483
889 481
246 15
664 862
270 25
149 450
573 526
996 85
946 163
426 909
492 582
711 688
519 418
26 78
802 955
658 39
963 432
534 276
400 55
959 721
446 609
516 186
2 415
808 330
116 797
122 219
60 463
367 505
802 765
451 872
314 840
861 871
71 611
675 496
5 38
939 340
888 180
974 253
1000 956
408 118
456 147
745 324
289 364
806 277
628 980
846 424
555 935
284 598
292 489
270 223
846 348
542 211
429 713
735 378
902 639
174 630
210 283
852 121
882 58
833 63
100 582
460 999
187 446
330 968
99 620
718 635
73 787
86 419
411 559
77 70
547 324
775 426
817 537
775 318
783 883
836 971
348 314
911 950
931 815
634 154
648 664
637 903
721 164
319 330
768 714
144 332
133 643
242 922
723 588
433 664
257 815
781 4
447 192
858 730
119 171
18 675
765 288
405 23
181 878
382 562
803 421
74 947
51 937
638 830
949 246
305 883
174 83
511 607
980 688
848 781
252 299
622 21
343 395
513 216
914 774
947 889
380 112
713 4
249 768
526 535
965 216
898 563
498 728
357 577
341 347
620 664
350 985
347 763
142 841
231 887
71 760
450 796
949 192
903 203
762 597
923 610
566 71
467 963
422 367
481 260
204 867
723 954
521 337
181 709
543 457
639 544
369 144
549 554
581 431
928 723
312 410
189 507
480 58
11 905
121 115
19 236
33 531
168 39
536 655
969 357
793 360
46 684
552 108
731 829
807 830
331 442
469 368
217 74
735 780
32 735
300 938
207 894
719 805
813 455
875 400
759 502
891 836
93 319
95 161
289 82
273 706
984 871
751 954
869 692
384 341
479 753
500 127
139 386
602 965
324 201
819 853
806 667
608 409
692 781
699 484
614 799
452 471
71 715
108 295
1000 46
238 559
416 639
214 377
24 620
790 390
666 936
187 9
936 573
472 89
352 826
490 399
830 391
821 7
153 550
527 0
96 852
349 683
893 350
374 762
931 141
297 529
924 980
222 630
443 284
264 516
199 326
923 535
327 176
625 636
186 293
109 470
309 655
78 139
441 823
960 483
3 265
138 252
87 109
422 850
953 996
794 510
602 184
389 903
744 95
314 712
486 830
559 298
261 430
311 763
616 334
640 419
330 599
