600 1667 600 868 5
453 500
335 575
43 107
40 532
154 569
40 461
437 438
130 579
406 521
509 529
30 330
181 294
460 503
258 304
355 476
113 393
220 577
200 485
41 91
13 450
311 521
307 529
307 322
55 70
249 531
466 527
37 176
143 596
36 567
584 598
28 97
140 580
25 287
27 134
5 448
427 545
69 76
242 470
524 566
0 236
292 487
82 428
183 277
402 596
38 445
42 114
303 450
191 302
114 587
242 345
156 190
65 589
74 484
389 431
338 366
469 544
59 170
200 590
384 507
61 417
453 454
375 435
238 444
352 354
165 169
9 370
53 483
109 230
224 445
63 382
383 390
289 526
438 487
89 388
577 582
58 151
141 143
106 437
464 497
52 594
90 149
150 216
52 328
322 327
457 522
319 409
144 249
188 572
113 226
94 318
31 295
212 302
574 582
31 202
14 531
395 523
101 216
138 549
200 225
27 585
1 93
39 85
81 312
27 263
36 357
141 181
239 523
40 272
50 173
49 418
218 361
36 576
47 419
195 558
328 345
299 370
65 296
39 358
186 496
515 574
312 355
88 200
139 220
365 553
2 28
453 568
192 429
221 492
215 237
352 547
276 462
224 285
363 584
315 335
574 599
86 491
198 467
120 269
223 591
61 284
94 462
45 487
310 400
459 559
186 451
265 401
34 247
382 447
575 586
357 504
310 472
402 565
513 568
83 317
501 596
148 203
188 267
15 250
314 426
404 421
102 211
308 490
66 154
249 381
345 488
266 424
109 131
436 449
81 484
153 312
412 527
25 426
223 415
443 500
351 521
117 376
141 349
62 302
19 235
98 261
394 444
76 401
48 363
279 413
173 228
422 444
377 473
503 529
118 520
546 578
428 562
107 419
7 254
327 492
53 404
311 351
276 385
45 380
477 568
203 435
243 541
350 361
218 586
110 395
586 595
7 123
96 483
79 290
13 33
45 440
74 355
455 509
390 567
120 137
324 475
287 597
10 466
105 337
56 507
269 442
574 577
156 221
489 537
503 570
161 410
273 486
216 588
24 419
70 539
565 582
447 480
25 39
280 413
181 501
273 417
53 96
319 360
437 487
173 277
81 191
165 564
179 564
374 469
201 354
217 403
186 217
245 592
166 415
132 528
116 176
27 128
121 393
348 530
167 448
253 582
191 324
53 548
290 557
378 437
188 368
51 434
357 576
231 512
256 518
107 359
424 525
210 589
287 581
64 260
336 480
387 426
314 397
27 346
359 450
473 569
196 356
145 388
58 410
322 361
280 431
443 558
76 210
168 364
130 418
251 309
3 18
261 499
42 587
46 493
139 331
50 228
222 497
188 371
2 218
301 476
37 77
7 467
379 440
252 359
95 117
177 449
67 411
109 594
30 591
272 532
332 572
129 450
358 426
38 224
146 378
86 93
180 332
89 467
137 474
173 507
457 489
298 473
425 596
131 230
300 492
1 400
98 351
63 239
271 543
248 477
204 517
69 115
522 543
116 381
194 522
203 483
24 185
214 598
149 491
141 517
396 516
278 343
471 562
327 418
177 436
145 581
115 589
23 363
208 575
546 593
36 587
187 314
169 340
367 433
66 175
140 411
234 345
467 557
337 550
71 196
160 315
289 301
97 113
22 401
265 505
170 230
320 502
296 345
41 101
23 89
0 187
266 525
455 492
207 596
360 563
386 431
273 583
317 464
116 542
38 507
64 459
82 471
126 573
208 335
52 488
26 513
77 116
357 430
76 115
359 547
410 427
111 378
32 115
253 458
241 424
47 339
120 474
69 500
88 129
33 252
63 295
16 427
84 206
140 211
225 275
36 504
233 298
36 486
77 394
47 107
302 306
75 169
10 90
167 510
115 210
433 436
54 434
328 488
22 432
414 533
34 535
88 359
297 408
237 240
19 409
424 456
130 582
1 298
408 544
1 569
18 176
83 222
169 472
99 584
226 586
165 179
12 42
478 537
99 214
55 539
329 385
393 396
382 480
268 501
217 247
174 348
65 470
328 585
248 568
26 119
12 36
117 389
29 581
212 441
565 596
58 125
278 367
209 373
291 438
296 429
356 393
155 319
172 246
23 85
288 494
421 475
35 342
416 525
127 337
385 502
352 469
256 563
36 264
22 341
440 463
320 355
35 531
248 516
406 559
86 311
415 591
208 218
259 466
419 463
9 71
110 476
380 487
15 458
448 510
132 504
73 154
90 261
165 377
420 541
126 545
308 329
132 395
293 480
407 539
294 376
33 563
134 585
88 275
366 373
299 599
1 554
103 118
214 488
127 465
43 201
148 411
79 123
74 528
122 204
425 501
184 522
220 591
263 459
190 221
493 570
62 324
232 360
125 183
153 302
297 544
143 458
70 258
308 489
384 445
204 286
39 131
106 146
504 576
292 305
49 199
33 450
24 193
234 422
155 360
53 421
243 249
326 579
142 552
321 449
226 337
181 389
353 379
272 461
577 591
200 416
344 408
9 391
114 247
213 478
414 485
92 282
99 598
29 553
454 568
226 498
239 430
90 164
5 510
77 542
310 554
3 481
160 335
177 235
105 593
457 537
219 375
85 89
112 328
74 81
341 401
264 324
373 452
426 527
99 104
142 415
444 541
127 226
417 583
79 557
26 550
375 522
249 542
75 340
44 204
158 220
330 445
199 253
162 326
31 417
77 238
318 355
165 472
193 251
290 553
306 524
270 439
168 525
69 265
205 216
296 589
287 314
484 528
550 593
242 296
17 197
88 205
406 554
1 86
456 514
35 442
513 550
36 583
158 552
208 315
122 368
388 467
208 493
7 18
364 533
95 288
212 320
124 456
55 366
192 420
222 470
9 299
262 589
53 383
324 390
60 240
162 582
165 400
136 366
565 577
104 584
303 588
81 561
199 300
150 588
279 288
10 170
159 555
306 537
320 462
181 268
253 402
477 516
392 551
310 406
114 383
344 437
16 270
21 508
177 321
221 300
219 543
68 466
210 258
208 529
284 512
10 164
87 414
401 505
91 514
194 375
210 401
391 538
191 264
84 333
295 583
265 369
495 540
86 167
322 509
101 461
0 29
72 385
387 527
94 320
300 418
179 189
220 415
86 227
309 440
274 570
148 375
213 219
162 579
449 480
203 548
292 437
20 251
151 410
93 233
18 254
264 484
127 595
231 347
32 589
262 296
339 463
61 496
93 227
530 592
17 91
388 553
172 573
54 448
471 553
241 316
196 579
32 262
14 454
400 472
43 544
163 513
174 228
211 478
206 333
126 246
87 533
102 213
316 456
237 381
209 366
295 417
245 530
316 451
372 376
133 217
54 149
357 583
243 444
250 540
79 508
4 11
581 597
166 330
111 305
47 438
186 241
114 390
390 421
157 341
25 468
130 152
196 326
168 533
65 257
423 440
396 477
128 147
282 477
493 503
135 176
42 133
288 376
202 461
260 464
96 548
347 461
281 293
62 580
184 457
262 429
87 469
202 278
410 592
454 551
355 528
173 384
131 323
256 360
10 109
294 372
180 572
3 254
368 371
30 207
120 409
64 182
53 247
130 253
19 367
108 451
129 205
499 594
88 450
40 91
331 370
185 309
373 464
136 373
15 44
193 309
525 590
16 246
2 498
64 340
339 440
361 418
121 337
295 430
340 472
350 362
241 266
131 584
63 325
333 405
109 499
300 495
465 586
214 234
77 138
20 518
310 559
190 204
234 429
390 404
192 444
193 252
170 527
383 404
159 337
346 459
82 562
207 224
180 503
160 318
91 124
279 494
64 317
46 160
100 260
285 425
499 585
177 269
89 198
57 107
222 317
99 488
353 440
130 162
271 478
139 158
207 330
338 539
370 538
398 452
97 393
526 575
39 59
171 332
322 418
297 374
462 502
292 378
56 520
113 498
117 386
308 566
162 599
244 326
111 292
19 436
92 196
167 491
182 452
162 515
79 365
71 92
139 577
485 590
108 284
14 243
3 137
105 578
257 258
257 479
283 397
215 381
12 486
472 559
381 519
385 566
524 537
4 417
9 326
164 466
139 370
278 449
38 56
249 519
206 446
3 176
204 368
2 362
44 141
181 349
218 350
319 588
103 224
97 356
262 558
458 534
136 333
16 545
301 318
39 426
56 279
283 412
270 348
137 240
410 530
93 298
192 541
400 554
171 490
207 577
20 252
52 99
115 195
267 460
316 571
94 556
493 556
80 553
188 492
365 471
258 479
151 161
296 470
31 347
281 336
255 455
122 188
132 523
112 313
330 384
336 382
40 41
131 363
15 143
304 341
229 238
58 341
154 377
460 572
257 470
344 438
551 558
17 205
392 558
197 225
64 472
188 332
411 475
444 506
232 254
120 319
497 539
213 543
515 582
283 448
31 343
363 549
114 567
100 464
323 363
90 109
476 528
434 448
97 362
555 595
337 593
228 507
365 508
78 531
264 567
132 476
478 522
68 527
391 500
282 391
104 594
278 447
143 534
142 334
169 179
80 471
290 365
4 486
315 493
144 442
82 236
117 372
56 228
45 438
22 258
119 269
41 461
277 384
354 359
16 84
431 517
211 213
13 303
91 197
69 369
304 573
106 408
128 521
180 460
398 564
283 510
121 516
149 261
136 405
253 418
240 481
199 458
299 331
58 245
174 270
521 554
295 447
18 198
221 536
175 473
123 309
302 561
135 198
4 217
66 73
306 580
298 569
72 441
113 121
447 449
302 312
197 416
132 484
179 182
152 361
121 248
274 329
394 584
26 342
84 246
183 245
34 403
178 198
187 597
234 488
231 532
354 547
313 328
4 61
67 140
96 203
290 467
303 560
116 237
119 321
343 447
192 422
156 492
41 216
291 544
281 550
443 453
374 378
250 458
73 569
207 285
129 560
333 398
167 227
100 317
168 241
121 550
65 210
207 425
33 319
77 229
70 479
235 409
139 574
500 538
47 463
118 288
125 245
267 509
97 498
157 410
40 482
204 371
27 399
427 439
288 294
255 322
498 586
255 327
215 240
183 530
274 503
325 578
422 429
123 254
108 186
117 431
113 337
127 586
240 381
58 142
585 594
395 555
71 282
276 502
533 590
206 246
242 328
420 551
102 411
485 547
278 433
353 562
453 477
50 183
147 346
263 346
118 294
157 161
91 456
57 419
95 280
402 458
183 228
203 475
243 506
400 569
252 450
199 495
191 561
28 362
51 54
70 304
20 193
227 510
165 189
458 540
124 514
390 475
72 212
293 336
128 134
37 198
261 491
318 526
331 574
212 502
295 382
276 570
103 294
173 183
352 485
158 401
134 499
260 373
445 507
147 459
129 303
211 306
169 182
202 347
69 443
57 252
345 429
52 585
33 360
19 101
316 424
46 556
393 516
146 374
238 394
207 565
8 19
152 579
407 470
190 536
107 354
218 575
8 101
239 357
182 340
260 452
140 306
229 394
423 508
123 557
371 492
272 347
64 559
104 109
364 525
278 436
11 486
23 48
57 193
458 596
382 546
514 532
181 372
43 47
72 306
465 595
68 412
12 133
19 216
127 555
157 304
122 171
414 590
208 361
152 362
406 459
145 468
81 302
222 399
293 321
519 542
20 33
270 427
152 418
138 394
490 503
60 144
479 539
35 163
347 417
417 512
388 581
156 371
289 318
112 242
110 555
55 304
268 294
174 530
267 572
297 469
66 377
150 205
493 529
269 321
37 549
295 343
353 380
79 309
250 536
364 590
128 346
92 396
184 478
119 293
149 259
239 504
64 452
1 311
27 313
148 219
185 193
24 57
10 230
435 483
153 320
141 389
380 428
187 397
95 494
144 269
291 408
307 361
394 598
148 435
578 593
303 319
353 428
90 259
63 430
23 323
556 570
380 440
42 217
11 133
14 78
268 425
288 520
127 159
280 386
71 391
258 401
98 491
69 538
146 437
154 400
163 454
91 532
41 482
95 413
174 183
301 355
567 587
53 203
416 424
54 167
221 495
182 398
20 232
177 409
63 523
122 332
216 409
430 583
125 415
32 195
137 481
123 232
349 389
222 263
72 502
325 523
14 541
42 247
232 251
200 547
139 505
168 266
83 497
43 291
285 294
211 537
137 319
39 323
162 299
146 297
98 134
72 566
136 446
462 570
58 552
219 411
460 509
412 426
32 558
235 436
48 89
264 504
284 514
17 225
282 396
314 412
219 522
59 426
227 233
172 446
348 410
489 524
236 471
128 406
313 399
293 449
2 350
290 388
402 582
160 493
484 504
55 338
16 439
164 259
162 574
136 206
232 518
220 223
575 595
325 546
495 536
222 407
44 286
192 262
204 511
214 422
336 546
489 566
171 180
49 253
188 455
277 415
54 259
8 367
338 464
107 252
281 593
69 195
231 417
214 444
58 592
68 434
534 596
126 304
72 524
138 363
21 423
121 568
309 423
299 326
62 140
59 131
131 170
405 452
456 571
351 491
158 341
67 324
151 157
112 470
33 256
67 475
33 303
274 490
190 250
6 356
536 540
541 551
185 419
172 366
81 264
34 217
203 411
28 498
112 222
27 222
152 356
450 560
6 393
76 369
87 374
283 434
77 549
198 549
205 275
166 277
136 209
125 142
392 453
37 135
138 584
231 272
453 558
73 175
441 502
26 163
199 540
286 511
185 440
265 538
106 297
48 549
241 451
126 172
339 438
128 459
220 334
12 587
5 167
53 535
48 178
158 505
195 443
338 497
142 220
408 437
66 473
90 499
200 275
257 539
68 283
20 256
196 396
468 581
144 240
162 244
163 342
21 440
78 163
0 471
185 463
22 304
207 591
44 143
136 452
157 545
60 137
44 517
268 285
442 531
184 537
186 403
110 301
60 474
201 352
102 140
512 514
94 160
311 554
514 571
6 97
360 518
0 581
420 558
141 431
398 405
154 165
254 360
119 342
160 526
157 427
85 388
73 473
151 341
341 552
178 549
397 412
304 432
325 555
55 573
189 564
38 103
48 198
395 476
361 362
361 529
413 494
120 177
37 116
30 415
190 371
163 568
392 454
17 275
264 390
325 395
370 391
52 104
87 352
218 498
144 474
86 351
512 532
381 542
8 461
289 595
526 595
387 412
51 259
379 380
483 535
14 249
329 490
179 398
367 436
302 580
325 382
224 330
194 435
262 420
222 313
276 329
451 571
313 585
34 53
43 438
55 172
126 157
365 562
196 393
366 446
172 206
336 593
307 509
244 299
508 562
49 300
461 482
103 520
291 344
232 309
201 544
210 257
270 410
511 517
342 442
176 237
68 259
4 496
462 556
45 339
369 401
29 388
85 323
158 334
30 166
233 510
7 557
274 276
259 434
75 182
366 464
249 442
153 212
25 314
377 564
0 80
203 421
176 481
506 542
246 545
555 578
416 456
35 78
108 496
200 525
44 190
282 500
4 273
25 358
352 414
329 566
64 263
477 500
95 386
505 538
370 505
279 520
337 578
263 317
74 312
159 578
293 550
144 381
176 240
341 432
3 360
59 527
409 588
367 461
503 509
334 552
187 581
202 343
356 362
17 41
143 181
18 135
88 547
271 522
374 75 190 54 122 306 52 165 225 465 523 243 64 289 463 319 183 33 592 180 31 494 416 285 406 25 273 412 494 356 170 498 17 111 250 541 533 172 507 74 87 23 50 538 216 22 510 236 359 67 141 418 555 258 93 200 397 98 461 544 42 23 446 102 275 173 12 278 496 307 145 65 546 230 166 531 465 501 222 241 229 234 207 547 294 598 148 575 102 283 537 241 237 114 51 105 6 237 277 212 472 226 101 271 176 182 368 74 540 473 300 575 82 484 351 237 443 451 598 233 213 2 189 251 180 580 309 577 442 586 334 453 396 436 61 425 528 62 7 314 187 523 183 79 565 588 27 556 197 223 365 116 139 595 302 289 320 425 398 196 276 458 42 10 434 139 565 399 388 356 211 1 302 8 261 182 431 355 151 496 398 159 305 15 116 68 63 289 203 222 500 306 240 473 210 265 92 329 229 439 339 352 249 433 593 152 333 5 208 196 389 484 558 427 237 148 560 26 99 429 156 554 149 313 76 522 85 599 393 490 410 405 391 564 71 119 358 148 404 147 493 280 6 215 503 310 29 372 347 324 454 63 336 290 545 40 502 461 41 392 272 320 570 124 479 117 273 215 308 547 252 434 374 159 412 570 319 436 366 162 291 287 119 45 236 276 435 71 251 395 312 378 20 447 468 87 517 334 490 125 591 291 159 424 17 500 422 431 396 581 100 556 372 278 510 194 159 276 212 11 349 88 66 332 178 436 334 584 373 0 569 482 290 13 62 507 265 132 525 356 265 135 486 384 126 373 239 284 557 483 453 438 363 444 75 492 425 421 29 60 468 33 392 36 524 250 130 330 182 224 42 586 530 477 272 553 26 374 381 158 232 238 113 478 323 402 131 389 424 494 505 589 202 182 328 497 86 433 487 366 308 294 204 104 528 350 9 260 13 393 588 244 588 315 381 568 34 65 441 450 25 349 451 400 324 525 539 318 573 260 384 240 554 259 425 59 261 527 343 140 406 491 581 98 271 391 217 503 22 238 413 343 126 241 595 384 565 304 9 301 90 190 506 144 5 48 562 87 546 444 292 432 373 143 536 9 455 541 381 207 120 209 141 271 205 297 38 116 198 256 325 48 598 11 264 113 272 474 454 152 139 544 162 38 395 150 14 556 48 324 1 306 396 192 413 373 79 163 131 426 272 249 120 516 42 191 582 597 291 579 431 47 524 589 188 68 143 42 90 159 119 184 40 370 587 573 417 237 260 460 591 52 300 264 160 379 87 245 567 537 353 200 79 267 547 493 15 244 485 62 469 593 96 309 587 490 423 259 119 28 514 159 493 475 339 208 568 93 453 230 127 471 522 580 325 577 26 414 529 345
21 444
105 876
718 523
257 365
601 98
42 762
663 573
167 395
451 238
622 649
134 650
629 129
667 123
277 209
418 526
886 698
522 992
384 131
210 396
430 262
201 270
75 272
494 793
189 537
144 203
88 516
489 448
240 782
720 547
49 454
740 826
534 205
433 660
289 242
726 3
453 482
656 154
239 478
803 926
127 542
458 144
410 171
670 72
150 120
921 734
27 160
822 386
90 142
179 505
788 645
701 956
56 697
256 698
795 29
63 725
418 871
806 994
159 177
624 862
110 586
365 398
563 104
833 201
625 273
267 874
411 733
95 993
850 142
51 646
529 676
436 826
621 625
941 263
68 949
742 246
244 933
504 710
252 520
429 497
130 328
37 410
783 217
2 364
333 818
454 982
155 502
97 815
212 13
294 163
162 478
139 688
442 102
625 602
51 856
799 336
960 896
841 14
695 551
167 758
275 642
302 864
407 232
891 152
835 890
244 657
606 413
92 39
139 166
529 46
195 652
703 347
13 1
321 769
663 535
732 87
481 702
293 481
959 853
878 931
470 397
395 335
547 493
995 540
170 342
460 80
649 857
486 918
661 417
180 795
322 182
738 632
199 611
694 267
637 101
199 731
230 439
365 958
351 378
222 538
682 747
868 157
936 785
647 812
898 742
352 431
70 476
108 20
212 809
884 49
108 733
341 222
589 877
735 587
787 285
107 958
308 341
887 615
546 914
573 766
638 426
794 382
575 898
695 657
480 493
103 666
176 951
722 848
74 763
359 5
207 949
138 622
987 454
434 922
708 927
610 991
42 971
257 430
434 323
192 483
228 970
967 426
898 787
257 963
668 978
986 127
120 217
580 8
8 545
956 537
182 977
909 628
803 188
372 611
184 228
957 9
486 662
648 602
390 102
186 442
825 659
305 107
185 104
490 238
853 40
979 658
342 172
428 956
756 790
797 460
348 939
459 721
919 168
849 279
904 117
292 617
301 448
389 213
611 47
746 501
919 72
684 781
863 617
302 801
692 802
797 868
363 113
685 475
39 796
721 978
277 550
161 640
532 139
199 311
12 892
313 631
440 298
11 409
275 443
299 548
657 250
317 419
477 6
323 728
353 521
668 656
643 900
482 975
726 50
558 522
367 487
907 667
178 250
196 178
770 671
204 345
890 541
247 264
428 747
463 782
81 690
310 906
149 739
393 658
262 817
763 173
531 701
394 14
926 482
874 830
432 368
550 993
954 93
474 176
599 142
931 353
340 132
922 330
710 876
525 287
926 985
983 919
526 382
586 611
2 658
508 92
830 847
975 681
65 500
912 939
721 379
101 378
110 75
24 50
503 368
879 890
579 255
361 692
144 36
4 927
647 690
821 605
732 317
829 236
316 207
459 832
33 29
899 211
849 498
999 305
169 280
168 862
120 837
788 245
267 764
33 544
796 404
458 37
279 845
754 356
337 263
824 303
462 337
833 524
170 557
804 150
626 323
657 631
851 541
283 727
958 350
764 850
654 718
986 482
369 990
627 791
771 438
550 326
619 450
384 868
80 175
241 901
568 825
461 439
546 238
88 80
302 683
240 815
512 187
619 963
945 806
760 520
120 793
230 59
12 247
220 112
763 300
698 583
660 200
91 555
253 146
254 310
814 499
747 560
203 563
309 31
76 373
369 916
473 262
981 591
517 729
598 668
944 598
927 872
330 924
145 14
920 29
920 900
136 998
77 15
19 225
0 205
332 464
584 309
756 67
760 882
952 312
984 890
69 607
72 427
964 823
788 110
572 640
491 586
638 580
241 574
668 296
612 579
0 585
295 993
284 788
143 915
510 756
827 730
602 25
783 88
349 978
167 839
364 786
114 42
418 299
596 907
860 106
24 604
978 958
262 47
682 829
387 61
563 148
781 621
115 180
408 597
807 54
337 619
108 298
431 18
825 808
85 577
536 943
3 277
351 658
618 222
989 808
505 826
497 283
24 685
898 0
471 294
62 57
82 111
538 968
57 223
882 275
403 462
535 649
357 564
770 910
386 936
544 273
24 735
496 309
261 191
498 18
307 945
516 576
495 556
927 530
436 66
995 168
864 696
211 840
911 455
451 199
901 340
79 203
330 869
684 436
92 639
145 421
88 491
177 54
343 763
22 380
215 895
15 985
406 362
833 102
708 309
569 554
961 132
443 792
526 311
278 408
443 173
862 0
721 232
283 81
626 158
56 96
270 668
990 200
972 390
119 768
916 560
845 420
960 942
843 642
561 38
355 814
691 510
178 704
547 621
867 781
900 300
943 403
704 208
569 744
329 539
745 941
67 312
880 479
10 776
970 717
527 105
520 475
487 78
724 691
597 544
973 751
225 282
336 500
854 989
141 825
977 69
643 303
968 235
374 29
740 406
72 629
741 277
827 440
628 940
390 495
470 123
281 14
878 730
775 3
873 647
958 184
552 668
412 814
879 670
391 557
312 511
924 106
154 81
515 928
602 328
254 115
827 33
203 504
519 424
422 575
608 834
78 404
134 878
658 369
869 369
125 373
449 621
204 871
291 188
812 222
43 260
270 271
175 1000
771 746
972 288
746 108
511 526
87 934
933 375
487 55
952 486
444 890
690 714
745 447
686 193
717 768
622 385
700 627
855 195
45 477
750 689
613 183
227 600
235 727
705 464
700 120
367 244
398 710
319 61
717 806
622 888
569 408
208 699
710 406
856 754
31 515
257 619
692 690
