600 1669 600 858 7
143 591
129 592
490 492
29 63
62 345
99 123
174 379
339 382
60 329
286 451
70 290
96 272
204 338
219 475
48 319
255 302
57 566
218 534
133 259
41 87
173 589
283 446
184 315
188 368
187 328
264 447
159 256
54 76
253 340
54 353
33 515
189 428
35 184
17 535
43 436
114 277
7 430
30 207
248 487
49 141
499 502
136 586
539 557
110 548
128 356
28 324
19 482
54 201
96 398
273 445
274 516
128 335
72 571
78 540
213 425
5 180
264 579
139 379
19 33
40 317
179 309
158 253
118 409
295 342
211 563
285 366
79 503
314 381
32 456
456 583
44 453
169 419
113 582
44 411
86 516
93 490
318 539
445 469
96 153
39 211
214 288
388 567
24 298
242 420
51 103
118 307
489 591
297 348
285 432
258 452
437 487
326 363
67 363
420 474
92 152
48 196
118 390
361 536
101 528
202 431
188 414
94 478
52 98
456 469
123 149
37 333
311 482
464 595
115 574
102 335
18 509
252 362
85 583
284 390
178 211
115 298
94 482
121 536
495 547
21 316
443 497
422 523
237 524
58 313
221 349
0 302
139 552
476 483
79 303
227 330
58 135
450 552
475 541
415 520
317 545
101 126
119 259
149 458
301 589
451 514
216 444
101 507
254 506
159 177
221 396
261 513
399 400
261 467
35 315
107 346
65 548
53 179
45 59
22 586
369 510
7 408
283 288
304 442
157 318
74 549
542 559
494 585
502 543
191 471
194 433
298 460
377 546
419 578
96 510
44 535
88 289
321 331
4 93
201 543
49 599
354 548
136 560
192 241
135 426
251 407
56 597
286 484
501 568
285 551
398 439
476 525
144 270
489 498
244 410
148 203
202 437
85 313
90 395
176 506
5 130
214 434
525 580
67 550
215 334
230 341
46 393
511 526
341 467
79 197
482 525
198 332
1 237
2 565
17 331
184 336
208 504
159 165
103 260
290 342
191 465
379 439
310 399
514 559
323 500
167 459
266 498
14 536
335 355
61 314
54 594
184 342
133 385
251 507
12 36
418 495
70 264
91 481
111 323
154 371
145 191
36 563
110 155
287 501
45 433
41 539
19 404
174 443
231 312
217 561
505 575
207 465
15 336
219 327
385 404
219 261
206 431
227 582
137 363
106 306
224 227
47 290
538 594
233 380
61 381
220 419
506 593
240 599
117 494
193 574
143 374
59 195
311 404
127 421
292 509
452 547
35 57
210 288
47 410
76 499
91 368
161 542
206 488
232 233
127 170
15 386
142 540
75 164
6 515
334 521
352 534
452 580
265 328
7 476
412 471
434 530
223 250
351 544
205 454
118 263
25 436
165 177
134 304
14 164
193 215
178 260
197 472
248 397
288 446
9 152
91 460
302 463
26 245
237 329
86 181
161 359
339 378
87 294
116 584
424 543
338 479
73 97
51 546
365 394
273 333
68 312
400 531
41 386
17 173
80 501
94 469
256 530
246 431
23 345
402 441
99 121
48 88
332 485
336 579
406 494
346 514
127 535
32 469
254 344
167 571
58 501
165 252
200 548
13 429
297 429
239 319
125 532
424 518
349 555
4 462
186 221
134 215
52 292
318 490
58 568
279 518
310 400
1 539
264 551
94 408
278 457
215 574
379 510
507 562
233 520
330 549
60 237
154 268
150 425
71 373
176 383
464 586
514 542
152 338
141 599
345 382
261 341
4 490
157 227
201 594
27 204
236 453
140 549
222 361
199 412
2 10
271 395
35 350
340 581
139 439
220 413
124 511
21 466
229 355
196 239
185 324
224 330
25 189
269 312
192 400
312 576
80 564
297 370
119 311
374 413
116 394
333 515
78 543
42 161
95 179
49 447
360 571
473 484
50 83
122 163
162 523
285 326
111 246
69 234
50 358
303 497
89 585
122 223
243 516
78 468
69 297
51 53
262 565
210 530
67 371
183 461
105 188
86 553
168 217
65 370
43 262
76 353
306 436
0 463
39 317
180 188
261 537
141 398
99 413
77 149
149 169
54 543
204 479
142 444
82 235
218 412
36 92
66 553
162 547
229 335
135 568
166 378
215 559
153 594
97 329
254 338
130 597
407 562
248 328
229 294
183 217
272 439
247 528
426 584
14 116
477 525
73 267
104 566
239 383
304 451
400 576
106 415
146 173
503 593
33 482
143 413
22 182
109 293
460 505
114 151
226 596
164 438
327 440
268 447
171 401
271 346
55 413
333 445
511 595
156 427
155 418
288 449
23 91
301 375
276 540
39 84
191 403
369 425
316 341
93 411
181 461
166 339
138 527
363 551
223 543
183 553
72 275
119 580
60 97
352 381
179 413
370 548
170 175
42 358
161 577
335 566
160 293
86 323
290 295
34 250
532 560
91 414
405 535
269 531
463 561
343 398
422 547
538 554
112 347
216 495
366 579
20 519
294 322
118 150
266 479
262 436
77 388
228 437
376 477
359 395
330 492
100 296
29 258
518 554
177 358
269 507
53 408
275 528
245 433
40 190
81 221
26 217
92 338
15 41
86 500
160 187
172 552
254 454
173 321
214 310
65 308
97 229
265 431
138 447
202 335
293 461
59 347
372 560
18 52
241 403
406 553
468 538
117 406
42 577
414 480
2 440
84 260
38 472
229 322
232 504
359 542
278 334
384 529
274 572
181 293
357 391
58 85
27 485
76 263
32 222
11 221
144 549
130 180
9 40
311 525
25 267
20 65
126 391
62 573
168 494
432 557
231 507
12 563
351 466
19 311
271 514
111 181
233 462
214 576
59 521
48 567
248 431
198 383
152 344
300 596
165 529
270 599
104 322
296 505
172 439
47 244
59 558
9 92
371 550
141 343
85 365
325 492
140 209
149 210
187 292
236 411
56 470
384 395
300 389
297 545
181 323
94 309
27 289
409 486
171 221
61 534
418 523
250 502
1 41
195 302
325 411
226 586
196 581
112 180
208 436
48 489
84 178
69 317
187 246
176 350
186 252
361 394
489 567
41 285
70 336
175 405
132 400
248 437
223 444
79 337
64 354
147 407
47 552
349 509
260 430
8 188
77 567
90 569
238 549
231 357
242 589
263 486
196 340
34 548
150 307
533 580
512 522
35 383
457 484
367 465
328 396
287 426
131 576
57 335
28 50
225 389
369 379
391 392
109 417
200 523
220 374
440 588
103 430
188 597
299 588
32 394
451 484
249 460
263 499
403 496
334 347
267 436
68 75
213 369
460 481
307 472
316 375
107 451
228 397
328 555
356 508
137 330
387 561
1 87
59 522
23 382
55 222
284 297
57 104
300 517
396 401
294 524
286 473
174 369
153 510
257 314
165 358
64 163
157 582
258 430
35 294
240 371
231 391
360 528
232 467
325 330
157 490
296 575
294 329
10 572
311 385
437 581
347 521
187 417
91 505
0 245
448 592
299 494
136 300
37 225
281 445
3 571
304 457
368 575
246 488
80 124
92 479
203 233
50 577
85 456
71 416
203 462
10 16
17 421
277 586
216 418
7 483
79 295
297 308
189 280
148 341
138 154
167 526
235 393
177 241
460 574
41 315
93 203
374 419
316 589
210 449
53 377
430 533
278 442
417 451
229 329
173 331
199 403
164 392
186 349
29 422
82 273
244 443
190 503
453 592
36 266
136 532
31 468
206 229
165 256
275 360
224 326
176 198
68 576
372 532
342 506
426 568
155 548
480 491
232 380
50 324
2 262
38 497
162 495
191 367
358 384
68 156
462 520
212 276
237 520
125 517
300 455
282 299
91 480
119 133
215 442
62 298
354 418
73 306
420 556
71 459
72 147
82 455
88 319
102 581
410 497
69 348
297 548
105 491
336 342
406 516
135 313
378 382
250 429
23 481
387 473
376 525
129 148
131 400
469 482
278 521
138 268
138 264
294 315
134 451
308 370
392 426
366 386
6 37
222 536
70 579
320 377
573 577
150 174
163 216
108 489
498 591
518 538
244 552
362 529
403 471
46 364
239 332
124 501
15 315
346 451
64 548
29 547
102 508
304 484
45 245
501 564
121 413
142 216
237 306
452 533
26 463
31 276
529 569
275 562
196 319
402 430
40 197
266 320
325 490
183 561
132 199
300 532
68 231
237 415
37 515
175 209
316 466
556 590
463 473
309 478
41 432
263 390
262 274
208 565
87 524
225 364
299 585
211 546
186 569
267 306
106 232
287 564
222 413
28 191
305 371
11 171
364 393
142 212
94 376
202 487
204 205
353 510
53 309
58 583
254 593
150 443
131 531
246 293
156 164
469 478
260 519
209 238
250 499
347 575
207 573
318 582
448 544
13 250
364 389
567 578
123 220
295 593
97 280
223 540
25 97
99 446
241 324
46 389
344 593
199 531
388 578
335 356
153 493
270 291
137 144
394 456
390 429
44 175
137 224
268 599
19 515
264 290
163 354
77 253
228 581
1 587
9 563
441 476
187 293
262 572
147 562
59 598
431 487
345 573
217 553
142 223
441 525
67 137
282 588
230 261
108 578
26 561
71 277
148 448
150 472
95 413
252 530
307 390
366 551
551 579
51 377
409 425
112 598
149 388
277 416
88 489
379 450
531 534
233 415
12 320
149 446
396 555
208 306
443 552
257 367
0 26
117 299
493 538
140 325
436 565
86 243
195 278
0 512
526 571
136 372
215 542
243 406
174 425
475 513
131 312
192 399
130 470
252 256
154 240
57 128
44 405
133 404
301 474
230 316
333 393
218 257
227 492
150 409
338 344
395 569
286 293
102 202
430 519
313 365
151 389
123 419
44 209
301 537
76 486
123 169
410 443
194 558
110 418
342 350
18 569
326 551
326 582
369 486
423 483
160 417
141 270
12 377
127 405
251 381
24 345
341 351
203 380
171 458
251 352
240 270
263 429
295 337
2 16
2 588
4 520
127 175
6 225
166 367
119 385
274 570
376 423
535 592
302 522
157 492
358 529
309 413
541 588
365 456
139 450
56 194
185 191
74 330
293 417
12 546
9 39
279 468
423 477
172 398
231 269
281 456
14 438
34 297
431 488
182 586
149 578
338 454
266 591
52 271
303 472
447 599
126 247
288 576
124 464
117 516
131 269
314 407
26 433
10 117
5 598
403 412
324 403
52 417
82 583
7 402
8 597
234 284
305 527
197 303
56 598
103 546
39 563
145 412
148 232
461 561
266 435
78 424
122 250
14 361
240 268
77 158
177 399
287 392
474 589
199 241
289 485
180 368
219 504
108 567
301 316
70 342
106 504
34 122
5 56
48 77
234 317
345 481
78 223
176 254
99 283
461 473
0 45
52 187
197 317
161 574
18 90
247 287
470 597
120 416
211 260
39 65
31 540
270 343
86 461
182 464
7 103
318 587
143 320
187 265
177 434
382 491
4 237
475 588
289 498
273 583
170 209
290 337
201 554
263 409
167 595
219 440
185 496
30 465
327 504
23 480
20 63
261 475
189 206
9 317
500 516
363 527
86 183
42 395
106 237
78 279
197 234
239 508
342 593
189 488
40 503
63 258
13 263
303 337
99 220
365 584
101 275
241 400
201 424
298 574
95 377
210 214
190 197
340 401
18 186
134 559
413 536
182 595
40 152
291 371
6 19
207 345
75 576
302 512
296 347
124 372
321 466
35 322
136 596
432 582
30 339
467 504
495 523
129 236
81 186
145 218
281 583
128 508
383 508
154 527
67 305
143 489
202 206
45 558
45 522
58 372
126 528
166 465
17 127
137 326
75 288
282 541
4 318
289 489
45 194
126 231
328 349
186 362
103 408
258 519
411 453
83 241
243 553
3 528
155 354
45 512
62 115
95 143
129 448
381 534
20 84
357 427
463 484
351 448
447 552
148 351
75 283
396 397
43 428
37 364
99 438
117 274
516 570
421 590
144 550
546 563
517 532
120 167
144 371
207 339
269 534
27 498
296 334
350 506
158 196
186 509
542 574
209 325
98 107
119 525
322 566
31 78
329 524
96 439
391 427
453 535
290 410
168 406
123 446
350 383
81 349
374 578
137 549
488 500
163 444
17 146
229 566
49 398
36 479
264 527
82 517
92 563
25 73
389 596
125 583
558 598
72 360
193 334
180 347
466 544
234 307
221 252
4 587
113 432
284 429
286 461
273 393
124 595
424 554
198 239
145 471
248 265
100 193
79 190
348 545
287 391
109 286
145 367
176 454
486 510
77 458
129 453
65 200
10 588
298 345
36 435
441 533
206 355
281 469
66 406
24 460
105 414
221 401
402 476
173 242
226 277
7 423
527 551
48 158
2 327
145 257
28 573
230 537
27 205
517 583
468 518
110 200
114 226
230 375
60 73
12 435
214 530
115 573
61 218
82 393
21 341
170 238
347 368
94 423
327 565
164 391
34 64
412 531
290 447
147 275
261 504
382 480
408 423
114 596
305 363
11 252
3 247
164 427
284 307
113 557
426 501
193 249
121 438
140 238
93 462
442 457
344 503
11 149
106 233
378 491
279 424
154 305
120 595
27 454
58 125
331 544
234 472
247 526
39 178
273 281
8 105
310 434
277 373
159 434
246 265
526 564
477 483
28 207
24 481
428 436
331 448
11 458
292 328
59 278
80 511
184 350
16 572
359 514
88 332
120 182
253 401
259 452
46 235
386 579
93 236
347 598
196 508
38 303
167 511
83 324
259 580
10 299
272 510
136 464
134 514
195 457
54 502
272 379
368 414
215 278
77 401
74 137
242 474
134 442
32 361
33 445
146 421
35 104
191 207
228 248
41 557
326 432
17 592
508 581
235 455
325 549
222 309
22 120
402 533
151 596
204 266
100 334
144 291
229 280
136 226
28 577
224 582
88 239
103 211
26 168
88 485
3 526
113 539
324 496
16 262
212 540
14 121
195 522
428 488
249 574
228 340
18 292
218 531
213 486
30 166
1 524
38 150
83 177
52 107
168 585
137 550
331 466
84 519
111 500
65 84
165 362
222 478
100 249
132 531
214 449
256 434
259 547
87 315
37 393
164 584
269 352
55 536
202 355
337 497
5 470
116 164
421 556
213 409
387 463
108 143
320 435
60 306
246 500
255 512
25 280
130 188
110 523
206 280
174 450
203 236
122 444
195 484
185 403
120 459
147 314
258 533
46 455
20 258
49 172
1 4
189 436
146 242
34 429
247 564
39 545
66 217
282 585
42 359
13 499
392 584
47 447
15 579
39 308
162 422
115 577
61 257
285 386
0 255
79 593
228 401
387 461
420 421
223 502
98 271
302 484
384 569
337 410
66 168
242 421
127 590
68 357
132 241
352 507
353 486
240 291
292 349
15 184
35 128
271 359
33 469
210 446
283 438
43 570
153 353
321 589
38 443
126 287
310 576
156 357
483 525
511 564
172 447
443 450
397 401
20 29
493 594
372 501
20 200
179 377
454 485
116 365
339 345
3 360
488 570
148 380
143 266
89 168
251 562
554 594
106 208
43 488
53 103
219 588
328 397
177 192
401 458
46 300
249 296
308 545
18 271
129 203
29 452
76 502
28 185
56 558
148 467
125 372
102 437
31 212
475 537
109 451
582 141 163 355 109 449 392 548 288 484 472 37 143 155 548 167 189 180 450 227 299 194 587 138 563 385 49 547 52 530 241 430 308 193 75 234 123 227 41 270 597 571 383 421 190 194 243 370 497 481 505 262 226 427 264 157 7 77 376 263 223 287 552 161 57 280 129 86 369 519 230 138 535 297 41 544 65 367 410 596 238 218 580 121 435 145 296 308 347 236 193 49 461 71 312 585 77 347 66 443 479 21 210 434 50 131 134 139 524 374 583 568 592 13 94 231 381 251 365 9 592 189 482 546 272 157 580 368 541 27 525 529 456 492 568 104 419 130 486 187 169 476 226 252 314 564 434 476 418 208 421 243 480 205 235 241 575 584 573 542 353 393 547 17 390 171 228 368 201 308 162 185 253 124 21 594 181 575 134 208 460 464 561 196 209 114 412 107 529 378 61 95 191 535 110 416 524 361 95 74 83 387 69 492 594 51 327 289 141 518 444 586 94 144 208 110 293 46 321 491 522 456 547 293 42 99 194 520 318 578 588 506 206 280 148 413 91 387 512 502 13 424 2 303 211 506 199 88 51 64 570 380 459 11 192 447 30 98 68 501 30 6 519 267 568 109 444 213 122 169 587 519 143 146 536 250 533 529 0 81 191 130 357 168 262 550 407 146 404 196 290 291 559 435 574 480 512 382 285 515 546 46 35 43 156 159 421 296 254 576 383 5 371 441 437 558 569 361 300 224 243 250 316 160 256 575 288 578 101 73 297 529 40 42 443 216 121 384 203 535 245 159 437 507 317 395 93 475 358 517 89 304 185 371 553 133 97 269 4 242 194 539 185 555 108 337 484 57 148 583 381 516 1 404 282 127 394 139 353 247 82 229 162 123 221 215 435 352 57 404 500 407 245 508 123 471 137 459 565 178 225 568 320 170 499 19 598 281 70 312 438 228 59 536 509 383 67 515 214 495 413 475 123 198 117 27 272 86 115 7 528 576 155 332 531 235 197 263 561 371 499 465 100 407 509 309 355 240 378 422 178 393 32 422 358 169 279 334 539 66 328 194 191 548 25 38 221 192 448 566 118 93 484 267 299 219 223 95 24 228 106 578 492 242 317 49 227 404 526 560 575 38 75 553 377 484 60 37 227 451 504 470 87 81 260 361 437 107 48 448 197 492 369 387 573 348 377 519 580 456 300 448 383 214 422 579 108 51 190 363 290 424 109 492 475 123 490 197 168 371 344 517 459 127 358 509 474 582 537 109 576 70 208 179 248 368 207 261 516 110 126 341 58 358 84 407 103 369 446 390 23 331 431 566 232 530 341 310 408 232 333 518 586 598 442 400 359 428 334 569 439 586 160 270 522 348 33 365 91 575
648 69
218 318
372 111
949 731
195 269
847 52
672 994
502 826
983 16
334 727
422 52
643 480
460 727
157 837
708 696
256 448
416 105
87 104
699 355
597 963
334 886
212 83
953 922
946 200
915 246
377 282
597 47
438 589
879 351
385 947
965 338
28 984
668 788
632 894
206 878
333 450
430 700
683 955
184 680
339 788
292 708
225 388
801 354
428 175
68 199
707 11
768 952
169 573
512 534
63 566
841 369
481 778
633 294
529 751
70 813
618 721
845 10
351 424
796 808
785 65
304 259
964 514
883 287
360 905
184 915
303 882
543 62
94 439
799 626
244 769
224 514
1000 955
995 680
332 226
38 347
752 632
100 806
557 516
83 914
280 626
920 803
638 420
743 891
840 407
365 816
763 815
522 147
242 349
469 534
512 4
736 332
925 170
385 702
151 255
586 832
550 687
17 690
325 290
675 271
640 632
833 158
913 638
448 405
450 797
333 394
979 107
283 192
652 254
531 599
656 194
284 952
529 227
869 86
167 348
876 983
848 281
731 722
467 77
167 759
486 954
971 879
668 674
150 922
623 607
904 825
812 856
898 704
30 137
389 422
129 152
935 35
847 553
869 502
496 989
742 210
822 787
868 900
88 395
133 511
97 633
12 285
18 558
126 988
519 643
38 414
973 444
65 57
993 632
225 144
623 572
164 714
831 992
331 692
21 778
105 484
246 932
822 655
114 313
523 509
739 461
598 253
820 310
344 992
182 963
781 668
712 435
997 310
980 791
564 19
588 589
1 221
602 478
102 579
101 69
124 690
27 204
369 559
772 469
392 782
559 719
902 67
552 195
934 897
567 125
293 482
928 387
689 387
583 294
952 87
413 266
283 671
960 403
807 491
814 196
759 3
743 83
490 474
252 707
389 532
881 457
304 909
58 849
450 344
181 201
435 625
398 612
424 304
915 332
329 160
41 237
682 586
417 767
83 996
107 753
739 554
771 208
198 991
562 85
940 488
327 38
596 651
610 450
638 759
123 942
106 367
700 996
866 936
90 336
507 415
350 328
216 30
880 632
276 140
222 213
241 733
739 920
132 185
268 269
2 255
433 497
79 497
820 467
88 20
509 123
154 616
633 33
488 258
922 742
514 334
864 199
151 869
951 600
683 450
525 477
330 582
684 58
711 464
991 487
404 927
467 989
402 809
293 69
398 155
166 797
181 504
541 280
466 655
363 239
101 516
880 562
19 457
723 291
42 658
710 890
459 141
953 660
70 968
909 946
775 140
46 916
395 304
669 847
445 3
717 634
222 804
192 426
632 165
874 746
742 592
470 564
220 588
52 478
650 320
567 222
276 379
252 586
859 149
256 818
859 250
450 50
797 946
144 7
703 84
227 659
710 165
117 457
321 188
193 740
265 847
593 785
786 541
547 930
840 591
797 775
997 552
297 434
199 58
306 761
161 315
468 505
507 682
133 70
311 368
526 181
871 384
56 270
147 419
343 113
568 342
292 300
61 314
123 97
418 532
684 923
814 129
386 387
251 505
235 630
379 663
974 269
520 449
252 61
280 563
6 529
342 664
934 273
680 240
844 115
277 789
637 355
307 524
190 113
930 556
45 745
218 949
405 357
414 409
861 664
801 384
773 296
970 701
693 746
729 397
120 429
741 977
749 771
204 454
991 410
916 129
93 715
268 883
83 467
849 853
982 999
559 626
183 24
574 876
517 708
1000 212
81 669
232 182
964 553
972 208
386 469
772 367
528 975
234 424
629 121
570 540
786 990
192 783
871 714
842 731
712 932
716 773
769 327
584 403
556 390
13 615
778 515
812 530
564 468
432 879
905 432
566 971
46 160
508 93
995 586
552 801
138 760
190 615
116 232
926 463
583 700
947 127
246 238
998 900
624 230
260 978
589 618
54 10
42 36
354 962
550 835
49 879
119 723
851 766
808 680
413 220
214 838
422 848
465 298
156 380
669 7
746 505
468 691
379 189
478 370
716 666
61 622
357 77
474 892
759 171
151 671
153 980
668 888
683 618
142 540
183 147
718 573
113 659
706 199
434 957
105 169
405 572
766 925
703 807
734 148
628 539
998 871
882 221
606 141
186 238
621 92
898 868
984 368
162 79
263 100
10 952
636 830
893 15
946 441
211 714
652 137
112 7
323 6
480 845
546 876
612 816
417 669
962 168
913 219
597 924
520 865
707 134
440 553
71 758
486 339
455 212
506 565
136 288
998 174
91 289
2 802
489 58
277 1000
895 401
199 645
478 592
125 825
496 191
887 801
115 855
318 636
294 98
878 170
316 550
922 610
446 448
672 362
50 689
949 806
708 41
272 8
722 231
646 943
493 146
773 880
12 902
377 842
235 265
798 100
738 52
307 973
260 320
497 928
953 767
145 473
928 701
757 403
708 503
897 490
817 890
435 911
937 520
74 163
677 723
229 5
4 863
191 334
93 952
393 2
790 269
91 874
155 106
297 810
452 757
378 992
271 912
14 333
72 423
171 449
128 596
539 110
31 858
596 349
14 22
193 374
795 24
758 245
844 881
594 116
959 633
408 725
924 774
365 143
352 370
535 554
852 796
741 362
466 171
989 746
447 98
877 315
832 224
885 139
781 578
845 336
559 595
209 488
457 936
479 436
138 349
733 826
770 716
485 14
904 916
189 303
359 28
124 37
3 69
488 630
96 140
302 588
25 829
945 857
839 963
943 9
818 46
70 535
