600 984 600 746 8
343 396
143 382
339 569
167 440
97 588
106 467
13 93
327 467
295 495
191 309
298 310
219 295
85 106
285 452
406 410
125 260
205 598
190 481
74 204
176 598
25 294
7 279
5 147
586 596
320 490
200 475
231 263
106 327
230 576
186 211
47 510
88 336
393 547
85 336
72 98
205 419
186 375
146 178
77 495
445 568
106 258
75 492
228 394
418 456
243 563
363 461
139 578
400 484
293 408
323 406
240 451
155 195
272 281
65 88
249 290
154 206
6 460
170 484
217 329
226 386
102 535
576 578
456 524
107 498
217 356
235 378
384 509
105 584
419 507
53 551
418 462
148 315
322 352
255 381
70 210
25 377
16 503
139 404
175 322
167 497
243 441
126 437
127 387
196 516
239 344
403 541
79 439
120 330
223 437
195 221
87 465
52 86
8 193
323 493
415 553
213 317
161 191
268 546
222 237
384 538
434 513
68 558
209 497
353 561
84 213
506 543
265 279
247 391
93 482
136 397
195 309
312 478
322 371
129 337
170 501
54 193
6 289
200 531
38 52
300 438
293 499
203 481
66 187
206 295
155 369
28 217
140 399
244 419
1 574
89 330
54 555
1 222
22 66
194 530
125 373
155 398
508 577
425 574
12 368
173 372
486 589
53 590
47 142
187 464
142 450
433 448
386 549
227 294
169 559
36 532
268 586
83 391
491 579
110 287
194 214
53 513
294 536
360 583
267 581
490 513
106 491
122 556
171 216
14 243
425 430
22 313
52 267
188 251
51 585
277 407
483 592
164 525
387 554
208 517
41 289
198 596
151 499
334 562
346 581
195 458
37 199
120 331
401 561
65 599
273 443
529 541
288 453
222 324
100 427
62 529
130 328
279 524
104 370
389 466
456 462
501 544
145 525
314 526
63 403
68 479
176 309
92 206
324 394
487 541
167 209
113 163
179 378
306 356
12 364
302 333
132 162
86 521
135 467
12 105
503 575
196 495
192 392
128 551
39 181
251 498
16 122
107 543
217 462
112 293
332 468
8 91
60 548
3 573
287 335
127 405
136 213
251 522
168 428
129 488
98 463
25 561
143 509
201 498
42 122
21 217
89 546
197 248
68 457
23 402
122 371
143 416
97 149
312 454
337 488
138 396
205 318
482 572
77 219
0 383
115 145
43 355
19 308
326 522
121 134
297 337
54 400
385 598
166 185
43 451
366 469
83 477
159 484
300 404
27 328
240 344
30 424
417 575
292 584
478 526
558 589
47 108
271 322
303 479
119 346
129 525
73 151
263 527
87 251
356 462
385 458
39 101
476 544
301 521
83 247
135 442
351 546
251 591
142 201
513 590
210 421
113 552
13 221
432 474
186 466
211 390
247 549
123 399
205 504
289 377
271 459
53 128
203 483
48 344
124 486
131 139
229 547
544 595
539 554
50 117
107 496
232 569
298 335
328 519
325 493
32 109
145 502
98 515
150 433
293 350
251 259
112 266
79 451
49 225
311 593
225 434
580 584
229 310
96 335
406 408
53 523
310 570
384 552
78 254
282 449
273 373
509 538
175 593
313 500
359 588
450 565
96 104
5 308
56 405
180 358
224 244
80 192
348 582
510 548
26 321
389 535
59 504
19 91
297 304
217 403
375 500
29 404
124 457
96 585
408 410
286 520
283 291
283 571
115 200
104 585
167 547
61 140
177 464
478 481
516 596
17 568
187 500
151 350
265 376
271 473
133 475
15 263
478 522
338 383
111 380
74 403
98 529
250 541
452 540
80 592
97 179
199 328
124 575
416 509
370 429
10 58
50 199
10 565
241 509
268 571
444 564
240 360
15 415
15 376
117 434
247 471
33 38
127 207
457 479
400 555
56 389
273 299
128 508
20 339
386 477
192 465
92 532
64 453
158 239
155 444
9 465
3 141
331 354
14 197
475 488
421 466
92 580
275 434
314 413
310 432
209 547
155 564
76 466
271 371
168 377
26 67
341 433
22 301
103 141
259 522
45 566
166 424
318 419
96 287
151 209
361 558
266 493
226 560
88 157
154 512
218 371
183 224
52 256
39 220
527 553
167 423
72 444
545 549
107 290
554 566
138 558
36 530
75 320
232 562
13 424
104 524
289 353
227 469
5 460
248 473
356 380
322 417
70 466
366 536
12 521
58 477
253 460
535 568
296 517
393 549
229 393
62 487
278 322
459 526
173 544
353 559
262 581
236 569
278 583
12 184
150 199
246 302
149 179
44 90
161 528
3 36
150 341
194 292
51 306
75 212
117 485
369 564
202 374
347 514
116 343
124 503
265 557
169 245
143 384
66 105
21 541
51 321
78 320
183 367
18 84
164 384
65 588
130 140
437 489
24 83
273 505
109 316
7 557
104 356
375 390
141 257
580 595
136 401
26 51
55 112
71 516
29 438
348 451
182 508
98 288
307 420
261 518
438 576
43 550
171 304
235 447
317 456
60 391
130 519
369 453
308 596
319 402
220 574
380 411
23 307
274 374
358 500
100 505
274 430
254 480
148 514
25 428
94 459
203 526
472 502
449 501
120 576
36 257
121 446
242 402
479 575
28 329
228 261
0 406
374 461
501 555
248 593
228 430
144 250
152 399
138 334
159 400
449 515
119 267
130 148
75 480
187 264
92 584
226 373
56 535
41 514
287 440
184 453
378 447
374 442
207 470
13 40
242 574
50 120
392 465
162 397
36 495
244 367
162 559
261 579
256 280
35 563
426 430
243 540
244 507
64 282
287 370
48 239
119 256
143 164
121 250
57 211
498 591
89 347
114 599
103 573
393 545
101 461
121 463
212 523
246 461
438 578
312 326
17 355
90 366
446 529
136 169
134 463
267 346
407 452
412 583
107 409
189 316
76 186
174 512
227 536
28 204
370 423
176 385
12 86
390 500
371 503
26 367
227 561
389 566
243 296
219 532
257 340
517 563
73 427
534 567
314 452
188 326
465 597
111 507
142 565
305 486
350 497
85 579
115 525
67 306
345 417
347 351
362 511
39 70
153 525
48 558
211 375
344 479
84 456
263 266
256 267
99 539
293 323
249 543
239 550
277 285
31 186
193 400
7 370
69 594
274 442
75 551
59 249
365 396
94 572
43 238
332 589
105 368
125 547
35 243
280 398
166 280
172 338
532 584
87 284
187 257
2 370
132 159
2 279
432 570
407 540
216 337
53 577
315 347
262 334
36 214
454 572
21 380
259 284
84 204
129 164
494 551
119 280
242 420
297 388
42 486
215 410
183 357
365 594
134 507
60 471
543 548
177 257
31 180
350 429
147 193
6 41
25 61
284 481
422 430
86 280
254 531
264 500
63 541
81 599
449 595
93 221
142 560
177 269
371 575
198 571
403 487
176 458
224 504
321 357
37 120
84 136
231 527
155 161
45 181
103 270
488 525
118 368
492 551
91 544
344 360
1 426
248 314
14 165
196 379
113 578
286 412
472 531
85 447
149 435
11 394
178 286
108 506
451 582
45 99
165 286
75 78
229 549
338 537
31 57
214 530
266 323
33 232
21 403
373 545
185 398
502 551
197 593
89 351
209 260
377 514
429 557
59 205
123 294
83 549
165 197
382 416
41 351
17 255
250 436
328 399
68 344
168 514
234 288
455 489
39 76
317 469
82 276
476 595
385 482
199 433
181 210
26 111
160 570
413 459
56 533
380 436
9 591
314 459
14 208
87 591
321 335
26 357
231 553
27 519
128 494
148 428
241 538
111 367
60 432
248 459
130 448
146 278
10 560
305 589
77 295
193 253
588 599
238 239
402 511
196 295
97 395
203 478
65 157
28 462
482 567
196 596
408 499
36 219
131 538
482 534
203 392
326 409
145 163
82 587
266 342
88 467
40 556
421 566
254 472
264 464
124 479
149 235
76 333
175 248
281 563
392 592
214 257
45 539
38 301
190 259
306 585
360 412
114 171
349 400
20 343
25 353
11 228
15 266
27 130
3 257
221 424
117 199
217 411
311 322
336 359
164 414
172 263
483 526
147 253
126 536
431 591
447 579
137 196
78 480
434 590
245 353
261 491
71 571
577 590
281 517
178 520
95 540
394 420
204 418
508 576
41 460
443 560
173 595
476 501
454 478
214 340
140 328
41 347
226 443
330 331
302 363
316 554
431 597
136 245
249 474
539 566
170 487
14 296
180 569
252 270
229 298
509 542
224 318
149 378
47 548
403 484
122 271
104 306
22 33
6 253
224 367
313 358
333 375
109 189
88 258
171 599
359 378
164 216
272 277
18 74
89 354
81 395
354 571
15 233
23 420
197 520
425 461
6 162
91 173
396 594
272 407
155 191
184 580
105 194
115 153
44 376
76 302
24 391
533 566
209 350
276 455
222 420
113 164
156 539
124 558
454 567
195 398
106 442
66 313
169 397
46 107
125 209
19 173
34 54
540 563
29 354
174 596
65 359
232 236
2 104
4 386
213 401
363 374
475 583 138 462 506 467 46 387 595 145 426 483 509 347 159 59 285 367 108 482 85 252 164 405 128 172 561 558 347 556 26 375 96 255 227 112 171 19 330 78 230 212 254 558 540 238 569 268 467 270 285 296 539 88 437 422 519 569 535 269 223 36 368 327 97 555 438 436 530 330 44 598 123 382 556 554 579 106 256 199 437 598 419 367 460 221 238 246 56 243 297 3 37 290 549 133 472 268 588 105 394 24 506 310 354 236 56 553 92 182 340 481 385 5 45 474 388 446 259 19 257 206 145 109 327 571 0 312 160 383 260 198 182 81 374 237 410 346 576 43 260 161 305 495 574 353 240 188 113 111 99 130 188 411 105 95 581 548 30 177 330 424 46 9 154 573 70 24 47 495 18 0 377 269 379 74 405 402 597 227 561 168 296 206 362 495 488 21 47 456 427 468 434 311 234 462 414 29 574 165 425 213 588 505 449 452 367 382 500 348 375 397 265 397 520 315 72 287 62 541 30 99 451 545 165 421 481 150 102 578 2 120 95 68 152 33 134 72 456 409 296 370 107 196 402 20 317 564 336 168 40 525 221 47 127 337 477 414 306 421 23 393 250 522 82 364 451 221 312 212 7 591 450 297 416 525 192 412 317 34 302 522 165 398 444 503 267 35 376 387 232 279 436 372 449 493 379 539 9 427 482 349 63 357 543 294 331 174 211 323 470 423 505 416 187 207 180 478 182 190 267 433 96 395 2 110 558 463 498 153 84 10 171 196 292 23 50 499 45 396 133 367 580 143 51 191 151 324 142 360 487 395 281 256 225 450 298 18 192 544 106 70 486 195 476 327 433 598 585 126 160 0 297 99 576 257 454 590 500 561 293 184 297 138 527 236 225 498 391 5 212 583 457 540 266 336 159 14 303 20 139 490 297 126 101 291 462 560 570 535 134 158 529 34 397 593 527 93 440 4 20 593 449 520 290 567 184 587 88 79 183 547 80 351 60 278 393 338 435 98 18 36 311 586 102 346 529 105 101 417 246 82 351 591 543 255 419 128 232 362 469 44 27 230 112 335 316 26 590 263 432 1 337 432 40 355 160 393 12 454 197 372 106 542 38 166 347 208 320 540 144 44 452 307 215 594 205 184 519 384 543 572 289 176 157 592 181 307 139 562 78 352 78 72 216 235 536 373 394 224 241 533 136 58 376 380 425 87 525 548 199 202 95 371 429 173 410 519 547 444 287 538 589 134 585 220 532 474 169 321 569 27 22 412 519 6 512 535 398 305 562 472 522 414 415 478 358 185 229 426 413 354 303 139 579 479 373 68 559 520 548 425 141 512 257 60 226 447 471 523 90 119 323 176 64 346 75 174 535 186
51 960
940 198
275 785
742 504
31 648
615 713
556 782
234 815
570 666
25 334
20 580
949 257
531 396
364 299
134 43
183 924
300 215
685 124
435 763
619 640
644 185
349 605
666 344
948 101
64 591
519 920
258 586
620 974
368 683
761 766
394 296
684 212
863 44
579 289
539 613
85 69
707 500
730 890
517 327
839 158
259 285
627 816
280 253
552 61
276 916
833 89
160 409
45 494
425 116
779 930
755 946
235 636
472 347
905 939
540 652
173 867
729 58
718 226
18 616
177 454
100 544
521 949
460 544
404 602
531 493
890 526
681 378
261 615
387 134
484 215
769 140
705 689
434 488
70 782
405 661
938 915
801 189
692 545
1000 899
475 32
9 210
935 578
302 945
101 631
389 799
912 454
495 386
51 325
844 478
689 850
309 921
561 634
634 509
266 333
160 240
82 132
245 661
979 549
423 523
878 87
28 829
878 196
644 52
817 463
300 699
607 388
874 420
109 416
70 472
884 32
172 699
289 585
163 894
864 760
909 570
939 802
598 136
774 994
581 458
411 324
769 864
364 526
224 241
484 967
351 178
98 755
425 970
726 15
851 908
914 701
615 951
820 764
464 730
971 689
339 516
825 384
442 818
770 622
481 189
815 796
557 947
778 459
14 533
851 656
401 567
911 792
249 53
588 693
604 903
987 478
678 885
107 811
450 961
971 752
633 582
372 439
812 44
850 557
453 71
446 649
156 494
372 484
516 770
879 809
877 712
180 37
364 350
173 775
558 882
476 825
476 586
912 595
83 1000
593 606
677 622
190 144
292 406
791 432
232 71
967 502
661 257
857 112
818 861
222 559
535 440
333 355
743 196
729 372
114 338
915 6
77 279
333 477
6 234
506 680
654 402
301 378
722 654
189 72
686 721
696 979
983 775
10 432
818 328
86 223
396 742
226 459
636 539
662 16
64 0
157 794
821 120
741 238
955 937
411 842
707 459
22 927
902 652
355 648
276 147
669 535
883 144
314 322
941 174
373 971
257 516
809 955
35 686
438 895
932 274
160 678
834 835
218 965
557 244
197 868
457 459
984 449
599 266
994 153
532 117
462 94
438 11
772 701
908 128
108 68
288 537
453 849
834 191
133 599
168 152
129 482
354 555
91 351
871 594
543 729
988 834
679 159
445 335
746 466
879 456
85 319
110 777
984 375
539 264
173 977
769 358
285 878
154 949
461 305
692 763
819 425
807 523
221 201
32 100
8 710
892 330
832 970
283 995
20 180
301 33
280 829
471 381
20 64
517 517
741 747
53 282
62 166
241 17
196 675
489 478
572 806
144 451
759 730
627 422
127 865
461 913
657 564
71 37
959 644
193 627
35 741
795 778
618 339
805 228
323 76
957 594
372 234
278 645
964 53
624 666
318 432
194 582
221 92
153 303
640 273
127 162
639 869
845 15
365 842
230 489
904 48
997 955
226 606
253 139
99 891
989 189
83 963
153 334
846 396
603 999
393 686
739 865
754 823
406 230
784 282
440 211
199 650
888 500
938 683
19 997
629 205
722 414
657 920
117 973
559 141
438 89
292 93
440 257
650 833
604 3
474 672
173 819
669 814
274 117
498 896
727 827
626 139
304 676
233 580
676 282
936 494
410 25
446 134
999 21
818 264
582 369
604 197
383 914
265 557
568 434
436 408
226 756
271 181
599 522
57 719
868 323
741 292
245 879
538 859
941 464
780 575
311 592
734 115
822 616
58 995
845 706
222 391
57 636
777 17
995 647
750 91
700 284
106 603
53 246
122 695
998 225
979 605
535 146
457 797
365 391
549 981
485 649
426 860
941 22
403 633
786 755
684 52
75 916
57 118
78 876
137 367
31 891
332 621
311 8
147 181
912 678
236 933
802 649
301 124
375 759
279 503
999 116
791 120
956 332
185 728
379 332
905 205
918 250
56 809
570 902
214 801
876 283
25 367
123 551
685 931
797 992
992 419
338 579
398 942
792 801
518 49
159 719
144 88
889 357
6 672
397 445
614 65
400 524
932 442
645 956
534 557
61 563
528 22
105 146
499 412
185 290
321 965
357 781
362 138
252 367
174 192
593 748
845 234
329 757
382 506
784 382
9 300
741 142
851 421
405 259
415 914
627 22
129 576
967 849
208 168
153 522
994 689
552 581
78 618
144 269
361 89
975 878
88 250
218 349
77 199
486 614
719 993
327 254
429 589
967 721
351 946
965 993
905 377
943 871
102 945
872 866
731 552
135 390
196 786
55 394
21 860
729 323
525 581
920 847
323 201
201 488
21 807
86 453
316 527
807 896
791 688
77 535
968 18
647 617
907 997
610 865
494 506
698 665
49 51
932 360
649 984
208 33
534 348
118 306
931 963
306 757
920 736
140 215
255 998
410 474
426 555
667 459
970 813
666 483
749 25
161 356
703 88
437 936
11 960
813 718
835 56
91 102
382 590
774 651
114 456
574 591
97 696
697 792
120 719
76 506
67 681
484 73
891 883
848 733
254 966
811 21
513 619
244 256
229 845
414 150
494 785
7 648
476 889
518 247
52 78
423 432
39 553
791 56
195 346
633 81
611 235
178 532
717 742
200 257
786 501
921 154
303 163
806 839
830 932
846 814
951 418
548 511
465 278
551 31
363 19
616 466
276 674
663 713
278 946
947 532
384 209
858 973
63 370
34 220
199 108
530 204
565 541
667 661
1 367
186 402
917 544
