600 1611 600 1025 21
17 588
102 348
416 428
70 408
167 516
404 420
59 143
127 302
485 575
276 572
392 501
284 311
51 552
461 487
288 453
257 397
61 146
18 61
135 394
330 582
98 256
188 438
272 498
97 239
121 419
87 334
33 311
272 308
422 478
210 522
260 579
299 500
22 256
425 574
290 484
0 304
86 326
278 558
266 386
119 162
168 357
135 383
277 372
74 462
70 288
499 538
21 132
35 194
295 308
192 555
139 239
433 549
182 231
113 428
122 126
179 542
186 546
156 581
230 516
70 415
321 569
130 343
291 507
206 387
268 460
234 529
477 532
140 322
2 451
131 242
89 274
115 292
16 464
23 432
21 424
376 475
262 452
101 353
332 426
272 487
341 590
565 566
313 410
166 334
54 301
222 239
145 197
322 595
237 373
189 461
185 573
59 87
230 564
523 544
226 599
73 358
149 540
113 115
190 492
334 473
106 221
306 592
173 543
314 476
121 409
87 204
402 494
268 467
296 398
556 586
60 301
207 443
49 335
271 417
174 589
128 291
56 515
78 401
21 298
454 499
289 368
265 401
79 457
22 188
181 332
69 428
520 545
26 581
93 326
6 374
105 325
371 531
265 415
181 426
327 582
182 522
19 348
280 344
92 452
155 160
345 505
38 130
371 413
5 571
42 433
106 171
83 563
62 349
142 304
68 248
46 449
337 353
75 561
94 325
423 515
10 243
144 207
119 239
205 508
51 471
214 470
282 570
53 351
23 237
251 406
246 296
81 142
162 299
63 134
317 530
33 342
78 345
73 243
53 551
352 595
77 163
273 356
396 583
226 253
134 373
178 416
43 185
26 595
71 586
40 507
158 400
264 543
308 550
230 515
131 383
198 265
340 425
202 302
455 460
227 383
29 241
354 557
215 422
338 447
152 500
54 307
183 550
247 429
298 421
59 241
228 557
57 175
213 534
358 360
382 558
58 441
84 202
170 449
109 298
364 520
587 589
369 536
314 339
267 516
125 212
493 515
496 510
188 486
221 510
91 414
41 332
208 250
362 389
15 466
164 592
317 377
324 527
14 476
185 480
126 591
333 360
96 480
371 543
388 445
239 539
96 194
11 222
101 588
381 590
187 489
440 456
269 349
192 464
272 542
160 501
13 233
18 248
32 570
45 470
55 126
206 321
73 310
12 281
262 410
167 487
242 383
170 519
102 125
182 218
62 279
27 274
456 533
41 533
343 446
270 591
242 480
286 492
365 497
55 154
444 599
204 334
50 280
300 523
36 585
557 568
126 567
515 564
120 512
282 287
220 463
575 598
64 66
92 410
234 464
343 462
124 345
300 361
28 362
15 315
301 311
279 349
527 564
288 318
386 549
47 579
59 334
385 430
415 453
42 584
296 420
0 155
250 390
233 325
152 165
346 585
87 217
174 219
326 575
414 453
293 553
312 452
422 467
442 471
375 546
101 311
18 345
72 593
151 565
257 365
405 509
344 560
316 515
45 438
207 428
327 377
192 436
482 576
121 123
401 483
39 338
33 483
172 419
559 579
198 401
1 359
155 392
208 576
183 542
447 594
176 537
11 447
91 505
3 463
63 102
217 240
133 156
75 254
289 388
116 596
168 506
148 478
4 374
157 496
20 439
88 394
225 399
162 207
206 246
446 577
32 382
436 547
95 148
247 369
233 539
476 504
172 451
160 336
18 375
317 582
378 434
515 554
382 553
96 583
264 559
246 524
123 244
469 561
42 558
315 412
78 248
133 197
199 541
12 166
204 441
7 115
184 445
44 566
32 553
307 311
134 251
31 450
384 590
156 551
68 69
373 406
102 383
307 548
531 585
10 408
160 294
118 487
16 555
150 282
101 411
113 416
57 531
239 536
100 589
108 133
148 422
75 469
182 438
141 531
410 484
4 285
28 571
80 576
340 352
166 276
236 334
413 531
459 545
58 336
10 415
98 450
21 296
161 477
223 228
529 585
471 472
195 262
379 494
9 465
61 443
109 421
253 543
111 207
287 293
106 496
209 397
112 174
255 576
146 279
25 494
144 162
238 419
195 550
38 446
274 295
305 565
278 433
8 546
216 326
50 301
200 481
140 482
381 510
267 302
24 515
540 569
328 577
320 467
205 218
54 311
15 310
205 380
111 428
246 387
42 382
358 469
11 594
76 390
120 360
37 311
126 511
9 193
40 128
9 49
213 466
16 155
76 373
46 571
56 127
236 586
104 513
278 367
159 411
418 452
50 344
193 465
29 143
96 573
128 283
148 268
33 344
319 424
314 514
168 457
460 512
225 426
53 583
34 121
145 581
411 544
245 522
338 594
34 472
339 516
252 395
332 440
249 356
5 356
160 589
372 444
165 299
149 420
447 572
350 387
25 439
433 584
439 526
83 299
71 193
113 526
162 443
30 171
52 535
5 449
108 351
62 389
135 185
86 597
300 342
144 429
84 367
80 187
48 318
141 436
231 395
197 425
426 440
196 360
100 501
190 393
156 383
268 478
140 576
150 570
114 386
187 199
150 548
128 259
69 207
153 428
304 550
309 368
108 550
267 316
246 350
107 593
166 407
442 535
161 367
223 597
181 225
109 376
178 428
8 61
64 323
108 262
289 309
1 394
408 415
17 311
18 481
7 89
194 529
73 400
25 100
370 513
63 125
9 402
0 258
124 375
102 432
275 346
114 284
194 261
56 567
162 211
179 308
110 117
173 217
282 548
180 472
109 249
69 129
181 412
82 374
485 541
13 370
96 234
275 330
81 295
94 563
230 316
6 223
74 130
130 462
350 421
310 408
89 526
110 202
123 532
220 338
542 550
280 455
368 445
143 241
144 416
164 326
508 596
65 551
220 528
313 425
158 508
200 248
103 137
174 494
274 309
96 396
167 324
84 433
92 545
454 471
271 348
241 431
138 487
72 364
93 216
151 305
181 318
104 463
223 507
39 572
319 491
106 378
267 314
85 368
118 498
175 176
232 259
262 479
333 469
86 93
146 443
108 479
83 325
78 505
105 403
4 493
3 513
141 529
311 588
158 358
142 258
117 127
293 584
213 596
53 304
110 127
467 512
309 498
27 115
405 552
243 344
148 150
215 395
190 506
273 519
363 365
464 555
572 586
65 396
357 528
289 498
336 587
68 481
148 548
175 192
202 562
270 538
134 212
143 177
258 392
277 566
36 529
169 241
349 533
350 506
147 599
98 435
133 290
184 523
182 245
228 374
386 562
64 170
350 457
318 412
111 144
142 392
344 391
379 589
228 597
208 322
184 297
143 559
75 333
296 350
186 414
90 434
27 129
33 60
138 542
224 404
471 591
276 586
57 240
55 285
8 279
267 514
45 245
86 557
176 217
53 396
24 82
41 186
224 420
136 278
164 598
336 555
359 488
169 334
194 234
38 599
145 156
154 423
413 585
380 435
175 436
282 553
214 486
173 264
85 445
99 497
222 335
243 430
120 280
253 518
75 512
144 247
97 539
6 285
197 484
480 551
62 269
209 468
185 227
68 85
68 200
46 533
442 509
80 255
105 286
180 454
29 47
463 528
211 299
267 504
329 352
363 497
210 470
107 137
70 310
95 422
305 566
448 586
168 190
340 574
201 374
6 126
521 584
278 419
243 385
61 481
169 490
73 408
1 191
31 218
226 446
418 527
40 106
93 489
62 571
253 346
71 448
29 260
105 263
81 550
504 562
152 475
14 474
330 444
256 435
115 153
104 220
237 406
85 248
110 302
125 134
36 330
163 394
1 163
47 143
141 547
482 568
27 309
186 349
520 554
226 328
104 594
53 133
489 557
454 472
204 236
135 163
109 286
197 574
144 178
148 570
132 569
247 416
355 499
346 413
581 595
37 159
377 530
110 499
26 574
277 565
285 493
441 537
263 563
165 475
480 573
59 169
203 501
88 437
11 539
9 235
30 496
0 53
199 373
35 261
66 323
173 371
303 525
244 499
201 228
119 144
45 210
280 580
322 329
257 570
362 376
131 551
275 518
116 534
141 175
90 378
51 405
76 255
513 594
43 135
353 411
288 414
29 431
400 508
411 461
529 547
427 475
236 556
54 580
455 580
267 562
79 506
155 555
538 591
9 174
147 372
226 518
44 488
116 435
433 558
431 490
90 507
414 546
173 177
173 240
189 411
577 579
1 437
553 584
192 336
276 473
4 6
223 374
188 218
438 486
334 490
432 503
89 115
122 535
344 385
24 554
65 96
9 335
191 437
207 481
405 442
6 55
409 477
130 599
324 516
254 512
49 465
405 471
312 418
128 306
241 490
265 453
187 255
63 251
252 522
184 303
479 484
410 452
396 551
399 466
33 523
35 573
348 383
30 259
366 480
175 531
260 431
16 96
75 120
4 24
226 577
123 409
138 312
160 555
372 565
73 158
100 495
167 339
250 595
433 521
365 395
166 281
447 448
56 154
298 491
548 580
349 546
88 271
205 596
346 518
45 214
14 386
308 498
266 562
224 246
398 421
400 596
222 539
137 228
86 592
389 427
280 301
387 457
341 384
340 520
351 550
2 278
293 521
91 453
278 451
25 416
350 398
5 273
159 311
297 388
62 152
391 401
294 336
143 173
156 503
294 587
47 559
359 417
109 263
237 251
514 516
357 463
356 491
251 432
206 524
179 183
521 549
449 571
117 567
109 362
60 311
138 527
472 552
259 283
199 489
259 578
554 564
332 533
329 520
99 468
275 444
84 266
108 290
187 373
347 582
86 306
14 339
114 293
270 471
124 505
295 550
97 233
152 279
363 397
370 594
270 499
97 139
216 541
67 345
58 175
342 525
193 448
327 530
499 532
23 76
339 353
286 350
310 400
63 432
32 397
45 486
372 599
517 536
263 286
341 378
237 432
139 211
48 310
373 541
31 98
102 503
574 595
146 500
130 446
483 525
69 481
120 333
191 394
21 540
122 471
1 317
180 244
245 438
58 192
196 385
404 524
35 43
231 320
1 530
205 435
231 422
277 330
265 391
290 479
2 136
284 293
63 212
76 237
119 369
34 123
172 278
18 67
466 534
327 330
247 494
22 450
27 368
114 521
119 211
342 483
235 402
291 306
407 572
252 365
164 575
127 229
182 254
86 489
33 560
92 418
10 265
69 292
126 154
110 161
509 552
179 272
52 511
248 303
23 156
274 308
133 351
134 541
297 544
311 523
126 538
322 576
389 571
418 459
131 156
247 402
89 501
176 441
413 543
65 480
352 574
40 378
534 596
335 536
273 491
136 382
71 204
312 527
361 525
487 542
231 522
40 90
3 357
284 307
16 583
341 509
221 502
92 459
34 331
80 568
35 77
155 583
227 242
64 426
509 590
346 543
97 325
467 478
507 511
574 581
33 401
124 546
135 227
223 306
100 439
9 369
451 468
281 490
234 547
118 272
166 473
378 509
71 174
282 307
123 180
510 590
360 430
186 332
229 316
250 581
130 147
243 391
197 581
306 597
128 592
459 564
259 592
76 187
100 379
125 271
359 437
362 427
229 515
262 312
107 482
49 448
138 324
93 199
502 510
122 591
446 599
281 334
30 157
208 595
298 356
15 213
307 580
285 423
273 319
84 278
538 567
204 219
21 491
460 467
360 469
355 532
154 285
119 429
67 248
75 218
175 537
267 476
266 433
19 271
423 493
502 590
189 487
35 185
315 399
244 454
85 303
449 519
475 563
349 571
43 77
325 403
83 165
88 135
194 573
172 331
3 104
289 297
77 347
174 193
312 542
87 441
31 205
345 375
36 346
257 395
184 544
434 535
284 474
425 484
66 426
89 295
16 234
232 578
295 501
112 219
242 366
30 598
161 238
43 163
147 151
106 384
28 356
88 191
51 472
112 204
459 527
71 236
117 499
44 327
184 361
297 498
71 219
50 560
182 320
171 259
158 458
386 474
255 390
171 496
236 473
199 216
393 492
69 85
386 521
36 275
318 332
112 587
459 554
23 250
303 445
99 397
302 316
95 215
158 205
368 388
37 523
140 329
414 505
342 361
238 409
189 297
115 129
77 582
213 400
339 476
81 304
494 589
6 511
352 520
183 308
185 242
338 572
376 563
134 406
33 300
189 498
292 428
112 589
557 597
331 419
107 354
243 358
196 280
276 407
184 388
313 545
192 234
129 292
369 517
110 477
235 247
440 533
56 423
378 535
91 198
337 461
248 345
225 315
322 352
176 240
416 439
353 474
149 321
123 499
230 527
177 264
353 461
137 354
329 593
359 530
83 94
369 429
356 362
50 60
335 447
46 456
409 532
240 371
228 354
424 569
320 422
89 495
115 526
239 517
327 488
24 493
74 151
293 307
262 484
337 339
313 340
22 486
448 465
34 180
177 559
578 598
149 569
42 553
203 392
138 167
220 594
24 374
276 556
409 419
218 254
257 363
132 540
233 393
377 582
120 455
441 587
19 88
533 571
85 129
339 474
505 546
314 516
358 430
158 469
197 290
77 261
403 492
282 293
449 456
44 277
80 482
230 324
23 503
518 599
24 364
329 364
186 288
383 503
118 189
33 50
105 492
95 257
136 558
136 209
154 567
288 332
142 295
386 476
23 390
114 474
160 392
52 90
328 579
103 107
277 327
10 391
107 568
380 596
153 292
24 72
90 511
140 593
360 385
95 570
218 458
17 284
410 425
61 375
335 369
127 567
460 580
492 506
217 441
131 366
262 550
139 325
136 468
174 402
7 274
110 355
401 525
94 105
37 411
52 434
304 351
474 588
11 335
187 568
116 380
362 475
215 231
208 255
286 421
13 357
8 375
221 496
205 458
264 328
209 382
495 501
147 565
105 563
195 542
13 539
263 376
321 404
41 349
225 323
6 507
20 495
190 357
0 583
103 593
109 356
135 348
100 160
82 137
143 217
58 587
59 217
130 151
330 347
101 474
113 439
30 232
54 280
20 100
95 395
48 70
235 369
355 477
160 203
24 103
99 363
476 562
233 492
378 442
308 309
384 502
74 305
72 329
158 561
25 247
448 572
168 528
127 316
366 551
156 250
161 202
137 201
196 344
286 506
553 570
529 531
128 507
36 77
64 449
0 142
218 561
302 562
39 407
79 168
420 540
92 313
13 393
157 510
40 283
33 391
129 368
249 362
132 424
189 544
171 283
117 538
142 501
238 278
253 264
7 27
64 440
280 360
444 518
84 161
473 556
119 517
270 454
489 568
323 426
88 359
20 89
296 421
57 371
266 549
211 239
357 393
146 162
52 126
281 431
440 449
460 548
458 561
256 450
279 500
330 372
287 307
15 48
11 370
192 547
70 376 550 442 208 248 288 265 33 521 57 308 444 114 524 146 223 139 202 304 435 338 450 526 336 447 286 571 300 577 548 107 346 71 354 14 239 203 253 140 149 121 526 234 568 127 577 569 475 576 201 560 202 258 380 511 59 28 321 249 100 457 257 417 146 348 530 64 201 269 38 337 107 555 34 155 581 119 79 314 45 93 107 346 373 101 61 210 397 202 105 42 71 53 351 357 335 46 202 163 318 579 473 334 418 195 322 429 538 494 283 456 26 239 319 428 503 219 138 292 594 406 484 533 245 365 27 7 405 258 355 293 112 213 185 12 314 29 479 246 264 80 340 10 438 347 247 137 114 591 374 68 596 312 524 235 449 319 21 327 161 202 161 381 534 270 365 172 277 286 568 136 415 452 232 50 179 365 190 570 197 502 162 247 277 90 1 489 149 208 308 82 331 167 204 423 490 210 439 510 446 589 430 99 555 450 397 518 274 85 553 120 578 475 585 231 269 312 551 21 372 210 104 498 54 270 505 187 349 532 401 430 405 271 125 34 70 361 492 52 1 582 135 266 552 49 425 452 557 180 403 213 500 335 286 246 410 434 68 413 403 137 581 162 511 302 240 531 493 298 363 377 572 465 56 181 17 569 396 174 100 370 82 347 328 403 272 549 596 182 476 178 50 435 290 431 417 514 10 13 207 511 190 104 394 61 339 42 575 120 51 65 491 209 446 591 121 159 422 391 530 381 337 553 102 272 72 584 184 567 580 261 530 560 39 315 92 73 352 323 595 414 173 177 176 16 296 70 362 304 241 587 427 432 557 555 509 446 51 327 398 147 59 38 330 123 476 563 223 525 457 245 220 414 350 306 257 227 363 56 61 423 243 88 551 493 269 543 353 452 210 366 42 592 4 525 10 490 440 589 515 449 219 369 126 467 324 522 589 596 348 362 5 549 145 406 12 581 324 203 303 340 348 0 524 70 359 475 141 591 408 364 482 390 182 265 88 312 245 490 353 454 102 386 317 229 316 488 269 198 352 536 252 419 340 258 472 540 493 446 557 589 290 354 326 592 298 278 497 291 539 395 575 333 105 95 500 354 206 199 508 62 593 107 427 560 93 297 456 91 127 438 564 162 189 68 179 449 491 409 168 242 427 563 435 182 145 181 185 476 319 574 262 488 100 103 366 528 202 475 179 97 263 94 389 560 435 257 467 445 335 553 218 486 130 276 404 135 318 87 82 351 596 533 147 599 203 155 260 158 55 219 141 509 337 404 574 51 454 421 45 576 456 506 337 429 77 86 56 163 580 194 209 248 9 473 14 546 461 513 47 146 131 258 332 538 357 583 158 305 350 143 113 254 591 183 174 443 481 513
430 303
297 48
958 569
74 710
766 271
310 918
808 207
433 508
366 797
172 549
591 841
119 612
0 416
102 699
752 543
631 941
320 284
714 636
406 700
408 48
340 486
163 922
889 972
528 155
725 267
289 495
566 245
467 506
282 890
29 303
855 4
818 925
920 650
602 680
998 363
339 168
229 142
631 616
46 97
1 557
875 128
447 855
870 604
361 119
199 26
954 947
375 922
31 270
595 918
122 561
668 725
970 262
897 222
433 275
735 724
839 250
804 351
186 258
212 365
113 357
668 683
364 726
319 813
502 52
397 974
401 225
439 969
434 720
423 631
387 630
552 895
141 453
699 245
643 855
36 4
798 837
585 112
286 137
514 729
48 808
660 138
464 389
745 214
240 750
873 518
461 617
770 77
146 372
369 62
413 478
874 184
514 767
649 357
696 70
207 773
892 706
371 224
168 706
783 966
990 663
315 439
706 571
488 96
714 201
51 653
181 818
885 83
686 189
515 359
188 863
839 417
342 645
184 401
353 564
781 599
422 535
727 999
870 361
593 494
267 637
725 795
988 416
896 250
959 401
417 770
489 22
864 274
811 387
840 109
432 571
33 72
479 183
143 983
479 284
564 1
395 115
923 574
735 182
611 451
208 724
639 197
241 258
407 370
78 311
302 634
500 248
335 726
101 87
850 719
66 980
835 695
77 64
289 811
386 553
826 293
353 311
493 218
911 0
716 892
670 610
320 393
872 482
279 666
318 116
765 41
260 789
7 450
645 463
27 766
91 391
339 978
886 48
992 511
120 275
176 472
203 302
176 319
92 241
322 600
524 436
985 327
483 928
908 870
526 408
543 605
385 155
458 813
627 103
848 933
606 523
90 792
337 70
272 309
131 500
316 200
572 408
680 777
536 285
545 755
656 68
434 665
759 167
834 456
365 389
133 418
773 933
13 912
364 670
586 203
949 614
995 937
249 697
518 25
641 982
963 985
925 780
702 30
121 327
839 906
162 433
6 646
931 54
149 630
808 166
75 911
499 968
55 161
446 147
757 134
767 379
707 421
908 833
825 4
133 715
298 229
211 560
110 454
572 85
920 491
183 658
157 292
67 338
420 171
625 826
949 348
969 917
45 889
260 565
471 690
223 885
557 201
564 45
998 799
83 176
840 838
589 161
829 986
944 733
397 328
830 38
2 294
302 164
589 380
212 841
105 213
563 781
826 509
763 452
823 746
353 848
903 324
431 18
542 458
268 964
465 474
152 113
40 475
167 52
934 532
333 777
730 763
23 396
805 698
854 63
761 621
797 256
159 853
777 678
512 858
531 526
540 338
808 135
395 591
802 629
266 412
446 437
100 924
573 565
212 934
276 730
574 645
702 682
787 435
506 652
439 344
101 10
799 106
750 699
502 459
503 488
620 884
683 655
628 418
626 323
733 497
561 966
753 417
256 106
514 899
202 995
876 832
15 994
634 230
473 989
675 440
173 745
726 49
232 46
31 181
657 248
178 87
991 450
461 888
729 826
77 416
153 592
261 381
655 497
39 595
695 525
620 295
960 130
552 671
6 120
644 756
455 750
161 168
206 117
415 87
387 822
78 848
484 316
629 265
677 554
718 144
899 424
251 922
40 730
690 853
314 16
697 825
535 642
250 893
955 684
686 278
974 737
440 194
906 521
488 574
240 604
113 657
172 228
124 69
623 51
771 196
389 748
240 843
252 78
905 133
238 472
731 971
996 48
920 613
476 151
916 100
658 798
790 563
14 876
518 551
306 873
560 173
602 762
348 351
81 763
314 87
953 761
378 265
952 655
123 884
535 987
648 907
568 738
231 526
143 753
33 954
974 218
588 28
32 522
586 874
947 428
606 347
618 571
526 934
197 191
502 798
565 810
302 546
375 12
653 385
968 470
73 950
151 885
897 788
798 302
171 996
591 306
466 951
307 839
362 598
273 594
666 826
31 331
532 117
853 566
911 162
774 997
242 291
332 42
910 909
339 523
431 913
169 349
959 188
344 699
126 138
493 613
36 126
70 567
96 529
367 957
814 959
986 561
617 377
536 789
951 316
760 777
405 926
21 837
763 902
679 364
796 769
637 519
22 36
31 695
288 274
132 530
593 994
831 785
989 603
730 854
992 972
942 266
998 296
54 439
761 572
268 832
778 528
896 465
853 755
550 367
400 192
403 662
659 173
572 704
574 331
677 11
918 985
624 489
272 7
697 103
54 366
227 969
118 795
769 303
214 499
369 459
919 27
985 696
557 504
902 355
300 759
388 412
945 83
502 139
777 488
484 757
78 819
854 160
717 925
958 160
966 31
869 214
778 805
80 656
728 467
735 353
694 467
231 643
112 164
306 994
650 297
829 584
975 864
603 632
41 918
518 680
366 506
674 409
0 687
264 195
262 43
210 239
917 392
400 888
678 995
928 199
201 621
205 332
872 317
140 665
101 970
638 19
568 443
145 194
601 600
661 326
417 807
264 236
791 726
829 537
501 387
458 226
999 236
859 630
692 330
300 320
79 465
737 110
896 591
66 263
623 708
786 874
804 480
212 813
702 393
139 21
167 20
836 355
688 156
102 1000
878 678
369 874
30 554
348 201
599 276
741 10
633 160
8 151
796 20
15 219
758 746
538 228
220 88
352 282
831 614
191 161
83 502
226 416
729 611
255 442
974 73
900 285
802 49
683 220
66 620
599 245
692 951
771 106
772 2
70 129
