600 1647 600 1027 5
384 547
32 419
46 574
162 517
110 257
395 532
124 141
180 421
89 159
281 518
368 517
335 343
72 229
172 524
8 280
359 456
125 232
83 216
134 390
469 484
378 467
8 450
305 355
417 492
197 339
188 509
522 591
529 550
424 468
546 575
354 356
102 415
456 563
150 298
377 447
366 445
273 301
133 240
178 265
434 555
252 542
135 193
369 415
164 176
166 384
2 553
293 546
143 144
258 301
202 484
50 91
303 361
40 495
125 349
207 429
99 446
348 535
233 394
462 537
251 358
265 283
293 530
282 395
56 118
15 276
172 306
309 520
394 489
160 466
213 562
80 474
103 177
108 272
207 348
221 236
449 509
297 425
133 385
238 385
225 535
81 202
48 483
237 503
352 443
139 559
233 504
126 256
47 66
285 501
467 469
124 231
236 468
274 416
528 593
53 115
20 104
199 456
425 503
203 226
90 228
101 383
215 487
153 560
127 287
316 418
39 473
247 593
65 468
409 594
517 579
136 597
538 598
17 473
254 470
413 528
372 466
199 505
235 434
263 312
384 576
11 209
461 565
107 382
393 551
99 287
34 518
64 589
157 348
78 287
1 283
245 380
262 503
75 328
188 410
197 590
6 208
445 527
198 335
213 460
138 154
22 358
199 584
345 545
148 377
147 530
132 599
197 538
23 164
290 446
129 203
28 412
423 459
85 300
401 574
34 199
59 106
44 429
121 192
289 595
283 442
143 278
173 261
93 492
83 583
297 586
167 518
61 584
494 567
138 312
17 233
3 507
355 393
91 355
222 426
23 295
408 556
251 437
325 479
237 297
128 388
211 264
244 352
98 451
60 161
380 543
72 170
38 267
175 464
8 468
83 362
338 449
23 176
112 189
129 587
356 570
76 341
229 547
153 216
259 491
258 514
112 441
10 445
25 570
114 595
261 447
177 237
389 430
241 242
122 229
436 454
436 480
0 269
144 568
59 390
7 570
108 270
232 263
382 477
48 552
389 497
132 311
296 429
264 357
142 380
393 596
372 471
82 589
96 134
58 256
57 172
282 533
195 318
11 211
288 420
185 562
474 512
343 474
333 588
283 336
151 439
234 357
222 461
281 408
67 353
548 567
311 506
75 315
322 499
382 505
46 405
35 273
206 558
125 224
357 585
490 585
128 406
172 582
194 504
367 509
127 406
252 550
58 242
288 428
137 325
325 574
0 530
220 256
232 407
183 482
14 204
270 451
110 322
59 457
267 316
282 561
196 437
4 573
102 476
75 88
495 590
358 437
1 403
374 512
47 174
185 439
173 459
137 231
295 416
325 441
251 415
57 524
2 525
53 56
339 375
157 312
58 522
17 492
55 176
207 546
67 560
190 572
70 94
84 329
296 431
191 509
352 571
109 271
165 420
201 398
245 482
149 351
119 209
252 324
50 441
339 538
277 512
195 496
551 596
299 335
84 470
32 227
241 472
109 309
284 526
492 588
108 236
10 513
121 144
140 440
343 373
56 536
212 257
404 511
247 387
61 199
48 53
169 591
122 384
68 598
21 461
132 385
160 372
364 564
74 146
198 373
278 414
65 313
152 179
260 440
312 535
9 448
334 489
33 447
187 301
422 587
230 488
150 566
94 465
479 574
487 502
135 327
9 375
21 300
380 532
107 137
107 227
221 313
247 399
45 414
18 445
44 430
52 502
258 575
0 293
184 267
109 520
291 417
28 247
400 571
562 592
288 391
215 380
438 516
193 540
381 566
15 45
52 380
181 308
22 64
73 303
206 423
159 416
179 537
72 383
15 143
58 241
38 505
512 572
120 365
160 587
386 586
3 111
47 582
386 470
289 578
143 276
194 361
313 357
54 490
300 571
422 433
36 236
192 276
388 403
283 333
288 378
357 577
191 245
95 96
492 527
24 55
150 384
443 473
260 312
80 343
477 563
254 586
81 516
218 395
109 409
481 515
440 501
135 447
55 493
366 478
16 461
352 400
208 269
296 440
179 361
43 433
96 106
369 589
470 501
47 166
548 562
126 220
216 248
249 528
356 475
321 534
84 205
117 551
12 86
24 493
518 534
260 501
16 565
159 295
307 518
302 376
359 453
54 585
186 485
105 377
86 396
410 571
206 566
331 524
317 332
182 557
387 407
296 398
12 296
43 595
231 346
293 575
34 321
256 472
90 313
7 597
263 349
84 386
102 457
79 171
90 585
328 413
298 354
195 408
107 112
27 379
29 326
414 573
1 186
100 153
36 468
224 407
141 574
201 430
157 431
188 338
39 178
404 527
368 489
199 563
480 525
222 300
179 194
435 572
94 413
25 444
473 588
50 112
207 497
381 384
28 70
126 472
219 397
80 277
123 286
330 341
44 389
273 568
76 192
121 143
210 328
33 173
3 155
31 253
59 247
149 319
126 550
360 506
533 561
254 386
123 228
132 252
79 573
74 323
219 556
104 239
154 230
424 450
538 548
344 554
78 366
230 232
103 111
280 592
454 480
483 530
287 446
92 301
239 434
64 369
173 342
341 521
286 534
41 219
369 444
146 308
323 557
511 527
317 328
141 171
149 235
316 518
228 453
472 599
177 262
376 425
412 413
483 552
396 470
391 557
85 461
356 411
9 332
182 391
447 524
128 363
293 497
202 580
169 256
426 442
6 519
11 221
182 357
30 334
326 581
106 476
87 551
200 353
214 460
115 176
399 593
34 316
174 306
410 533
153 364
150 206
312 349
2 62
544 565
394 517
26 229
299 419
16 153
213 250
144 242
304 376
131 327
203 587
48 530
358 415
447 539
332 465
123 214
90 214
177 350
395 561
308 438
555 574
299 477
251 457
228 286
141 401
41 496
145 276
245 509
27 198
149 573
19 294
135 377
358 369
31 320
75 251
130 243
188 533
311 360
427 526
161 422
325 401
94 328
402 459
309 471
183 191
17 504
236 272
163 446
416 471
353 560
159 432
320 439
209 221
262 350
196 498
90 490
182 577
306 582
202 420
123 460
200 560
333 336
225 455
269 344
434 506
292 395
27 335
291 511
514 530
75 340
27 456
279 558
104 110
79 555
71 405
219 496
227 419
23 55
419 477
13 493
178 442
48 147
14 255
89 493
26 155
494 598
66 402
71 305
130 166
152 590
244 426
304 425
0 430
161 433
464 519
405 551
26 122
48 554
166 365
66 459
429 497
30 73
57 306
324 550
20 294
482 543
505 563
311 434
62 595
29 465
342 447
362 485
347 537
165 288
16 544
109 471
88 448
291 388
59 387
247 412
251 315
30 495
24 220
422 541
2 436
190 355
174 582
39 443
172 237
95 111
130 365
313 585
320 462
36 183
104 551
301 575
245 543
411 570
21 67
151 197
225 575
163 362
233 513
222 442
46 50
375 581
185 548
416 520
123 213
155 243
119 451
10 492
109 274
66 166
277 374
186 246
286 321
5 425
247 249
453 584
287 406
80 223
273 531
126 324
303 590
151 185
35 531
204 289
494 496
88 340
331 377
545 597
141 231
76 121
244 400
250 468
80 512
171 408
249 412
108 119
74 308
19 555
295 493
165 557
52 142
169 522
65 90
186 403
6 464
92 568
125 263
89 289
49 518
40 590
156 158
255 550
54 577
42 292
394 513
450 508
285 470
56 220
390 407
315 528
223 277
170 444
270 392
190 374
158 411
143 414
393 435
61 228
88 317
65 213
80 299
346 418
205 310
388 406
122 365
508 510
217 356
80 335
29 41
194 347
535 559
116 473
217 558
148 486
523 572
108 221
9 339
259 498
156 597
45 94
318 408
331 386
280 450
354 547
97 487
18 366
394 579
458 467
51 379
212 499
450 543
18 579
28 330
226 541
60 541
379 456
69 459
194 233
380 502
113 341
50 71
95 476
3 95
455 535
8 424
25 170
0 208
183 543
454 499
204 240
254 304
57 261
417 527
173 402
64 358
243 365
292 421
74 456
8 250
99 545
42 395
198 308
32 189
274 520
187 273
316 346
172 331
327 539
113 139
187 559
48 115
1 246
371 503
230 263
290 345
146 165
153 569
293 389
414 465
127 511
261 342
87 405
284 516
158 475
53 552
175 201
238 239
456 584
294 434
190 512
41 68
87 393
234 458
143 192
364 583
28 387
271 464
337 449
307 318
258 552
118 552
144 452
115 164
27 51
231 325
115 536
74 359
72 101
9 581
73 334
282 352
46 479
235 351
51 335
232 488
350 503
172 297
191 482
262 371
337 509
347 421
20 551
455 559
138 376
76 531
208 430
111 155
205 329
301 455
100 583
97 502
207 431
351 472
274 554
135 486
422 466
274 519
160 471
140 431
5 503
341 370
106 390
49 534
142 180
155 365
20 239
523 596
399 457
118 258
110 523
167 318
70 145
265 473
149 241
57 402
56 169
382 563
424 543
98 458
97 537
52 347
372 416
168 352
101 102
233 489
197 320
237 582
50 374
487 508
14 529
321 518
348 546
315 593
281 318
96 390
123 534
225 348
42 532
435 523
224 232
150 381
308 526
125 370
257 523
116 504
63 345
122 547
403 463
317 448
255 529
199 321
133 542
177 243
281 418
151 320
189 277
173 423
327 447
72 354
62 204
215 543
217 298
189 374
319 452
124 408
202 378
209 451
268 337
487 510
104 238
262 488
539 549
391 428
66 576
3 72
254 425
33 342
252 385
48 344
375 538
120 166
266 492
361 489
69 423
184 231
180 347
171 556
42 180
314 558
74 577
461 569
264 458
36 424
491 498
194 537
25 478
156 545
44 296
149 452
22 498
44 201
158 558
238 322
28 224
287 597
24 550
61 321
429 431
175 208
17 513
78 478
121 568
268 532
514 575
352 395
326 375
37 264
307 567
332 581
73 590
92 258
54 357
63 545
116 421
110 117
86 285
487 543
116 292
118 169
257 454
224 370
244 443
28 407
298 558
223 299
131 193
152 361
40 88
19 434
67 364
34 505
195 567
13 14
373 438
143 452
310 500
432 578
322 385
230 371
57 447
587 594
292 352
1 336
333 417
349 535
235 573
65 214
411 475
336 403
22 82
177 582
258 483
216 544
442 461
170 570
191 367
17 266
91 305
471 594
121 531
114 578
11 313
167 281
45 276
124 171
145 521
14 289
391 467
506 599
25 589
78 127
246 283
10 394
186 463
302 501
261 402
107 441
433 466
55 115
114 289
360 599
192 341
222 400
436 499
404 445
367 481
94 276
246 565
287 363
11 264
74 165
205 396
196 368
65 250
423 566
47 130
71 87
91 190
159 493
127 388
66 69
98 211
341 531
53 536
130 177
26 365
225 546
132 360
132 238
103 232
329 331
78 404
32 299
7 25
11 98
385 542
145 341
183 424
213 592
454 525
271 274
118 591
320 590
210 332
178 426
338 509
205 470
355 572
265 588
494 538
284 427
81 427
300 400
203 422
154 263
38 382
21 200
253 439
437 498
12 440
172 386
0 147
397 414
267 346
337 532
148 500
185 280
170 383
147 344
220 536
49 562
136 478
268 509
212 322
217 279
96 111
140 157
326 332
87 305
101 369
14 240
70 413
117 596
297 386
29 414
2 480
310 329
435 596
206 314
478 589
210 465
377 500
237 350
138 371
275 472
157 260
108 183
188 515
104 322
140 296
235 555
51 477
320 510
156 570
72 507
367 392
280 562
43 525
168 395
77 367
433 595
54 453
298 314
182 323
92 591
65 236
75 317
196 334
96 103
436 553
31 510
324 599
69 566
240 553
21 353
271 519
57 174
6 175
213 534
267 382
253 280
170 354
37 357
113 531
500 540
8 592
51 563
462 510
318 567
381 576
371 425
102 369
103 407
184 346
270 481
22 579
166 576
378 469
200 461
152 462
163 290
18 478
328 528
113 187
417 511
139 370
40 339
35 113
457 476
266 513
139 349
113 559
131 549
483 514
97 462
44 398
113 370
188 561
383 444
186 248
349 559
18 82
462 590
154 312
152 303
65 460
494 548
31 439
4 414
24 126
168 282
198 343
425 586
204 553
274 344
499 553
291 336
100 364
560 569
18 22
79 141
41 414
52 537
4 149
45 278
318 518
43 161
33 539
294 574
49 548
531 568
102 507
466 578
86 501
265 442
332 448
151 538
377 486
141 325
376 501
7 136
148 193
242 522
147 269
95 507
476 507
363 446
308 373
32 112
211 458
94 210
97 510
216 583
231 418
108 392
94 145
218 338
136 287
111 243
375 598
52 180
298 547
89 432
22 259
92 273
36 272
359 584
30 340
103 488
84 331
339 590
225 301
358 498
159 372
13 289
105 331
257 499
303 334
133 553
300 410
17 588
372 578
108 209
336 417
58 472
150 547
55 536
525 595
338 561
183 392
3 26
371 376
195 219
39 426
497 546
239 311
457 593
85 222
105 524
37 458
428 467
156 411
127 404
93 445
444 589
23 416
127 291
347 504
249 413
24 529
336 388
228 584
16 569
70 412
235 275
34 38
327 549
165 391
93 527
132 239
42 142
144 319
253 508
60 422
222 244
442 565
441 479
78 136
130 582
13 89
10 266
129 409
120 122
15 278
54 359
309 416
62 289
81 580
170 356
79 235
161 541
163 345
77 509
138 302
160 594
51 299
77 515
68 375
229 354
333 492
392 481
32 223
397 556
181 516
21 85
357 391
420 427
51 456
337 395
20 574
82 478
352 410
373 474
5 237
408 418
366 404
292 443
251 593
362 388
187 455
40 448
217 354
6 344
49 307
248 544
9 40
33 423
160 422
103 243
226 422
246 544
30 88
251 340
141 555
303 489
137 184
175 430
218 561
329 377
324 472
275 351
12 501
115 554
364 560
260 302
218 449
35 187
195 556
239 294
389 429
128 163
334 368
32 107
275 434
104 117
55 295
50 189
445 579
129 594
240 255
201 296
101 444
0 389
310 377
75 528
285 396
493 529
255 542
421 504
92 118
87 355
249 593
171 397
292 473
165 427
151 548
259 579
91 374
191 392
162 491
393 572
26 72
98 209
90 123
144 241
181 438
39 244
10 93
68 496
69 381
219 414
242 568
119 270
234 467
340 437
193 327
131 540
181 526
433 578
81 284
242 591
89 578
200 569
163 363
47 402
83 248
397 573
371 488
133 499
293 514
4 452
23 274
264 313
227 477
146 526
202 469
83 186
236 313
92 242
330 370
68 326
142 532
83 485
99 345
125 139
241 319
5 297
210 317
140 260
105 447
7 478
246 442
162 259
6 269
101 507
275 506
450 487
228 490
279 475
463 485
415 457
106 457
63 158
265 333
55 220
227 382
20 405
516 580
502 537
378 428
234 391
310 396
74 198
359 577
178 473
59 399
153 583
281 316
287 545
150 314
496 567
164 554
73 495
253 450
241 351
489 517
38 316
387 390
282 410
363 406
133 322
4 143
157 207
185 253
137 441
323 577
194 489
367 515
268 380
37 234
304 501
360 68 202 305 267 330 427 185 75 551 310 182 296 373 506 476 252 564 156 455 335 395 444 277 444 591 569 492 147 452 310 337 288 76 204 446 143 317 83 373 297 560 266 252 411 210 451 136 45 21 31 467 116 245 406 355 244 367 281 436 563 482 330 215 420 1 518 406 183 297 245 316 504 583 455 318 276 339 317 459 517 285 381 301 57 271 387 264 598 446 462 433 492 217 22 444 36 217 369 95 227 555 454 579 474 240 425 305 270 72 70 141 12 592 92 554 468 105 120 584 301 439 595 166 505 259 405 13 426 141 78 214 537 505 302 292 254 302 352 3 70 302 258 526 444 12 325 393 490 555 322 597 310 264 100 212 403 145 106 476 259 382 218 476 178 363 517 598 242 493 351 78 247 341 453 490 65 461 314 130 126 313 432 483 50 396 408 344 592 468 126 372 180 206 83 146 111 391 549 181 115 24 4 81 373 15 277 513 568 220 499 437 564 478 322 264 91 234 400 267 281 443 531 374 328 161 548 9 176 520 194 326 572 232 174 345 287 336 50 536 142 116 217 406 476 252 505 592 549 150 313 505 212 354 106 548 303 359 145 242 88 465 435 69 196 277 430 330 450 341 597 43 271 138 542 549 435 114 403 153 59 543 389 408 588 578 469 275 21 292 459 263 314 575 420 63 587 265 370 92 188 195 463 518 292 559 502 93 445 576 95 481 104 68 369 507 295 443 250 523 74 60 137 97 436 576 263 320 107 146 343 407 242 279 436 454 359 250 302 62 359 290 472 172 187 343 244 401 430 473 314 22 482 311 146 35 239 369 183 28 386 289 579 144 263 431 419 281 83 137 530 411 350 588 440 528 490 66 518 503 39 520 204 17 551 57 136 1 122 372 464 206 424 489 6 339 27 319 311 372 479 364 456 323 461 207 494 27 133 288 413 461 408 118 116 147 378 24 131 555 39 373 474 28 291 94 498 297 461 535 590 48 251 146 58 12 170 286 197 524 221 120 460 280 554 136 598 541 21 432 395 86 115 92 281 70 375 593 328 577 68 553 47 354 351 466 444 429 382 62 211 97 2 62 271 132 417 499 78 336 364 589 269 21 524 294 410 284 60 349 82 333 71 443 287 394 430 433 368 552 550 89 319 250 368 514 349 73 412 586 133 466 121 451 432 15 404 151 369 49 455 78 433 131 246 572 357 386 146 298 427 507 224 256 92 72 285 65 301 284 71 67 24 273 457 547 319 238 442 480 397 445 558 529 494 283 308 77 266 312 539 388 221 82 348 62 398 394 295 39 117 527 486 545 570 586 33 252 508 301 485 164 45 200 300 141 285 405 158 290 553 344 513 82 495 533 266 296 518 259
412 98
899 763
23 243
784 361
382 467
709 171
364 49
885 525
422 834
516 605
761 700
290 934
601 6
140 212
120 260
459 441
902 871
775 765
806 576
241 452
154 464
840 989
770 565
230 129
241 223
852 510
816 371
114 777
605 358
462 542
627 623
471 761
96 618
976 151
282 698
476 283
436 894
219 941
249 676
760 857
549 628
415 540
643 842
14 172
481 64
469 477
131 484
877 237
361 152
363 708
114 541
127 732
585 804
331 156
199 840
255 178
315 211
860 166
299 328
663 409
19 50
252 744
60 224
995 517
780 516
362 841
926 235
938 977
429 608
973 256
572 416
100 502
820 425
604 666
142 809
591 533
460 344
558 962
876 601
311 493
43 694
43 916
798 542
994 807
772 60
813 972
649 28
69 483
568 578
153 157
270 848
67 567
411 236
798 693
538 476
740 372
712 358
536 776
286 984
961 583
977 912
787 447
744 442
691 285
88 412
857 102
709 388
141 614
370 940
278 28
39 402
755 335
122 579
534 297
68 167
305 126
724 797
51 432
340 242
346 984
880 317
412 356
855 350
297 797
268 536
600 282
250 290
885 640
959 688
131 6
844 269
955 13
165 376
74 329
688 333
941 94
891 555
179 566
650 184
551 270
565 89
262 502
614 833
423 406
362 352
547 375
87 848
376 118
897 35
355 451
961 323
467 692
585 725
945 902
622 222
796 331
933 510
547 189
992 482
144 120
143 47
11 94
742 636
982 656
280 106
108 900
886 269
317 652
693 920
314 263
869 451
303 533
802 159
952 181
861 201
431 21
261 132
784 235
798 829
604 749
624 799
20 841
182 896
468 913
172 603
431 708
941 792
491 253
623 998
58 629
21 570
503 945
485 385
945 44
667 726
356 601
677 617
532 682
77 790
222 739
889 929
477 12
2 967
92 11
75 249
757 11
1000 324
522 123
411 43
332 943
509 520
259 951
28 373
356 765
312 835
528 845
950 854
943 408
637 912
380 551
270 216
351 896
814 911
62 662
598 322
480 197
54 6
141 651
266 796
850 393
643 249
218 579
642 299
705 726
201 968
304 444
390 894
739 206
123 392
168 424
89 278
324 377
371 298
774 278
755 892
539 909
894 810
635 421
954 824
606 463
387 812
688 508
191 301
453 786
703 101
176 267
286 300
12 342
386 220
734 592
586 120
910 164
700 255
614 256
245 922
833 820
770 729
199 637
573 888
381 83
393 995
323 12
418 925
441 271
297 66
270 381
501 444
26 659
438 461
975 412
416 748
300 628
687 982
867 781
47 879
676 40
290 763
923 572
118 947
80 203
980 612
883 702
686 845
439 141
196 452
209 156
558 54
752 147
923 369
81 689
761 971
443 233
613 156
614 696
674 98
81 535
816 191
366 675
51 807
224 62
800 1
201 398
595 208
289 897
955 355
632 513
248 629
543 538
351 639
357 399
519 714
311 726
86 368
143 852
222 298
204 539
449 570
971 84
551 505
801 47
558 347
817 75
492 546
852 754
641 650
83 742
875 730
615 889
623 958
523 649
617 567
502 344
942 149
28 738
345 82
985 566
223 608
649 784
515 184
589 239
733 239
302 399
724 889
909 962
894 405
36 525
919 441
224 900
739 518
191 793
193 366
638 729
981 715
947 658
981 970
839 309
829 595
503 975
670 663
779 475
572 291
675 220
110 95
33 768
35 606
481 612
661 146
842 60
71 972
153 751
556 861
958 282
170 682
839 454
918 305
115 332
772 117
653 376
922 711
461 101
684 366
160 950
474 950
35 485
732 692
673 879
713 14
349 514
522 37
665 450
768 927
221 508
916 194
924 748
846 621
106 468
914 655
640 335
289 565
212 6
721 983
924 470
604 410
575 477
426 506
715 481
210 108
854 709
256 596
116 677
65 941
683 812
71 49
984 223
445 863
691 135
801 865
77 898
140 973
500 87
442 79
536 96
115 139
47 140
234 417
3 480
33 286
677 564
0 795
473 722
601 75
159 544
850 852
724 854
819 478
810 627
945 608
900 125
534 582
607 933
463 833
317 988
385 407
227 809
1 306
476 228
185 758
715 433
235 971
954 227
329 805
847 931
547 735
961 749
359 20
479 513
65 100
172 988
397 860
87 997
724 53
187 83
253 332
753 813
7 711
962 456
738 402
142 692
844 542
162 511
5 277
464 992
509 907
389 186
20 999
988 773
905 63
501 817
668 267
644 680
253 824
700 639
804 726
175 208
415 651
594 632
386 590
494 132
697 589
39 331
859 6
631 101
549 815
706 209
701 774
222 690
236 382
782 414
482 793
574 937
507 764
859 658
0 618
736 733
417 176
567 992
16 895
724 661
324 691
328 49
256 53
507 404
326 304
2 425
834 125
4 204
57 851
826 682
600 503
205 225
404 135
430 311
592 866
658 989
336 741
563 215
298 171
574 762
486 656
996 105
896 3
16 2
161 303
484 866
924 837
951 546
485 161
882 375
392 688
998 73
216 263
89 443
350 188
67 297
311 97
276 461
343 545
135 885
989 382
522 250
924 933
657 960
373 738
200 710
966 1000
884 848
990 282
380 642
387 328
916 904
885 483
741 948
2 523
331 468
178 484
459 175
916 274
163 831
77 132
776 611
8 927
479 572
786 189
976 881
229 770
238 864
730 113
116 35
809 775
810 506
569 694
353 272
391 763
648 481
163 15
34 197
23 455
921 537
453 635
225 349
