600 1484 600 1132 19
188 401
13 53
9 298
447 587
89 395
35 518
115 260
247 513
181 236
16 123
132 360
0 326
111 445
103 355
528 551
263 308
29 424
518 595
378 442
142 219
88 428
362 563
73 519
383 585
24 527
323 528
125 354
164 461
122 537
54 213
246 588
32 359
145 412
185 201
230 429
222 255
182 356
90 337
102 190
344 449
17 407
393 569
68 596
84 234
269 391
134 390
6 397
60 432
320 559
322 380
150 533
398 469
84 288
435 523
54 432
142 223
42 554
29 193
87 336
0 392
73 84
60 571
56 112
125 527
122 524
105 452
221 296
82 258
34 231
99 579
426 436
331 489
221 441
429 446
188 371
255 409
163 463
215 476
218 420
366 425
200 468
353 444
375 494
431 567
193 514
54 576
172 545
327 423
212 541
179 490
4 201
205 565
155 367
5 270
141 200
22 503
263 547
360 546
473 541
211 414
113 506
92 107
228 229
321 409
265 297
305 314
101 314
333 429
130 451
108 323
106 397
39 469
413 567
23 501
6 318
171 477
180 289
210 507
106 380
267 370
78 406
118 220
303 494
46 387
148 223
48 54
223 301
12 36
55 171
109 115
7 12
73 234
219 301
28 180
246 356
94 158
243 438
38 291
217 407
302 522
188 191
258 388
525 527
146 191
37 41
578 590
295 507
245 246
0 461
225 265
1 41
88 389
165 339
44 470
205 435
64 236
118 300
162 597
45 278
186 274
214 368
92 318
128 404
371 542
307 562
276 292
219 591
196 512
209 489
291 313
537 583
230 394
491 577
9 471
192 493
109 466
281 282
210 392
250 446
103 303
95 337
0 309
211 590
85 241
247 390
423 426
450 480
23 148
129 383
46 527
85 187
393 494
280 297
52 539
157 279
50 564
162 598
460 546
107 585
43 374
151 248
116 517
150 285
199 506
67 101
74 549
245 356
74 93
121 505
200 247
201 230
399 583
387 402
234 519
47 231
273 346
29 507
3 5
238 283
333 382
194 563
105 404
322 386
225 371
347 594
45 315
183 333
229 402
400 534
287 312
21 392
40 575
120 259
327 340
155 400
19 582
204 330
23 526
472 519
108 195
233 371
62 198
294 432
431 580
501 533
12 237
387 527
28 581
271 334
166 367
258 264
282 545
86 118
208 464
17 400
284 569
148 526
333 483
408 409
304 342
343 427
59 452
197 249
379 417
275 403
25 348
99 203
257 444
356 376
216 220
228 547
58 513
83 569
132 346
56 241
127 495
63 530
233 542
405 597
394 429
47 293
242 583
381 594
122 458
147 410
80 369
458 537
172 218
68 106
157 421
317 419
3 302
425 592
81 229
114 591
88 497
206 412
302 560
442 496
490 565
266 570
118 393
459 585
77 390
86 123
346 460
420 557
154 584
28 185
19 290
132 496
31 97
104 556
79 90
90 316
458 583
72 301
174 336
168 454
45 504
445 505
354 527
215 442
389 418
353 426
45 570
141 543
153 341
243 546
270 368
94 515
5 508
32 170
453 560
346 546
357 509
57 176
241 586
95 390
44 559
475 595
545 579
243 360
217 534
257 348
355 479
186 281
156 538
5 345
256 593
156 526
568 589
60 551
220 244
183 406
43 251
213 541
246 467
240 402
413 447
137 323
5 479
193 450
225 227
418 428
4 572
348 444
328 489
6 386
336 471
7 36
14 443
480 586
468 512
119 313
231 436
52 479
197 275
158 515
69 532
321 547
4 427
255 525
33 339
166 324
348 463
116 381
102 581
515 599
95 157
175 502
97 181
18 209
81 226
27 156
295 338
22 114
237 389
123 479
56 187
26 158
443 515
309 326
178 260
192 376
572 577
221 593
73 472
353 423
177 427
217 510
183 187
109 574
143 502
41 565
126 398
15 101
74 177
140 228
318 566
222 536
168 456
111 323
35 492
3 270
360 438
344 428
338 434
252 328
294 449
117 264
20 132
162 277
552 557
258 482
299 563
304 310
339 559
403 495
84 175
476 591
469 539
98 497
105 500
170 307
251 374
264 377
35 595
297 326
372 411
370 514
383 459
171 286
478 544
89 223
78 94
237 464
312 544
231 426
24 66
432 571
383 451
56 286
3 453
149 512
448 501
89 292
134 247
175 559
457 511
223 395
62 351
268 357
92 599
357 384
80 494
479 508
298 445
460 567
170 501
175 470
34 327
114 538
233 442
15 457
196 468
126 481
444 449
351 477
362 478
112 333
373 592
111 169
171 483
61 399
214 270
118 376
207 467
357 410
341 484
25 444
62 483
53 578
323 505
133 247
357 487
301 558
488 516
194 337
113 244
293 482
85 365
265 379
4 549
434 584
36 101
71 490
238 419
84 110
379 561
208 294
350 558
72 219
33 61
358 415
146 233
525 568
22 538
23 395
209 386
200 543
386 489
256 397
232 267
16 479
164 271
290 422
38 119
233 496
81 539
211 587
443 566
344 426
226 539
27 114
463 471
14 318
229 535
217 391
19 132
304 311
247 332
515 592
138 522
170 448
147 481
314 594
37 254
293 327
58 453
139 498
29 366
78 251
204 281
466 484
148 395
211 411
329 375
199 245
25 423
65 290
141 195
46 354
283 419
103 123
94 120
33 455
174 294
453 521
125 525
186 330
392 514
391 582
362 488
484 557
159 573
10 383
144 156
278 466
134 560
14 406
553 572
461 507
448 562
103 499
467 588
107 308
103 369
262 409
160 206
64 181
271 461
82 482
358 439
15 347
39 539
194 488
112 382
24 416
113 135
337 516
406 593
245 467
310 342
47 556
341 557
143 163
89 350
189 556
15 511
93 343
256 318
438 534
18 487
121 323
132 442
327 348
32 395
8 151
267 480
91 501
69 541
46 325
77 95
312 564
469 573
128 427
180 531
320 502
171 341
149 439
151 342
160 579
54 385
204 349
270 440
459 547
40 285
83 393
65 496
416 539
4 63
251 424
109 484
308 459
204 555
59 105
404 433
156 277
376 493
307 377
260 278
102 274
184 284
425 474
185 572
413 431
172 412
496 542
413 580
501 575
74 250
24 345
340 348
492 595
277 597
291 297
111 505
499 554
384 506
212 473
206 351
477 483
133 200
35 36
277 538
417 542
138 302
30 317
200 525
17 97
322 500
66 527
111 122
78 120
4 553
262 373
114 372
55 56
8 396
82 189
78 187
252 322
141 454
135 176
232 392
215 346
146 188
18 485
317 597
304 319
228 535
268 331
12 435
466 574
67 314
218 545
354 589
54 473
330 335
11 584
176 199
250 429
133 525
272 452
114 156
73 288
345 508
108 157
338 439
563 564
323 465
129 130
539 588
199 357
150 501
367 534
339 458
153 396
100 130
226 229
50 299
260 466
180 572
200 421
479 554
149 409
197 586
403 480
165 524
242 297
27 591
398 588
334 461
364 425
81 573
272 500
239 267
278 315
261 280
16 182
139 396
68 167
390 560
66 332
212 594
215 558
275 480
136 485
63 553
136 451
213 473
422 561
62 230
334 338
144 285
33 458
310 407
29 392
293 556
140 240
401 519
108 306
222 409
196 200
475 511
57 245
380 397
429 483
36 435
74 221
160 172
286 382
100 573
370 480
418 449
255 321
88 418
107 599
360 540
347 381
235 282
398 481
38 265
131 296
309 379
255 568
471 551
34 293
9 445
478 517
18 489
14 593
13 578
72 476
525 589
183 446
191 350
214 554
317 405
491 553
140 229
168 543
495 582
97 367
299 337
300 393
460 534
73 227
124 168
252 500
60 174
42 103
389 565
485 487
68 380
149 536
118 216
91 575
0 21
462 561
262 338
8 391
77 421
111 124
360 510
289 572
408 547
260 315
522 529
63 427
112 187
81 535
234 401
346 442
100 159
108 279
382 483
23 150
454 543
539 573
26 592
164 326
427 549
146 371
341 552
228 321
367 460
371 472
220 300
248 266
230 549
154 168
84 502
208 449
5 521
364 474
11 154
205 523
265 542
197 498
142 526
116 511
414 578
242 326
163 520
163 320
344 444
23 32
359 388
189 436
245 376
30 419
118 192
200 550
0 507
63 577
471 559
55 241
77 247
121 445
93 167
447 503
199 509
132 546
279 465
13 346
208 432
10 585
326 461
110 288
240 325
279 306
428 497
252 272
415 439
221 397
216 244
26 94
281 330
433 530
338 409
80 329
127 249
16 86
0 210
370 450
292 359
24 387
296 397
1 497
145 171
147 509
207 509
205 237
264 562
239 495
302 453
321 408
19 422
197 480
296 593
87 257
120 406
512 536
125 589
437 452
263 408
170 377
267 495
344 353
289 577
128 343
109 178
28 190
334 434
300 569
43 365
373 409
84 470
19 20
76 153
96 335
7 208
122 169
30 40
162 430
19 495
295 486
58 66
92 515
202 274
160 351
411 590
419 597
211 580
143 520
138 390
64 97
52 356
135 244
98 426
208 237
118 245
62 477
324 363
40 150
9 524
8 161
82 264
112 183
385 571
62 429
76 341
352 504
331 437
43 85
94 259
311 504
60 294
169 524
334 584
276 401
110 119
416 508
371 401
130 159
121 361
238 253
235 349
361 551
102 201
364 366
157 299
510 582
182 493
26 364
363 460
160 186
176 245
130 383
259 515
307 448
79 529
18 357
66 133
476 558
45 466
45 266
52 416
145 351
364 592
366 474
8 498
391 407
130 548
70 434
136 386
19 239
318 443
184 300
385 465
169 298
10 318
119 288
88 490
236 311
229 387
258 359
535 547
55 76
161 498
122 154
85 586
37 523
96 180
340 463
97 319
378 558
163 502
128 530
233 378
257 463
578 591
152 217
18 331
256 296
163 327
161 249
99 160
195 456
115 545
81 130
134 513
47 189
195 421
32 89
325 568
236 504
44 339
24 58
207 398
43 78
83 329
193 374
248 342
162 253
111 168
481 509
142 301
267 403
302 440
449 464
31 181
329 494
91 448
123 303
374 480
48 385
135 199
142 148
70 334
110 313
302 529
576 594
94 424
99 281
253 430
372 590
252 386
291 399
273 591
28 572
441 446
61 291
158 592
223 350
417 422
117 388
172 206
141 550
123 355
295 461
42 214
398 467
381 478
212 544
195 454
326 583
324 460
22 587
528 571
164 537
43 187
95 421
41 523
87 174
57 118
186 202
228 255
280 379
174 471
365 586
137 385
10 136
540 582
21 232
124 154
368 440
86 393
286 483
266 311
149 338
510 540
363 367
55 286
89 191
50 279
454 456
25 353
29 374
453 513
173 213
127 582
2 256
374 424
33 470
13 273
212 381
335 531
29 514
365 480
373 408
544 563
355 554
32 51
7 67
386 485
538 598
343 500
312 541
232 561
491 572
51 170
283 575
255 325
121 551
512 525
238 597
122 124
169 445
83 375
335 555
115 178
50 465
177 549
316 529
213 385
92 585
14 256
281 349
273 476
179 497
6 10
475 492
264 388
15 116
161 269
337 488
53 414
481 573
52 182
145 477
459 535
32 292
274 581
503 598
372 591
102 186
24 508
328 386
373 486
198 351
127 403
219 476
322 596
257 336
76 139
164 583
184 220
215 273
36 492
99 282
190 581
235 281
361 445
47 436
13 460
249 269
356 493
310 391
53 567
102 185
231 423
263 373
406 441
254 518
203 545
201 351
9 339
110 470
87 449
21 309
202 581
226 416
67 208
86 192
220 284
136 487
87 294
292 401
45 352
391 510
139 197
458 524
26 366
151 153
295 366
27 526
185 190
90 529
95 299
195 323
350 378
132 540
39 588
223 558
75 224
101 492
109 420
309 561
236 304
187 406
104 189
183 441
32 117
399 458
117 377
74 394
374 450
257 471
9 361
295 425
40 317
32 377
117 359
194 516
203 579
234 502
147 357
337 390
1 98
109 545
59 500
329 369
198 201
41 205
98 428
152 407
12 208
71 565
486 592
139 153
69 213
227 288
34 47
191 378
77 200
213 465
156 405
10 451
337 522
36 67
151 310
29 210
389 490
69 564
6 380
502 520
48 571
237 565
15 492
191 292
410 509
53 460
144 526
9 551
153 484
98 344
35 37
5 24
2 318
389 464
263 515
147 548
139 586
52 508
199 207
442 558
23 51
41 254
484 570
55 139
46 402
54 314
328 437
79 368
421 550
285 317
239 462
22 411
362 544
212 287
196 543
240 255
239 422
457 475
469 588
126 509
411 587
311 342
404 500
298 524
187 241
268 384
110 455
257 449
420 552
243 460
415 543
273 578
248 311
57 135
14 259
35 435
276 359
343 404
21 561
144 150
140 402
394 549
127 269
2 6
232 514
199 384
463 559
63 433
414 431
143 482
333 446
64 319
226 387
139 241
123 494
590 591
174 551
69 312
8 310
316 337
152 391
270 554
88 179
211 413
33 399
207 245
108 421
167 221
163 559
425 486
303 369
61 313
503 538
97 400
154 358
379 422
68 343
173 564
513 560
53 431
295 334
49 224
8 269
261 309
434 439
282 349
74 441
385 528
5 58
143 293
3 440
9 559
415 512
177 343
173 465
168 358
106 167
38 313
119 227
107 459
377 562
427 530
465 564
260 574
147 451
100 147
156 597
51 501
153 248
316 522
248 570
305 594
324 567
58 521
217 360
49 595
284 300
271 584
80 303
255 512
166 363
151 396
96 330
466 570
201 572
96 581
396 498
143 327
105 433
11 271
172 579
175 320
232 370
242 291
131 221
501 517 454 140 168 260 456 432 258 276 129 304 357 320 201 393 105 428 241 300 318 277 150 474 426 566 319 263 502 278 199 90 361 303 198 220 317 503 33 442 121 82 61 435 586 364 336 110 436 309 391 63 504 356 446 53 209 359 599 522 153 301 171 38 307 90 261 170 78 269 397 75 411 424 586 599 268 412 174 204 163 222 232 97 332 336 586 271 518 207 148 472 468 295 26 381 576 517 383 90 209 13 503 514 450 585 461 492 204 387 91 187 513 301 286 60 215 487 201 22 229 533 364 244 483 191 13 45 5 232 256 125 219 445 30 77 547 322 96 537 448 363 549 45 22 559 14 378 224 337 1 114 454 343 6 370 210 256 294 398 32 383 123 37 545 385 33 218 263 457 92 592 211 24 497 423 287 160 306 98 393 373 576 65 241 357 295 158 21 58 331 589 540 567 62 419 302 442 106 597 162 70 109 232 122 178 254 423 100 1 28 533 423 528 93 589 60 116 382 100 416 124 3 189 347 475 370 240 538 40 328 492 46 326 66 263 30 219 50 128 459 118 148 304 482 347 576 579 426 581 479 320 317 297 425 60 80 473 431 38 242 421 387 441 271 336 270 219 524 215 9 392 5 38 304 188 37 114 96 287 103 382 441 311 305 561 279 149 272 43 95 43 166 443 51 488 162 40 52 344 369 384 261 423 47 518 177 66 50 583 246 219 521 50 89 354 446 61 401 145 157 108 577 473 26 573 181 108 594 216 383 350 2 437 400 285 497 541 375 202 429 115 150 99 405 51 338 247 323 183 540 584 108 401 373 307 331 385 132 467 248 84 336 370 413 327 584 374 222 34 436 442 114 134 244 539 479 350 124 441 138 440 47 237 560 61 271 424 561 440 514 567 422 227 237 515 556 403 169 104 211 544 299 211 31 415 348 286 266 389 3 449 588 210 554 10 74 418 167 104 520 102 315 570 270 312 94 404 569 501 202 314 170 53 123 223 267 385 97 522 454 160 126 547 257 14 529 522 471 172 119 71 217 120 242 92 397 245 303 119 52 295 439 338 447 388 161 178 168 302 63 327 286 34 429 572 96 337 149 233 171 312 26 342 350 451 211 315 503 249 308 528 373 218 523 320 202 258 402 0 230 347 238 397 266 271 110 183 107 188 524 401 159 25 374 7 18 128 381 435 209 213 254 387 92 26 289 599 403 38 217 389 376 133 122 189 572 188 207 122 328 53 37 21 420 284 419 341 171 552 448 96 58 582 370 433 53 566 564 174 249 480 540 392 293 399 241 355 173 326 566 92 518 493 435 371 426 427 573 30 459 460 504 486 339 443 382 166 219 428 348 445 308 292 384 284 274 25 524 2
488 423
11 753
790 466
648 915
896 296
697 892
853 515
169 841
544 173
290 641
818 514
436 548
137 849
280 117
697 438
214 928
815 879
487 99
949 602
402 301
371 288
465 387
190 47
109 245
667 812
97 610
620 442
178 150
945 193
547 416
41 111
425 15
124 319
276 557
62 571
81 878
147 893
47 861
330 449
794 746
58 149
40 824
734 985
604 351
234 566
643 34
675 715
25 544
257 774
42 945
428 866
75 259
770 829
286 78
251 824
661 224
666 259
935 790
642 863
985 472
231 735
302 506
778 211
971 341
499 28
336 311
585 815
173 891
881 421
341 864
521 553
55 785
218 189
265 407
850 336
10 985
665 185
527 806
646 378
579 968
893 987
764 690
14 427
947 974
214 470
628 295
879 887
186 704
100 725
157 325
532 970
37 233
710 524
850 375
655 413
486 858
953 117
461 40
9 694
855 76
826 660
170 915
885 159
804 986
16 468
983 433
823 415
755 560
431 791
734 36
252 482
391 682
692 281
996 743
184 108
775 25
245 990
61 358
925 848
289 454
687 400
309 694
376 594
843 920
421 630
626 754
873 695
492 237
920 369
762 630
793 634
767 388
343 259
577 759
536 864
949 758
860 544
341 782
574 916
603 243
676 668
472 726
169 212
109 502
119 150
739 149
218 334
868 647
133 213
561 614
95 167
593 134
458 175
645 172
431 579
398 102
137 115
472 821
631 483
799 665
852 134
546 211
107 28
160 544
434 499
274 607
399 16
825 358
417 658
355 633
46 279
690 197
790 73
356 827
225 663
214 509
922 771
881 338
732 13
65 748
996 184
467 14
846 854
729 313
984 873
875 202
902 100
673 312
211 362
2 503
917 183
191 327
892 858
540 374
437 956
409 736
517 692
563 240
823 239
926 720
539 751
865 237
929 126
841 21
967 19
114 830
787 141
898 725
172 810
920 582
512 425
235 29
300 936
312 829
699 984
265 210
969 821
425 148
739 72
197 174
1000 843
788 362
605 639
171 238
6 947
286 396
735 741
302 423
686 631
728 664
847 267
23 589
475 363
293 295
188 438
892 4
548 13
130 804
21 47
457 292
651 664
629 270
389 480
351 160
981 798
905 802
859 770
556 838
622 102
529 237
784 315
621 390
916 508
63 15
29 889
622 673
756 440
178 666
49 406
672 429
690 1
433 448
592 563
655 534
21 380
326 408
611 68
481 298
983 641
526 195
675 931
456 523
953 487
296 163
904 130
548 263
165 386
135 56
661 18
404 818
398 412
906 47
867 1
3 127
971 899
100 135
697 219
357 925
247 448
994 228
375 312
332 479
138 346
74 530
192 742
512 500
773 420
369 430
313 632
446 894
945 886
205 209
608 922
833 964
510 77
235 879
399 789
12 280
726 570
447 402
513 147
552 55
369 903
287 486
213 905
619 8
526 943
78 118
770 483
481 73
200 531
663 607
884 499
358 766
361 32
644 707
432 471
127 572
951 513
924 999
965 47
991 562
595 848
730 271
499 529
973 105
203 683
507 930
560 578
252 584
164 579
685 171
577 103
908 412
96 673
687 828
310 190
249 954
149 601
938 9
185 295
794 183
588 6
65 655
655 741
790 919
836 829
947 684
465 601
85 400
364 185
277 669
374 972
356 79
583 481
600 325
562 452
397 62
623 1000
866 990
508 332
244 342
210 91
621 550
581 369
933 942
890 827
76 332
249 262
389 389
850 427
263 973
718 248
795 591
980 675
297 792
901 540
705 731
58 381
115 780
498 892
489 213
491 392
916 902
815 312
146 256
614 205
804 441
872 718
324 520
471 124
195 379
705 699
514 256
963 409
108 109
716 379
486 142
645 559
617 588
918 671
216 51
762 105
260 5
266 56
516 665
740 779
344 358
128 706
48 78
737 99
467 769
391 339
51 604
583 409
546 514
19 636
898 321
91 697
782 278
93 4
306 18
224 757
999 388
497 580
116 868
2 577
993 523
398 159
529 606
640 955
777 339
281 258
706 478
149 659
317 671
765 298
228 3
15 252
158 727
537 328
843 596
994 495
629 901
446 720
264 519
403 706
145 954
334 557
746 606
326 113
469 479
459 333
180 620
155 787
373 799
667 49
867 741
552 703
814 709
248 536
218 640
255 384
294 888
557 489
121 999
239 167
742 191
307 962
785 895
557 285
843 683
51 462
722 211
671 90
890 579
577 542
888 628
438 982
952 560
82 786
960 277
145 921
863 833
907 944
477 273
320 290
40 706
578 207
752 966
964 458
65 215
177 493
163 4
576 35
330 721
997 711
541 441
719 852
925 693
418 217
159 994
549 659
609 886
511 356
654 495
465 946
278 992
11 924
208 421
150 509
661 876
540 913
74 852
346 592
564 733
152 170
645 772
280 720
604 958
955 360
997 124
334 838
66 174
383 120
715 620
576 639
380 560
148 27
767 755
371 241
336 915
314 321
477 700
387 929
795 39
341 200
691 607
831 623
860 307
494 760
256 655
713 140
921 267
757 921
988 75
53 515
697 121
213 236
221 598
585 894
444 376
4 304
410 917
364 859
99 812
744 494
329 22
623 697
994 942
637 72
269 753
950 231
818 683
709 35
22 152
276 908
993 292
254 100
826 54
276 31
933 156
461 233
362 522
466 554
781 538
605 284
204 9
838 744
626 722
240 80
230 114
609 517
746 361
251 910
72 957
913 447
89 84
126 4
683 528
