600 1259 600 766 5
302 576
78 543
126 599
355 507
333 502
201 327
231 348
166 180
182 573
107 444
303 426
252 510
464 477
364 441
12 159
238 510
200 295
61 595
212 335
183 458
123 590
343 356
372 471
129 273
246 309
332 575
98 367
169 297
579 597
349 549
249 339
149 569
77 235
378 478
45 514
200 461
191 399
41 153
60 207
99 506
237 502
275 310
379 524
34 430
265 406
210 395
232 477
24 177
149 182
14 53
51 140
12 226
412 484
104 282
415 469
461 544
1 239
197 264
379 442
221 225
104 388
374 486
152 454
244 389
186 301
323 372
337 386
205 224
74 525
395 412
362 512
318 578
97 209
90 361
409 559
220 414
353 361
346 416
42 285
30 66
9 14
69 383
97 565
147 597
27 394
73 456
18 296
35 129
135 397
60 159
112 434
26 371
45 349
283 586
194 293
183 301
116 396
4 26
377 534
452 540
29 265
154 318
101 518
130 314
31 532
178 381
259 270
175 448
43 176
71 559
262 454
442 599
29 259
195 459
57 488
438 587
25 376
160 397
361 483
45 460
187 343
43 191
363 482
126 379
70 365
508 593
113 449
85 454
251 506
155 464
256 430
422 479
7 228
370 497
291 508
148 297
135 338
313 452
16 566
54 102
2 461
220 370
151 405
440 547
163 327
164 537
83 147
255 408
197 557
0 346
431 541
495 552
42 246
506 555
44 288
188 284
223 299
244 368
36 457
250 306
198 406
81 361
23 173
94 144
121 238
12 344
65 524
6 283
136 504
43 154
112 467
5 31
404 531
7 229
50 396
114 317
181 391
284 429
230 335
493 591
411 521
498 577
163 216
84 250
71 199
302 373
239 573
326 561
100 447
150 349
127 562
132 590
11 506
366 477
120 473
106 151
190 355
119 287
349 562
41 68
486 584
36 328
100 592
489 518
93 543
28 523
136 137
73 96
106 506
328 586
105 157
133 231
91 453
10 574
266 390
85 212
161 370
113 577
265 563
18 407
72 110
262 470
370 511
79 107
401 548
476 520
138 381
84 432
30 450
454 549
184 241
432 524
92 316
65 379
23 224
78 93
226 311
96 410
278 283
156 275
110 568
445 474
116 120
64 402
271 439
111 332
5 164
103 143
245 585
324 568
255 508
137 504
205 302
358 367
58 123
141 264
242 406
195 359
397 583
47 56
330 551
167 365
395 497
109 460
22 340
220 554
325 553
401 465
108 249
173 205
495 515
103 320
277 394
318 494
208 274
208 322
323 530
365 567
304 533
157 221
24 357
381 577
308 582
362 369
116 261
573 598
63 293
12 417
29 440
273 497
180 450
40 351
275 419
432 517
245 249
188 579
185 522
72 312
94 585
75 539
24 451
198 242
117 207
393 430
308 545
211 550
168 246
244 303
76 262
196 396
378 572
51 439
496 586
6 39
278 328
534 557
220 243
3 420
18 33
473 569
337 390
128 564
22 122
55 539
219 364
190 204
153 453
43 272
62 123
295 544
30 473
435 581
290 455
372 530
158 387
186 466
388 446
154 272
222 443
264 375
216 463
1 569
365 495
293 593
152 549
52 404
31 349
129 493
57 531
58 419
188 336
56 482
90 100
327 489
353 488
39 588
460 583
382 444
561 599
15 165
57 289
129 423
118 162
422 598
426 446
83 276
145 192
40 350
34 252
297 590
206 397
164 320
217 469
156 590
42 400
435 542
77 456
158 214
317 522
470 549
407 526
66 574
545 582
230 498
79 444
425 557
211 397
203 571
260 420
240 474
140 427
51 362
258 289
61 304
349 575
497 511
85 398
16 193
1 390
279 517
255 291
291 420
83 189
78 566
142 257
302 359
0 148
44 253
260 382
125 401
263 265
5 294
73 135
74 473
263 312
38 523
206 410
100 505
36 211
256 472
383 411
438 578
67 495
268 431
308 367
485 502
20 216
321 527
12 207
48 127
207 250
24 247
498 551
331 533
317 334
24 443
335 343
199 409
372 542
333 431
371 571
434 467
109 430
181 531
43 47
264 445
197 445
313 519
50 165
410 428
13 75
219 367
209 565
165 188
42 80
466 547
327 518
287 519
38 527
22 331
408 508
92 553
250 316
158 227
205 236
398 439
201 293
126 442
255 420
493 544
104 110
529 565
95 148
329 585
108 355
88 400
74 375
387 455
238 492
266 569
59 364
105 479
10 450
42 218
45 150
153 474
138 140
399 515
298 353
232 504
386 448
41 445
6 524
13 268
20 463
253 312
33 273
230 381
170 309
207 226
204 485
457 552
100 288
172 213
7 509
124 143
193 286
93 286
472 549
34 393
401 511
44 312
307 540
1 266
132 344
48 530
186 232
297 380
139 392
70 363
270 483
29 263
342 455
36 496
33 497
125 300
369 416
242 483
430 472
102 141
310 391
88 322
233 504
44 406
160 501
306 311
102 448
333 342
245 329
10 433
141 425
66 473
109 256
68 474
20 195
216 424
197 474
45 109
136 186
552 587
244 322
312 324
259 477
17 527
277 533
485 541
160 583
153 197
122 340
86 177
480 540
54 141
170 246
242 563
36 546
74 569
118 175
147 276
110 388
251 555
319 499
115 451
395 401
172 503
73 410
123 275
407 592
449 556
174 475
90 447
389 426
17 565
202 536
137 231
113 551
562 575
52 419
119 369
239 598
125 521
244 426
58 417
202 349
40 509
30 149
253 406
472 514
373 576
159 517
268 305
87 416
5 48
444 593
229 327
254 376
166 369
31 294
328 496
8 499
470 532
52 418
20 424
110 446
307 480
319 484
515 587
145 443
121 402
122 345
9 434
96 206
234 261
49 464
99 115
365 535
466 487
59 250
65 476
290 342
233 241
76 103
127 594
28 77
174 249
27 95
314 380
268 541
181 488
161 401
147 589
84 517
142 154
408 593
56 70
91 377
350 351
273 505
111 575
486 588
101 115
16 199
161 511
208 413
116 473
32 448
399 494
436 580
26 46
159 207
61 513
63 229
21 464
423 554
315 524
23 55
293 354
580 589
131 212
38 223
257 578
27 148
160 536
211 546
409 437
49 366
117 311
441 545
193 228
346 360
10 166
165 189
82 587
198 361
24 86
24 192
12 352
302 459
215 360
87 95
186 487
122 560
122 171
589 597
201 489
9 367
460 501
332 471
291 293
219 441
253 265
460 536
267 529
328 457
103 537
241 366
527 565
449 468
142 578
462 463
382 420
135 567
15 120
45 256
346 510
246 400
59 316
60 84
173 224
98 358
50 120
129 248
359 373
288 324
423 591
56 97
217 415
100 248
51 492
65 179
263 440
170 285
80 388
62 352
258 270
488 531
334 449
449 577
424 459
535 567
89 486
158 455
92 250
34 510
8 570
3 79
217 405
90 213
146 517
62 590
101 201
358 434
118 598
78 463
157 171
141 557
129 134
314 584
234 396
24 201
290 387
19 297
70 167
41 474
185 551
275 533
264 386
456 529
21 258
83 165
52 310
118 239
49 194
72 568
82 578
138 178
239 390
218 285
243 414
330 522
64 362
435 530
264 337
243 591
76 124
254 421
0 130
374 393
414 591
153 240
134 248
232 466
262 537
327 543
130 374
364 415
242 270
303 446
292 364
116 449
229 293
333 541
520 599
335 356
129 554
257 571
166 427
81 353
119 182
97 529
332 372
53 84
327 469
37 552
483 488
360 416
66 116
13 539
94 268
325 441
89 588
202 206
404 443
107 509
226 392
165 579
195 566
201 451
146 490
75 112
9 358
122 570
37 179
370 554
132 490
411 478
215 416
99 217
139 251
481 499
58 275
379 432
271 492
200 544
53 379
269 553
3 260
77 332
48 564
273 526
449 574
73 535
321 565
494 515
147 579
433 574
193 199
331 513
61 533
265 270
1 149
224 358
233 477
495 567
344 490
369 519
146 344
59 405
221 480
11 222
438 561
382 408
88 413
55 305
338 397
115 443
275 590
156 394
137 233
217 518
0 252
110 324
194 357
305 342
157 307
35 273
301 368
280 397
62 344
125 378
5 128
78 462
204 237
87 277
502 541
172 319
198 483
225 479
73 567
194 291
108 245
329 467
578 596
224 281
97 267
542 581
65 278
336 445
11 99
123 352
59 325
247 357
119 225
94 507
181 353
500 577
119 180
37 65
35 248
72 263
66 468
95 416
127 575
484 497
203 339
288 406
67 399
223 385
157 480
380 584
89 584
119 166
69 411
306 392
337 375
210 412
90 296
7 286
26 596
325 545
335 381
91 557
140 433
91 411
31 562
130 252
527 529
163 292
214 455
83 579
90 592
41 429
225 287
395 484
54 534
454 470
528 530
320 564
78 286
82 494
304 595
143 558
28 471
202 575
18 592
249 475
321 529
151 306
339 571
2 516
190 491
261 330
437 559
32 239
34 152
196 538
341 464
509 593
94 204
201 247
52 226
57 258
19 590
284 597
342 576
433 577
296 592
34 472
298 595
473 525
116 468
338 546
153 557
295 591
34 549
154 257
161 220
498 500
219 582
25 227
115 222
128 164
72 446
355 585
39 586
130 380
298 361
121 346
161 521
326 438
355 491
32 118
267 456
126 174
282 516
377 478
340 499
319 481
462 543
183 368
109 393
87 394
338 457
21 259
187 230
211 496
417 419
55 224
63 593
362 427
117 306
157 225
37 476
326 596
292 415
237 485
523 529
92 325
164 532
52 251
147 403
422 573
312 568
70 482
402 512
114 522
167 456
93 229
54 377
151 392
478 521
351 509
83 403
136 458
349 514
216 292
165 196
53 432
103 262
76 454
111 127
30 569
433 449
67 365
77 206
117 250
168 413
105 162
252 393
105 122
184 366
18 319
37 278
125 478
266 337
76 143
7 193
15 74
490 584
221 519
149 180
35 134
268 485
28 332
102 300
213 503
550 588
494 587
331 560
284 336
221 287
297 490
19 156
252 346
66 449
152 510
217 364
132 297
395 511
204 268
28 456
31 549
429 436
438 476
202 235
41 453
148 169
156 533
86 192
109 374
27 169
2 324
347 523
186 368
144 268
297 584
38 529
469 518
8 340
343 558
157 479
319 412
121 360
216 462
125 175
338 567
4 371
156 277
160 280
317 330
397 546
307 560
450 574
289 531
249 599
148 346
213 296
246 413
15 188
386 390
476 552
12 62
155 177
124 343
360 512
66 450
183 274
369 427
540 560
2 248
364 405
33 526
55 281
104 516
476 587
51 271
31 470
232 233
54 425
280 536
173 236
8 412
79 260
84 159
168 309
5 532
428 456
271 398
314 374
18 213
500 551
15 336
112 329
273 554
366 420
465 570
295 493
221 452
69 521
238 398
85 152
228 509
140 362
251 404
338 495
257 596
131 335
47 363
88 208
305 539
89 490
125 572
266 375
282 285
46 599
456 535
19 27
310 418
165 396
441 582
64 512
277 560
311 392
76 85
98 459
270 488
443 451
142 318
210 401
56 363
121 492
460 588
350 509
138 439
192 443
7 593
91 153
39 550
465 548
131 439
261 334
461 516
136 232
36 338
523 581
501 536
131 138
101 451
340 513
326 578
274 322
55 75
100 407
141 448
105 118
219 308
189 403
76 212
43 363
95 394
359 566
400 446
137 348
391 595
94 112
497 554
111 594
230 577
130 148
261 396
338 552
333 387
106 392
176 191
245 355
49 155
384 455
184 477
13 144
210 465
104 321 502 57 130 210 591 260 183 315 28 233 71 488 332 523 430 201 266 333 470 580 240 466 379 440 4 110 155 358 113 55 32 574 198 146 111 234 193 307 103 109 31 433 108 66 152 324 41 183 189 584 428 326 221 497 417 111 92 509 320 376 239 527 49 110 211 39 563 338 599 477 92 90 316 134 316 213 185 247 592 304 560 192 3 542 104 39 180 348 361 86 461 389 415 292 466 501 229 150 382 148 228 534 459 180 52 3 52 475 548 493 363 214 121 530 88 115 194 245 494 453 262 59 458 594 439 337 365 101 394 92 49 198 90 505 147 113 527 361 385 405 339 144 440 322 151 314 160 124 582 274 336 123 391 10 112 85 176 419 167 485 599 359 107 229 129 30 449 587 153 100 437 549 324 529 382 167 446 40 192 9 208 538 40 269 192 56 483 523 199 204 584 108 154 2 351 503 454 270 141 314 199 298 139 133 378 442 496 223 535 247 216 30 34 586 482 194 264 153 192 221 166 374 511 43 462 435 77 113 563 230 414 591 81 264 355 121 499 526 550 368 309 424 47 275 268 459 359 160 497 348 99 213 489 19 57 376 144 36 575 446 89 527 229 169 234 186 556 443 533 452 394 230 56 129 534 222 538 292 542 264 341 148 79 294 15 179 494 143 84 105 566 485 516 337 95 38 485 62 229 290 147 384 323 55 5 368 300 545 339 352 31 132 103 407 335 284 116 451 509 233 246 478 128 156 521 220 383 159 449 226 121 467 14 251 332 546 336 332 396 323 47 97 585 142 37 26 160 563 217 110 265 485 351 317 20 350 157 315 423 395 11 267 17 52 275 35 168 518 474 294 572 569 137 48 83 540 272 232 173 223 376 325 109 387 517 337 15 246 382 496 443 563 197 311 77 41 449 454 429 405 466 424 513 449 379 116 585 68 482 224 236 144 496 185 551 117 440 29 575 140 355 181 499 198 288 557 267 384 60 516 424 46 250 28 41 140 282 153 524 502 232 246 344 81 537 109 586 488 200 67 517 32 187 533 80 303 413 223 53 441 79 9 124 541 117 131 300 16 317 296 533 136 327 291 422 282 344 285 23 27 185 63 271 41 426 593 211 171 492 268 101 17 293 479 12 427 251 288 147 119 377 303 436 139 146 188 359 358 193 86 283 212 391 500 255 491 367 253 313 69 275 72 581 476 4 326 411 382 255 545 302 496 13 295 111 173 79 249 579 239 260 274 581 513 468 581 212 497 161 398 555 222 83 237 180 531 180 459 413 514 225 281 172 365 77 493 419 116 276 265 392 358 433 577 2 317 319 574 149 197 504 481 305 16 234 576 400 527 24 158 92 477 344 38 244 460 239 457
296 485
229 751
729 895
996 567
490 33
56 314
430 318
875 421
470 776
661 215
194 669
674 512
484 403
731 90
597 205
134 858
883 281
101 24
575 786
403 520
812 270
755 655
461 711
812 155
746 552
998 59
524 66
387 539
110 182
819 752
176 722
113 324
333 769
577 860
202 403
642 894
343 208
411 215
86 93
404 316
947 383
228 972
905 943
322 15
741 815
221 325
512 102
297 11
17 260
837 620
117 843
120 568
584 511
556 229
337 940
768 142
230 0
652 595
493 507
626 366
514 343
503 635
444 459
864 486
210 582
441 236
131 702
289 102
232 920
438 974
217 41
975 328
824 862
200 151
174 806
733 114
60 456
145 185
837 346
981 512
879 934
655 681
392 114
29 924
533 296
134 456
735 596
362 598
943 892
362 400
648 786
328 995
595 332
847 425
733 49
375 559
211 172
181 40
723 262
682 461
670 845
758 486
340 898
36 385
841 980
380 742
628 438
981 484
610 43
283 357
822 906
121 260
702 111
75 663
59 707
708 468
120 757
537 392
348 734
241 667
121 815
220 515
439 714
450 483
41 477
413 845
544 177
86 257
33 294
616 942
302 447
68 541
416 454
998 636
663 910
244 195
937 716
940 688
78 588
599 467
143 627
299 884
420 18
51 432
754 60
652 554
449 371
54 971
318 512
237 724
215 297
600 424
158 427
279 974
388 9
777 608
421 546
372 687
972 91
495 364
280 282
485 906
391 789
775 359
49 344
79 892
209 635
196 107
987 980
361 507
901 979
397 697
568 736
807 193
575 175
347 803
357 80
771 565
97 620
426 191
217 657
602 616
260 705
964 779
889 654
76 687
901 771
9 565
123 933
12 899
719 3
334 90
698 576
894 347
841 558
834 266
25 848
276 900
686 754
935 281
707 975
787 484
205 264
581 1
754 15
795 216
217 214
509 390
998 887
184 9
484 861
309 246
84 505
594 748
969 154
277 563
773 335
707 432
860 966
690 304
534 960
343 644
693 492
57 43
770 201
293 679
544 449
972 122
905 401
834 460
35 607
975 648
909 737
902 679
24 808
190 233
847 178
817 10
187 504
289 758
248 958
920 660
725 730
560 977
891 854
659 73
931 954
806 507
687 918
596 104
547 367
597 490
269 443
774 794
942 0
890 554
204 352
459 23
722 615
799 684
950 567
53 768
81 395
824 795
240 877
763 746
213 785
153 101
799 71
558 334
735 672
122 522
350 44
601 915
979 835
476 540
54 943
419 614
414 264
472 332
264 233
733 157
803 976
427 284
146 955
862 998
851 366
295 645
708 844
664 575
907 108
869 540
738 373
832 490
98 296
642 985
605 794
349 483
575 685
77 9
366 825
939 764
852 228
907 890
501 571
809 120
612 399
393 666
636 258
942 990
532 564
540 423
799 866
324 592
315 405
499 236
587 365
57 730
390 42
534 766
10 356
115 63
952 866
32 222
753 897
634 324
476 81
795 427
371 226
670 105
0 727
467 636
104 213
874 61
82 748
42 533
130 895
228 844
301 179
553 38
472 736
757 618
878 122
2 494
443 427
402 738
250 494
6 151
921 615
184 316
975 414
952 407
480 475
620 671
845 530
676 52
7 527
796 556
706 230
878 248
267 537
629 712
179 603
263 21
674 373
267 101
900 630
698 270
937 803
246 614
551 907
521 32
53 231
894 210
284 400
204 815
972 36
357 976
375 903
493 213
333 463
51 571
935 525
422 947
900 156
25 72
276 848
903 53
850 917
866 847
242 801
576 587
582 447
225 410
389 578
532 859
83 819
291 217
141 489
321 113
908 915
473 882
225 565
12 959
642 516
657 406
721 777
593 844
913 547
963 254
186 168
395 964
491 803
983 919
528 995
705 395
299 557
485 453
570 561
516 526
927 583
883 39
296 702
603 972
744 294
312 931
869 881
187 625
158 166
185 989
240 387
815 97
522 264
141 649
724 187
34 169
154 999
986 286
432 125
101 536
849 738
664 310
504 187
711 533
929 500
209 895
885 904
659 820
330 840
98 700
159 695
758 514
358 627
280 999
110 416
929 112
168 135
350 183
974 721
800 246
294 332
718 932
799 343
828 318
785 660
437 821
889 751
694 142
123 731
765 412
92 364
74 202
175 379
163 764
262 923
600 151
435 159
852 693
394 918
329 694
372 653
498 782
237 22
688 706
546 827
797 28
316 383
856 776
665 636
766 454
388 415
659 21
146 517
629 966
356 106
316 148
349 240
547 876
0 663
503 748
29 663
283 312
847 20
600 725
914 707
642 864
646 456
702 26
886 523
942 429
230 452
528 900
232 597
485 694
177 339
350 129
784 936
460 311
735 437
312 613
464 156
428 923
23 717
77 117
479 260
151 808
607 872
84 57
11 176
135 77
6 227
634 573
79 333
471 584
328 968
219 112
235 286
59 370
48 851
756 109
408 644
812 52
46 200
823 395
666 966
632 286
316 211
874 714
457 844
154 363
331 321
3 689
379 182
599 303
574 901
626 467
82 716
304 960
18 419
994 311
416 676
485 129
151 297
744 697
7 308
138 10
871 300
246 125
786 889
191 780
438 762
513 4
395 891
290 730
157 673
151 267
865 164
70 640
434 76
55 918
121 999
81 142
656 285
313 285
341 416
702 48
403 284
401 146
351 363
103 984
419 490
606 995
631 821
911 481
111 239
539 630
475 54
103 946
317 726
524 125
