600 1471 600 669 11
41 475
297 502
420 460
257 280
137 177
39 380
53 277
200 348
174 371
429 556
145 340
25 486
163 216
387 394
231 599
41 558
418 432
155 542
334 540
327 580
475 558
53 545
453 497
186 299
83 266
151 176
171 528
22 218
211 514
476 568
307 503
394 485
38 367
127 561
38 553
423 575
120 372
284 401
456 523
222 482
116 215
416 566
140 161
1 280
369 585
276 478
266 480
386 474
15 61
295 542
223 499
510 516
181 364
222 324
115 247
134 315
60 203
86 216
208 349
151 466
476 549
436 516
354 383
189 379
111 172
56 310
8 350
320 328
32 528
308 469
213 225
12 247
125 334
365 583
197 412
441 582
179 550
175 194
121 324
289 305
352 572
230 235
291 375
458 561
478 583
296 399
138 327
61 390
98 406
36 324
234 338
145 317
285 468
24 307
451 535
141 567
128 501
266 529
342 559
379 430
134 501
8 240
434 592
230 318
85 461
105 455
165 336
484 536
176 401
273 300
84 118
210 451
220 594
183 440
354 469
135 306
160 183
180 338
174 180
136 143
422 521
155 213
152 209
44 74
132 176
33 370
4 122
141 493
173 256
271 416
243 559
568 573
67 345
417 446
245 594
340 407
148 314
15 92
454 526
86 376
163 441
241 393
281 321
33 286
120 205
29 287
28 496
241 460
462 590
37 476
72 551
131 164
271 365
121 590
73 291
256 513
228 502
144 437
139 323
224 410
128 255
115 473
92 153
19 577
355 378
169 504
237 559
6 270
198 220
286 590
143 487
298 599
342 414
257 550
68 178
63 478
261 396
283 488
300 541
127 150
35 553
373 443
269 356
167 319
176 284
150 401
3 415
14 179
188 457
243 304
373 412
51 512
180 329
409 457
346 580
165 422
79 507
247 536
62 95
50 118
147 545
374 435
121 462
150 284
72 587
13 377
275 374
336 522
77 93
285 397
114 329
52 455
280 318
265 441
386 522
112 534
202 395
70 186
82 291
130 201
47 444
46 363
290 572
447 488
84 398
262 595
47 560
292 381
159 443
35 232
44 223
43 363
111 269
100 278
103 340
419 518
97 257
86 163
257 505
200 508
417 577
312 460
40 177
169 248
247 319
297 466
318 454
20 198
357 550
335 494
121 381
197 219
107 134
129 206
186 309
104 538
26 225
336 588
124 415
393 577
90 256
295 314
117 496
405 462
57 226
123 219
32 125
444 526
190 475
188 313
82 596
41 476
286 507
52 563
396 459
51 578
42 366
168 341
82 514
246 315
186 191
150 312
165 348
73 278
7 123
112 395
436 578
264 397
162 186
155 599
123 197
115 536
514 546
17 257
226 377
403 404
69 452
347 449
68 388
288 360
126 130
209 362
512 578
242 243
423 434
334 371
17 247
6 305
165 588
313 411
504 560
303 596
203 404
497 546
157 463
148 382
209 592
288 333
167 473
215 489
46 164
404 494
229 596
146 460
483 552
43 296
204 497
125 282
150 467
7 412
299 327
402 579
138 153
110 456
228 236
531 546
289 402
65 523
382 456
19 278
252 331
507 589
60 316
324 381
364 425
85 358
101 278
56 421
323 384
423 463
172 225
1 504
195 563
31 391
146 420
38 166
7 373
169 217
352 570
379 405
20 569
57 170
28 119
515 574
88 424
364 457
10 247
6 426
157 194
75 436
399 406
208 304
46 244
69 256
159 489
137 324
296 349
125 171
164 439
480 501
59 599
74 223
272 398
283 455
321 513
369 534
165 540
464 476
200 492
495 529
468 529
239 494
72 144
91 244
96 553
95 184
11 143
261 591
332 473
264 277
372 545
83 367
35 251
230 257
172 295
173 575
488 525
157 376
24 141
120 255
76 489
473 484
404 408
340 455
227 517
492 548
119 486
45 352
181 368
268 472
221 584
416 458
58 216
230 491
259 538
284 460
444 560
112 585
545 548
66 316
278 291
364 409
21 124
383 469
23 384
375 417
85 131
69 434
308 468
22 70
239 488
103 105
36 137
94 587
77 570
32 431
325 339
185 278
259 505
472 586
236 502
410 527
330 336
103 447
36 479
309 580
314 537
40 258
168 344
229 453
453 461
394 538
509 549
404 503
53 548
21 237
203 397
39 263
134 450
37 41
177 360
381 482
294 407
451 584
356 537
171 282
187 527
317 407
116 352
120 529
43 244
217 326
177 551
16 106
331 544
224 283
35 337
3 14
314 432
149 411
51 510
4 5
207 430
115 167
125 528
46 427
155 591
153 452
301 576
379 530
11 251
261 346
427 440
226 519
110 523
28 117
166 524
31 168
192 317
98 108
161 414
61 256
138 459
292 482
450 598
345 488
160 363
387 538
30 271
342 533
368 411
56 476
300 529
311 357
355 425
32 371
384 566
132 184
36 590
322 493
168 576
289 579
87 488
361 403
328 382
265 513
10 311
95 444
131 461
0 472
100 446
418 532
208 399
438 484
155 218
301 544
33 110
25 233
210 593
37 475
7 262
103 407
142 369
231 591
8 564
129 231
544 576
34 132
27 579
236 486
233 466
333 360
482 576
444 454
60 503
192 407
252 488
95 132
450 480
168 354
47 504
79 126
30 127
83 529
105 488
4 274
143 288
158 316
391 525
176 567
336 540
67 410
146 417
20 164
136 517
335 391
409 425
279 546
386 489
416 561
85 594
59 129
22 309
22 346
216 376
236 297
23 323
218 346
260 582
175 402
363 440
267 522
219 254
181 411
102 451
201 405
189 405
292 544
270 305
182 428
96 166
212 359
143 517
180 196
155 483
249 277
452 592
89 484
1 505
76 443
265 390
34 95
290 570
120 501
253 442
141 511
250 255
32 351
4 419
25 268
543 547
221 227
126 314
190 563
1 104
109 371
198 569
107 128
329 477
220 569
52 410
68 499
223 369
126 456
42 406
17 230
62 444
222 258
285 448
164 569
432 481
275 465
210 389
91 296
29 315
60 490
51 74
103 361
359 470
156 592
123 400
411 435
262 338
263 363
277 316
397 557
210 232
153 395
483 542
36 370
3 179
413 490
358 453
39 302
167 491
46 212
80 112
167 332
173 434
392 413
6 242
67 252
40 429
316 528
105 447
312 393
245 453
338 595
260 265
117 268
335 404
140 163
355 597
207 537
254 597
473 536
254 409
152 592
151 567
298 483
285 469
233 472
260 484
266 367
142 223
125 214
512 574
154 307
152 362
475 509
215 386
246 287
86 579
241 417
73 185
31 87
41 433
114 196
110 507
230 319
243 342
268 491
191 299
118 145
204 453
51 459
104 217
430 555
438 536
5 139
480 598
21 559
252 555
35 96
3 20
360 587
239 403
468 541
301 488
15 433
12 533
131 569
216 281
106 409
111 356
3 387
44 388
51 261
244 439
55 114
169 326
202 571
30 561
112 202
254 323
235 454
275 313
250 508
30 54
194 500
201 314
206 512
240 464
174 338
223 388
430 527
128 134
379 462
252 345
33 551
535 584
80 459
242 304
476 573
371 540
29 508
276 338
428 556
249 282
310 421
215 572
24 392
46 470
119 192
325 429
26 111
53 249
397 448
481 483
83 553
227 487
40 325
315 450
2 378
68 516
164 244
27 175
172 537
314 552
107 250
0 347
150 393
198 594
549 564
75 574
298 481
78 573
235 586
8 272
19 101
129 512
464 564
55 158
105 283
395 459
514 531
18 154
264 448
42 98
272 549
4 19
87 301
438 582
92 327
27 402
437 523
346 591
28 350
326 531
149 435
334 348
228 361
245 358
424 514
492 508
520 548
76 159
265 321
150 561
40 137
2 425
94 227
48 522
160 440
5 597
305 402
323 353
52 224
291 514
39 160
314 445
137 370
79 110
203 408
65 328
322 581
383 397
221 517
367 480
127 401
393 417
352 465
60 392
87 341
109 540
349 439
68 510
85 220
58 281
8 117
493 581
251 273
398 563
300 506
283 345
156 362
179 357
196 329
54 581
3 471
182 339
348 540
23 139
91 439
251 337
7 197
64 398
464 568
228 407
235 318
262 498
158 490
279 531
122 518
356 519
133 428
82 546
99 392
25 236
28 565
255 520
130 507
191 475
24 493
191 562
329 365
25 28
225 542
535 539
60 307
145 407
361 407
101 185
77 106
236 294
212 470
49 497
64 509
129 515
107 255
187 537
184 472
74 510
113 122
418 481
76 234
280 505
158 431
203 316
91 349
463 500
162 269
141 176
481 552
46 461
258 429
133 556
372 495
462 530
0 449
75 320
203 335
25 466
201 445
186 562
408 503
34 88
157 216
46 131
208 415
26 269
86 414
298 418
329 583
274 518
63 384
288 487
297 567
193 251
79 456
174 196
13 190
5 135
57 410
117 332
370 551
412 570
276 595
323 400
524 598
246 521
31 341
104 394
341 576
357 559
378 518
275 457
71 179
301 341
188 275
32 214
478 566
56 433
468 495
83 337
20 387
198 394
63 323
222 344
427 470
87 525
12 559
32 174
398 509
421 433
117 240
383 557
410 555
54 127
10 17
77 197
100 375
204 229
122 378
132 146
124 237
117 491
249 548
161 163
5 122
172 356
16 465
286 589
237 243
66 528
104 504
159 572
74 80
449 466
253 304
4 101
81 88
440 554
306 577
271 566
502 511
172 542
11 385
157 579
304 406
37 509
123 353
37 549
248 424
115 319
279 326
77 412
181 188
311 559
350 565
423 500
16 77
154 228
265 281
132 347
252 544
253 426
226 563
73 596
542 552
18 503
305 442
430 445
138 395
260 573
217 394
287 315
273 337
10 357
529 541
159 215
74 142
7 498
530 544
24 322
412 443
167 230
108 380
190 226
6 243
47 454
108 263
55 413
118 563
263 380
349 415
54 141
317 565
25 119
45 343
136 539
193 273
331 379
464 549
78 310
31 354
179 415
262 373
293 398
364 368
192 486
59 532
309 327
513 575
23 393
139 254
295 552
54 365
207 445
174 267
244 296
203 277
45 275
18 404
112 156
71 550
126 201
251 385
13 269
315 598
23 467
369 499
221 539
163 582
133 344
30 416
49 594
90 153
9 522
75 512
281 441
320 418
205 529
534 585
23 306
382 432
84 317
310 573
141 297
132 420
204 596
156 202
203 264
17 319
330 588
64 475
101 419
53 448
325 333
55 431
102 584
84 293
284 312
9 330
49 485
308 344
194 463
105 340
351 431
173 423
66 249
450 501
69 173
19 100
263 296
43 263
247 533
169 560
66 171
322 477
193 428
320 532
120 266
119 565
89 473
86 289
147 495
94 360
240 332
428 541
112 459
255 372
81 417
249 492
16 93
179 259
247 438
445 537
330 422
68 223
108 366
50 455
113 597
343 465
89 240
129 599
124 208
138 396
15 558
263 399
58 157
328 418
359 554
366 380
2 364
51 80
113 378
188 364
300 337
16 457
59 320
121 530
140 533
4 135
308 428
121 479
90 92
250 548
186 269
270 289
271 478
2 368
305 426
14 259
16 275
143 193
60 408
62 248
239 525
260 441
292 576
229 303
93 570
285 308
156 209
177 333
233 449
34 62
272 564
551 587
183 302
282 348
39 363
131 220
33 507
211 424
120 128
484 582
85 453
208 406
116 572
9 386
304 426
324 479
396 580
375 446
26 70
270 414
13 475
12 311
40 324
349 399
180 276
185 303
31 557
452 571
403 494
385 593
147 372
245 497
1 538
200 521
57 519
196 431
353 595
214 371
48 174
90 452
34 248
236 466
70 225
478 595
316 490
27 157
570 572
150 458
132 284
392 477
258 344
36 286
292 530
458 467
175 500
206 261
278 375
235 472
248 560
114 392
149 374
33 144
242 426
337 506
261 459
205 372
114 431
331 530
5 23
254 355
63 566
182 556
189 445
78 476
102 547
92 558
295 537
156 571
124 179
260 568
70 213
290 352
157 175
322 392
516 578
43 46
276 583
517 539
177 587
50 563
294 486
344 354
48 371
250 492
117 167
353 498
190 377
50 52
378 597
451 547
306 393
20 439
11 535
267 489
282 334
49 198
237 304
14 387
4 518
436 512
65 382
224 455
70 309
323 478
431 528
415 471
506 529
279 497
6 342
349 471
1 47
6 414
211 248
448 545
34 424
384 458
71 259
187 519
17 97
34 81
498 595
107 315
114 477
44 510
232 389
157 321
533 582
111 225
487 517
107 508
170 519
193 339
273 428
191 327
196 351
42 253
339 429
217 279
81 146
300 428
84 565
95 526
165 330
106 457
31 335
228 511
9 474
382 523
238 443
1 259
205 495
100 577
466 567
199 469
238 262
0 132
106 197
50 340
45 374
118 398
118 317
328 432
147 285
282 492
302 380
390 513
285 545
116 474
7 353
151 449
185 419
126 148
405 589
69 592
149 313
45 465
49 279
208 237
136 535
148 432
353 478
93 465
377 519
106 219
191 558
98 263
321 575
62 560
458 566
543 584
393 467
102 543
378 425
10 12
24 511
198 387
141 401
362 369
22 580
206 231
288 339
65 437
130 589
162 191
35 385
75 516
327 558
222 381
272 509
535 593
235 526
15 90
158 413
99 490
28 268
29 521
480 524
391 494
307 511
214 334
298 532
48 109
241 312
192 294
337 553
343 352
344 482
472 526
211 531
426 442
168 482
166 480
14 538
114 514 436 514 205 416 336 587 480 499 571 438 394 475 540 567 314 337 124 492 315 340 43 592 231 552 539 581 307 83 103 182 402 531 212 323 506 532 3 199 251 289 0 58 413 570 474 424 254 587 336 158 366 505 515 300 218 155 479 57 208 66 199 236 401 100 418 160 111 12 170 554 494 492 51 559 467 325 491 534 56 404 499 403 537 217 477 496 343 419 70 185 281 69 34 548 527 178 329 26 534 485 416 425 257 4 411 311 597 267 150 588 462 79 348 130 112 136 445 179 483 583 338 3 202 181 523 456 426 318 128 444 447 87 143 335 322 33 565 398 105 245 20 549 123 59 255 531 10 104 402 2 529 8 23 245 375 60 570 323 66 476 564 343 571 331 209 506 136 317 150 127 216 98 147 102 323 390 269 275 439 467 87 218 108 290 434 134 31 45 278 81 341 515 426 165 19 344 176 452 53 113 346 592 447 327 79 206 274 26 489 180 357 562 340 143 332 84 308 4 464 437 584 297 79 320 155 210 196 427 453 499 32 347 176 249 520 324 257 442 526 92 285 568 106 562 533 268 148 391 136 564 528 176 487 264 537 302 417 375 478 125 37 320 579 95 0 578 477 530 217 317 391 557 416 320 229 352 30 421 27 551 409 68 85 230 473 166 18 256 305 337 284 13 299 376 51 450 538 551 129 35 21 252 488 200 34 381 181 451 92 229 147 463 245 27 66 347 483 173 192 52 102 129 345 537 7 504 11 170 386 370 352 312 535 78 463 352 202 21 109 237 161 252 563 128 243 268 373 155 432 573 365 19 549 109 594 163 44 292 195 387 581 272 406 117 93 597 463 586 486 326 296 416 51 176 54 118 289 543 584 573 272 520 171 424 407 307 406 378 502 395 479 398 551 426 522 41 60 263 320 588 350 383 107 259 6 273 254 578 524 235 353 528 19 488 534 52 265 298 406 459 48 142 551 411 385 489 143 68 206 303 401 428 310 211 123 569 179 558 401 427 178 156 181 509 308 421 560 125 54 34 427 47 64 122 377 550 237 65 377 71 63 95 200 246 402 3 73 510 598 290 584 342 492 407 50 411 0 584 142 317 551 390 494 278 445 394 439 442 9 538 445 236 6 345 451 112 462 423 422 551 590 267 196 55 16 246 296 575 87 489 430 492 185 411 38 215 580 356 56 376 265 299 36 448 107 55 322 76 167 264 297 486 246 507 361 90 517 255 136 180 566 181 159 430 594 61 139 473 230 591 438 483 203 239 56 43 234 224 51 175 410 343 160 45 549 222 540 164 484 376 476 194 162 350 336 102 69 399 590 266 392 239 293 164 399 502 357 101 234 12 203 558 444 106 384 266 434 102
460 338
315 227
787 6
201 209
568 51
676 76
95 369
823 205
343 513
991 329
224 359
876 895
181 386
364 715
240 205
203 682
915 114
288 338
611 514
550 78
199 134
166 299
243 818
659 116
619 390
470 407
326 782
7 482
420 444
942 553
661 284
670 670
792 414
587 951
437 219
949 819
625 884
298 621
958 754
40 118
701 861
238 640
22 246
94 96
84 939
992 89
145 53
347 243
876 369
297 85
497 581
154 932
456 634
779 582
628 304
723 406
229 605
434 674
102 545
277 960
666 486
160 635
408 219
722 177
363 616
416 979
760 511
495 708
52 991
54 685
284 805
246 275
646 992
467 46
72 909
195 999
900 289
889 158
230 575
510 927
116 873
466 172
430 72
913 762
411 538
228 24
74 429
612 670
448 139
271 481
145 693
120 142
175 726
932 145
760 981
421 255
983 802
250 342
57 232
687 444
543 114
528 39
958 979
562 549
304 187
548 588
851 131
910 589
33 187
917 387
487 973
356 793
86 828
704 46
745 367
275 399
989 242
377 422
448 565
451 471
896 670
580 820
670 20
783 164
165 256
817 447
462 903
616 258
908 623
227 960
517 895
181 60
474 254
742 812
944 617
628 100
871 930
658 879
171 804
695 112
163 435
572 332
36 898
810 905
568 981
491 552
493 209
804 648
432 892
949 40
631 196
516 353
11 730
150 773
603 465
287 890
59 749
53 498
742 455
927 265
29 69
115 437
319 687
150 461
163 92
974 455
1000 771
346 390
666 732
362 182
428 722
809 484
345 826
71 646
839 352
10 530
545 316
683 939
16 999
198 268
742 310
880 16
796 846
4 49
445 290
501 12
282 771
414 749
888 60
502 827
373 644
270 689
488 487
846 858
45 548
390 594
774 352
836 169
244 99
730 742
936 483
481 860
92 772
719 554
383 43
861 686
197 920
439 794
134 225
22 763
959 907
383 146
172 3
278 838
833 418
953 248
111 507
304 137
248 852
796 133
224 73
853 990
674 797
44 941
494 659
314 820
404 662
805 990
562 481
408 12
366 352
239 917
957 863
461 373
819 296
397 328
524 428
129 275
863 269
613 610
314 495
555 186
64 342
100 331
124 106
297 48
975 531
221 397
412 190
811 529
858 572
892 838
540 710
13 283
741 105
877 625
124 654
272 304
716 833
289 245
204 509
172 873
817 260
69 179
735 579
165 537
924 694
903 323
420 409
326 746
43 399
700 267
327 557
845 816
613 21
947 71
755 257
768 542
503 83
340 104
345 295
133 540
840 479
542 640
555 265
769 703
583 905
977 569
768 921
43 432
972 189
446 103
595 774
357 540
517 483
388 843
90 148
555 400
323 929
245 748
831 779
593 701
4 89
469 10
80 293
4 375
598 88
628 418
776 782
232 784
194 580
169 355
585 195
914 32
423 864
987 603
731 508
451 524
343 328
298 377
289 1000
98 574
669 375
736 151
650 840
731 900
348 153
204 752
367 979
718 337
980 377
540 756
321 439
719 931
869 435
678 585
952 429
877 787
782 287
763 888
529 558
635 710
141 403
984 122
707 771
522 682
210 863
503 307
887 481
136 194
374 506
790 382
997 161
784 199
703 704
762 75
376 749
203 314
270 26
115 3
700 968
580 513
15 820
59 73
845 75
681 312
9 210
926 732
845 6
25 869
626 923
856 397
865 657
847 230
994 48
486 122
70 474
375 674
737 28
511 790
16 152
616 797
435 946
741 679
673 168
924 867
958 294
247 174
65 961
988 920
166 595
658 626
682 404
608 158
275 163
129 799
182 841
720 613
357 577
91 214
759 132
581 288
1 449
625 560
644 534
518 858
74 261
531 516
674 517
794 88
462 706
940 1
870 209
717 440
98 404
163 225
684 238
501 171
370 946
560 18
524 252
186 620
987 484
30 623
411 137
773 48
40 325
56 20
801 817
741 867
478 773
758 399
404 912
203 648
12 689
978 9
169 984
508 995
220 431
149 153
33 39
160 501
6 326
894 237
387 251
458 823
507 142
593 587
756 617
487 350
964 639
939 948
93 704
308 13
375 293
518 605
466 950
870 91
669 199
131 836
557 235
201 13
546 831
53 577
283 522
960 98
516 394
646 154
813 722
757 730
114 39
176 185
429 336
286 449
997 280
323 647
259 598
694 358
740 218
605 855
969 685
351 920
657 771
335 889
220 462
274 114
479 451
795 958
587 643
928 297
719 473
387 388
865 522
622 357
640 599
824 682
373 471
352 45
805 232
8 951
4 568
935 646
555 437
630 484
345 210
300 279
859 764
544 922
911 554
325 591
104 981
584 433
198 962
122 621
399 98
258 984
133 990
832 950
643 6
393 698
854 607
951 511
943 329
446 981
997 712
628 644
404 289
448 744
782 468
843 732
562 779
374 115
312 979
194 412
58 817
906 927
248 414
413 779
271 209
886 966
910 431
801 766
312 866
997 994
572 747
788 611
359 76
996 960
821 575
289 553
237 314
627 955
365 884
953 790
24 4
505 747
761 844
715 660
239 677
140 330
374 216
653 249
273 723
425 611
316 528
429 503
698 204
552 367
245 509
191 102
912 191
106 738
966 221
213 551
232 997
71 601
618 738
572 116
144 962
35 465
200 799
661 344
187 453
735 278
899 992
62 861
404 363
664 969
973 406
545 874
574 864
218 892
42 722
929 903
250 60
784 253
430 32
732 75
997 656
290 931
