600 1404 600 1106 15
128 266
155 496
392 449
267 377
92 320
0 442
141 445
161 546
337 448
72 574
243 258
475 561
81 483
42 232
100 144
38 139
208 497
85 134
260 357
418 508
202 544
244 567
550 555
23 399
174 544
112 547
177 197
233 426
343 386
166 593
18 341
101 427
223 444
279 549
271 443
38 243
504 592
53 361
55 395
53 219
340 502
187 257
156 256
19 186
44 152
194 300
272 337
313 546
12 517
47 420
170 406
108 191
99 287
183 338
30 127
325 574
477 569
11 12
124 188
336 578
123 572
414 503
170 549
262 341
353 376
50 579
54 593
26 485
8 42
101 472
8 316
77 487
99 352
180 444
95 559
0 122
240 389
163 501
421 545
124 586
123 415
155 287
111 488
15 168
254 540
6 53
34 287
384 405
145 534
409 480
327 353
365 386
51 192
435 514
28 210
46 414
5 209
396 520
171 238
157 342
41 455
512 557
48 186
165 359
229 481
475 588
91 443
236 483
384 569
55 523
297 464
84 468
262 467
190 405
54 397
364 526
45 443
319 478
21 360
13 490
14 531
120 216
205 212
58 238
239 485
118 598
425 463
18 262
236 509
30 158
150 403
467 566
479 586
391 400
257 479
289 529
185 210
29 163
379 401
260 454
415 494
55 486
30 316
407 536
128 599
251 489
416 558
329 386
28 48
12 369
308 441
131 318
60 443
341 364
26 563
134 205
353 355
32 430
191 288
199 249
164 498
368 522
572 584
45 303
47 280
256 441
35 458
124 164
254 592
222 290
73 299
407 488
391 484
182 229
471 513
82 335
300 414
246 290
107 276
353 540
214 572
306 558
284 301
130 137
176 486
308 506
533 557
54 200
327 345
1 280
169 459
27 126
83 530
121 572
74 137
332 572
4 513
326 520
110 595
30 381
310 378
323 382
271 597
371 375
20 86
40 590
119 565
442 581
36 112
42 316
104 419
533 589
60 347
389 415
46 503
296 356
101 570
297 357
275 449
242 510
245 489
130 207
294 540
427 570
279 564
361 452
375 557
357 418
288 434
40 61
112 447
241 547
256 308
227 591
260 331
238 429
256 383
264 332
206 396
321 408
352 496
23 408
80 435
329 556
9 186
210 244
10 236
29 599
172 305
51 414
132 291
237 306
217 318
493 494
112 563
42 221
311 471
450 560
170 409
428 486
111 161
0 72
89 565
8 221
27 484
215 225
45 425
241 390
33 380
2 280
268 349
6 468
82 557
176 428
321 421
97 556
292 330
68 550
27 594
28 529
233 249
336 502
443 516
91 516
143 432
111 160
55 433
178 387
52 85
114 497
312 476
77 157
41 213
297 590
452 468
142 512
70 304
320 449
44 211
97 107
195 340
14 540
87 319
339 394
85 546
133 333
162 567
127 296
58 366
337 570
305 505
75 202
83 301
213 382
204 237
158 420
78 562
17 172
202 537
80 432
442 574
191 283
294 388
555 589
451 595
131 473
7 588
398 481
54 466
180 304
397 466
123 214
302 306
385 489
255 273
211 327
217 519
205 449
112 597
300 562
61 338
185 556
146 595
57 507
28 109
147 265
51 90
38 462
66 94
485 522
348 564
10 483
146 401
249 396
335 580
357 508
293 501
175 319
144 227
113 493
211 515
187 538
225 280
170 535
164 371
487 568
438 576
55 176
22 324
250 548
53 530
0 295
483 545
181 456
324 455
171 395
6 509
31 67
417 538
354 585
117 538
83 460
97 584
15 275
330 400
327 532
56 111
13 323
256 377
264 286
360 553
360 449
165 193
220 380
106 237
245 575
0 574
13 247
373 473
69 386
16 420
150 396
356 442
18 566
102 312
13 180
39 407
77 350
200 397
175 478
369 481
64 570
274 556
12 116
139 324
414 492
167 275
95 261
363 550
243 541
413 470
210 277
113 389
273 460
118 303
107 330
329 572
164 426
348 480
288 524
153 155
291 524
501 599
207 294
181 588
55 208
136 457
386 556
415 544
45 71
2 47
96 355
217 469
428 543
70 102
162 289
212 355
154 384
215 283
103 298
26 68
402 475
2 115
299 542
9 93
122 581
57 377
266 431
269 375
40 300
305 519
268 310
63 72
17 469
306 416
254 504
88 142
240 537
339 375
39 163
65 116
380 534
81 554
16 352
248 534
98 304
82 142
140 312
184 349
338 376
72 358
229 325
167 320
246 588
149 393
169 333
412 590
173 476
145 437
49 511
142 557
96 293
19 48
299 341
401 591
234 539
284 577
79 247
131 305
103 317
141 582
212 357
36 348
51 78
290 570
73 245
437 511
35 247
279 409
450 513
488 536
341 374
63 198
452 578
153 458
361 468
264 548
392 430
88 459
233 498
364 542
395 433
15 31
227 435
341 569
401 435
228 281
333 495
75 240
40 503
86 292
393 437
119 330
38 351
124 498
72 446
357 454
148 245
2 352
371 478
231 567
266 505
228 273
311 322
274 329
347 598
16 232
296 581
89 237
416 548
232 496
87 344
12 108
163 404
56 163
51 300
431 583
224 342
285 362
91 372
27 86
401 431
88 335
68 563
377 383
224 544
182 325
63 560
190 384
6 135
373 518
74 226
129 433
191 524
258 543
150 206
342 386
379 595
100 187
326 396
2 225
19 529
146 431
69 551
41 324
317 480
141 265
168 340
426 498
94 103
356 581
37 587
382 497
336 465
239 522
253 335
44 327
72 325
123 494
247 323
122 295
77 439
447 459
104 144
283 398
450 482
101 470
19 28
396 552
141 576
136 555
49 145
50 63
27 310
255 577
332 416
8 278
110 431
244 350
79 455
466 593
206 552
78 578
340 468
389 493
259 411
90 165
37 521
209 593
148 575
26 589
338 418
98 102
154 374
482 513
25 577
212 454
346 543
106 549
39 105
470 472
229 446
14 211
183 376
422 438
322 441
373 397
62 504
185 343
176 346
109 276
138 465
50 358
236 424
393 450
148 230
166 515
296 381
226 531
69 342
202 568
468 502
116 507
337 410
97 274
288 567
261 404
161 203
413 524
59 499
100 419
226 466
99 496
446 560
290 596
1 574
197 528
230 542
179 271
458 491
199 552
329 499
247 458
107 565
347 547
199 206
302 440
75 461
154 363
272 410
97 440
227 401
199 586
184 594
74 466
34 408
48 126
72 182
269 339
424 571
357 412
280 574
193 259
115 132
128 367
67 575
40 194
343 556
210 343
79 491
123 286
379 435
44 209
69 439
188 539
214 329
17 451
88 580
21 67
292 378
257 586
39 128
126 467
169 447
92 168
280 525
54 305
186 370
136 533
112 347
6 530
11 108
1 201
362 389
334 339
277 439
74 388
23 115
202 383
259 273
138 474
376 504
293 355
222 467
478 555
274 584
531 540
39 282
120 520
164 344
420 525
106 242
306 582
263 589
144 591
445 582
307 437
48 370
216 426
154 405
132 470
38 235
70 173
15 167
315 323
160 364
212 392
144 536
238 314
438 573
112 241
56 404
287 496
500 571
309 469
283 291
184 310
92 430
406 565
234 528
216 233
198 560
63 446
108 398
207 540
474 578
570 596
232 316
131 200
448 570
43 399
514 595
99 399
64 101
322 450
96 212
139 221
156 178
231 413
77 267
147 576
504 540
267 517
77 517
2 420
172 595
157 487
220 534
69 157
99 115
85 161
102 436
107 440
336 340
88 512
298 550
56 313
392 454
241 564
290 475
367 599
259 577
130 540
65 506
547 598
172 266
44 367
52 449
375 533
506 527
106 306
262 477
124 344
286 332
488 538
18 299
120 326
389 537
177 479
282 431
356 525
135 490
275 553
147 422
211 532
109 210
214 499
104 403
103 535
381 521
151 416
134 404
349 477
368 533
362 387
46 61
68 480
104 432
224 386
138 578
153 424
130 254
32 454
209 211
267 487
139 351
245 385
129 366
42 324
125 224
81 456
266 583
208 315
66 363
526 542
110 146
446 527
510 582
141 252
217 309
192 578
11 288
55 129
243 462
378 535
61 183
197 539
139 278
83 98
302 558
307 450
32 260
320 392
291 413
536 591
113 415
364 374
468 483
43 408
133 271
483 500
73 230
482 527
98 436
465 474
223 530
116 517
7 489
328 394
366 433
196 596
30 278
180 315
172 469
78 192
118 573
126 218
50 72
269 426
130 453
155 424
111 538
47 525
98 444
252 445
79 458
368 485
53 301
333 335
162 427
179 597
7 554
111 313
93 289
140 314
395 476
229 506
213 323
60 597
346 541
131 373
5 505
343 365
313 404
112 348
317 535
290 448
65 507
310 594
188 197
115 399
142 335
49 441
155 571
172 505
471 527
52 134
83 223
20 391
236 571
161 313
81 545
294 531
185 276
105 591
297 412
93 570
269 334
258 428
73 542
194 414
92 331
157 224
226 388
118 147
57 116
107 119
209 515
285 387
32 392
286 572
110 266
68 298
386 551
22 346
66 405
226 593
237 549
307 393
7 575
160 177
159 234
410 561
260 464
84 452
187 199
195 331
41 346
137 294
24 534
451 514
202 487
32 331
61 504
281 312
301 452
123 125
79 213
190 477
106 204
81 340
162 529
405 477
359 414
73 385
101 413
201 325
219 361
132 215
13 35
390 576
62 376
145 441
250 582
230 526
187 536
15 92
167 449
231 427
153 232
340 483
241 549
29 501
321 561
125 544
128 505
83 436
311 441
278 381
180 323
154 539
201 574
273 281
222 246
322 513
368 589
24 156
136 371
172 217
338 412
155 500
297 300
135 424
284 578
100 104
331 465
156 441
308 471
57 267
224 568
44 505
24 285
209 505
218 467
253 495
41 114
456 554
379 514
103 268
94 405
5 593
93 427
165 192
100 206
108 288
237 565
328 426
252 265
349 405
242 390
258 541
20 484
152 367
251 588
162 244
440 565
70 523
114 176
45 118
300 474
267 383
125 415
93 196
213 247
307 511
341 384
79 324
281 436
1 283
85 313
145 380
230 360
6 10
260 297
31 168
24 248
128 583
35 153
282 401
402 545
3 264
515 593
189 408
195 336
268 378
126 594
117 177
224 499
9 19
355 508
154 175
439 551
184 477
28 391
429 476
179 443
403 419
178 461
365 551
20 27
21 31
98 180
308 527
535 565
549 564
558 584
270 439
71 516
70 476
174 202
149 423
317 409
116 481
57 517
102 476
85 526
133 169
537 544
184 262
119 535
302 584
37 235
18 385
216 328
52 360
482 560
202 267
43 99
371 426
211 531
84 502
132 472
145 149
295 358
181 402
145 248
124 197
107 109
416 584
246 251
345 367
186 196
581 587
4 322
156 461
9 529
115 352
201 481
163 407
282 583
501 559
80 514
157 568
199 396
331 464
126 370
28 484
544 568
56 407
182 446
78 474
532 540
15 553
459 485
8 30
152 327
156 248
371 457
151 306
153 491
253 333
97 276
53 83
248 441
74 397
105 282
256 507
270 277
159 364
94 268
208 523
6 490
251 566
156 383
95 163
36 68
3 286
76 423
111 117
58 171
49 437
243 324
141 390
353 418
192 577
215 291
308 507
4 450
159 160
140 429
441 511
255 460
3 494
320 430
239 459
118 422
24 387
137 388
548 582
399 408
31 81
40 297
133 495
246 475
83 444
191 291
290 561
513 527
35 490
318 473
205 261
143 403
456 545
146 379
131 519
59 386
249 498
459 580
12 350
1 215
155 232
369 398
68 263
22 243
203 526
10 509
24 220
82 339
92 195
453 592
64 472
489 575
235 381
102 281
117 257
5 305
110 172
22 541
464 465
271 447
220 285
234 364
109 400
198 450
140 476
80 104
160 234
210 365
261 559
176 543
239 512
521 581
205 293
274 572
90 492
383 461
58 433
144 435
321 402
103 550
121 584
174 537
254 453
244 439
239 533
345 599
13 444
230 245
64 272
201 283
11 350
235 351
350 517
417 488
336 452
70 98
28 162
130 592
402 456
82 394
281 460
94 550
363 405
204 549
190 569
319 344
231 434
282 591
42 139
42 491
251 385
16 316
148 360
160 161
86 330
263 550
353 532
249 326
318 519
347 597
97 185
87 124
7 67
244 270
72 295
177 257
424 509
109 185
43 189
97 302
113 494
310 349
443 597
91 585
171 476
197 479
147 438
139 243
52 526
233 326
45 60
327 355
55 497
86 378
480 564
134 261
223 490
516 585
6 361
447 597
554 588
3 123
284 460
238 366
413 434
28 400
288 350
205 559
186 290
20 400
116 506
278 351
395 523
396 403
178 362
457 478
40 338
66 550
90 359
244 288
301 578
48 484
298 317
351 381
541 543
60 118
144 187
277 365
62 183
10 468
115 472
280 356
40 412
136 375
120 245 490 501 364 237 269 492 32 159 455 206 278 571 140 338 592 399 57 125 238 249 220 577 16 519 162 10 107 468 106 409 425 552 36 71 133 439 476 340 62 540 222 166 2 495 275 9 586 350 188 160 445 520 433 163 594 452 319 39 460 308 101 540 492 270 536 173 399 62 299 97 520 133 399 582 392 446 575 139 388 57 468 393 576 325 65 119 405 236 313 50 536 30 512 517 206 403 379 434 359 591 375 273 67 309 92 576 9 205 129 268 565 517 192 352 241 208 510 458 47 317 246 347 177 431 382 186 320 343 145 593 539 262 536 76 554 403 418 169 32 220 273 239 47 574 13 270 195 145 2 290 159 195 487 319 296 324 453 141 567 591 116 486 80 0 567 352 131 321 50 540 578 162 540 555 13 577 272 362 211 387 161 496 330 512 226 478 106 35 506 429 478 48 357 72 538 84 74 373 540 323 1 556 512 546 541 341 428 125 446 267 209 484 120 352 40 76 293 393 467 327 359 384 243 253 387 34 153 505 88 76 559 102 162 176 239 573 261 299 214 293 129 534 179 20 7 393 300 547 16 240 142 270 76 262 450 554 10 405 103 405 82 598 90 401 85 57 108 19 127 464 149 485 128 201 165 341 388 117 128 455 91 506 484 280 297 264 286 238 389 118 193 341 435 241 396 340 343 160 119 586 327 291 304 533 290 74 288 305 171 228 447 416 245 516 185 471 335 295 166 293 555 396 483 124 370 218 152 505 187 209 398 253 86 292 204 306 455 508 448 24 66 597 549 224 117 112 227 152 269 475 501 349 520 158 286 357 560 533 52 557 355 329 376 127 289 410 192 103 397 389 500 321 384 84 331 350 574 50 498 100 523 406 198 135 323 71 319 329 381 455 113 224 37 417 217 158 445 211 154 437 287 173 523 206 441 213 163 320 305 347 284 358 321 58 424 499 213 430 9 585 573 570 495 402 229 461 77 573 318 594 433 370 550 311 251 199 331 205 494 69 180 142 12 372 200 247 69 128 10 54 268 381 379 45 143 580 65 389 498 182 158 409 390 270 546 239 329 272 561 548 592 526 535 585 220 541 521 292 16 461 515 12 44 576 421 264 329 46 329 454 305 29 461 420 201 146 327 552 319 403 26 304 119 29 418 302 13 567 52 348 185 314 568 168 487 392 459 83 49 315 308 405 393 559 465 596 180 15 581 222 157 437 265 342 262 71 462 10 485 306 209 532 58 53 231 373 98 552 458 338 368 44 162 579 156 223 133 44 166 16 243 323 476 277 576 334 594 89 72 67 177 234 259 216 117 309 514 76 335 254 199 28 39 112 241 75 52 371 428 583 529 490 376 578 186 45 291 102
635 905
604 819
506 813
978 591
806 958
130 130
236 684
406 527
430 899
617 554
289 637
680 720
719 756
223 803
104 287
313 490
420 809
190 23
517 421
650 533
683 454
351 474
326 924
477 670
924 844
70 634
745 202
657 439
693 546
272 235
455 882
331 535
205 457
995 913
364 694
278 796
804 244
528 1000
402 988
280 198
71 474
281 901
378 842
442 711
172 208
988 140
11 489
536 833
630 502
910 933
660 962
68 574
370 365
158 696
92 102
166 939
336 227
774 789
65 986
859 606
940 174
27 435
79 381
714 983
549 641
755 831
682 281
352 506
751 249
804 646
116 857
990 74
681 930
466 423
12 160
911 755
987 996
747 711
113 598
298 835
326 3
334 573
752 7
156 732
220 614
367 321
697 408
597 200
776 48
854 428
30 596
926 54
265 481
582 594
673 313
294 282
192 334
836 505
138 811
449 746
387 108
554 671
92 822
727 354
374 36
330 182
897 371
782 473
649 746
736 535
228 102
410 213
835 185
970 658
251 907
492 743
733 804
447 204
965 218
767 429
545 7
914 526
583 947
947 589
562 152
916 650
601 451
484 905
211 182
176 980
13 256
74 51
530 754
884 60
317 355
256 712
714 147
0 216
167 558
384 922
6 895
951 372
746 43
462 2
354 104
938 900
244 60
1000 289
382 465
935 971
452 48
937 429
181 244
305 774
584 278
340 765
879 835
795 694
508 871
478 287
454 255
409 275
691 614
302 222
612 122
40 632
91 182
295 455
295 545
860 86
830 332
60 952
193 86
97 890
889 718
609 235
224 952
481 220
914 796
893 128
195 826
385 563
699 904
74 424
632 394
775 537
600 527
423 126
557 198
403 702
587 344
618 759
110 632
3 704
77 512
252 540
577 554
526 202
777 993
484 115
52 88
654 846
858 742
451 328
866 359
245 354
452 105
45 275
167 901
142 180
729 594
118 239
209 371
252 873
917 602
555 779
596 27
134 31
549 480
207 663
958 837
395 887
539 522
226 742
867 661
525 789
46 185
311 117
12 789
704 851
403 389
591 661
372 794
573 88
530 275
478 989
290 681
870 398
22 991
798 131
941 747
877 245
892 308
343 961
685 661
404 431
492 527
257 818
912 885
518 101
974 450
473 499
995 352
858 0
38 331
81 706
855 813
497 153
301 979
24 674
176 473
314 311
565 399
706 246
998 512
982 315
227 142
806 760
663 343
677 64
720 664
857 125
485 626
48 727
867 533
318 413
798 500
752 633
419 939
837 300
575 845
71 767
276 162
626 798
95 675
991 810
983 546
392 742
647 711
634 589
521 548
590 773
732 410
239 309
66 231
615 947
527 918
146 473
736 308
511 390
117 523
149 653
866 476
997 183
165 848
134 98
896 429
857 964
795 861
104 4
667 383
826 877
31 837
382 252
9 929
195 864
434 845
772 320
59 14
629 202
243 438
407 603
828 914
225 849
338 891
671 871
549 48
169 285
638 21
872 566
713 442
189 505
968 515
838 54
631 64
798 9
199 578
511 609
106 418
687 31
272 589
533 365
834 646
803 566
614 170
224 255
258 937
906 184
841 226
635 360
710 705
438 974
471 797
131 333
972 17
162 329
574 882
165 421
630 984
3 571
355 403
182 640
971 756
654 262
484 330
763 599
96 993
204 213
764 168
704 789
568 505
655 126
916 13
7 46
512 314
671 99
99 349
806 798
706 376
275 38
997 880
488 951
219 895
839 785
586 312
448 461
827 606
946 788
40 215
952 692
922 304
694 488
248 407
868 994
681 1
104 932
486 50
14 118
669 773
480 712
746 484
296 88
429 579
418 24
334 275
637 306
804 347
359 191
434 654
805 301
451 616
17 735
132 444
578 708
48 520
946 631
926 486
415 156
137 405
426 65
472 841
354 656
977 266
962 948
296 738
949 113
605 79
624 643
274 996
45 926
225 480
269 119
389 8
127 977
603 689
329 41
112 770
897 966
946 258
746 681
810 449
869 883
599 908
917 99
169 761
997 400
716 931
834 155
496 579
295 384
812 992
227 2
181 609
12 305
201 407
308 875
359 599
684 138
313 805
830 92
116 718
885 771
366 998
978 104
152 509
193 539
60 146
539 448
251 622
167 56
547 716
781 892
514 676
20 14
134 560
448 551
59 877
601 373
659 181
496 188
777 273
670 808
764 935
330 628
662 483
802 169
222 992
822 717
389 179
415 498
257 752
329 832
28 548
990 717
998 639
881 25
413 768
195 913
553 115
884 635
324 685
249 277
241 590
41 475
27 368
169 141
749 862
803 829
153 368
262 664
913 335
857 928
793 90
797 924
280 6
121 206
958 73
762 739
41 51
124 60
514 13
527 951
759 135
134 899
599 733
547 865
406 348
741 899
514 249
663 569
198 706
84 255
138 279
733 115
956 867
776 363
377 151
925 716
445 151
558 251
71 311
296 944
460 383
266 967
896 682
372 630
377 286
903 216
944 460
860 324
730 274
791 615
475 84
341 434
362 541
679 217
839 559
725 84
896 463
270 304
742 972
462 588
100 560
801 202
849 259
820 403
497 477
657 638
842 693
564 368
554 606
327 715
925 560
907 261
631 870
385 500
952 306
62 681
144 612
681 999
807 49
567 920
954 403
247 183
891 501
996 43
521 133
583 979
436 523
729 176
113 468
309 149
7 335
115 163
602 416
216 47
545 577
865 162
935 213
236 223
