600 1377 600 891 21
68 477
37 450
555 578
103 212
498 510
5 507
165 216
85 574
64 495
137 427
155 516
25 193
373 382
546 575
18 184
186 429
154 478
226 456
22 396
38 210
368 413
194 246
100 441
94 488
399 521
395 421
148 195
375 550
228 293
284 539
24 459
127 252
82 344
83 332
102 531
246 494
118 451
238 488
16 111
177 397
139 199
33 588
333 589
130 580
84 427
356 424
558 573
1 2
269 598
152 596
151 270
502 562
171 549
152 558
295 422
91 215
59 307
44 409
62 258
50 459
408 485
475 559
171 475
170 241
97 332
179 269
159 173
101 363
159 338
118 528
37 476
41 435
152 565
90 488
276 465
466 471
351 521
483 559
44 576
105 240
168 387
97 260
452 598
10 496
564 570
227 247
85 413
83 535
500 599
236 286
305 509
288 453
87 173
481 592
251 476
317 398
9 468
200 580
36 366
382 575
292 566
314 439
216 553
277 426
72 595
426 582
481 486
63 236
88 136
47 320
207 355
95 445
83 313
223 239
16 203
160 407
140 462
227 546
373 453
134 308
274 576
105 411
351 442
356 563
30 263
43 98
547 577
36 265
58 463
175 383
2 413
326 409
83 260
26 146
37 319
7 12
208 364
462 473
255 572
29 116
42 52
269 592
21 303
158 499
20 447
12 400
511 576
115 413
517 551
116 552
183 572
413 574
395 468
296 448
308 597
74 206
297 326
262 281
170 351
40 416
340 449
304 570
491 583
131 323
149 283
311 538
256 517
18 489
140 414
214 217
128 216
411 471
178 268
141 477
276 284
162 204
91 361
192 468
384 487
144 584
103 536
153 554
115 368
120 564
351 399
75 151
266 435
54 103
13 91
182 199
474 538
126 469
350 576
52 402
31 220
271 381
69 343
92 102
47 556
14 532
97 344
398 555
110 518
218 552
115 291
220 538
177 383
114 386
93 448
308 565
89 364
271 467
192 494
149 590
121 209
51 94
169 533
92 447
15 517
333 433
324 544
393 477
148 540
52 68
227 561
78 273
151 410
126 416
162 198
453 545
342 574
67 314
59 229
337 594
409 451
86 494
255 418
316 478
44 511
184 489
14 92
35 45
60 91
151 516
302 334
50 316
239 309
332 535
397 459
124 363
212 213
57 544
89 309
142 290
163 445
108 342
394 579
427 552
157 528
335 597
77 550
212 449
428 522
422 518
77 301
315 388
244 281
22 439
254 276
104 201
26 193
185 274
460 472
117 460
89 490
263 464
187 549
322 562
149 593
98 463
354 599
101 124
385 462
159 490
108 527
240 554
317 322
171 197
70 310
140 519
153 419
48 594
44 274
218 408
57 201
274 500
74 429
53 83
406 515
244 484
251 512
230 524
348 371
303 368
391 510
137 573
39 492
78 526
219 569
204 486
75 576
298 392
195 230
280 450
155 270
75 595
154 315
394 423
261 566
205 522
132 147
387 567
194 273
182 283
113 406
293 431
455 586
90 101
411 466
262 492
142 174
23 553
390 525
31 538
209 555
179 592
51 207
22 188
377 514
362 576
77 221
145 348
553 585
28 95
470 589
225 303
436 447
432 433
92 339
93 296
99 518
13 361
59 409
483 549
262 330
138 376
34 525
296 450
0 408
17 280
203 341
40 469
340 354
142 209
122 527
277 439
134 152
240 430
109 168
430 554
324 336
352 564
181 243
334 371
3 205
278 297
125 197
111 341
468 509
319 450
284 497
189 306
242 533
348 523
46 564
94 207
13 328
405 438
8 428
403 565
440 532
96 385
248 451
250 301
231 512
558 565
7 591
408 496
47 370
89 159
227 494
200 546
335 583
395 536
231 323
127 549
502 596
139 180
35 376
43 520
75 340
63 286
120 570
8 129
47 374
143 301
60 361
218 513
39 395
352 581
122 356
40 511
253 263
86 561
243 362
349 410
90 313
126 409
229 409
86 468
67 107
179 198
24 485
87 159
231 458
96 548
265 519
67 263
251 458
199 432
42 563
407 453
27 286
70 473
196 520
267 361
384 529
63 145
283 432
223 592
5 219
77 250
122 579
34 239
84 573
178 305
168 567
459 478
286 348
336 376
272 478
279 324
429 434
173 363
271 331
270 410
162 441
185 409
11 123
69 210
338 490
369 494
534 584
49 134
405 442
305 477
77 375
149 213
54 421
21 368
214 300
312 461
369 588
472 487
513 558
215 277
28 221
41 89
570 571
235 506
305 395
125 241
155 349
14 507
198 452
61 569
254 565
323 512
131 445
211 256
67 291
54 536
78 442
144 287
391 560
37 512
274 409
500 576
192 369
61 436
40 572
27 371
0 334
326 501
352 514
6 577
242 366
215 475
69 400
367 572
11 312
108 278
327 437
384 568
419 430
172 430
251 290
105 520
513 552
288 414
216 566
148 281
17 290
184 523
73 219
233 590
171 483
495 556
273 429
58 533
112 277
381 467
322 508
16 329
118 461
531 569
253 464
389 478
59 557
50 225
91 277
21 115
178 421
106 512
414 453
101 412
304 338
80 343
70 333
280 290
114 143
148 484
220 427
60 393
189 242
484 540
107 277
186 273
371 523
160 455
31 358
151 243
521 526
220 499
154 388
222 505
25 290
82 318
260 481
59 292
236 391
75 243
202 565
416 451
333 385
257 534
169 466
89 318
46 168
108 402
239 364
362 511
9 192
276 539
347 593
438 442
299 481
9 267
389 553
18 38
391 498
429 438
93 209
426 555
78 351
208 525
65 71
375 392
37 472
398 578
377 387
76 357
282 479
214 441
530 544
317 448
227 444
147 327
409 469
480 483
250 386
163 205
199 433
443 555
193 251
249 257
170 594
196 240
119 284
264 561
559 582
541 588
190 248
179 598
156 318
401 593
132 352
47 217
162 481
222 320
158 474
306 366
93 398
45 382
172 240
195 433
130 548
392 537
19 214
385 586
213 449
345 349
448 502
310 470
79 404
335 403
54 212
95 205
195 333
374 544
166 388
148 433
372 422
308 460
85 478
104 546
241 405
382 455
113 157
225 496
229 528
65 204
279 370
6 503
63 348
421 536
530 546
103 233
10 22
165 289
449 501
296 502
71 170
61 73
118 157
318 435
18 311
180 199
558 562
539 583
261 292
49 596
30 67
383 510
479 551
124 431
201 526
457 529
388 585
229 292
135 559
249 438
444 494
119 497
402 563
502 558
407 462
339 447
532 550
81 389
0 27
264 580
485 496
2 68
101 355
105 153
116 302
56 184
85 154
219 304
64 172
79 337
189 533
267 541
380 384
198 441
565 573
28 428
33 74
254 465
419 495
460 504
28 522
309 364
321 583
9 369
299 309
35 136
79 83
108 297
2 574
268 421
234 507
37 460
113 560
120 304
55 438
258 310
233 536
72 76
230 548
161 408
291 314
176 351
320 505
74 257
0 485
267 369
412 440
117 504
114 221
50 485
249 534
166 315
88 546
104 227
71 100
200 506
272 585
186 438
188 439
14 537
164 550
21 396
413 478
378 473
220 474
280 476
81 113
382 545
450 596
180 310
103 213
53 127
148 432
10 408
285 538
199 347
172 196
30 253
105 554
394 421
180 470
23 389
305 563
476 512
202 465
298 360
238 483
8 298
324 471
145 523
366 415
346 504
294 359
76 595
494 561
46 109
17 450
51 250
0 24
102 447
45 546
160 462
231 587
105 471
136 417
136 336
128 585
359 410
228 318
121 450
100 170
96 333
112 215
490 525
79 549
32 373
123 461
234 569
27 175
383 498
131 221
423 449
31 285
182 593
512 568
27 348
257 287
376 466
278 542
513 573
85 315
99 381
223 269
427 573
264 281
56 245
173 435
4 182
425 452
523 538
160 545
355 488
28 298
155 232
22 161
286 498
458 587
200 575
372 518
116 218
321 403
73 327
125 594
161 275
218 302
57 530
491 504
324 370
252 313
247 561
111 357
214 320
328 475
128 388
16 72
358 400
247 580
203 329
260 404
55 442
4 432
402 574
10 396
196 505
84 220
195 548
565 597
41 159
370 419
100 217
474 499
60 263
178 395
253 277
325 479
484 590
227 246
183 255
165 454
187 480
232 516
321 539
150 416
162 179
72 111
433 482
181 467
78 201
259 505
5 440
224 381
31 400
135 483
490 570
266 293
113 177
249 405
95 163
167 495
150 572
161 578
236 498
226 246
197 584
106 131
151 155
87 338
20 352
90 549
183 418
50 496
455 548
144 328
385 473
102 436
382 548
111 593
92 129
472 504
3 529
532 537
201 544
54 423
470 482
71 162
325 551
178 563
357 449
241 442
331 516
64 196
91 475
22 578
238 480
101 550
216 454
218 275
39 264
121 296
118 190
340 599
58 411
469 511
350 500
67 277
188 396
268 356
181 271
265 415
80 284
40 367
278 557
155 410
258 462
7 119
150 312
223 299
501 579
177 510
227 506
198 598
215 582
401 547
51 251
283 540
73 147
259 479
451 528
171 584
346 529
373 545
450 476
114 587
207 250
190 461
2 115
330 492
246 456
175 286
128 261
196 222
111 213
294 345
276 497
100 351
189 415
289 454
475 584
319 460
362 418
112 426
230 281
9 477
0 175
6 345
279 544
17 209
398 448
444 561
212 423
14 569
133 517
122 402
477 509
51 135
24 397
90 238
487 504
86 395
60 267
108 574
40 255
319 596
75 350
169 376
52 563
310 589
134 460
65 594
77 207
92 360
197 549
303 316
18 285
53 549
404 594
185 326
64 320
217 441
347 401
262 264
3 522
161 508
178 424
198 425
139 401
465 497
43 105
143 386
325 543
174 420
34 364
341 401
153 324
374 399
457 504
407 545
445 512
250 251
275 513
147 437
294 410
440 507
506 546
354 500
47 214
104 246
38 353
66 462
449 595
434 438
46 567
239 299
82 332
278 315
493 582
203 401
13 287
90 127
81 397
543 551
11 461
365 433
293 318
98 543
81 289
215 559
55 273
45 373
29 302
377 581
175 397
292 557
521 544
383 397
191 503
340 501
194 226
59 297
54 394
95 522
150 248
67 253
110 271
68 141
260 594
329 547
114 231
145 184
28 445
25 174
97 481
302 408
159 435
418 467
77 164
173 440
225 316
14 531
40 126
300 452
244 330
540 590
7 497
49 319
395 509
202 573
133 211
20 132
25 493
171 559
1 477
83 404
124 313
150 367
19 320
335 491
89 525
141 563
327 564
370 374
322 513
225 396
86 192
73 569
162 486
31 353
346 457
454 566
369 541
349 372
116 220
439 578
108 542
108 122
377 567
46 514
375 537
209 446
167 419
299 592
260 486
28 392
238 549
122 268
248 312
129 428
201 246
99 422
158 538
78 521
356 402
297 409
152 502
271 516
137 552
20 147
82 83
13 144
237 468
245 489
5 87
204 260
268 394
88 530
210 379
385 455
359 595
133 256
23 81
13 206
79 197
58 98
266 318
201 273
142 420
2 52
32 138
346 384
13 74
7 358
84 497
194 201
32 288
170 442
191 294
157 454
88 417
478 585
255 511
39 86
207 488
309 344
335 504
70 385
157 289
424 563
34 208
151 181
1 115
387 581
53 79
117 597
420 493
209 398
64 430
16 191
160 586
103 590
275 408
380 568
81 165
67 115
482 589
336 471
315 574
254 539
55 186
101 164
229 451
55 78
36 414
48 65
235 247
60 477
285 311
327 352
7 400
26 135
380 472
209 443
281 580
142 493
113 118
133 189
403 597
163 384
480 549
206 267
125 337
333 365
56 523
181 516
140 407
64 222
191 359
265 366
156 309
37 380
168 571
98 325
42 141
72 357
35 138
432 540
183 224
56 489
1 68
267 393
548 580
206 361
205 529
213 357
187 238
45 575
73 120
297 542
399 544
162 592
146 193
149 540
65 170
555 582
101 313
185 354
45 417
158 371
190 312
244 536
33 369
439 555
490 571
124 228
197 337
110 331
15 256
143 250
35 373
164 355
99 271
330 395
232 331
176 521
130 230
284 583
176 399
41 318
213 590
125 249
113 515
53 252
324 530
260 535
105 196
297 527
153 471
224 418
210 343
64 556
21 314
406 560
14 392
272 553
9 393
74 588
479 520
259 282
209 493
115 314
75 410
370 544
27 334
71 441
391 406
245 311
31 69
138 533
123 515
425 598
136 376
5 234
389 397
306 415
346 487
220 358
445 568
46 377
228 431
375 532
169 411
60 464
197 249
317 578
548 575
365 589
135 538 484 330 309 410 24 422 212 176 520 87 536 193 226 115 290 358 505 10 502 438 330 465 82 235 447 93 492 535 93 163 56 248 221 153 525 147 535 504 587 311 92 151 188 325 370 87 148 181 587 264 184 379 158 296 404 535 557 256 332 133 287 179 111 335 133 449 568 206 320 159 268 534 95 331 24 544 233 402 315 137 565 574 310 288 598 170 107 215 511 421 101 531 197 240 271 12 465 191 595 201 532 84 19 382 195 185 241 82 421 581 444 576 335 295 103 133 80 298 371 30 186 555 420 545 364 568 543 183 483 345 49 501 209 467 266 396 142 46 493 218 401 111 473 277 57 125 176 262 17 438 511 64 542 584 49 70 313 434 460 369 185 391 476 412 1 567 538 108 235 444 264 323 515 30 314 141 390 107 265 345 365 215 160 174 2 594 214 204 183 156 465 20 338 306 116 249 200 257 439 101 63 38 582 415 283 37 553 148 543 308 20 40 153 167 332 255 268 590 460 598 320 511 271 523 394 246 394 441 382 571 350 481 578 374 218 14 372 340 130 551 355 536 63 414 159 27 100 534 152 323 185 14 267 332 207 327 47 515 561 502 463 340 46 394 301 235 62 34 476 308 347 448 102 233 68 561 509 557 51 139 456 300 445 156 547 40 576 314 424 259 518 400 136 146 216 223 74 597 194 18 327 339 448 202 571 91 562 573 309 513 428 148 493 346 161 322 373 142 311 314 571 231 551 494 169 11 138 280 580 202 285 364 45 168 241 29 92 464 287 148 578 359 284 581 201 263 250 363 128 280 509 71 254 14 129 529 507 62 529 56 315 356 534 46 149 511 344 172 492 274 564 106 351 412 243 268 98 222 377 29 545 409 191 71 472 24 509 134 130 38 172 316 599 281 80 226 24 327 437 248 373 346 579 170 547 428 226 262 537 352 525 330 312 532 363 425 195 157 221 49 117 562 165 90 134 598 381 21 187 388 317 258 68 191 536 142 10 548 354 573 49 153 264 478 80 98 576 166 537 134 533 589 39 381 480 29 149 337 572 189 362 500 423 277 211 179 232 529 434 65 81 6 193 507 18 156 482 332 39 129 475 201 36 79 230 362 12 236 61 394 430 526 23 86 511 199 8 454 582 71 265 549 482 77 594 562 234 417 60 336 420 549 113 158 574 136 90 553 211 408 281 596 151 570 162 309 96 270 48 468 265 386 60 174 586 185 552 491 229 234 514 582 402 543 281 482 293 207 19 129 235 302 59 28 148 321 66 326 201 348 367 328 445 518 35 278 356 266 328 276 374 391 185 96 299 62 584 330 422 576 304 339 516 250 68 126 344 239 114 53 546 242 533 241 278 316 301 193
677 838
469 635
475 661
992 472
88 534
840 216
10 752
912 801
966 331
397 536
670 707
458 997
966 797
513 455
890 253
136 15
99 686
758 531
859 981
402 38
998 168
601 695
675 670
526 836
631 821
666 458
688 416
684 889
914 383
755 825
547 566
918 883
139 236
422 439
683 40
183 230
82 175
852 547
909 967
289 530
252 935
749 127
423 664
196 119
226 861
203 292
921 57
390 128
524 205
843 602
624 792
714 390
436 688
619 285
245 684
418 289
803 977
322 268
166 135
335 843
489 531
929 196
7 420
698 996
306 65
493 199
14 253
548 603
441 636
957 892
69 416
464 166
123 670
917 174
464 402
139 801
148 690
824 340
418 262
595 257
965 825
519 873
715 216
627 206
869 779
483 718
327 497
840 126
254 264
732 94
705 309
558 480
966 301
774 582
709 362
944 443
117 390
604 115
129 104
66 984
446 193
746 286
950 259
199 626
329 340
231 81
897 444
614 621
345 720
869 34
83 936
105 632
604 518
508 919
831 414
541 675
786 842
926 624
421 901
948 778
888 98
782 551
309 709
478 956
757 227
529 295
304 914
665 286
444 819
993 327
196 418
904 412
962 143
36 36
852 629
681 383
209 250
785 734
145 204
10 545
66 270
415 614
704 494
784 396
539 415
756 986
629 454
949 171
186 495
138 557
294 988
115 859
817 641
275 147
470 753
46 875
699 145
453 899
808 863
808 120
100 336
712 687
515 130
933 489
788 323
494 870
389 794
331 117
878 6
161 174
485 236
584 391
277 58
814 196
692 470
628 912
392 215
539 899
316 632
533 49
20 501
144 923
83 565
232 993
826 996
228 798
424 321
658 337
649 653
80 96
412 973
88 740
365 512
713 425
410 370
151 469
253 18
592 335
496 94
56 531
230 352
364 313
866 712
35 637
504 159
963 490
491 476
743 349
743 44
696 544
988 967
21 0
218 691
161 625
404 71
586 494
477 844
443 111
754 769
877 178
854 822
841 379
326 43
587 21
187 999
587 757
403 394
282 412
722 189
352 867
190 445
850 450
59 914
189 575
873 220
251 382
658 990
334 557
686 351
637 41
262 85
512 259
72 121
137 881
222 560
820 931
341 382
251 412
355 980
507 361
752 387
758 457
641 238
555 535
901 715
192 921
70 30
513 396
0 367
218 16
585 189
417 818
254 516
525 531
277 474
7 159
782 162
448 522
294 669
551 10
76 836
120 945
513 789
390 341
243 825
723 722
926 736
595 549
393 752
323 215
789 506
228 488
162 1
110 549
975 765
886 913
668 965
499 428
112 250
483 899
745 483
561 643
381 859
752 172
62 778
1 991
808 571
317 764
927 347
596 78
421 18
801 374
729 851
609 721
851 96
379 581
47 115
346 812
877 634
659 120
36 437
854 924
382 987
701 253
608 648
428 763
559 777
726 661
726 152
866 582
364 58
950 672
756 682
865 425
283 184
135 79
289 793
905 122
548 441
31 682
243 579
99 908
654 188
106 428
722 887
978 644
240 220
575 273
824 70
997 284
215 767
62 649
386 721
998 900
669 166
34 792
970 550
54 570
706 964
15 843
175 827
408 192
958 108
919 924
191 783
758 325
316 685
153 664
920 850
112 775
941 308
483 503
167 876
786 223
713 75
90 458
37 147
273 966
530 699
385 493
333 158
750 889
13 901
149 285
363 159
855 319
176 203
971 25
27 372
961 1000
868 502
114 974
179 325
590 900
922 530
85 379
761 426
952 1
428 788
564 826
728 1
594 973
887 322
435 548
267 697
297 574
639 697
564 880
730 596
387 174
957 864
49 603
376 677
910 682
573 222
481 294
521 975
83 297
722 775
303 841
81 796
187 151
797 254
509 719
66 217
17 128
321 938
245 291
185 962
305 137
677 492
275 646
7 961
242 715
330 657
481 33
625 547
828 768
998 390
438 349
287 99
780 189
117 510
111 485
466 348
787 134
933 224
937 133
450 324
642 620
821 242
474 109
443 246
677 562
314 435
910 467
725 517
992 229
766 628
180 688
814 526
339 905
472 9
108 279
465 868
127 347
365 394
990 587
786 454
582 802
915 599
442 964
62 317
127 143
541 500
888 739
216 190
152 967
357 539
274 874
43 467
251 168
917 555
48 392
839 875
579 445
816 490
437 577
510 761
155 42
634 358
544 113
67 488
616 393
184 521
660 791
568 167
942 560
719 332
828 962
794 56
996 614
279 554
671 517
353 462
314 98
634 759
896 763
607 939
828 847
198 810
241 741
791 632
48 754
953 612
306 11
277 368
849 244
740 703
356 569
536 929
236 902
842 479
749 727
951 63
493 989
92 879
111 29
46 944
43 239
194 36
379 248
981 432
772 953
152 440
752 16
375 275
286 756
380 893
982 521
297 254
920 246
839 271
129 168
549 359
615 180
262 619
868 285
837 900
968 691
159 519
414 489
349 755
109 81
340 236
114 312
277 337
2 650
151 399
622 313
807 292
127 55
785 775
506 818
259 112
654 581
372 106
379 830
820 674
612 430
553 968
316 470
786 677
359 650
913 81
846 664
449 844
922 13
900 513
898 213
877 70
826 18
233 967
827 721
421 715
205 350
198 852
20 709
698 652
268 722
223 407
996 46
629 497
999 703
568 419
477 799
76 343
809 434
453 455
67 447
180 550
898 830
566 57
120 582
549 239
128 732
812 608
896 653
500 7
164 800
