600 875 600 1094 5
122 123
167 557
123 485
16 501
173 226
75 350
262 539
13 185
315 587
147 409
376 466
410 498
436 525
53 519
109 393
205 449
13 121
239 374
123 513
2 576
106 277
335 591
134 172
117 398
85 499
87 375
65 188
451 578
146 461
13 532
100 427
526 537
318 437
405 519
186 244
337 388
259 380
101 414
23 580
245 298
185 586
41 151
349 496
166 308
63 550
60 234
171 438
41 394
408 443
238 551
389 455
403 547
284 364
196 489
78 290
166 245
67 168
241 448
145 439
43 461
244 597
267 364
30 488
103 447
24 199
119 368
551 571
160 484
142 224
34 184
73 215
339 375
282 558
102 184
97 546
180 579
122 328
50 118
125 578
57 386
444 595
137 325
288 455
88 495
310 366
186 451
216 561
87 520
232 255
198 234
366 477
305 366
175 472
31 159
225 384
239 367
240 254
37 431
274 396
545 587
236 363
214 334
37 526
106 254
297 337
234 398
352 448
144 298
110 137
346 369
228 370
229 476
244 276
336 482
269 539
219 248
14 129
0 69
173 458
526 536
205 356
171 415
31 152
564 568
255 456
288 389
202 325
120 325
231 277
491 518
141 319
71 82
60 198
223 427
192 261
353 444
112 178
322 448
190 425
146 467
363 411
306 339
432 441
163 211
164 291
147 588
173 183
44 366
348 556
345 509
63 592
117 314
35 89
191 337
92 171
120 307
249 566
274 275
401 530
171 402
129 301
208 393
523 530
104 130
160 486
291 483
354 440
389 428
314 500
26 399
68 387
139 211
32 531
84 223
34 525
218 478
117 178
481 532
193 429
15 128
318 326
300 457
467 474
148 577
240 241
5 582
104 566
178 198
111 489
69 334
170 392
496 594
214 433
49 570
335 599
284 294
195 420
141 362
79 562
122 363
186 578
58 465
559 579
333 355
344 362
7 383
273 549
62 488
96 312
67 204
361 599
101 161
33 188
100 111
27 219
151 240
4 387
48 82
285 419
111 170
69 429
134 412
115 303
406 562
469 576
228 597
225 507
364 372
158 532
203 445
107 511
48 262
54 598
184 510
49 425
55 414
267 462
146 547
48 119
105 271
192 320
115 185
100 489
88 310
453 482
483 505
44 422
97 209
10 130
14 200
54 113
191 491
38 60
288 357
173 535
377 449
1 458
10 257
136 343
69 193
230 418
168 172
192 590
466 554
275 490
247 297
315 460
225 242
286 332
17 418
193 311
95 545
218 564
83 246
254 260
142 395
49 190
55 456
227 450
403 528
445 502
153 338
251 486
296 455
250 477
370 463
122 513
208 245
60 125
232 372
145 412
128 265
172 261
315 518
146 403
56 79
24 440
135 311
445 560
424 564
227 485
49 127
168 321
26 519
209 494
353 400
425 508
76 444
190 468
249 589
64 106
160 527
386 491
178 236
125 360
512 575
93 420
265 381
115 158
240 296
566 589
377 598
73 221
189 358
298 538
18 473
301 579
228 446
165 252
259 426
96 171
16 217
168 204
0 308
112 289
402 438
210 526
33 65
332 336
44 282
138 483
57 128
315 358
153 555
123 547
83 377
92 380
36 186
96 415
55 327
343 512
223 394
85 489
460 565
504 522
189 487
418 453
164 505
187 430
227 528
130 408
175 298
434 593
349 530
261 590
464 528
72 223
312 380
14 326
278 354
161 397
78 461
509 524
348 467
172 329
143 369
116 235
148 187
165 317
42 130
38 411
100 155
532 544
253 279
75 104
48 269
151 260
384 434
45 133
44 224
88 424
68 378
144 472
70 571
373 583
2 194
145 514
385 463
371 426
356 449
468 596
24 278
387 444
80 178
156 311
67 417
22 290
85 100
334 338
1 177
116 127
35 379
14 330
385 599
72 394
42 104
327 408
257 519
58 592
100 581
31 283
122 295
33 286
226 304
150 434
227 464
289 506
86 511
286 299
25 153
442 480
388 562
135 456
141 153
409 541
314 368
244 498
121 591
304 535
250 282
173 379
180 413
463 583
426 466
445 472
448 484
272 288
402 514
289 594
174 320
99 187
357 388
119 588
211 483
217 497
181 215
34 436
38 125
207 473
526 595
271 404
92 438
79 285
269 500
350 589
529 580
309 461
328 557
131 584
341 452
55 255
166 208
290 449
102 436
332 482
293 549
157 406
370 498
292 473
195 395
45 219
79 272
363 485
66 269
119 269
58 222
228 569
237 586
438 542
23 40
191 534
358 587
30 502
474 506
91 583
136 410
108 595
172 321
35 320
51 369
56 465
4 161
26 439
23 197
137 478
126 298
144 393
165 421
536 540
213 354
12 315
224 422
142 422
42 214
241 322
191 270
203 472
138 164
82 258
78 431
52 68
184 481
103 339
550 592
205 412
288 428
312 476
14 301
208 567
479 552
303 347
170 396
139 291
327 416
138 505
217 383
475 519
447 553
132 232
139 220
266 531
376 554
55 574
78 540
356 543
73 466
26 475
231 487
212 411
196 442
353 387
128 383
157 562
40 580
23 82
150 182
213 242
310 564
299 501
200 437
205 552
380 426
93 224
182 425
304 390
109 452
520 553
50 280
105 361
203 502
200 458
48 355
504 563
21 127
4 416
7 518
116 177
211 501
280 352
197 539
155 396
43 547
402 522
47 70
421 503
86 341
503 510
199 302
122 411
380 542
512 591
69 549
7 12
271 335
28 287
268 570
29 533
442 489
221 504
391 392
320 423
33 201
53 476
88 422
184 532
162 409
12 518
119 333
15 383
267 469
56 222
419 471
303 481
107 341
356 412
77 531
141 166
467 530
52 405
400 436
94 496
168 417
21 468
251 280
174 423
480 489
530 556
92 542
90 350
36 66
268 330
233 434
33 74
45 407
476 589
359 435
335 404
146 524
215 351
229 312
49 330
32 266
9 199
6 81
110 243
205 304
273 334
306 473
101 400
217 501
83 598
158 481
111 140
22 536
17 176
71 435
148 559
95 270
163 501
65 516
503 544
16 383
254 365
281 535
114 280
331 349
88 366
103 216
86 477
151 322
62 452
263 415
145 356
163 573
5 531
102 353
318 330
119 572
253 310
50 455
218 310
238 571
65 584
47 98
8 507
279 576
367 374
176 433
434 507
478 517
101 353
257 521
220 313
132 546
370 410
167 353
233 593
62 250
373 463
22 540
159 283
391 515
43 441
28 243
110 287
182 268
46 78
469 477
76 167
64 337
389 471
159 266
291 313
115 481
194 517
65 332
137 194
106 296
13 158
276 323
124 299
420 502
522 563
32 206
203 560
143 571
514 548
5 454
61 125
197 276
390 535
161 387
292 306
339 561
228 324
149 503
160 470
506 556
155 275
212 586
81 313
64 534
370 373
200 326
142 568
325 382
194 279
275 417
293 574
176 482
109 144
525 546
329 548
382 462
2 382
30 109
329 402
144 445
6 533
149 544
59 389
3 473
229 399
384 507
20 117
212 237
94 331
211 220
104 433
174 183
208 298
336 505
373 410
308 319
537 595
300 462
425 434
219 264
57 265
380 584
225 434
189 374
197 262
90 589
133 496
403 474
108 557
43 432
107 567
414 436
71 355
290 377
290 309
289 331
252 421
65 342
394 527
19 252
32 170
243 478
91 335
364 462
213 459
265 386
76 353
120 165
153 319
492 577
44 488
171 263
187 199
260 554
27 551
430 577
51 401
34 102
39 120
123 227
172 535
269 572
324 463
76 108
107 308
103 561
134 316
312 589
500 572
247 265
76 557
113 345
54 146
580 585
250 452
209 525
311 456
335 493
5 266
87 553
66 244
402 504
18 31
340 475
372 462
148 199
231 254
23 258
11 512
256 292
151 376
22 356
312 584
26 179
3 213
535 590
72 499
130 566
457 546
179 475
154 220
149 252
169 458
344 418
315 491
17 230
164 482
149 271
3 459
140 489
162 588
280 486
114 471
317 457
259 516
495 568
204 504
331 310 227 22 46 58 359 66 33 131 65 109 468 189 4 462 347 196 62 70 496 195 181 216 70 169 42 29 77 402 447 275 136 29 292 326 380 554 460 528 599 446 257 350 250 102 568 366 2 134 236 460 145 534 112 457 410 360 187 353 105 117 450 407 114 61 426 142 190 330 34 94 483 421 344 281 282 241 595 180 102 543 9 562 397 511 220 535 221 450 566 472 237 76 365 64 483 394 469 95 201 296 140 332 561 348 9 255 87 570 287 379 559 536 34 96 56 373 559 566 227 160 132 389 470 179 457 539 231 445 392 253 532 552 96 286 447 538 403 222 510 200 79 291 526 282 591 193 122 462 478 576 412 383 417 552 517 376 504 334 45 313 262 69 49 233 45 397 243 94 69 213 74 210 315 431 513 520 338 294 506 16 581 340 158 199 101 162 304 562 385 294 23 285 228 98 279 405 360 171 162 119 69 41 133 573 443 70 110 82 301 281 445 386 513 71 8 215 420 436 399 412 108 422 160 512 315 97 27 240 103 467 295 288 6 201 10 251 395 354 88 444 198 301 21 347 344 203 281 353 364 399 107 541 233 13 268 250 351 529 498 190 279 460 464 565 510 182 508 39 575 471 53 429 388 268 269 116 516 96 491 334 367 486 434 428 48 331 310 288 281 289 405 586 45 88 443 541 106 238 16 588 159 284 384 269 395 137 337 143 430 314 406 442 350 242 536 242 9 437 196 72 539 322 534 322 489 320 427 437 60 498 168 240 153 548 553 177 225 130 365 272 109 508 67 22 398 351 208 303 106 367 167 487 58 335 367 427 242 61 89 311 105 39 55 269 545 399 181 430 421 312 184 52 280 330 261 288 320 75 347 13 586 19 102 314 331 61 344 445 383 591 103 20 88 233 244 87 83 386 103 3 542 381 425 201 488 372 165 136 139 331 464 102 60 465 565 28 542 551 454 33 238 302 238 134 136 172 176 214 467 372 554 5 0 419 586 130 94 64 416 36 327 551 463 386 572 135 412 145 166 25 233 362 206 531 377 127 376 324 56 550 75 479 1 316 351 539 229 516 171 228 238 66 517 252 76 69 207 510 529 106 415 252 499 32 482 585 327 15 586 345 58 106 250 595 166 338 426 158 382 550 230 575 377 261 356 597 197 236 457 479 556 502 8 158 9 390 57 331 28 216 43 21 556 432 265 281 535 281 229 173 161 209 101 10 587 548 85 473 259 449 460 497 298 257 279 300 173 179 428 446 527 169 330 510 361 145 83 8 277 124 411 239 65 164 163 439 504 590 357 24 423 407 426 322 365 519 469 523 34 284 475 110 313 85 368 401 294 546 172 117 497 562 370 504 160 446 593 167
816 285
224 595
698 113
101 998
580 400
294 860
951 416
889 702
52 848
142 771
620 437
344 147
856 656
445 143
135 679
991 673
911 652
782 425
313 996
506 64
159 206
49 640
400 510
58 77
80 872
855 380
526 530
14 488
591 54
980 326
937 188
364 990
379 908
750 617
541 215
295 732
199 164
411 392
308 213
589 87
91 44
630 804
730 401
322 394
921 95
69 426
393 438
6 596
29 192
63 677
758 932
130 503
551 438
638 505
257 492
627 339
932 938
961 726
973 973
827 935
270 231
333 172
921 166
896 1000
870 823
696 575
164 145
502 804
517 393
789 277
43 569
5 140
617 897
591 780
746 645
746 497
474 311
379 839
340 462
870 904
160 272
946 448
36 138
314 587
594 838
570 930
845 212
157 915
862 49
314 709
690 511
360 55
594 645
973 131
81 352
775 726
586 594
611 218
4 556
134 872
523 902
550 322
519 254
258 932
710 455
473 29
809 832
876 255
468 348
935 224
657 18
495 926
124 267
261 558
850 991
426 224
144 592
163 233
799 985
74 206
617 110
450 104
338 296
299 345
896 626
299 179
940 371
87 617
985 703
164 686
681 442
655 628
678 231
14 375
427 631
696 277
311 80
682 62
884 533
962 514
522 944
886 379
982 33
132 562
948 254
466 595
272 436
13 263
172 813
531 79
11 744
666 840
398 971
849 411
985 439
472 860
722 345
983 899
453 207
370 948
646 953
587 369
76 279
986 603
844 504
565 125
873 322
469 271
475 748
197 627
419 924
549 637
444 692
314 639
291 771
992 283
795 450
181 590
177 295
486 538
176 724
601 810
76 756
245 747
484 216
384 177
235 151
163 841
776 591
726 712
21 647
860 780
377 752
725 280
717 70
1000 80
509 974
114 80
222 248
120 823
197 676
800 623
653 153
997 170
508 758
407 581
400 864
265 978
914 303
591 195
469 429
974 556
344 242
70 965
793 387
549 781
296 928
938 660
762 25
75 479
996 493
567 719
995 939
584 864
968 96
11 929
354 599
238 328
188 38
602 567
826 388
743 768
668 261
14 797
227 184
95 589
241 277
378 241
94 527
649 699
730 836
740 878
54 936
565 0
214 113
915 349
260 601
987 768
42 497
661 482
872 173
651 983
552 62
755 86
738 808
646 299
192 997
614 468
47 110
657 661
699 822
401 721
78 132
525 622
21 461
942 753
336 896
729 166
90 724
110 161
822 738
480 56
919 862
760 339
432 884
444 828
146 102
792 763
118 929
735 114
737 983
342 742
882 126
333 935
799 188
883 952
804 594
630 43
854 851
118 328
342 498
908 505
163 997
725 373
808 232
362 266
777 854
942 797
945 292
848 597
694 185
130 731
94 814
435 285
402 647
797 110
218 971
640 90
838 303
308 468
814 77
699 307
623 590
968 487
129 234
815 701
454 621
623 146
129 628
852 345
327 775
433 726
688 883
122 52
177 1
670 100
174 646
651 375
411 342
481 681
100 659
102 378
793 564
29 230
788 346
419 77
829 531
900 780
817 358
202 949
476 472
870 225
684 612
303 127
886 457
232 554
182 455
398 274
157 408
121 428
720 551
556 819
721 942
512 318
121 956
5 205
422 545
887 844
754 675
15 52
349 200
393 7
915 399
284 279
769 217
702 795
838 118
657 751
103 243
197 564
242 29
606 728
720 227
298 56
704 688
177 969
660 795
315 536
509 437
274 709
622 643
898 748
704 140
943 688
10 874
345 15
916 726
531 360
922 822
825 907
339 659
427 994
482 970
911 238
621 850
996 4
460 888
579 327
204 204
566 543
555 293
95 449
533 673
228 410
450 63
542 484
988 843
9 414
682 411
32 302
265 81
307 261
440 573
205 726
602 288
538 577
648 420
431 788
846 443
853 943
998 142
530 111
927 56
331 824
837 35
11 715
622 679
530 859
882 876
778 248
229 845
365 438
372 365
760 441
0 827
8 90
557 263
164 618
570 669
507 584
91 938
348 337
483 998
691 381
489 365
967 205
156 60
224 890
704 910
368 539
210 316
249 123
893 203
818 491
293 829
811 865
662 330
664 199
233 651
20 990
779 650
318 432
725 196
310 12
217 357
920 965
631 743
211 433
22 620
782 160
637 920
795 935
996 236
230 1000
194 403
514 490
606 535
836 159
695 1
387 608
612 1000
475 244
788 502
916 541
686 936
258 309
701 969
716 749
936 130
550 953
354 795
863 724
248 795
390 70
554 158
889 26
76 389
992 632
228 84
591 912
145 179
931 601
949 158
512 134
529 708
855 568
184 338
39 881
38 741
240 513
525 167
837 257
365 114
315 315
495 627
427 950
711 627
729 32
857 683
565 499
172 878
587 454
505 695
139 477
215 484
571 218
429 413
652 894
246 377
24 12
155 438
348 859
478 184
980 396
840 799
361 684
435 443
456 390
979 259
130 142
372 474
25 330
597 691
459 510
475 136
746 735
629 257
286 396
469 651
741 311
1000 975
31 540
338 565
200 866
686 770
873 433
144 380
430 320
906 140
218 779
996 208
239 953
936 898
464 714
816 17
825 657
710 489
859 286
926 5
221 5
90 692
94 554
103 193
959 607
691 339
404 137
750 142
227 816
283 149
190 756
50 47
494 886
269 892
329 44
665 592
57 3
376 211
754 705
48 257
663 522
372 725
412 111
944 979
53 818
70 324
426 368
47 600
193 79
281 536
408 33
