600 1717 600 752 24
13 524
54 568
23 113
280 553
304 373
173 536
407 554
346 574
357 392
44 545
397 582
354 599
204 569
553 561
325 449
385 488
368 562
5 560
6 552
65 104
217 262
173 551
40 387
68 483
75 87
280 456
259 305
332 341
81 398
8 591
73 389
83 416
121 347
425 479
64 408
358 475
120 320
283 301
345 478
176 562
252 487
26 139
332 404
92 185
461 568
100 119
246 465
345 400
310 469
399 533
426 499
330 488
12 406
307 357
112 286
51 595
110 214
53 402
9 563
209 267
239 405
161 520
160 555
187 281
139 272
456 561
112 330
82 398
344 465
374 591
146 209
168 487
289 454
517 572
12 279
125 475
22 153
9 462
11 414
62 314
98 301
424 487
538 557
73 79
100 539
23 527
384 546
35 499
183 375
91 194
431 569
166 515
189 447
354 443
215 224
231 304
74 153
120 450
105 489
378 568
152 291
33 52
389 417
50 352
143 477
164 363
133 352
193 377
243 304
168 370
47 598
4 418
54 259
407 534
355 492
193 573
165 522
162 516
34 501
454 580
26 451
200 420
284 411
261 501
395 397
230 235
494 532
159 449
187 472
135 304
182 216
504 569
344 349
305 401
69 467
336 383
76 154
398 449
10 363
374 582
25 366
11 567
548 591
186 460
15 572
207 415
81 552
201 361
317 354
52 396
256 517
323 528
108 460
33 283
333 432
95 164
234 268
108 522
113 123
115 395
192 248
441 576
74 144
333 336
52 283
32 530
154 184
211 488
39 589
271 441
14 590
103 380
10 300
123 231
275 311
134 493
139 342
158 186
261 348
261 466
248 257
39 238
38 235
259 295
455 571
152 425
83 374
439 460
241 472
256 300
345 579
254 277
196 336
207 507
84 352
229 454
82 422
171 394
355 495
278 359
236 525
448 511
417 453
0 29
23 440
168 246
8 495
9 407
185 563
218 242
105 297
177 374
361 520
55 149
513 580
480 571
147 410
67 488
48 143
58 499
147 409
182 401
429 470
408 426
259 277
59 115
162 513
149 263
76 232
171 526
434 463
231 243
47 109
276 355
229 420
202 388
353 403
296 528
162 229
207 314
265 593
184 455
400 478
278 336
66 493
130 180
154 331
23 463
106 418
111 502
173 587
492 508
5 137
182 325
12 381
270 400
501 509
395 582
473 477
138 413
327 592
39 353
116 598
333 475
112 211
101 256
210 580
304 386
90 383
333 358
168 558
80 497
254 360
124 161
367 529
118 362
293 315
253 388
405 488
230 567
84 479
96 549
386 434
48 586
339 563
273 309
241 281
258 359
371 552
389 522
61 121
90 485
208 328
11 230
188 356
1 550
61 528
185 339
41 77
136 285
348 501
115 218
354 466
137 394
205 418
239 385
111 385
126 505
230 439
190 228
63 186
11 198
107 127
215 500
4 359
20 96
385 405
34 353
494 592
381 406
171 294
279 319
10 545
111 515
26 272
41 299
234 256
104 571
240 266
78 386
144 482
337 392
321 350
104 154
94 103
305 480
155 448
252 457
388 428
495 548
467 520
44 293
214 227
89 314
291 486
444 567
283 316
474 565
57 524
196 359
367 430
475 565
112 256
60 199
214 335
412 504
102 474
2 422
121 323
92 376
27 348
500 534
95 293
317 466
131 231
177 215
96 178
387 594
307 335
97 252
24 236
66 117
453 545
102 365
124 486
106 494
128 507
128 150
268 280
521 537
298 445
89 539
76 537
114 499
376 525
163 528
319 327
252 362
382 512
31 400
48 176
502 525
219 334
37 350
351 403
75 284
102 205
18 96
454 496
75 411
243 248
468 536
300 545
251 512
259 378
257 287
181 486
513 516
209 327
290 593
264 449
344 536
405 444
91 337
306 394
64 498
100 145
159 325
179 516
109 497
1 114
331 345
226 522
318 501
92 157
212 306
14 343
128 575
145 557
134 566
265 592
61 149
293 514
18 503
177 390
396 525
39 47
250 570
25 233
259 401
383 452
493 566
587 590
383 494
152 479
93 552
285 515
230 444
409 531
236 548
277 401
112 377
160 437
53 450
186 530
287 418
74 423
85 530
168 298
189 576
219 394
222 572
535 584
3 498
196 383
307 450
51 405
112 453
186 439
225 588
353 367
110 338
117 493
151 154
91 392
367 393
203 245
393 403
435 558
79 226
172 399
83 584
86 111
338 518
417 573
141 450
251 343
131 327
138 437
33 130
318 509
181 490
253 428
141 369
348 354
85 171
57 283
90 452
264 325
58 233
138 555
410 571
389 540
109 116
183 262
420 496
184 491
159 182
310 350
469 511
336 452
81 174
195 492
133 559
77 299
307 421
486 597
36 347
125 565
32 49
429 558
294 467
223 413
246 487
214 555
281 549
236 355
470 552
94 245
66 288
225 581
363 545
103 544
151 491
44 417
183 373
109 596
140 291
162 451
350 586
228 427
6 82
173 468
551 590
200 512
0 106
36 341
125 225
213 581
461 480
163 201
79 293
96 281
473 585
93 427
349 465
23 324
113 301
188 358
485 532
236 396
312 382
202 238
48 68
203 380
173 590
275 436
70 523
248 426
128 564
216 500
275 382
197 539
35 303
562 584
405 595
347 476
447 576
199 410
194 337
555 566
57 240
310 511
58 114
371 551
12 111
13 98
31 347
384 479
391 556
187 511
129 505
89 594
498 581
352 543
126 130
425 543
180 340
116 379
164 514
523 539
119 178
51 502
172 271
167 225
351 379
85 526
95 363
43 416
192 304
68 176
187 547
129 285
373 386
51 92
86 502
299 469
30 415
314 523
492 495
265 327
62 366
221 510
371 429
309 596
69 486
29 287
319 381
558 574
5 212
67 444
317 557
106 359
60 410
102 432
266 492
141 188
40 354
176 195
43 169
133 486
263 446
281 448
264 480
195 535
216 360
429 574
12 515
47 351
167 498
147 264
49 530
308 423
202 322
355 508
283 419
227 357
246 424
332 563
335 421
74 253
506 558
72 555
202 542
10 234
349 424
546 560
149 163
200 229
77 469
249 593
111 505
132 470
33 505
334 526
476 484
27 353
140 560
27 443
96 503
16 217
108 414
400 446
47 116
416 584
110 134
43 591
379 598
353 501
60 147
104 455
144 458
149 361
17 552
258 432
113 419
102 498
267 519
242 397
69 140
143 187
88 440
510 561
7 91
47 238
255 412
12 313
115 274
171 219
166 267
83 582
15 313
18 539
190 199
230 595
164 456
37 139
457 569
71 111
206 418
259 461
56 234
402 452
113 316
76 521
20 503
289 580
266 508
346 536
41 155
392 510
12 15
60 531
195 584
26 127
3 167
252 349
69 560
186 471
354 387
41 260
176 266
48 483
100 197
22 596
56 256
244 437
212 546
148 216
161 361
250 550
237 544
213 442
246 536
317 599
228 409
229 289
84 543
258 336
242 321
212 560
338 510
217 233
179 513
3 225
314 575
175 201
50 232
174 274
59 274
250 556
2 147
298 558
235 528
103 203
90 450
501 529
201 235
39 269
386 463
336 402
136 267
149 400
71 385
167 474
384 541
425 486
31 65
352 486
214 221
53 141
415 570
142 353
39 481
333 402
267 285
162 289
272 451
88 386
248 375
19 83
66 372
329 390
190 583
150 314
373 375
82 409
132 433
354 594
13 88
156 357
220 462
245 590
19 374
108 540
133 597
7 56
498 588
166 285
69 124
98 324
247 469
53 452
292 417
119 260
59 242
228 433
290 494
233 262
88 122
123 209
205 365
78 539
257 418
458 482
16 233
320 450
259 347
169 374
292 573
270 579
23 123
248 373
559 597
204 577
165 191
150 564
298 370
156 221
224 534
59 380
87 284
29 243
53 188
364 541
248 408
14 578
517 532
85 294
101 330
191 522
68 368
411 533
296 484
232 537
59 103
48 266
36 407
239 502
99 103
127 578
329 582
37 247
240 508
198 573
377 453
59 342
389 573
107 578
164 234
240 524
42 275
154 521
188 244
175 471
274 552
28 530
215 534
0 131
196 278
97 445
342 544
172 533
101 222
337 510
135 463
99 203
35 114
391 423
321 342
123 267
137 294
311 344
29 131
507 564
34 529
165 326
16 70
290 517
263 400
434 440
478 579
324 527
209 231
3 588
13 472
105 189
336 359
61 163
51 157
301 524
127 451
87 454
346 468
112 300
182 480
13 585
179 247
147 531
302 537
125 474
481 542
433 506
143 547
431 457
17 470
205 432
113 324
366 570
199 531
65 568
113 136
362 577
174 395
82 93
534 554
104 184
19 582
124 181
4 432
311 590
159 398
54 378
140 479
62 415
67 567
311 587
509 529
417 545
123 463
479 543
182 305
97 487
399 411
294 520
271 576
148 329
31 121
26 578
158 201
456 514
108 191
412 431
18 178
262 523
568 571
360 554
473 547
72 372
352 425
38 296
193 567
414 460
111 239
13 473
6 81
472 473
110 510
421 450
114 213
429 551
356 402
186 294
222 517
511 586
448 549
121 149
177 216
218 397
307 392
48 477
123 519
296 563
10 164
14 107
235 296
210 454
351 393
15 101
70 314
206 257
432 475
123 135
52 236
288 493
141 335
161 181
410 491
265 319
74 428
86 126
33 136
91 307
104 400
14 251
326 522
55 361
151 184
131 146
479 541
128 202
264 410
393 430
210 299
17 371
372 555
88 503
118 344
45 364
148 390
46 244
22 109
24 220
78 523
9 24
40 100
351 589
50 84
9 404
24 407
69 520
339 376
177 500
210 469
27 142
343 512
145 447
265 381
15 111
581 588
341 404
137 560
306 334
180 396
38 157
484 528
377 417
153 428
219 526
250 366
416 535
308 442
33 340
410 455
180 502
284 454
21 247
21 139
214 357
30 556
77 511
214 307
28 186
93 132
440 527
37 342
52 276
256 459
134 555
490 597
166 279
80 379
64 102
14 436
28 191
86 130
409 422
237 342
383 485
132 427
46 358
156 227
31 149
180 525
284 489
314 564
210 247
305 461
14 311
175 361
30 250
68 562
154 345
29 231
69 291
220 376
222 459
94 203
273 430
459 517
255 431
536 587
399 441
337 561
213 250
170 558
194 234
64 365
81 274
153 322
144 153
44 95
233 375
435 470
185 296
300 453
2 264
16 262
579 597
196 494
41 105
212 334
92 339
238 542
43 492
534 548
49 526
235 595
311 436
223 335
283 508
7 307
107 208
174 329
316 419
23 434
464 552
42 311
91 234
374 390
158 439
104 568
322 428
42 382
146 327
311 312
94 544
400 579
119 145
76 151
198 414
325 480
194 268
375 499
321 368
102 167
472 547
277 295
96 119
201 439
321 397
82 427
142 348
292 377
54 347
254 401
346 551
31 54
83 169
136 419
250 438
166 327
432 565
18 78
82 464
367 403
141 421
220 236
132 506
309 497
47 589
483 586
207 564
268 553
446 597
57 508
242 342
444 595
500 554
335 413
134 518
72 288
94 237
462 563
271 557
270 478
267 327
54 65
244 413
90 120
286 453
438 570
63 108
64 426
154 579
27 39
30 388
71 488
4 258
1 25
35 581
44 363
411 441
132 228
46 437
266 473
252 424
208 251
56 517
17 429
188 402
75 533
1 58
407 548
567 573
89 269
390 582
288 566
56 485
228 583
97 255
138 160
172 466
282 559
202 481
106 592
157 185
444 488
418 432
282 579
172 317
198 540
36 404
0 592
137 171
62 207
25 58
304 463
211 377
446 490
100 599
201 471
93 464
204 252
303 426
153 458
149 161
27 594
80 109
351 353
107 328
243 287
36 554
314 539
194 553
329 398
289 513
290 532
485 494
105 260
250 308
79 315
210 284
188 223
129 515
223 369
8 492
145 297
379 430
148 182
33 419
465 536
9 36
352 559
179 580
73 226
328 451
218 395
200 328
150 575
308 391
497 596
281 503
155 260
38 185
381 593
470 506
388 507
210 489
205 206
223 244
379 393
224 548
98 113
61 323
86 180
424 465
145 538
184 410
357 510
451 516
226 389
110 518
254 554
198 567
255 504
494 593
365 408
25 62
169 416
188 333
87 533
252 431
312 577
26 237
71 101
179 210
492 535
299 489
188 369
30 438
282 537
291 425
247 310
341 476
253 423
44 73
240 585
313 406
243 257
175 186
377 573
30 207
413 555
274 371
59 544
286 300
181 263
324 440
115 174
0 287
136 505
11 460
170 435
360 500
107 251
68 350
1 366
136 519
279 381
129 136
9 220
139 237
261 354
52 340
283 355
238 322
118 312
28 108
13 122
176 584
477 547
190 531
122 503
410 480
148 159
13 241
37 310
332 476
260 448
307 320
18 88
349 362
266 477
366 550
431 504
238 481
40 89
131 592
351 598
237 578
282 597
445 558
8 43
153 482
99 380
348 443
168 574
232 302
80 430
130 340
119 549
404 563
310 586
32 526
16 62
261 318
104 345
211 330
87 496
249 265
193 211
14 245
522 540
7 90
46 188
195 266
423 556
318 466
80 116
162 200
493 518
302 559
142 501
366 415
313 572
22 482
429 435
461 571
42 312
97 298
85 186
2 449
476 528
1 213
71 330
343 382
36 277
260 297
509 533
192 243
257 408
340 396
27 269
269 481
59 218
137 467
443 594
140 152
224 591
45 84
89 387
156 510
524 585
80 273
51 376
248 304
447 557
288 555
388 556
79 326
182 360
16 25
20 281
106 196
159 329
163 235
221 227
335 369
170 429
174 398
337 553
95 514
246 574
77 155
78 183
89 197
415 438
290 572
98 524
36 295
476 563
296 476
258 333
35 64
538 599
203 371
397 562
118 349
64 303
275 343
433 583
456 510
414 540
172 441
213 550
39 351
203 551
16 523
234 300
467 560
122 241
187 448
78 262
35 498
14 94
22 238
97 370
169 591
179 272
272 516
371 380
18 386
364 479
341 347
32 165
66 72
241 503
6 464
420 454
266 585
21 37
172 509
236 495
295 347
479 546
177 591
398 422
145 599
124 520
248 499
189 489
273 497
98 440
505 515
62 70
290 406
147 422
45 479
274 380
63 460
172 318
200 451
279 327
205 408
32 191
269 594
317 538
128 269
339 462
329 395
178 539
202 428
271 447
68 321
250 442
220 525
277 554
53 356
175 294
302 352
138 244
81 82
119 297
193 488
353 529
57 301
311 536
281 472
446 579
101 112
51 525
38 595
35 426
113 519
222 256
143 511
88 434
5 306
83 562
252 255
294 361
183 386
207 388
202 507
282 302
55 201
109 238
5 394
280 561
214 413
110 555
228 531
215 591
226 326
164 280
422 449
290 381
370 487
236 407
51 239
50 302
28 63
40 197
43 535
249 494
149 181
110 221
160 372
202 269
347 528
271 317
521 579
225 474
93 470
44 79
146 231
28 32
432 474
158 471
328 512
37 321
378 461
350 483
409 427
67 193
204 457
276 283
406 572
100 178
312 344
411 489
155 511
105 447
21 272
269 575
11 439
199 491
56 90
260 549
140 546
343 436
411 576
88 98
216 390
562 582
376 462
312 362
22 322
250 391
482 596
249 592
435 506
89 575
15 71
143 586
263 490
206 408
127 328
247 272
12 166
346 429
331 579
56 91
541 546
323 347
338 456
113 283
90 320
253 556
58 375
282 521
55 163
485 517
495 591
73 417
49 85
245 551
40 599
489 576
208 512
236 276
368 397
468 551
94 578
0 418
540 573
41 489
204 362
450 452
65 400
135 231
157 595
486 490
182 254
262 375
101 572
412 204 111 413 180 537 484 120 544 230 5 421 118 550 393 402 156 399 204 455 159 520 335 195 116 266 173 103 60 148 328 413 88 106 182 364 128 307 199 581 333 169 10 236 485 203 89 289 9 93 339 454 379 553 427 460 395 276 548 426 195 94 375 382 88 331 333 305 14 9 527 355 549 38 429 306 22 254 297 19 495 105 525 150 598 508 82 93 141 491 276 529 54 189 391 194 553 416 380 560 298 87 19 208 242 340 184 365 243 178 483 249 293 320 343 40 10 305 576 290 245 395 6 145 453 590 592 40 86 437 572 210 93 443 442 92 377 474 512 53 303 430 467 111 459 139 93 233 26 243 393 148 481 531 36 276 160 398 360 263 578 523 401 12 30 302 274 215 130 137 85 433 92 253 237 293 596 299 112 599 166 165 334 278 265 483 347 506 125 406 131 473 459 396 475 367 373 168 319 344 277 14 465 468 405 85 102 87 67 393 332 104 405 105 553 225 442 0 542 278 145 106 127 51 57 388 489 545 93 559 11 494 155 171 462 73 116 282 380 463 88 71 173 167 195 552 105 172 187 265 99 206 503 523 10 190 126 432 371 567 265 473 431 408 501 220 177 524 520 117 188 542 45 463 365 298 11 567 356 294 399 413 139 202 275 594 114 308 230 211 396 342 7 435 350 594 234 0 510 173 80 271 362 194 500 107 88 133 170 544 130 135 198 488 301 357 174 131 203 445 173 559 336 193 486 35 183 187 80 106 274 452 86 321 88 499 46 476 270 428 301 5 20 489 499 498 334 308 305 83 397 572 191 75 455 47 365 449 426 44 421 562 266 272 262 57 198 223 230 91 341 361 173 472 405 18 405 579 480 3 562 411 153 210 459 72 296 576 566 205 192 16 211 141 556 353 351 410 462 83 135 155 586 448 139 477 296 285 72 460 64 374 83 375 425 26 269 36 207 490 64 201 598 252 385 373 473 374 442 346 492 193 377 318 393 450 503 25 123 126 366 159 79 11 510 96 547 45 392 348 541 470 452 449 530 446 464 144 433 541 434 283 64 442 365 445 400 117 8 287 147 387 306 371 594 148 86 290 431 268 367 54 226 458 173 53 19 382 270 23 206 357 345 448 501 422 506 502 160 287 204 521 118 150 373 19 447 340 39 288 308 244 17 403 250 45 495 515 82 529 531 335 309 523 527 405 238 135 314 87 272 435 53 118 419 375 106 401 533 23 146 272 510 36 75 233 57 280 496 160 18 43 72 154 236 399 294 317 103 339 425 374 364 422 19 46 411 2 88 72 346 137 435 438 225 153 519 322 491 16 466 553 70 441 262 520 42 100 243 452 444 293 302 431 410 335 355 547 384 293
760 398
926 608
133 530
978 475
873 367
181 65
135 652
748 177
421 548
361 432
648 111
413 152
637 340
615 596
274 901
612 315
844 670
96 702
693 657
327 621
628 700
401 825
955 899
660 527
400 431
883 632
338 848
777 907
360 72
742 439
932 726
222 346
342 21
532 438
731 953
912 527
324 431
392 775
375 245
824 886
721 807
564 783
199 965
408 569
580 94
15 94
946 258
863 913
461 705
316 33
13 194
464 315
466 454
862 239
189 377
238 238
713 198
517 562
892 588
288 720
76 507
258 308
879 675
393 91
889 490
176 353
982 18
500 185
407 710
148 146
809 708
544 273
968 56
528 29
946 806
565 935
16 342
518 770
728 656
543 8
914 974
160 674
112 624
377 637
34 159
286 70
515 370
523 933
665 604
766 791
780 240
737 152
415 321
81 649
287 818
596 54
670 718
3 865
600 558
252 756
695 784
617 247
927 463
282 749
120 391
585 820
773 363
319 917
433 86
925 947
867 66
559 348
619 198
588 491
916 588
235 700
897 935
957 1
143 934
673 742
802 205
228 316
643 643
654 483
166 180
990 399
545 391
330 879
880 776
595 406
532 409
732 406
56 660
94 215
880 34
703 485
600 448
208 96
962 157
369 823
145 106
870 199
754 917
500 706
976 828
649 790
706 412
112 497
255 575
221 263
827 759
13 392
87 100
950 864
31 375
546 754
811 80
422 280
340 175
219 591
990 151
188 194
415 959
254 271
648 66
420 17
641 395
975 446
72 827
382 573
48 735
239 69
643 897
184 829
241 635
296 150
451 657
317 571
718 712
441 877
470 387
189 228
229 526
757 628
52 412
397 284
317 106
577 705
925 236
574 842
22 551
390 40
762 520
522 185
730 102
451 620
782 301
736 773
454 148
25 462
377 961
324 219
888 831
203 770
116 990
879 425
858 441
894 723
317 943
670 444
482 864
552 196
155 31
967 607
856 124
337 536
268 553
835 641
269 682
252 23
407 401
837 73
650 252
915 169
375 529
999 448
483 44
839 109
60 589
434 977
417 187
718 448
4 263
858 627
710 129
348 250
432 469
329 814
868 872
482 334
542 590
619 628
310 700
760 493
957 212
250 808
106 861
448 847
795 525
733 328
961 651
285 931
81 915
970 767
265 495
6 899
675 188
781 473
895 347
239 450
596 793
703 890
813 641
182 270
134 503
705 327
488 626
635 440
678 68
820 840
119 318
623 859
377 848
936 997
211 696
226 954
474 492
248 477
829 306
656 372
699 61
606 693
60 294
501 500
528 908
617 412
607 147
771 453
943 57
462 935
712 284
128 136
521 132
599 5
235 136
296 428
362 289
619 795
20 831
517 856
631 144
517 535
27 232
894 514
748 539
193 465
202 34
829 164
999 673
981 979
438 776
205 882
159 963
633 307
818 737
569 1
544 491
690 852
693 920
682 358
775 191
371 738
926 882
270 333
621 540
183 515
456 4
671 417
359 938
251 610
569 223
63 355
343 379
938 318
217 17
868 154
851 301
750 89
804 21
385 335
491 424
304 378
339 735
256 953
174 923
90 357
117 788
279 366
743 885
102 924
423 755
826 931
54 213
759 949
715 853
472 515
889 250
815 125
960 285
814 323
252 531
247 177
119 951
616 87
3 61
896 448
909 643
804 975
363 684
906 198
42 856
177 753
982 103
754 582
354 587
846 590
420 359
537 149
202 399
892 972
196 739
679 333
252 976
780 276
74 47
518 300
710 610
742 822
937 752
497 88
278 594
994 699
807 151
841 971
212 63
262 661
452 433
308 676
159 595
616 923
161 313
217 470
884 278
814 952
344 401
489 292
669 306
377 456
859 468
106 592
104 468
568 903
11 921
903 132
434 137
901 684
404 598
539 85
847 418
563 468
458 1000
849 182
138 563
993 730
113 895
95 139
871 516
64 635
911 815
98 741
845 998
46 967
925 383
11 651
693 570
33 710
236 919
975 189
940 692
364 139
659 569
622 883
992 628
768 878
480 255
6 806
157 285
608 815
557 734
179 563
827 207
380 872
864 263
583 149
490 914
107 429
719 26
72 974
977 864
667 216
399 124
213 429
396 373
705 524
108 654
136 886
682 880
208 134
161 828
504 817
66 681
309 170
590 669
529 637
989 422
968 320
315 352
504 670
110 339
57 68
161 467
826 862
994 878
438 721
324 315
734 235
139 193
81 862
517 272
549 872
155 233
17 436
472 594
922 29
742 282
431 526
499 994
948 963
935 487
876 564
310 531
716 933
475 363
643 676
15 952
563 407
6 708
900 765
504 587
668 930
807 56
506 739
337 980
425 917
633 32
599 380
417 888
691 214
859 24
607 474
185 156
33 306
462 31
778 710
564 574
447 388
298 3
647 545
295 321
738 989
322 61
70 529
737 260
608 951
352 496
426 606
181 854
24 276
667 823
737 699
458 106
19 21
869 847
64 158
307 788
623 119
108 31
537 668
391 497
603 748
962 629
178 790
117 681
720 79
291 488
932 86
956 732
634 824
21 746
89 254
158 54
733 47
387 670
366 359
857 750
969 378
915 59
479 160
170 418
22 986
934 669
144 447
672 270
496 126
55 786
800 772
592 872
138 990
301 899
85 321
452 898
1000 526
302 651
37 588
419 640
573 603
476 731
213 844
976 501
828 908
227 818
361 565
740 376
718 308
771 837
430 226
965 935
110 231
874 934
680 802
