600 897 600 776 24
242 505
209 410
114 433
231 591
100 553
85 492
323 435
11 355
180 236
21 539
229 540
250 351
43 194
30 147
199 586
53 345
454 596
290 310
63 525
229 243
221 330
194 422
523 599
73 75
78 567
299 511
8 383
93 171
13 327
129 485
448 468
64 513
33 215
114 532
137 528
329 591
142 523
330 393
338 441
243 298
122 240
16 588
137 197
285 320
330 470
59 247
316 553
70 430
149 223
212 413
461 581
31 515
255 369
151 294
108 213
111 187
271 455
139 343
303 320
99 224
213 535
341 567
21 191
62 463
363 390
239 248
69 207
10 505
67 484
469 499
87 267
398 482
101 498
172 510
12 496
185 582
83 447
71 338
121 472
68 298
76 554
124 196
205 459
214 259
264 386
37 287
125 151
134 214
57 509
233 278
589 599
270 302
170 458
150 166
493 497
355 529
374 574
568 596
161 315
27 63
100 277
389 552
34 206
286 326
25 564
67 268
280 592
149 424
135 389
59 495
248 284
0 365
387 426
141 475
38 325
232 478
68 572
237 356
59 508
72 275
482 510
94 353
222 354
270 325
223 505
48 516
276 455
286 564
429 599
203 572
222 548
158 318
14 15
205 595
201 541
340 560
127 293
75 478
94 441
77 102
497 591
273 388
137 158
227 381
285 331
161 300
139 561
314 477
457 553
38 86
90 427
77 369
45 117
299 423
520 576
240 502
88 554
530 574
160 503
35 241
54 462
94 546
525 551
51 502
159 439
85 134
406 449
79 344
293 506
341 582
215 435
348 594
62 332
39 488
52 331
131 281
402 438
115 490
177 580
91 344
75 222
275 501
341 408
136 519
36 410
134 212
99 342
125 312
178 529
162 201
205 514
63 328
79 374
231 493
89 234
48 327
233 390
107 484
61 588
55 105
33 435
391 578
462 543
222 598
91 464
295 400
254 334
234 248
245 467
262 529
69 543
378 598
162 560
189 219
228 285
194 437
150 366
180 184
119 306
25 404
116 565
34 421
142 522
187 463
532 584
158 528
170 507
189 564
115 359
126 369
172 544
129 500
248 272
89 330
103 431
80 387
420 506
316 348
157 184
0 585
15 271
40 317
199 404
50 224
54 374
560 577
374 543
50 513
141 251
149 236
265 435
17 314
275 423
81 313
39 41
362 408
453 521
467 487
340 427
166 422
485 500
45 299
38 473
155 291
3 585
244 432
247 508
157 471
127 247
41 153
74 150
211 253
227 481
2 554
102 593
243 388
42 427
107 283
273 572
515 553
12 160
47 162
136 419
476 549
331 509
145 402
108 279
76 389
94 338
67 283
296 403
22 235
399 569
230 536
455 504
274 460
105 530
321 549
68 104
190 433
10 206
266 500
106 177
52 542
13 88
386 399
300 397
364 404
99 566
89 284
69 511
423 511
285 512
383 518
380 547
42 107
51 380
214 220
229 526
42 340
260 469
310 505
541 589
273 298
127 381
161 397
38 323
166 446
40 450
44 580
156 209
257 402
48 587
115 147
95 133
294 298
196 390
102 237
135 322
402 430
383 585
320 417
257 438
203 538
142 599
66 202
204 489
244 255
50 561
24 568
518 571
168 264
359 490
111 463
403 527
414 420
338 401
3 346
53 89
438 570
18 85
57 360
227 508
206 311
237 468
81 409
84 108
153 458
163 413
224 342
218 473
52 257
193 542
165 357
542 592
457 557
165 395
134 163
130 537
42 577
78 128
18 492
425 525
41 345
21 58
38 261
72 394
445 559
66 211
108 168
217 347
207 511
10 421
475 536
407 578
141 461
115 159
2 16
59 461
119 168
215 473
240 251
308 397
179 338
280 371
148 484
108 491
35 156
269 549
215 218
294 580
86 323
266 598
230 384
240 384
282 409
397 405
41 458
6 262
320 426
10 18
61 112
140 425
83 217
87 115
185 341
256 326
180 214
385 442
248 539
124 419
235 339
321 445
336 541
83 411
57 331
208 585
200 597
21 281
301 488
22 421
339 428
276 329
250 481
7 265
106 132
171 397
47 451
449 550
20 135
100 457
73 354
59 524
16 302
56 477
174 304
8 585
209 412
51 504
15 534
14 534
579 593
160 220
373 530
38 568
264 306
416 559
49 235
99 531
135 436
110 161
441 546
187 312
192 372
192 401
104 580
393 520
137 318
279 535
225 458
11 375
139 344
315 479
50 531
234 272
311 492
396 535
81 518
13 558
368 546
382 440
352 472
92 594
138 576
481 524
60 470
307 375
280 573
295 556
349 404
395 592
122 502
195 474
155 348
407 434
172 398
249 580
130 557
516 587
422 446
255 280
184 220
66 562
157 424
156 241
245 445
62 182
363 502
254 585
372 441
87 416
253 309
151 540
395 539
262 423
43 200
26 569
167 482
36 546
401 494
155 413
0 346
78 405
11 178
279 391
312 500
5 393
136 226
154 307
128 509
253 369
117 394
299 354
143 565
140 525
108 531
457 515
0 555
108 119
382 454
52 193
160 496
237 593
152 226
256 367
33 323
504 591
198 440
41 252
177 480
165 272
2 436
25 452
207 423
112 537
250 448
138 292
241 410
11 501
68 273
118 138
23 324
450 499
390 481
226 268
112 588
1 289
26 370
355 479
314 525
282 324
160 385
462 513
2 88
286 439
1 420
252 556
126 521
65 145
349 559
415 578
477 572
67 584
305 316
498 500
92 361
176 415
123 389
9 64
29 291
180 259
496 503
47 583
96 472
44 125
126 221
51 271
312 332
93 307
63 425
226 532
128 228
208 417
348 415
46 168
454 522
6 479
61 325
228 567
128 545
239 284
296 535
331 512
45 598
379 464
31 553
23 483
333 418
352 444
77 184
60 488
153 252
65 257
58 208
51 563
21 131
254 313
199 367
111 229
21 239
97 241
302 366
159 256
120 156
168 491
405 431
549 559
169 359
117 423
365 555
26 176
235 533
13 258
27 425
393 576
41 225
9 116
125 187
216 442
290 517
223 290
182 463
181 349
336 522
372 401
132 321
126 371
237 351
19 48
355 375
293 414
6 355
68 98
391 415
312 498
485 498
181 404
325 435
402 570
84 531
67 107
261 568
193 257
364 412
380 563
134 311
315 373
42 318
77 157
9 565
219 594
21 248
326 586
165 539
3 556
15 51
146 558
265 466
45 222
87 467
71 353
452 564
215 466
300 315
211 496
304 355
208 507
125 580
373 464
81 195
16 366
49 451
308 431
467 550
263 520
276 465
106 249
314 551
54 513
433 465
336 428
208 281
119 264
67 152
138 595
443 587
25 586
197 318
445 467
195 319
162 583
30 213
33 473
406 566
144 427
25 36
229 298
257 287
407 527
228 320
169 439
428 522
464 530
231 544
183 264
80 539
82 489
428 454
35 173
326 367
146 489
31 288
113 132
57 70
547 591
296 359
263 576
288 413
369 579
318 584
150 587
573 592
84 213
255 562
120 209
447 532
532 534
179 192
112 440
260 556
180 424
150 270
100 552
44 266
291 413
276 504
37 343
124 502
238 469
347 465
109 312
397 545
277 557
502 563
367 416
124 575
279 396
222 266
90 137
28 563
225 345
69 462
1 263
201 339
41 469
230 297
38 486
32 557
125 294
121 352
321 550
176 456
205 453
92 348
152 196
37 65
245 321
235 376
82 546
43 597
523 589
277 552
184 590
344 561
168 343
403 407
93 460
335 567
19 327
510 544
75 565
218 392
83 433
27 120
90 144
130 322
219 258
42 283
144 162
149 418
175 525
115 467
98 104
181 476
260 295
180 471
27 412
408 567
298 526
24 38
170 337
538 551
141 495
6 105
326 564
309 442
453 579
52 438
155 456
424 448
271 276
58 320
396 578
181 358
164 455
117 275
328 525
37 168
36 97
44 249
148 418
131 458
210 564
24 440
399 503
240 563
22 130
101 394
261 350
96 466
190 532
293 595
82 94
377 418
133 202
230 475
39 238
33 86
90 197
303 426
62 187
181 364
93 174
64 224
348 456
1 40
37 133
353 516
39 60
113 478
186 206
381 508
4 171
188 254
246 517
6 373
41 238
147 532 508 77 196 463 560 452 501 172 136 88 171 581 188 591 476 318 521 71 477 156 250 115 393 375 476 224 91 393 575 485 167 408 116 226 284 549 546 418 128 507 278 168 547 568 23 380 576 138 233 592 219 190 592 552 482 533 56 240 59 54 205 333 402 485 482 20 343 105 114 588 91 23 218 352 12 119 44 520 80 72 331 88 376 62 243 157 470 237 559 441 40 106 374 106 211 86 260 239 464 564 421 330 176 480 592 397 339 543 253 480 20 269 347 560 232 352 123 505 363 454 136 386 193 61 146 558 570 261 177 488 452 282 47 294 535 158 61 171 546 404 510 376 150 44 139 567 2 413 506 167 290 59 178 190 77 560 575 126 245 406 553 116 346 451 228 199 510 120 553 423 356 327 559 6 318 149 424 264 589 35 63 577 102 256 485 330 54 448 155 306 210 554 469 65 200 550 154 190 7 311 537 455 420 538 333 37 551 567 538 367 276 11 426 489 569 411 85 497 46 31 550 580 244 460 225 441 486 391 430 206 48 459 526 333 241 282 93 475 306 265 272 38 134 418 546 360 162 190 372 315 497 315 152 527 451 490 464 77 426 264 346 539 84 591 226 193 173 364 395 298 449 176 97 255 5 406 111 238 427 299 219 178 106 548 498 156 110 235 483 101 371 512 396 588 231 353 229 118 219 25 24 589 379 57 196 258 430 503 404 16 591 120 499 507 216 269 565 437 500 104 15 10 153 176 570 315 105 30 498 115 581 529 190 521 281 444 10 481 361 310 407 451 437 484 189 337 127 576 586 501 217 144 170 93 188 3 98 290 514 508 73 327 406 169 45 322 239 55 339 441 168 591 335 288 480 20 45 304 328 14 288 522 284 157 555 0 365 232 577 435 196 153 72 368 378 101 297 54 394 503 29 147 175 303 244 3 17 56 415 142 219 108 153 444 60 175 142 177 229 145 568 456 266 238 269 536 359 442 317 465 502 166 561 479 430 262 225 23 234 505 380 66 297 210 389 522 569 94 351 200 565 386 218 207 541 268 88 250 464 337 201 380 392 326 236 448 18 423 216 246 446 571 402 396 384 557 312 293 464 88 453 493 218 131 434 186 363 75 374 330 144 299 161 91 229 251 116 360 163 568 275 109 268 577 462 142 329 168 229 369 23 563 116 147 513 250 92 357 35 547 194 371 322 38 129 450 547 287 314 251 101 343 64 163 219 588 454 136 44 354 513 408 504 562 55 67 490 569 440 258 80 423 232 539 10 548 598 26 224 228 579 65 53 310 125 377 286 442 425 255 286 575 571 0 212 95 66 92 232 445 205 576 80 324 308 427 62 272 233 236 352 370 321 405 103 259 534 415
876 954
512 967
251 274
823 973
961 646
501 820
897 452
109 95
915 894
757 322
243 512
981 449
482 639
354 242
155 772
151 801
257 216
708 56
276 574
290 180
223 326
716 816
206 410
987 941
90 311
482 130
455 482
569 46
220 965
434 549
593 315
370 452
256 417
33 206
287 440
477 18
405 73
636 536
45 265
629 923
512 997
670 938
102 608
180 32
903 186
916 282
616 491
98 447
323 164
175 474
729 404
172 845
700 652
628 875
812 406
872 418
738 155
771 564
761 804
340 896
602 908
127 300
962 71
602 28
773 366
679 554
575 620
107 683
794 70
861 355
746 576
293 115
988 347
822 301
157 135
836 248
339 272
386 708
851 659
804 442
708 757
950 842
376 104
36 801
645 373
319 563
55 222
605 256
290 214
607 852
66 550
798 483
403 361
935 582
343 86
559 573
42 71
399 28
778 98
662 334
349 384
997 263
350 723
925 685
806 103
881 484
772 183
134 632
622 396
931 168
852 590
933 13
174 318
751 215
100 812
555 271
740 298
967 313
455 913
576 427
501 32
49 18
256 881
331 325
231 811
884 115
546 785
406 898
833 639
963 216
228 392
726 883
718 175
603 592
347 542
218 295
177 792
33 589
466 886
710 452
658 64
334 945
5 435
809 333
105 550
742 514
369 176
640 294
165 683
244 629
201 169
855 78
189 723
709 938
993 588
412 422
456 63
309 684
3 653
504 269
474 602
889 609
77 502
368 495
133 882
662 781
157 107
118 988
650 472
501 309
769 930
945 621
48 983
534 5
952 541
662 116
505 457
816 170
955 393
286 29
322 630
558 92
961 28
599 518
369 646
921 806
260 476
938 84
821 808
427 263
47 744
705 853
274 4
635 650
136 60
996 834
247 752
71 589
153 381
553 166
222 23
67 464
627 610
746 28
405 163
455 845
299 470
885 374
794 840
486 71
482 156
513 653
394 546
617 352
355 585
68 169
420 681
55 849
14 147
426 297
386 598
546 823
890 268
245 543
739 372
695 889
145 740
368 820
801 666
872 4
262 990
35 960
748 263
245 714
614 822
144 437
266 614
368 750
635 960
668 860
272 916
443 40
192 519
819 8
568 674
644 219
193 638
376 890
663 812
838 184
311 773
296 927
699 967
502 678
897 857
499 709
529 238
668 623
401 256
330 594
731 988
12 303
925 393
555 904
553 491
110 124
920 215
572 245
114 727
667 144
155 213
133 842
622 782
773 54
993 703
986 382
104 869
301 370
254 679
586 402
563 735
768 863
971 913
78 650
643 835
790 704
485 245
636 576
383 414
561 970
216 578
431 467
526 932
416 927
852 107
758 994
567 334
208 990
819 59
910 319
917 620
593 959
213 237
737 766
984 529
362 357
508 493
973 566
952 702
448 714
173 600
319 514
973 152
941 872
711 103
905 585
376 388
451 994
60 623
960 767
779 754
667 191
277 360
86 233
966 981
118 219
498 200
349 206
644 4
67 901
580 850
754 663
994 91
215 696
863 813
885 723
42 451
780 887
301 62
112 421
136 561
852 775
722 327
675 506
762 497
657 910
848 994
77 877
439 383
561 124
7 358
371 779
90 8
327 127
846 288
955 503
412 763
639 740
601 126
560 307
810 584
388 311
938 736
265 830
510 89
897 982
208 204
539 198
365 9
473 750
461 516
577 794
311 7
888 545
830 425
1000 508
198 449
173 656
966 260
816 557
146 940
412 855
101 362
868 916
278 954
405 648
516 535
707 714
782 13
293 325
274 791
532 426
15 97
513 847
995 315
674 734
541 384
933 657
94 963
480 552
786 994
246 0
718 540
526 351
515 115
893 669
706 263
497 368
904 752
993 868
447 88
28 876
542 61
408 501
404 951
500 431
581 196
827 747
219 645
195 829
425 974
213 489
178 82
933 361
303 657
610 68
756 741
96 581
54 417
4 549
754 543
903 702
593 662
73 807
471 366
113 175
288 294
110 47
709 622
457 261
118 391
345 55
450 658
238 128
115 0
604 175
199 102
32 701
299 747
722 228
542 994
123 459
442 203
477 782
66 379
153 863
454 435
319 422
730 913
480 862
991 642
376 961
801 377
944 52
857 548
81 834
68 95
634 263
335 763
648 997
588 884
346 659
21 21
5 212
986 751
304 977
609 99
744 106
791 237
927 520
803 144
313 813
163 985
995 966
137 663
986 236
65 297
665 282
604 935
411 126
529 296
656 423
295 534
6 933
236 57
302 884
500 619
41 909
997 176
594 987
982 198
990 415
219 859
503 566
140 911
218 549
496 921
811 916
358 858
775 623
71 998
879 325
732 706
769 402
425 825
350 472
264 113
215 615
938 909
204 797
556 877
519 790
18 383
23 474
328 859
660 37
843 24
494 338
4 583
932 426
854 493
678 394
80 717
174 401
119 786
560 362
338 999
204 380
713 20
700 793
883 57
52 486
658 688
847 379
10 968
855 623
372 51
104 939
813 223
625 146
682 249
681 10
326 353
353 427
290 262
917 947
794 954
273 387
392 206
588 154
133 532
751 440
531 675
214 930
468 202
795 285
695 305
852 695
43 330
489 513
721 591
926 975
757 77
607 734
823 464
217 758
526 876
165 538
482 392
447 804
864 156
352 975
931 774
120 492
36 648
842 915
509 149
226 177
186 283
20 514
428 605
56 938
598 696
399 735
460 312
436 892
40 356
195 61
939 243
1 493
