600 1522 600 816 21
108 180
315 371
133 308
303 369
398 424
150 193
343 554
30 396
161 573
233 241
141 209
163 579
549 577
9 420
147 155
154 496
481 535
42 491
23 404
297 307
171 264
256 340
28 217
513 597
308 488
328 331
36 436
81 287
413 599
432 523
105 235
433 558
396 421
8 565
63 324
7 332
107 149
10 355
479 568
340 484
191 510
170 254
574 585
41 536
222 469
20 200
197 541
198 312
311 366
60 483
113 454
458 529
200 360
426 545
114 163
254 565
81 272
206 459
167 470
187 202
24 54
104 301
189 405
22 332
103 123
319 330
171 564
446 548
45 273
546 599
323 532
149 483
125 358
392 450
5 544
161 188
67 393
25 398
209 380
77 304
560 588
519 595
174 472
440 496
35 67
301 400
304 374
1 159
299 400
31 251
35 102
525 568
177 391
82 471
76 311
23 267
141 260
216 266
80 380
138 379
152 535
389 480
110 348
284 465
105 394
99 564
216 233
61 187
192 426
161 164
305 395
319 547
88 247
150 261
313 594
237 408
250 396
162 363
464 474
364 562
173 180
247 592
143 473
99 264
37 259
183 255
147 373
164 325
44 530
14 594
62 101
118 558
72 88
86 531
316 442
232 497
388 546
64 459
464 471
183 196
0 23
123 435
101 252
38 500
363 370
148 510
80 209
142 453
14 132
52 296
170 248
399 438
86 326
233 428
126 575
101 429
145 598
281 529
177 311
341 461
347 437
99 527
482 522
305 401
391 487
183 460
320 369
125 425
200 578
426 503
243 249
499 554
81 484
101 295
133 488
168 397
68 122
360 432
237 442
27 518
461 521
319 563
253 375
358 426
303 477
11 16
53 445
106 150
213 437
138 207
102 230
207 423
143 439
119 407
465 479
168 279
431 555
45 547
45 47
576 598
199 539
250 469
229 405
199 455
106 193
47 129
231 489
94 585
128 518
192 372
163 440
273 500
172 341
205 331
195 485
407 444
272 494
169 240
10 514
314 495
288 402
66 178
160 374
29 543
128 233
49 157
42 297
128 545
215 307
83 491
183 277
155 185
69 113
369 550
88 592
437 439
339 558
561 583
138 419
119 176
102 267
159 425
8 162
37 282
3 472
333 428
300 476
43 504
474 589
507 563
186 437
175 354
52 244
135 361
403 581
483 593
331 440
36 47
443 529
203 326
161 215
361 476
77 406
132 594
68 470
434 471
440 486
33 227
319 451
424 542
540 557
78 290
434 465
226 323
119 379
33 393
302 335
236 284
203 571
219 499
14 312
451 469
4 7
110 369
63 362
265 420
4 41
111 483
368 548
240 343
220 519
211 533
142 253
304 406
135 188
100 114
356 456
471 591
110 303
243 265
156 329
146 274
522 597
84 540
325 412
94 574
452 570
70 383
55 361
166 575
424 466
148 200
385 543
220 250
236 542
284 434
146 440
530 566
434 474
130 521
389 575
297 398
147 410
26 288
412 554
43 564
28 444
467 538
46 565
405 559
180 396
335 397
142 375
131 586
343 412
122 187
59 262
233 278
260 298
7 22
29 522
90 448
148 211
133 327
381 407
208 553
128 503
228 459
116 514
117 246
28 204
197 512
94 133
379 419
381 448
66 126
234 324
236 589
332 437
26 453
488 592
292 420
369 477
399 529
15 416
284 542
299 577
5 184
112 175
126 210
111 599
80 261
431 580
492 592
181 234
195 316
20 148
115 126
450 480
44 245
344 463
231 261
124 197
245 352
170 565
135 520
83 117
552 560
55 135
155 509
92 117
451 472
140 223
413 559
294 296
268 362
225 512
338 473
18 158
284 424
251 305
171 183
138 538
87 454
56 105
469 519
5 357
221 344
383 517
113 511
505 595
553 567
416 532
196 446
310 566
288 338
64 466
431 571
242 530
2 304
355 515
100 112
205 557
154 440
166 318
166 285
276 359
304 359
85 204
535 576
8 478
212 431
232 552
114 486
136 313
240 266
22 347
65 433
187 305
366 376
351 484
58 208
149 544
174 257
402 508
29 597
67 230
164 588
292 435
97 548
338 590
344 592
71 170
322 548
162 262
138 423
249 367
356 449
141 298
173 396
327 488
223 231
34 494
256 272
116 188
198 526
154 556
377 569
123 249
226 269
39 268
270 597
434 591
270 506
45 500
300 587
125 570
323 539
224 401
463 526
539 551
115 410
151 278
108 176
328 440
214 415
99 275
127 420
388 391
100 205
38 337
1 88
42 534
229 388
283 410
244 387
169 266
336 414
39 502
235 577
131 225
2 374
303 427
288 453
115 575
308 492
66 115
255 264
290 582
296 382
51 181
26 122
129 330
223 293
54 130
198 585
380 399
16 89
464 568
590 596
260 582
506 597
111 546
154 377
46 84
339 581
32 229
438 443
231 279
318 467
2 276
394 577
317 501
44 242
55 300
332 347
471 479
403 558
9 451
1 143
353 528
14 198
107 184
3 158
5 178
507 581
273 581
283 285
38 227
412 560
39 93
241 428
139 444
267 320
394 400
112 114
95 461
266 411
430 568
163 486
522 555
169 269
46 540
219 554
233 545
258 449
398 466
122 305
65 558
201 365
64 228
144 579
220 583
153 214
110 427
15 364
151 372
66 107
221 429
152 289
30 180
63 73
563 581
375 380
74 376
365 448
4 536
13 441
61 418
147 385
381 447
445 481
435 451
37 584
266 554
364 539
406 464
278 428
485 529
220 469
308 456
384 457
145 293
314 577
425 592
200 432
3 435
172 378
84 274
36 330
73 557
155 357
473 508
233 499
300 361
245 351
311 568
260 316
305 523
157 466
275 504
207 419
71 73
263 416
59 363
309 313
12 272
86 555
116 161
19 308
34 286
41 457
326 379
407 447
539 562
281 432
186 473
38 348
257 417
371 393
28 243
75 312
56 301
425 570
4 131
333 418
97 533
408 595
264 527
89 502
169 343
213 356
195 442
249 292
230 267
342 518
350 428
117 306
193 397
185 373
524 589
255 527
164 552
50 510
310 530
206 515
276 525
401 523
359 406
112 441
18 417
433 595
224 443
92 246
14 585
107 178
222 519
150 168
27 416
51 324
206 355
535 558
237 368
224 438
96 354
91 557
536 556
192 358
147 185
215 351
85 103
24 87
23 280
501 576
13 489
430 464
93 502
491 534
20 578
111 134
189 376
404 477
95 341
287 484
233 498
265 292
250 420
123 292
6 527
179 284
342 416
58 89
36 345
151 473
65 349
156 430
105 400
435 472
378 454
25 161
278 545
172 461
500 581
5 462
414 419
89 93
145 317
384 536
30 420
176 379
228 466
95 378
205 440
271 379
400 429
325 560
149 184
62 313
60 559
114 579
257 330
308 574
22 335
239 286
309 495
513 522
15 199
25 215
237 505
293 553
19 113
76 568
151 426
455 577
22 41
29 513
488 492
38 427
193 302
327 344
169 218
121 123
441 489
340 351
191 196
162 370
179 465
299 452
427 500
208 567
112 579
383 560
19 69
272 287
10 218
0 382
490 532
282 504
145 223
116 135
246 311
515 516
45 427
531 597
203 555
201 448
79 395
256 287
154 569
352 491
12 578
29 285
221 252
187 395
144 441
242 468
111 413
23 550
497 560
364 416
362 567
225 541
158 174
60 149
74 149
207 381
41 335
11 371
69 415
12 98
299 409
87 378
439 473
56 528
336 447
235 314
205 486
61 350
519 561
103 204
164 484
8 234
514 520
55 587
74 544
31 34
173 326
86 482
334 388
295 353
236 524
5 107
118 582
140 441
82 479
165 412
70 79
227 348
145 261
186 338
109 271
39 362
325 587
18 257
238 298
246 306
1 137
296 502
144 536
119 265
231 441
213 332
270 385
318 450
212 379
556 569
81 232
480 575
266 498
220 396
306 530
451 507
21 280
116 466
1 151
206 516
222 581
140 567
165 560
429 570
75 252
152 315
172 454
90 365
87 541
403 535
161 325
285 385
221 572
359 430
159 592
21 52
523 578
408 561
27 342
186 439
139 265
460 564
128 475
60 74
51 59
498 554
396 506
87 95
265 367
121 158
336 379
399 485
125 263
104 353
377 541
274 521
165 554
46 274
75 346
337 445
4 586
379 571
420 469
166 537
33 53
64 194
74 246
50 578
50 98
34 272
313 495
358 425
411 490
205 354
270 373
483 559
246 584
193 380
232 272
26 187
484 552
42 424
69 511
35 230
350 402
118 290
8 262
91 205
196 277
27 490
204 217
204 444
133 574
293 598
241 333
21 387
87 377
401 432
449 512
322 506
272 497
124 454
289 315
316 485
209 238
123 217
226 516
16 296
38 581
73 362
459 514
421 583
49 160
547 581
166 392
239 251
373 385
201 407
179 479
194 206
62 528
361 520
251 286
331 540
501 598
79 418
93 268
33 445
494 523
48 260
119 444
122 470
115 178
78 349
199 452
270 446
56 235
146 328
218 520
321 467
27 532
221 526
422 425
39 244
399 458
576 582
359 464
16 294
199 364
336 407
55 573
122 401
225 536
270 322
241 418
166 450
268 567
319 472
503 518
42 179
45 436
339 403
208 293
288 350
76 92
104 295
216 475
75 132
125 518
428 508
241 499
77 474
220 561
142 590
349 442
244 390
17 319
322 446
59 244
166 283
235 528
109 467
279 457
120 452
504 564
213 492
48 501
271 431
51 244
535 581
348 369
10 520
97 148
47 477
199 299
214 585
86 597
42 284
207 414
171 460
561 595
33 337
57 507
14 291
318 321
142 596
32 366
548 583
217 243
109 431
151 508
186 302
98 99
6 50
487 525
307 534
58 268
144 384
92 568
385 410
261 279
78 558
109 321
48 209
376 559
556 579
70 517
438 470
195 360
160 542
58 93
124 456
68 453
209 298
59 370
374 589
34 497
208 289
506 531
201 381
12 523
137 437
108 265
75 526
299 455
441 579
537 580
162 181
212 271
63 244
83 530
155 178
206 323
31 523
61 333
165 219
495 528
19 574
501 582
292 451
272 275
48 582
117 530
19 214
50 527
239 383
84 146
225 586
165 517
237 548
294 382
396 583
271 538
62 136
425 572
55 325
543 597
117 479
129 257
327 592
44 352
88 137
186 590
317 598
221 422
12 494
126 389
476 520
47 330
183 509
219 241
82 465
227 337
10 206
124 449
71 540
70 241
159 358
251 395
536 569
442 505
522 537
53 315
276 329
471 568
373 446
284 524
223 261
399 443
310 491
174 330
8 40
280 404
314 528
506 548
357 509
310 352
48 80
269 532
102 382
292 367
497 552
59 387
286 383
422 429
11 208
194 459
127 451
151 192
24 130
134 389
88 213
234 248
338 402
411 532
24 95
31 494
6 99
193 335
551 562
125 503
394 549
289 576
12 50
99 171
38 535
10 269
177 334
58 567
70 418
281 360
414 447
269 355
59 181
248 324
170 540
101 346
75 221
44 340
116 520
67 371
101 136
84 331
333 350
290 349
124 512
215 245
148 191
487 568
57 451
237 595
315 393
401 470
120 429
384 489
97 191
193 253
196 510
167 375
108 119
184 544
221 425
116 398
41 279
22 302
552 588
0 21
386 444
159 372
404 550
190 579
376 405
83 179
405 546
9 292
420 451
53 152
218 269
120 400
72 213
193 596
440 521
235 549
53 393
457 536
344 526
498 499
350 508
375 399
149 593
269 411
23 102
46 170
182 527
446 509
474 524
204 417
77 589
449 586
300 343
536 579
107 593
312 526
80 150
239 395
331 557
67 227
182 510
25 116
52 390
263 452
158 435
318 580
244 362
302 596
433 505
301 353
116 459
343 587
267 550
79 239
230 369
92 311
189 229
142 288
181 324
30 250
141 316
124 356
91 362
230 348
146 521
73 91
279 384
69 214
243 367
167 399
253 596
329 568
286 560
462 564
256 275
189 366
61 202
399 470
72 592
287 340
152 576
360 442
173 531
213 258
159 247
160 466
177 487
141 380
90 201
469 507
26 202
74 584
128 426
158 257
94 327
413 546
260 493
98 272
252 346
65 505
32 388
412 587
112 190
185 509
113 308
198 463
358 503
123 158
141 485
75 136
108 326
126 593
318 537
339 433
368 408
128 490
386 407
242 584
174 319
72 492
1 439
31 305
140 231
62 295
71 248
217 249
156 276
86 522
150 380
4 258
512 586
13 144
47 345
327 463
323 516
0 280
67 348
70 219
169 411
475 490
270 543
316 349
380 485
325 573
117 179
54 521
212 571
413 483
37 242
226 515
185 446
57 563
289 293
289 598
115 155
97 237
258 332
4 22
166 410
134 210
21 296
405 413
44 351
181 363
336 419
436 547
392 480
79 187
0 296
207 448
203 431
224 470
29 385
65 78
227 393
86 173
248 254
547 563
134 546
279 489
224 432
416 551
141 238
39 296
179 491
37 43
256 282
177 366
218 343
299 394
213 456
460 509
243 444
188 573
125 452
71 557
24 496
419 423
242 282
468 530
42 398
87 124
44 310
266 475
1 473
94 198
70 239
175 362
106 397
55 188
24 377
259 544
462 544
114 190
186 347
88 159
115 166
38 110
48 317
80 317
316 493
140 553
36 45
21 244
132 136
88 437
121 435
96 175
101 104
138 271
85 417
35 371
125 342
163 556
148 533
49 466
60 376
108 420
225 569
389 450
206 514
230 320
283 385
173 506
215 484
156 359
126 134
323 551
442 533
130 461
482 597
137 439
18 85
171 255
160 589
180 420
61 288
124 308
132 313
244 324
402 473
66 593
271 467
222 595
4 449
16 35
53 535
101 301
131 536
210 483
25 307
112 140
17 36
259 462
40 262
178 357
281 485
37 544
218 300
496 521
291 585
128 216
368 561
434 464
154 163
211 442
234 478
5 564
240 554
399 489 457 372 373 280 365 148 511 297 176 163 581 429 511 30 82 71 511 408 82 99 390 593 36 328 277 395 2 542 358 404 101 11 263 406 85 596 0 94 28 47 112 221 578 24 158 106 116 587 54 502 434 576 471 56 185 189 569 176 359 239 466 313 205 324 146 416 245 346 529 255 270 151 7 389 23 264 108 552 422 466 408 312 510 174 584 457 183 31 128 15 588 574 241 572 155 0 283 355 53 29 83 140 396 438 526 136 423 436 272 358 492 310 129 170 234 256 65 187 447 5 147 98 15 223 250 99 242 89 104 191 104 288 247 15 254 529 34 387 414 339 66 106 32 409 402 238 117 522 334 61 503 434 436 102 568 232 407 461 169 82 362 291 13 477 561 25 363 432 255 509 358 540 17 552 60 276 169 370 524 21 70 548 599 41 421 344 391 50 128 547 527 105 69 178 229 351 366 594 47 534 71 65 148 386 4 161 123 42 86 534 488 143 126 282 343 571 62 266 143 511 289 163 576 550 334 443 419 341 68 127 357 66 172 75 509 435 226 186 84 219 371 84 283 122 554 181 547 239 242 264 524 141 404 86 184 573 563 403 248 165 545 576 359 346 586 273 537 578 468 565 589 445 539 142 582 228 191 581 571 51 549 356 301 253 71 164 384 577 350 571 427 41 463 412 571 474 337 388 11 235 301 545 136 590 347 168 252 416 476 109 490 165 116 358 510 584 520 507 528 85 156 581 280 375 248 379 50 434 180 528 308 183 282 103 124 205 82 207 258 353 41 66 534 190 594 441 21 403 502 572 381 510 449 264 582 530 273 564 141 414 423 372 536 172 452 247 551 484 168 416 240 251 118 518 456 87 586 301 549 560 303 36 575 474 381 559 266 119 469 125 496 251 347 92 54 350 582 10 193 524 560 406 574 563 511 190 277 217 156 6 222 265 89 154 187 162 513 340 599 232 434 308 247 65 186 122 260 135 455 300 225 135 320 204 474 161 396 299 345 72 82 151 372 10 16 189 161 364 172 458 358 503 577 395 258 495 176 19 582 191 265 239 233 542 559 564 27 289 281 335 382 592 470 251 166 477 263 145 278 212 433 400 598 299 102 300 510 339 536 354 164 71 521 449 321 361 54 92 280 228 72 92 30 27 231 482 320 70 467 176 525 129 571 433 486 268 173 68 357 487 379 598 329 283 296 180 41 189 513 532 89 132 231 536 46 37 359 178 159 430 108 496 331 178 509 454 5 521 300 250 487 156 126 280 50 107 321 235 233 270 537 313 470 533 311 147 68 251 43 258 280 266 507 293 417 246 238 553 409 548 262 405 13 355 247 432 307 367 147 140 496 1 462 312 487 360 309 566
953 703
328 736
1 81
909 328
475 801
453 172
460 325
446 757
949 999
817 279
62 480
830 707
439 383
611 760
232 972
99 728
871 702
871 399
966 305
384 974
520 405
955 768
463 742
954 672
592 943
177 331
421 562
123 667
942 211
666 164
767 245
394 415
299 17
822 566
362 407
874 651
905 434
360 173
856 523
852 800
985 980
523 742
137 291
380 253
262 246
870 476
799 986
956 445
627 603
48 316
485 360
916 826
913 763
791 607
614 963
151 416
66 898
814 379
792 751
984 864
382 110
381 560
85 959
836 877
7 391
699 437
463 120
867 606
448 546
406 956
332 521
803 921
351 816
818 891
356 151
202 935
216 109
40 177
702 459
358 521
588 629
316 348
162 150
203 208
733 984
966 276
736 157
522 929
344 776
843 751
970 38
763 878
211 131
829 778
316 952
536 979
708 860
625 359
404 340
438 305
678 844
140 910
898 646
941 273
116 907
43 886
544 683
449 143
808 174
719 50
900 530
422 18
693 822
430 906
655 841
535 125
97 368
206 179
708 518
849 147
124 815
903 295
435 513
888 276
494 911
183 707
479 90
789 310
218 657
963 384
584 984
543 826
209 978
352 917
442 11
111 393
156 961
364 757
825 32
888 172
700 733
636 532
437 635
351 724
598 781
653 661
685 981
564 184
575 383
399 129
570 645
301 698
760 609
356 988
599 901
536 157
78 43
10 316
937 306
295 757
43 292
191 364
943 919
629 853
226 389
268 498
557 88
483 559
568 706
82 581
814 959
522 258
489 986
780 182
905 352
747 825
832 125
220 39
502 162
163 197
789 201
911 890
520 333
546 265
408 151
567 206
412 711
400 510
149 389
314 73
673 815
599 369
267 736
500 683
4 433
597 466
610 320
511 891
281 938
30 745
542 427
982 66
407 532
771 104
972 236
690 873
5 506
882 26
760 703
583 583
455 52
589 399
757 72
391 807
425 971
257 372
197 614
918 231
97 466
285 554
721 307
213 825
755 368
668 700
523 509
530 867
33 565
852 580
48 380
321 34
892 601
660 727
296 379
226 583
893 923
33 918
68 253
646 376
608 570
348 468
145 549
303 576
292 189
892 214
895 805
239 284
275 103
301 786
842 927
878 231
753 282
398 444
164 867
488 638
857 970
516 301
314 307
944 348
442 817
386 223
658 517
620 662
989 919
115 745
473 293
848 200
148 605
913 629
803 805
60 570
646 206
764 27
343 354
846 457
713 996
359 310
69 10
585 305
291 664
607 715
981 705
576 461
347 268
576 106
89 247
652 140
352 432
306 329
395 615
764 664
683 504
266 996
858 272
716 681
898 669
106 926
903 703
152 318
637 567
52 802
133 470
100 888
457 708
921 503
6 127
417 461
297 163
178 307
388 880
68 979
246 227
233 88
231 930
106 1000
27 947
818 634
628 473
644 629
665 55
845 370
943 593
702 28
618 248
24 603
858 898
189 417
804 129
325 907
711 943
116 39
940 396
734 929
418 769
341 580
264 11
506 704
898 76
843 552
400 671
755 435
301 288
515 987
153 683
165 513
258 830
929 428
156 938
433 716
894 563
681 456
373 598
274 270
205 247
80 937
723 832
52 516
418 829
475 177
229 735
21 74
574 429
134 432
823 836
963 872
67 721
994 8
285 70
862 217
670 324
923 569
981 889
841 653
297 723
585 194
6 191
517 598
329 96
568 916
500 968
810 79
553 607
910 32
922 691
320 467
583 763
622 179
982 160
998 783
319 7
520 5
888 780
228 4
551 39
837 598
39 858
393 475
719 272
529 716
120 322
510 574
71 855
449 483
364 626
789 467
993 636
348 73
41 121
937 111
693 345
83 819
580 129
71 604
192 474
389 53
895 51
446 961
104 707
997 325
357 560
862 71
790 278
687 255
182 818
856 34
108 299
221 789
249 685
898 498
331 605
156 820
88 75
735 77
535 476
735 425
119 151
888 331
874 446
388 751
495 524
373 731
670 927
644 760
630 428
509 542
921 166
799 559
595 247
922 81
947 3
465 847
565 7
824 315
112 766
449 587
484 951
2 764
405 853
550 764
535 539
32 398
520 221
553 998
421 228
252 872
88 103
147 167
69 328
721 13
276 173
767 314
473 535
145 104
861 336
357 694
87 156
170 614
119 453
978 527
918 933
182 131
533 26
772 538
712 158
419 69
277 365
594 499
664 874
188 5
320 886
598 739
113 634
190 231
348 838
650 491
419 400
3 972
623 920
334 378
200 581
231 558
846 483
688 605
857 730
204 680
382 283
661 401
683 234
786 351
344 642
538 209
567 347
414 934
497 867
686 154
60 450
46 547
22 528
322 488
172 674
736 351
85 436
635 976
700 133
432 423
76 223
152 22
227 875
490 319
50 950
562 523
249 175
703 215
64 625
628 405
182 262
752 516
577 790
632 83
744 1
39 682
773 958
533 889
62 275
662 186
398 179
253 657
365 28
846 434
645 327
21 884
981 560
38 640
300 402
727 741
191 555
736 115
600 856
778 893
740 451
370 80
287 471
705 327
69 697
808 400
433 250
850 996
221 220
749 755
201 93
576 887
193 794
785 83
252 801
170 377
342 963
519 93
727 612
1 842
489 433
640 801
717 92
816 450
682 529
688 285
338 177
329 999
507 847
182 441
236 418
27 234
432 668
110 104
298 814
440 102
213 999
707 371
459 650
700 186
679 632
397 30
