600 939 600 746 8
301 353
68 162
47 253
535 575
277 321
226 576
390 531
141 310
302 387
25 358
283 343
353 544
116 585
247 412
41 357
378 403
299 507
114 503
377 543
391 455
3 104
418 511
214 319
34 597
144 246
325 331
6 267
454 495
67 516
454 551
537 573
21 109
10 71
481 541
41 447
288 395
429 563
96 110
21 591
63 415
83 344
223 493
219 244
178 387
117 576
147 476
261 481
63 461
160 551
393 576
56 520
73 460
283 458
95 466
211 490
201 435
400 568
357 540
415 572
111 386
262 589
408 420
327 539
69 557
105 535
335 464
170 382
187 345
278 494
485 558
242 534
271 388
190 209
177 590
304 309
10 274
512 573
42 202
412 426
179 205
135 305
110 456
157 318
7 494
40 502
37 477
123 506
53 466
101 496
45 339
564 596
232 326
363 524
31 352
8 313
178 302
49 324
301 379
140 555
72 265
85 494
207 239
514 544
73 329
306 340
181 515
150 481
87 222
68 202
30 70
228 470
395 479
28 196
378 553
282 306
473 543
231 438
394 405
45 56
174 470
169 472
456 548
147 313
381 396
186 243
108 127
372 398
263 551
165 400
205 505
305 342
31 219
205 281
245 461
424 542
105 575
103 241
447 510
158 465
54 99
507 532
16 71
102 417
96 208
96 593
440 592
66 226
362 585
314 468
68 454
4 356
232 429
86 317
6 463
134 183
78 171
107 175
367 498
348 552
356 406
216 264
296 382
144 477
122 460
36 130
472 481
509 592
459 538
324 347
508 578
156 392
166 580
127 453
56 489
60 531
154 354
147 508
279 407
101 370
67 547
85 260
29 481
134 257
155 251
42 273
189 377
374 433
247 426
454 563
158 585
488 548
251 380
179 233
335 472
156 579
122 355
406 446
146 328
379 540
312 552
133 554
86 180
25 141
5 345
233 399
185 561
128 338
208 331
249 394
78 186
44 561
152 445
132 507
4 458
231 477
151 185
289 574
390 498
464 472
128 239
21 521
361 480
96 298
436 542
426 562
251 413
99 370
478 535
134 366
346 462
383 406
79 488
167 405
26 183
226 414
255 287
475 525
39 443
246 346
155 598
49 532
448 459
203 463
232 568
113 187
563 588
341 350
248 545
61 227
101 345
163 322
204 255
392 579
385 396
43 122
142 143
292 394
357 469
144 416
27 232
485 556
141 238
125 483
267 565
163 319
330 492
1 42
84 436
486 491
307 557
43 355
166 464
236 392
477 570
72 520
203 445
239 594
246 264
119 215
38 545
471 555
252 257
439 516
470 492
166 261
21 432
223 355
310 489
175 290
72 522
322 571
456 517
76 172
336 389
111 284
99 276
30 206
83 95
579 589
50 538
205 550
265 293
208 599
252 297
74 368
298 599
176 408
24 522
124 217
203 427
255 539
353 514
257 320
38 321
49 323
131 271
19 583
181 275
177 414
233 550
29 427
291 593
223 308
70 88
220 388
158 492
590 594
404 424
33 475
102 199
254 500
28 30
280 539
267 579
347 416
274 375
54 247
274 441
15 168
136 352
115 347
240 270
164 217
213 359
251 428
12 482
199 211
103 507
160 263
271 540
86 582
14 299
121 181
82 355
213 270
187 193
37 462
363 497
183 338
359 367
491 571
364 536
240 440
282 435
16 577
197 537
75 301
20 22
108 478
13 582
49 103
359 390
323 532
183 366
134 337
163 191
50 523
330 364
359 432
62 551
15 277
78 137
270 592
425 596
337 465
59 496
158 337
399 480
228 513
20 304
66 275
344 578
154 232
496 596
225 561
116 336
483 491
181 352
448 566
284 386
476 508
50 135
11 297
189 361
446 458
103 425
208 456
193 251
51 582
18 179
236 589
376 453
287 327
252 536
330 346
8 518
7 206
139 274
83 94
333 375
242 569
409 465
95 313
94 394
323 457
242 396
247 336
80 146
165 285
170 239
19 123
261 464
517 548
79 143
76 359
237 239
215 302
41 540
45 185
235 467
11 257
307 598
84 361
288 528
341 521
388 519
194 351
329 460
530 589
58 315
185 310
156 398
313 466
275 450
23 266
79 142
28 553
428 549
199 490
16 87
188 383
133 143
133 148
119 302
361 473
46 527
168 554
290 520
72 120
428 598
113 345
110 517
457 507
23 29
81 586
359 521
120 497
226 590
159 271
53 190
241 528
47 575
35 111
78 243
203 262
469 540
516 564
155 428
157 527
143 558
377 473
1 203
79 556
182 228
14 457
189 473
349 526
78 102
303 536
121 319
349 484
43 250
59 113
77 510
32 583
176 599
71 577
3 186
128 227
200 401
85 88
272 311
20 460
17 75
335 365
415 476
498 531
245 333
62 482
338 409
256 285
331 471
19 451
144 324
292 344
48 183
297 364
326 568
87 417
280 548
201 455
149 593
202 581
17 173
289 462
167 350
380 525
523 587
97 98
210 227
361 542
259 398
340 475
79 485
321 554
154 165
49 559
316 422
348 352
59 439
194 223
107 120
337 366
120 363
13 51
57 487
127 161
499 547
230 482
69 146
171 192
214 597
160 218
180 334
160 259
138 511
188 317
9 215
33 35
36 382
7 278
331 599
102 490
4 446
159 368
52 58
253 529
138 169
163 486
67 251
250 355
427 445
147 578
322 382
99 269
291 487
122 329
192 573
518 572
258 423
196 378
139 333
136 351
55 482
106 432
282 550
318 527
39 167
463 580
18 56
99 412
357 447
74 473
334 411
289 295
25 310
60 367
112 322
264 425
92 437
169 475
325 420
195 501
106 592
68 449
73 149
375 461
18 422
198 499
105 376
357 510
88 217
452 493
90 224
112 296
20 122
318 537
98 331
26 130
184 434
35 391
23 481
372 579
448 523
263 398
430 576
179 505
304 544
37 346
283 446
326 429
99 569
170 237
23 261
292 443
317 582
137 417
270 432
162 332
267 580
296 502
45 310
405 443
495 551
258 538
109 591
248 277
211 466
46 137
261 266
131 595
171 556
119 387
379 419
562 586
385 534
49 264
76 531
241 425
126 549
342 353
357 586
144 570
22 460
316 361
418 468
427 505
47 529
311 533
130 296
347 559
332 429
133 221
138 472
64 368
289 297
128 207
439 596
279 433
191 244
42 530
201 421
143 485
37 289
121 177
7 229
470 503
57 291
442 593
47 360
34 214
108 200
66 576
501 591
104 184
59 118
2 496
492 503
15 583
377 391
89 386
5 437
317 343
113 118
325 584
5 111
241 564
557 565
432 444
363 527
404 542
286 388
60 498
16 524
307 418
272 340
8 466
88 451
45 72
55 563
138 335
100 364
218 551
220 519
393 566
95 578
78 417
27 165
31 136
287 487
153 228
291 517
196 287
448 544
211 577
416 477
58 508
22 304
97 573
488 556
1 25
57 329
134 303
395 507
139 375
146 372
213 240
218 482
534 569
1 152
305 433
67 198
40 349
3 102
441 461
0 509
195 397
186 509
414 515
91 338
6 579
374 562
7 133
489 505
140 537
76 373
213 367
289 364
144 347
380 468
365 418
111 437
157 436
40 130
46 222
1 273
205 541
178 231
442 460
275 576
297 320
284 426
450 576
372 431
37 144
501 546
173 371
328 565
38 277
225 273
89 543
413 468
86 529
217 369
218 398
50 227
58 245
166 565
220 555
65 267
448 587
114 381
467 561
22 442
48 337
174 492
93 183
87 524
481 533
220 368
106 270
37 570
124 458
123 164
340 391
368 424
341 591
110 208
15 32
67 193
251 549
251 547
393 544
314 511
223 504
75 353
80 565
385 470
292 410
249 591
423 459
325 599
222 560
322 491
146 307
415 508
94 292
27 400
76 390
393 448
352 552
399 422
271 286
164 506
149 442
90 152
180 219
177 515
202 263
402 503
30 204
331 456
140 471
143 280
499 528
178 416
33 437
423 594
276 496
471 584
334 575
273 449
298 593
145 452
288 479
238 445
63 518
364 462
10 441
75 514
284 510
145 223
435 550
194 308
200 535
129 189
163 214
52 354
47 268
257 349
244 312
86 343
212 418
107 497
167 443
13 351
203 266
272 306
454 588
234 370
70 494
133 440
54 269
300 499
125 411
448 538
354 384
36 254
310 445
393 459
275 294
474 535
76 521
65 431
403 458
377 435
277 583
34 177
172 373
276 596
145 355
350 373
153 336
129 435
98 512
331 512
37 574
114 346
103 532
94 397
286 540
339 489
468 598
151 400
244 411
136 194
305 407
43 329
253 567
308 136 254 348 6 237 23 529 537 226 480 0 261 596 431 17 389 346 470 444 295 51 67 174 75 209 319 250 291 431 432 394 411 338 570 221 456 82 492 418 195 220 369 268 226 499 210 315 355 311 135 0 60 345 504 219 269 477 214 231 191 381 53 59 427 217 424 377 205 595 125 322 108 15 6 293 327 38 60 233 353 66 420 126 63 589 108 247 170 68 74 84 271 565 163 207 365 421 71 576 427 445 533 77 380 173 90 488 598 377 162 302 377 500 581 25 176 59 75 339 46 37 560 89 472 420 449 483 433 484 372 546 459 209 509 373 225 443 273 435 322 56 531 146 44 216 450 501 363 549 507 419 455 6 425 558 398 363 520 542 513 101 27 73 357 544 146 207 256 280 317 150 212 453 135 533 502 237 8 357 188 562 157 255 143 448 476 593 540 446 173 109 194 575 380 510 12 450 389 278 429 265 595 73 217 450 289 8 408 185 408 2 201 62 207 101 330 537 263 299 132 528 143 39 403 101 147 507 334 270 258 451 587 463 575 368 387 430 165 50 399 90 169 283 478 330 139 313 380 56 278 550 224 483 77 92 378 554 389 445 481 422 21 185 599 71 562 140 588 282 242 71 343 468 353 23 475 244 351 162 510 503 290 576 299 458 322 220 450 160 320 520 581 576 422 246 274 578 179 257 159 399 561 165 37 195 265 439 284 550 488 479 407 442 56 525 428 358 161 163 582 406 48 41 100 518 127 414 564 5 98 589 478 446 200 532 22 336 388 506 449 48 79 405 516 483 246 547 562 582 4 30 263 448 34 492 133 86 459 86 468 110 281 121 170 556 330 162 231 207 499 345 54 403 579 28 421 463 201 455 281 404 102 27 72 370 48 172 39 219 114 167 394 196 167 579 139 262 84 474 546 560 242 253 103 426 465 225 436 64 379 236 58 59 54 178 470 522 418 503 38 540 195 453 134 558 529 189 316 426 387 543 214 99 253 205 221 447 575 536 41 35 304 142 54 300 228 353 51 567 140 10 94 62 564 594 27 49 316 562 15 543 191 407 284 76 170 244 357 483 338 370 96 189 136 216 535 498 493 561 380 582 101 130 478 511 414 475 67 201 424 510 373 583 66 387 450 278 115 317 420 50 137 363 485 574 454 43 363 16 129 401 537 57 420 48 138 232 535 413 520 116 359 382 532 267 179 595 497 555 419 101 3 130 181 208 408 433 52 372 478 385 523 392 577 538 399 316 75 550 97 409 219 49 479 236 366 452 599 412 1 532 524 63 152 517 111 282 208 169 573 298 497 56 384 425 506 296 261 62 464 15 160 153 568 569 540 137 582 135 201 53 50 573 227 245 91 443 195 549
803 162
817 801
354 734
782 283
345 111
410 769
795 898
587 115
890 326
76 998
882 401
28 648
962 984
261 116
129 961
661 52
817 398
411 452
724 622
551 20
341 331
891 105
378 350
688 818
823 517
846 727
74 483
973 633
456 122
692 777
494 129
196 194
639 31
499 768
112 362
475 715
58 446
77 750
734 52
949 8
28 530
412 584
847 822
397 214
937 683
836 624
716 393
126 56
158 554
142 862
243 470
262 73
963 496
889 244
298 674
999 891
778 620
440 265
972 434
284 842
762 17
262 522
961 899
913 438
575 484
729 951
228 321
333 937
883 842
627 973
518 93
850 400
789 543
440 310
509 542
372 436
875 37
477 625
723 357
643 240
634 936
367 628
300 277
970 273
632 518
529 48
188 116
785 391
474 82
481 656
809 764
192 523
466 826
72 575
960 222
970 308
515 265
619 335
614 309
317 728
89 695
344 817
785 361
193 905
783 245
98 51
781 145
735 526
13 73
857 111
535 240
429 715
20 353
310 848
180 762
81 921
238 613
316 329
299 877
32 945
758 494
150 279
372 279
493 2
410 1
22 194
398 999
5 9
143 471
584 637
19 480
473 592
180 928
648 131
99 602
276 488
223 212
685 393
556 864
814 488
617 403
818 710
628 212
638 168
102 810
296 231
665 973
970 341
709 146
402 341
610 803
912 636
754 790
296 646
989 561
465 961
785 990
628 441
172 644
493 510
904 941
66 21
939 843
84 286
471 35
989 607
664 878
945 57
681 88
541 839
96 412
684 305
855 1
435 412
197 650
673 534
504 337
144 337
30 878
672 655
143 140
196 269
286 623
92 544
819 219
893 682
746 255
333 896
291 21
572 587
831 263
67 190
644 304
380 892
273 141
902 188
436 158
692 346
296 977
785 316
0 115
538 691
867 879
727 791
480 170
643 702
529 130
183 439
551 289
867 230
164 485
839 315
529 973
804 73
92 321
33 994
199 796
433 51
936 997
169 170
534 463
688 173
732 419
298 194
790 781
909 747
233 360
201 489
266 657
627 103
990 958
32 834
995 657
651 672
403 707
975 762
828 920
114 391
791 738
151 417
762 86
253 909
258 774
716 299
117 179
901 507
137 788
329 647
711 13
914 154
338 205
423 927
63 628
173 41
118 427
515 184
904 580
56 600
229 400
887 990
613 50
667 832
772 866
871 957
172 827
888 615
710 844
738 921
133 91
268 714
781 115
464 522
543 792
881 800
847 448
245 281
313 758
682 21
605 83
295 562
589 171
698 718
609 727
320 6
406 674
963 572
450 466
453 203
227 931
51 714
714 564
486 243
984 194
865 636
215 296
24 691
11 431
49 674
536 313
106 995
343 988
364 488
16 965
138 644
358 384
322 516
600 766
583 986
309 149
333 364
811 680
568 831
135 242
923 339
522 870
998 467
653 554
237 74
646 400
122 284
6 627
705 80
52 329
134 923
112 836
557 378
988 698
503 216
660 946
402 277
117 708
584 334
967 829
863 519
115 143
609 897
271 587
151 612
140 514
803 633
551 763
902 52
322 478
208 36
987 237
420 848
126 737
93 859
167 203
43 555
923 4
213 153
199 243
342 454
991 523
335 238
332 136
392 613
876 749
828 62
149 4
604 561
226 591
745 445
75 673
575 908
126 602
774 48
530 511
404 38
380 729
392 409
744 989
889 12
330 587
864 484
126 15
543 634
420 121
386 536
433 884
208 751
60 393
327 30
938 535
243 711
459 671
30 903
497 475
227 551
850 35
510 688
808 959
292 363
933 187
216 979
243 752
910 216
834 993
649 618
943 629
23 148
168 718
397 152
577 548
955 157
305 93
294 529
462 376
188 549
977 131
60 146
360 687
454 919
198 340
934 409
53 865
744 373
536 922
389 511
504 383
556 664
701 588
204 376
564 519
206 854
364 662
726 753
443 987
1000 729
275 254
702 969
833 103
332 562
849 212
593 664
613 474
438 770
0 769
259 833
721 111
872 447
407 375
995 88
839 150
767 749
340 65
442 634
279 420
933 808
269 295
501 61
241 233
93 4
933 872
566 701
570 253
150 945
376 49
254 383
395 314
887 468
96 728
737 890
652 854
192 596
887 292
954 781
490 914
358 542
235 681
582 380
601 851
546 581
74 82
521 808
970 401
48 807
23 36
245 984
637 584
642 802
970 931
0 171
56 506
683 255
41 244
461 236
595 252
761 675
820 369
15 252
159 674
260 206
560 108
934 904
324 797
714 495
806 29
312 997
101 486
867 171
3 536
210 717
344 168
728 697
512 26
181 953
994 414
768 204
430 656
526 896
615 277
258 629
345 411
174 301
272 874
530 213
908 399
493 422
752 571
882 74
898 534
273 449
798 454
494 839
8 586
680 421
269 962
161 75
853 856
828 2
154 904
583 809
271 739
45 74
106 630
630 363
223 433
537 167
411 558
643 757
602 499
498 601
313 400
736 17
881 205
353 961
593 202
411 956
615 696
905 910
171 230
413 74
658 105
579 441
650 277
636 909
722 204
113 876
773 448
947 707
350 608
986 849
244 862
689 913
280 395
176 11
958 658
288 761
68 789
54 294
941 373
647 329
20 744
88 105
279 318
857 349
990 323
787 934
707 894
906 869
234 110
644 2
541 407
225 648
394 650
298 458
958 873
828 892
170 348
903 130
744 155
479 282
161 393
481 554
235 823
58 364
468 988
555 338
