600 1197 600 1061 18
128 317
380 492
108 267
92 145
241 327
206 346
449 507
5 316
184 535
451 501
74 141
192 515
86 103
162 207
567 573
152 187
42 455
94 167
80 595
362 529
348 493
393 509
102 140
79 433
166 218
182 561
38 163
188 267
127 381
140 576
197 427
3 229
360 380
42 90
224 486
341 448
54 230
46 480
291 596
3 270
226 545
18 186
6 235
67 135
118 560
49 120
151 271
448 460
5 535
289 393
210 352
249 322
517 566
73 577
19 365
167 480
332 513
130 146
99 123
418 460
236 250
311 470
146 269
493 508
189 426
100 543
169 528
496 574
223 512
5 85
53 401
380 563
122 130
0 99
327 353
166 329
228 309
302 321
376 413
141 162
103 469
102 561
22 287
26 525
478 567
175 272
187 538
266 355
151 162
154 306
418 448
221 494
148 339
284 403
197 575
277 344
237 429
195 335
60 171
26 75
241 369
174 473
124 133
9 506
123 509
164 266
153 173
130 269
120 557
262 578
64 71
334 489
191 319
38 198
85 445
273 579
3 117
28 535
8 472
460 462
26 120
74 114
204 435
351 527
170 380
1 469
319 493
363 475
99 179
56 227
387 559
111 455
110 215
37 213
264 273
111 513
192 432
278 307
502 537
246 337
83 141
21 79
75 525
16 145
95 488
324 354
117 253
170 442
430 569
158 305
102 392
239 451
77 198
539 580
189 520
268 494
1 371
181 464
423 530
98 557
285 367
131 220
410 464
230 511
338 361
484 524
420 523
264 577
11 223
205 215
339 594
205 522
44 279
146 244
87 269
265 273
303 306
238 325
304 358
46 247
36 585
132 290
374 552
15 64
209 506
108 450
6 288
127 314
230 588
224 250
75 98
59 198
278 496
180 583
53 564
237 323
74 395
168 342
129 389
63 463
281 367
281 434
292 405
55 316
63 270
112 400
304 441
68 431
51 59
260 376
287 575
87 122
326 453
142 478
235 429
14 437
173 489
259 393
157 561
194 258
14 203
216 553
62 538
331 522
7 401
5 445
175 232
130 244
4 311
278 475
64 195
107 143
23 461
21 305
75 179
334 422
108 254
240 427
135 208
17 204
227 467
274 558
305 465
113 240
526 591
333 519
248 455
245 335
212 231
33 527
466 559
455 583
110 567
31 363
65 422
432 582
317 341
369 443
47 108
149 468
194 524
43 257
118 406
290 446
276 344
61 304
1 37
108 444
121 385
262 516
332 364
99 525
91 216
346 354
129 443
70 259
49 241
30 272
130 451
119 201
22 157
203 353
310 516
33 117
187 402
262 310
100 545
182 593
47 450
9 107
9 572
170 599
261 270
127 286
204 393
140 352
169 292
295 414
72 333
252 289
20 456
202 589
338 413
12 142
189 435
253 287
133 579
33 298
102 210
387 499
7 11
180 395
36 41
100 534
98 509
201 220
29 202
167 468
136 532
452 570
18 544
191 447
156 554
117 351
271 513
190 216
166 324
60 332
212 277
178 259
306 483
155 477
193 363
155 225
92 181
10 82
154 318
150 159
442 556
293 566
1 356
398 542
135 430
63 169
8 500
32 90
250 533
2 347
68 516
133 265
295 406
331 358
218 329
148 378
143 461
430 495
424 428
190 547
421 458
236 270
98 179
1 45
110 478
152 402
331 441
254 267
284 596
27 517
143 209
19 386
198 336
169 540
344 505
278 363
82 200
140 559
268 478
101 230
369 456
450 548
34 470
330 550
53 296
270 466
72 590
206 354
41 585
330 518
76 296
137 521
457 516
199 282
62 321
139 375
271 364
367 443
126 552
330 433
187 302
50 332
50 297
66 404
109 182
208 358
109 308
38 396
421 516
520 562
280 409
312 425
292 528
43 522
495 558
212 409
387 503
170 274
138 178
283 339
14 282
378 542
232 487
294 324
538 563
82 579
196 378
348 359
183 518
87 202
60 111
275 452
52 314
81 116
122 589
268 394
6 220
17 452
428 555
491 558
140 499
85 483
40 83
315 560
507 515
347 588
31 491
47 254
14 353
495 556
149 546
36 39
225 534
12 251
213 250
38 56
319 389
480 524
144 348
358 441
14 199
61 394
257 573
221 562
269 334
231 560
329 554
261 387
279 295
329 346
346 554
374 479
261 503
366 508
400 465
129 222
67 569
89 431
249 412
270 503
70 138
145 551
371 417
284 400
55 535
135 458
91 574
228 262
134 438
372 412
240 263
99 426
207 379
530 599
203 381
417 576
284 536
158 289
100 540
93 177
102 352
214 398
76 243
33 405
52 407
29 148
481 487
293 539
294 365
142 567
453 533
293 390
168 391
23 143
165 445
161 228
299 491
20 199
270 565
494 588
116 572
243 532
258 412
13 79
187 563
92 404
380 538
193 249
10 124
309 578
186 200
64 272
216 482
406 517
28 81
79 158
18 407
295 541
11 296
36 320
69 542
169 229
367 369
18 80
20 379
19 301
263 309
172 366
275 284
216 587
504 599
164 564
37 371
113 263
382 561
342 564
406 414
458 569
185 556
48 440
138 259
125 526
294 471
69 398
339 378
121 343
249 258
44 212
92 366
323 416
392 499
218 354
218 324
498 573
52 286
144 410
77 84
423 599
388 443
240 355
177 410
13 550
47 388
163 183
12 239
40 379
214 525
61 494
130 501
156 346
388 389
62 458
155 565
271 583
194 484
206 582
375 402
145 181
185 495
208 331
143 183
246 355
287 564
57 318
294 301
174 466
162 271
276 368
92 508
275 403
295 335
438 535
301 471
359 493
26 98
215 331
69 211
45 492
39 505
258 484
49 211
128 447
68 502
33 528
264 425
539 566
48 324
408 582
48 471
390 590
45 139
44 505
255 277
19 470
176 430
243 523
437 456
5 461
304 494
239 244
93 410
479 568
268 588
385 582
303 549
20 188
250 477
62 436
217 545
41 368
392 561
28 107
325 581
45 360
66 145
2 378
198 337
154 184
479 552
184 318
80 248
321 578
6 416
167 247
13 549
45 103
62 421
147 317
173 327
444 571
302 309
84 355
80 455
442 538
204 452
31 496
244 577
155 534
192 507
28 399
12 478
3 298
164 401
103 514
88 116
166 554
29 489
394 441
363 384
422 489
29 69
21 158
275 400
412 484
361 376
86 423
152 375
225 533
475 568
25 389
24 222
130 239
350 381
357 358
329 354
292 540
198 485
251 268
198 536
89 304
213 529
135 176
126 194
117 503
66 481
72 519
175 487
107 572
233 365
246 291
206 490
592 597
247 480
347 377
78 510
64 317
349 456
135 507
31 278
87 130
25 319
36 505
88 598
282 350
147 361
471 567
139 563
246 336
113 291
150 527
170 553
24 557
170 558
124 422
138 509
310 421
501 589
343 432
255 344
63 534
104 243
63 229
137 379
147 413
161 262
80 90
372 484
237 416
147 338
135 358
426 531
204 570
74 180
373 390
359 464
160 250
28 438
144 359
491 574
10 133
83 114
121 432
80 314
149 446
93 557
19 294
119 435
91 278
54 189
454 574
117 382
9 370
68 357
22 561
322 507
355 575
73 133
314 381
89 502
76 159
144 222
211 586
308 375
30 317
397 502
409 597
315 318
2 339
290 546
34 311
86 190
350 395
189 196
473 576
15 517
274 491
469 514
187 321
20 349
536 596
357 458
19 577
182 263
120 474
73 264
161 323
378 594
325 548
428 506
181 359
19 264
234 546
227 433
264 579
23 165
219 328
282 395
491 495
93 509
51 337
277 409
94 468
111 583
232 481
94 149
308 309
221 588
39 368
320 585
32 80
2 54
139 352
48 354
9 88
439 470
290 484
9 209
178 509
467 485
289 383
426 435
423 482
160 453
33 150
135 569
280 592
580 590
88 136
223 555
276 585
73 146
79 373
15 195
219 544
264 265
197 240
106 283
82 313
436 442
260 413
157 427
42 171
279 526
182 427
400 536
43 385
51 246
400 485
397 476
82 186
54 520
99 509
164 575
304 394
463 540
35 444
172 508
46 524
244 301
553 587
312 470
285 434
473 486
216 278
62 310
1 514
118 231
17 435
222 389
434 557
196 426
313 579
431 502
236 466
435 520
28 55
297 364
39 125
205 498
62 185
408 432
54 511
159 523
27 318
6 429
163 518
571 581
29 542
48 257
250 453
476 520
509 557
377 588
233 324
380 423
228 488
473 559
253 382
317 361
198 227
231 414
283 589
315 592
44 344
104 532
238 460
412 432
62 442
81 399
7 163
423 492
180 271
2 283
290 524
263 488
301 567
457 458
411 462
45 371
157 197
288 429
370 424
119 520
328 422
390 549
215 268
59 596
22 575
259 289
366 404
305 400
215 394
76 527
208 419
175 517
207 521
234 480
4 425
159 420
14 241
22 584
133 340
99 196
74 162
483 549
141 379
195 317
369 388
3 503
279 505
260 361
107 461
98 120
54 196
33 351
128 341
254 388
97 510
454 496
231 597
343 419
424 512
105 232
254 349
304 357
61 268
13 483
242 596
386 425
63 540
187 375
333 551
53 76
354 440
159 527
293 590
34 554
318 535
216 504
235 416
475 479
23 550
102 593
193 322
204 531
345 592
19 244
37 224
497 595
403 429
85 306
286 381
126 459
468 490
106 251
281 557
145 383
88 370
134 399
257 522
199 456
471 573
29 211
173 586
83 199
499 559
255 280
9 143
489 586
203 350
324 471
252 393
54 378
132 372
335 526
232 366
261 466
181 410
313 497
73 124
222 348
404 481
283 501
112 305
185 569
27 57
217 543
87 489
109 309
287 342
278 574
112 433
486 576
87 334
84 336
58 204
371 486
174 224
110 498
481 551
382 503
498 567
372 432
263 427
395 510
265 340
319 450
117 298
134 592
13 300
109 593
158 252
165 550
518 550
86 356
93 138
193 299
197 355
430 491
158 519
48 573
132 582
370 598
482 504
49 434
124 328
386 470
382 392
446 490
68 458
357 431
198 467
220 397
248 314
375 563
101 347
256 502
23 183
103 423
138 410
13 373
323 537
181 508
97 395
35 325
193 384
24 129
240 246
22 253
95 242
168 351
494 502
23 518
78 314
131 397
52 127
152 302
38 433
379 521
2 230
66 551
251 347
320 344
223 428
205 573
37 486
333 590
190 482
233 439
66 92
258 459
105 366
151 472
277 280
445 483
397 562
96 157
245 279
32 497
487 580
28 116
73 265
296 512
318 560
70 289
502 516
293 580
119 288
365 439
213 453
319 348
214 378
167 546
239 501
265 579
71 272
411 418
326 533
65 173
397 537
405 420
40 199
147 335
261 559
458 516
276 320
11 555
216 307
446 468
13 330
368 585
338 376
415 512
39 260
272 317
136 424
16 181
447 460
172 319
114 141
235 237
293 303
11 53
333 580
78 350
5 165
115 169
17 275
76 168
104 206 359 503 589 219 169 165 561 37 271 1 187 393 549 510 518 377 2 39 327 121 522 505 502 456 64 316 477 528 472 46 125 458 486 10 53 430 179 423 244 434 307 255 236 408 464 87 294 595 162 367 425 281 248 120 383 505 562 297 16 139 183 575 44 291 320 461 230 344 189 133 189 420 96 309 325 521 455 458 180 338 456 342 296 559 547 546 61 484 281 573 49 440 532 24 502 372 104 154 450 249 35 276 587 554 133 591 293 305 583 236 390 0 323 434 379 419 30 10 573 74 243 368 554 528 12 10 463 404 497 381 462 333 438 274 466 515 571 531 512 407 297 132 500 370 220 467 267 584 487 263 403 251 560 93 523 386 146 550 421 567 565 382 57 25 239 232 447 397 281 228 105 360 152 159 211 86 568 512 31 239 378 25 415 270 131 230 485 75 474 596 540 225 487 23 86 534 3 482 56 275 126 485 413 100 520 208 337 350 405 234 269 256 357 123 68 330 407 320 133 399 187 213 482 294 322 118 362 203 478 500 165 580 98 170 8 301 564 586 388 210 20 561 487 463 120 47 145 42 594 19 431 227 185 104 415 536 92 168 279 260 139 63 122 590 150 16 258 323 222 23 489 418 74 176 191 506 183 517 247 579 136 35 146 218 289 121 101 461 542 376 59 389 42 36 334 591 317 453 79 182 372 425 363 447 132 252 342 300 259 160 10 304 30 479 162 261 490 361 549 102 527 216 1 49 397 43 366 557 75 39 122 453 502 53 395 379 434 548 356 92 113 88 91 269 193 190 447 543 280 74 193 575 104 417 146 531 517 478 567 495 515 176 222 251 250 590 288 381 559 523 508 218 68 525 125 49 533 447 120 566 395 57 83 446 306 358 186 63 576 294 117 74 445 108 578 417 468 584 1 155 345 145 340 27 369 101 218 18 42 525 18 326 23 117 115 494 509 387 366 194 323 65 575 375 245 29 172 447 509 414 263 484 384 393 125 22 408 99 206 590 342 513 400 369 74 149 379 33 531 43 456 112 557 571 44 339 109 259 470 224 366 305 442 185 225 14 159 449 200 420 349 70 521 221 18 404 196 211 521 176 181 523 569 7 256 142 503 297 576 580 327 341 331 339 160 22 331 467 151 115 281 315 279 430 537 141 356 225 390 93 6 545 571 43 133 560 49 192 271 254 24 429 488 92 350 246 545 268 595 288 559 446 52 397 178 551 512 195 112 520 391 297 135 496 286 82 305 487 263 335 49 245 239 282 194 436 331 235 30 304 337 422 14 393 7 282 326 254 575 527 178 161 142 424 419 569 293 265 439 478 424 108 381 189 528 112 531 204 283 426 454 26 457 389 126 10 134 472
422 643
961 339
507 681
795 145
592 992
352 143
591 500
518 177
0 761
443 46
346 888
544 123
559 785
380 225
200 760
138 244
237 414
481 496
285 891
521 918
98 704
384 326
681 221
444 169
231 587
112 540
315 638
240 182
333 75
370 743
105 366
932 708
210 988
748 88
657 978
2 540
55 73
957 284
479 255
5 113
92 760
28 71
161 974
755 824
118 115
899 394
993 904
57 607
698 845
268 675
4 983
576 334
237 891
579 127
466 624
331 112
466 283
236 141
434 542
547 364
89 966
638 682
788 564
894 75
118 283
304 791
245 359
768 653
677 595
361 682
314 424
160 274
335 314
428 887
77 829
347 631
634 83
529 256
169 858
368 302
237 942
329 31
314 967
118 783
575 235
353 174
979 434
419 799
469 1
632 635
188 959
951 594
215 396
252 543
872 979
636 405
677 286
139 906
316 606
389 581
941 54
539 672
800 321
934 426
647 21
122 396
513 737
405 67
16 617
699 366
645 759
90 931
449 371
623 371
123 810
820 95
384 9
761 168
187 154
518 515
274 648
783 838
455 795
355 543
387 879
20 168
967 830
235 860
57 335
196 605
481 848
618 517
829 883
368 946
231 34
793 693
545 9
58 732
278 500
835 385
849 304
57 799
576 815
418 109
187 521
288 401
473 886
62 269
426 729
873 947
746 60
24 870
759 434
264 820
278 168
906 115
722 995
688 255
360 388
696 39
966 215
684 505
40 830
484 214
581 163
397 155
654 937
907 990
659 110
854 88
877 549
130 949
124 427
270 788
906 239
171 301
830 689
234 521
312 521
344 588
87 868
210 431
727 326
493 136
312 160
807 589
300 917
816 475
45 685
472 592
996 507
92 438
788 774
889 723
955 863
107 231
433 605
660 259
513 310
147 764
327 928
551 540
420 756
209 809
422 517
674 801
790 898
17 786
742 734
450 86
807 382
309 707
137 74
970 243
399 663
678 744
948 561
990 49
680 923
311 857
585 537
564 617
216 556
520 78
925 265
970 133
987 97
473 320
692 463
854 118
544 637
169 103
179 362
624 895
938 914
575 462
877 179
606 458
12 450
531 812
638 320
204 718
591 419
618 43
512 884
119 172
605 314
966 979
184 908
886 779
921 182
584 738
387 433
711 185
77 667
95 7
573 585
712 820
897 813
302 477
3 193
826 189
697 531
674 392
467 960
449 936
605 238
16 691
613 704
403 855
864 149
37 902
117 329
430 970
897 611
474 419
35 8
122 34
972 632
90 137
176 8
231 634
172 788
485 737
504 417
189 678
237 811
645 176
531 487
350 449
886 920
578 391
816 24
278 255
600 882
156 186
604 95
13 947
755 115
879 681
420 268
561 847
745 465
281 211
669 675
416 371
309 189
991 574
759 401
716 411
731 537
619 983
550 980
346 988
206 881
239 81
357 102
87 300
263 115
134 498
58 41
769 501
837 719
648 528
656 879
44 464
989 168
240 713
342 861
722 917
450 232
715 748
57 999
294 327
385 796
92 193
566 288
547 325
47 223
485 702
420 927
17 313
639 135
758 794
95 55
205 20
752 936
561 703
161 509
133 695
187 825
710 110
859 341
234 751
714 885
625 281
995 349
691 635
734 681
187 493
866 422
20 251
996 300
966 708
34 977
576 903
150 397
198 633
0 42
160 702
487 40
929 318
869 872
345 264
954 782
821 441
17 223
587 684
436 670
56 767
863 485
206 849
745 221
315 376
960 742
752 851
545 949
801 243
129 632
131 567
310 258
714 137
763 243
348 489
666 715
119 839
494 290
599 564
394 690
297 8
480 389
561 202
790 456
496 457
215 347
762 20
194 181
286 846
827 855
157 40
251 486
6 361
869 804
39 189
155 144
547 42
617 485
901 327
27 401
740 767
719 9
746 569
342 825
938 455
514 37
518 981
423 567
690 320
484 100
534 446
834 660
662 622
832 811
415 309
224 664
465 563
813 548
179 738
289 84
608 926
759 883
697 719
836 528
156 639
5 581
378 185
814 955
92 396
51 388
767 716
82 562
508 828
445 492
994 213
925 676
165 933
148 731
727 595
744 623
940 831
62 417
379 124
5 420
863 44
205 469
420 404
888 212
498 334
833 991
963 379
578 967
624 836
4 823
859 263
302 669
999 681
519 561
927 134
617 749
999 754
969 947
256 324
965 527
348 204
876 845
499 363
885 271
227 303
660 427
346 773
792 975
896 644
907 433
158 440
594 636
846 599
946 657
266 976
636 794
800 270
8 726
503 769
645 592
797 204
938 518
45 118
472 68
795 734
175 412
317 566
136 871
519 616
565 67
59 935
932 380
816 781
707 576
174 220
467 187
345 359
502 593
27 749
700 782
680 5
927 885
374 648
62 164
672 72
793 73
987 274
918 492
390 538
591 32
946 165
922 77
294 121
520 393
638 555
839 501
206 271
865 17
147 217
368 710
922 13
316 884
956 93
922 949
969 476
97 482
323 219
417 180
277 348
988 793
922 576
694 977
512 112
841 566
274 608
872 577
827 258
212 77
742 261
538 586
847 461
611 149
894 158
223 238
607 780
992 721
806 642
416 432
32 558
423 9
666 829
922 624
620 208
876 312
496 906
738 494
391 1000
267 296
50 491
795 869
90 904
710 216
29 43
324 740
911 543
574 656
457 760
315 290
13 139
194 49
749 369
449 710
238 978
539 417
175 74
505 7
887 503
