600 1018 600 1047 22
6 508
188 459
493 563
149 381
408 538
145 282
154 396
249 502
106 236
63 507
1 517
82 351
494 523
368 413
330 414
92 593
308 419
422 573
560 562
74 499
531 578
285 511
234 267
7 512
145 180
405 419
134 174
231 344
121 544
18 95
167 197
304 317
313 425
429 449
205 307
162 398
139 180
487 513
93 535
460 589
120 310
198 525
155 439
81 397
15 58
117 434
137 224
334 374
69 77
116 437
105 280
146 360
97 207
270 383
50 566
403 438
452 570
63 275
137 324
52 589
109 241
466 542
118 403
83 527
132 221
305 322
305 514
279 581
149 217
132 386
320 447
52 469
46 563
319 476
145 558
83 289
138 537
6 298
3 224
283 453
53 240
74 424
138 229
401 413
191 420
385 541
174 350
249 425
66 270
72 185
334 459
438 568
9 568
145 557
186 318
231 307
203 306
41 331
315 355
19 465
147 215
110 306
421 533
75 576
173 201
115 225
0 372
92 120
54 115
546 574
219 448
353 442
63 506
520 545
307 328
49 483
495 544
150 335
480 596
229 402
166 434
294 388
3 315
253 417
5 514
92 481
212 366
348 588
148 410
368 445
55 71
99 249
479 536
139 145
304 463
93 506
259 426
230 247
580 586
325 418
193 196
471 539
317 369
116 247
265 416
214 349
441 538
392 524
389 577
403 459
240 367
72 563
292 303
395 573
327 549
475 493
281 341
99 425
146 204
500 523
58 583
127 582
319 461
206 412
91 267
1 139
252 290
434 549
465 518
279 448
424 536
125 488
24 55
177 395
441 590
462 516
72 158
303 456
243 344
14 499
428 516
56 283
418 530
220 572
165 222
58 93
263 468
49 526
309 310
113 336
87 129
2 303
234 455
153 497
80 183
176 447
517 582
129 369
205 328
222 482
143 569
378 407
60 178
127 329
71 457
27 573
242 491
163 166
259 413
12 528
86 583
517 593
30 144
446 527
191 496
196 315
78 466
85 467
157 358
344 541
244 361
44 347
312 474
98 235
89 581
43 372
291 477
274 455
85 572
362 512
130 508
308 405
265 496
126 173
248 263
382 412
27 70
68 253
217 436
103 132
388 482
196 501
145 462
255 543
62 268
344 362
0 394
108 359
165 475
284 521
512 585
130 211
34 97
364 509
449 451
156 490
375 442
503 585
380 552
352 378
183 492
212 377
59 252
355 560
98 562
4 547
316 435
264 576
276 568
178 341
97 201
365 419
101 166
168 538
351 404
25 315
10 80
507 583
344 512
127 239
403 597
89 279
287 589
75 337
69 420
51 495
4 110
33 250
184 599
13 100
173 207
2 456
19 42
335 416
27 400
11 213
40 516
505 581
81 223
404 486
68 204
18 489
479 488
447 527
32 427
320 446
335 496
150 515
439 575
354 411
383 553
310 352
311 318
368 401
151 165
77 327
272 497
103 521
24 364
259 415
15 57
22 79
125 140
431 521
18 284
317 463
203 564
345 392
311 531
457 559
352 494
101 257
32 232
262 300
204 226
384 477
272 595
211 300
106 431
271 359
23 541
5 338
50 399
233 496
416 563
130 292
144 214
140 536
17 177
58 507
79 269
210 502
288 375
534 566
8 364
42 489
25 480
313 405
19 489
199 449
370 550
39 531
120 481
244 443
249 375
87 433
286 323
247 256
228 365
526 589
331 398
42 505
334 403
104 522
108 239
217 358
306 314
165 493
131 309
286 368
52 588
392 471
262 503
64 260
272 332
56 175
311 569
47 217
588 591
352 523
14 451
467 572
44 532
372 394
43 520
112 235
356 488
124 504
385 503
183 377
323 368
234 247
479 491
124 568
110 170
192 225
103 232
39 587
75 169
361 498
307 356
267 461
409 452
90 172
200 255
99 511
241 489
190 532
134 393
6 130
176 476
37 245
362 513
42 581
1 206
177 573
17 567
84 337
452 483
246 552
171 532
486 579
14 385
225 376
195 340
84 278
134 194
13 238
325 530
47 436
136 362
235 438
78 514
128 183
70 499
63 254
34 169
450 583
244 502
68 290
114 143
84 537
15 86
83 446
256 258
22 132
139 462
69 157
338 516
132 494
70 179
7 487
280 477
230 256
432 476
128 203
399 570
587 597
325 358
70 74
119 419
204 253
295 595
351 453
60 341
322 338
119 430
55 144
255 447
344 503
159 286
337 576
270 553
290 396
95 489
154 290
154 252
259 401
164 370
125 479
341 350
87 369
196 599
29 320
253 266
155 330
46 72
397 432
121 588
306 349
127 463
99 293
49 52
94 343
80 529
5 428
96 280
17 43
267 397
359 390
11 314
56 441
117 163
451 499
108 504
234 256
207 488
227 272
242 479
26 423
145 382
11 20
365 548
204 227
262 449
134 410
13 589
167 363
216 274
123 416
498 511
187 448
67 575
278 280
131 476
178 475
454 565
298 529
346 470
329 582
7 298
209 289
111 594
439 466
14 503
183 592
228 548
215 431
146 577
227 360
181 309
297 482
486 571
355 599
87 276
445 484
429 553
339 548
76 586
168 270
50 584
106 454
173 488
137 450
111 289
60 493
81 320
126 356
105 343
73 548
203 349
97 488
40 558
142 533
382 481
16 333
122 423
32 540
2 486
424 491
295 363
71 474
475 533
198 232
226 396
407 461
294 482
65 113
168 539
45 464
146 417
204 417
100 589
84 343
221 232
58 506
159 576
208 233
392 406
9 390
429 451
35 97
386 598
398 468
470 522
482 575
211 262
245 316
12 53
170 478
176 255
51 61
484 576
138 402
193 550
91 510
32 221
218 471
288 443
272 437
85 229
471 556
516 555
53 406
531 569
149 157
72 530
473 587
131 181
5 322
81 255
171 376
480 501
36 170
15 381
378 500
127 593
46 150
351 571
127 304
258 510
389 442
184 562
242 356
542 555
154 528
203 377
552 598
222 533
160 318
305 533
285 415
43 383
535 566
64 478
10 592
218 539
109 505
357 527
51 202
159 484
180 382
553 567
252 313
62 353
512 513
119 252
189 584
453 456
126 205
61 348
0 66
180 412
48 468
157 327
43 251
140 264
17 573
413 545
150 420
51 354
281 329
368 545
108 350
107 546
515 530
34 140
122 534
9 504
135 232
110 314
190 465
421 475
30 306
461 510
98 301
29 345
175 186
423 535
182 483
36 478
17 383
11 162
216 247
260 478
132 246
133 473
151 493
296 441
188 357
45 448
293 425
400 445
391 529
175 340
300 449
407 561
310 378
122 166
152 159
127 517
365 367
230 258
243 512
21 101
85 220
62 389
224 578
594 597
50 535
250 467
73 394
360 464
285 323
358 418
54 272
20 564
326 528
5 305
251 372
348 591
330 551
192 448
210 288
406 524
172 362
4 457
501 546
64 248
485 596
267 455
22 427
34 138
131 277
390 568
190 565
132 431
224 560
65 336
283 303
570 584
281 582
379 517
24 214
77 157
41 114
38 433
28 556
105 291
62 425
410 436
10 458
219 279
298 508
257 423
262 298
458 554
11 36
143 224
88 436
395 545
264 536
0 539
2 444
103 221
13 460
45 219
588 589
155 297
65 79
88 410
411 591
114 224
271 369
21 163
147 380
407 552
185 418
116 274
67 387
22 269
161 533
300 590
239 341
114 324
50 189
251 520
41 398
196 574
66 168
357 447
160 186
153 247
340 471
38 277
181 433
60 563
204 360
179 424
158 194
435 565
102 251
172 487
44 225
434 586
245 376
31 405
95 284
474 509
487 554
201 522
296 300
107 164
342 531
111 403
88 134
76 327
40 462
88 546
273 427
116 295
211 590
99 502
506 507
239 329
86 315
287 460
443 502
217 485
399 584
155 575
55 474
48 398
202 312
84 94
74 491
183 391
82 398
193 599
54 245
59 528
35 104
231 328
318 569
60 158
24 212
226 595
167 455
181 317
233 519
301 568
369 433
1 322
29 81
61 495
313 419
162 486
409 483
7 513
220 229
253 290
234 258
410 418
261 570
34 125
162 213
89 505
200 476
285 498
259 308
128 377
124 301
332 448
295 437
191 299
117 586
270 408
422 451
473 594
16 464
423 566
141 460
269 336
143 531
46 515
266 425
516 542
7 585
15 480
156 238
197 223
8 458
237 551
67 466
44 448
130 590
303 441
102 372
14 199
28 133
339 426
80 458
92 181
87 374
165 388
24 144
283 456
380 598
66 539
263 275
357 459
300 408
379 421
72 515
465 532
208 496
397 455
349 366
210 443
244 498
315 480
366 377
21 381
340 556
64 440
157 530
128 492
156 170
31 293
228 259
266 290
514 555
82 160
61 588
460 547
418 436
64 399
235 587
20 213
218 392
44 279
427 540
209 527
121 469
139 206
298 503
428 514
301 438
19 518
223 455
317 433
160 453
443 472
71 559
118 334
52 526
158 350
243 585
73 102
3 355
277 476
445 545
277 433
100 182
91 258
212 214
6 391
154 363
165 533
21 257
373 556
181 277
36 314
279 347
177 520
76 149
55 509
263 478
183 321
17 422
26 534
380 386
33 470
254 506
362 371
65 494
169 576
213 564
185 410
215 565
287 591
12 29
133 289
237 302
94 572
331 450
101 163
116 497
17 324 10 402 330 498 46 517 183 138 307 241 276 214 27 204 571 79 344 407 239 21 45 538 84 478 76 272 228 128 388 421 294 377 439 381 284 181 354 593 209 161 494 328 347 86 500 96 196 76 500 570 312 379 116 23 218 100 588 471 517 277 132 444 8 561 125 158 6 276 584 504 40 49 389 325 45 557 576 481 167 452 214 203 73 135 277 280 89 397 376 454 174 284 442 104 167 284 166 125 250 565 195 132 261 570 115 396 555 261 478 364 23 486 376 502 391 291 37 97 201 132 309 42 261 82 193 172 469 563 202 383 426 249 581 234 317 265 340 84 515 106 84 582 184 434 357 5 263 221 540 481 243 104 161 395 220 360 226 475 573 589 587 470 474 266 352 140 202 408 502 519 0 374 450 308 282 98 483 281 61 135 19 447 221 290 6 64 568 511 28 311 240 123 14 300 164 215 55 261 5 442 271 54 156 307 32 353 24 351 27 409 244 443 177 402 529 48 188 547 194 410 351 356 579 283 2 354 383 88 532 254 492 210 553 472 259 25 472 165 248 287 568 53 406 16 240 273 289 91 188 195 191 518 309 506 461 152 119 42 20 485 79 434 98 99 231 430 57 448 97 187 195 144 240 313 531 536 295 431 228 148 452 108 469 543 259 372 358 322 504 166 76 92 279 0 33 4 507 463 257 283 350 219 399 355 184 236 515 306 226 391 328 423 453 298 497 169 493 511 233 240 411 522 148 429 591 241 389 177 597 445 58 35 173 591 314 402 127 135 124 551 485 260 240 185 459 66 268 237 269 357 498 478 379 115 418 384 330 478 431 403 533 476 490 371 433 414 94 122 513 370 492 190 572 412 108 44 465 339 377 523 68 371 495 63 278 126 257 419 104 242 539 289 85 166 405 480 122 596 15 493 58 103 598 32 172 486 490 565 202 68 420 98 361 567 299 61 35 125 203 576 209 400 40 111 501 416 443 569 172 156 428 526 132 550 191 277 371 96 104 444 69 84 598 445 245 435 506 155 211 444 499 265 10 301 197 358 561 515 176 458 182 373 530 311 584 24 224 342 485 249 53 78 450 160 238 427 432 104 236 578 535 528 88 181 306 366 447 186 494 136 528 521 58 161 32 464 146 344 353 474 37 332 191 75 278 445 569 357 247 156 448 225 489 22 236 482 318 73 201 165 359 199 195 116 32 61 284 589 175 127 219 461 463 582 423 38 286 280 386 129 159 131 541 399 497 143 418 533 171 105 324 449 408 136 336 205 19 334 212 24 544 379 331 22 369 566 39 320 440 138 319 460 386 302 86 557 64 572 342 481 430 348 522 263 46 276 323 11 100 7 185 182 333 50 477 34 457 314
616 611
126 345
777 424
534 253
872 214
50 325
826 447
903 494
997 416
391 336
951 401
773 284
474 727
824 127
783 621
518 156
269 983
692 655
51 810
48 868
812 290
499 79
86 602
886 634
954 316
513 194
635 4
763 715
529 489
426 695
894 237
556 899
70 627
995 963
892 797
986 803
739 262
223 800
319 478
490 443
19 398
613 318
57 920
666 673
148 935
240 990
236 96
413 180
677 285
846 17
671 77
975 87
857 44
504 703
247 884
972 274
691 460
527 99
560 130
497 778
225 196
980 33
462 957
615 158
726 165
83 519
615 571
28 152
417 896
311 56
812 713
965 219
260 128
561 703
828 671
858 799
392 65
332 4
39 234
71 559
908 436
381 639
638 355
479 581
854 960
937 935
559 241
314 447
352 208
49 985
996 475
256 663
179 458
594 98
866 989
18 798
764 874
948 773
473 380
617 901
776 99
527 32
609 707
80 694
969 843
790 949
83 809
367 243
319 325
5 972
807 223
425 520
429 464
111 488
594 358
217 861
300 793
457 22
374 438
508 805
142 447
946 18
567 2
167 140
439 350
917 756
994 678
208 361
830 345
307 398
772 486
271 562
118 648
489 525
329 232
4 655
955 539
585 281
895 831
81 366
887 763
901 163
78 192
555 375
936 231
66 408
351 985
187 743
279 172
412 91
224 65
166 170
820 887
250 795
416 797
61 102
790 175
339 59
255 196
781 823
635 410
63 221
763 325
462 51
405 245
157 212
496 19
399 729
648 527
836 783
766 225
157 880
987 514
980 713
307 284
588 512
342 573
705 715
212 225
824 744
99 396
232 470
792 65
891 380
480 328
308 157
638 459
198 935
323 512
689 30
130 849
200 21
219 901
437 262
290 229
532 564
472 234
397 681
9 699
784 584
325 602
988 756
994 179
857 305
344 929
993 645
120 378
964 740
146 0
435 551
618 978
768 523
919 342
795 336
920 303
148 762
317 741
411 136
556 641
201 993
901 923
86 655
127 220
363 662
554 313
187 907
376 894
311 912
609 776
934 881
233 765
911 620
34 665
110 15
271 707
451 428
109 829
28 23
793 124
243 312
517 737
5 937
903 680
869 574
678 919
255 847
148 628
282 757
683 192
548 990
984 997
643 720
472 829
439 931
642 110
352 605
243 726
572 49
218 738
643 805
742 201
733 122
779 550
654 218
850 759
150 93
467 906
298 661
522 966
42 560
649 563
277 375
295 859
25 502
352 746
638 182
354 408
282 518
808 928
103 991
758 918
195 290
43 453
672 428
36 773
665 857
748 850
894 90
652 998
465 550
454 879
783 995
760 455
583 902
128 68
354 800
709 517
90 119
856 502
277 22
730 537
436 400
84 33
726 426
238 402
95 275
855 246
933 638
614 810
220 496
178 487
547 445
993 217
532 861
811 257
532 223
174 817
219 424
598 456
254 605
428 628
929 417
93 327
712 844
587 310
336 122
418 753
350 34
956 605
208 322
33 78
627 269
273 915
258 957
355 488
199 78
73 483
850 850
54 352
609 742
561 548
220 252
498 411
805 979
861 606
458 659
977 936
115 948
949 105
914 256
262 269
703 337
131 536
490 971
978 145
506 270
944 668
403 570
378 124
275 334
311 955
710 941
937 580
379 748
978 360
530 776
887 301
552 749
715 814
272 424
397 272
993 595
627 666
583 483
345 452
590 999
186 869
882 347
196 529
159 304
181 703
515 128
110 450
661 605
756 995
819 621
145 698
28 200
143 153
449 996
346 364
865 435
501 626
353 292
587 665
740 734
422 862
332 661
655 306
713 98
777 755
674 831
943 808
401 470
731 325
575 836
517 652
215 610
687 544
733 23
318 200
935 149
124 414
668 768
61 73
637 850
192 108
392 954
337 150
547 819
259 70
126 291
727 657
609 19
849 721
533 925
648 748
10 598
20 309
722 610
507 841
103 726
282 636
275 469
404 2
182 779
384 171
333 840
403 397
3 120
662 149
736 470
522 999
649 954
807 405
740 786
473 634
397 599
176 972
749 589
607 225
758 655
764 35
672 382
110 802
336 702
708 390
915 194
980 447
388 523
857 124
251 632
51 383
211 398
325 999
115 874
0 215
944 976
675 252
915 14
999 901
521 589
715 999
500 477
998 256
187 248
284 593
748 959
721 232
899 724
484 192
157 421
90 163
796 36
771 793
448 146
752 374
950 510
937 720
24 846
817 184
879 702
841 397
194 198
113 582
996 60
163 46
283 834
707 874
800 662
189 567
439 192
581 965
822 582
362 323
41 945
602 125
581 173
799 505
993 295
224 667
670 889
900 559
918 534
60 275
263 100
0 359
167 377
73 884
71 0
676 722
64 745
996 866
145 568
488 673
37 704
829 54
448 591
442 772
878 476
309 102
544 412
104 900
98 245
676 1
622 68
874 739
874 910
688 492
569 595
17 625
847 644
10 251
310 625
972 0
701 763
405 208
839 166
581 742
374 9
448 294
7 50
194 636
681 581
940 472
22 277
519 532
76 451
6 480
961 176
528 303
172 594
508 326
216 154
824 317
149 791
650 27
686 616
371 386
590 403
752 66
728 352
904 958
735 684
437 232
65 150
807 781
384 990
517 386
811 368
383 39
81 970
186 343
588 204
720 57
855 544
422 30
459 470
919 65
846 76
734 501
919 108
926 372
179 402
456 523
375 827
484 155
441 494
150 666
467 273
