600 1232 600 712 13
251 548
272 473
156 549
352 441
125 370
333 499
222 545
375 591
206 211
3 460
484 549
160 513
6 69
355 511
0 564
65 100
250 470
232 350
15 197
483 573
4 181
289 472
310 383
246 322
48 431
175 418
342 403
66 414
169 326
116 394
212 494
7 379
26 506
193 195
150 166
188 599
451 586
314 329
274 554
5 466
47 405
261 468
112 189
135 385
194 507
68 581
62 322
343 358
213 455
42 500
62 94
53 166
201 522
408 475
312 332
98 476
48 410
502 528
57 253
463 520
186 340
149 404
318 371
536 573
489 535
70 491
60 419
345 554
55 67
465 470
354 572
380 587
496 552
6 176
469 484
156 497
66 263
223 581
71 371
156 387
141 186
59 348
203 261
142 478
95 494
337 454
253 535
102 510
415 434
406 443
55 185
40 489
341 446
37 516
60 264
2 525
270 536
344 352
47 322
164 331
72 442
345 568
55 242
67 146
28 310
249 445
88 315
59 225
212 215
296 476
36 128
208 217
400 410
166 472
176 398
52 320
334 452
468 539
453 586
99 360
170 217
170 260
566 596
37 116
81 230
78 456
304 313
306 378
1 537
66 364
155 294
130 309
443 488
107 358
579 583
20 214
477 598
265 462
531 533
215 515
18 198
168 536
33 219
174 405
200 291
298 397
95 215
37 408
395 461
138 237
344 376
52 202
2 57
10 183
105 512
231 300
202 595
189 401
251 362
401 529
39 120
229 519
530 552
58 278
193 448
37 460
28 303
123 444
431 566
145 379
335 403
365 471
141 560
432 509
3 394
85 107
396 559
387 421
114 470
382 470
159 234
218 455
366 495
233 555
32 315
403 511
442 499
50 527
264 267
127 448
64 498
161 480
314 397
121 227
300 347
330 512
182 414
331 454
14 523
2 503
187 348
361 396
285 311
92 347
157 536
81 248
214 543
303 310
116 189
198 224
381 477
173 264
247 466
111 542
19 312
325 556
51 521
53 205
457 542
198 298
315 363
221 297
33 345
438 473
190 508
93 131
284 317
238 239
77 420
77 446
410 420
343 456
491 512
80 143
87 234
397 530
70 256
182 593
26 565
101 369
400 483
420 534
321 454
241 582
62 280
31 447
320 594
357 374
147 488
144 212
280 322
101 255
500 572
146 469
21 141
52 194
313 447
263 514
4 586
355 533
53 150
290 318
169 453
102 223
92 231
473 482
222 576
544 579
136 301
142 367
134 323
112 306
124 370
272 425
46 329
38 593
70 588
245 309
157 573
353 412
108 485
81 542
264 473
74 216
457 585
388 459
305 562
117 249
98 129
271 321
164 386
158 380
130 328
113 148
332 424
13 138
335 511
119 336
338 377
279 524
547 553
168 554
16 468
244 489
412 565
404 415
194 508
406 488
155 177
253 460
20 58
12 128
393 432
182 238
276 436
493 595
361 365
281 489
103 535
261 539
391 453
231 347
210 525
9 241
149 306
128 515
154 525
50 236
48 349
181 489
150 205
242 469
88 266
41 484
217 498
86 359
68 244
30 528
84 119
38 333
5 423
10 145
13 404
100 493
5 358
114 471
333 377
119 409
209 480
116 378
531 550
247 301
355 599
116 357
285 409
415 422
34 538
31 304
361 465
123 268
554 568
377 383
281 398
341 538
160 247
81 333
262 450
102 373
190 354
59 490
33 568
23 314
77 341
90 525
330 513
110 195
516 520
218 371
382 465
251 256
394 541
8 177
175 584
18 397
75 380
280 296
91 405
72 439
51 392
410 431
296 317
96 584
405 422
144 351
336 447
108 241
178 199
432 577
359 481
402 540
197 283
181 244
134 209
368 440
394 597
195 448
486 560
173 477
68 205
405 580
299 467
335 389
173 598
27 283
203 570
99 398
316 394
402 410
31 88
395 567
38 464
178 277
149 513
21 486
162 416
160 466
274 543
122 559
55 369
170 298
462 569
154 532
18 552
33 92
257 410
76 281
23 397
331 488
35 583
99 342
150 395
303 399
24 233
36 490
325 419
23 151
68 449
331 392
198 429
321 561
141 486
357 516
123 162
85 243
303 584
108 484
346 386
395 451
2 45
260 585
328 445
175 251
137 558
183 279
73 570
86 481
235 443
0 305
275 541
230 377
78 343
317 446
410 458
411 428
358 456
55 126
11 349
56 143
69 360
241 577
452 458
60 514
214 559
421 487
342 360
217 558
435 441
124 125
26 412
198 273
77 534
474 566
266 583
290 592
413 576
168 201
119 430
188 302
89 389
100 265
284 534
18 384
39 427
187 258
451 461
157 168
295 563
5 136
131 135
359 487
143 355
108 146
226 375
315 447
324 578
569 594
492 528
7 515
187 319
165 291
507 508
72 159
258 351
43 590
87 329
300 409
91 105
68 181
356 430
99 389
194 547
81 585
138 463
208 260
462 594
42 203
104 184
110 184
496 530
63 115
17 203
166 395
367 478
8 517
115 235
148 378
125 590
299 368
92 119
245 384
113 412
381 556
304 373
149 422
220 448
83 211
60 381
125 429
114 361
26 301
370 564
93 385
322 527
218 290
256 428
256 588
388 527
257 400
444 551
71 213
321 337
41 265
512 580
267 414
204 532
75 403
147 454
171 593
55 221
133 373
243 375
176 360
175 548
175 362
240 350
29 236
545 574
473 528
97 260
364 464
29 336
27 312
165 517
9 262
120 427
68 223
12 473
468 561
132 340
339 572
238 593
188 441
47 415
30 368
403 557
327 454
12 59
252 271
15 283
274 345
116 148
78 220
263 411
36 215
171 238
346 521
191 261
180 584
302 503
255 344
561 572
408 516
119 236
94 280
49 439
405 415
423 466
18 298
5 107
196 211
133 304
127 509
268 423
492 515
283 555
8 240
134 161
60 556
204 535
321 339
32 363
127 577
282 408
29 315
128 490
151 505
15 277
54 317
261 561
20 396
218 318
227 256
216 559
212 351
503 525
31 313
15 213
423 551
59 187
184 546
310 399
211 379
456 509
344 541
541 591
424 589
12 438
137 566
28 137
190 507
225 539
1 556
199 524
178 455
251 512
26 247
270 483
591 597
144 490
112 149
206 279
325 411
421 497
234 526
216 396
275 344
23 260
40 535
333 442
286 421
215 494
38 192
38 171
7 215
78 417
362 411
377 542
280 523
89 99
224 429
74 396
42 561
219 311
44 285
10 83
258 521
131 431
210 531
124 429
380 504
183 199
244 449
243 591
237 415
177 240
264 308
157 430
282 520
14 174
137 498
344 366
25 229
92 356
276 581
89 204
319 386
518 540
246 583
261 381
320 462
559 578
558 566
285 567
239 592
432 456
180 338
17 444
192 593
107 506
148 597
46 234
117 424
373 510
181 453
139 517
0 370
376 541
238 592
247 378
122 578
144 258
46 248
302 344
117 589
90 532
34 388
133 501
104 110
153 499
229 551
167 452
61 390
297 571
260 457
19 27
28 64
400 420
312 424
207 526
138 304
0 22
64 111
80 511
223 510
136 506
577 582
35 288
492 502
191 468
343 423
207 480
235 553
352 435
478 483
295 486
17 588
103 253
288 304
135 284
162 466
8 155
55 450
248 499
411 588
308 473
97 298
190 546
128 215
58 168
54 98
331 406
277 555
16 225
177 232
117 328
66 106
7 95
307 485
107 243
277 455
21 402
167 334
188 437
268 466
433 594
73 220
270 573
263 325
403 504
193 241
53 313
495 571
292 468
444 588
86 407
226 450
41 307
447 472
179 407
65 595
220 509
349 545
227 251
43 370
481 575
119 231
306 513
91 330
84 336
146 242
315 579
542 585
404 529
229 570
142 483
129 385
314 530
106 364
42 261
480 526
146 262
60 267
271 354
11 566
180 399
298 429
187 521
86 269
12 173
90 335
94 341
162 268
488 547
4 205
92 157
246 434
104 546
272 308
413 596
40 281
45 503
370 574
70 330
237 404
302 550
330 491
82 512
111 377
124 273
6 158
316 376
318 480
309 445
51 212
286 433
237 434
29 479
232 465
448 509
321 468
287 476
531 599
460 475
363 479
324 390
77 284
255 369
85 432
383 399
230 542
438 528
113 378
66 514
416 513
362 464
576 590
193 546
117 526
349 566
252 572
295 560
227 428
474 596
140 312
236 430
155 382
52 507
101 366
53 223
58 554
153 234
107 565
56 599
234 329
50 363
141 294
76 326
10 440
160 306
234 328
304 463
111 383
34 62
205 223
92 168
285 472
546 595
134 312
275 591
86 433
63 235
539 598
379 492
163 424
449 581
367 471
41 109
418 512
359 421
143 441
17 25
293 294
13 463
411 537
152 297
105 330
387 569
149 529
54 476
247 306
222 590
94 538
52 100
112 529
1 17
439 592
65 485
328 496
5 343
351 521
262 577
258 490
270 522
132 562
9 108
195 228
440 455
48 458
62 388
185 450
10 199
108 307
159 442
33 274
267 308
71 218
69 380
74 361
384 552
47 523
265 569
141 293
338 383
38 377
64 383
400 538
131 534
449 535
82 418
93 137
70 416
416 444
219 409
62 538
194 553
69 176
295 458
292 327
226 243
24 555
253 276
239 299
329 530
109 265
27 197
19 140
109 307
190 271
60 173
220 228
132 563
350 390
426 546
325 537
267 425
41 549
103 532
236 479
90 154
159 480
161 213
164 454
328 329
255 375
34 459
57 460
185 369
90 531
360 504
201 536
148 412
478 522
268 551
36 212
450 577
153 159
85 393
327 468
152 366
308 425
130 496
88 288
243 393
254 412
61 578
239 290
65 108
244 535
254 591
161 318
220 417
9 146
558 596
22 132
145 368
511 557
418 548
202 507
421 594
182 192
295 452
438 502
387 497
147 547
167 349
30 425
302 525
157 356
28 96
151 314
24 283
194 320
315 336
365 522
118 149
430 573
13 357
72 238
117 163
50 430
47 434
278 361
58 543
10 211
177 350
272 482
431 534
76 169
3 37
253 449
67 242
142 470
374 520
27 233
474 545
0 132
16 348
329 496
372 564
257 518
461 586
128 438
61 216
22 562
50 573
163 312
33 347
394 460
251 491
82 287
411 464
436 449
293 382
363 527
475 501
288 434
30 239
219 300
33 168
86 286
338 399
367 522
138 434
100 320
199 279
533 599
200 305
79 188
67 262
73 519
541 597
167 574
115 179
498 558
77 400
14 296
73 78
172 359
21 293
15 323
477 539
278 396
39 517
99 335
89 335
238 333
140 233
57 525
239 425
297 369
402 458
126 242
209 589
45 316
121 411
134 213
316 541
12 264
110 500
216 259
459 573
344 437
162 513
459 483
483 538
271 508
59 128
1 203
81 499
146 484
319 521
302 437
36 144
15 455
63 553
164 319
260 397
131 284
74 465
13 189
114 465
311 409
142 540
48 452
2 460
163 249
545 576
45 394
85 456
229 343
27 134
189 357
334 564
334 563
188 550
196 206
254 597
441 599
14 287
57 154
112 401
186 294
46 505
64 208
391 586
342 504
44 472
110 570
290 467
88 447
38 106
50 459
202 493
246 544
316 503
63 407
339 561
71 455
37 357
208 457
134 589
376 503
352 13 527 250 202 246 429 503 348 501 20 362 386 561 403 353 113 436 463 347 538 147 286 500 460 337 66 9 299 300 581 180 154 281 150 284 414 172 360 523 159 149 429 360 226 212 539 428 487 141 355 309 239 352 497 73 188 100 373 513 320 140 411 518 21 22 234 372 19 572 328 393 305 302 599 303 507 78 308 407 438 95 208 514 340 508 431 143 328 415 502 551 397 504 568 268 530 254 147 136 328 344 279 222 433 278 523 241 531 221 320 392 190 256 555 350 66 493 188 455 341 568 377 428 127 301 98 458 507 197 355 419 184 420 69 454 447 9 1 170 138 40 108 316 226 263 321 304 429 46 10 6 457 176 30 111 338 348 209 443 446 375 382 133 417 198 386 271 543 318 102 129 539 79 148 484 136 0 475 466 346 225 171 210 369 179 365 463 158 451 0 405 495 76 114 389 379 167 333 207 204 534 427 470 565 164 137 451 304 592 299 378 417 217 556 116 544 585 84 313 47 474 471 406 389 419 60 557 210 193 75 293 383 450 18 324 224 97 183 205 154 461 290 571 445 379 263 155 575 510 525 63 247 138 289 357 201 122 258 206 106 73 166 203 223 141 339 156 188 541 582 233 282 71 537 3 571 36 196 11 433 529 497 271 107 44 303 509 423 505 564 544 108 448 345 100 151 456 532 238 126 71 323 290 322 98 259 445 376 499 322 529 233 394 371 306 342 192 209 175 73 390 13 235 141 214 366 268 107 361 187 329 6 203 396 535 383 545 5 559 322 489 73 241 11 409 262 422 119 522 359 0 580 340 58 300 174 141 305 348 193 497 32 433 543 379 260 49 208 222 335 441 132 503 330 32 461 410 567 562 521 100 560 259 189 93 122 129 524 188 110 499 228 432 144 38 479 369 377 436 136 66 181 578 178 504 234 498 265 545 268 538 566 591 392 135 163 249 280 144 516 106 225 217 98 164 12 117 224 84 87 457 203 77 489 46 237 53 476 81 526 133 164 28 453 226 422 105 228 221 333 478 151 558 443 357 155 295 146 473 426 302 510 393 599 22 60 378 561 101 120 509 266 529 460 551 498 337 116 48 528 272 204 564 515 201 360 250 247 486 457 181 546 565 91 218 430 376 27 498 221 483 339 307 269 9 190 448 324 334 298 544 272 538 485 412 565 483 30 477 267 159 585 356 177 445 439 570 360 562 197 95 223 99 250 83 570 181 546 175 334 465 109 51 195 500 444 465 373 155 453 586 539 538 326 430 70 335 529 275 219 188 430 369 297 155 422 90 482 283 210 554 41 224 338 334 159 259 451 174 358 424 127 549 99 449 348 35 362 531 575 448 60 478 57 53 271 93 425 143
367 990
636 444
272 190
304 224
50 330
534 318
0 103
971 575
139 978
647 120
919 691
430 826
845 499
307 322
386 566
945 880
873 406
603 426
572 917
911 970
75 770
214 846
312 967
589 846
978 924
602 381
462 319
912 925
498 700
169 517
833 635
156 395
237 544
22 623
242 641
251 451
929 498
331 241
660 654
66 968
132 166
746 46
709 336
441 941
95 460
304 179
665 872
319 540
359 784
818 778
180 589
968 400
825 194
91 386
411 628
565 47
301 20
223 204
89 703
896 462
721 508
30 885
255 603
945 168
520 724
736 143
674 559
602 49
113 274
26 84
501 479
900 808
750 729
638 302
119 856
75 23
40 184
315 677
601 279
309 61
223 10
650 783
451 579
964 720
91 502
505 197
917 93
714 895
189 430
190 117
214 96
410 472
80 601
416 729
284 598
997 561
514 636
560 876
430 608
124 101
799 126
477 60
163 340
180 191
741 234
440 501
672 626
505 259
696 107
759 81
687 282
584 746
373 346
439 287
158 809
984 175
356 274
795 941
374 461
121 546
9 966
576 551
2 831
515 411
465 989
464 958
610 3
600 194
915 536
478 631
690 971
386 722
345 953
228 340
847 909
421 673
501 304
451 719
290 393
46 994
928 993
224 874
218 751
269 8
960 465
930 641
634 73
919 291
389 242
405 405
74 364
621 828
428 41
716 805
227 160
175 922
805 18
134 636
7 57
760 802
445 374
815 846
480 409
803 990
892 353
174 1000
61 396
385 828
90 655
39 230
524 865
698 678
978 8
794 508
382 524
559 604
44 155
136 933
983 815
975 136
596 611
57 265
744 641
927 719
726 277
560 78
239 931
912 425
347 64
336 315
807 247
775 408
706 632
679 201
853 230
689 241
972 692
921 898
548 960
932 772
258 985
123 709
793 178
655 379
182 154
82 323
1000 703
742 857
518 764
793 872
247 117
960 655
990 461
897 850
43 735
963 507
52 829
500 793
873 778
16 570
630 264
513 29
464 885
120 324
518 947
839 459
527 144
557 524
653 249
577 347
661 746
76 558
151 894
974 972
714 865
917 199
160 561
304 435
762 671
800 691
93 943
649 158
625 30
480 186
94 253
630 996
285 501
434 336
690 849
760 994
185 791
532 551
772 285
192 221
436 219
475 108
555 490
284 750
945 435
75 870
563 819
726 393
604 81
658 525
774 527
787 45
208 466
742 588
513 377
935 49
155 674
810 282
824 601
502 990
2 690
435 123
186 296
979 858
95 746
998 755
317 577
93 161
252 283
944 930
348 677
15 482
889 49
425 570
230 406
48 462
839 753
188 965
851 350
197 899
199 937
300 851
339 597
454 28
528 898
847 669
44 570
495 333
326 114
551 675
211 368
301 1000
411 369
723 67
782 586
707 1000
572 694
16 533
859 988
130 369
619 898
182 482
355 178
372 649
801 812
902 384
831 152
816 310
266 560
880 888
15 929
645 500
2 224
821 345
718 923
664 929
461 483
926 320
850 958
702 723
362 904
149 58
134 495
865 305
608 658
772 333
291 912
303 633
108 63
569 297
406 114
28 654
975 367
49 600
879 440
406 808
113 890
973 427
386 72
467 219
777 258
215 44
107 591
322 283
540 283
913 23
52 101
104 826
603 557
204 510
655 597
131 780
442 73
181 720
885 694
517 60
405 970
856 840
388 931
190 331
275 344
467 142
331 145
635 703
403 300
980 615
17 18
726 472
183 862
601 712
588 974
475 679
937 371
833 33
228 608
158 108
70 925
2 300
1000 331
501 168
340 212
24 403
68 801
593 885
98 112
570 651
264 720
330 370
256 834
123 18
338 396
389 496
969 297
944 124
261 257
61 503
308 774
617 519
440 251
509 831
719 607
330 474
487 437
605 249
478 597
693 507
300 706
862 34
351 430
535 351
822 956
792 621
730 170
5 1000
586 517
497 913
143 601
369 757
552 174
878 79
280 468
372 5
180 246
363 113
878 544
807 747
898 750
342 5
724 760
948 226
540 436
761 962
342 635
127 421
636 206
137 242
558 122
2 337
329 842
48 292
892 323
934 809
559 238
549 756
302 816
212 640
258 224
17 374
823 110
247 364
633 577
159 843
484 370
857 730
807 384
673 4
187 821
185 760
73 443
831 534
457 820
233 253
394 593
769 472
202 698
185 541
775 839
973 74
807 561
230 675
690 52
725 96
276 864
932 0
954 257
105 207
930 462
499 522
937 611
776 141
998 528
391 41
659 964
844 4
488 750
700 778
706 306
221 294
919 581
293 150
76 59
645 844
484 278
785 218
834 268
583 224
163 313
187 58
474 534
445 442
705 536
946 546
296 272
112 979
275 777
608 318
251 323
930 399
155 709
355 556
978 787
263 141
776 909
210 578
868 581
366 390
633 944
237 78
206 177
253 47
363 706
144 202
121 673
603 476
265 666
799 430
230 805
394 156
626 755
13 732
264 533
426 863
756 204
920 240
506 583
747 17
288 79
570 383
591 943
886 196
33 684
994 900
694 477
160 16
438 771
16 784
258 893
771 363
265 956
315 883
372 953
468 253
400 772
13 431
60 650
826 81
647 340
429 12
742 308
172 629
416 893
990 42
492 861
588 157
25 857
250 509
440 541
149 273
621 157
238 479
542 642
613 796
23 319
40 0
576 449
807 905
458 917
432 191
774 703
725 662
858 107
762 173
470 791
401 199
806 465
283 43
