600 1046 600 1087 11
152 376
105 335
13 231
157 311
110 261
419 598
16 591
20 267
62 184
208 532
139 225
94 401
145 300
215 552
382 590
18 161
360 505
110 386
167 385
336 438
6 194
345 413
161 582
14 574
539 596
408 468
82 383
277 316
47 197
106 276
412 432
319 349
212 544
108 256
0 195
80 125
93 283
405 439
315 476
10 532
345 365
559 587
204 461
283 330
307 530
334 482
453 595
209 473
399 497
249 407
138 520
21 268
500 558
138 487
264 271
40 168
120 497
250 527
63 99
397 479
224 455
383 480
211 294
457 594
290 403
21 262
361 378
98 115
392 483
228 257
76 431
139 373
165 449
2 456
92 565
17 165
524 527
447 596
396 586
105 198
60 417
32 466
343 544
38 352
260 419
214 301
11 587
79 511
58 599
65 182
55 182
221 389
380 423
165 260
513 549
340 516
185 348
340 558
149 162
459 513
246 426
50 410
269 343
101 179
231 288
24 318
298 527
32 361
45 208
320 364
14 298
164 408
70 521
8 319
114 119
258 415
100 353
15 162
543 576
138 388
392 542
122 309
0 501
272 556
227 525
286 425
169 447
56 298
135 246
305 354
226 275
328 388
456 480
222 277
263 322
41 157
248 486
48 80
377 498
337 543
250 524
266 315
9 335
248 412
51 428
229 291
421 512
202 406
98 487
362 419
261 498
88 597
313 523
61 525
489 559
68 398
119 404
382 599
1 498
84 122
124 326
426 460
44 161
136 270
99 158
33 332
123 276
193 516
193 245
60 421
429 441
53 377
134 541
363 400
63 486
153 325
301 419
196 350
102 504
143 283
191 300
187 541
335 364
171 188
71 262
15 144
298 524
74 527
196 508
3 270
401 570
281 423
284 466
69 383
485 526
180 306
155 380
43 242
346 437
158 308
389 567
247 374
147 327
454 554
40 501
187 312
247 454
128 223
226 577
114 274
24 162
128 440
212 343
158 524
94 267
393 421
145 191
4 411
429 594
64 324
65 550
384 499
262 268
143 262
346 405
122 471
391 474
147 577
159 344
483 503
272 439
25 390
100 489
208 395
259 568
166 276
43 358
82 144
356 520
81 356
397 450
118 180
171 379
398 580
141 532
137 236
15 442
65 587
167 525
328 520
278 394
258 457
69 480
473 583
558 598
154 357
146 564
104 185
149 427
353 437
194 319
178 435
108 413
341 457
259 391
180 278
317 496
370 516
57 114
123 285
55 470
408 436
135 180
184 538
164 556
352 451
144 393
22 23
247 296
129 547
298 574
234 597
358 495
55 65
78 368
108 390
231 409
39 539
252 455
385 435
188 517
86 272
223 237
3 444
33 254
218 594
71 80
89 426
373 449
578 579
330 390
423 462
498 534
393 483
397 434
7 503
99 500
44 192
133 465
236 492
89 151
106 365
257 472
145 211
245 481
263 443
375 383
27 536
76 434
248 598
139 165
241 310
107 501
33 239
146 578
87 313
53 306
281 462
244 579
446 554
210 332
532 585
118 423
44 275
548 590
135 278
160 262
14 412
119 274
503 542
102 332
183 209
15 129
115 520
176 348
94 175
7 519
275 581
188 379
436 556
15 310
30 420
202 596
374 454
35 183
136 282
153 235
76 150
352 408
174 379
217 461
275 478
196 436
148 484
28 554
192 581
24 134
190 270
428 540
46 507
215 299
394 576
178 535
550 559
4 511
12 246
21 510
228 255
173 284
137 569
317 331
256 345
126 592
154 452
196 556
341 572
234 502
200 260
27 466
307 528
69 241
259 589
224 251
75 434
259 474
304 447
181 197
83 293
24 310
156 184
379 450
344 506
289 356
121 129
136 484
221 297
314 329
258 491
13 300
305 482
103 173
116 403
44 581
469 470
20 175
406 480
155 360
52 237
354 359
196 381
404 446
293 494
53 278
417 433
482 531
203 490
44 452
125 296
21 160
59 232
40 93
128 237
166 242
4 420
28 137
270 444
78 204
396 481
118 592
462 552
169 416
11 470
330 413
417 471
226 396
466 536
23 509
448 453
34 153
199 471
198 464
91 457
107 195
42 92
265 424
119 124
185 189
24 541
207 319
336 589
137 369
234 537
388 491
415 572
209 583
112 472
216 238
18 478
28 326
155 281
102 239
575 579
50 548
372 462
152 395
18 44
2 169
72 561
206 227
59 537
124 521
52 223
253 519
113 266
292 337
288 409
100 428
96 550
106 166
79 595
371 422
245 500
94 570
73 295
282 484
6 8
79 411
227 435
102 535
5 419
116 470
169 304
160 497
441 499
375 433
326 404
475 560
76 120
166 571
65 96
268 522
105 464
28 495
201 386
0 25
256 390
109 493
156 272
347 528
124 563
173 448
60 433
261 299
163 583
418 455
136 190
185 219
129 387
37 443
79 453
499 542
87 560
71 143
266 400
162 318
416 456
69 416
366 526
0 107
51 468
501 583
49 68
23 35
212 384
99 183
11 65
41 389
50 519
323 477
239 332
15 427
217 372
312 416
220 265
12 422
57 274
144 421
233 519
163 327
1 436
132 420
383 442
97 558
259 536
42 260
139 449
52 529
87 348
4 205
95 596
27 364
453 511
32 205
511 595
273 381
391 589
76 497
210 224
245 558
63 158
200 370
228 315
309 417
299 386
249 368
215 462
43 495
233 329
145 506
436 490
142 579
170 387
434 479
154 317
310 541
271 285
45 141
331 452
275 396
126 246
241 442
212 269
47 363
151 307
182 417
36 598
261 552
351 479
49 418
109 141
67 454
261 534
239 254
486 598
168 517
357 452
205 466
447 584
305 359
87 475
177 424
11 403
112 257
172 253
83 239
404 554
171 501
214 566
373 586
229 572
220 571
84 130
257 400
286 402
354 564
222 474
75 76
414 507
235 538
410 548
31 422
193 586
2 480
95 539
316 349
465 567
203 273
273 472
339 427
48 90
74 158
89 460
22 88
132 199
109 488
360 567
80 123
297 493
342 417
366 485
77 581
215 261
289 415
123 242
408 556
7 233
9 278
77 192
79 185
153 538
89 246
29 274
46 533
87 523
161 553
205 511
418 504
111 349
110 407
252 418
464 518
528 588
197 562
82 375
154 334
137 495
276 345
243 497
360 465
111 319
173 316
100 437
184 235
272 405
159 301
117 335
50 212
441 459
148 590
137 326
74 250
115 541
88 195
54 396
182 199
137 492
315 555
38 428
377 445
307 438
544 549
322 526
212 503
84 101
6 369
202 565
287 577
196 490
376 380
176 448
13 288
199 420
318 572
11 540
508 556
133 223
44 331
73 242
35 524
147 287
162 339
4 79
27 320
26 369
211 463
130 185
264 283
422 533
83 254
26 569
319 347
480 596
62 538
384 503
530 588
218 229
78 201
249 363
192 452
375 512
36 558
29 67
106 220
213 333
3 136
187 310
102 286
2 596
410 590
271 345
5 412
131 523
356 415
118 306
19 325
16 405
60 593
240 470
12 151
69 456
239 535
142 305
58 382
160 243
70 563
476 562
31 246
367 538
321 495
35 232
54 586
217 462
142 564
244 334
93 160
264 413
387 392
15 458
151 422
280 292
255 257
163 582
20 369
108 330
197 322
83 167
157 505
435 561
153 367
104 348
117 361
71 285
58 148
259 460
223 360
6 207
411 420
40 120
81 318
256 365
217 529
259 336
313 537
91 229
208 585
270 315
276 285
288 375
282 514
152 505
150 434
59 234
142 146
370 449
30 130
145 344
240 378
338 564
59 560
30 132
168 188
59 475
279 351
38 451
168 171
246 592
136 514
98 138
336 391
6 267
85 110
34 325
328 491
334 496
194 528
312 541
145 463
169 312
229 339
26 137
256 597
339 572
24 81
161 482
40 160
62 156
58 514
121 458
240 469
42 159
222 545
196 472
22 209
66 225
138 328
244 305
377 552
221 494
99 287
6 236
394 445
157 208
46 395
167 488
337 408
135 592
79 420
85 498
537 551
67 213
245 516
10 507
393 547
42 362
363 407
178 385
403 428
308 486
553 582
24 115
74 574
226 478
298 303
82 442
327 473
213 274
293 297
21 243
119 446
381 472
242 276
48 358
151 414
106 234
234 256
19 382
190 555
255 444
334 579
194 207
127 239
461 529
161 174
225 573
346 439
467 540
254 293
80 90
9 430
10 530
302 532
17 225
327 583
304 541
242 295
144 547
375 409
305 531
220 424
391 545
147 473
507 585
122 130
146 575
385 535
130 189
557 566
226 245
56 355
192 586
379 583
148 410
38 290
342 593
61 401
49 504
70 124
152 155
218 429
81 115
307 414
102 402
107 209
251 332
489 587
18 163
302 525
129 458
10 585
11 55
179 211
216 300
232 524
347 391
40 515
12 89
329 503
76 399
346 468
290 451
477 557
205 284
405 437
70 580
279 354
114 398
211 300
116 335
317 452
46 376
167 293
140 388
575 578
307 588
409 417
248 419
227 561
162 310
424 537
8 492
39 573
54 481
17 42
131 176
176 219
153 514
280 498
211 231
9 290
116 117
84 179
188 450
68 70
85 490
22 35
18 275
77 396
289 491
139 573
191 480
73 492
373 516
412 557
105 364
104 355
1 292
94 530
109 311
425 569
186 562
106 345
487 584
80 374
394 543
237 440
72 425
20 72
255 350
230 353
158 250
114 580
120 515
372 440
36 99
218 291
387 441
85 407
450 479
112 203
0 390
425 546
47 181
481 586
64 247
303 348
52 204
320 365 273 172 35 146 63 173 76 237 97 102 110 22 64 226 81 69 151 406 457 566 424 302 411 498 419 73 468 49 109 558 407 553 483 297 582 176 107 518 420 275 12 395 342 492 38 409 588 243 31 594 29 285 426 308 377 125 33 147 39 246 579 373 234 420 78 454 80 327 305 291 23 44 415 454 123 339 396 394 77 482 344 176 566 526 105 117 532 212 577 357 456 12 290 319 43 385 121 4 26 510 243 87 398 499 142 418 287 507 303 560 554 451 124 312 354 363 327 106 175 350 290 244 342 519 370 382 307 236 77 595 365 332 505 50 143 78 474 267 359 408 278 511 487 262 418 109 166 523 219 41 368 435 81 273 256 597 200 561 551 33 477 181 112 440 228 576 324 125 237 309 182 363 582 73 39 466 21 393 167 297 522 336 341 415 232 299 289 225 239 237 346 582 45 417 572 570 63 392 318 184 419 371 528 12 117 311 117 222 196 129 289 122 514 65 392 187 183 598 257 203 507 83 338 202 213 246 394 86 157 396 387 403 349 162 466 587 187 523 586 367 433 551 331 441 444 17 316 1 126 230 195 87 586 599 278 364 251 291 243 178 275 329 594 441 124 365 268 81 533 434 348 61 316 581 151 297 275 100 307 145 415 418 84 88 302 449 325 223 142 439 597 444 223 536 253 480 248 13 543 505 4 464 549 395 532 496 585 408 505 556 134 496 535 148 283 440 592 247 34 187 444 422 166 4 85 440 267 209 259 481 504 149 110 310 127 311 59 448 551 408 453 179 302 436 291 485 582 20 105 283 194 373 324 303 511 361 258 439 12 525 132 319 352 160 346 448 228 264 307 521 381 509 590 345 421 26 161 553 365 91 483 89 548 236 140 284 136 511 108 585 287 105 394 50 128 554 387 38 484 367 428 393 564 166 118 480 201 346 231 220 235 312 316 128 321 176 471 260 363 404 20 253 544 279 45 436 94 17 521 259 108 515 449 309 308 145 426 103 69 456 143 519 257 536 315 153 65 4 476 374 501 305 436 77 419 314 120 222 296 575 407 276 179 483 302 94 26 377 559 97 337 585 97 363 411 54 484 402 551 536 345 509 335 588 412 537 365 53 328 470 292 115 328 358 347 284 373 277 417 162 238 403 126 517 181 588 239 322 525 419 585 535 341 135 429 17 292 313 443 162 220 152 456 219 368 244 470 570 563 247 400 462 583 217 173 527 49 37 537 403 394 263 53 326 330 452 43 501 476 224 355 573 404 430 528 22 312 92 384 329 573 369 230 408 266 348 390 489 399 17 553 183 494 173 81 92 544 274 344 95 581 258 221 43 564 286 248 14 522 289 292 199 40 215 538 42 65 33
788 729
302 195
281 885
68 265
447 539
501 823
735 325
134 531
736 378
387 355
632 184
326 498
534 262
311 735
544 744
146 754
183 381
456 953
778 882
105 443
739 287
945 593
712 747
685 728
125 886
770 691
818 303
528 426
857 366
981 354
444 624
506 229
472 442
917 25
135 374
658 766
630 891
92 15
316 392
278 991
878 687
605 23
442 913
794 418
786 936
637 63
539 159
105 95
826 462
952 168
77 503
269 379
381 10
395 241
683 961
350 514
555 699
993 250
33 382
646 664
205 607
708 155
92 280
634 863
991 499
310 538
351 970
953 389
954 216
228 833
906 242
839 543
800 234
733 425
588 804
938 754
991 725
739 956
246 2
477 596
869 478
99 919
188 725
822 77
393 687
284 168
150 350
585 660
734 704
524 291
854 454
43 783
408 907
875 654
713 242
306 941
284 526
553 883
128 982
658 846
240 450
453 707
916 96
560 500
509 685
447 366
743 556
781 775
802 654
685 71
265 94
703 408
181 146
76 135
987 280
146 948
405 449
442 434
450 205
951 325
954 719
83 741
377 664
811 488
908 289
908 490
464 239
871 26
476 48
132 723
408 646
558 632
408 618
520 7
142 914
442 302
21 278
809 346
79 984
475 990
12 978
664 92
922 965
868 558
176 699
392 798
996 959
730 832
1 436
128 805
1000 807
576 252
514 126
78 345
850 1000
483 105
142 284
588 69
651 803
403 869
919 637
832 891
122 836
811 825
248 285
496 966
727 497
763 103
858 735
233 927
83 688
848 765
179 450
560 541
874 851
742 218
551 602
645 548
842 153
392 721
436 257
138 58
346 570
703 806
142 323
463 667
0 90
184 870
894 786
434 676
0 231
339 819
758 988
625 981
680 339
738 735
202 225
80 78
448 332
372 601
529 961
250 45
334 940
237 178
352 11
476 491
769 154
685 370
606 100
743 786
950 14
346 754
91 534
993 416
456 844
356 115
291 768
391 80
39 748
513 599
696 555
714 10
591 457
481 17
934 58
387 990
685 896
738 153
77 206
70 769
201 514
318 706
656 726
151 505
709 610
117 351
771 350
437 38
255 770
875 68
405 523
194 828
763 473
971 613
900 934
635 927
483 285
945 462
518 798
197 77
622 788
959 87
991 98
158 410
832 25
133 225
759 637
136 187
18 843
556 357
520 910
329 105
903 530
178 19
818 607
686 581
82 164
701 310
935 557
66 571
39 238
834 579
189 310
207 166
979 323
741 918
766 515
623 468
396 292
977 906
336 185
444 118
16 311
868 593
511 497
816 517
871 168
685 849
270 725
10 902
382 403
70 712
323 252
791 75
399 767
703 469
940 509
762 21
580 736
329 74
329 787
465 870
687 109
598 695
194 974
904 907
430 226
634 250
625 819
331 645
154 868
639 35
193 901
597 596
226 556
32 187
652 466
852 972
85 869
676 404
512 403
875 389
63 8
422 717
967 478
102 382
859 310
783 853
34 955
176 550
839 639
818 926
907 59
994 460
887 967
422 403
582 326
320 286
995 882
89 818
562 922
12 815
283 595
10 546
431 822
772 576
237 366
622 334
549 661
693 436
153 249
987 856
319 328
209 455
947 896
512 720
47 919
805 999
857 414
930 858
516 58
441 488
487 890
141 111
465 413
750 599
12 17
53 319
204 5
772 280
556 983
519 180
410 49
583 995
889 450
226 712
483 154
372 166
400 478
845 815
451 153
227 206
84 415
221 782
111 570
817 119
289 36
81 641
44 987
583 2
797 681
619 371
136 616
151 656
370 266
568 144
711 942
947 781
995 220
995 627
117 126
688 183
918 181
345 435
913 318
210 370
366 890
223 65
280 302
273 679
23 470
453 572
502 763
785 616
603 220
54 881
223 863
298 618
992 180
530 845
425 576
200 667
534 228
413 151
667 532
840 258
515 339
92 790
295 427
24 695
419 326
965 691
470 747
242 648
975 774
800 172
279 249
246 407
635 299
206 336
440 87
47 658
184 766
139 30
75 233
365 226
936 358
275 941
555 573
524 991
927 831
339 358
808 965
529 565
911 417
992 51
271 850
1 784
110 754
25 583
554 294
336 47
399 108
364 775
493 366
551 8
530 467
271 457
257 343
377 543
384 501
357 626
174 226
768 810
602 392
612 653
24 153
431 754
721 898
962 812
329 854
658 975
870 905
180 580
6 370
11 55
604 841
176 1000
737 86
235 490
263 218
5 935
791 378
735 51
791 8
818 396
872 943
963 661
326 155
80 600
661 878
817 755
730 633
143 567
966 138
539 81
400 825
598 169
191 263
698 695
996 568
486 532
225 684
1 636
22 341
909 677
598 971
902 758
485 327
127 486
84 944
938 292
969 545
586 633
630 746
718 113
40 83
588 766
662 293
366 36
663 208
911 879
649 124
572 178
291 120
858 119
569 394
650 585
100 306
321 977
301 482
170 925
108 617
358 295
46 491
638 420
908 208
149 694
89 469
2 520
282 559
635 636
387 136
806 871
903 363
4 203
220 278
457 775
605 910
230 521
633 696
780 194
47 135
875 257
975 933
394 934
458 811
562 37
529 374
842 289
714 211
711 525
39 817
348 998
555 773
986 991
363 330
742 874
943 991
900 993
967 242
769 962
846 851
797 800
214 998
619 144
708 999
270 494
677 251
598 353
28 442
200 424
462 266
247 579
11 670
490 564
324 914
717 658
583 888
52 355
