600 1212 600 1007 21
27 341
478 577
204 438
162 487
25 250
88 133
127 485
1 295
238 451
45 71
519 538
192 273
185 304
462 481
155 182
275 448
307 359
160 294
176 459
341 572
190 310
246 532
55 484
547 567
362 544
441 509
111 316
244 415
529 583
536 588
443 574
265 354
205 589
289 306
388 469
51 547
193 345
402 426
26 28
146 548
211 421
427 554
65 154
206 445
166 392
335 344
290 297
235 484
57 120
309 514
337 551
155 461
200 240
233 252
527 583
494 578
198 555
61 383
190 575
95 289
369 398
310 436
202 235
15 318
95 485
59 95
267 428
2 25
182 542
49 157
441 515
3 392
522 557
457 463
144 469
351 549
253 403
43 569
120 478
504 594
198 243
202 506
38 342
160 195
240 417
219 325
13 74
308 555
62 303
11 515
331 466
39 316
280 430
409 522
97 580
483 507
214 439
184 463
121 549
483 527
75 326
306 496
23 149
28 533
129 399
296 467
433 485
295 321
189 402
132 490
38 424
190 546
184 426
56 407
506 518
172 493
341 518
4 257
368 589
64 499
242 467
165 464
35 404
152 189
213 303
87 367
10 362
268 328
73 211
415 514
235 518
329 556
186 238
334 597
385 509
148 219
290 391
14 588
577 586
193 214
128 247
124 469
58 301
226 370
113 493
255 393
94 282
171 273
287 384
183 403
79 541
126 526
106 438
134 577
178 324
297 379
263 493
27 381
123 153
401 529
271 579
297 348
486 504
432 502
221 305
107 118
53 222
5 550
268 406
218 408
251 504
1 491
32 457
94 221
102 570
52 119
375 567
247 383
142 543
535 538
146 242
114 585
42 374
284 401
80 331
400 438
31 207
112 117
220 521
335 411
406 526
130 288
260 460
37 217
83 290
87 304
7 301
3 166
193 439
187 357
195 501
79 515
80 408
59 457
290 473
418 453
83 143
100 395
1 592
347 574
38 177
57 426
339 455
236 334
5 146
104 535
228 432
553 593
366 551
283 534
76 569
20 479
399 456
489 538
229 271
203 216
125 445
80 523
87 560
141 164
207 572
157 416
340 373
111 495
155 561
394 475
46 303
116 532
486 531
84 535
120 577
382 385
158 231
138 159
202 484
267 447
207 497
15 208
66 449
222 332
169 180
462 584
51 88
372 461
12 312
385 472
89 309
288 317
18 249
400 482
8 180
73 474
552 554
160 501
309 336
259 459
405 512
387 416
84 291
124 128
200 562
443 540
209 466
329 523
76 105
429 464
319 410
219 230
124 549
459 596
204 325
50 75
228 372
208 482
81 372
112 132
79 94
261 423
54 539
55 518
108 265
309 337
293 576
83 455
360 576
122 129
281 400
371 449
286 527
162 452
190 530
89 514
187 333
72 178
12 452
185 367
428 511
248 475
107 188
59 496
374 549
31 132
193 542
447 546
488 573
294 523
52 346
18 330
311 377
188 312
37 419
97 560
231 535
320 373
144 462
94 541
338 372
386 449
42 199
99 111
346 425
298 556
250 403
143 455
251 357
239 370
14 16
302 353
129 435
29 466
90 427
76 151
105 151
512 556
327 598
183 191
131 491
430 590
33 248
97 422
60 445
256 413
179 213
186 494
398 500
8 306
62 545
2 570
155 580
148 325
23 263
149 446
202 518
317 434
79 468
358 505
388 481
4 216
59 198
468 582
257 322
198 457
21 174
361 386
240 527
240 286
237 581
27 132
44 430
137 297
154 442
117 132
205 338
292 560
401 568
32 449
244 464
106 175
136 388
151 470
195 440
227 319
251 594
240 574
47 546
34 272
182 561
284 529
162 548
348 354
43 201
176 596
300 447
591 598
311 334
263 407
102 537
122 404
78 117
14 47
169 454
445 571
379 391
129 141
385 488
20 163
46 397
42 71
27 78
51 261
171 192
5 362
353 407
116 393
143 473
65 343
243 586
4 299
92 348
243 308
198 308
14 109
83 339
94 104
87 292
322 437
73 354
2 91
135 371
271 425
357 504
475 540
255 365
39 77
433 579
253 570
237 256
213 367
420 558
345 439
64 352
451 547
72 324
224 526
226 239
135 595
506 564
83 93
34 363
525 537
21 232
180 359
139 239
127 579
257 291
352 462
9 510
350 354
19 238
62 367
7 462
326 372
378 495
90 129
88 210
443 527
6 149
71 336
22 412
381 530
196 544
59 66
6 283
369 500
404 445
246 401
273 450
50 218
70 434
68 216
245 433
244 264
212 327
400 417
128 469
25 570
101 254
288 567
66 355
146 196
33 194
302 565
189 261
39 505
472 488
403 420
262 320
16 418
23 407
114 279
68 437
76 411
134 304
141 465
32 355
96 504
86 488
95 555
192 380
441 559
13 356
63 514
33 574
223 446
327 337
437 512
46 213
337 591
28 399
115 499
166 448
28 435
518 572
275 445
2 405
44 284
295 312
41 402
167 202
217 380
310 575
36 74
231 557
11 79
201 558
181 287
314 346
421 584
132 543
102 163
346 410
28 414
162 395
124 383
297 391
40 366
277 279
101 378
407 516
268 502
142 207
559 582
191 542
8 449
80 294
156 585
434 597
197 395
267 546
425 565
186 578
318 400
31 543
284 483
422 580
167 436
328 526
212 264
87 97
32 463
110 370
294 331
105 569
175 269
158 315
241 357
0 149
261 288
318 482
270 354
67 430
131 167
279 588
439 561
79 248
143 269
317 375
145 339
441 468
323 342
215 420
73 265
404 571
58 92
41 210
16 349
405 570
336 514
170 172
72 494
333 553
268 432
18 596
287 409
109 238
2 501
113 234
353 565
226 363
173 230
108 211
152 261
250 253
294 329
46 311
131 480
218 476
216 322
173 325
408 523
136 469
122 125
19 72
70 427
11 262
90 122
1 453
84 282
216 298
156 390
166 230
397 569
210 361
120 179
168 390
140 333
17 357
86 123
445 517
18 430
168 588
390 412
55 207
174 177
62 87
242 452
104 538
89 336
33 475
419 559
249 330
134 503
270 498
188 446
142 572
97 304
111 300
82 388
234 565
145 325
44 401
81 338
71 464
277 278
4 322
389 566
286 528
394 538
276 287
253 537
17 251
103 260
291 315
0 56
168 279
237 323
172 364
163 380
480 491
23 56
439 476
181 521
236 311
19 451
304 367
59 555
119 245
92 421
123 236
231 259
187 241
330 532
49 281
107 226
434 471
411 569
247 499
60 206
258 285
409 521
73 456
91 501
280 507
126 304
33 443
385 573
437 556
16 167
46 500
226 321
328 458
232 563
36 356
272 363
180 449
93 498
388 495
101 456
548 550
256 492
361 431
221 582
9 232
169 306
313 352
10 283
31 351
66 457
164 505
60 86
472 509
50 408
0 107
114 168
149 389
53 598
60 123
308 587
389 467
444 531
176 249
157 269
88 595
14 238
165 499
555 587
395 548
40 416
134 553
48 148
577 599
216 299
236 377
16 310
218 439
428 588
84 94
184 285
4 522
99 533
103 460
171 344
505 533
355 449
100 550
412 434
159 395
175 281
258 426
123 192
69 233
67 489
10 170
412 554
332 513
399 498
260 413
77 316
5 196
497 572
164 585
131 453
154 368
83 350
485 593
21 154
332 366
1 131
182 233
15 48
302 319
422 526
187 343
214 218
43 303
57 258
15 562
302 346
269 473
14 267
99 254
71 244
99 378
92 211
349 592
91 329
206 427
22 390
91 556
9 154
209 250
440 466
126 140
170 283
8 496
41 189
14 546
84 315
222 313
478 586
151 380
270 350
127 576
227 307
78 300
40 387
358 435
18 225
233 580
36 181
328 432
427 465
86 275
284 583
412 552
137 366
231 315
64 313
1 578
211 584
36 176
134 599
191 193
111 447
52 306
135 361
187 328
167 480
369 426
114 390
389 446
230 488
63 309
140 526
87 201
203 299
90 125
538 541
173 339
68 298
16 238
567 588
112 490
138 197
23 364
451 567
280 483
176 220
151 163
209 440
268 580
227 454
52 289
151 525
69 560
57 398
55 497
222 352
133 595
7 584
204 455
518 564
298 437
341 575
157 379
21 205
176 521
324 520
258 478
70 206
82 495
142 341
140 503
133 324
174 424
378 388
352 499
30 462
16 453
390 585
29 214
50 260
4 557
263 353
418 592
497 518
36 521
173 571
25 253
30 481
153 217
267 511
344 377
167 453
274 372
451 588
217 559
281 417
188 566
141 554
33 347
317 412
333 357
9 65
179 304
341 564
28 456
312 491
196 242
289 485
61 499
254 378
113 170
25 209
11 373
288 375
285 463
243 285
553 587
353 516
71 415
29 80
74 181
461 561
224 304
82 300
251 553
138 480
75 103
378 481
230 325
271 565
354 524
98 541
262 488
489 519
293 360
4 231
8 66
56 516
276 384
391 473
139 180
241 486
159 197
9 444
73 101
180 454
144 499
100 548
353 396
367 545
171 236
63 264
205 368
84 158
113 396
136 351
77 277
351 374
375 412
335 569
161 399
12 491
80 214
253 470
7 421
44 246
505 508
24 200
163 525
291 322
66 496
350 524
239 449
64 244
188 223
115 144
138 167
202 266
239 371
200 417
75 476
203 384
161 498
81 460
35 161
205 256
93 339
103 326
309 327
249 477
210 423
22 168
63 327
259 557
65 531
132 142
335 397
54 563
321 494
241 504
382 441
10 534
399 435
560 580
106 455
11 382
26 533
19 547
307 370
222 301
78 530
61 247
562 574
290 348
211 265
70 471
262 573
164 508
225 430
287 522
338 589
492 581
37 479
110 227
51 423
79 221
228 368
7 352
106 143
123 217
228 502
444 539
269 379
273 344
39 111
143 175
447 530
91 160
104 541
289 496
332 551
394 489
119 229
144 352
476 561
246 568
101 474
99 495
396 493
121 124
409 557
293 486
18 176
184 258
483 540
328 368
141 585
328 343
303 397
56 110
130 150
424 492
551 591
196 362
175 400
298 329
152 423
337 598
41 423
14 536
28 254
157 387
406 422
160 329
107 446
58 137
38 492
117 300
277 316
195 294
102 147
199 429
340 347
192 217
119 289
174 232
13 384
222 591
255 356
477 532
109 536
328 406
86 445
101 414
46 335
305 570
489 596
194 373
182 580
349 418
237 413
3 275
150 500
366 416
44 568
57 478
114 508
203 287
109 451
297 387
33 540
118 188
269 391
282 376
271 346
86 166
312 566
90 141
105 420
220 259
217 479
486 539
26 358
268 422
229 346
301 513
231 257
274 461
320 347
159 550
219 262
343 442
78 132
16 47
22 588
52 229
77 505
165 244
59 289
158 535
361 595
148 204
208 318
285 457
402 431
149 283
96 251
149 364
74 276
85 343
179 398
54 444
237 492
67 394
3 448
69 292
34 324
73 270
64 165
11 194
293 594
339 571
368 458
197 480
198 285
282 291
279 511
508 585
228 461
459 519
503 553
334 471
88 423
286 583
262 373
453 592
216 384
256 581
361 463
530 575
453 503 321 429 424 191 490 223 246 531 395 279 430 15 124 325 257 517 66 110 464 347 337 237 471 22 486 582 489 515 126 194 472 88 93 118 556 580 24 381 571 314 479 279 342 177 555 449 348 96 60 164 207 37 137 329 429 309 469 178 30 516 270 54 321 574 508 567 76 251 188 405 412 461 305 519 360 282 279 425 303 497 314 583 145 535 409 129 178 242 565 558 197 268 193 426 37 162 406 552 450 303 538 103 526 517 372 576 567 10 19 133 546 205 324 509 558 524 197 418 44 283 412 436 139 356 463 471 211 205 388 524 116 64 351 52 168 541 473 321 395 206 360 1 66 118 262 595 105 120 10 46 569 142 442 269 570 562 422 276 516 585 480 230 265 214 547 132 516 417 459 243 257 74 325 384 164 413 517 310 289 586 12 436 462 317 374 385 513 467 476 254 263 387 567 149 528 560 348 530 383 213 348 486 433 439 70 250 71 76 241 402 91 176 166 271 356 60 294 334 472 289 190 112 85 66 466 436 3 497 138 216 470 320 418 173 326 405 150 472 119 457 496 482 328 352 89 460 562 341 543 240 540 366 385 473 397 314 71 144 156 371 125 153 161 280 395 295 587 146 212 93 310 559 272 583 410 434 270 595 89 468 584 47 430 239 221 454 599 282 317 350 284 457 338 11 349 559 170 59 384 156 280 540 589 106 68 368 198 227 193 551 416 370 291 25 502 353 142 211 337 444 275 47 209 114 181 470 453 219 263 93 412 421 489 377 181 364 15 546 294 117 38 572 269 28 76 276 248 382 48 317 296 320 355 351 459 112 344 215 519 253 71 146 542 61 475 324 598 341 469 254 280 460 6 432 337 524 7 74 209 152 310 378 17 179 181 157 533 447 523 68 5 543 317 185 293 123 250 420 253 594 534 552 496 383 171 513 333 39 321 464 30 23 84 76 309 428 366 193 387 464 510 215 100 141 118 130 445 146 420 84 284 188 544 383 420 194 496 472 372 28 516 61 455 352 15 40 535 188 331 454 478 291 480 489 189 58 372 169 502 309 93 119 446 172 252 535 387 270 140 33 547 213 349 216 521 377 159 425 483 257 457 447 158 331 357 462 227 206 470 568 272 478 73 147 340 204 265 363 423 151 70 306 548 559 384 174 336 410 513 238 441 48 363 86 313 70 484 232 285 248 252 569 473 300 262 325 266 57 27 52 316 142 178 580 322 59 550 214 104 355 189 150 531 281 428 498 23 307 148 220 31 548 198 19 285 415 43 515 467 555 129 238 194 319 177 533 139 338 95 119 319 153 355 330 151 204 43 309 332 312 590 403 465 9 542 580 596 162 93 455 347 262 16 424 180 446 535 285
750 196
859 267
123 549
497 711
51 725
968 16
854 86
783 854
558 197
166 78
846 15
334 768
885 190
25 874
814 394
403 880
848 361
340 128
143 871
698 370
264 600
136 88
708 485
744 112
425 963
138 516
723 653
915 529
712 685
65 424
832 754
990 637
565 276
328 892
721 289
588 688
76 860
319 627
57 52
768 609
670 979
549 393
984 788
319 431
160 937
974 933
398 397
834 428
462 880
525 968
32 301
658 398
532 96
798 932
237 15
999 427
716 117
446 352
703 910
486 214
466 618
934 813
301 381
912 949
863 864
197 111
536 214
193 823
28 652
196 398
487 567
986 879
724 328
749 769
36 845
38 255
333 504
743 580
887 535
264 702
32 437
84 193
873 639
577 834
149 694
255 133
454 650
273 365
634 360
963 966
582 600
72 569
718 870
584 781
220 683
440 136
341 73
274 319
259 823
790 653
973 167
768 714
238 608
22 205
181 718
274 501
529 869
774 189
697 825
763 381
667 119
805 618
897 635
770 8
703 534
857 826
9 993
903 589
813 219
489 93
420 328
976 699
594 655
440 598
952 740
557 642
284 249
433 29
907 759
634 645
524 452
901 278
954 619
664 339
378 254
644 296
956 684
684 925
966 272
625 197
287 215
636 597
954 546
555 888
851 793
498 811
979 105
206 531
440 863
812 98
514 426
298 529
598 415
397 638
161 108
169 275
663 540
602 943
113 722
1000 226
47 519
622 690
943 179
253 564
692 596
913 866
460 729
923 307
697 507
564 155
813 8
416 578
780 51
512 781
142 58
543 915
109 838
61 16
703 343
367 307
599 198
51 819
151 331
179 425
527 332
342 324
789 322
281 172
825 195
573 420
850 458
129 417
362 567
97 396
324 798
71 490
961 48
971 224
473 247
968 811
386 972
274 398
939 370
10 723
504 849
135 121
528 581
996 522
429 932
137 478
578 351
731 821
880 934
374 375
43 401
286 445
17 682
354 617
43 347
412 782
104 790
237 635
799 894
829 168
283 287
157 850
774 225
587 111
145 207
542 47
449 767
89 719
168 43
192 367
663 14
968 403
460 510
19 106
748 345
680 252
338 990
292 126
944 91
465 272
870 901
493 49
117 999
895 813
290 799
102 891
169 482
357 108
212 347
190 512
768 671
44 910
53 132
87 685
474 323
115 751
3 228
631 425
385 798
747 76
927 924
737 792
983 342
788 474
196 289
586 909
663 747
567 11
745 281
388 541
85 253
501 678
19 811
749 546
801 545
755 516
220 911
501 972
166 659
811 43
207 941
494 294
302 997
29 764
596 457
479 144
639 845
107 664
241 394
344 25
22 467
837 234
898 44
675 890
18 618
29 708
862 571
755 886
607 50
332 405
313 290
216 619
534 148
637 152
431 245
913 988
874 412
462 461
866 216
833 889
568 95
108 698
799 575
567 485
450 904
623 77
372 848
798 248
55 647
1 5
670 312
449 813
74 222
885 983
206 172
18 510
128 902
73 463
730 972
337 193
497 460
399 461
986 973
807 970
96 155
551 786
331 858
930 492
17 63
234 147
397 514
124 376
566 49
369 888
682 845
833 328
628 817
1000 686
829 837
715 60
700 789
545 242
57 882
317 137
700 632
618 173
425 4
579 309
932 1
716 249
778 93
16 967
705 987
328 347
148 164
493 408
713 183
647 260
109 205
347 822
998 746
625 479
169 616
435 501
824 673
624 919
335 567
872 504
350 740
913 783
1 767
384 721
612 273
637 950
887 693
852 137
665 516
627 876
480 751
63 955
231 763
971 191
704 32
347 430
444 381
655 678
491 918
171 980
518 395
194 449
565 681
145 586
230 268
707 88
6 413
71 785
591 79
366 487
632 510
9 139
736 684
978 909
590 1000
455 991
858 339
296 620
238 464
748 843
253 276
582 388
86 60
600 19
493 371
584 543
756 474
967 853
188 874
551 353
202 212
479 69
535 500
655 631
910 376
45 624
497 874
82 339
98 479
341 689
186 152
328 942
229 53
499 629
805 151
813 521
470 678
583 233
357 532
719 413
921 125
892 308
593 151
545 835
724 730
521 237
176 174
126 804
49 157
121 264
792 778
532 300
938 859
605 576
113 441
894 96
293 665
882 744
246 513
492 519
395 692
590 869
771 740
268 874
87 310
95 936
445 314
315 595
928 259
801 733
465 952
255 908
997 382
440 103
281 72
948 207
414 750
200 795
905 674
909 231
44 77
748 52
785 278
833 632
507 148
994 475
634 728
881 839
471 426
87 532
163 249
349 232
307 74
730 624
895 428
234 888
716 570
374 678
197 44
770 497
111 591
715 933
945 941
316 735
668 82
540 608
948 440
165 786
685 279
46 791
71 743
7 447
661 784
272 534
256 245
289 951
237 994
199 969
840 500
249 89
71 995
748 640
862 52
139 734
768 417
228 549
193 757
268 20
301 921
243 732
156 392
975 597
943 30
351 389
815 478
679 386
962 133
976 727
998 125
759 996
611 533
376 149
623 556
428 209
20 577
90 758
258 424
317 661
215 375
123 295
398 918
147 25
917 447
631 17
863 159
654 455
139 986
327 462
149 551
544 728
968 509
391 761
360 919
886 469
396 14
407 300
836 275
503 9
227 318
48 106
270 629
255 962
774 799
674 572
439 278
399 196
731 467
118 144
193 915
782 951
868 292
404 124
363 57
633 333
151 816
524 476
836 958
413 269
