600 1658 600 935 5
402 504
58 413
127 342
162 290
89 464
171 410
3 168
85 189
178 453
88 118
117 174
94 407
31 517
476 561
302 550
321 437
235 315
98 472
134 531
139 355
328 530
282 300
474 534
74 274
86 345
76 369
259 571
349 482
510 548
11 12
397 561
109 320
8 439
395 449
290 583
48 113
179 382
46 223
13 441
42 326
453 559
267 273
144 428
184 423
100 470
211 507
102 584
288 532
136 320
117 447
328 569
95 106
52 180
70 156
151 377
257 576
195 344
101 239
217 413
139 409
229 566
256 471
36 420
103 394
374 539
261 388
359 508
176 488
468 529
71 314
392 494
379 589
80 287
27 580
346 371
554 580
173 539
55 203
307 398
167 491
481 555
319 416
235 455
14 148
90 418
457 468
77 291
428 538
588 593
55 581
282 346
301 434
131 500
28 484
56 393
475 510
11 394
292 560
186 535
199 306
155 385
246 489
341 574
15 261
239 503
84 465
6 433
41 585
528 591
136 157
21 415
112 421
102 249
36 554
181 418
76 391
161 456
387 461
85 289
339 386
238 566
274 530
400 513
123 199
540 586
144 233
438 473
80 169
523 582
53 87
329 506
402 426
326 511
190 573
234 342
359 502
348 586
260 300
42 213
6 543
180 237
185 561
517 526
146 273
539 569
178 581
76 121
541 597
88 385
137 579
427 509
127 530
438 540
80 182
405 469
122 274
343 483
10 399
347 567
275 590
432 591
137 155
82 593
122 147
75 111
205 372
170 334
240 538
105 262
41 295
166 448
306 573
7 88
78 459
220 338
299 526
129 569
516 598
116 278
143 252
149 314
84 302
55 560
352 458
432 528
90 181
269 483
222 339
142 519
373 512
79 233
500 509
91 290
387 411
570 590
27 358
85 439
302 418
208 347
81 557
526 570
223 296
21 549
321 531
190 466
23 371
429 575
541 587
315 350
242 255
269 471
251 281
98 491
292 499
120 343
162 410
98 163
328 391
10 393
75 148
185 216
132 296
293 441
147 379
218 485
167 172
176 322
406 407
68 276
16 397
318 510
106 582
139 191
124 337
302 305
57 461
75 579
9 590
116 379
334 366
254 537
96 538
175 565
459 553
406 532
491 521
278 589
19 99
77 104
164 508
421 562
35 345
502 565
25 474
100 209
151 457
104 168
160 228
167 269
214 514
310 537
67 81
228 259
132 160
495 545
297 426
410 441
173 328
454 573
81 155
389 482
164 437
23 207
397 592
38 47
130 559
206 353
517 578
118 337
270 475
196 525
284 320
361 537
130 318
19 93
125 175
311 374
287 376
5 74
422 465
286 562
64 472
154 419
32 92
305 465
419 500
41 360
93 99
388 447
343 399
236 384
436 598
442 500
322 450
6 581
225 298
170 386
196 455
342 477
230 290
18 482
68 332
201 354
5 127
356 410
419 556
61 467
145 330
81 333
28 44
373 525
18 349
57 479
419 503
288 488
313 460
79 205
145 448
214 555
437 504
61 306
199 425
148 308
492 525
111 217
101 308
148 463
115 457
27 112
138 517
9 275
390 397
368 461
233 497
203 514
220 295
109 495
246 385
98 521
451 572
402 536
266 586
134 228
352 444
50 363
111 148
341 375
142 222
36 168
79 453
205 433
47 236
125 531
198 509
94 165
197 332
268 459
218 329
216 377
291 409
271 432
331 335
132 321
344 511
489 577
217 573
155 183
44 101
236 382
124 155
306 466
203 543
45 533
47 255
465 568
299 317
13 356
3 533
27 404
76 311
294 538
420 430
26 533
120 480
461 533
111 244
81 579
478 486
180 513
67 183
368 533
336 478
180 434
10 73
125 272
164 531
223 452
437 531
87 398
160 225
81 489
233 372
385 577
152 180
15 396
124 253
382 384
9 316
504 508
251 345
137 591
450 575
322 488
488 575
5 462
45 341
336 534
50 336
339 512
426 437
86 120
279 537
258 363
66 289
212 227
351 383
306 467
212 363
102 556
95 257
4 88
171 581
412 592
254 411
317 460
534 594
227 363
92 446
165 226
254 434
201 220
235 492
26 479
277 495
250 487
314 460
254 301
253 591
27 33
24 281
325 520
587 597
139 231
431 570
389 456
210 506
246 577
23 280
301 599
189 542
185 377
216 236
182 287
121 369
47 384
11 40
258 474
181 509
151 468
12 394
154 442
107 476
4 118
41 211
123 425
324 326
318 428
234 477
147 313
305 309
46 296
1 464
29 374
437 508
100 279
99 346
60 481
150 169
34 94
499 583
144 563
192 317
493 498
201 338
34 247
15 506
189 289
232 426
221 335
250 488
152 513
317 589
264 329
34 444
93 229
249 360
433 543
226 407
348 473
10 76
60 143
249 584
179 216
118 155
81 459
113 157
144 240
5 274
159 221
463 591
278 283
252 415
20 289
166 300
71 147
225 228
158 408
290 293
153 454
52 599
164 359
221 438
98 576
226 532
49 269
278 446
120 345
52 376
95 443
328 471
154 503
84 367
259 364
433 453
353 574
204 409
0 382
75 591
32 283
63 448
274 587
35 251
38 440
100 168
400 598
364 406
350 492
139 395
78 87
203 560
165 575
82 113
369 471
481 495
92 235
521 541
395 416
159 400
234 422
454 484
42 142
191 319
205 555
459 469
104 580
35 281
9 149
479 533
132 437
341 549
3 574
256 328
378 519
25 258
124 323
99 401
247 527
159 438
461 537
54 498
527 594
237 434
312 368
17 152
133 574
309 550
192 313
44 244
352 429
247 336
148 244
530 587
182 275
491 576
31 299
2 458
147 460
82 549
156 483
27 329
27 430
139 562
329 485
15 498
24 35
134 571
252 522
116 283
240 540
374 465
470 537
383 562
22 401
36 224
58 553
232 437
6 178
85 446
104 554
121 399
93 371
20 242
75 463
49 86
2 76
82 564
84 418
185 397
100 104
487 532
232 297
79 497
16 592
312 362
93 238
257 315
480 595
262 344
24 523
219 517
338 585
500 556
400 403
477 596
20 382
245 386
188 248
300 346
452 536
348 540
42 378
383 395
95 344
208 475
172 269
19 566
38 255
4 337
94 527
41 309
76 399
29 311
252 362
114 438
182 462
19 238
182 376
276 378
484 503
161 376
280 281
368 387
243 417
156 471
160 321
22 166
163 257
264 447
15 388
72 349
444 486
103 409
213 326
131 556
348 362
34 527
195 222
297 402
416 449
178 451
208 548
257 350
226 487
156 515
451 567
13 410
168 206
131 419
500 565
343 357
202 304
16 449
519 546
70 471
297 536
90 176
142 366
201 591
451 548
3 45
232 296
282 401
62 96
80 150
334 386
390 476
404 562
166 260
265 595
339 350
92 542
47 547
142 324
327 420
431 590
162 441
144 538
218 529
250 532
68 417
210 493
442 504
116 472
8 20
314 316
2 322
137 253
62 557
222 324
138 219
69 176
51 573
16 412
108 290
442 502
66 242
126 310
217 244
122 597
338 591
36 580
64 116
23 595
14 101
261 396
368 408
279 361
174 430
28 101
71 110
208 510
110 462
224 353
320 545
335 438
133 353
576 582
76 322
462 496
283 446
569 596
61 466
372 497
179 236
158 549
130 510
366 546
156 343
259 406
422 539
157 564
430 447
521 597
136 277
115 468
30 152
168 574
196 492
121 156
377 468
40 126
4 403
200 211
30 271
5 71
100 461
168 479
242 547
71 462
446 589
167 424
103 204
30 494
105 141
85 219
290 365
285 475
80 126
44 153
14 556
250 288
84 305
354 528
318 453
72 392
119 199
195 350
313 317
37 202
73 352
62 246
75 137
264 506
30 392
128 214
7 538
247 444
198 427
175 272
123 402
140 146
80 340
303 406
345 523
172 587
78 553
539 568
197 330
422 507
231 395
197 260
184 462
108 499
215 262
49 523
31 85
200 354
136 545
284 514
154 402
266 372
327 353
286 476
48 414
362 387
329 404
444 478
351 390
55 91
264 388
325 448
196 542
393 486
162 230
38 505
93 566
268 381
141 260
370 405
336 444
159 237
65 413
149 518
270 347
152 516
23 480
116 589
126 169
47 242
10 352
78 398
40 310
188 243
152 482
114 254
149 460
52 287
485 529
228 531
36 430
279 470
64 379
243 248
64 98
313 379
224 327
303 565
342 462
252 414
285 381
395 412
254 387
241 544
390 592
103 578
83 328
490 524
1 268
153 484
175 571
54 273
290 499
25 227
234 349
355 562
14 102
75 413
527 534
17 180
369 391
63 330
55 543
532 558
398 459
163 283
422 445
182 340
71 316
158 533
186 452
374 501
296 437
104 193
281 480
330 332
203 214
303 558
430 580
170 245
170 366
185 468
210 529
219 416
202 212
78 466
176 418
171 178
97 217
124 436
254 310
191 517
402 484
100 193
46 232
106 257
21 158
210 468
268 557
383 476
97 454
67 155
128 203
191 409
293 583
8 219
431 526
481 514
129 539
498 506
512 525
371 595
146 267
234 423
513 598
231 416
48 277
69 90
86 483
168 554
135 520
57 100
106 215
144 372
235 350
30 482
231 319
518 526
53 59
354 552
494 552
121 515
207 281
20 66
50 212
67 333
109 481
406 571
12 126
184 496
19 401
149 316
30 432
424 582
49 424
362 522
222 350
12 570
359 442
364 407
69 427
192 589
65 553
301 310
461 470
156 399
196 505
386 512
404 421
60 380
6 55
380 495
143 380
21 48
177 229
159 403
351 412
517 570
250 575
44 308
303 532
400 436
372 555
252 380
45 375
24 435
99 282
358 447
39 362
374 568
69 288
68 213
0 449
181 187
51 199
173 391
253 323
14 585
429 450
17 482
323 516
159 180
10 458
79 144
58 65
96 475
324 344
86 523
342 596
181 427
507 552
468 561
414 415
347 475
272 502
52 389
350 525
473 540
157 588
143 266
373 440
384 547
311 322
556 584
445 552
429 444
188 276
329 476
209 394
265 480
114 473
125 359
137 333
171 230
31 138
80 599
332 417
331 538
366 519
311 501
219 439
222 334
391 501
183 333
410 451
60 555
31 589
40 279
220 354
117 327
96 428
106 443
373 505
106 523
60 495
89 551
311 367
15 264
17 389
180 389
422 596
190 553
365 560
248 448
402 452
379 597
125 164
309 465
122 587
392 445
442 508
63 248
204 209
57 168
292 365
192 379
22 282
408 533
147 597
172 521
176 367
336 486
362 415
44 217
77 193
163 576
337 436
108 583
145 260
56 486
221 403
262 443
50 56
149 526
570 578
392 552
309 507
207 435
275 340
59 61
0 20
58 190
66 505
109 545
239 556
352 486
126 590
196 373
30 349
71 122
265 304
1 370
84 374
494 528
194 276
107 286
154 504
3 341
210 485
32 315
200 295
221 294
522 586
172 530
105 511
25 363
88 246
115 210
335 540
120 483
206 224
145 166
86 269
62 285
107 383
230 581
40 537
21 82
151 216
272 359
440 505
362 411
81 577
450 488
87 466
204 394
261 447
130 453
180 599
43 105
187 418
344 350
436 516
105 207
567 572
337 400
165 487
242 382
65 579
115 267
455 542
379 521
46 452
376 482
33 490
68 243
4 294
33 524
126 301
205 497
66 189
62 489
247 534
30 528
376 496
174 447
4 7
260 330
50 258
234 596
177 212
167 582
125 571
52 161
218 561
59 87
360 585
232 452
194 378
63 332
62 475
53 398
295 338
209 279
190 306
6 453
119 306
26 168
18 234
358 430
242 384
57 533
89 370
191 578
144 318
94 534
383 412
213 276
73 486
165 429
48 82
408 415
390 561
123 484
307 469
212 229
97 153
148 585
395 562
303 427
41 200
265 371
347 548
294 403
328 369
7 96
32 235
277 545
564 588
387 537
76 501
320 514
207 280
270 551
71 74
112 404
0 8
126 340
8 85
155 253
269 424
187 550
110 316
418 550
268 469
272 565
63 145
402 535
340 590
7 246
89 270
69 558
210 267
370 551
89 381
12 40
113 277
270 572
143 522
127 596
202 265
471 530
357 393
37 343
237 438
34 429
513 516
37 120
127 274
174 420
117 396
509 584
459 579
43 141
83 596
139 319
200 552
112 524
201 528
37 357
59 467
214 543
397 449
52 456
48 415
206 574
51 454
291 355
369 515
24 207
79 318
241 296
393 399
304 480
141 263
455 492
230 410
96 510
69 488
33 77
226 406
45 549
163 315
348 522
130 451
18 496
376 462
125 134
215 443
355 421
110 182
2 10
228 321
253 271
232 536
157 320
299 460
553 579
351 592
1 89
43 207
8 289
142 334
229 265
33 112
267 493
13 572
83 569
186 425
91 230
9 182
114 237
149 590
37 56
445 507
248 417
89 285
130 548
157 277
7 294
141 332
48 380
30 516
45 158
102 360
96 246
18 423
254 362
190 413
342 423
307 459
207 215
211 309
266 555
200 220
489 557
27 264
227 566
413 579
339 525
141 197
59 466
91 365
356 572
97 573
89 475
40 361
5 342
485 506
180 400
402 503
427 558
171 451
74 122
205 543
120 304
158 415
163 472
41 249
222 344
29 367
202 229
24 215
30 72
487 575
302 309
240 335
249 550
155 577
253 432
42 324
147 314
295 585
264 358
228 571
23 281
79 433
85 92
169 301
33 291
218 476
101 556
124 516
491 582
113 564
92 189
203 284
155 337
106 576
349 392
50 486
260 346
214 481
219 319
337 403
24 345
216 397
177 202
18 376
50 474
380 414
167 521
44 97
460 518
93 265
182 316
239 419
12 578
396 447
299 518
37 304
221 331
298 544
41 550
319 517
68 188
31 317
338 463
193 204
378 546
55 365
336 474
56 202
244 308
526 590
175 303
1 405
53 469
294 331
245 512
267 498
160 298
28 153
23 346
28 239
422 568
198 500
160 296
78 190
277 380
224 420
423 496
347 451
175 406
39 348
194 213
83 530
0 397
355 490
181 249
563 586
193 209
500 584
172 471
372 563
322 458
354 494
39 114
109 514
215 435
440 512
40 209
130 178
62 268
64 521
1 381
356 451
8 416
471 483
14 308
288 558
419 442
413 573
24 106
529 561
73 393
291 490
349 422
211 552
70 483
434 599
178 559
107 562
357 399
333 579
266 563
181 584
118 385
23 43
465 507
14 360
505 542
223 241
166 401
128 543
255 505
456 482
493 506
83 127
181 550
77 204
349 445
114 434
54 267
31 446
22 300
426 504
286 329
66 255
425 535
367 418
11 209
421 524
51 306
222 386
66 542
173 501
248 332
352 450
126 150
33 104
139 291
296 544
500 502
82 588
162 293
29 84
173 569
92 283
114 348
32 163
271 323
450 458
12 103
34 165
137 183
54 140
56 357
248 325
263 326
148 338
198 565
240 586
179 397
204 291
49 582
60 266
39 254
12 590
382 397
156 369
3 26
28 503
120 251
324 511
123 535
90 427
351 476
36 206
452 535
271 516
365 499
256 530
169 599
115 146
539 596
362 408
199 484
42 194
125 554 575 150 576 108 206 53 72 218 292 178 142 465 257 260 472 237 353 436 187 43 217 546 349 580 450 258 51 507 539 39 86 363 447 99 170 304 320 436 71 341 7 276 273 45 282 76 344 588 241 60 377 19 433 210 93 169 158 402 337 506 288 510 268 49 400 295 458 398 476 59 597 263 597 92 347 389 235 535 554 436 185 393 38 431 525 580 278 410 442 208 154 192 149 85 318 222 192 443 432 171 554 20 541 456 150 371 16 557 93 116 263 168 364 340 192 226 457 297 44 413 15 339 200 445 381 409 298 312 294 572 387 356 117 318 257 572 51 377 89 217 392 134 27 228 315 285 121 91 86 591 114 118 180 160 190 90 572 220 559 404 137 445 318 592 182 526 530 447 274 381 12 544 107 570 51 182 388 408 337 387 257 114 551 565 255 242 395 479 102 6 487 473 369 205 86 205 206 282 199 202 181 515 460 375 526 186 248 285 428 152 570 402 91 33 267 444 464 302 534 365 314 446 216 29 184 7 355 71 509 436 198 598 135 337 48 517 25 154 391 494 244 232 383 529 519 317 584 241 202 170 534 161 515 507 174 19 431 300 579 181 66 121 192 246 120 481 166 133 585 216 321 197 474 36 363 482 385 81 303 332 440 509 98 557 127 404 260 196 180 448 123 322 411 535 382 262 254 4 68 441 264 437 101 30 98 16 41 456 439 117 384 243 113 589 526 239 557 124 74 134 157 574 54 187 486 323 38 284 233 388 180 38 397 530 48 253 155 527 60 159 102 276 240 241 264 63 376 300 592 2 52 225 493 387 535 164 128 507 213 86 197 440 238 205 292 136 398 147 473 502 399 284 401 184 511 376 436 239 210 215 238 429 572 218 536 10 186 196 191 249 462 528 529 57 563 579 408 38 284 553 114 452 259 66 271 463 439 291 391 23 334 591 580 374 347 180 120 485 38 148 163 311 390 515 323 535 253 430 30 130 438 359 313 411 20 576 367 503 23 96 7 259 596 360 369 155 253 423 403 472 540 485 260 39 102 461 341 70 341 157 131 256 319 320 397 399 151 241 215 156 278 567 117 78 507 542 293 571 140 31 171 578 465 318 311 271 378 46 566 28 192 226 192 136 95 41 295 556 485 54 94 119 272 314 184 429 551 567 57 178 299 456 116 16 232 292 45 38 34 476 465 512 501 308 584 200 144 171 440 186 380 400 581 57 117 213 459 460 348 450 245 324 338 176 86 79 73 243 277 241 416 202 313 8 384 353 360 241 97 588 121 596 47 237 285 521 338 151 298 579 471 181 72 230 574 390 109 346 562 546 6 203 526 282 440 584 400 426 168 145 243 248 543 209 198 233 291 398
362 105
373 974
821 558
106 437
347 765
547 462
112 852
318 785
405 161
407 429
835 512
284 423
307 406
149 986
700 779
45 165
287 123
421 625
509 553
988 284
399 119
72 525
941 223
852 251
760 286
992 429
136 417
130 251
701 845
748 576
500 653
453 260
558 177
184 302
928 590
791 295
104 346
833 397
462 29
274 588
319 455
670 691
741 44
812 212
662 854
111 475
898 962
409 20
76 602
708 334
945 459
656 947
412 567
490 989
29 71
64 839
873 448
174 456
524 899
560 991
111 696
585 965
349 868
938 98
560 302
526 873
456 91
448 818
849 55
815 651
728 407
504 413
533 625
877 507
540 424
561 812
780 511
213 353
527 951
190 796
394 520
433 851
44 531
614 464
713 587
448 194
726 358
530 977
354 800
329 966
782 671
77 877
515 177
931 316
978 634
684 205
296 827
662 888
602 297
969 262
207 424
703 812
733 766
310 358
183 369
779 185
691 250
214 181
19 946
55 697
484 449
617 812
154 240
55 581
286 623
121 9
547 280
8 261
409 755
659 997
802 355
802 475
566 404
726 945
467 752
886 812
337 478
586 483
64 776
634 507
217 847
763 801
922 928
17 436
955 843
994 5
31 653
518 797
412 273
292 258
21 6
835 164
696 43
156 677
231 746
954 135
91 25
514 378
620 768
426 401
367 520
223 14
457 644
696 875
797 875
449 788
756 430
28 601
108 529
349 666
967 914
445 552
72 960
599 232
900 874
931 630
971 177
631 330
150 382
367 549
632 6
130 904
642 375
686 484
57 265
890 760
792 638
895 406
145 862
292 53
388 624
750 705
424 469
478 798
517 499
209 59
762 986
740 673
879 4
497 150
562 924
341 307
505 298
220 383
781 30
674 116
520 85
892 140
847 736
695 949
608 661
583 739
861 390
32 777
259 356
137 753
100 392
794 245
256 904
255 433
124 61
671 644
924 424
799 60
87 745
721 256
273 15
635 879
146 126
387 213
600 706
331 698
653 90
889 990
45 335
993 934
939 708
990 382
989 859
905 382
66 900
302 202
870 921
202 766
554 551
581 139
345 2
312 623
978 307
727 830
231 690
940 1000
401 61
888 69
633 836
595 1
335 820
949 568
917 66
730 724
889 625
786 325
150 606
519 750
261 549
440 46
665 423
638 190
978 455
970 787
907 173
41 194
704 179
802 159
114 179
887 319
166 700
72 57
405 919
700 362
259 962
499 688
862 792
45 43
566 429
382 447
826 6
65 640
524 258
257 458
826 251
825 287
939 248
529 207
2 715
336 891
186 153
445 505
861 633
436 123
27 920
237 297
18 876
49 985
290 747
628 711
920 974
828 922
1000 960
458 329
935 189
312 553
730 616
891 722
847 341
695 607
617 950
447 955
653 789
708 641
304 507
762 549
184 548
514 336
483 397
623 161
437 433
484 321
216 810
324 254
27 681
937 891
790 573
496 740
721 99
984 92
763 97
13 338
675 452
139 175
928 144
309 720
862 125
479 831
659 36
303 687
971 512
390 734
609 745
606 57
398 482
45 430
544 510
809 421
707 143
761 319
903 247
244 930
220 645
549 592
639 117
258 160
898 534
72 377
583 676
263 243
166 956
836 433
120 211
879 843
709 755
289 464
205 586
955 428
982 764
49 862
677 8
768 595
175 497
741 462
348 1000
905 292
200 740
560 55
692 567
83 451
474 527
233 37
755 12
533 308
126 650
366 903
343 82
242 184
359 24
390 787
611 30
232 512
74 179
433 597
228 118
716 474
566 612
857 469
268 395
295 178
11 212
286 79
468 969
826 459
390 688
979 236
784 915
354 721
176 200
403 955
956 750
968 714
159 557
290 325
124 938
227 552
283 154
559 880
115 597
130 575
342 202
856 89
760 649
781 820
77 328
217 243
625 578
526 532
678 331
737 974
836 898
820 699
261 797
894 572
99 268
362 387
521 706
123 819
328 586
755 256
421 710
907 903
308 657
411 192
536 8
89 996
808 832
712 231
933 547
580 588
485 224
72 215
966 110
319 138
859 579
188 911
836 977
158 837
682 922
545 133
454 578
178 0
856 553
466 904
481 356
199 464
473 474
584 787
357 948
677 587
556 963
611 996
171 26
428 974
228 468
701 398
563 238
269 659
999 501
289 904
190 123
570 528
935 514
149 458
834 313
86 713
476 607
751 392
708 920
122 96
904 503
923 661
823 616
385 848
200 271
636 288
584 103
82 111
571 642
86 677
500 526
170 748
22 111
3 909
792 789
740 533
844 829
752 885
846 872
489 71
99 134
641 631
875 877
800 727
264 875
764 122
561 1
437 664
30 708
776 450
459 683
382 283
420 370
703 17
998 31
585 321
172 642
736 301
179 245
583 73
396 361
955 596
547 711
175 85
642 437
918 843
915 687
149 490
989 565
794 977
833 951
246 489
253 762
641 533
241 666
596 358
485 116
73 801
990 983
60 669
729 1
386 35
211 880
84 497
720 694
306 996
601 623
496 887
153 357
125 722
737 796
419 881
875 696
184 845
8 803
211 84
230 208
219 715
30 571
860 766
974 345
207 958
653 571
645 480
361 354
951 806
181 979
632 905
77 408
882 597
658 261
398 812
330 333
494 855
142 307
100 892
673 287
20 973
758 732
681 752
196 684
596 400
3 575
482 282
357 425
552 760
259 103
0 526
983 593
871 291
603 505
569 350
417 679
387 574
