600 921 600 665 4
245 462
161 379
413 562
141 383
445 476
209 309
240 333
225 398
68 399
277 376
352 499
168 373
14 591
183 369
332 410
186 270
197 304
91 393
149 161
106 252
47 424
405 546
4 25
133 505
466 531
63 401
155 474
72 166
367 511
261 266
258 478
434 516
103 509
298 502
389 414
395 456
298 555
109 599
274 308
152 480
48 453
102 238
408 587
76 279
179 468
147 241
375 561
44 157
51 403
325 583
32 138
494 562
116 334
239 274
338 375
473 588
116 460
205 564
196 427
193 517
119 489
4 357
149 511
123 461
325 540
73 263
27 414
85 256
428 540
50 338
146 293
163 377
490 593
51 275
22 501
260 285
196 463
92 273
115 452
554 565
179 487
468 487
146 580
156 338
7 223
118 200
349 387
446 599
420 548
442 566
115 243
51 159
55 461
258 365
242 479
75 76
135 383
251 451
300 512
442 472
329 461
101 466
113 452
132 416
236 279
168 529
154 263
201 387
461 485
44 108
127 297
133 140
316 483
447 552
343 395
192 515
152 469
216 528
522 551
530 535
508 572
291 577
44 403
55 586
465 583
289 466
185 557
369 577
144 558
192 544
88 104
23 167
359 382
142 227
60 296
9 555
99 435
102 412
185 456
156 268
16 525
1 559
301 461
238 316
79 520
65 257
168 503
22 358
455 470
453 458
170 430
70 121
275 435
154 488
356 457
549 585
124 194
167 386
301 342
412 438
114 520
403 521
269 596
139 518
176 272
292 478
41 45
158 323
102 483
125 222
266 334
345 388
208 436
74 148
43 215
427 480
284 379
273 282
373 503
133 169
315 549
58 503
187 190
184 207
237 283
143 497
484 593
179 437
43 314
144 481
88 114
93 273
247 343
100 104
413 496
9 87
309 311
121 406
203 576
78 352
362 467
120 564
128 550
137 193
277 437
1 311
70 448
48 299
497 500
100 177
432 501
168 571
345 597
192 403
313 503
101 137
257 441
152 275
376 437
386 524
235 306
254 406
224 376
134 340
312 415
103 115
255 489
170 554
59 236
249 514
86 459
13 321
122 470
169 501
410 470
60 513
365 448
92 207
214 365
217 518
330 565
69 142
36 447
444 510
114 156
285 304
211 577
36 176
25 578
419 512
38 329
392 532
286 427
353 443
99 464
95 187
364 405
5 339
273 384
173 361
34 459
19 337
234 389
18 232
29 484
187 556
220 328
349 484
268 421
150 590
481 527
125 184
58 308
515 544
96 266
230 568
336 482
138 334
15 364
436 468
17 94
319 373
4 578
139 538
423 442
309 535
27 195
174 534
341 422
545 569
193 485
7 324
6 218
395 557
377 451
12 589
28 445
263 298
131 325
73 332
20 561
360 517
506 513
4 183
199 288
133 501
162 365
77 130
273 348
53 94
228 496
9 507
317 545
379 501
26 522
346 353
440 570
40 371
112 421
97 530
21 26
47 171
51 173
209 347
289 307
184 522
318 547
106 307
30 201
133 574
124 449
19 307
78 363
67 130
271 318
93 577
149 456
438 490
143 354
9 467
141 527
182 436
199 430
260 595
272 394
487 562
71 417
121 292
24 80
479 557
309 347
140 574
279 297
317 442
3 81
41 191
121 214
80 346
35 335
135 570
189 205
167 519
70 214
335 556
66 171
200 251
136 212
144 383
10 213
75 203
112 282
109 579
250 548
553 563
56 539
255 313
356 454
205 215
10 147
239 390
425 519
316 596
267 445
312 495
52 55
169 225
289 531
151 318
206 476
419 508
107 412
111 270
377 595
25 232
147 213
471 581
321 355
24 560
57 242
249 346
0 284
430 518
147 328
129 502
51 482
50 375
145 398
184 222
208 594
48 53
111 186
282 384
409 424
136 276
186 327
131 560
353 540
345 350
153 224
103 304
389 467
134 145
538 590
250 399
438 453
27 458
164 286
246 504
15 561
1 309
403 509
87 507
323 370
391 584
139 579
231 549
55 94
36 552
466 549
548 575
461 586
97 224
176 587
456 557
505 508
222 248
156 523
80 318
164 463
232 478
94 235
145 322
168 239
294 363
324 586
533 557
506 593
105 141
396 456
266 479
198 341
81 386
242 272
166 404
24 346
367 541
310 500
265 374
211 291
226 435
325 536
108 349
237 487
177 406
269 483
45 77
320 519
383 426
241 434
7 305
370 519
18 564
383 488
315 492
1 410
134 322
420 489
105 467
92 384
155 433
6 259
175 516
35 556
303 344
310 497
339 552
368 539
269 316
28 476
228 428
229 286
550 575
158 532
4 433
221 412
492 508
129 298
27 81
413 428
95 190
24 151
76 127
102 221
191 567
257 460
454 540
110 468
423 472
88 162
122 410
79 390
135 488
443 514
65 93
90 555
66 166
583 598
393 414
139 150
237 290
255 591
83 227
325 598
135 558
196 515
255 420
191 543
214 292
436 563
61 319
0 149
248 572
245 599
103 243
82 109
163 251
231 315
175 331
444 469
57 266
408 433
98 398
38 301
52 94
38 342
343 456
233 240
99 556
335 541
49 105
315 415
188 537
296 438
110 179
435 469
229 480
68 575
138 248
436 553
198 216
310 553
155 205
26 457
252 567
100 406
459 582
119 255
266 395
11 433
217 430
90 129
264 279
159 361
371 404
85 226
39 544
126 211
160 542
210 244
286 463
174 306
277 323
106 495
268 523
28 42
113 115
140 572
12 86
147 434
366 404
225 501
367 423
172 550
253 545
48 235
8 85
51 336
41 592
300 401
215 474
426 555
510 518
294 499
174 235
29 372
323 532
245 429
162 448
88 156
74 553
2 305
74 592
169 398
339 589
213 328
173 403
393 412
258 292
304 381
424 583
25 326
265 504
192 509
260 304
30 115
73 122
241 516
302 516
219 535
195 389
294 599
75 239
22 343
183 257
63 567
25 64
66 350
407 455
64 564
29 201
266 343
73 524
7 521
343 358
54 73
220 241
223 360
491 562
4 155
98 145
347 471
266 533
449 569
61 88
414 458
275 336
410 559
71 233
203 264
302 582
539 598
200 462
462 499
368 536
254 478
145 315
410 530
112 268
380 535
204 546
385 558
352 450
321 545
176 180
497 594
58 313
212 314
160 513
339 472
352 451
106 289
423 573
427 515
173 521
572 574
261 334
323 392
253 321
32 432
289 585
175 220
412 414
86 331
217 288
207 222
416 459
170 518
454 497
420 591
95 98
244 472
60 593
495 585
281 413
76 368
219 439
220 516
204 475
142 206
226 510
95 322
142 267
240 417
83 206
102 107
184 401
169 505
10 434
127 279
307 337
21 295
315 340
124 569
100 211
6 265
358 456
69 267
331 447
6 590
128 373
317 573
7 173
247 432
527 537
61 520
259 446
498 586
101 340
294 446
44 521
178 274
137 322
123 329
85 556
346 443
262 472
413 514
280 452
191 473
227 525
250 350
340 549
345 404
218 259
125 419
457 588
56 274
290 581
356 411
198 597
0 95
158 277
185 511
140 505
85 541
20 384
158 437
208 468
31 378
94 123
429 499
178 308
20 364
203 390
87 555
228 497
292 406
46 85
194 566
50 112
360 361
144 293
263 278
122 455
70 397
31 174
250 591
123 477
44 243
116 138
378 402
8 510
374 538
138 348
176 394
37 170
12 459
287 394
342 531
47 351
76 203
493 519
93 112
152 246
40 547
111 580
128 418
546 576
25 100
153 323
228 354
45 62
117 279
283 471
215 328
96 334
328 474
244 449
311 347
386 519
360 498
180 394
373 571
228 454
139 590
5 589
255 503
52 305
380 437
457 473
284 398
344 362
164 446
21 236
87 90
88 520
37 82
431 437
91 107
65 273
245 294
392 431
229 246
469 504
364 561
350 399
385 570
105 426
9 195
89 376
2 17
94 490
282 375
162 382
154 455
325 454
146 270
518 538
221 438
60 102
406 478
424 560
33 247
144 486
298 426
361 517
148 400
237 581
225 379
185 472
110 392
181 576
296 490
500 592
122 154
86 516
53 438
51 361
417 459
398 505
414 453
315 419
104 211
242 339
34 244
14 351
79 475
188 527
173 223
70 230
50 282
301 329
175 587
483 542
120 258
380 439
202 540
84 364
32 391
165 234
115 526
395 533
371 388
392 437
183 357
459 589
244 569
412 453
101 134
170 355
163 267
240 165 50 288 55 159 309 75 126 417 322 541 285 243 317 432 105 155 161 370 497 599 519 152 392 411 82 180 509 578 582 59 559 291 535 289 157 79 85 77 426 571 521 172 417 584 48 534 493 10 358 55 476 373 161 399 367 430 335 347 293 187 434 419 538 594 189 274 117 8 309 464 221 1 56 539 25 380 189 28 122 212 65 249 103 244 102 2 479 466 177 309 305 143 396 282 591 96 47 594 174 285 461 316 469 209 256 331 383 234 58 227 220 109 465 121 123 279 493 458 318 218 177 426 215 538 473 322 560 209 190 347 70 330 166 512 47 484 558 386 328 24 546 517 231 475 277 76 551 388 12 397 314 427 556 373 28 403 363 371 186 290 255 243 566 363 406 430 399 581 124 532 234 304 454 23 296 426 322 500 584 123 22 95 126 576 310 383 403 209 533 421 432 488 421 343 466 542 191 230 31 577 191 153 422 3 264 2 71 19 410 251 435 188 63 263 457 488 242 112 290 416 399 121 540 296 459 429 325 275 172 128 572 550 466 157 248 147 158 191 283 337 51 353 433 492 187 271 418 250 213 435 156 114 353 12 346 248 408 346 172 97 461 105 347 330 204 329 164 398 54 420 542 102 332 161 557 8 326 292 596 208 349 200 397 29 23 213 396 296 434 367 593 442 590 434 132 176 298 181 577 474 592 284 596 89 198 219 337 83 279 269 418 62 309 94 306 20 454 248 108 194 327 553 442 67 417 341 69 469 577 224 327 423 30 358 385 222 291 69 44 70 406 377 446 478 81 142 261 595 106 323 598 23 483 368 575 320 362 77 299 145 71 440 461 334 400 410 310 392 243 310 579 377 150 402 225 71 458 591 69 436 442 158 176 255 327 465 279 516 13 296 23 466 424 513 521 410 9 233 324 302 167 69 371 159 472 67 593 178 370 390 562 331 537 231 116 572 94 88 27 132 551 73 460 164 406 183 384 421 159 414 566 133 572 473 337 125 550 114 17 319 244 131 11 541 186 175 168 465 169 92 206 336 571 450 508 462 480 221 345 128 22 421 22 399 528 579 114 61 180 159 396 180 454 521 8 302 94 29 227 335 41 145 560 468 184 24 387 173 139 192 381 459 131 467 66 207 198 3 468 495 563 418 545 392 95 426 69 468 401 91 43 255 296 99 563 71 304 76 391 452 476 32 358 29 42 34 83 3 61 80 273 520 407 457 504 565 111 490 127 298 559 360 375 335 231 281 28 428 424 53 118 484 422 433 201 498 124 525 328 421 384 319 479 456 182 295 36 313 119 27 260 155 176 453 179 412 326 581 64 456 504 304 575 261 234 35 392 340 108 255 93 332 364 6 499 448 15 375
535 339
717 969
879 399
759 657
133 276
339 147
691 146
774 388
595 174
849 740
89 63
168 154
294 103
560 0
153 813
207 550
928 254
867 432
34 286
624 653
261 516
337 588
473 322
708 658
336 954
80 310
330 611
839 678
1000 20
999 424
975 329
730 594
353 361
421 318
307 29
567 323
274 165
645 40
684 589
770 296
219 995
514 682
912 16
39 73
828 371
531 701
570 150
223 886
845 611
854 792
219 491
728 325
845 428
837 536
810 899
784 485
212 707
332 263
133 769
297 623
907 506
70 581
552 667
384 564
94 265
231 349
173 877
550 778
32 886
921 147
50 455
184 49
181 904
769 846
463 725
152 676
201 678
564 698
805 93
142 585
346 991
759 703
682 21
986 204
273 548
596 224
236 115
800 692
88 523
690 886
768 732
968 647
339 456
215 412
832 501
604 371
376 304
740 889
587 386
680 289
81 391
624 497
929 591
850 243
117 474
919 773
525 627
946 606
862 373
718 11
548 824
963 976
195 424
954 304
127 531
902 309
306 347
315 666
933 41
62 777
7 301
39 423
797 927
773 515
413 44
413 502
128 449
265 675
26 749
763 755
572 771
273 877
315 4
410 406
545 466
909 888
76 7
617 469
328 407
653 74
440 445
921 838
934 167
443 862
952 857
541 422
958 928
99 87
503 743
519 267
736 79
270 942
688 217
702 800
845 919
111 241
167 537
863 350
641 801
692 340
935 488
505 291
30 490
907 82
817 127
960 712
175 930
705 691
91 670
483 389
600 77
199 855
3 771
753 356
760 575
214 162
231 192
85 416
194 761
554 871
239 265
244 631
511 815
179 333
372 503
462 201
998 947
589 322
960 786
68 189
639 322
431 655
804 270
694 456
435 96
860 710
788 194
838 222
47 961
541 71
885 30
989 355
273 832
184 645
183 602
67 239
969 141
346 489
502 878
654 974
354 84
131 389
87 39
61 76
7 411
30 159
64 937
549 139
706 125
632 899
137 138
904 575
387 485
748 383
729 842
469 372
617 233
950 231
336 839
740 163
81 440
563 517
46 309
145 45
907 675
791 563
287 568
520 949
952 561
118 702
188 20
115 122
325 209
845 333
376 80
786 0
712 177
439 333
379 443
372 987
99 854
889 69
492 608
493 5
43 334
84 769
550 182
227 296
0 375
716 155
877 174
327 298
387 168
793 849
219 642
651 150
382 280
923 109
193 461
966 510
965 954
278 991
298 179
287 412
189 737
691 246
4 21
667 794
783 828
281 647
992 245
371 912
248 437
544 961
566 371
901 157
801 157
287 247
525 115
577 607
515 976
157 403
30 399
961 888
786 37
307 602
886 561
283 688
799 796
839 654
422 546
672 549
160 70
985 569
912 201
808 406
801 591
562 628
130 726
690 949
451 772
683 972
525 569
108 772
44 14
519 499
991 541
523 52
302 975
51 613
661 738
504 33
568 428
625 759
822 441
271 803
64 358
989 982
57 105
731 553
585 9
233 150
735 865
220 3
328 326
573 253
736 254
643 668
191 523
362 149
554 488
20 993
647 599
424 267
976 607
118 976
362 956
610 979
318 435
895 379
115 905
184 818
840 87
329 933
404 838
587 42
330 730
162 313
454 274
23 578
724 414
718 375
984 687
783 79
233 552
0 460
137 931
509 213
238 700
180 361
626 730
155 973
930 399
20 678
635 116
233 509
676 850
893 109
712 635
534 370
585 913
893 219
22 547
866 837
278 473
891 915
735 725
905 347
136 989
886 713
104 623
398 371
578 795
929 658
278 213
404 246
490 264
59 481
505 390
54 886
504 769
403 524
736 616
789 344
145 953
235 577
52 402
911 958
172 241
222 914
756 925
308 713
908 604
401 928
881 687
481 538
238 30
249 50
59 737
497 479
92 820
164 448
97 997
521 138
250 894
619 699
840 818
764 173
350 889
809 21
570 69
585 829
388 337
159 190
122 32
672 262
483 840
619 836
873 590
664 883
884 950
202 269
470 107
348 918
646 182
984 88
761 76
256 151
23 468
406 69
849 63
872 97
933 276
878 617
327 794
849 993
441 245
350 693
860 661
298 50
298 281
731 504
871 4
843 150
693 270
217 787
617 566
934 754
520 845
664 200
781 989
565 989
431 129
421 691
90 184
153 628
996 69
764 536
8 350
348 243
732 202
979 800
739 304
939 539
952 430
654 470
996 900
544 898
849 863
70 808
881 520
429 934
490 457
698 745
463 947
522 595
414 879
405 789
749 416
825 46
414 715
447 362
780 784
81 726
688 174
488 423
926 448
822 699
440 475
832 276
607 193
539 246
459 537
904 477
376 939
782 239
166 92
668 424
594 115
693 718
109 561
803 382
377 587
159 480
740 776
919 225
886 334
949 811
31 941
66 689
675 924
612 629
619 792
391 222
732 650
633 933
294 746
929 801
667 99
237 730
312 851
560 229
936 517
503 649
774 269
440 27
203 580
236 943
76 843
585 558
23 796
393 614
306 145
487 798
653 11
827 754
638 267
396 198
918 930
731 946
303 895
218 529
476 897
471 817
10 272
607 9
462 62
417 638
84 482
366 1
860 951
77 610
402 463
517 86
421 428
38 857
217 610
204 372
137 336
694 45
933 947
537 985
210 71
231 806
378 411
562 579
743 450
209 198
372 624
364 107
712 90
118 812
497 708
876 473
459 798
860 135
989 513
82 968
246 753
736 29
