600 1507 600 985 8
15 441
331 414
235 521
165 433
91 202
8 269
280 425
52 151
259 553
262 407
121 301
369 481
84 454
180 270
88 503
53 135
253 501
318 461
384 491
488 576
548 550
342 458
294 446
127 571
67 444
11 494
234 287
370 473
412 555
123 406
389 528
430 463
129 188
109 163
470 506
262 588
180 432
79 511
235 515
38 442
6 463
13 581
528 542
70 153
493 526
45 119
60 516
307 448
288 446
17 344
47 598
190 400
335 418
32 153
226 381
210 293
5 23
161 181
466 599
318 574
104 532
81 450
213 499
116 468
70 449
372 385
33 476
19 379
78 343
261 516
189 231
365 567
232 460
288 401
54 330
405 434
150 299
158 246
146 374
139 502
168 463
16 509
259 521
368 438
378 471
290 595
9 245
147 294
399 599
367 482
242 256
299 454
38 381
325 475
90 519
115 215
290 387
285 505
171 291
162 593
301 380
212 249
334 466
174 472
359 360
33 460
173 238
424 558
106 163
201 224
224 434
48 61
206 281
315 561
159 298
191 233
259 589
445 489
31 281
270 514
315 377
26 222
348 436
302 599
414 537
449 529
18 520
134 389
453 514
12 128
377 495
127 280
4 390
522 555
417 487
122 221
275 488
142 186
128 442
118 359
279 467
314 320
34 272
411 492
176 214
143 203
228 495
4 254
175 554
95 267
400 490
374 418
182 354
304 579
149 364
92 433
212 225
498 546
87 470
259 508
80 571
11 283
313 568
2 454
34 347
358 361
498 549
113 178
497 586
311 561
68 410
96 150
64 551
74 277
508 553
226 432
322 357
363 529
75 579
483 564
435 444
61 229
319 472
64 321
67 485
137 572
31 561
78 542
432 541
203 439
35 413
146 336
255 519
46 117
46 419
90 254
253 341
84 142
299 509
375 397
23 596
36 406
237 517
281 311
276 406
406 512
385 588
68 236
319 587
301 438
51 131
134 298
426 587
212 251
449 474
87 506
51 263
192 238
198 458
284 449
306 529
152 199
303 483
517 557
20 491
33 552
402 430
362 570
156 573
131 148
366 494
27 135
181 262
157 286
381 540
217 346
44 201
0 377
171 378
206 477
78 521
338 399
7 325
266 285
250 563
124 250
200 597
49 591
109 264
151 286
184 487
154 570
21 239
53 553
50 175
73 376
38 432
273 329
203 498
115 394
66 323
66 355
73 193
320 502
196 226
145 470
196 438
361 419
28 200
147 446
280 459
85 464
58 299
429 462
223 584
91 547
81 532
204 451
284 388
59 553
375 577
89 254
215 592
114 376
311 528
323 577
17 499
71 385
148 363
217 385
326 494
151 413
141 519
126 266
105 452
76 238
332 503
1 192
183 476
335 374
83 412
265 551
11 366
89 390
328 411
519 530
256 506
172 569
56 62
175 368
58 548
243 536
226 541
114 240
41 217
445 481
357 441
166 310
198 592
120 576
30 312
165 341
153 547
338 491
194 291
292 308
122 211
71 220
327 579
22 434
369 552
282 391
14 506
121 380
339 373
168 471
177 195
22 360
339 482
3 468
158 413
114 380
421 537
391 502
147 465
35 416
252 300
16 58
427 431
463 465
35 93
296 497
46 358
137 406
346 385
253 565
439 549
166 534
43 381
101 266
182 507
38 43
118 360
151 479
45 171
204 476
88 404
19 496
357 429
294 546
237 499
26 557
205 354
164 473
8 560
338 466
177 536
437 455
141 391
314 390
283 326
102 436
208 545
292 410
343 511
83 484
140 508
100 506
41 372
462 553
132 138
182 448
234 362
124 525
240 443
95 565
267 285
88 295
387 595
24 508
23 545
6 168
30 580
240 512
68 371
179 267
152 247
219 407
103 558
171 194
94 142
149 523
64 452
17 213
408 410
33 204
30 352
138 314
126 366
338 598
207 424
349 434
12 447
234 265
339 524
63 535
28 127
122 306
187 310
156 566
200 239
110 455
63 283
144 392
212 348
373 593
265 321
89 138
1 200
410 525
400 590
371 395
117 350
382 542
242 394
132 485
420 549
305 526
289 368
3 116
144 531
239 492
234 548
370 468
84 321
88 170
63 324
117 419
46 70
307 566
333 545
258 396
132 563
120 147
117 123
92 165
311 389
93 296
258 570
488 498
152 157
149 209
340 391
26 107
255 523
540 554
564 599
101 397
12 467
320 407
164 468
412 422
153 207
300 325
167 532
156 377
277 522
459 571
116 275
98 374
194 450
152 416
231 260
85 441
151 157
146 257
20 47
326 418
100 248
94 365
139 219
300 562
80 280
67 342
386 442
216 537
194 378
283 324
119 532
181 346
84 299
190 279
43 201
20 578
51 183
402 591
32 313
120 337
2 94
275 398
309 448
73 121
188 191
373 512
74 169
440 535
248 506
257 374
508 515
143 439
79 343
429 443
150 487
107 222
520 555
238 510
345 356
319 462
281 426
94 454
125 332
409 471
60 241
240 572
210 316
268 302
139 407
102 274
199 323
27 453
73 500
325 335
280 351
168 290
286 323
120 465
92 169
472 589
138 435
245 383
95 562
183 263
80 425
443 527
118 405
302 575
499 517
49 329
341 457
11 556
29 387
431 585
106 575
129 478
64 265
55 108
245 295
48 85
311 426
380 514
127 503
127 239
133 206
344 354
277 421
409 463
250 525
242 403
52 227
259 515
262 444
435 485
56 504
267 565
58 417
130 211
19 552
160 269
25 109
182 344
104 213
239 597
133 587
299 417
127 459
437 545
352 486
268 461
82 172
260 395
91 103
102 307
84 509
74 522
274 393
499 532
255 364
209 523
197 431
79 329
209 428
229 297
333 543
97 258
141 530
551 579
271 369
283 418
85 322
337 430
9 383
61 482
10 225
12 108
146 392
83 487
415 514
291 532
396 423
5 545
151 565
374 392
96 184
412 489
312 560
205 274
401 595
172 533
329 430
398 549
424 530
36 123
106 423
303 478
43 55
160 312
297 598
9 295
268 575
96 299
458 506
85 477
61 598
90 395
179 577
172 278
338 384
320 340
356 447
216 586
511 521
129 303
430 591
197 201
415 456
33 451
3 431
346 353
164 398
7 144
225 261
426 589
0 228
386 432
74 331
39 46
35 136
328 583
523 558
282 313
313 391
168 409
357 462
199 247
22 405
268 477
166 520
212 261
334 338
246 537
521 542
107 159
225 516
100 256
509 550
413 416
91 424
342 485
222 298
166 531
43 128
445 596
42 164
399 564
219 588
446 526
58 509
135 462
273 582
2 421
71 372
315 573
278 382
274 436
53 270
240 373
296 586
111 326
73 137
178 289
176 269
170 258
178 359
162 437
114 453
192 383
1 383
30 512
50 554
139 419
480 493
354 507
30 486
535 556
81 194
195 584
10 192
25 599
46 176
331 421
4 391
369 496
190 467
138 231
498 526
101 375
145 368
6 288
154 258
139 220
11 326
49 79
86 147
298 389
208 560
101 285
128 190
489 596
12 356
145 346
125 170
100 360
60 307
123 350
341 414
47 338
520 534
294 498
224 230
365 497
37 143
232 445
210 423
45 582
178 368
101 179
75 177
119 291
33 369
84 186
120 463
25 478
53 59
422 483
193 376
237 532
364 395
305 493
50 196
319 553
221 284
24 140
54 108
259 472
83 555
461 477
2 567
78 569
339 443
344 557
266 505
82 237
61 367
124 308
110 512
472 553
423 575
270 432
391 530
163 302
172 382
173 469
227 323
63 556
171 582
57 383
76 225
128 467
281 477
367 598
260 408
156 518
485 563
70 529
361 502
268 281
276 350
52 323
9 97
279 400
131 440
314 407
57 469
297 334
154 243
82 278
4 519
57 97
95 144
263 476
47 578
191 396
336 460
452 551
194 595
377 561
412 534
30 560
97 396
370 431
136 216
111 252
223 304
69 558
103 284
19 369
232 369
13 569
198 506
191 362
137 376
240 376
464 574
54 55
8 160
23 445
32 46
401 446
263 451
118 347
29 595
300 505
76 516
31 311
155 487
307 393
169 522
145 353
29 401
110 352
206 587
188 233
108 447
5 578
47 367
334 464
305 446
347 405
309 393
88 539
157 416
24 72
10 200
148 476
66 577
248 359
40 342
292 525
343 569
80 351
120 546
533 542
145 289
79 590
170 332
41 500
72 140
275 427
492 583
59 140
32 39
162 482
22 403
29 288
455 593
161 444
197 330
381 541
92 522
591 594
146 544
261 436
333 481
205 513
205 538
220 350
273 409
198 256
169 414
108 330
518 566
200 404
20 422
175 196
111 126
189 260
55 128
269 379
150 184
179 227
272 554
58 129
113 347
61 524
167 581
276 372
87 458
177 243
161 262
317 474
427 488
91 207
303 564
110 373
13 532
238 383
317 547
100 359
268 318
297 338
3 370
152 286
242 434
40 563
177 579
17 517
481 543
205 507
156 315
510 573
0 26
136 246
111 505
311 589
323 355
191 548
222 517
271 496
8 19
157 413
198 342
489 534
542 589
23 578
386 559
38 128
14 289
13 172
122 388
191 234
216 567
295 404
52 286
301 346
0 557
384 483
24 490
455 486
447 576
169 331
354 538
143 480
173 210
94 567
49 345
192 200
72 490
250 394
252 325
282 568
205 348
174 319
4 141
4 90
19 560
188 264
106 109
266 366
510 518
134 561
142 365
7 300
132 231
457 479
173 573
420 488
114 443
289 359
357 527
371 408
274 348
42 549
62 504
280 492
519 523
99 363
355 397
478 564
102 261
515 521
271 481
175 178
270 415
121 500
43 197
82 222
14 248
159 377
115 256
496 560
313 358
232 544
31 218
483 487
139 350
0 107
422 487
127 492
154 170
230 349
75 327
189 308
301 415
179 375
222 278
57 423
99 476
20 412
312 580
401 480
173 383
238 518
271 545
186 321
247 286
424 568
284 317
197 585
177 304
442 490
206 426
220 276
1 295
324 556
113 118
520 522
230 473
124 563
146 187
221 440
32 568
21 411
382 389
41 385
329 582
257 336
16 550
165 501
202 424
340 502
241 518
432 456
20 596
310 531
84 94
215 256
59 270
12 55
217 500
93 152
184 277
302 574
287 362
160 176
45 79
113 359
172 581
450 532
44 554
69 530
145 301
291 450
114 514
181 588
21 212
168 387
96 454
0 448
402 594
140 553
120 430
339 593
211 440
287 551
521 590
285 562
106 396
257 451
215 394
155 484
199 355
162 455
216 296
275 420
130 306
195 332
227 577
15 527
376 572
327 551
255 395
18 433
202 558
220 588
384 564
440 556
294 526
105 142
15 524
125 536
246 414
185 461
269 552
61 339
67 161
69 523
321 550
66 397
133 319
224 585
72 386
71 588
6 465
58 233
352 455
48 464
127 584
99 529
337 402
433 501
254 390
34 554
11 324
7 562
301 500
53 453
71 276
81 213
9 57
65 503
236 371
161 458
214 529
158 457
228 448
57 173
10 77
15 357
393 448
137 512
388 449
352 512
313 361
48 334
230 585
222 557
56 492
165 253
31 316
3 427
337 576
427 576
329 591
163 599
213 538
411 583
77 225
32 358
461 574
413 479
35 158
219 220
175 438
398 420
282 530
414 421
78 533
250 592
277 484
244 582
40 198
41 137
301 456
23 543
180 415
203 549
161 353
20 489
155 184
79 244
399 466
234 550
367 578
340 390
533 569
60 102
92 520
27 429
524 527
222 389
284 440
530 558
382 533
144 146
45 244
67 435
224 349
14 470
210 218
40 592
270 386
576 594
63 98
221 388
356 467
267 562
93 416
308 563
98 418
365 586
203 526
417 483
34 405
305 480
382 528
384 399
25 163
144 433
303 417
153 474
468 473
314 340
18 92
488 546
24 235
167 237
336 544
232 481
403 434
148 306
48 229
197 427
147 546
99 269
5 437
425 504
9 258
178 347
187 531
13 119
178 554
46 214
484 522
249 328
257 263
86 446
31 573
103 317
420 498
227 267
252 326
89 231
98 257
109 188
189 410
47 491
132 308
75 362
77 597
51 98
165 169
30 406
195 223
149 428
196 381
13 167
150 417
170 536
34 224
130 131
235 508
60 261
98 283
155 277
383 469
231 308
149 255
37 480
148 183
185 477
293 575
21 597
198 215
258 539
48 441
45 569
83 155
65 404
222 382
154 536
10 238
21 492
236 428
38 541
310 445
386 490
345 591
136 158
89 260
99 552
448 557
455 545
174 589
111 266
360 403
474 547
87 353
151 267
44 540
214 269
441 524
42 439
191 570
53 514
414 457
343 521
134 159
259 542
446 480
51 63
85 185
69 519
396 570
59 72
75 243
306 449
189 292
260 371
337 594
184 454
336 451
34 434
404 503
166 489
346 500
218 316
254 395
503 584
135 553
100 403
131 211
7 95
379 552
479 565
2 184
332 584
235 490
36 312
131 183
330 447
57 210
322 441
279 345
125 177
0 495
122 449
274 513
507 513
59 386
105 551
235 400
201 272
18 144
81 104
233 548
353 470
407 444
58 303
495 566
1 404
400 442
7 475
290 471
309 513
174 426
105 186
43 44
310 489
139 361
282 424
136 296
40 250
482 593
232 336
66 375
196 456
61 441
13 45
107 377
18 531
36 580
335 392
144 501
2 537
207 547
35 296
49 590
182 309
39 153
334 574
314 435
68 408
164 275
27 443
190 442
82 517
394 592
512 572
350 419
309 507
36 160
106 264
501 565
42 473
265 287
208 455
358 419
251 583
56 425
356 591
273 463
369 460
218 573
447 594
56 280
133 477
112 138
87 161
223 571
351 425
407 502
537 567
151 227
210 575
117 176
74 421
17 538
377 578 310 173 249 314 148 214 309 528 261 254 252 131 302 86 449 520 551 0 218 182 582 381 422 231 224 451 59 411 0 1 324 551 439 38 212 145 429 547 400 39 395 206 329 92 444 522 150 347 39 329 545 461 211 177 505 563 212 385 508 68 41 391 102 417 222 223 581 190 86 206 147 331 409 291 528 271 43 549 563 470 453 61 556 542 133 104 338 152 332 553 474 502 73 26 442 126 202 155 14 146 75 156 13 138 514 305 142 23 115 591 429 44 470 81 457 490 10 467 182 368 452 405 35 247 388 421 594 152 120 106 323 583 153 223 459 393 432 567 500 422 396 195 334 552 548 94 161 381 279 502 410 142 464 216 171 348 463 407 535 409 199 415 436 24 221 408 324 509 287 561 6 129 403 310 339 502 200 66 488 567 237 557 261 14 238 411 599 461 121 345 555 45 100 125 263 335 56 355 53 412 507 352 476 322 195 379 302 567 222 485 270 535 101 40 144 261 317 74 514 207 227 591 32 350 510 232 508 60 357 515 532 594 487 141 271 176 204 257 219 326 136 325 32 355 473 387 371 455 295 57 450 0 413 256 100 339 158 576 157 56 502 100 81 353 591 46 175 271 432 7 596 436 470 492 413 167 529 348 401 241 508 540 483 76 463 398 433 249 90 47 234 242 434 447 127 129 580 592 61 113 168 290 380 386 245 97 373 409 162 517 485 58 487 570 49 390 585 96 475 86 375 367 477 502 463 489 16 45 496 48 488 7 273 465 3 249 471 188 418 171 400 471 158 291 577 168 406 410 391 437 492 30 423 305 219 206 129 188 371 88 142 250 382 524 494 352 171 208 113 424 39 299 91 543 348 483 271 564 289 260 351 482 173 273 18 356 528 365 228 486 41 467 393 182 338 266 75 181 357 233 440 23 476 169 507 569 100 533 408 378 294 422 207 56 592 412 241 404 253 395 437 102 522 217 297 577 220 169 222 426 457 85 418 195 241 356 339 6 589 350 459 160 450 557 41 165 77 56 545 38 505 127 499 310 284 183 329 105 366 95 475 184 139 392 450 315 101 5 110 366 447 125 259 105 273 89 510 126 415 372 424 159 450 391 40 6 75 178 413 271 11 106 41 9 174 593 587 269 14 285 256 158 60 467 380 331 257 178 397 256 126 392 568 70 9 137 526 171 302 481 285 530 270 129 217 362 488 20 303 510 562 405 537 195 275 77 216 579 386 500 96 208 26 395 323 63 75 569 596 537 512 169 87 358 257 63 596 436 499 414 549 219 163 279 82 27 280 478 23 418 16 504 308 184 414 283 204 511 593 65 102 202 341 200 22 475 104 158 501 489 63 80 135 141 124 442 65 414
850 395
774 186
373 144
724 939
136 813
368 414
952 782
145 221
248 555
704 187
840 215
5 301
704 794
858 593
400 851
521 497
513 124
949 485
265 254
239 507
372 351
924 154
495 941
336 387
662 631
538 284
858 438
551 585
842 105
997 768
323 530
718 374
146 671
195 461
556 916
264 49
283 611
998 961
629 764
133 635
295 922
395 669
838 996
631 816
601 859
858 643
188 650
411 366
510 423
799 712
559 821
96 385
128 77
576 613
664 853
668 820
943 74
697 239
525 166
603 628
889 299
466 461
983 76
27 375
533 50
832 149
42 55
285 861
96 992
22 777
121 589
326 688
636 652
425 660
315 170
623 44
841 270
873 187
759 584
814 685
873 11
994 571
875 517
389 264
468 100
557 421
936 832
345 837
770 129
184 877
107 876
46 669
275 218
243 1
412 99
137 192
416 163
672 180
100 347
172 552
420 906
17 135
922 299
13 644
979 525
474 8
627 270
827 441
715 831
578 254
398 521
43 245
203 901
491 858
486 596
382 987
754 917
227 671
486 894
893 611
881 799
449 697
61 517
270 647
250 976
731 65
35 218
827 56
681 773
531 195
82 489
76 436
233 918
585 502
751 433
590 555
302 61
374 634
211 867
238 727
636 607
96 797
441 49
975 982
198 244
412 787
218 293
907 828
128 483
34 900
442 183
158 123
185 18
100 636
681 92
389 218
801 338
189 60
275 77
788 424
235 586
307 812
400 454
574 288
802 984
232 192
294 308
927 552
925 709
266 182
731 95
936 638
841 556
732 299
668 505
514 791
214 626
680 40
495 822
51 127
546 699
338 763
948 400
111 426
387 180
586 416
492 58
238 315
578 202
172 956
705 724
616 146
781 225
458 670
996 621
763 37
542 772
665 888
337 905
82 6
860 155
626 904
42 700
894 951
169 449
1000 352
629 460
83 669
344 476
6 837
683 312
39 470
933 212
1000 506
185 605
365 946
354 65
385 710
715 331
276 740
302 705
17 518
805 487
789 20
623 946
874 220
566 753
96 102
864 359
457 434
652 975
177 912
242 405
579 173
579 107
715 653
17 987
902 537
802 250
913 128
450 593
846 301
454 995
648 70
846 689
749 202
323 88
122 11
430 851
955 173
291 974
987 200
91 251
197 176
138 861
75 862
388 912
139 370
688 126
689 571
132 923
913 267
289 788
140 401
611 235
561 83
28 189
106 158
619 369
194 575
565 666
283 442
585 896
884 736
955 329
792 918
302 652
351 194
831 510
745 720
886 59
687 431
94 728
60 318
18 558
72 159
129 41
585 60
966 809
433 815
957 715
961 620
196 992
654 337
910 884
745 163
325 28
475 387
792 459
460 150
92 216
434 746
584 334
499 229
686 4
961 918
111 515
878 331
213 966
932 360
271 337
723 465
313 575
153 722
219 818
778 373
693 361
26 609
589 372
632 526
199 783
505 96
562 472
97 49
17 346
125 242
54 272
603 21
991 151
833 717
709 864
288 137
766 88
316 422
503 370
140 298
204 371
853 792
474 348
453 505
161 788
227 145
309 897
784 609
938 442
778 759
389 754
526 881
995 234
607 984
264 675
898 24
366 544
354 793
983 425
42 0
764 789
552 508
171 691
450 884
453 920
199 727
627 97
144 520
44 945
443 6
1 273
408 417
464 789
250 456
701 978
70 980
343 658
427 550
154 327
26 84
443 635
798 393
960 683
220 550
491 656
577 795
792 531
754 234
463 293
353 716
643 702
974 741
49 549
761 488
160 836
127 763
182 272
904 348
348 990
100 905
646 155
12 18
814 951
497 332
734 681
1000 829
815 782
483 974
804 163
526 917
326 634
240 769
124 971
904 690
160 994
962 143
363 309
218 79
265 118
526 678
214 31
464 210
104 278
215 697
836 926
342 151
427 278
668 261
82 702
959 17
676 476
755 885
3 922
543 541
849 758
691 939
593 716
246 221
525 971
256 864
948 264
371 458
489 758
896 995
9 486
517 465
676 744
487 548
258 819
284 373
958 856
765 821
907 376
91 561
968 591
170 416
514 22
523 604
420 131
369 489
539 727
223 109
341 870
861 39
204 409
606 396
598 527
911 748
527 397
920 798
528 355
715 762
752 947
728 264
384 811
921 667
663 537
735 985
76 607
154 254
141 445
629 424
531 255
190 128
997 932
286 413
438 466
463 250
356 225
282 889
345 507
421 234
791 879
318 327
679 668
425 341
909 98
959 957
28 285
821 358
276 482
389 10
866 917
944 526
426 719
206 211
186 752
813 118
987 38
63 201
373 869
976 389
681 606
485 125
779 312
789 652
413 575
961 363
522 638
722 620
876 259
915 498
801 283
50 794
297 261
751 612
319 209
1 796
481 490
225 993
933 929
501 523
727 506
165 584
70 757
272 283
955 565
795 560
317 291
50 400
693 66
349 110
997 465
718 132
587 832
598 747
731 558
306 392
239 356
343 443
840 858
48 634
566 139
841 968
542 121
572 32
211 523
634 561
553 850
341 266
13 414
888 425
19 740
623 726
269 525
742 402
109 189
265 939
502 287
163 152
837 331
375 90
127 702
812 593
650 127
824 15
402 604
755 332
557 380
640 303
791 837
72 76
383 385
632 4
319 603
874 552
873 678
999 104
798 54
654 943
362 22
638 495
309 734
696 515
769 687
804 748
332 944
417 499
792 800
997 719
321 355
891 160
446 406
545 320
