600 924 600 1009 6
377 539
114 320
115 188
238 329
220 379
124 392
133 401
149 188
74 510
89 301
124 240
81 92
51 173
183 246
197 575
145 272
124 231
466 598
480 534
180 407
156 330
73 462
351 545
37 508
79 80
237 526
18 418
246 521
70 527
56 206
399 558
8 211
379 580
82 471
429 534
526 569
431 504
335 339
311 421
88 407
92 568
230 248
315 404
381 389
378 450
39 221
185 306
159 537
125 322
527 536
203 257
305 389
15 556
146 445
174 418
114 521
22 182
154 435
417 578
404 555
297 377
397 428
48 217
258 389
428 586
201 287
285 433
163 262
151 573
109 354
302 482
95 575
21 141
80 310
248 529
495 511
374 583
234 455
49 139
331 458
242 261
117 180
502 543
327 368
196 486
333 363
95 204
323 469
518 538
455 484
195 492
67 371
71 372
294 371
271 524
65 70
512 533
209 586
126 335
482 531
59 149
253 537
19 275
16 258
153 304
254 459
204 385
132 178
260 294
293 501
108 357
216 250
181 198
93 335
139 223
215 462
256 323
21 446
38 68
109 325
24 121
199 494
102 293
519 557
444 452
206 366
125 512
157 160
100 505
61 165
191 242
170 547
29 145
278 293
169 325
173 457
218 450
99 562
35 418
106 406
26 567
289 338
186 473
23 299
22 473
127 239
234 457
437 528
227 296
524 585
229 366
29 99
369 508
144 545
212 507
283 344
183 325
249 456
205 242
340 424
306 403
387 406
305 444
433 520
83 342
72 552
155 266
380 594
144 575
481 489
305 498
391 571
495 560
146 502
157 467
177 444
266 512
309 486
356 388
102 278
288 303
392 534
214 548
248 487
117 456
21 501
209 288
175 497
225 508
237 462
457 585
165 591
83 107
76 230
463 539
405 595
119 165
52 462
281 394
192 226
64 535
81 466
91 584
57 110
11 407
212 232
127 228
59 362
91 154
260 273
353 363
166 510
104 123
319 461
322 329
128 317
113 283
174 361
320 330
233 396
83 314
125 321
104 164
308 315
147 173
361 571
27 351
100 229
349 464
134 143
288 586
168 457
147 434
351 416
77 454
141 566
125 513
130 565
5 126
69 178
500 510
411 428
346 445
182 403
82 497
35 314
441 534
132 551
167 245
97 216
185 588
48 574
50 342
34 463
372 556
373 549
157 509
178 244
184 343
83 110
34 565
241 246
63 455
32 563
56 112
127 128
186 306
325 333
97 542
101 521
333 409
95 469
251 405
445 549
9 477
217 451
83 563
12 21
181 250
337 339
89 431
274 399
452 498
287 543
66 367
258 566
327 532
320 523
219 353
75 148
415 565
116 493
68 572
37 339
92 151
172 532
331 561
77 573
5 335
24 28
19 468
318 478
67 509
69 132
35 174
245 547
158 527
149 567
303 516
107 110
111 191
229 556
94 184
116 218
10 301
491 528
65 158
314 571
14 388
160 196
117 244
310 311
82 549
170 462
135 160
238 408
375 455
84 288
235 405
530 547
18 120
410 464
42 114
18 358
142 268
499 525
482 554
321 378
314 514
379 536
266 424
48 284
127 317
41 276
152 510
63 457
148 272
131 376
419 542
282 308
91 435
350 422
218 318
137 151
2 130
11 477
308 404
277 379
129 554
297 550
41 389
190 358
291 360
133 289
295 484
281 355
381 491
75 481
17 585
44 280
524 599
261 549
20 506
377 561
106 383
355 365
375 440
51 585
398 548
187 596
147 208
102 538
116 478
92 558
459 463
253 505
250 548
73 427
213 455
267 555
507 563
294 355
58 413
193 276
98 124
34 126
57 430
61 252
56 143
411 473
186 542
172 271
127 599
15 71
370 551
15 372
136 490
314 342
231 480
467 572
234 585
172 327
17 553
120 358
135 365
339 380
26 247
104 597
123 476
27 575
140 580
508 594
257 312
177 228
96 104
33 300
182 586
62 201
279 469
43 84
270 507
280 325
87 329
83 514
143 159
110 571
52 547
161 198
220 277
26 122
24 566
5 377
133 331
97 166
9 182
236 433
261 414
348 500
21 293
91 369
265 560
146 543
161 528
390 428
131 571
457 595
20 528
132 367
125 393
338 401
387 522
401 447
103 462
361 395
431 579
64 569
206 327
399 555
111 559
85 340
141 446
429 501
167 547
262 354
574 592
193 389
44 414
377 459
184 523
99 292
307 438
60 149
14 426
128 313
356 521
137 557
328 525
439 467
407 472
79 417
56 199
15 436
30 352
202 332
189 417
374 455
441 501
81 501
92 598
211 395
376 589
131 589
68 164
330 521
143 206
58 100
117 118
81 155
12 446
38 227
471 497
323 332
22 55
1 64
215 432
340 359
133 338
149 247
281 480
368 485
324 487
56 433
373 497
374 457
230 529
40 228
137 519
240 258
158 192
162 187
94 354
279 400
496 575
66 117
93 339
436 481
62 584
50 509
267 573
137 518
252 384
207 300
100 372
68 195
228 524
192 200
410 588
147 190
116 318
106 387
474 540
186 479
172 420
475 491
280 414
23 438
48 374
187 301
142 353
123 563
163 469
235 284
46 341
349 380
309 579
300 477
114 416
350 386
47 89
243 561
52 435
423 496
121 276
254 463
44 262
95 385
261 581
228 317
22 403
282 359
53 200
296 453
61 119
438 593
61 245
171 337
274 396
102 466
128 350
57 376
112 433
214 428
184 423
97 186
550 577
391 514
235 286
151 348
74 500
373 502
366 499
456 477
39 408
432 576
194 362
511 593
522 581
497 549
406 497
491 506
357 384
214 398
8 224
389 491
441 512
161 437
268 388
342 476
54 468
78 382
19 538
382 473
53 158
142 183
240 434
284 574
181 360
49 326
364 427
359 555
351 587
135 255
124 258
30 60
10 162
112 143
101 114
146 287
449 504
124 566
231 418
163 323
31 240
465 564
37 594
32 430
119 185
39 388
377 458
36 303
183 330
126 508
247 362
69 551
5 46
95 262
49 334
111 242
31 418
54 275
161 570
20 482
454 550
117 477
81 278
99 386
111 289
64 503
203 299
92 137
128 422
352 433
354 496
84 390
464 508
59 440
129 531
200 544
140 192
275 389
17 228
203 529
236 352
79 310
375 583
74 542
398 473
460 489
487 515
145 298
57 270
85 426
129 177
28 41
185 591
336 543
4 447
381 506
257 425
294 582
75 263
231 240
305 381
344 370
131 395
43 148
413 460
17 177
222 505
442 503
57 578
175 502
58 71
510 557
454 577
39 45
13 262
37 335
486 504
171 345
211 224
35 294
272 397
447 488
72 347
458 561
86 530
2 25
90 323
110 376
64 210
259 309
18 541
277 580
393 513
98 392
28 319
357 526
99 350
9 249
275 491
275 557
95 163
138 334
34 254
525 537
150 590
271 420
454 500
199 532
55 586
449 483
448 581
130 346
166 517
366 420
292 302
150 444
316 358
367 551
342 563
7 116
43 460
164 467
459 539
52 103
406 471
295 455
270 430
103 435
293 461
112 520
140 277
84 272
99 128
32 507
69 503
100 556
185 410
59 375
265 493
52 170
94 423
88 303
198 250
100 328
34 415
19 28
147 470
261 347
392 480
190 251
75 176
130 552
190 208
475 528
560 593
179 574
376 578
7 438
331 404
269 401
252 290
77 151
131 189
229 524
456 546
207 586
255 281
99 291
518 519
76 162
50 67
48 451
301 579
238 322
413 489
105 469
196 478
181 548
505 537
3 397
71 489
27 144
322 493
155 441
307 560
160 509
264 294
73 432
531 554
292 528
511 560
512 513
120 316
6 87
90 400
185 403
209 428
414 522
47 223
163 256
137 598
471 581
250 398
125 493
182 300
96 527
71 100
196 492
337 349
232 507
238 393
199 368
130 584
16 498
129 412
7 495
76 596
357 530
274 359
256 383
0 596
194 451
166 475
28 275
473 479
435 462
313 436
340 393
67 365
461 538
224 286
280 559
302 386
431 483
118 344
217 284
293 319
265 307
362 440
345 500
4 268
273 402
73 435
117 178
209 390
245 384
123 467
139 596
287 445
13 280
140 220
298 490
369 565
390 397
158 379
291 292
122 520
95 153
41 193
165 252
405 457
169 354
90 469
250 473
312 529
340 513
331 555
190 541
254 565
242 347
6 487
329 465
318 443
268 353
392 429
328 499
306 419
290 474
160 439
382 479
337 542
256 332
77 148 202 389 165 345 194 475 179 492 493 338 44 184 501 415 131 498 487 194 55 36 41 431 343 100 7 196 545 306 338 545 144 456 114 521 262 582 584 552 146 233 268 128 20 179 519 324 32 514 262 102 412 450 460 19 418 465 543 137 556 129 230 283 243 424 319 98 349 576 457 398 598 353 175 292 47 127 581 432 339 220 303 480 207 402 375 166 524 141 321 488 591 3 50 358 348 234 489 163 482 363 49 45 271 565 87 165 445 524 552 354 461 224 385 511 115 179 308 169 389 73 348 104 570 124 155 3 234 300 536 249 391 584 332 396 173 285 474 479 260 527 449 8 225 386 312 587 2 156 389 315 233 310 302 159 131 327 427 322 451 309 373 350 122 43 396 516 219 163 450 501 441 211 472 447 395 18 409 593 557 105 39 428 27 207 257 568 186 213 26 294 196 269 343 489 583 291 356 580 171 575 353 453 268 257 24 153 9 225 445 232 384 399 595 188 395 448 165 160 567 127 245 22 395 573 217 129 351 386 534 380 89 373 112 521 498 342 190 12 422 239 244 585 264 365 411 90 431 413 341 368 574 401 268 429 212 121 1 341 410 395 10 115 253 176 548 210 497 550 420 476 521 127 413 365 303 237 94 489 510 100 220 501 352 395 25 531 343 75 188 365 150 228 159 373 74 21 491 35 406 193 259 586 370 260 298 365 75 287 101 28 2 471 424 255 551 584 9 386 271 182 73 42 221 299 250 297 132 330 173 317 272 520 51 196 22 531 146 184 571 373 305 570 144 263 320 29 535 552 284 173 361 31 566 210 350 207 531 77 143 535 85 316 22 115 136 420 197 233 67 160 50 287 295 583 24 534 73 79 369 208 196 285 96 435 488 434 261 553 214 168 154 97 309 344 89 296 537 462 537 123 262 381 304 485 393 518 9 361 87 450 384 291 340 230 52 242 367 456 29 346 470 465 190 348 197 243 576 405 382 161 180 388 527 45 77 323 50 489 482 315 453 356 48 279 18 509 371 441 230 264 446 334 207 279 511 179 429 402 422 344 214 153 410 500 489 542 197 448 73 233 495 309 191 38 130 312 521 360 92 180 150 451 408 6 216 39 158 408 551 424 566 423 351 210 196 569 344 341 519 225 156 220 208 377 435 227 39 197 449 139 491 593 481 94 530 409 253 78 222 223 280 490 466 108 283 234 166 481 459 524 459 240 372 457 219 344 384 437 87 348 159 519 434 573 212 183 41 405 292 54 497 164 557 25 400 386 253 571 94 443 263 251 260 125 127 51 93 509 360 471 412 310 86 243 350 135 349 207 194 48 334 499 351 57 53 216 127 66 63 46 54 576 324 210 456 505 230 121
24 325
915 999
368 809
852 508
222 622
521 733
72 528
197 342
544 89
920 766
75 353
964 799
441 417
152 860
225 550
880 366
629 370
692 278
527 201
542 507
713 458
434 438
831 718
116 401
547 429
337 818
948 2
10 755
590 470
839 487
856 63
525 246
334 52
953 733
485 804
426 155
988 686
589 789
180 134
178 589
764 278
597 436
44 667
983 491
183 895
109 580
544 685
73 240
668 48
24 222
279 161
673 227
635 885
54 40
573 523
850 684
892 130
378 37
987 316
771 49
891 53
746 855
416 915
710 169
840 972
101 26
931 865
318 205
155 185
886 920
121 4
928 373
372 863
600 990
623 616
933 468
16 347
462 647
811 727
589 17
562 47
415 530
338 945
335 115
985 593
303 564
713 930
108 458
990 748
112 246
53 969
533 889
434 577
562 697
75 779
64 866
232 54
735 591
472 338
835 435
922 323
62 613
472 510
619 908
233 80
94 910
197 970
337 76
840 912
130 773
429 81
310 813
979 141
950 990
63 656
824 60
245 411
909 843
990 890
738 829
518 172
558 377
984 4
264 74
498 351
239 447
515 767
835 343
814 391
731 371
399 828
501 59
929 900
331 743
989 172
291 249
890 459
457 563
25 176
22 260
98 149
490 461
219 712
968 174
21 737
875 514
422 974
594 258
933 493
835 33
697 425
470 598
582 577
0 833
521 923
386 487
103 662
244 204
104 49
987 212
247 234
704 544
49 365
117 918
207 127
765 821
656 568
695 819
745 224
117 829
652 908
629 640
810 188
595 280
478 163
383 1000
947 434
725 343
909 875
643 124
961 820
791 533
853 760
128 692
104 740
765 786
729 694
35 283
815 80
515 23
558 225
282 853
32 125
596 413
711 13
165 227
190 289
0 785
743 527
849 100
14 30
454 915
67 996
84 431
32 885
272 882
871 208
959 692
585 221
924 634
898 943
542 142
239 19
786 152
854 603
688 982
774 588
654 28
276 370
260 771
113 127
194 559
983 273
58 220
573 98
548 873
4 61
97 175
764 330
844 270
19 429
490 254
274 15
389 611
771 181
619 110
912 103
674 949
172 538
844 380
548 313
164 642
309 853
375 761
826 852
716 858
126 644
841 4
48 464
851 790
818 587
578 180
776 859
985 243
435 813
319 294
137 956
64 391
575 355
103 325
442 218
327 911
143 886
904 437
365 160
189 445
365 532
417 674
217 684
285 765
356 4
798 246
958 564
437 258
339 633
615 482
560 401
123 108
442 494
19 955
173 865
380 299
284 668
979 980
624 64
950 35
584 147
436 938
961 640
345 774
808 825
797 506
763 505
467 489
396 197
778 128
68 178
510 686
881 491
128 450
935 751
83 272
760 460
998 667
8 870
665 412
755 730
160 398
295 691
138 329
585 45
554 69
64 412
856 422
384 123
304 714
541 170
802 357
277 323
510 471
27 688
301 428
198 476
102 963
72 471
178 766
1 226
837 175
899 273
175 507
107 691
380 736
96 999
214 762
11 197
570 720
468 896
657 700
319 772
633 715
300 516
558 667
297 114
116 713
994 930
629 678
394 907
334 855
515 615
663 767
791 406
8 654
902 81
247 710
81 811
356 219
137 613
774 937
561 201
308 615
821 533
475 129
754 18
245 755
578 974
310 234
852 239
966 888
843 134
531 826
961 953
311 164
901 355
391 970
690 153
729 77
458 35
471 716
316 375
142 96
638 761
655 440
795 692
175 996
737 876
26 848
787 444
213 931
183 628
632 422
956 612
415 107
471 306
275 519
393 344
501 116
360 600
875 547
821 617
372 657
9 975
304 740
404 254
785 746
342 705
609 162
260 987
984 773
163 557
185 795
732 776
874 638
772 389
983 393
249 941
518 799
40 624
538 24
489 200
715 712
825 229
508 81
790 376
53 757
318 488
90 373
254 547
520 974
904 618
444 391
348 25
117 267
643 997
959 71
555 269
591 892
872 400
676 540
153 345
211 195
727 34
372 445
805 955
278 268
705 374
397 946
465 418
242 680
313 937
134 223
314 328
682 24
605 343
99 198
483 646
736 167
899 801
669 202
427 700
421 787
989 444
494 494
641 930
482 776
639 823
120 548
445 526
236 177
535 540
64 926
621 251
323 966
989 807
806 650
847 822
633 527
264 133
928 804
223 308
777 676
404 295
924 415
760 437
111 222
770 103
863 127
157 298
55 490
252 585
963 384
873 443
635 490
211 244
212 456
878 85
220 382
56 792
345 973
661 384
880 256
563 636
421 479
435 993
861 952
167 264
956 257
679 466
320 23
541 801
280 218
564 611
203 401
325 457
284 487
389 96
39 552
995 620
696 572
471 544
499 540
981 42
95 641
253 962
60 710
792 277
923 267
770 977
155 57
672 516
52 433
690 907
752 402
798 109
353 400
420 367
927 952
188 90
952 225
515 513
494 747
797 770
547 244
691 681
468 952
80 11
29 715
909 822
675 863
850 573
371 957
485 675
939 924
357 829
702 322
732 411
368 692
882 337
546 564
413 587
243 830
188 421
414 736
833 406
293 76
76 560
482 839
516 393
895 24
383 579
747 999
718 578
436 120
189 196
439 639
649 97
37 774
717 992
460 673
478 3
123 289
91 117
274 965
385 151
715 114
483 861
748 250
888 661
3 618
727 751
452 75
676 433
795 806
655 152
176 383
617 784
605 208
6 295
212 96
437 554
836 291
