600 1482 600 1067 4
124 573
7 107
428 469
30 230
278 339
170 469
89 157
91 424
182 387
161 293
188 511
18 267
106 393
347 424
243 553
147 253
305 541
409 410
365 464
32 42
22 53
113 567
274 421
175 298
144 189
27 409
203 343
50 353
213 410
117 542
318 575
287 307
177 462
9 349
319 459
109 364
308 321
17 68
340 359
9 180
326 510
38 449
5 35
111 167
68 195
112 594
29 240
6 195
224 540
235 426
273 362
371 484
200 470
324 396
74 109
168 389
472 563
14 110
74 129
512 546
58 438
50 350
227 243
117 364
63 507
189 391
106 337
134 595
225 330
121 596
430 570
126 192
216 548
205 301
34 194
312 368
446 568
96 224
308 347
393 466
232 245
209 586
345 572
136 548
215 260
251 571
113 552
277 323
249 465
359 530
282 581
155 156
230 473
100 224
314 501
145 321
120 240
211 306
143 248
211 599
104 358
132 261
2 44
72 301
151 358
85 220
164 504
7 92
259 311
186 499
62 75
122 127
365 421
91 359
250 525
42 524
362 428
313 560
305 543
477 547
180 326
30 473
14 538
210 479
493 561
26 475
269 385
217 341
390 428
327 534
54 106
310 561
66 109
191 338
239 319
235 327
58 239
134 219
273 474
72 458
438 592
17 418
114 459
135 510
180 403
96 100
277 499
59 544
6 294
166 296
17 258
77 381
255 496
54 322
50 138
186 277
103 264
36 448
196 379
149 536
165 270
169 255
431 525
15 23
179 292
294 544
137 200
157 367
31 404
202 517
355 409
336 515
133 576
206 369
67 105
356 456
82 146
21 138
72 554
73 304
182 243
4 537
370 408
259 326
284 393
454 575
21 118
22 377
38 569
250 444
132 454
121 595
297 356
104 146
183 518
270 582
79 169
202 262
378 566
26 366
84 500
15 514
115 433
306 433
42 452
358 399
347 579
80 316
81 580
207 216
462 518
70 157
283 383
31 222
290 386
115 320
171 405
62 335
100 368
313 576
140 298
122 181
209 372
104 537
262 549
457 521
412 598
294 511
38 123
201 564
316 599
329 369
41 46
6 68
259 403
368 467
0 217
0 315
118 448
323 489
411 434
139 578
113 206
325 437
43 193
165 455
254 315
281 407
312 472
355 576
422 515
310 535
336 357
457 529
282 381
243 591
124 418
564 590
436 444
58 140
80 266
251 580
49 173
90 459
313 524
367 519
412 498
94 135
547 562
28 325
79 161
22 363
21 488
476 514
115 577
28 572
144 282
395 462
319 597
13 218
352 440
130 544
79 293
75 231
177 385
268 478
421 444
233 452
93 546
84 417
339 533
358 537
23 162
372 580
28 391
19 342
252 552
223 228
30 95
128 460
491 576
182 518
133 290
161 589
193 331
200 218
125 505
0 51
31 92
171 344
315 341
170 512
166 444
48 407
426 509
106 357
327 359
524 560
127 414
196 473
114 239
272 498
132 221
112 198
409 427
170 228
544 571
244 263
64 88
286 538
295 380
329 342
366 404
148 525
560 576
448 488
200 485
126 477
431 433
77 144
1 105
352 419
47 583
505 581
16 372
292 498
115 136
62 187
24 212
159 366
21 312
177 269
402 530
116 349
11 234
36 118
30 96
182 227
57 564
0 344
382 489
109 450
188 332
20 216
72 222
243 385
224 583
141 167
0 323
101 268
172 567
131 267
95 473
99 334
63 441
483 588
35 300
152 459
242 359
400 526
22 105
43 588
29 32
232 551
183 395
398 546
9 326
32 524
71 495
42 128
165 363
63 82
198 335
194 472
8 312
9 116
201 324
194 563
119 179
59 81
45 195
206 342
1 377
187 291
13 212
132 229
68 258
214 299
77 263
37 328
3 220
131 542
331 462
222 554
74 246
357 360
3 20
258 552
334 516
235 504
146 374
310 567
218 574
313 488
227 553
87 89
60 91
86 333
0 171
329 413
96 368
238 536
31 107
88 527
120 224
26 389
107 553
49 333
493 535
225 320
30 312
71 547
122 392
235 534
79 423
47 240
72 415
181 226
5 356
343 597
42 290
11 241
302 418
155 274
135 575
349 422
309 383
152 435
171 207
48 281
12 428
208 355
182 354
28 154
355 491
222 311
400 517
527 595
155 453
148 433
116 335
225 578
123 285
17 552
223 375
140 399
98 590
194 212
219 425
50 500
293 423
112 328
2 599
359 402
287 568
221 229
81 372
471 576
242 340
142 496
45 580
299 442
250 365
375 475
260 592
61 339
289 452
198 514
21 472
116 515
42 560
103 253
93 558
62 86
286 338
289 307
263 381
189 262
90 319
66 450
213 527
51 414
60 83
425 557
416 496
78 131
461 510
435 497
275 406
261 575
137 470
7 591
226 578
337 360
333 392
29 42
78 119
272 494
340 493
213 595
223 334
214 497
160 533
190 515
35 577
106 286
2 479
352 432
71 423
279 533
118 368
88 383
222 259
229 348
23 434
242 493
125 581
315 323
237 580
136 577
16 352
155 421
52 164
47 540
169 496
37 335
163 356
449 536
98 212
229 447
99 441
261 454
87 451
23 484
44 599
123 569
172 402
535 561
181 501
211 376
18 131
359 509
70 367
100 540
124 294
408 422
160 236
168 559
276 283
351 564
8 368
158 566
98 351
163 224
545 582
139 320
236 498
180 370
304 464
521 529
107 404
7 243
410 491
94 510
159 404
71 245
201 590
285 526
116 333
279 374
253 503
321 579
161 517
102 331
37 198
397 567
181 314
94 326
48 246
180 422
557 592
127 291
177 243
221 411
126 495
197 513
70 429
397 418
300 577
142 400
254 341
241 381
212 563
118 240
139 401
195 251
297 396
171 501
437 585
111 141
76 547
400 532
141 587
27 427
371 476
270 377
65 596
435 470
59 521
70 89
35 528
325 345
147 347
63 374
227 325
141 294
304 574
101 295
29 118
175 592
46 56
317 330
125 519
33 248
3 225
292 597
316 522
82 362
174 310
241 265
14 316
43 395
192 562
438 557
78 305
247 434
6 124
242 402
167 521
155 444
117 284
373 432
18 305
381 581
52 332
51 171
323 480
56 523
47 118
9 575
283 595
128 386
359 426
333 360
5 324
368 540
190 422
434 594
233 508
219 299
463 494
29 524
15 162
244 517
447 594
82 334
38 536
169 423
12 523
119 131
411 445
120 452
291 392
281 366
331 461
237 544
248 427
17 302
102 510
73 351
340 535
54 357
109 281
65 425
230 379
215 420
281 475
134 406
204 397
363 562
345 585
246 516
110 210
302 552
195 580
241 394
154 549
123 526
153 468
164 579
5 201
108 566
257 536
101 325
33 417
86 291
238 257
161 496
179 498
43 183
49 392
332 420
172 204
496 517
523 589
384 394
469 520
425 457
45 209
68 418
59 167
220 578
99 516
54 190
361 570
82 507
38 532
342 565
331 395
22 165
290 576
327 426
459 497
437 553
292 343
6 10
99 246
108 176
23 371
148 250
317 548
53 363
287 289
166 191
5 431
477 495
40 117
126 255
269 510
284 468
79 496
419 440
286 393
59 432
420 492
189 268
220 314
190 336
367 588
221 447
409 491
124 397
193 461
419 425
200 531
34 312
145 146
209 352
160 339
33 427
282 429
2 360
223 559
511 573
228 558
445 588
183 483
5 456
149 346
146 321
12 556
325 553
266 436
207 220
34 230
21 36
191 444
464 574
78 541
56 161
199 292
354 451
111 215
284 542
45 372
156 199
128 184
267 338
185 451
299 570
443 582
122 578
136 330
244 465
425 430
292 453
208 417
294 571
75 256
164 235
411 447
89 183
139 599
334 441
82 308
86 187
114 299
87 518
126 562
274 464
101 387
236 539
61 146
199 543
95 163
1 67
351 525
350 472
127 187
202 502
344 405
55 492
91 105
136 320
150 310
187 414
419 521
252 342
38 285
310 369
63 99
246 494
139 225
143 497
172 242
41 202
69 279
72 205
289 460
356 396
250 351
162 594
120 583
285 532
379 590
64 491
485 500
311 326
91 481
64 309
60 535
349 515
252 565
93 154
1 22
60 443
4 492
180 259
144 268
180 349
44 578
201 379
186 480
129 494
7 553
190 408
204 573
144 381
5 297
105 147
188 402
190 357
22 253
353 563
15 594
179 541
111 592
165 562
353 485
370 422
179 543
424 504
28 268
268 295
146 278
498 539
99 374
424 481
12 490
55 420
178 391
276 595
154 345
176 582
238 346
43 483
118 540
114 361
53 390
29 120
13 304
156 191
46 262
104 160
154 546
185 429
294 573
145 164
11 265
20 207
19 565
235 332
475 516
14 210
541 543
244 502
134 213
146 308
14 266
150 174
350 563
251 294
44 173
476 489
218 485
295 354
154 178
159 281
147 474
407 475
380 429
108 455
151 597
556 589
0 187
27 406
46 546
24 194
268 380
318 335
43 331
44 49
261 388
325 572
91 443
8 118
12 170
300 528
254 323
232 390
161 556
207 217
253 264
21 350
157 588
33 531
165 377
303 369
56 546
203 358
44 401
262 502
263 502
138 488
197 468
434 447
308 362
506 548
33 485
269 331
97 128
86 335
288 369
61 279
384 505
245 423
39 193
166 538
28 101
119 272
431 564
299 430
118 467
239 459
203 236
52 537
325 387
88 283
127 181
75 514
217 344
150 535
23 247
99 279
236 343
204 511
53 253
285 569
425 440
75 187
345 439
256 489
165 545
13 563
249 536
158 413
91 509
192 547
415 458
117 513
137 453
36 488
197 301
423 495
57 271
311 510
109 159
53 547
66 364
156 453
247 382
298 537
389 437
76 232
280 400
110 286
176 455
25 548
63 334
69 160
25 528
13 353
362 482
185 295
113 288
4 55
133 386
64 527
121 425
474 487
41 262
301 450
70 519
174 550
389 585
318 328
48 74
257 346
90 470
123 584
275 409
106 468
87 183
29 448
459 470
86 392
69 412
53 76
188 587
37 318
530 534
244 532
35 431
296 444
1 486
298 358
60 176
84 208
245 293
99 494
370 415
96 163
18 191
2 210
370 458
208 576
27 248
419 432
222 403
25 300
149 257
220 225
31 510
388 575
151 203
508 568
201 271
463 598
197 284
210 286
490 556
18 338
111 260
489 499
400 496
15 484
66 513
238 555
11 249
94 575
206 303
181 220
59 130
87 182
153 458
83 340
529 557
64 471
147 487
120 446
437 439
74 364
102 461
227 387
189 502
73 98
178 262
332 492
584 593
401 578
77 189
307 568
188 530
223 558
151 319
208 313
304 351
14 522
351 365
266 538
52 104
4 298
294 587
176 443
177 182
58 298
35 115
298 399
97 460
141 188
184 460
176 566
334 362
0 414
24 590
221 454
454 461
1 270
217 315
176 545
5 528
129 364
330 548
28 178
410 527
233 289
498 598
269 462
595 596
330 506
248 299
398 512
186 323
133 309
168 585
264 474
292 539
371 514
138 350
284 466
137 274
274 453
355 427
148 306
362 474
505 519
85 171
44 122
46 154
152 470
87 354
61 374
400 416
119 129
11 394
317 506
231 489
24 98
316 376
71 477
389 475
74 494
19 552
526 532
166 338
265 465
334 375
143 299
202 244
248 442
248 531
159 554
71 76
40 131
432 521
333 357
115 211
252 329
143 214
25 456
26 281
228 520
93 585
93 345
266 306
329 550
296 436
69 463
117 197
347 474
328 348
481 504
39 445
38 555
62 198
61 533
413 550
512 523
38 249
76 245
110 538
0 489
352 586
485 531
55 175
337 357
2 173
375 389
171 414
303 329
248 406
373 419
199 453
52 145
50 563
95 356
428 482
406 442
286 337
60 340
53 232
452 460
239 438
394 505
280 526
91 340
43 445
135 454
116 318
398 523
273 308
107 389
391 478
92 385
536 555
120 233
85 314
168 558
194 312
39 461
287 508
147 424
249 265
210 360
300 548
173 360
246 407
385 591
153 301
52 492
7 31
119 494
369 550
133 184
486 582
446 508
328 447
241 465
144 380
151 343
169 495
450 513
504 579
375 559
10 418
200 435
78 179
140 319
517 532
246 475
109 205
73 212
130 167
150 378
388 454
416 593
12 589
231 514
373 521
98 564
39 454
205 450
104 145
261 318
321 347
471 491
429 451
426 504
64 383
558 585
244 249
81 352
207 405
30 368
130 141
193 445
113 418
133 383
15 112
196 396
196 230
218 304
466 542
67 91
213 275
352 372
156 305
114 570
86 116
122 291
11 149
370 403
206 552
224 446
290 560
105 503
84 313
148 431
186 382
170 523
8 21
183 462
188 420
213 409
425 596
49 360
195 258
231 256
356 473
301 468
525 564
255 495
334 475
30 163
206 288
266 296
222 510
122 226
512 558
60 378
162 434
283 596
174 369
430 557
152 497
159 205
10 68
9 318
134 442
548 577
150 413
72 153
175 260
338 538
277 489
219 430
393 468
456 528
186 247
428 551
219 442
167 529
264 428
414 501
189 263
52 235
253 487
241 263
280 584
297 324
241 384
263 465
429 519
428 474
91 486
338 466
6 251
490 551
103 487
33 500
83 91
292 470
309 471
104 339
45 258
29 488
249 449
247 371
255 593
119 498
90 292
116 336
128 452
101 354
57 201
333 336
182 462
135 461
117 131
309 576
148 436
66 117
20 317
231 476
41 161
59 237
49 122
424 579
92 591
128 290
408 468
230 590
94 196 277 376 43 330 575 4 9 22 373 67 48 273 473 183 14 99 30 292 271 528 89 61 320 239 402 188 584 511 551 134 437 383 248 462 433 14 303 513 199 273 67 526 22 49 261 265 369 244 431 354 66 524 10 514 500 427 437 176 502 559 447 171 422 41 487 470 192 275 89 207 474 459 258 56 203 11 127 404 440 173 204 344 203 122 176 190 578 512 288 279 183 550 525 251 585 47 519 472 234 455 474 63 317 313 198 238 383 472 77 168 206 346 556 437 164 364 41 369 513 517 159 35 90 281 518 487 14 15 127 209 51 304 73 185 395 63 454 477 63 547 272 521 313 561 59 149 581 30 230 590 249 146 334 119 188 274 281 350 145 76 256 497 64 85 257 322 388 279 259 382 536 447 126 71 8 215 58 597 443 582 371 267 321 108 119 323 468 415 462 314 440 535 8 2 345 421 313 364 594 328 315 72 586 269 558 390 564 269 239 375 531 146 348 59 447 257 556 412 296 560 258 293 28 15 257 551 399 119 562 503 340 174 325 35 347 578 369 532 71 565 9 222 379 589 28 542 8 396 123 426 56 137 347 30 358 121 407 5 549 60 373 115 13 457 9 516 105 508 123 505 207 423 213 195 198 173 110 528 175 551 179 1 9 571 201 89 492 262 107 326 577 289 396 303 469 379 186 316 238 360 367 295 401 59 332 403 319 387 371 160 166 535 50 514 478 244 323 576 350 132 451 524 490 179 572 571 4 531 411 332 466 196 289 156 470 505 107 284 150 485 598 261 505 380 400 145 134 325 353 391 409 262 418 212 397 437 195 210 130 364 303 338 515 227 340 598 465 489 115 234 531 496 215 204 282 557 98 450 416 0 358 262 394 59 373 388 571 194 448 199 406 95 484 16 435 15 134 409 182 312 528 258 340 303 591 570 157 295 214 348 63 29 34 20 102 416 403 391 488 222 556 311 494 549 333 404 517 497 218 243 91 308 227 156 368 580 573 27 572 63 264 366 454 64 171 297 528 370 300 468 190 479 18 421 22 268 498 254 212 59 412 282 549 403 25 449 281 572 192 444 517 523 15 320 481 443 4 157 581 449 493 563 123 93 507 83 57 149 254 402 82 266 224 60 540 228 353 500 303 37 28 566 408 84 293 280 437 452 427 478 546 547 216 380 189 161 212 303 446 338 467 501 182 237 295 456 499 586 194 49 481 204 390 497 61 372 454 513 312 160 172 158 86 287 206 86 378 20 215 547 353 190 134 22 203 224 393 413 542 436 75 359 502 478 105 42 168 291 419 255 98 269 438 26 498 386 318 403 146 480 147 256 164 453 69 212 159 219 374 243 125 217 132 301 175 242 99 430
867 910
371 115
641 778
661 965
319 379
403 964
86 225
744 414
234 893
836 585
58 220
961 141
606 166
300 779
595 744
939 728
35 416
44 196
498 633
30 100
684 974
199 855
432 116
988 738
322 856
532 994
667 411
143 667
821 290
117 897
276 950
739 476
102 851
192 709
288 873
495 894
175 863
856 659
892 68
940 513
550 544
761 150
75 858
947 436
668 815
5 320
747 182
153 943
607 452
707 774
235 788
835 899
321 297
521 110
695 643
277 373
693 174
423 868
273 469
139 378
291 90
465 381
847 750
518 346
35 679
59 505
619 513
360 145
31 228
455 445
944 331
599 70
705 534
323 777
583 507
884 768
555 91
907 228
487 567
678 93
534 797
84 376
510 300
277 131
188 747
753 941
799 769
891 364
20 627
912 376
342 560
308 131
741 452
684 285
852 530
285 987
230 951
35 897
354 841
536 397
202 966
852 311
855 466
478 185
400 355
394 159
678 660
707 418
323 6
640 494
574 717
204 386
906 681
105 161
259 571
573 890
796 693
615 573
174 898
493 512
119 975
114 540
752 816
857 32
124 236
983 266
622 12
785 838
33 857
546 509
157 333
538 596
934 587
19 744
121 599
877 535
560 925
356 685
185 802
665 877
305 467
205 310
746 76
233 626
895 248
396 303
427 344
451 178
465 821
995 85
224 31
338 481
295 624
708 572
746 235
459 687
430 640
985 381
248 2
675 483
406 417
659 152
970 691
230 991
374 285
427 68
524 711
152 398
671 316
679 53
645 231
812 919
213 218
672 781
168 60
268 422
325 62
817 420
796 232
454 545
794 593
747 866
841 383
903 403
13 836
905 317
988 841
836 802
240 259
878 232
739 651
479 669
568 8
942 481
294 833
34 287
345 940
635 596
886 721
420 618
289 690
387 913
787 164
376 460
186 202
680 529
86 103
732 998
149 748
12 428
634 733
591 852
310 801
84 627
220 603
229 356
668 997
851 982
316 722
154 561
719 921
976 579
756 521
593 300
190 986
663 903
738 835
812 374
616 268
965 609
293 905
888 799
561 130
64 966
998 113
293 269
421 463
87 344
972 44
256 514
131 924
940 177
219 177
793 394
858 152
599 105
552 439
997 775
194 659
906 113
419 784
86 322
10 41
474 129
979 999
666 0
864 821
982 67
7 261
771 545
220 402
894 596
804 191
894 191
500 168
935 140
501 797
566 644
880 292
845 444
368 88
430 901
497 484
480 238
401 698
124 621
41 571
929 846
427 370
465 406
794 27
646 430
925 258
13 567
633 618
845 73
634 700
40 965
114 110
61 943
48 771
801 799
418 542
655 100
106 268
890 341
488 745
378 948
297 436
184 597
527 932
675 563
80 169
113 48
340 753
475 608
537 838
13 964
462 297
21 710
172 120
790 511
253 878
179 772
764 921
938 975
586 798
630 963
863 596
299 514
609 897
425 279
701 672
950 878
368 927
814 325
808 524
298 233
885 634
117 21
586 918
904 457
285 293
764 736
575 358
838 703
759 699
654 712
524 665
403 380
250 133
953 993
53 74
383 495
852 945
741 291
969 12
430 221
946 623
797 633
222 820
376 803
45 439
290 742
866 341
115 671
351 994
723 699
360 434
267 195
689 745
242 540
501 258
458 63
589 529
410 750
706 444
994 359
212 926
129 70
764 589
960 783
24 390
103 430
487 372
615 359
573 838
393 81
254 57
342 909
917 293
934 220
953 813
4 682
962 178
803 450
23 811
845 357
910 570
680 360
528 150
829 246
763 764
653 663
1000 158
923 434
355 968
125 179
677 224
336 441
792 80
666 853
240 205
748 567
706 476
819 968
159 642
590 429
731 607
107 646
56 664
992 546
444 467
179 7
821 871
725 558
763 14
157 725
83 197
91 463
252 319
437 707
775 633
657 57
408 200
90 492
317 220
151 688
549 188
956 305
172 540
452 852
85 411
485 869
1000 670
293 652
474 767
725 352
245 464
720 306
57 482
531 366
156 609
310 102
465 731
967 495
75 992
956 644
160 881
911 87
653 552
915 348
69 897
372 624
934 553
361 29
426 987
129 456
711 594
293 571
36 933
903 491
878 421
488 448
375 705
912 157
609 660
208 897
687 614
579 191
345 631
66 690
262 828
326 989
484 212
607 412
922 797
596 32
871 254
633 755
972 915
339 206
563 249
959 415
955 755
264 721
349 106
463 155
170 825
899 837
614 132
93 674
311 332
220 135
534 478
640 32
723 63
268 610
462 502
962 837
219 736
797 898
853 182
421 157
374 258
995 194
592 962
546 348
53 993
312 189
809 490
188 243
667 251
628 538
896 747
784 672
576 410
745 109
863 386
982 307
594 237
138 421
615 770
655 206
124 824
417 827
819 42
58 631
480 949
165 438
243 237
245 678
812 105
430 397
279 247
263 108
941 56
340 341
550 716
411 508
188 943
463 568
582 611
454 598
142 352
367 61
722 224
573 39
554 963
757 202
156 31
582 148
7 150
746 388
703 510
938 25
652 127
171 487
655 297
635 342
97 825
202 117
502 2
280 797
393 845
11 119
283 7
174 181
3 997
869 68
206 515
100 303
770 292
144 214
357 720
879 570
86 725
541 903
691 860
419 247
52 327
963 217
335 82
147 968
822 2
698 320
17 474
188 275
990 403
656 176
345 871
771 412
211 434
736 2
946 685
67 568
53 540
378 544
471 481
637 821
