48 5
000000000000000000000001050041540035000300000000
000000304040000030001004000004000200101010040330
000003304003000022004000100000000000000000000000
100050000041503004004000002000000000500400000004
210003430004000000011045000004300000044000200300
000000050030200000000000000001000400000150000401
440041135003000050000000050000000220000000000200
000004002000000000000002030000000500000000002400
004000203130000000030101000053501050000001000011
000000001003000000500020300000300000005000000200
000000004200000400100000001030240304000000210000
000503000000000000000005000040005010000005000010
030005000200000000200000004010000000003041000200
020000040105000000030400500300020000003000500000
002000000000500000000002400000115000000000000000
004102000000400030025050000005000410001000004300
000100000002000300000000200340000301000000500000
440500000003000030050003500000000004005300230000
032002000300000012004024004000050000000405000000
000000010000400010202003040150000001000000050000
010020500000005000000000300050000140100000140000
000000000000000001000000000000003001004505500400
000003040000100000050000000520000050000000010000
000000510005000000000002033002043002050000002000
040500100000000000000030000000000000100000302510
030000000000000020000000400001500000002004052400
400020000100000000020000004030020030002320030000
000022200002000000000400002000404000000000001000
010040305005350204001000005500000200000040010050
000000000000000040000000040000002001000000000020
000000000200500000003000000000000000200000005000
300000000000000003100050140000300100100040000001
002003002001035010000503000000000030000000250000
031001000124023000000001150000000000000000501000
130231000500000000100010100001000020000000200400
000400200000000000000400000003001000501000000000
000000000000000020023000001005003000000500002003
000020000000030000000002200000030030050400004005
235100021004450020502000100000010000040000500410
004000050005000000000000301000400000401000000400
000000200400002004000000205000000030230003000000
000004102000000500000030005025000010000052503000
000300001000000000001000000000030000305000030002
000000000054000005003000044000000005005000000300
000000000050000000000340000000000025300000050002
351004002000000030003000000201000002000000002000
500050124000004000002000000030040000004030000000
000002000000000000000000500020000000000000000000
