48 5
203050000000010300000000000010000000003000000404
050110000300000020040540010051004400000000000000
000300004000050040000000004000300000400000000000
002000002200000030005200500010400000000020005000
000300001000000500500020003002002040005000001000
000000000040100005005200020002000000000500000002
500300012000040005001043000004500000000000000004
005002000030000000050000030101400000004000430000
000413000000000000000000033000000200005000204004
000000400000500000000040000002000100000302000040
000000000000000050000000040000300000000500000002
000100003041000005230200000000005100000000000002
000050200010040001000501500000150000252030200000
000050005005000000030004500050000010440000000000
515000020004030030000000003500000200004000010000
000003500002003050000005310020300400220001000200
400040000100005040000000010000004010023205000003
000000000020020300500000000040000000001000001000
034204050100000000002030020000000400000002325000
500023000000050000001000200104003000000000000500
200000504000000010500000000000000040000000001000
200030000000200000000012302033302000124000000030
203000301204400010040000000000400220004050200000
000003500030000000032000000313000000000003200000
031000010340000050000020003003050000005320000000
004200000000000000000404000000000000205015030000
000004500105000052000000003000000000030000040000
550010025000014000000101000000400000000000001100
052044000100010000000003001000000000002000000440
001000004010000304040200000010000505505000050000
000030005310110000000002010005000110000000400000
000045004000004000000201000000000000000103000000
000000000000000000500000000020052030002030004000
300002000120000000003000000005000000200031030200
000000100530000000000000030000004015001000000004
003000020000400230001050000000005004000000000000
000005050103000000004530000030003024053410400030
000030000300100002000000000300000000000000000000
000400000140040000000000001000010040050001400040
000041000005000020200000000002000130000000000001
010014000300010000000000024010302000000000010204
005000000000050020000000020005003101000030001000
000030200005000000000000000000000000000000004000
000000000000000523000000000000000100054050002000
500001002500000000000300000000040300022000000040
040020000000000400000000100000000050000000030003
000253005003100101000010403400000000000000000002
000000000000000500000240500000430030001000000100
