48 5
400002000200005000000000001300404550000014052550
014000003501000042042000105000001000000051000000
000000000002004200102100100000300303000504000400
000030400000004400040000030305000000000000003050
000005000000000001020200000000050020030000000200
033000000010000000000030000002020000000000522500
000200000402000030033000000000200100021500040040
003000200001001500002040050000030000000000040050
000000000003404000400000000103500000000500000000
003000000000010000000000002001400000000010000101
000000005000004000510000000000040000000000000010
000010000004010000015000000000003200300000400040
500002000000040000400500003030004200020000004100
000000005100004440000000000000000000000002000030
004105000001202000300010253000400300200000000003
000520004004000500000030300000000040000002002000
001500000000000000500000000000000500002000500000
501300000000000000000000000005050021200000000000
030000000005102030000101030000000500000503050400
000000201000000000000000000000000000000000000200
300200200000104000000000000000040000500400000000
100000000000040000353100402500020400004050000300
050300000000240000000000500005304030000200003000
004000000000203010000003000000000050000004000000
043020000000030000000000000050305000000000200540
200034000003040003000010000000200000000000100245
000202000003050000003000000000000040004000000205
000300010030001000500000011000000004000001200100
000000000004031000430000240000050000000205000000
000003000000001030000003500100400000002000200000
005000300000000000050000020500020000240000430040
033000000000000450503000200000000052053300505000
004000000400005000000200030400500010000000200000
000200004100030000000040004000000002000000020200
000030100020000101030000000000110050010000103200
300400100040000000500000000000000005050050540010
000000020400010000000002400000000400000425100001
400003000200120003501100103000330310200000350304
000000005000000012000200100000000004200001005000
010000000200100020000015000000000500000003014004
020130005000000050000200400002000030010000000300
500000200050000000400000010000000000040030000100
040000000000000000024200400000030000000200050100
000400000000200000000100330100020000000000100400
000005000400030000000030010000500020000050410503
000000000000000000100001000000020020003000300000
000000040021050000030000000000000250200003004000
054131000000005100000010000050000000100301415000
