48 5
000001014100200000000000000000000010240003003000
040000004000000000400004043000005000000000000300
303022000004000003235000000000004000500000010000
003000020000000003103203000050003000000000500030
000003002200000405200000000000000000000015003000
004300000100500000000000000000020500000202000000
003020000000400034000004000000010000000000000000
040000030000000020300000050000001101004000100000
010030000040000000003000400000050000200000000000
000000000040003000004000000000000030000020000000
045100000000000040003000003104000050001000000400
000400000000030000000000140040000000020004000000
000400020040000000000004000200030000000124005000
503000005000200000050320000300000000000100000000
004021000000000000000200200300111004042020000050
000000000000300000315001050000000000000501100300
011130000000020005002500000000100000000000001331
040011020040004050005050000505000000140000000100
000524050040000503000000100000020000110050000000
000224000013300000000000000200200010000003005005
000000020000000300000000400450404020000000000020
000030040004001005010000000000005000000000000003
000030030002000000101005000000000003100000000005
000200000000000501000002000010050200000000000000
220000003100100200300000000004030000000500000002
020300010300000000040005003104000000102030540001
000000300443000000000020000100000004010000010300
000020000550100000030000000000400000100000000000
003000000200500200200200000000501005003040002050
310400504030000000000000300000440000500050200000
504000050100003000000000450040420000000005400000
025100000004000300000000000003005050000050005000
231000000000000000000001000010040000001000000000
000030000400240220000005003041100020300000001000
002000030105040003450000000034000000400000000000
500000040000020100010140050201040001000300000004
003000000400000000000003000001100200000003000500
004000000000002003000000000020505200200400023204
050000010040030200050024000010052000000000050100
300020000000003003000505000000300000000000430002
000000000000200500000500000050050004000101000403
500052030002500000000000003050000400005000200040
000000302300022500000051030050000000000205010200
000000000000000100000430400000000100104010300001
000004100050202000000000000005005100000000000050
020003510004000001001004002000000000000003000000
200030000000040302400000500005001000015000000020
200000230020205000050000500000000041000000000004
