48 5
504500000030002000005305000040010000000000000000
003004004000000000000400001000155040000000000050
000000010000100000030400020040000004000000410040
001250000050050000051000001000002002000020501000
000030055100000000003000000020000003020000000000
050000054000000303440000203100000000200024000500
001000300001050005000002000000000000000000004000
000501000000202003000000300300005040000000531050
032500000000400200000003042000000300004055000040
000000040000400110000500400000050002000400030000
000303050001430010000000000000500550000000005005
004000000202000003104000400000004000035000000000
400000005102033001000300500300000001000000400040
020000000000020103030000000000054000002000000400
000000000100000000030004000000000200004000300034
000000003000033000000000000100000000000040000003
000100000050000000000000300000210000000540030000
002001000000000300000000050044000000000000300050
010040000031040003430401500300000020000000000000
000000300040010040400050002003005000000020000030
000001000000000450350050004000000001500500000000
000000500010000100040200000150000000000050030000
050000000400010020000000350012400000000000100304
300000000404005000001200000351200000035210000000
000010000000010024022000203000000000000000300000
000000000000200030200005540020020000040102300000
000000000000000225200000040000000040200500020003
000300000002005000002000000000000000020000041004
020502000002400000003000004044000050402002000000
000002000002000000000403002000100002000220003005
000041040000100000040000003310400000050204001000
003000010000100000104000002004000050000040000502
500010030200000035000000001200000300000000000000
000001500004500000000004000000000230000001000000
002000100003310000000440002535000005020000000000
300000005300000000020000005000000100001050000000
000210330120010000010100010020020000000000000000
003200000000000050000404002050104004000040000003
000004140000000000045101004000000000000100003000
420000100003000000002000200010300000200000030020
305000010000000000005000500012002000002001303400
100000050002000000000000000020200501001010000000
200021400030003002004000200000000000003000004000
300000000002500000300000000000510001000500300001
000005050000100020000000000300200130000000000000
000500301350400000000000040050000010000000000040
530300000000010200030000000000040101000002000005
110000000000000000000001500000005000000000000051
