48 5
010000000012201000000030000002000000002500000001
000000000040000030030000003000303000000050000033
050200010001002000000000005043501000101400000000
000400000010400043000100000020000100020003503200
140001000000000000000005003000004000300004500000
000402020300000000000200004010430004005000000040
000220000000030050400000250003200003000003000420
000003000000000050000030400014001000002040050010
030200000000000100500140000400000000300040000024
430000300000050000000005100000000000000000000000
000030240000040302000000300050000204300055000401
000000050000010100003100040000103000030000030000
000000000100501000300000020000000000400000000303
000000000010200100002000500000000000003504000000
000003000000000000000000004000000000010020000020
400051000000100000400000000300000000000020003030
055300000000005040040022000000040000000050000000
200000000010200001000000000300000040404240001002
004000001000000000300000003002000000010304000010
000000010001400050300000030010400040000000304000
400000205001000100050540000050000000030010145500
003203000000003501020040504003003000012001102002
000000200000000000000003050004003050000005000005
000000050000013000000040000020000201000000000000
000020000010100044001000003015000001040412130050
520000030000100005000000000000400200000004020000
000100000304000503302005030005000004030005000010
000030202000000000010000002000000050002000000505
000000200000000000010000000000000000320024300500
200200004400000300300000000005100000021005000005
000000000000000000010000130000200030010002005002
041504050000000000100001000500520000040000000400
000000400000000050000500000000000000000400000000
400001000000200003500000040040400303000050120000
000000000000403000010000004000001200400002500001
000002500000000000000402000000020000250031040200
100042010001030000100100101200300000500300500400
000004000005020002000100100000000000000502000005
000300040000520000000000200000000000000000000000
042500000205050000000000000000500300000000100002
000000044300000003030000000000020000110000000200
504053000000530005030002200000000050000054500000
000005040004055005000210000300020330000000000510
000000000000000000000000040000000000000003003000
000000000001220000000050003000000000000004000100
040550010000200005000200050000500000010010001000
004200002000003400040400001000000003000000004030
000000020000030004000500000000000250000250001002
