48 5
000400050003200001053000001400000000100000000000
000000010030000000002000100000000004004300000000
255000200000400000000000002002320000000000050000
500000000000043001401000350020100340300050000010
003002500203050000000350000000000020004300000340
040000000004000300000020000300000004004000000410
400000010210000300000400100000020350210000000000
000010010430000000050000000000000003003000004000
300000000000000400000001000040000000010000000100
000000030005020010003000042000000000050000101000
030002000000000000000005100000000001000000000000
020300000000040010000400052000001011001100500003
000002004000005030000005110051130020000000040000
000400500003000445005000004002000000010010000000
000300000000200000000000200500005000050405000300
000000100020010000105000000000000000000000000000
003000030000000000000000000000002240000000000010
000340000450032000030000005020050000000004000100
000000000000000200000030030000000005000500004500
003000000020000030003500100000305400000030000400
000400000000005000050015020040030020000000000500
400000010000003000032100400000311010005000000002
032000000312010000500000000000200000100020050002
000000200000200541000000000300000021000040000000
002210000002000033000000510005500000000040000034
000100000000001000020010203050000000000000004000
200000000000000000000000004055000300540400002000
000001000100000020040005000002000002000005300000
002524000020043002100000000000000500000500000000
000000000520100200000000300500000100000000000050
000000000004002000022001052340000000020000100010
000002200320000020000000100210400020000050330200
014010000000050000004300000500003330001003000040
450004000000000000000000000020005040005000000000
000000022000440400050000005000450400000200450500
300000000000004000000020401104530000000000005043
040110000000000000055004000004500000000000000000
000500050030001104000000000000300200200300000000
000000000000300130050000000250040400000000502005
000003000000012004100000004320000304004000340000
000000010003125000101000000000002010000000000000
040000000203000545003321000404020000200100000030
003000014100000050000050050040000030004000000002
000030000000000202010030400101020003105332000005
000000000000000000004000000000050100000000000000
005002000000330050420001000000000300000040004040
014500000000000302015020004010400000000001000000
000500000400000300520005300300310200000050000000
