48 5
000000001010003400000000030000003000000200000500
005200004040000000000500040010000400100002000000
310000201000030000000000001030000000020020001001
000000400100000030403110000000000000000025000000
000000000000000000000003000000500000000001130003
000050000000000000500000000000510500030100000200
200000040002000000010020000000100000000300000000
002013505000005000300000040400004000000402100030
000002000033301105000100002250040000300205000005
000000000200000000500002005250030000400000100005
000000000501025000004001100000000003000000000000
300200000000005040000000003000000000120200000101
000002200000000400000000020040000000000000002020
033000504000100003004004000450000333000030005100
000000200000005050050000101000204000304000000003
000000200020004020550003000000002030030010000400
404000000055000031020000100200040000000400010005
300040000405500000004054400000050000000004500004
000000000000000005430000440000004000000000000000
000024005000100000000000300250000050000000505000
000051000000000000020000212040010400031300400000
140000000000003012000000300003000023320001010000
000000002020300000004040050000100000000000000400
004000000000040140000040004004250001000000000000
005500002000300000500300025031050000003050100540
001000002000000010000000023000000000024002000043
003000000000000100000002005000000410500014310000
000004000400000300000005010000000100000000000300
040000002000001202000300000000000004040005000002
030000000000000000103000040300000000000003000000
400000050000000000004030300000000320000000201002
000000000004000000200000255000000100005000000000
000100010005003000000020030000000400003534100000
000224000001000100000002030000200300000543400000
500000001004000000000000000540001100000500042000
050000000505030200000000002000140000500200002400
302505000031000200000010000300002000030000000500
300000000000300000400000000010000100020000000030
240502320000000000030001004405050300010000020000
400003000000014034500004000003000000000210005030
400010300000200100510000010000002000520000000000
000000000200000000010000300040300310000000000000
000000020000000000024000500505003000010000010001
005000200000020002000000000000020000000100400000
000200000434050000000000002000300000000005200040
400010000350001000010500300000001000000200000004
000000000004000000005031002000004000055050300400
100002000200030050000005000000515001000050400001
