48 5
000045110500500000000000000023010000000002000101
500000000040044000310002020000000000000003000100
000000502000000000004423003000040000000000003402
000000504000010005000001003040010001000000000000
000000200000000002000000510300000300000050000000
000000500000000503000000010000003000000000000000
000000000000000000040001305020020400500004500003
000020100000001500004000000200400000000004000200
000200034502002000000020403000000030220000000000
000300000200000000000000001000000000504000000000
000000000000100000000004003001000000000000020000
000005520000420032530000030340000000000031420000
003000000400000000000000000000003003050000000000
300000000013000310000000000030340040000004000051
000005000003010040000120200000002000002000100002
000020000000000000000000005000000300014000000005
250000405032220000025001000000004000010000000005
000000001030000002000400430000000003001200000000
001002501000200351000014000000000500002025000300
000400010001001002041431000030000300040110000000
100000004004000000005000425000000200000530000040
040000000000045002040000002000000000000000000505
000000330030001000000000000000000200500020104400
400400000100000000000202000020000022300000000000
000100100000000300000000001000105400000200012004
000202000050000010030000000505000300005200254000
300400000000020000000500000204100000440050003040
000000000000000000030000030003000105200000100000
050000000000000001000300001300000000003000010000
005030300000005052000003002000300000050000000110
400000000030000000000230000400003000000000500000
000000000000400003004400100000000000000200000000
501050000000000010005300000004000002000014000000
000201001403001005000000000504500000500400020000
030000300000000000000404000001003050000200000300
430000000040002000310000000002301020000000500003
000000050010000053040450030100003500000000200122
000000005000040402000000340504000030200000004000
100000000000003000000001011000040000011010010010
004000000540000500000005000230003000300021000100
000512000030100010002000000001000200100320330030
500040340000103000500500000005000545000510000000
010400401000000004000520000000000000400000400020
005000502000000005010000000000000050000000004000
000000004005000403002000450010002000200202002502
000001000500005050440000000000000505000030000003
010030300000000000000000002000305000540000002401
000000000005300020000500012004500003010050400004
