48 5
000000000520001200410000002200000000000521040000
500000000000005005005000040000000020000000400400
054000000300002400000020510200520120000003000200
043000000000000000000000000000100000001300004240
000000011300000350303000001500040040500400030000
303000500000130000000010002300050400000000000000
000000041050001000000243030004500000001000000000
250035050400300000000100000002212001000000400000
000000002030050050000400000030000400005000050000
000000300000100000500054110000340003000040300003
000000000004000000000000100000000000005500003000
000000040004040000001005000030050000000030000000
000050000030044000000020000340000000000030002000
000000200000030000000045050003005204030240402011
001000500000000030000000000010004000000000000003
000500000000100000000214000020400503500002000000
000000433000305000002000400000000000050200000010
020502000050000030010000050200000000000540000000
000100400200020000042000004000005302300000030004
400000000030000100000000400100000000300050500000
002000030050410000000010001000000000000205040005
100400000000400000200000300010000001130300130402
050001000330000012150200300000100000000330340000
000000003002000500000040101041040010504004300000
000000000003050000000000000003000000000000000000
000000000400000002142300000012001000050000230000
050000002030000000000052020000000000000001000400
003030000000000000000000000000000000010530300000
000000000001000000024020000000200000002005000000
000405030100402500000132500000000000050400000120
000004403015200000000020002000204010020430000000
010200000004002000000000505202001400000000001000
035200000000000040000000000000000000000510050204
000020000000000000000000000004000000020000000000
400000000000100410000300000000010500000000000305
000000000005500000000000000000000000004500000005
002000000050500230000003042200001053500000003000
000000000000002000003500000000000005000005000000
100015000100010210010000000001000110002000010000
003400023000000540000500042000000011000000000000
000000300000204000100000000000200020032130000000
000000000040400005500000040040020000002000000043
000005020140004010000002004003000000000000003020
300041000000000400000003105300300020004000000000
000010000120004050000001000040050000004003520310
005001000004003000000422100250050030000032002053
000000505001003000000000003123001054000000005000
000000041002000000000000100000000000000000001010
