48 5
500000002000000005000001000000000000210500000031
500004000000030000000302004050000005000010503000
000400030000004000000040015030000000000000040000
000210120001035310005010000010200030000004300000
200004400200040000000100000000000001000504040005
000004000003330320000000005000500032000300010000
000020400000000000001020000000000001000000300050
103300100000000020000400503000005000000032000300
000020050000400000305530200000022000400040050000
000001200200000000000300000513000004000002000000
400200000030000000000000203020000200000000004000
000500400002001000001500043000000302005000000000
050020003000001400000000400500000022001102300050
000000000000000000000000020004050020000000000005
000102000005005000000003052000000011030000004110
020030000030020000000500040040030000000000000000
000000050543300000015005000340010305000230010000
300000400000000021003000004400000000030000040000
000000040400310050000000000400500000022100030100
400450003202000000200000000000100200305104400000
000000000000000000100003000000300000001005000000
405000000010000002005000004014000000100000000000
050003005000000301000100000050000205000002300010
021000000500000000000040130300000000000500510000
340200020000000005300000000004000020030103450500
000005000020000000000040100000000000000000000000
200200000000100503550000000204013100040000000504
100000000000200000000030000030005000000000550000
000503000002000401000000000000032000200000430000
000300500000050010505000010000005000100050000300
050000000000040000000010000000200503000000030000
004001000100400000022000000000000000000020000530
000040012000103454000000050200004000000005000000
000004005000000001404000001050040000004000022000
040510000000000000020010003000010000000002300000
004420001004000000020003000500400000000400010040
401001000010000050430000000000040300000000010010
200300004020012000000000000100001130000000000200
030400002511000000034000040003000400000000000000
000000210000000300020000000000123000000003000000
000002050000020200000000320400050000000000000000
320004010021000030000100004000300002300500000400
000004000000000500000012042200100000000000050000
000040001000400505500200010000000012100000000000
005002400040040030004000010020000000003000500100
500045000000000300400100020000000000005010503000
040020040000000300000003005000003002004000000000
235000000300021000000000000002000000000004050010
