48 5
010001000204000000000050000050000000040000004000
022210000000400000004000334202002000004004000020
000500000002000030003000000000000055000040000004
200000000000000000400000000000042000002010000000
000001000401000400000050020040010200030000000500
000002000003000205003000000000001000000021400054
000002000451000010130340000000032000000000003000
000000000410040002000030010000000500000005000000
000400010003000000002000400004003001000000000001
000002040000001000404020000004000000000000100000
000000040501000050000000000203105000000000000040
000000000200030000002000300000000000000000000000
400202010053000200341000000120200300000000340005
004100001004410000005030003000000003000010050000
020000050000000000000001030002005010000030250000
000000012501000010000000002000000000003010200010
300000000000000030000500000000000000000000000500
202000000000004000000400030003020002000020500420
000313000000500000000000000000000000000100053000
000010400000413021000000000000000000004005530020
041000000000000300003000040000000000303000001005
040100000000050000050045000000040040000030050000
000000000000000125000005030130001000200000051003
430200000000000020300004030100000040500001003320
000000003000022020000000020000000042100000000000
000004000503000003000000000500000000000003000000
000000000050000011003503520404000000000000000000
001100004000050050000004000012010000005030004420
004000001200000000000054004000000000000000003104
030100000012130000000000000003000000200001020000
300025000000011040000031000000031001000000100005
000000040004030003000020000050000020003241003003
050030100000120200002220000030040000000000000050
000050200030050020000043000400000500000000500400
000000200020000000114000000000000000000000003001
100030000050015000000000413340000000555020000000
030000000003000040003003000030000003030001000000
020000004003005001000050101000003100000040040500
000000000000000003000405003002044035420000003000
000000000300000000050400010500100000000050020004
002000001000040000005051520040000000002000554100
400001500000000210000040000000000000015000000050
000010005010050400000000220005000405430000000030
000000050205000000100000000500403005000522000020
100000400000250050005000000000000000000005551200
400000020000002002004020000030345000050300000052
050200130210004000000300030000000000000500000000
005000000115030040020000000040000000000000000100
