48 5
003000142105005000200104000000200340000500031100
055005105000240000000030003522010200352000101000
002000041010000100000000000000000000050040001014
000000000001000000020300000000005000000000110300
000000040000050305200100300000000004003050422030
005000000000400000002003000500050000003032020000
000320000000040000000000000000040040100000000000
133000000200000001030000000000000044005100000010
000000500004300000002050034000001040300450300500
000050400100000000000100000002000400040200000500
100000000000000043422050430002000430040320100100
000000002002000000000000000000020545050005000035
300000020200102003003300103000000300000050000000
001000250000000000000003000005004040304330050000
500003001000040100300000400500050000000001020003
040050000000000003055004000400300020230000020000
000040100000402020000105000000004000000300000100
400000000040000002013000000003000540000000055040
000000000010020400000050000000300000000000000000
010000500500000030500000045000000100100000000100
000000500340001000023200000000000300000000000000
000000000000000001300405000000000000030025004020
000000000000000000500505030000000000004000000000
004000000000040000000000000400000000040040220000
200000000000200000000000000000000000000000000200
050001005000010004003402000000000450000010000030
000001300000000000000000200500300000000010400010
100000200103004010000400000300045000000052000010
003000000005040003050000000042005000000000023000
000000004050503000010302000000000200030040041005
050000000000040003000000400100400000100000000000
004005030041001000400000520004203400200000000000
001000402000000000000201003100001000010200010100
100300100032000030050040010550224005000000000040
410100000000102000000000500400003000000000005000
000020000000043000000105400000201010001000040000
000032000000000004020000300040002000205200020400
010000000000001000000002001001000004200000020400
000000002020020030001001000000000001000200100130
000000000000000000040000000050300000100502005000
000000000100330301000000001305000002530000540000
000001000000000050000000000000000000022000000100
000000024050002000000303000000000000030050000000
500032200004230000005053000000000003000000000000
400400012002000010000054200300000050020000000000
003000030000000100000500000000000000300005000020
000000000000000000000005000005000000000030000001
102010502000000000452020000000000054054300340000
