48 5
052000010000400003010000503000005002540000000000
000000000000000050510001000000000000010020000000
000000000000045100000000000050000000000000000005
000000000503000001400000000500000500110020004000
000300040404000040040501000050010000002100000001
000200520000000001000000500000000000000010001030
003000000000000000304100004000005012000000010001
000010003000400020000320000020000300004000004544
000000000300020210000434000002010000300004000100
030240030500050204000000000100000024000300040000
010200002000200000003000000030000000000200504000
013000050400000011040300000050000020400000000000
000000003203450000000020100000000020002020000000
010000500005000040300000000033000000000000300000
000003000341000030500500003000000140300030000005
030000505000000104040000000000000040302300000300
002000010000000000000000400240150230050024000012
000000000043200000000000000000000000000400300000
002000000002000032000000000010020040005005000000
000200012400000000000000500005002000000100404000
000000200000030000002200000000000054020040000000
001000000001310500000000000000020040300000000001
000204000200000000010030000030000000000020000000
000000000000000000000000005300000001100400000500
000000020100000040504000000400150050500000000002
000103500300204000300000200010000240500000005014
000030002020000000020200000000050000010002000000
003003200000000000200000453002000000000000030000
000000001000000000013000400000052400000010100000
000000002004000001002053300000000000051500000000
000000000000003000003005100250003100100005000430
030000400000000004505200000000002000000502000300
550000000040050000000000020000014050530500000052
005413004205000002000200000300000324030010000000
000002000000000505000330201230002000000000000024
000050000200000130000045004000000005000100020540
010000003502000000000200000000000412010440100000
000500000050000000013000050000402000015000000000
000300100041000500100503000000000002400000000500
000101000000000040000000002030004040000000020004
400000000100030000000400040200000005300000000500
000300000000053300000000403000000000044010000500
030100000100040203001010000000000050124000004000
430000000341500040001100000004500000500000002030
005000100000041300002003000350005002003033401050
305005000000000002000000000010001100000400010300
000000000000000020010001000200000005400030000000
030030002005005000000000000140000020300000000401
