48 5
003001500005054000000000000000230000544000020401
300000004004033000000000300402010010000400000000
000040000000300001305000005001040000051000000000
500000000100030000000100000100000021201000010000
001050004500000050010020104000000000200002000300
000105000300000000000000100000000000000000000040
000000200000401400050003004000000000030000200040
010000012000000102000000000000000000000000005000
030050000000300034250000000000355000000030000000
000030005003000000001540001000000050000050005000
000001030030200000500000000000204005000000000000
000400003020000200000000004044000000000000030000
000035050200000000000000000400030002010000033200
000100000000000020200000100400001200000000004000
500000300004000200000000020000000540000000030000
000203300202005003400000520020000100000000024000
040200500500020000000200013000000000050003050100
001000500000400000000000401500000000040000000330
000000130000000100300200000020000055041000000000
000401303000040000000000000000000000004000000001
000030400000005002000000000110000200000000010000
020005000004201000100000005000503050000000040000
005000000400340350000000000000000000044200000000
500003503000020050000100000000050050000100000500
000004400000000100040100000400200102000041000000
004205001020000240020000500500000500000000000000
000000005002100000040000000400100000000000530000
050200000000004030000100005000502000200000044001
500022000500000030000000300200000005010000003000
000001500000002000000005000002000004030020300000
005021045001520100000000000000000300000020112000
000030400000024002200020000000000000000020000100
000300030100013520000000000000000000000005000301
000300020032020000005000400000403000000000000010
001002500001000000120000000000234000000004000350
004100003500054000500040010040000000000000001100
030004500540000030000230000002002005005000040000
002000030010000005200000011030000000000000002030
000502400200010300000000000000044000200003000000
003050030320000200000000000220000200040500000400
004100003040000300004000003005401000035000040300
031000000000000001005000240000000010040000000000
000040001303000210004030000000002000000050000000
501010004005000003000140010000400000000020110000
000000000300000024000104050000002030000030000000
010310104003000510100035000250000030203000000000
330030005100002000040050050000000020000400052004
000000015000000000004004002000030100400300000400
