48 5
020000000000055500000000100000200002000000030000
000000000000000150000000000000000000000000000000
010400005120311000400003000030000054300101000201
000003000004404052010000000030003005010000000000
200050003053000000030000040000000000000300001500
000000000000002000000000031040222000000000000000
300150000000000000105000030004000002010000055005
500000231000000000003300000200000030000002000002
000000000010000401003000500030100130000000000000
503050000004000020540501000000200304025402400040
000000040005050100000003000034020000100030000000
004000000300050012500000000000000200000000000000
000000024010030200000003000000000010000200000000
040000000010050000001500301010000303001004005500
000050000000440000205000003030000000005030000000
040053050000030000002000000102000000010000000000
020003000010000000505033004000000000000000500000
003020000303000100025000000000004500000504030000
002001300000000000002300220000000304000500000011
050004000010005000050000000000000000301020000000
000010000000000001300400004000020000000103400000
052000000000050001400000005000104000004050000000
101004000050500004000500044301003000030040004200
000020001004005200005000000004000000000040520000
000000040400000220000020500300050000040000040001
020000000304000000401004050004004200000000000030
010002500010000102030030001100030000012301000300
002000040050002110300000000000000400030003030000
005000000000050500050200000000000001010130200400
000000050000200400300044003000000005000004000000
000300000000001040000004000000021001100000500000
030100020000000100000020040000001300003004200001
002200000500040502002400000000240040040402000000
000000000050030000002000030032000000000500001000
400013000004041005000000204002000010000000000001
000002000000030001000500200003000500050040300000
002050230000000005004000000340000034000000002504
000000004000000000020002000000000440500140000000
004000002202003000040011000000000030020000000004
000100001000000000000000000000002000000000000050
000000100000000000000000420000500000020000050001
404001000000000000034050000000030040000500000000
005001100000000505002430000005000450000020002000
500000000331101000100000100000000050000005030000
050000050000400000000000003000300005000000040000
004010000201000023001030000000000100000015000300
302000020000040000030200000000000002002100000302
020000000000000000210050203500500000000200040024
