25 5
4210250513522335240000112
4432122402301021330435205
3130452055122454344053324
5532303044215412120110051
4434444254224340322513023
0223400353141051540221335
1114025443400405413053551
2035034530131514504045552
0124320020503234050111441
5512143100510204330552143
5033000002100441502502010
1210221221330415011545444
1520202301554220042235143
4053102205250004420544451
4113335224354431100130505
5332001332442034434155031
2504550302552450344324324
2505432240231110010231530
2032351102045034134451410
2032254552532340340531241
3121045105211050130133052
5455504213211500134020320
2340330125144505311251454
1315134520023452345101141
3011223300202433350051153
