25 5
2302230453251200105543251
2400044210330354010233203
5133521544204133314543251
5152501355254424231544500
1031515041302442412213404
1501211353444115232355404
4351204505014133001451042
3502030334011102320024510
3325110530412424220153224
0412032214031235252213335
5055114525244301022203330
4243155211325125403143254
4232003234024211311110505
4535533435535301310243343
5153305030010151050314351
2051100023451234252422033
4243552550345350015535441
5125200430152444410525003
2153123030245042200251104
0002211512323521404054511
5011242352412454435410030
0403400123434442035000411
0241202530204245403001413
3050400420010055400030505
1004115011132043224143250
