25 5
1241334125241531235153042
4114205413000330011513252
4453130301253030440430201
1400523145522454122442023
3342154013145244443145134
4502240040211240120510134
3402300014105542225500231
3210424231024230011423100
4425420323510555112134005
0000200025032310205024221
0451545321210402422525440
0343201234241142052205115
0533004055513133031053053
1001325231414043150033101
0151230240134054211250310
5543101324451004021245400
1032055403045430252322234
4015213315340035442112052
5052053325253211354305553
1530053354322305230020325
0213153255214554534413534
1341445504531505204001242
5512021443553554050313552
1141403430213022430303015
0013323500514141124400534
