25 5
5035452132303532305505350
0333230525005050424130150
5555243320025002421345430
0343524505505222545152145
0450403203210240055245035
5201343544011004240305001
2011241312031211313330445
4031230102341321345111151
3401204105051014423200435
1233435224410205050243054
0351154323351042132541540
4022244410441222513042030
4040033335410421230211422
1000341403011505023500455
1305434220510405035510344
1234315101213111443322432
4405155124122305344401303
2552230450151111505141503
0421122014231253145042023
1343301324330455042514112
0214031445105041302402030
5530325225023230053100114
3520551542454505033244404
2300242105152032325102532
0532322141351240142411401
