25 5
1034242100412142215012412
3053102200121221531025005
1032540010302350530522152
4113453505002144512301530
1035040055230034401414145
3345144511434253244400214
3252123431231014002242130
5141105431303303353040111
4423354125352031233141555
1354001410250503032220352
2344021110335525035250301
5034220532100052510125354
0335400104354540153143423
2000211501140500234220403
2504103450535432330443104
4213152420033412321505410
4424041212140532055535020
1133251310400020331201005
5124540104314123320434214
4422320322402554513232531
3250040020030355021425421
4324435445105000352530123
5450450312455514150445043
5142543121145121024321054
3553503554053342042212010
