25 5
4032222000143031544440341
4023024125003334140412020
5241200034213513154444453
2310041442003141552030045
3313204004010135134055443
2132225203245421213413513
0125400214051530404134554
5233321352012041011043010
0550211510104133050421013
2543004035321012421024001
4303412001132405213425513
5540010220252312550535545
4043230220445511025351023
0324545532114214413153452
3304550542520211113200325
4110501253154540202312505
1301345113452053321445403
4052112050103513012053405
0502302032103405523204431
4233001000042252555050331
0414533424453145525204012
5452245041114342142451153
3330523340123552510501340
5402005235502540012053201
2350313423534221343012231
