25 5
3433123405131210011224100
0550005210135001523333514
3304402050340353421202023
0322220205113205355143100
0102240425532335111555511
2400041310142404143435530
1344404535321250551324423
1403022300015210054314113
5035153314043532054253045
0351342252045144343310315
0240220544550452144421521
1514552335220005432421354
5410200421154014005314344
2422212012225350321325321
5134000102051143451324504
2045115533322333010223450
2402454145545314004121100
3302222305034422214035535
0015000340022104324300444
4515125333340321005441024
1450140235250440513111411
2403132105535253431304034
5002401524505555501113011
1431134040321432005501252
0213032220050025042204135
