25 5
1020325554103454211042534
2453335020122024552051102
5025421433344315042325205
4423303442044331022000555
0251034020545450301312033
0353443444355444344443341
1104522225431220403323143
1401020025511131333151202
0355323113400522135414200
4055024005112510510003050
3524411210125203552103341
4435053450202220013221121
3241354554502301253405124
2420203040512552010151055
1015125221024221415325044
4122344122532005210321434
1453050134512240031235205
1150031514513321340544340
3134305443410445210144224
3335050222154041320002013
4150014531105110254305543
1043345250323153501503241
0111512430533431155452020
0030203020015032052240014
5104003540333040135010013
