25 5
3201544324151451200105254
0453302043134505041143241
5430353400331424401522521
0321020110251133510520254
4545532030554230422052352
3030514145454402244553115
2222041540331512014505003
0224235302125333404023415
3425420101510120025442453
3403531223403240130235231
0050234144015323235003050
5344202325131503122314435
5120455335135402031342140
2102225220335211002234122
5045052423110024045004540
3523142350400100314403132
4202151030012015300221154
1234001000003400210115424
4513043521513553001300354
2414123205141450500342202
0303203134455441105115144
2553114024123153555255404
0155520504144202333311001
1300334150540353523211443
1051440512115042342113030
