40 3
0001000030200003010130220300110000030000
0000002100000000000000000020000003023000
0202030011000000000000000002002230000000
0000000000002000000000030000030013012000
0200000003020000000301000020330000001000
0000000000000000000002010000000001020100
0200000000000000000030000003303200130020
1002010020000000000030000000000000000001
0000100000020000032000000000003000000011
0000000300000100000000000000000002000000
0000000000000000000013003000000020000000
0300300200000000000000000000000000003220
0210000000003000010000000000000200000002
1002232020000000100031000100000002001000
0000000000010000000101000000001302002100
0000000002200030000000000000300000200020
0000000000000001010303230003021000000000
0003002000301000300002000000001000001000
3010010000020020000000000001003000000000
3033020002012000010000000000000000030000
0200000020000303002010020000000110000001
0000000200300000000000000000300001000010
1010301002001000320000000020000003030000
2001020002000000000320000000001000000300
0001000000000000000000000000000200001000
0220000000000200033202000000220103000000
2103000000100200001010030000003003031010
0010000003100000001310130000001000010032
0000300000000000020000202000000000000001
3000000002000000000000000000103030031000
0000020000000100000200002002000003002000
0001010130000001000000000000303000000000
0000100030000003000000030001000002300000
0000000000000010002000002100001000000003
0000002000000002000030000000002103000001
0000000000000000000000000031000000000000
0202000000000000000000300103010000201002
0000003000003000000120000300000300301003
3000002000033001020200020000000000000030
0000000000000000000001000000100100000000
