40 3
0000002230000000000100002000000200311000
0000100000100000003000001000001000020030
0000003000100000120020000020330000300100
0000300010100003000100000000000000301002
0000000100010000020000000010000010000302
0001000000000010000000000100331300300002
0000010020010000000001000101000000000000
0000020100010100001103000300000030200003
2000000000000001000003003200000031010000
0000200000000200002000300000000001002000
0000001000000000000000010000100010010000
3003203300300001012003000000020000000130
3000022000000000030000000000030000000000
0000001003300000000300300000031003000010
2000003300003210100020000000003020000300
0000210000000000000000000030200000000020
0003000002302001210000000000000300030000
0000000000220003230030230001000000010000
1302000010000000010300000003000100000000
0000020002030000000100000000000000000000
0000000000100100000000000000000000000000
0001031000003030300000102000331000030001
2200200000000000003200020000300000000000
0002200000000020031000000000000130000200
0000000300000001000001000000000000010000
0300000030020202000020000100000000000303
0000030031000032000302100100000000000100
0000003000002100000001000000010010000000
3000000300000000000000000020000000000021
0200000000000000200000000020000000000000
3000000200200020303302000000001000001010
0200000000100000000000000000100000000000
0000002000000000102001000000200002100000
0002002000002000000003000000130000200222
0000000010000000000002000000000010300002
0000000020000003000300000000000100030000
2003000300000030010000000000000102022020
0001002000000000000000000301000300302023
0000200010300000010000000002001200000030
0000002000000000000000000002200002002000
