40 3
0000000021000000013030200000100000303000
2000000000000200000010000000000310000000
0030000000010000100010000000100000001001
0100000000000000100000300000003003000330
0000002000300000000300300000000000000011
0300001000003030020001100230003030000200
0000000000110000000000000000000000000020
0000030033001000002000000002000000000000
0000000300000001000010000002000003020000
0000000000000000011000233000020000020000
0010000022000310001000301001000001000013
0000000000031000000000020001021300000000
0000000300000000000000000102002000000000
1000000000001020000003200000000000300000
0010320020000100300000000100020000000000
0000000030000001100003000300000000003000
0302000000001000002010010000031302300000
1000300000000000000203000300000020020030
0000000002100000000030010000200200000001
0002000000010100300220200000000000020000
0200000000021001020002000030000000002000
3020000300100200000000000000000200000320
0000030200000123000003000020020203001001
0010000000000010000000000000000100000000
0000000000200000000000000003000000000010
0300100000000001000000203000000000000000
0100000000030000020000000000000000210030
0100021000200000000000021302000000300000
1000100000030000000000003001030033200030
0000000000300000030200000020001002100000
0000100000121003030020321012002000000003
0000000020000300000000000000020012300000
0000000003300003102200000000020200100301
1300200000000002000020202000003000030010
1000002000000000003000000000000003000000
0030003000000000100000000032102000000000
0030000000200303000100000000000010100031
0000000000200201002000000000100302000000
1000000201000000003000000000002030000020
0000002200003002000011000000000020002001
