40 3
0300000030000000003002000000200032100000
0000000000002100010020021000000002102002
0000120000000002003000030000000000000000
0030000000000000000000000300000000000010
0100000000010020010000000010330211000000
0000000003000000033000300000001303030023
1000000000010200000000000200000000300000
0000300300000200000000331000000000000100
0002000000000102333000000000203000001000
3001000302000100200000001010020220010000
0000000000000000000000000303000000001000
0000120000020000000000000002000020320000
0001000003000000300000032000001001030000
0200300000200000000202000000000000200000
0030100000000020000002200001000020202120
0020011000000000001000000300300000030300
0000000002000000130002020000030000001000
0200023300300302002000003020000000010000
0000001000000000100000010000000000000002
2000000200000000000003000000103001030310
0000000000010001000000130000010000100000
0003000201200002030000000000002003020000
2000022000001020000000000000000000000000
0000000000032000000001301000000000300100
0010022000000030000002000301030012020002
0000200000000000010000000100301020100000
0000300020300000000010000010000020000030
0000022010010000300000000000000000003030
1011000000000000030000000030012000010000
0300000100000003300200200000000000000011
0030000000021000000000020100200000101300
0200000003200010000000000030000000100002
0300000000100000100000000000000000000002
0000100000000000001100200030200313003010
0030000010000000000000000001313003000001
0002020000000032000210002200000100003002
0000000000300003000002000003000000000000
0001030000300012303000000000000000000000
0100003000000000001000020000200000000000
0000000003000000000000000113100000000000
