40 3
0110031000001030000110000300000200000001
0000000002000100000000000002000000320020
0300000000000010010000030002000002000201
0000000200000000000001001031030000000300
0333001000200300000200020000000023002000
0000003322000000000000000203000100000000
1200000000000000020000000000000000010100
0000102000002001301000000000000003001020
0020331000000300000000000000000000000330
0000020000320000000000200200220300000010
0000000000300300020000000000200101000000
0001100000000000000000000000000030310020
0000000000002000020000000000030100000000
0000032001010300220000000000001000000001
3000030000000000002300020000000002000000
0000000002000023000003000030000023000001
1000020000000000000000000120000001300002
0002033020000000011100000000002000000300
0000000100001100000000033003023002100200
0000000000000000000000000203100000000200
0200000000000000000000000000030000000000
0000000000002000000020000000000030000000
0002000000000000000100000200002003200003
3000100300001000000000000001000000000000
1001000000000000000003300001010000000000
0000010000003000000323000000002000010000
0003200002000001003020030020000000000000
0000031002000000000020011100000000003000
0211000100020000000131000001003300000000
0000000003002100020010000000020000300003
0003000002000000000000300303300000000002
0010000000002000003000021031100001000000
0220000010300000100000000000000200000000
0030000010022000030000000000100000000203
0001001000020030010000000000200000310200
0002010003000012030203000302000000003000
1002020003030000100100300000010000010100
0000100000001000101021032303002000000000
0000000000000000200002300000001300130000
0000000020030000000000000010000002000130
