40 3
0000000000001000000003030001300010000011
0000000100010030203000003000020000021000
0300000000003000300023000000031120000022
0000001002000010000000000010030030002000
0002002000000000010000000000000000003000
0000000000000200000000000000000000001000
0021000003000002000300000000000200000000
0000000000000003200200000000000020000000
0000000100201002030020210200000000000001
0003000000000030000300100000200000123032
1000000000000000020000000001001003003001
2000003000000100211000000030010200000000
0000000300000000003220020000000003030000
0000010000000000000000000200001300001200
2302000030000002030000000000210320100000
0000030200200100000101303000000010000000
3000000000002000003000000000000000003200
0100020000022010000000000200000031030000
3020000010000000000000000000000000000000
0000000300300000003021000010201000100000
0000001000000002000000023020000000300000
0003000000000000300000002001032020000000
1000000000000303000000000000031000000000
0002003030000100201001030000100010000100
0003110003000000010100000030020000000000
0000000000300000200000000000200000000300
0000000300000000000000000003001003002000
0100010000000000000110002000000000000000
0300000232000000200000000010000000000300
0001000030202000000000200300000100000000
0000000000300001201000030000200200003010
3000300000000000000000310000300000000000
0000003002002003000000200000000000030000
0000220033000000200000000000000100000000
0002100100030010100000000000033000000020
0022100000000000010000000000000001003000
2000100000002000010000033302013000000000
0001011210000220000200000000101220130010
0200200001210300000002003000000010010000
0000000000020130300003230300000100112020
