40 3
0002000000103000030000000030030000032000
1000022000000003000003003000000000330000
0010000000000000200000000010200210200000
2002000000103000000301000003000201000000
0020000000000002130000001000000300010000
0330300100100301202000000011001000000000
0000002002000100312000000230000200000003
0002000000000000000100000300000000000010
0010000000100100023002100010000200000020
0000002030000000000001000002100000020200
0000011002030030001000000000010000130000
0030000000000000000000100020020030001000
0000100000000000000100030300000000000003
3000130000020000000000000001000010033000
0000000030100000010000000000000000000300
0000000010001102010003000210000000002300
0000000000030122002032000200000000000122
2000000000001000000000202000003000000000
0000000000020100000000001010000012000000
0010011001000300020000021000000100020010
0200000000001000000030200000100030000000
0300200013200000100030000020000020100000
0000010000000001021000000000003300100000
0300003003010000000000000300003000001000
0300000000000000000002000002000010001000
0000000000000000000000000000000000000300
0022000030001020000020000020000230003000
0000000003033000030002000000002300000000
0000000002000203000220000003200200200003
0000000320200031000000220000003000010000
0000000020001000000203000020000100000103
0010100000100000320000000020003000000100
0000000000302103002000000200003300030300
0000003000000000000000000000000000000003
1000300000000003000020000000000030020000
0200203000100300000000000010000000030000
0000201000011010300000003000000000000010
3000000000031000020000210020200000000300
0300000000000001000010000000002000000000
0001000000000000001000033020000132200000
