40 3
0000100000000002000211000000002301000000
0001013002102000020000310000000000012001
2002000000000020102000000003000000000001
0000000200310000000000000000000001302000
0013002002000030000000001000100000020001
0001000000000000030100220002000030003000
0003030000002030000000000000202000000000
0200000001000030000010000000000000000010
0000000002000200000000100300000201000100
0000003020000200010300000000000030310100
0002000000000000300020000010000000000000
0100000000000200000030301000301000000002
0000302000000002203000330000000303203100
0001000300000000000030002001030010000300
0300003000130000000000002000000000210010
0003000000000001000000010000030012200001
0100010200310200000000100000000000020102
0000000000000000000000020100000000000000
0100100000001000000000020011100300000000
0300200000200000003010001300010000010030
0000000000000000000000000010001202000000
0020000000020200000300000000000000000300
3010300000000000100000020220000000000100
0000300200010300002000000032003010000010
0200020030010000200000033000000003003000
0003330000000000010000310000030003200010
0000010000000000000002120000302000000003
0000003200000000000001011010020000003000
0002000003000220030000000000000300300000
0001000000300302000000010020000000000000
0300000000000000000002130003000001000010
0100000000002300000003000001000000000030
0000010020000000000000000300000000000020
0002000000022300000000010210002000003200
0000002000000020000000000000010200100020
0000000000103010000000000020000000010000
0000000030030000200030100031020022000002
0000300000030000000000000010030300000200
0020030000000000003003000002000000031100
0000000230110000000000000000203200300000
