40 3
0300000000000030000000200003000000000200
0000020100003001001020000000302000002000
0012000000000000100000000100300000000000
0000000000000000133001000010000100200323
0000100300000000100000000200000030000010
0001000022000200100000000302000300000130
0030000000100000000000001000030120000001
0000021000002002000001000013000000000330
0000000001100200000000000000020320001001
0020130000000000000000000000100000030030
0000010000000002110000001000000000020000
0000002100000002000000100000000030000000
0000002000020000003000003000000320000000
0000000003000000000100000200000300000103
0000003000000300000000000020000000200000
0000100000001000002000323000230300000012
0103000000002000320000000300200001000000
0001000000021002011010000000000000000230
0000021000032000032000023200200001001000
0203000000000200000000002100003000000000
0000000000000300013000000000030020100100
0000000030000000000000000031111100000000
0000020000010010310030000000000030202030
0001000000000210000000301000002013000000
0000000320000000010000000000000000003000
0000000030022000300002000203010320000230
2300001000000000000000000000002300000000
0000000200000102000000001010000300010000
0000020001003000300010020003000013202200
0000302000030003010200000001030000010000
0030000030000000000000000000000020000000
0000030010001000000023000000000000000002
0000030100030000000200000000000130000000
3000000030010000230001000000000130000020
0200030320100000200000000000000000200000
0000003000000000000000000000000002000000
0010002030110230000010002003000230000000
2000300013000200000012010000000000000001
1002000000000000310000000000000000002300
0200000030020030200000000021231000000100
