40 3
0300001000001000210000000002000000200000
2200000000000100201000000000003020000000
0000002000000000202000300000030000001003
0100020000001000013220001000000000000030
1000020203020200120010000000000000000031
1000001000000201000020300000000000300000
0000023200000020302010302010000200020022
0300030000000003100000010011000000000000
0001000003000000000000000103000000000000
0000003000001000001020000000203000000000
0000000000000000300113000000003000010310
0000030300000000000002000000000000210000
2002000000000300000100010000200320000300
0000010030000000020000003010000020320000
0021000100100020000000100000000203000000
0030000000030010000000000001000000000020
0001000000000030002000000000000020000200
0000200000002002000001000000220000000000
0000000000000100000000020110000002000000
1020000001001000002010201300000100000000
0010000200000000002000000200300003000002
0200000000000000000000001000002000011100
0330203000000300003003000020010003000003
0000001000203000002000000020002003303010
3302000000000000000002111200010000002000
0003003000000330002010001220000002000000
0303000000300022000020000000000030000200
0000010100000000000100000200000000020003
0000000031300000300000000000000000000000
0000100030000201010001000020000003030003
0000000010000000300030000000000030000000
0000001000000000100000010000000001000000
0000300000000000320000010000000030000300
0000002010021300000030000000000020331000
0002000000000013003000000030000033000201
0000000001003000000020000000000000000010
0001000300003010010103000100103000000003
0200000000000200200001030000030302003010
0200000002002020000000000010300000000000
3000000000030300000000000000110000000001
