40 3
0000020100002300000000000122013000000000
0000020000100001200130001001201000200010
1002000012003000020000001010000010000000
0000000200002000000002000130010000000000
0000300000000000000000010000001000000003
1020000001002000100000330000000000030003
0020010000000000200000000002001000002000
3000300000000010000000010000020000001010
0000020003003000000300000000002000000000
0000000003030000000003000000013020000030
0003000001000000000000001201000000000002
0000002200000020120310000000000001000000
0000200000000000000000001200002300000000
0010200000000030000002000013000000000000
0000000002030000300000020100000002300101
0203203000000000000002000000000000200001
0000000000100000000000000000000000000000
0000020032020010000201100002000000200000
0120000000002000321230000000200020000000
3300300300020003300100000200000030000000
0000003000000000102010000000000000003000
0310000000000000002000000200001100000000
0000000100010300000000300010003000000000
0010001030001000001100000000001000000000
1200000020330100000003030001301000230003
0020000000030000003030000000000010000003
0000001000300000030001000001002000000300
0300000000000000000000000002011101000000
0000000003000000000033300000030010300030
0120000003302001000000001010000000200030
2003103000000002000000003002200000000002
2100000000200000000200300000030000000000
0000000000020300000000100000002000303003
0000010010000002000000002020030000200300
0003020000200000000000000020000100030300
2000100032010030000000000000010200000010
0300010010000000300000332032011000200000
0000000000000210030000000000100000000020
1000200003002000300010000000001000000020
0000000002000031300000020000020030200000
