40 3
0000000030020000030000000000000001000000
2200200300000002002000000000020300203000
0000000201000300030000000001000022001000
0000000030000000020000200000000000000030
0001000100030000000000300000000001000010
0000100030112000001000000000000001000002
0000000000000000000000000300003010000000
0000000000000000110300000000010000002000
0000000001000200000000103300003000010000
3000000000000330210100000310000000210000
0002200010000030100030200003312000030000
0010320000000000000000000300001000000002
0200000020000200000000010200000101000000
0000000230000000100002010003300000310300
0301002000301000000200002000000000000001
0000000000110000000030000013003003020000
0020000000000100001200000000030000000000
0100330101000010000002000030000001000002
2000000002000000010000003010000000000100
0000000020000100000001000000021100200000
0000300000020033020000100030000000100000
0300300010001300000100000002000000002000
0200001000000320000000000300000000000000
2023030010200300001000000000000020300030
0000000100230000101000003000000000000000
0010002000000000002300022300000000000200
3000000000001000000020200000002030020003
0000000300002001200020100000200000100200
0000000030000000030200001000230020000000
0000030300200000300000000000000032000000
0003022000000000000000000001000010002001
0000000000000202000003000023100000000003
0030000000000000000001000031000030020010
0032000000010200000000003201000302001000
0020000000000310200212000000000000000010
0000000300300010302000100000002001000201
3001000000000032000000000300000000000000
0000000200200000100210000003010030100002
0000000000302100000003000000000000000000
1000001030001030000001300200003120300000
