40 3
0200000010000000000000000000100032130030
0000000000003000003020300000000100220010
0012000000000001000001000000200000000000
0000000000030000000300001300031000100000
0003100003200020300112030330020000200003
0000000000000000000110000000000003200000
0000000103200000000000000032000000000010
0000010010000000000000000000000000000000
0000000000000030000000300000000003000000
0000001000000000000000033000122002000003
0000300020000000000003033000200020000000
0000003200000300000000003010000000120000
3003000000000000000000000020003000000030
0000000020000000100030100002100000001100
2030003002230000000320020000000000000000
3000010230103000000003000320100000002200
0000200001002130000000000301000100000200
0001000000000031000000200201000001000000
0020100303000300032000000000000000000010
0000203000010010000000000000000020000001
2000000000000001000010000000000000000000
0000000000000000001002010000000000103100
0030002000202000003000000000002303200011
0000000000030000000100000010000000000020
0002100300000210000002000000130000010123
3030000000000010000033002000010000020010
0000001000200100000000003000003003000003
0030000000003300200102000000000200300000
0030000200000000000000000002301001000000
2110001000300000010010000000000020000202
0200003000000101000200000000011001000200
0000020022200000000023200020002010000100
2200000000330312032020001000000120003031
0000020000002000300000003000000001001200
0000000000000000001000000000000000000000
0000000200030000000000000000030000000000
0000010000001000000000000223000020010203
0003303000000020000022000000000300100000
0200000000001000000100000000000100000000
0000000100023300120000000032001100001010
