40 3
0020001000000000000300003120000000000000
1001030001010012000000200000000030311000
0001020000003000000200300000000300000000
3000002000000000000001300010000010002000
0000000000220000000000030000000000000000
0130000020000000000000000030300013301001
0003000001000002203200000201000031000002
0100120000100000200300002003300000000000
0000300003200000300000000000000100000030
0003000010030000300100100200000000310000
0000001002000003000010000001100000100200
0020000000013000030001100202000000000000
0002002001000000000000100020302121200001
0000000000000000100100000000020000000000
0000030203001010000000000030000003000120
0000230010000000000000003000010003000000
0010230000000030300000000000000000000003
0300010032300020000000003000010000000200
0000200012003010003300000010000000032000
0000000200000320000020100000032000000020
0001033000000000100001000000002000001000
0000000000000000022000200002020000013000
0230120010000000030000203000000030000001
2000000000030001300200000100001000000030
0000000000010000000000020000000000000000
0000002103020000000000000210200000000000
0300000302200000202100000000200000001000
2320000000100030010000003000100000000200
0001000020000220000000200010200000000003
0003002000010000201003000000001000300002
0100000000000000000000000000000000020000
0100000003000001003000100000000030000000
0000100000020003000000010000000003000000
0100000001000010030020000013000002000000
0000000300002010003000030000000000000000
3000003201300033000202000000000002000000
0000000100000300000200000000102000000003
0020000300030231000000000000000100010030
3010000002001000000232000000000200020000
0200000000100000000000000301020000000300
