40 3
0000000000000100000000000000130000010000
0010000000000003000000001001000010000000
0000002000000120002300001001000100003003
0000000012300000001000000003000000000220
3000202000000301000320000202200000000000
0000020032000000000000000000000000002010
1000000010010000100000000000000300300002
0202310000000000230010000100000000000000
0003000000300002000000100030100000000000
0010300020000000200000000010000000000103
3000001100000000011100000010002200030003
0000000000030000010300200000000020000000
0020200000010000003000020200000020103300
0322320000001020100003003000003000000000
1000100002303001001003000003002000000000
2000000000000010000020003000000001100100
1000000000300000000000033030000003000010
0200001030000302002000030000002000103030
0000002000200000000030100000000000000000
0000000000000030001000000000000000000000
0000030003000030002000003001200001120000
0000000003000000000001001000000000000000
0002201000000030000000300000000002012000
2001300000300200000002030000001000030000
0000000020100031100000000020000301000000
0000000000010000213030030000000020000000
0000001001000000002022010120200000000002
0020000000000000000001100000020000030200
0000000003012020002000000203000200000030
0000000000000000000001030000303020003000
0000000000200000030030100000031000000020
0000000000001000000301330002000000110000
0202020000300003300001000000000000033000
0001002030020030003000000000001000000202
0000013000300000303200000000000000000100
0200002020000000000210000000000000000000
0000100000000100200000000000000000100000
0100002003000000000000002100000010000001
3003002020013200012000000000000000000000
0000003300120303000010000000201010000202
