40 3
0300000010001100000300000001000000200030
0000200000000000001001000000020002000000
0000000000000002000200000030003000002000
0320000100200003000000031300030020030031
0000000000020000000020000001010030000000
0100000003020010010200000000003030000000
2000030000000000000001000002000000000000
2030030030000000000002200000032000001200
0000003000003100000000022000010000000002
0000000020133000200000000010030001303300
0000000000200030000000011000300000000000
0000000001100000200301103310010000000002
0000100000000030030000000000030001200030
0003102000000002000300000000000000002020
2000000000000000010300000030200000200000
0000000002000002000000030020000100000110
0000201000000000000000200010002000002000
2000100000300100000001000000000000000000
1000000010031000000000003200200020000000
0000003000001030000013200000000000200100
0030000003020000003102020200000120000100
1003000000000020001000000020000000001300
3030000000000001000000110000003000003030
3000201000000000000000030303020000020000
0000000200000000000310200000000000001001
0030000000000000000000102000000003000000
0000000030003100010003002002000003000030
0000030301000000000200000300000000000000
0000002000020000230000000000200000303000
0000100000320000000000300000000000000003
0000010000100110000000030000000200030000
0020210000032000000000000100000000012300
2000300000000000000000000000102000020120
0000002000100103000002310030000000030100
2001000003000020030002000000000100000000
0102200100000010000002010101003020030020
0000000001200000000310102000000000000000
0000010000000000200000012020000300000300
0000000100000000000000000000020003230100
0000000010000110200123000100001003001002
