40 3
0000000021000000010300000000020200000003
0000000000200003000000000110000000000000
0002002010001020000010000000000000001000
0002200000100020110000002000000100010030
0030000000110000000003000300000030010100
1000003000003000002000000100100000000002
0000000020000030000000000200000000000020
0000030010020010000000000000000000000000
0020003000010000000003000201000000110000
0330000000000000320030002000000000000000
0100000001020000002000000000020200000000
0031100020020000000003000000302000000000
0000010000000000300010002000000000000000
1000000000010000000030030202020000000300
2000000020000002300000000000000002300000
0032001310030000000000010030000003000100
3000101000032000010001100030000000000000
0000000000010000001100000000000001101000
0201021020020000100000000001000200000000
0000300200200030030000000003000000000000
0003000000220300020202230211200000000000
3000000022000120030000030010000000220000
0000000020000000030000100000002000001000
0103023003002000130030100000310020000000
1030010000000001033000030000000030000000
0000000000300000001000000031000000010030
0000000020020003030300000000000330000002
0000000010000201000000000002000030003000
0000021300000330001020000200030030000010
0020000300000031003303320002300000020210
0020000030020000000000100000010000010002
0001012020000000000000000000010003300000
0002002000000200000000000003000300000022
0033000000123000000000010003000000001010
0000000000001001300300010030020000000200
0000000000100000000002000010100200300000
0000000000000000020200011000000000102200
0000000100003000003030000000010000000000
0320000000000000000000300000000000000000
0001000300000202000020000000200300011003
