40 3
0000001000020000000100011200000030000032
0000030000000003002000000200000000010003
0000000000010000000000000000010010000002
0030000003300020103000000000000000000000
1300010030002000000000000300000200000001
2000000100200000000000020000002100000000
2000000000030010000022030010003000300000
3000000000000200000200000300000000010020
0000001000002100000000000000000000011000
0000300003000002003000001300000000300100
0030003220000001000200000310000001300000
0000003000000002100000000030000100310003
0020200000000000000002002000000000000000
0000200000002030030000000000100300000000
0000002000020000000200023000000000000000
0002030001000000000200000000100000000030
0202200000000003000000202000001030303000
0000000001020000020201000100100000000000
0000000300000300000000003000002200300000
2000020000200310000000000200000000000203
3000010000020000200010020000010000300300
0000303001003000000000000010000010000000
0001230033000000202300000010000000000000
0000000000000003000000000000000010010000
0000000020110000000020000120000000000330
0000102020000000100000030300000033003000
0100000001000000000001030200002000002000
0100000300000000000200001010000001010000
0000300000010210000000000020302000000003
0000000000120003200211010000000000000000
0300000200000000000200000000020000013002
0102020020010030003300200310000000030000
0000000000000000000000300300000000002100
0030000000010200000000200000000003010000
0000000000000001000302010000300003200000
0110030000000200000000000000002310000000
3020000000000011130000000012000210000200
0200130000200300010000000100020100000000
0000000003300000220000300030000100000000
0301110000103000000003111013200113002201
