40 3
0010203010000000000000022003230000002000
0020001000000000030032000100020000300000
0000000310000000000000002001100300003020
0100100003000000000002000000021000100020
0003023000030200000000000003020000000000
3010030000000000000000200010000000100000
0000000200000210000210000000000000200000
0000000303000000000000000000010000000030
1000000300000000002000000000200201010000
0011210000030020000001000000000100020000
0200100200000100002300000000003000000000
0000001003000300000000030100001300000000
0000000000002200020300000200000000000200
0001000010001030000000000030000300001000
0001010020320010000000000210300000000000
0000030020000000000000010000031000200000
0000000101300000000003100003000000030000
0000202022000030000030000031000130020000
0000020000000020100303000300200000230002
0000020300300200200000000000030031000000
3000020000000000000102000000020000000300
0003200002020000001020000000000000000000
0300030100020010000000000000000200000000
0000000110303100200030001000000002000000
0020000000020000000300001000000033000000
0001000300000002000200000100000000031100
0030000101210200300000031000330000300000
0000000002300000000003300000200000320000
0100001200001000000000200102000000030000
0000000000200030030001010000002000000000
0000001100100000000001022010000000003100
0010000100300000000001001000000010000000
0002200020000000020000030020002130010000
0033000002000000030100000000303000000001
0000000000000000000000201300000020300031
0000000000001000000200001300000003000001
0300000000000003200000200000010000010200
0000030330000130001000000000100000000000
3230000100000000001000202000000030000000
0201000000000020010000100002000020000000
