40 3
0000002000210010200001001000000200001302
0010000001000000020000000000001000030010
0003231000000000000000000300000003030000
0300000000003010002000000002003002000000
0020030003002000000000100000010300000000
0300200000000000000000000030003000302030
0002200000000002100000200100222100030000
0000000001030000000003300000200000020000
0000200000100003000221000002000300300000
0010020000000202100000000000000020000010
0002310000000000000033000000003000220003
0000030000000030000000000001202100002002
1023000002200000000000030000001200002000
0000000000000100300000300200000000300000
0000000030000000000000000203010000001000
0002000000003230010000200000003200000000
3010000000001003000010200100000100000000
0000000000000002000020000003000003003000
0000000000000001010000002000000000000200
0001000000000000002000200000000000300000
0000003011020003000000301000030001010000
0000220100000302000000010200000000000030
0000001000000001010000000000100000000000
0000000000000000003020000002003000001001
0001300310000030010000000030000000000020
0100000200000000000020000000000000000000
0000200103200000001100000110000000300000
2310033000000101000022000103100000300000
0000000000010000000200000000002010000000
0000000000002113000000301000020000330001
0000003020010203000030001000200003001020
0001230000000100000200000000030000002000
0000003000000200000000000001200010003001
0000000030000001000000000120010000010002
0001000000000010002030000003001100032000
0000100320230200300002000000010000330000
1010000020330000000000000020100010000000
0020030000023000003000013000000000001000
0000000300000000000000123301203000000000
0001000000000003013000002002000000000000
