40 3
0100002110001020002000002000300000000200
0100021003000200000300000000000301000000
2000000002013000000032000000000000000000
0000000000032003000002000012200000000000
0000000001000100000000200000003000302000
0000000000300000000000201000000000000100
0000003000000000000000000230000000000000
0000000030000000002200000000000000000102
0000200002000100000000000000200003000000
0000010010200100010002000300000000010100
0003000001000000000000020000001030000032
3030003001001002200301300000000000000100
0020000000000000000002000230000000000010
0000002000000002000002003012330000000020
0000100000000000000000000000000100113000
0200000030000002020000000000000300001000
0020000000100000030300002002030000000000
0001000000002000001000000000000303200302
0002232102100031001303130010000002000000
3000300000001202300000003020020000100002
0000000330000000010111003000021010100000
0300030220000000000000003000300010030000
0010002003010000000002023301000000000000
0300000000300020000000010000100000000000
0000033000010033100020110000000100000001
0001000000211000000000020000000002000000
0001003000000030000000000302100300020000
0000000030020000000000000000003010003030
0200000003000301000001000000101002000003
0003000000000200000000012000000000000000
2000002030000000000000000000020100000002
0000001101300000030300003011000000323000
0003000300003010032300030000003010000000
0030000100300000000000000000000003000100
0002000000000000200210000100000020203000
1000000010012000001001000000020000010002
1200000000002000000000000011001200000000
0020000000000001200000000000010003000020
0000000000300000320000030000300000003000
2100030002000000000000020000000020000000
