40 3
0000010000010000000003000000200030000000
1203000000000000000020000010000002003000
1030000000200010000000003000000100000000
0000000000000022200003000203000030203000
0001000212000100003300101020300000020000
0000010020000000300000200000000000000030
0000000000300000000000000000200010000000
0202000000000001030000000003000000001132
0000000000202000000300100000000200301000
0003200000000000000100300000033300000000
0101000000000200000003000000000000002000
0000002100032000000300000100000100000020
2000000000000003000200000000003000021000
0030010002000000100001001100000000000000
0030000001000000000003100000000000000030
0000200000033300300001032100000020000020
0000100000023030000000200002002000300000
0300000000032000010000300000010000003010
0210000001000000001000000020000000000000
0000000000000000000003310301300200000031
0300000000003000000001032020200000003030
0010000030000010000000300001000000020030
0000201020000000001000000000000000000000
0000000000222000000001021002001020032000
0133000002000300000000010102200020002100
0220000000000000000001030000020103000000
1020000000102000000000000000003010000020
0001100020000000000000000000000000200000
0000000000030333000000000020000000000000
3102000000020002023000001001300020000001
0030000110100000000000100001000000000000
0000002000000000000000030000000013300000
0003000022002013200000000330000002100100
0030000300300002200010200200300010001000
1000002002110013300000011320000000001000
0000200100000000000000000000000000000000
1011000003001000000000003230010000000000
0001000030030130000200003200020000000300
0030000000000000030001000010000000000000
0020000020000300000200000000000000110202
