30 2
002000020000011000000000100000
100020002020000000000200200020
002000100000002110001010010010
000100000000000100001120010010
010000000011000010000001110000
000000000000020000000200000000
000010000010000020000200202000
000000000000000002002000000002
002020000020000110000002001101
001020000010011000100100001000
000010000110000000000000000020
000022102000100200200000000000
000100002100220000000200200000
010100000001021000100000000000
100000000200010021020000020210
000020220020201210022000000000
000002000010221000200000000000
002000000002000000210000000000
010000000102100200021000200000
000010000020000002000101000000
000002002011000002002000010020
000020021200000000000010000002
010002000011001002000000000000
000000020000000000200000020001
001000000000002200200002001202
000000000000002220102000010100
020000020000020010000011010000
000011001101000000200010201000
000001022100020210020000000002
100010000020200100000000010001
