30 2
000000000020000002000000000000
100220000000000002101100200000
000000200000011000000002000000
110100000002100000000001002010
000001000200000100000000000000
000000000110000000000100010100
000021020000100020200210000002
000001002002020000020010000002
202111100001000020110100000020
001102000021000120000120020000
020000000010120000002000000010
020010000200002100210000200200
010000000001200100020001000000
020010001100002000010000000000
000000100100020000020012000020
020002000200020100000000100021
200000002002200020100200000000
001000000200000000020000000201
110000220010000000002000110000
000100001200000000002110000001
000001021001000021000000000000
000020100020100000220000000200
200000021020000000010011001000
000200200010000222000000000200
000000000210000000000000102000
200000000002000000000002010000
000001000200021002000000200200
000000011020000200002010110000
120000000100000002001010001001
010000000100000000000000200002
