30 2
200020001100000012020000000000
100000010000000000000000000000
002002000002000000020000000000
210000000002001000000000001000
000000200120000020200000000001
000001200010000100020000020000
010200000011000002001000120000
000002200000000012000000020200
000000000000000200000000100200
000100100201002112200000002000
000020000020000000000001000021
001200000002002102002000022100
000002100000202000010000002002
000201000000001002001101100101
100100022000000000020000000010
210000000000000000100000100000
110001000000000000000000010210
001010000002000200001001100000
020000000000002210000020200000
010000200200000121200201001000
000000000002000000020200000111
002200101000020000000000000000
000010100101000001200002102220
000100001100200110000020000201
000100000112000010002100200001
020002000000000020000110000102
010000011010002022000000010200
020020000010000000000021100000
000001000000000002000020000000
000000220000111200000000000200
