45 73 121
0 5
0 26
0 42
1 0
1 1
1 8
1 20
1 40
2 34
3 14
3 27
4 15
6 3
6 19
6 36
7 20
8 24
9 7
11 15
11 18
11 36
13 22
14 25
15 33
16 10
16 24
16 28
16 44
17 14
17 30
17 43
18 3
18 27
18 42
19 14
19 25
19 28
21 22
21 37
22 4
24 1
24 19
24 29
25 0
26 43
27 3
27 5
27 26
28 18
29 22
29 25
29 35
30 7
30 35
34 10
36 6
36 19
37 15
37 43
38 2
38 3
38 18
39 4
39 13
39 38
39 41
40 14
40 19
41 13
42 21
42 25
43 38
44 31
60
36
45
40
2
71
46
59
41
3
37
29
64
35
9
66
0
54
19
43
38
52
11
23
21
22
32
51
5
18
56
70
17
27
55
44
8
61
10
67
58
25
26
65
15
42
20
69
28
16
30
47
33
1
4
57
72
24
13
34
7
63
49
62
53
50
39
14
48
68
6
12
31
118
-22
49
27
-191
8
-96
-138
76
21
55
-61
-37
-170
-93
-45
-84
111
297
119
-88
64
7
76
5
175
-63
78
90
-43
32
-29
-12
3
-97
-51
-31
102
-87
-10
79
-120
28
72
-58
128
150
-9
183
45
15
65
26
-23
127
-69
-204
-191
269
-4
122
-5
177
132
-106
80
-16
22
17
-155
-73
-280
100
185
-56
-7
117
-198
-84
-172
-70
100
41
-9
53
-87
39
-170
172
-39
142
202
129
-92
26
80
-41
-100
-351
-209
-87
-1
85
28
94
-220
7
120
129
131
157
152
78
-60
-91
179
-14
56
10
-153
27
126
-38
126
268
-139
15
-92
-57
-3
22
180
15
-53
282
-143
78
109
34
-135
-11
46
31
48
17
85
3
-377
68
69
-208
35
47
120
-95
132
265
59
-39
3
-83
18
222
-175
-30
7
-82
-142
-49
41
-8
152
243
187
-31
103
-135
111
4
-143
-31
3
-40
185
-34
289
-211
108
-49
-172
19
-85
98
59
-35
62
138
-15
173
-133
-169
-174
-1
176
-58
-117
130
125
47
-20
-175
54
80
-25
48
-79
-40
-136
-87
-70
-24
-183
7
-159
-61
83
-48
-261
20
-96
-38
-129
-14
33
-134
216
-15
-31
-197
34
-57
-57
5
117
104
-178
109
20
213
197
-189
48
-74
37
108
-168
15
-88
-103
-143
-120
-187
-72
290
-221
150
-26
40
-25
114
26
60
39
-340
-269
15
-27
-121
-154
46
-50
-93
-65
95
153
55
-44
-182
-146
55
-11
-228
58
-92
-14
94
92
-77
110
-37
-125
-35
69
-4
2
-163
42
89
46
117
150
7
-19
-11
101
-52
74
77
143
23
-130
-173
178
138
12
-102
61
203
-219
124
188
135
-26
142
-250
-119
-39
-1
10
-55
-123
38
77
98
112
-183
10
-104
72
-14
-43
15
231
10
187
-84
100
-4
1
93
-135
17
148
-90
56
-31
-63
114
-26
-141
53
-151
27
-284
87
214
-166
117
105
-113
-63
91
44
197
-214
-47
232
14
-104
-128
-135
-23
93
155
207
-195
107
-103
-163
-11
-344
172
8
-103
-308
45
-6
137
95
-127
-140
67
64
230
-69
13
10
192
6
48
10
-93
15
138
92
60
133
87
-135
-91
206
26
-99
-73
-33
-77
-217
77
-21
-93
127
156
38
-4
-24
-280
47
-55
321
203
-143
-20
-9
-63
80
41
282
176
-16
9
219
55
62
113
-224
-75
-35
-147
203
-17
-77
-82
-79
114
-20
-74
65
-209
-162
-27
2
-7
180
-158
-16
-71
58
-76
129
10
-84
185
50
-231
101
-111
82
-170
-37
138
-86
-80
42
-258
-16
-86
-84
-23
-90
-86
-19
-155
66
-151
7
206
-65
46
-44
24
-82
-67
-13
72
72
179
68
111
-84
188
52
-126
-159
-35
-120
-174
1
54
101
219
-9
-137
174
-10
-228
-136
-35
-250
-11
-112
-120
-63
108
34
70
136
-103
-121
165
139
123
60
77
-44
34
-35
-314
-60
-203
-113
76
23
167
-85
-136
43
131
27
73
122
-9
-2
-204
82
-41
-144
-150
-27
48
123
101
-198
134
-214
-25
-160
30
-57
-37
-14
70
116
64
29
-208
-84
-30
87
62
161
86
-129
251
-272
-113
-211
-198
-2
36
-100
13
123
-102
-158
-83
-100
45
-136
15
16
181
191
-48
168
57
121
-57
-119
90
26
77
-277
-263
-18
243
164
-131
-108
-186
-6
-166
-146
7
39
80
110
0
77
6
-26
17
23
86
-36
-34
176
-28
233
27
-28
27
251
209
-81
63
61
33
85
-147
10
-116
2
-97
60
-11
159
125
125
100
39
-94
67
136
92
-42
-83
-17
-45
-48
-74
16
-149
-122
26
-123
-17
186
76
48
80
-94
26
-85
-33
110
-9
30
-36
246
115
-115
123
-207
234
29
-104
-115
-24
-116
-11
77
-31
-81
-10
-239
37
148
138
-5
-102
47
35
49
-109
-25
-143
-85
-60
29
98
29
39
87
-183
-86
124
60
172
61
141
94
170
0
-37
-278
-195
228
105
18
11
25
-54
92
-50
-35
113
-130
122
116
-102
-215
97
-162
-268
-68
86
138
234
47
56
-141
-33
-29
-129
138
241
-31
10
20
-70
108
-28
96
-20
-112
-9
52
-120
-345
-53
88
99
51
-33
13
-28
106
-204
7
-58
219
-101
-18
72
-117
-89
-4
-9
13
-17
-10
-12
-29
62
-77
114
-94
159
-293
71
81
89
-204
249
30
-139
140
-50
138
-59
75
-189
4
-67
67
-26
73
208
-62
55
-104
9
249
52
24
-219
178
61
52
67
126
119
238
-80
-237
12
-138
-127
-122
-160
66
-64
1
-137
6
-43
310
-116
63
-8
190
140
107
119
-159
132
-77
-84
-157
-68
28
-150
11
63
100
31
-20
-134
42
38
-95
-130
-113
27
206
65
-108
-66
71
-143
46
-19
75
66
-180
119
-105
-34
-17
96
251
-130
49
43
103
129
45
8
-131
43
39
-8
138
24
32
-185
-44
-15
41
100
-11
-40
-47
-31
-72
185
-47
26
200
73
-89
-256
37
141
150
-104
-67
-80
5
64
83
102
-122
-183
13
150
73
-125
155
108
126
-272
-37
-14
-38
7
63
116
-295
-37
-88
-5
-52
-28
48
-3
134
-178
-188
-85
42
-217
137
230
-128
-147
-50
-28
25
-82
-18
80
-96
-43
48
-66
26
149
-70
45
185
-144
-113
66
-35
-72
-90
111
-53
139
-142
62
214
193
-75
24
38
180
-29
81
-116
74
71
-145
152
-25
-41
-36
-219
221
-46
98
50
137
-26
108
-161
190
220
-139
-80
-20
61
-37
-61
229
26
131
200
34
174
-141
12
-188
101
64
-121
73
78
88
-214
-108
-84
102
-127
92
84
1
3
150
203
130
-101
228
-12
24
67
218
-61
-74
-176
-30
-51
-65
143
29
105
34
47
34
34
67
111
70
-221
-49
-110
-48
-59
114
130
243
-18
109
-81
-205
207
119
-23
98
128
-59
208
110
115
-17
29
56
16
-113
93
59
89
130
226
-281
262
-19
140
-113
-82
-205
-156
292
-15
100
-75
-30
65
10
37
37
34
93
-264
164
-34
-276
99
102
162
86
146
78
-4
-54
-3
172
76
-90
37
134
12
26
-196
-90
221
61
-103
59
113
130
97
-93
44
-175
-15
-5
170
-67
20
131
-36
-58
238
73
245
-227
36
-184
-206
-30
147
-208
-174
-91
-188
-52
31
-137
72
-2
61
-57
204
-102
40
145
105
107
121
24
171
-2
115
-96
195
-42
-81
-272
-124
74
-34
119
111
130
23
28
175
-58
-152
-138
-104
51
258
103
-203
-155
42
36
87
138
-47
-4
4
-76
-91
-153
-226
-140
14
43
-318
39
33
-87
-57
9
-83
-285
113
13
-69
-25
-166
290
164
5
-130
167
-44
55
223
12
145
66
-4
-79
5
41
-163
134
-178
-123
-25
22
122
117
111
-109
19
-13
50
-213
194
38
-113
61
-34
240
34
29
35
-119
-99
76
-142
-53
91
3
-210
-115
40
-56
24
-134
-42
224
-162
-22
-65
-229
176
116
64
-76
-9
-223
83
60
187
47
114
-167
127
-25
-64
22
212
-64
33
-45
-3
-6
-42
-56
10
48
165
43
-115
42
-213
-160
-51
147
118
45
-194
-221
-18
-36
129
-51
167
219
-429
25
-91
143
-63
28
71
-79
-104
-32
46
-95
24
-69
-58
187
-24
-4
39
217
16
93
-76
32
73
8
91
-159
-155
-70
153
-137
140
-297
123
190
70
-157
49
-123
62
-111
11
-70
-23
108
48
-78
-214
211
78
-184
-130
-86
14
-264
51
17
-15
111
87
-180
119
-34
-59
21
12
6
205
-70
16
-322
-242
26
22
-163
-290
166
53
102
70
133
-81
-234
27
-11
-94
133
93
-166
-61
75
-98
18
-94
-32
-193
128
-137
160
9
5
144
165
-30
-50
20
-64
42
-204
-140
-28
-95
-6
158
100
-79
-172
-228
23
229
111
-51
-86
136
19
-37
-128
-320
-98
20
101
331
-94
-124
9
-231
95
-54
228
-73
33
-54
-145
13
81
-348
79
-196
51
-160
-144
-10
-175
69
-49
177
-91
-34
-109
-277
-50
-36
117
103
231
-171
-78
5
-113
-171
119
-104
-136
-165
87
21
-260
176
-158
143
-48
54
-154
79
-272
-187
-65
-12
-149
27
172
529
-301
152
129
1
-20
-148
92
-194
113
26
-116
-189
56
182
79
-4
110
-131
119
-65
154
160
225
13
-169
4
22
96
33
-175
-50
56
94
-84
84
-298
102
17
56
167
149
101
-160
-101
-128
62
11
129
-7
-168
194
-174
10
203
-157
-1
-225
17
13
-71
-124
-123
-41
6
-39
16
42
117
41
-1
-84
60
-12
-42
-41
-93
132
-188
-95
-57
116
124
-54
55
319
44
-76
77
22
240
99
86
-8
306
-170
95
102
-233
-10
81
176
87
32
81
153
-145
-94
-54
35
12
180
92
-105
125
-23
-18
46
63
-54
-57
9
-197
-188
-98
-127
125
181
69
4
130
-82
81
9
-150
210
25
158
-281
-114
85
22
44
68
61
-47
-182
108
-210
-96
-63
57
81
52
17
-29
-11
126
215
150
-88
110
-14
7
205
-147
-119
-10
-55
100
179
42
46
51
-38
29
130
162
32
-50
11
-57
46
-80
48
-4
92
5
-34
-153
53
-166
9
-51
94
17
55
-127
-81
-10
-33
92
-173
-61
-22
-25
27
144
21
52
116
86
-169
82
198
128
-50
-167
-62
-123
-68
-306
-116
-102
183
-140
-68
-342
-77
-202
-64
78
106
-245
-113
3
-28
41
97
87
-78
100
-173
-150
-234
205
-262
13
37
24
61
167
96
33
-19
-110
-154
-195
-15
57
-21
56
76
172
0
18
241
250
-219
13
47
-36
-224
39
-119
109
-58
-36
36
25
-84
-90
199
46
157
133
-64
178
313
-121
86
144
-89
-68
-74
-9
106
-17
112
-174
57
-121
-146
71
124
-85
68
93
-154
93
7
-42
37
-163
122
18
-65
-159
57
136
81
-13
43
-41
-323
22
97
-196
-127
-81
-248
-17
122
-257
-57
123
134
-59
156
-123
-191
-55
103
-163
-173
-37
-17
79
101
93
-134
22
-24
141
18
4
105
86
154
114
-40
29
-12
118
115
301
-79
-238
-52
40
231
135
-127
284
-207
85
-7
52
182
186
31
249
-15
93
71
-4
72
62
25
-89
45
156
-26
192
35
22
-129
153
180
-22
-285
-93
-209
-134
-123
15
-96
190
29
202
0
-92
-149
166
80
-159
144
209
-5
13
155
22
-1
-149
32
141
-17
203
55
-132
-206
128
-113
-176
-214
39
-103
4
17
35
5
45
125
46
153
-221
324
-178
10
-161
-13
-14
14
69
-26
150
46
57
-188
-63
67
86
83
-183
-78
92
-25
65
222
100
-62
-19
15
-63
-27
-34
-137
274
-336
182
-151
12
20
-35
36
46
-59
-57
-144
-42
239
46
156
-20
-109
202
65
-165
39
107
-126
-30
140
100
-32
-72
-79
264
51
-136
53
23
-178
141
-208
9
-6
-203
-130
139
-151
-197
-27
96
-24
9
207
57
-26
-72
4
-132
-133
-34
-71
133
-141
149
-52
126
60
-52
71
14
-154
170
208
-189
25
43
-61
237
4
-37
18
-184
-66
46
-90
-115
61
-128
42
260
122
211
-42
-222
157
10
27
-37
-116
22
89
153
-92
41
57
26
-24
121
-297
-5
137
26
152
-30
48
167
-21
-35
197
-51
-178
64
29
268
-11
-44
-1
21
2
-109
12
-52
-67
16
-40
-105
48
9
-165
60
-196
56
307
-133
8
68
-156
36
-259
-48
-53
21
55
-14
-63
-3
-47
33
-101
1
26
-103
14
-170
94
168
-103
99
-72
25
-34
-397
-87
39
56
-37
-95
54
58
43
-122
-206
35
126
46
-37
96
-139
-92
-138
-146
198
234
46
64
21
38
60
-180
223
29
115
-119
-105
-140
-71
153
18
-187
-18
-84
81
-43
-148
-28
-123
105
90
-3
38
124
150
244
-55
-250
197
180
-148
97
-13
188
49
-8
-152
-105
145
143
228
-197
-159
-46
44
82
78
-34
135
-37
-6
-27
-48
135
45
-38
55
32
-43
-73
-221
-85
-12
-51
-232
15
121
210
-77
-97
-118
38
-1
110
144
295
4
-228
0
33
27
-69
144
-44
-37
168
-26
31
-2
-14
96
-181
18
95
61
10
-76
12
87
-71
8
58
6
-215
15
-104
-36
-142
83
51
5
-206
92
175
12
59
13
-411
155
133
-66
-271
-135
106
-38
17
65
-55
16
-221
-229
191
-155
120
-207
4
-53
136
-68
-72
-103
-108
-151
60
88
146
246
-126
86
234
-6
127
-96
-123
84
34
-121
193
63
2
-26
168
-47
104
5
-105
-29
-72
-32
-255
10
28
280
90
-177
-32
81
14
-139
30
-37
-84
248
225
-325
72
45
-142
-69
-106
162
12
93
-15
215
70
-70
-123
118
-2
97
-76
-123
111
72
136
-179
-105
142
104
268
-229
61
76
-35
142
325
19
-45
109
-41
194
-248
29
-83
55
55
-28
25
18
97
-56
-305
-83
-90
94
-1
-155
-101
20
1
56
43
-159
82
-31
49
-170
-264
-18
-15
116
293
-82
39
95
86
70
-71
137
58
-91
-63
200
-39
114
143
27
130
-159
86
-47
-1
-138
-145
145
18
49
42
-14
-60
-78
-269
-83
12
-3
102
16
-48
139
-9
138
-33
74
-259
99
-58
-40
-90
-96
-167
44
73
156
88
-55
-257
295
148
-16
-86
-2
-250
-77
79
-36
-41
57
-198
-8
-198
-68
49
115
-140
-104
107
99
164
-137
98
79
-74
-111
-133
59
60
-62
-17
40
159
-122
-210
171
45
-15
84
331
54
93
226
-104
8
193
-104
163
-13
148
116
-203
-4
118
51
62
121
-125
-142
212
-80
-44
63
78
-93
208
-276
-71
41
-274
-347
-113
-388
1
-57
148
-127
-103
174
-12
96
47
-157
188
19
-235
-6
-50
-187
-58
-18
285
176
-81
-63
-62
-66
104
-17
113
21
-82
240
57
-212
54
63
50
-11
46
72
-132
-94
-236
91
-196
-83
-314
-240
-149
-242
-84
72
137
-23
267
-74
326
11
-196
34
189
51
48
-78
-160
-29
70
68
79
-198
-9
150
-172
-100
172
-99
71
-100
-66
143
135
14
5
188
5
236
-93
18
-99
95
32
221
-74
118
189
66
100
28
54
137
91
134
113
-113
164
-100
84
139
-57
-5
149
106
-81
223
-137
143
-187
201
58
137
50
32
-119
-113
27
77
42
-25
-40
-113
68
-160
87
21
259
29
185
12
1
-238
179
-275
220
17
60
13
210
57
31
13
45
-11
-56
-70
124
235
17
21
8
68
3
-143
213
26
54
-25
144
-236
124
-62
-263
-91
253
-58
-36
-94
120
22
-174
-262
-195
129
115
250
-59
87
85
-6
45
-168
-297
-86
0
105
-69
-181
-135
62
303
131
-56
-121
-78
108
-152
112
-220
71
-113
16
33
-28
-263
4
2
-141
78
30
31
-178
-68
73
206
-94
-27
1
-160
106
-19
58
-69
187
41
112
-47
-41
154
163
-88
-161
-19
-211
-316
-34
16
73
127
-66
-139
-35
-157
191
-43
-48
118
88
81
-76
124
-16
212
53
106
150
59
97
34
101
53
-118
293
107
-120
-97
-79
-91
-50
38
33
14
79
151
10
90
175
74
51
-20
77
-236
-8
21
-76
-22
-123
41
-82
-89
-89
-210
3
75
-14
-114
-65
55
-11
98
151
-145
-41
193
-106
-201
-106
-180
108
169
-36
15
24
50
-147
250
213
-241
32
114
98
-78
58
-79
-217
70
90
-17
-69
226
-56
375
76
167
-24
182
93
48
139
73
-169
-9
162
-30
418
213
77
-107
136
109
47
125
-4
110
-118
-14
-7
-40
-27
2
-116
207
-259
8
95
-57
32
207
194
-129
-3
-73
-87
141
-31
-39
-9
-49
67
-121
72
73
-95
105
22
-106
232
-30
63
96
-76
-113
-249
107
-2
47
31
73
-91
-160
-41
-166
-173
-37
-246
-190
-40
-7
-126
-57
-190
-3
-107
111
6
118
-136
19
-136
-18
-99
-182
-83
200
57
-80
-77
68
31
-78
37
-25
86
66
-142
55
222
143
130
-134
-8
87
-55
237
-114
84
55
-172
102
-86
-120
114
34
52
193
-107
-94
-42
86
144
89
-16
98
-44
-16
-153
44
50
-85
-141
112
-89
-4
-13
160
-76
45
-174
43
-39
-76
125
-122
201
31
72
-133
46
73
177
-99
82
127
-172
35
-192
-54
7
51
-25
131
103
68
-34
197
28
58
-114
8
76
-203
-122
-143
36
188
-61
51
-20
65
16
159
-37
-146
258
35
-294
-158
-6
-154
-191
-64
1
101
66
130
-93
55
-232
-35
260
-3
81
167
-86
-28
-32
-124
-190
64
171
187
18
112
75
-128
124
-113
-226
-63
63
-93
119
-125
16
-39
16
80
-4
-39
11
224
209
94
58
-184
-64
119
259
-51
92
3
-83
126
-51
-85
-75
-55
-101
-171
53
-119
17
21
84
-22
-66
134
-228
-73
-212
60
-52
24
14
-1
-107
104
262
10
-6
176
-129
134
-13
82
29
-22
230
72
52
-183
143
195
122
-170
110
-145
78
191
100
-129
-57
-172
12
193
105
-64
177
81
188
-124
-68
-136
9
134
19
36
-44
249
-266
-42
-159
101
41
-176
-107
-82
-109
-108
87
28
55
23
199
166
-35
-17
113
26
-206
-17
-201
-11
149
136
-22
148
-209
260
-249
56
-161
-91
-47
-5
-54
-88
-56
-15
13
-87
-95
-28
41
115
115
303
75
139
17
-67
17
69
-167
163
132
97
-93
302
127
-121
-75
136
-203
231
-48
148
-33
112
48
-44
-74
-71
244
38
153
56
-317
54
91
-30
-159
-96
78
110
-14
164
-91
33
-3
-80
-105
30
172
248
-23
14
55
-131
-50
146
-43
-143
5
-27
28
-30
-8
100
173
27
-26
-69
30
-118
-44
175
12
-37
-135
-8
40
-138
51
-194
78
-44
16
336
-77
-69
-59
-18
-11
69
132
-188
53
118
200
72
56
-38
-75
-79
18
-86
183
-165
156
167
-176
99
86
152
-133
58
-11
-86
64
31
9
135
-182
-62
-117
116
-51
-173
-99
-50
-53
-140
-51
203
-271
151
-13
186
54
24
56
91
-121
-51
146
-72
80
-51
-33
58
-57
51
-36
37
1
114
-187
33
189
-148
74
0
130
79
-71
246
56
8
-5
-177
48
171
345
198
146
-10
-15
-65
37
24
69
-58
220
-54
5
54
-136
210
81
0
90
68
220
-107
-43
111
66
-127
97
-154
-126
-45
95
-85
105
78
188
-192
-127
30
-192
-16
-57
67
138
-59
32
-125
-111
-107
-12
41
-44
-133
76
-32
-182
-50
-27
170
116
235
-90
63
223
-74
108
6
-271
119
7
-157
-111
-28
35
-179
-87
133
23
-173
114
148
-114
-18
59
212
21
-131
62
-29
-183
21
167
105
22
-130
159
18
-6
30
65
-66
95
-26
99
207
53
-11
-106
110
72
-38
126
132
-191
-6
-120
-159
-85
8
-15
43
-51
-45
-113
-72
14
51
30
-194
170
-125
-102
82
-24
-33
56
0
109
-101
215
32
-95
-26
-66
-60
9
71
-160
-13
-12
29
193
-40
114
86
166
-77
-246
109
-62
-179
235
96
-2
39
154
7
-104
13
-123
35
29
106
-106
-94
29
47
177
-6
75
64
-55
11
82
-91
119
-105
116
-135
134
153
13
227
-57
116
27
-105
18
52
-62
106
10
18
-90
-150
-53
52
115
51
250
-128
-27
132
144
10
107
5
-203
162
-211
54
37
271
41
-23
-108
156
-169
-86
234
177
36
-210
145
26
33
33
-33
-146
289
36
-13
-85
103
-29
-71
-69
-164
30
-204
30
193
-15
89
106
16
-91
218
204
-112
72
-65
-86
12
-77
2
-34
-98
-128
121
-53
-131
40
4
-107
17
68
57
-96
-46
-76
-120
25
63
-47
-150
66
92
-27
111
70
109
-33
-29
-67
-63
-58
347
-68
-44
128
34
-26
92
-42
69
147
-28
-145
119
137
87
114
219
92
19
-25
-47
205
-23
174
-47
39
64
-13
-112
-18
-90
59
39
-5
3
186
-177
-204
111
47
145
-125
169
-59
14
69
223
-28
-206
-138
-115
75
-63
0
-143
-60
115
22
124
-2
163
-51
86
83
-148
141
-75
-56
59
-34
143
-4
14
162
-237
-169
-18
-153
50
12
-95
118
75
23
-69
-168
157
-38
-230
208
-259
-87
-59
-64
162
153
-57
159
86
-56
-120
188
-148
-14
-89
-12
-47
96
201
-65
-30
-26
-29
265
159
-112
-79
-72
41
-127
-87
-49
121
-100
-78
140
39
-142
-85
-131
-207
90
-202
-111
-144
259
-286
17
-108
-47
87
-92
-3
-83
90
-25
127
-40
119
154
110
-53
165
44
-77
146
133
151
100
21
21
81
288
-149
28
262
-47
-220
-96
-253
-40
-80
-68
-90
80
254
53
-72
-5
-122
155
37
-53
28
217
-52
38
-112
293
109
273
29
255
-1
131
-63
-29
117
218
-65
28
27
199
-129
-110
-119
-271
35
-19
149
45
7
233
-85
-84
18
178
-69
108
-15
-74
162
180
-115
-176
100
-73
-242
-215
143
12
292
6
125
107
82
180
-32
-42
-112
27
143
25
5
-26
121
-150
75
-4
138
113
-16
-66
115
17
13
72
116
-94
-17
-65
63
114
125
203
112
150
-76
89
27
68
38
-101
-95
94
132
53
-72
0
110
51
130
-129
-183
-21
5
-233
125
150
-28
191
-253
-164
225
-3
88
-248
-108
-175
-45
33
-85
70
-5
-27
50
-231
-144
23
-188
-196
50
-6
17
6
-131
12
-84
6
39
-53
245
-32
-116
60
104
65
-265
15
-28
-138
178
-28
127
61
-136
245
-131
-58
-38
168
-103
-81
-21
-41
-106
142
-204
150
-119
-20
-18
92
-36
-173
63
-342
-263
-250
-121
67
130
46
138
1
-274
216
-29
339
121
27
-103
-6
236
-223
79
96
-74
43
-74
-19
145
215
-44
-250
-105
-167
32
-37
-54
61
124
-136
72
-23
203
-184
-3
-127
107
-28
-5
166
-51
-136
450
63
116
74
-43
5
-94
37
-217
37
-72
7
5
48
-280
11
7
45
93
-211
-104
-59
-71
158
60
144
-168
79
-16
212
-105
171
-45
5
121
182
11
-93
252
-221
-194
52
-79
-167
15
-165
-63
-31
-88
162
-86
79
81
-31
-64
45
-29
-48
62
-110
-100
-48
241
-107
-119
0
61
153
-72
40
-5
-142
-114
-124
131
174
-102
-82
59
-66
-61
105
-149
-50
155
-131
-58
-43
48
40
-221
-196
-195
64
-40
-70
157
128
83
-90
0
69
-206
257
157
11
121
3
2
17
-305
105
26
-170
-80
-172
42
-133
80
78
-33
19
6
308
-236
-20
100
-18
-25
-27
-47
-177
-104
112
-68
300
9
-108
292
-231
-46
198
38
-150
-19
-63
-279
-15
56
-196
29
116
-120
-133
-9
35
340
-73
38
103
-9
-134
-94
118
72
-94
-259
18
58
-91
79
-23
3
-232
185
72
46
-64
76
107
59
44
-26
19
4
149
146
-86
-27
51
-62
238
-134
29
101
-77
-145
181
-160
114
-134
-10
21
2
-142
-82
35
2
229
-115
-55
-100
88
-75
-168
-99
-185
41
1
91
131
5
35
31
12
85
36
-145
-207
-123
114
-24
102
-28
-236
197
-80
-96
19
7
49
170
-61
53
-101
-42
104
31
-173
-30
-44
20
-8
-7
57
45
237
29
-59
-80
42
-20
118
77
193
153
-194
-55
-67
113
-131
-91
27
-53
-138
66
-122
80
-211
-54
-78
24
-91
-29
27
53
24
84
45
50
19
1
17
-120
173
172
91
-154
32
146
158
-105
61
-237
-168
141
-84
23
-75
-93
63
109
-69
-11
-7
102
57
153
86
-107
23
-20
-90
147
259
-288
17
-35
-109
245
-184
79
-186
-85
165
-61
177
102
52
78
193
-80
-13
24
-69
-63
-26
134
45
-89
-43
91
72
-40
-63
-110
-30
123
94
77
-121
15
-131
-116
-81
145
-49
176
92
-17
-48
-22
-81
-27
197
-62
35
-82
120
-28
-2
-224
-5
-74
-8
-24
9
71
106
-158
72
-59
-44
-250
-46
-70
0
-55
-73
107
20
-24
101
65
123
-116
-11
-93
11
-328
-29
-1
183
-184
-49
-16
144
-71
-107
-12
106
52
-31
97
189
163
-198
144
66
105
7
51
-39
-1
-34
-195
158
9
175
65
-42
132
4
-129
-82
-47
24
144
36
-334
41
-78
203
179
-187
18
19
17
-95
-47
-57
-1
-42
238
44
140
-169
-62
30
111
177
-209
24
132
63
167
-281
-56
168
-106
-120
-42
91
3
-2
-66
103
-93
165
78
0
-25
200
61
-45
-12
173
60
21
-31
-70
-214
152
113
87
13
-179
76
164
-133
-221
-123
91
-39
180
184
105
5
-25
-58
-287
-117
-50
-71
-26
2
224
291
51
-12
-29
25
-76
104
-222
142
30
34
65
-26
23
-29
-37
-118
-30
-98
-2
-41
-191
-127
38
62
1
-153
-44
-154
74
55
-111
-88
120
212
56
-43
40
159
-50
50
76
4
-77
109
-12
-408
-124
-107
13
140
-47
46
-1
156
-49
-50
-142
-14
-62
77
-156
-125
-28
116
45
-45
157
139
199
-185
-63
299
105
100
5
-122
44
-82
281
35
102
-145
-210
72
-172
-270
-147
-45
-127
-84
-252
-60
69
-59
36
29
-61
-26
-206
-136
119
106
315
196
149
-2
-118
-34
-50
-132
211
105
-42
53
-45
-1
-149
-46
-76
-45
67
125
-258
-252
-163
143
-331
-106
-117
-124
35
-35
176
119
83
-17
8
-165
-294
223
104
-56
104
24
25
-242
154
196
114
168
41
-68
-32
-71
-17
-1
-22
75
-267
16
-22
149
-36
108
126
15
-47
121
82
111
83
-11
40
-173
-8
-27
-133
-7
85
78
-235
6
-52
213
179
40
-7
57
-138
131
154
-45
13
80
65
-90
-178
215
-44
-193
243
105
-132
-32
-59
88
42
69
158
190
83
-74
60
-155
-61
263
-73
-76
84
110
215
-13
-17
-9
75
-10
14
-176
-62
-125
-97
4
-120
199
-85
66
118
-83
-136
12
24
-128
43
151
-95
161
-80
-55
254
53
-7
28
54
-83
-278
66
-62
-201
6
59
-136
-92
92
-67
-25
23
-47
1
-102
117
66
51
-85
-96
19
105
-105
-77
-198
-64
-14
-63
-23
106
-29
-35
-102
56
-38
71
102
32
-80
73
-11
-10
-29
-102
-185
-125
-94
-253
-27
23
83
45
90
80
-152
-59
-34
-46
-1
81
91
-71
55
135
-169
120
-224
83
-80
-44
51
127
112
-87
64
96
-17
19
81
-16
-274
184
-63
142
-145
98
13
20
-227
116
40
-136
-26
121
93
-29
60
-45
61
4
-59
98
152
-79
-345
-56
31
126
109
-46
28
140
170
47
-167
-191
-23
-59
68
72
-107
-343
-187
38
-192
94
114
115
-16
119
-169
49
16
202
50
122
-154
17
33
-168
191
13
-240
1
5
73
-104
-67
-40
78
114
31
-23
119
65
65
-28
79
-22
-127
78
216
86
-57
-12
209
388
32
132
-78
41
-60
-21
-52
-68
-6
-98
-1
158
88
-68
249
154
-112
-103
-15
125
329
336
-26
68
-8
109
-13
-62
103
242
30
175
53
106
3
197
-13
167
-189
4
-73
35
15
-15
-72
23
-114
48
190
172
48
56
125
101
73
-11
-53
92
150
175
66
67
-54
-32
52
-20
-124
47
16
292
-20
63
-115
114
143
-54
320
-233
-17
-101
25
-94
-33
-134
-135
-183
8
-430
123
-49
132
-71
-19
37
-51
111
-123
-117
40
-67
31
-42
13
-89
-101
75
50
-271
-50
-44
-33
26
41
-70
59
-180
-18
49
120
40
-330
-182
-176
-128
2
33
92
137
53
-21
34
-213
104
-44
-129
29
-128
101
-60
-43
122
-208
-337
211
-103
-69
44
-150
10
45
120
-75
-92
146
19
-204
-109
-96
-153
-138
90
-43
72
-31
-209
73
-105
139
187
-73
-135
-104
42
64
55
-115
248
164
22
80
229
-122
-72
-52
171
-112
247
39
-122
129
-196
134
49
-181
83
-194
-62
-65
75
-57
-25
87
-108
186
-14
-24
-131
44
-58
-257
-56
-124
-42
-16
-43
93
-153
-143
-44
-19
165
-70
-1
-209
85
17
24
-14
16
-139
-8
88
-68
-84
23
-167
262
43
-74
-2
75
-141
112
-179
107
87
-120
-35
-255
240
2
-35
-86
26
-33
156
14
201
61
-98
198
-168
-43
19
504
-230
48
-179
251
-132
23
108
112
63
-159
134
182
-115
106
34
-8
26
131
68
83
72
-114
-79
73
126
-80
-273
94
-73
-105
49
-57
-92
84
-103
-185
3
-183
-95
125
-29
-184
90
-114
171
-47
26
149
-202
69
24
307
-136
10
-124
-16
273
-98
80
-73
-50
-45
15
93
-152
26
-180
-26
-18
46
-136
-53
-34
109
-96
-1
16
148
70
-48
143
9
-81
-79
94
-194
103
-32
-75
-81
18
-52
-149
-128
-74
-71
-8
235
-40
269
47
-166
85
178
21
28
-25
108
-19
68
-146
-31
15
22
31
-133
14
56
-97
43
236
-87
-29
1
30
-26
-124
86
-141
-197
-87
-37
-207
-82
-27
-80
-195
-119
-34
-223
81
-93
99
-60
83
-231
-97
-125
134
-76
-136
-36
-146
-33
-258
-86
108
-182
16
-222
-99
-152
-126
-167
99
64
-97
16
142
-180
71
-66
51
4
107
-238
77
-104
82
9
-127
73
54
109
109
-50
174
11
-36
242
133
71
3
-193
-119
130
-101
-171
90
106
-84
90
114
-60
-262
-181
50
199
47
116
-180
-58
77
-230
-66
135
-2
-105
-134
180
112
114
-107
-6
67
-1
69
-19
-9
45
-23
176
-11
57
33
4
-39
80
-171
64
-56
184
9
-27
144
99
-12
-116
234
55
-71
-84
162
166
24
40
-160
-106
128
-91
124
-180
-130
-143
-92
84
-126
255
-33
135
65
204
-80
-142
-55
-84
112
41
151
28
60
-119
-81
-50
-113
93
-74
-10
42
-10
134
26
-90
-29
170
186
86
-100
205
19
85
-75
34
-191
-136
206
84
-89
-109
233
13
56
325
306
187
151
-232
-307
2
73
-223
187
-76
-44
-118
-38
25
44
-93
-84
-109
81
73
-224
-147
74
28
-84
-58
18
79
122
35
142
15
-201
74
-136
75
57
-86
106
10
53
109
9
-17
152
116
13
48
-39
6
-253
4
-11
-9
3
-43
-106
118
96
-61
236
-53
68
-43
126
132
1
153
2
19
107
69
0
52
-170
-145
77
162
30
50
5
-259
117
-64
-116
-26
61
25
-178
-20
6
-203
28
-18
192
-156
-97
62
-104
85
169
-17
29
-30
30
-95
-111
-247
-48
-58
156
-56
189
266
-29
161
-149
-26
37
248
84
-46
198
-57
6
-139
3
-114
-57
214
3
-66
-131
246
-54
7
149
349
0
264
-103
122
5
159
219
176
-49
-112
-52
-356
84
44
-85
-6
113
-53
164
18
77
-157
10
-52
62
-6
-113
44
-118
73
-268
141
-3
-107
-44
-247
68
-165
-19
106
-91
-177
-59
-69
-28
-136
91
-97
-194
149
64
138
-165
1
-47
212
77
14
122
23
87
-233
-64
-96
-18
25
140
48
202
84
172
-24
183
-96
-94
-17
16
-130
-140
-49
-46
147
-34
-11
97
-79
19
-131
140
-33
19
135
-201
-31
-42
-66
70
-1
-120
55
78
235
103
-169
-224
47
161
-55
-243
26
-296
-81
112
12
-16
-102
-18
128
-9
-52
61
233
53
176
38
250
-133
17
-116
247
-187
-35
-135
130
-116
126
57
13
106
15
167
-68
-169
57
-226
-17
59
170
-128
-72
-172
107
-239
-109
9
116
83
91
-167
13
163
45
65
48
147
-40
82
-5
-128
-153
-168
18
82
-104
-68
-138
-134
156
-107
174
-49
9
-140
-75
64
6
-59
-92
-68
244
218
120
-23
3
-123
151
97
-191
23
124
35
-45
165
-28
290
117
-12
-133
-5
-231
161
226
33
48
-59
12
24
134
300
112
99
-45
42
65
-267
-197
-176
-118
198
-101
46
9
-182
-202
-5
77
76
-56
-52
4
63
-132
28
-24
-123
45
-33
-94
63
-51
-2
-263
38
-69
42
-77
37
69
-237
94
147
-150
-115
-45
-20
-37
-14
-13
-205
139
8
-48
102
27
0
80
204
-83
151
-281
-101
88
-72
7
-48
41
12
-167
-58
47
243
-167
51
-25
-64
-51
-206
225
-73
55
184
-5
-67
-43
66
-44
-80
140
48
-104
-79
-85
79
-84
-6
-88
-81
104
115
-237
-18
-91
-31
-55
-127
-121
15
129
37
52
-125
-292
-89
101
66
-66
-8
161
-99
-245
83
-185
67
111
100
22
-40
-15
-33
-69
30
85
-56
-37
-16
53
-12
26
62
25
85
90
22
-159
20
107
-31
87
4
11
-47
-100
-76
15
-86
-36
49
129
-84
-250
2
202
40
-43
65
115
-79
51
95
-73
74
130
121
-65
-216
71
10
-52
-88
-6
50
28
14
-51
189
-232
-54
-181
49
140
-154
122
82
-18
-71
-153
28
185
-96
-8
130
10
-167
58
-88
43
8
-20
-36
-202
126
101
-164
-167
-1
120
33
73
-68
-195
3
-39
49
-60
25
-59
-12
119
-171
19
63
89
17
-41
-111
279
21
1
-177
-135
201
-197
18
165
102
-62
280
108
-164
-82
86
-48
20
121
40
145
-118
42
-134
218
-217
85
65
102
-112
-95
-186
-54
110
11
-64
-59
-28
-41
121
-246
-108
44
-41
-6
-7
-23
82
-137
-114
193
-54
-15
254
383
-235
-40
76
-58
162
5
46
-181
12
169
42
-367
-144
-104
-78
50
16
39
65
29
28
128
-305
27
-51
-73
76
58
63
-100
34
-147
-170
-122
-265
-209
4
-55
131
189
-214
-83
214
130
-81
-78
-146
43
105
-210
-2
-94
135
8
-108
-166
-93
-139
-23
100
47
254
26
-29
12
-2
98
-44
139
-130
-92
-104
149
-201
-64
-131
-21
-176
-15
184
-12
-15
-4
105
-33
194
91
-21
-70
-20
-114
-96
118
-51
41
209
-84
-249
29
65
-7
92
30
-95
-74
-87
-78
62
8
-70
77
-43
139
162
119
163
168
-77
182
-104
-38
114
71
-235
-80
-70
-8
-164
-44
45
96
41
-151
-44
-96
-186
-56
-94
131
18
160
-206
-68
23
-109
66
38
-24
-191
-18
147
133
-60
-42
111
-42
29
-23
258
309
-139
-116
4
-208
-45
-163
-122
-155
126
-60
37
-109
-10
-158
9
-43
11
143
191
-54
18
53
10
-247
83
-119
-240
-81
-250
170
86
-14
-98
121
33
6
44
-65
51
120
40
-38
37
66
-43
-41
-31
155
-350
126
-31
29
-43
89
-56
-292
-36
65
90
83
128
98
-30
59
208
60
-116
-97
-51
-140
65
-254
-166
-62
23
25
78
-1
67
86
-92
-10
-131
-75
268
-214
-28
-37
-44
26
-221
100
65
34
35
-120
-158
67
-54
-82
80
-137
58
187
149
67
8
70
158
99
32
126
-356
171
-24
83
-211
173
52
173
121
-183
-206
-128
76
-100
-120
218
38
-220
-48
-165
106
-87
-99
-17
-94
-152
-305
65
115
-40
87
-244
-16
33
33
-121
-47
-43
-98
-101
116
125
66
119
-68
71
-121
99
38
86
132
103
65
-323
185
287
171
-113
76
24
194
-79
-105
298
197
31
-6
135
-88
58
179
77
67
12
56
8
-397
-24
91
-305
-401
-115
82
171
-408
-59
-189
-19
351
-69
114
26
-113
-119
53
89
-232
129
-217
57
-5
-163
57
-174
-103
33
-35
-34
105
215
-83
-120
385
59
-84
55
-79
53
-113
46
84
-122
-23
-112
20
37
-109
-48
-71
-242
76
64
-15
112
105
102
176
253
31
181
79
130
172
17
-146
11
-59
-43
79
-61
-49
193
-129
39
-152
-109
149
95
190
-41
-195
-177
-116
-77
-13
163
8
30
167
-76
106
147
-39
37
12
-48
-121
75
24
58
36
26
-7
60
136
-67
-74
43
27
-71
-72
-7
-129
31
-154
-98
159
36
-13
-85
35
171
-161
131
-136
206
-79
-71
-1
161
-3
39
289
-36
48
-64
34
-40
-180
48
-79
181
-207
123
6
-33
38
95
-37
-122
88
74
194
77
111
-226
-85
307
70
72
59
-5
-2
12
141
-97
-52
58
87
44
-165
98
70
5
-38
-252
-186
79
-76
-93
38
141
-7
-47
3
-25
-104
-138
-70
-25
31
-70
108
125
-72
-124
-65
-36
72
-80
66
73
2
255
-261
259
-154
-131
-73
2
-225
101
-230
-140
120
-130
-163
-57
-99
45
54
-121
63
-160
4
101
-102
-39
63
-28
3
-344
8
168
191
351
83
-104
-113
-101
80
-8
137
-44
-15
-189
66
187
179
102
-95
-272
-141
-170
-8
35
-35
-12
90
-59
-115
110
-145
-6
-77
-22
-45
100
223
-37
-109
78
-79
-190
-54
-104
12
246
-86
40
-110
-78
-63
-14
-75
-127
36
-61
78
76
-151
-44
-54
-27
177
67
319
147
247
-65
64
28
143
-36
42
-11
-139
30
-47
237
-141
50
147
9
72
165
-108
-142
66
-1
13
-10
74
207
-125
189
279
142
-79
-215
-113
79
-34
57
80
-113
6
-17
39
65
47
48
-229
-87
43
38
251
58
-51
19
86
144
93
-23
1
-15
-301
-95
-38
27
26
40
109
-9
212
-93
-166
-22
-110
19
-115
-4
-61
-324
-117
98
30
50
-85
-224
-48
167
-13
64
35
-133
71
115
170
165
140
120
-98
95
-230
-213
106
-25
-80
29
-46
123
-3
285
218
108
-13
-17
-108
95
-83
-158
132
-58
58
91
-21
88
-75
-12
0
196
102
-250
-99
196
59
-88
-125
-73
-125
-127
-147
93
-320
68
173
43
66
15
-161
-16
92
-228
89
-67
70
177
-94
-68
154
-49
-8
60
120
-35
56
-118
75
73
98
107
54
136
81
-22
-189
-35
-80
-67
-184
-206
25
24
55
-68
100
-79
-60
-103
156
164
134
-25
-228
-185
-32
-253
71
-173
169
128
2
-4
50
-53
-6
213
123
101
-18
7
99
-103
165
12
-30
-45
249
-25
-43
25
222
-17
45
90
27
-11
55
-13
124
8
37
28
-14
-189
165
-14
51
8
143
-130
73
-85
80
-101
98
11
108
-117
158
-42
5
48
127
-48
13
-192
65
-226
169
15
-56
-63
-2
83
-209
9
-77
85
37
45
57
-45
136
102
-107
78
-167
54
-136
98
172
89
-67
4
174
70
-114
-29
-135
-80
79
-60
-297
164
29
-200
-151
-70
-114
3
26
-19
-124
-11
-87
-5
160
96
-120
-63
124
-26
60
-4
63
16
-37
23
-97
-88
46
143
-153
-226
-50
-37
-143
-38
94
-4
110
28
-18
59
-165
64
164
-3
129
219
248
-142
-41
224
-166
34
115
-167
94
-121
74
-194
-106
-174
15
324
9
-157
60
26
-34
66
89
-67
4
-47
123
-164
-52
102
1
88
116
167
-31
-31
-270
-240
219
127
237
-57
12
-70
154
-143
84
-43
138
188
143
-32
42
-68
-205
282
-207
-32
148
-182
142
82
137
89
35
127
-31
132
-30
-175
-41
-21
-54
102
28
-146
-54
141
-64
16
-76
-176
-196
-118
-29
250
81
-80
-217
99
52
-145
-110
3
90
142
17
137
-10
152
-32
195
142
166
71
29
83
-74
-13
-126
58
-15
85
60
-110
250
51
-44
112
32
9
141
192
94
-92
-19
86
-140
-40
-107
75
-9
131
-111
-19
167
60
-201
289
106
210
-56
12
-53
-41
144
-7
38
215
-10
131
-196
203
162
134
139
-153
124
-7
59
7
-114
-25
-65
-28
488
-109
-40
-76
270
-24
105
58
59
-61
154
58
212
-20
214
43
-53
140
62
-1
86
120
311
300
-358
279
235
104
-233
10
-132
-215
-48
134
-151
89
97
-98
-112
206
-81
-76
4
-102
-221
-17
158
23
-11
-96
-223
-18
-267
-98
127
-34
-198
105
157
103
-221
-157
-16
-81
-129
62
-105
-51
-15
11
-85
123
-36
-2
-10
248
14
-269
-119
27
23
-89
28
-165
-103
-179
4
-90
-108
64
-81
-120
-163
36
42
131
90
261
-60
220
-96
153
116
-101
-57
24
-244
-5
356
127
-199
-107
65
-38
-90
67
-131
-16
22
336
86
136
22
43
54
10
53
2
-114
4
-85
20
-171
205
-11
39
-71
184
-225
76
-103
13
-81
81
-12
250
142
268
-4
-90
61
146
124
-140
-248
-126
-10
31
66
39
10
-139
-36
-59
-50
144
-31
211
-23
-88
-68
0
128
150
74
155
-20
-80
10
-3
7
-193
-78
-65
-41
41
128
-35
38
137
-24
-40
-11
-38
163
-189
-4
-257
-235
-183
195
58
21
-227
-10
88
-88
115
166
139
270
142
-192
105
-157
-63
-52
-134
-37
-180
303
114
219
87
26
-17
78
63
67
-11
37
105
69
14
-63
-51
-17
-24
119
92
25
60
-131
3
154
-31
-81
34
-89
139
-75
124
31
97
157
6
-84
123
-67
119
78
-58
92
85
-172
16
-53
106
13
-1
2
-242
17
14
122
-80
-6
-2
212
125
49
153
104
105
203
42
227
-145
-93
-46
-85
13
41
233
87
-56
-94
77
9
-52
36
13
-54
-111
40
73
28
87
28
72
-195
66
-11
45
-121
-109
-98
-226
-234
-179
46
-84
-150
-64
-180
149
-11
-262
169
103
50
-42
-57
12
-36
-47
-77
-3
-221
-56
-205
94
-124
47
168
71
-34
119
214
-111
-35
101
162
-211
176
-111
54
24
-11
78
-48
-24
170
52
291
40
176
-63
-185
114
133
79
-44
-149
105
186
-241
47
-264
-159
73
25
40
121
-41
-143
29
-251
-196
140
79
49
-39
7
85
55
36
70
-102
82
-5
104
290
-39
-82
9
-83
95
-108
-150
-134
143
84
133
-33
-13
-1
-39
-255
-133
258
-41
71
185
-21
57
-12
-47
66
-27
14
43
-83
-341
-66
112
-150
125
-221
-230
-111
30
131
-22
-167
-59
-169
-143
126
-310
92
71
59
24
139
84
-196
151
-162
246
95
-105
13
-80
-38
378
-41
116
-19
16
-15
270
-28
-53
44
-175
92
-154
-45
-63
-71
-55
62
184
-13
6
171
92
0
-2
-60
45
9
-13
-13
-81
-159
-134
74
42
21
31
-303
-122
-62
-46
214
40
49
68
-103
32
183
99
8
192
174
106
13
60
31
68
107
-78
-105
21
85
-150
-140
184
-109
-123
-137
257
-87
11
-24
-121
-146
178
222
31
4
-114
29
-220
35
-47
15
-30
65
-75
-116
100
-191
-145
-26
-97
-172
50
-116
60
-121
-52
25
-247
32
-260
149
36
82
31
-144
-262
35
-21
99
-102
181
30
47
-37
-2
172
110
116
65
75
35
-33
-183
68
-9
120
133
47
-27
-51
53
-78
-209
-278
-34
104
-85
-65
-18
27
64
-29
-127
-230
-202
-75
-109
34
-95
-42
-11
181
-152
-83
-295
27
-32
-70
240
115
19
-85
112
-386
174
43
210
-166
-22
64
-98
52
68
163
-287
-208
-60
-3
-165
-84
71
88
-78
-138
-165
-208
107
198
88
-210
-68
-90
-128
-34
37
107
4
28
66
3
-243
196
-61
-112
104
15
75
117
-211
-134
195
13
-115
-9
-43
30
-29
-98
6
-199
-49
58
120
-24
-30
194
64
-175
-172
204
-76
109
260
145
-153
64
40
2
94
12
107
-104
4
117
108
24
-44
213
-133
269
110
133
109
83
-140
127
259
51
-63
18
-119
70
-173
-51
9
-30
-97
69
70
183
-128
57
-31
35
18
-129
-106
117
78
14
-80
-80
252
-258
-41
-143
-150
-124
-24
-142
71
81
74
-34
-18
-19
-64
21
10
-41
85
61
-20
-139
201
-178
-247
-7
3
-81
-52
87
160
115
-91
173
100
133
-131
190
56
-54
5
147
116
123
-12
225
-34
150
176
50
-208
98
-118
-180
94
23
-27
-57
-265
-112
-46
-138
-91
-138
22
113
-23
-120
88
90
-119
92
-106
195
-81
-122
-110
56
-118
132
-15
-180
20
-223
-86
-6
-38
84
-252
196
116
-100
-114
30
12
-50
-1
-79
-10
109
-51
-19
129
96
20
150
31
-21
17
24
-101
-208
-52
-23
66
-54
-53
111
5
62
49
175
-60
-64
130
-113
163
78
86
-93
8
12
-72
140
54
105
-50
111
129
-72
-208
62
-89
-42
-24
-55
199
-85
66
-119
62
-133
-125
99
-109
-5
41
-33
21
126
-18
-12
-106
-55
106
-167
-200
-121
187
73
-22
-7
-45
-41
-199
44
44
-74
-223
14
-98
-72
-9
76
-217
191
-145
38
50
11
-49
-15
-80
143
31
68
118
-39
166
-17
43
23
-130
173
-50
22
208
-134
52
106
6
-54
-139
-271
100
110
-105
-189
-141
184
51
102
183
-95
-199
-101
38
32
65
96
-34
-39
-101
-152
-107
-16
90
93
-65
-110
-113
-24
-67
79
45
-53
171
174
-200
234
116
61
-46
-63
-242
107
69
242
215
3
-240
-20
-187
161
-217
93
-30
139
-6
-189
-293
-121
95
106
-35
-46
-123
220
-31
125
167
125
22
120
155
156
287
-130
174
-125
169
159
-84
-63
57
-148
124
131
94
167
-54
147
-50
78
45
-13
184
88
-122
50
-32
72
165
-191
-99
26
-154
2
1
42
198
58
-77
-171
-53
-212
7
-137
45
-83
-17
87
8
-132
-3
-82
1
251
178
-134
179
-162
296
202
194
188
51
-75
62
-155
300
-11
-30
181
292
-139
219
1
-90
32
210
6
22
-150
87
86
2
158
-89
-61
17
34
107
263
-267
-67
95
192
36
-99
-46
-36
-146
45
-172
-105
165
37
-35
-86
128
-221
67
-44
206
-43
26
-64
-6
-122
-37
-136
38
-90
54
45
-5
-79
-93
144
44
129
-152
54
62
134
8
175
-49
9
-138
35
75
13
82
-62
-99
171
-139
-95
72
-105
56
95
30
261
-147
-14
-61
-330
82
373
124
158
10
-135
-56
-164
-15
-25
-47
-10
-75
81
77
-22
53
-139
-184
-49
109
-233
-96
-166
-273
1
-157
83
-287
-152
59
194
153
165
-13
128
-73
-93
65
121
125
21
41
-98
68
-132
69
-118
218
28
-5
-332
-112
-49
-53
-11
54
44
75
45
60
95
62
227
-64
-37
102
7
61
44
-86
35
113
60
-204
-186
-11
1
85
-45
98
201
-175
-140
169
119
75
-92
-28
34
33
51
24
-216
192
-169
-90
25
174
-35
117
-153
-59
42
133
155
-173
60
-231
-64
41
56
-5
-182
-74
-1
-118
52
-35
70
167
-24
-96
-11
-62
-37
177
-27
-114
197
80
-169
208
160
123
-24
92
24
126
64
18
-54
-88
-234
96
-37
47
149
192
-47
-6
86
-25
-81
-3
124
159
28
224
-125
155
-100
-188
-43
-68
-104
88
-20
17
-34
-29
154
71
-39
142
130
-56
165
85
47
-31
-93
26
45
11
49
33
-6
7
-70
72
-162
131
-118
111
195
-168
79
-7
167
-9
-25
-173
-10
119
-155
-192
-215
-45
49
-3
-36
182
76
113
75
152
-286
-150
74
196
-300
-99
-127
179
-27
-166
163
-23
-14
-44
-191
1
-164
-67
-90
36
-101
-51
-46
20
211
-125
151
49
-11
9
-15
136
139
165
-79
-14
-137
-63
-36
17
5
-101
-4
-47
-29
113
101
64
205
166
223
135
36
-129
-14
-101
-60
99
151
-42
137
-194
-17
-204
212
-31
-121
205
102
-65
-4
146
-67
-113
-14
37
-128
115
115
19
79
131
-62
131
353
6
136
41
-70
-144
-93
7
-163
134
-131
-110
69
83
-20
-33
164
56
103
-130
44
-3
-184
57
-79
-156
-88
-143
13
179
3
32
-112
175
-104
-91
85
-218
150
-43
32
196
-100
156
38
-135
57
267
17
94
-74
142
-140
-17
-75
-19
-158
199
81
98
-128
143
11
83
-34
215
47
-156
54
215
101
33
15
44
77
205
-199
118
46
-113
15
130
-93
-45
-34
201
46
-85
-320
225
-80
-79
-196
81
57
144
-177
107
17
-339
36
93
210
-60
221
214
-120
4
28
-136
-128
-159
-27
-278
-66
99
-136
-137
34
93
-82
129
69
242
122
-1
76
2
9
-99
58
-157
105
82
-36
37
-259
-201
-120
-74
-27
72
85
30
130
-45
-124
63
32
-43
120
-104
-114
-55
-131
-201
33
7
6
42
-233
222
43
128
-55
-83
57
116
-75
197
-50
3
194
-199
204
0
-186
-58
167
-16
-24
-60
-140
-11
105
-124
102
36
-58
232
-43
90
109
270
-48
108
-56
-25
-51
148
21
-102
-52
75
-101
35
-12
351
94
-142
-116
-15
105
-27
-21
91
-112
96
-22
154
-301
-55
63
-120
-94
15
11
10
-137
75
-52
32
-205
-160
-49
-99
-325
284
-19
-25
-55
-128
65
-48
28
-253
-127
-107
91
220
59
195
64
14
76
68
12
57
122
148
37
125
296
23
-36
8
27
67
49
-192
-95
139
113
-26
83
134
142
-123
-310
-53
-234
9
-3
-28
-94
-78
-131
-80
184
70
71
307
109
12
-55
97
83
73
-227
-189
-11
-15
-10
87
-1
-199
-119
182
-72
217
-89
209
-9
-121
98
-45
238
-133
-34
-234
66
51
327
-16
-75
-65
14
-46
179
-236
-30
-75
267
-62
-41
12
86
136
-375
81
31
22
-207
-57
37
278
12
-46
36
-97
-20
-105
-55
-96
-4
-23
-112
-38
-73
156
-65
81
-15
45
-21
68
-17
57
-96
18
-50
18
-29
-109
59
-104
-19
72
-51
-192
58
-85
-84
62
25
-60
-55
-34
-142
213
-61
-15
190
-84
-41
56
73
267
69
62
30
41
37
-54
-29
-72
-116
264
27
82
-181
-20
43
260
-128
79
59
-15
-66
-53
33
-37
10
175
117
-205
-156
-211
-118
-194
-48
-28
-65
31
-112
67
-48
-76
-25
-184
67
-154
31
120
90
-143
-253
7
104
-56
33
118
22
2
-86
49
88
72
-282
83
84
91
-153
-27
-18
-89
95
148
33
-233
34
196
131
-33
24
105
-210
-15
65
-38
-4
122
7
29
92
56
58
-233
-98
-29
90
-178
-201
91
64
-32
-295
195
10
229
68
-50
125
-203
-19
128
-161
-181
44
81
-148
236
95
19
130
108
72
-103
-98
140
37
-115
-50
-25
-95
80
-319
-225
-119
91
-151
176
-74
-194
-20
-53
60
59
57
-55
89
-53
-336
10
33
-73
-98
113
30
-52
-70
-138
20
-37
-74
16
81
-47
-151
27
-55
19
160
-83
256
-43
105
102
15
39
67
64
2
-49
-90
196
96
-39
-4
23
46
-131
12
-417
78
-132
54
-2
241
58
46
-66
14
6
-48
-88
-140
-24
191
193
6
171
-127
-213
-158
133
78
-134
127
98
9
6
-54
120
-161
-184
-124
-1
242
-141
138
42
45
2
-187
-6
25
106
131
86
-186
96
0
-71
201
-134
-93
-84
132
164
147
26
70
147
117
148
-14
62
284
-378
-164
-91
-91
56
-25
80
17
-195
-15
-174
-79
-25
-63
196
-150
149
-6
146
58
-134
107
-7
-198
46
-104
-90
242
-277
-105
21
-152
42
44
34
-27
-60
-94
51
9
-84
-239
-220
25
-142
111
81
-218
27
78
23
-116
62
106
-107
-22
150
66
-86
118
46
59
73
-27
-53
101
62
-296
49
-188
130
16
-358
74
-110
27
217
73
155
10
434
174
118
-66
151
-36
12
-195
-69
149
-30
-113
-145
-45
158
-37
-263
-83
86
-130
-29
121
-60
-80
212
-33
-26
-34
55
34
124
-50
128
70
-184
148
-85
35
133
-50
-3
-88
-166
-89
10
-48
38
-27
22
-64
5
-98
5
-23
-131
53
-192
76
54
76
-52
-111
-59
-19
-102
64
-199
9
60
-209
168
-199
96
9
-25
-11
-15
21
-64
132
-113
-219
-1
258
115
266
163
21
9
-83
12
53
14
76
-167
166
133
-31
-307
19
-150
-154
96
-21
-144
-129
-70
-20
-6
-26
13
-61
81
-97
-3
-235
-70
-46
17
-152
-157
161
-96
169
-99
23
-82
90
-124
-119
-55
-87
179
-119
-38
171
111
40
-48
-122
-1
20
145
-50
113
222
14
-67
72
34
-121
43
16
47
-88
53
-7
194
-190
89
67
89
17
143
-215
-225
-25
-97
200
-55
123
-73
-170
61
78
-80
-41
107
-3
40
-131
-8
-35
8
35
-189
135
37
-29
147
-280
-41
-139
-9
-148
-100
-126
3
-31
-56
24
143
-79
-104
215
95
-44
-121
79
73
-263
-81
-33
-38
230
31
-147
-106
308
-10
206
224
9
-8
347
-110
73
-32
-22
-245
-300
106
177
29
-10
188
-47
200
53
-136
-170
-13
33
255
90
79
8
-146
173
90
-148
-18
-123
16
-3
-126
