24 76 144
0 0
0 3
0 9
0 13
0 18
0 21
1 7
1 8
1 11
1 18
2 1
2 18
2 23
3 0
3 20
4 0
4 9
4 12
4 22
5 13
5 18
5 19
6 2
6 23
7 1
7 22
8 14
9 0
9 6
9 8
9 16
9 17
9 18
9 19
10 7
10 14
11 0
11 5
11 7
11 11
11 12
11 16
11 22
11 23
12 3
12 5
12 12
12 14
12 20
13 0
14 3
14 17
14 19
14 22
15 0
15 17
15 22
16 11
17 3
17 11
18 0
18 11
18 14
19 0
19 1
20 17
20 22
21 2
21 4
21 10
21 18
22 5
22 18
22 19
23 15
23 22
52
11
30
14
26
62
75
31
28
17
20
33
0
29
60
1
41
5
8
63
55
46
69
70
74
67
22
34
32
16
65
3
48
23
53
21
58
44
59
45
18
43
40
71
7
38
24
50
42
15
27
37
2
66
25
56
61
36
47
72
9
10
73
51
13
4
64
35
54
6
12
57
19
39
49
68
110
36
-244
-119
111
-7
90
76
-38
-407
-274
338
76
-161
-84
-130
-217
-123
-114
-95
234
146
210
-138
-7
-29
192
-73
228
104
-162
1
228
-186
-111
75
-117
81
91
72
-194
-92
118
157
86
107
41
-90
-240
-281
-52
-152
89
58
83
-197
-415
156
97
27
8
-118
-63
170
-279
44
-158
120
-99
-51
340
7
-71
284
180
-122
-165
100
-123
107
138
107
71
336
152
-21
303
38
-74
-168
76
68
-78
43
160
62
32
187
90
260
-13
80
-52
51
-197
-15
167
146
-124
110
-148
142
129
6
147
197
210
157
-169
92
349
0
226
102
198
80
-221
-70
12
189
113
200
-176
-19
14
450
-130
-102
-52
-27
26
-183
69
65
-174
-13
-66
39
130
211
6
-192
-17
67
-76
317
-181
61
-121
-2
-115
-148
297
-202
108
7
-98
134
20
138
-165
-25
64
92
-147
-40
-189
45
-22
189
38
216
72
143
132
93
44
-217
-37
49
-59
-24
-8
-46
-189
-119
221
-134
19
-19
-49
9
-26
56
106
-301
73
-245
100
-97
-189
88
-48
-393
65
88
-134
160
-198
226
-118
26
-372
-4
-245
-63
-19
-45
-231
140
-45
-22
141
47
216
-142
-6
271
-110
140
148
-292
-43
191
58
57
-163
-247
183
55
-102
228
-24
-193
39
62
-156
-215
-14
-174
63
-127
-23
27
179
-156
-94
87
12
101
29
-99
162
-153
284
-82
-180
-30
80
-15
62
29
220
-39
-197
-114
-41
91
-95
-242
138
204
-32
113
-170
267
130
220
-203
-97
79
-69
-210
-45
-343
7
84
-46
223
-47
-322
-148
9
2
49
74
165
-162
242
132
64
49
-39
107
84
85
9
110
56
-4
-171
-124
-104
-149
-24
-73
34
143
142
151
323
-161
147
268
-24
100
-209
68
-169
64
139
221
74
41
20
128
-134
74
-17
-66
-117
119
68
17
-92
-293
-147
-102
262
-407
63
-74
196
-137
168
-186
-113
2
16
313
100
123
164
87
-254
-91
176
-271
-96
117
-64
-116
153
-41
-127
151
118
-139
-181
95
42
-132
177
224
251
53
-306
-21
-92
339
-88
-50
-157
-62
165
-106
-141
131
-39
-274
-111
241
-140
113
260
151
-64
206
379
-128
4
107
84
252
167
5
-171
118
-143
-133
3
121
270
-61
-39
40
177
-295
-6
199
-209
-50
273
-202
71
-281
-110
101
16
-281
129
-51
52
177
1
-172
-6
75
-128
48
-377
16
236
186
67
-54
235
70
88
-296
305
-329
14
-13
-100
229
-135
291
53
78
-43
169
-19
-71
349
-17
29
64
-117
-6
58
-21
-45
-22
-45
44
44
5
-138
18
-22
-73
-18
160
-30
2
242
96
-86
-363
121
-77
-216
-214
-153
52
-93
104
-171
157
163
-107
-51
74
-130
12
-122
-256
-34
-257
-38
-215
-95
12
79
-101
46
-119
324
-49
45
-130
305
-73
-13
-106
-238
-26
-79
-63
-225
140
-75
277
62
47
130
258
48
-85
214
6
189
71
27
49
-13
-123
-91
66
-114
-89
7
180
100
18
41
146
-3
5
-173
61
-56
-40
29
160
-67
24
61
101
259
-43
136
166
84
151
7
208
-47
31
103
44
9
-130
152
-144
71
104
-84
222
-187
-53
176
-30
-173
141
-41
182
132
-247
87
334
-78
28
137
130
19
107
-24
25
112
-173
-142
-199
207
-25
88
-108
-162
-238
65
-247
107
28
-143
270
63
30
31
-167
-96
50
98
106
-21
43
148
-106
464
-77
181
-106
17
98
-132
224
68
49
-39
137
-1
-96
92
227
232
-257
132
-124
-14
-56
136
-13
-144
-115
-199
16
74
79
51
-97
-126
-10
111
316
79
421
66
-183
-141
-56
-191
175
-54
-175
236
-90
-21
-90
22
3
91
131
62
76
54
175
50
37
120
108
107
56
49
-173
19
-260
63
334
-38
189
133
12
174
9
-45
67
152
105
-27
-65
-139
114
-39
53
-10
41
6
-54
-315
104
118
128
-252
-29
-81
93
-335
127
-42
-241
190
-16
65
27
105
-197
-17
24
118
15
86
-35
25
-226
-119
-121
128
-55
146
76
-296
-94
75
77
152
184
-280
147
10
-175
119
16
-258
7
-118
102
56
161
74
104
113
13
-41
24
49
-9
253
-242
-73
282
-97
88
294
-79
-72
87
72
14
-270
-5
-21
44
227
-280
-158
-13
-176
-67
-143
80
251
121
247
-41
-149
-69
75
-127
193
226
-46
136
-91
-33
35
-210
-45
-90
-2
-302
85
241
-4
130
232
-103
109
344
-88
76
-137
220
-189
-216
129
64
-81
-48
-156
-3
-245
-281
-10
-49
104
188
64
299
-90
40
199
-196
191
-27
300
-18
-76
247
15
-175
159
-116
175
111
-160
-46
-98
100
-126
-30
-127
-61
-238
5
303
150
-118
268
-42
40
129
-64
-9
-17
-127
47
-9
113
49
-141
307
214
-129
-93
-163
-100
225
-305
-173
-53
14
-41
-19
-47
0
78
283
180
-74
-55
-16
85
262
-22
138
35
78
-82
-244
105
-58
78
53
-78
-235
198
42
172
-33
-104
-61
-80
36
-43
10
74
27
27
-198
-97
66
-38
-61
230
-33
116
126
32
243
-177
73
28
-29
-37
12
-165
132
-281
137
63
131
99
184
170
-158
-139
-60
204
-110
185
-69
-122
-109
-30
-120
-18
-13
200
81
220
-92
57
-27
81
-117
-44
93
7
-143
12
126
64
-239
257
10
-223
33
24
144
88
132
169
171
-51
-73
236
-197
75
71
272
132
221
-32
48
18
283
-12
-78
284
15
60
-69
-106
-6
-31
132
46
130
93
146
5
66
-39
-6
58
-109
-123
50
138
-167
56
100
-57
42
32
36
-87
-19
47
-212
-12
-16
-334
-20
-87
-302
-98
-219
23
273
68
198
-11
64
28
-66
251
26
-169
-141
-83
-67
9
-44
264
-193
142
52
5
183
-130
131
-263
167
-106
-43
335
9
-189
140
-149
19
96
-197
235
96
-160
-135
-112
-52
19
352
0
107
-1
-84
-31
-86
-64
-128
51
-54
-60
-163
222
-109
-186
282
-74
0
-52
-58
177
15
74
-83
47
354
-219
-115
34
-252
150
-104
138
-2
-283
-106
-135
310
58
264
-97
-328
-120
-334
87
14
-54
46
230
-91
-75
104
-232
310
-211
20
-37
-60
-149
39
-166
28
209
7
137
4
-12
86
-5
106
-80
-45
131
68
-37
255
-306
-63
-163
-181
291
112
85
-83
-174
60
170
-113
-58
229
5
-87
93
14
32
-242
12
243
9
-91
33
-21
25
210
7
176
-272
113
123
239
68
64
-29
-162
-125
33
111
-7
-202
208
-189
242
21
226
4
100
66
-58
-113
-157
-168
41
-13
144
84
-82
-34
17
-27
-87
-93
44
-131
-157
-11
147
-8
-141
-175
-15
-60
-18
142
121
94
162
124
-216
1
86
-43
-85
69
-217
183
-34
-57
-18
-47
60
-185
0
-332
-13
117
197
69
162
244
21
-66
151
25
228
-134
-39
-166
270
70
-96
154
-54
-173
-27
54
44
169
-24
-48
-233
-20
-226
82
111
68
-255
-6
-216
82
-143
155
176
-168
50
-100
20
129
-182
-50
-120
-41
-128
107
-140
16
4
-37
-112
-278
-257
156
240
122
185
-32
-172
162
-107
63
-290
64
-148
165
-207
-90
-84
-53
-48
16
-72
117
223
13
99
61
136
-66
-186
56
-28
30
-198
-94
-55
-81
-54
-61
-173
255
76
-20
-2
-50
-23
19
152
94
36
188
-95
-202
201
-67
-61
33
253
-174
212
40
13
-121
54
-264
258
-70
61
-150
-344
4
-40
-54
-5
-219
9
149
-89
-34
-3
99
106
-26
166
-115
136
-328
-180
9
200
111
123
-5
108
-13
52
158
-203
-272
-230
-204
-12
110
121
105
-4
-80
-224
-259
260
-109
24
-237
-62
-1
219
168
370
81
-163
-241
-137
87
-117
-38
-105
-50
-71
-74
-136
-121
23
0
7
169
-156
26
-152
99
262
70
-28
166
126
270
-212
-192
-5
-61
52
47
172
-68
305
208
22
141
106
-162
-154
-43
-222
-3
5
151
-126
-52
27
40
-25
41
25
71
50
-115
-59
-97
-181
-101
-75
-150
-90
-94
-89
119
32
-130
-33
-7
-142
106
42
58
255
-218
176
127
-154
88
-7
-91
12
44
90
-109
-118
-83
-163
-53
85
100
132
-71
126
26
-130
35
103
-31
-39
-164
286
-95
153
32
24
272
-26
-162
-83
62
-148
-98
13
0
-108
21
-13
-325
164
95
-56
211
-49
362
101
-111
-213
65
-164
-26
-56
-196
-18
-123
-34
53
258
-71
4
-174
-8
157
129
112
119
118
93
246
-25
94
101
-83
-183
-114
-234
185
-7
-34
-82
-13
-132
-137
-280
241
-217
174
-26
-228
37
97
-199
59
220
-146
-48
0
-55
107
-184
5
177
-227
75
-230
-59
-82
189
-82
-92
35
-48
-76
-299
-113
-186
207
-29
-287
-25
-78
139
-82
-213
-42
37
200
154
-91
-179
-30
-7
228
-192
-117
-206
-3
-246
68
208
-17
173
-11
414
-21
201
267
176
253
-376
133
62
120
30
22
-9
-135
-27
-184
136
103
78
242
110
-65
30
251
-142
-127
83
20
-101
3
-44
124
-36
-72
-78
184
-88
152
-211
112
143
-36
-100
-67
137
17
111
119
51
-114
13
-11
24
-359
-12
153
9
-50
-165
43
-100
-239
25
157
-25
-115
21
-314
-162
43
-127
-48
135
95
-28
219
-50
-12
164
160
-164
4
17
154
-54
63
-13
183
-98
-321
42
-128
146
21
-85
36
177
-32
80
49
85
211
335
26
-50
74
-47
-184
-136
-272
-8
-138
178
208
-484
-287
-55
32
-8
-112
-56
-158
79
-90
-75
258
-148
93
-14
257
-76
63
-83
-209
-172
-386
176
-240
169
123
255
5
188
-15
-155
-55
-151
-7
55
-24
-106
171
-37
212
313
-339
33
44
85
15
-8
-60
-136
1
-180
193
206
89
-128
-45
-193
-36
-127
52
88
-118
-132
-86
173
-169
-18
-21
-162
-27
-38
118
-57
208
-39
53
9
52
-62
16
8
157
64
-134
-154
28
-52
-227
72
108
66
84
143
34
-18
-47
44
-8
59
140
118
-75
-159
-6
14
-41
53
-20
-151
95
-59
24
14
-160
-70
167
2
-222
-181
-189
241
155
-76
-291
-301
134
152
148
61
120
-137
-64
82
-123
-108
170
-102
-246
116
-6
-95
318
52
119
-300
180
-6
-198
85
-8
-21
12
-58
103
-76
-35
102
-9
217
-177
73
-139
248
98
47
-63
97
48
-212
-93
124
28
5
59
206
227
-104
-173
219
-119
2
-26
277
35
-89
329
21
78
177
-2
299
-69
-2
-139
-218
86
138
-25
95
84
-66
-237
-10
23
-57
153
-4
244
-30
-107
1
-124
-162
-330
-12
-39
-211
139
-9
73
-304
-85
-69
-109
153
224
61
-79
20
238
207
229
-283
-136
267
52
-5
200
-132
-102
-96
-69
-45
13
159
-131
-40
38
-189
-194
-10
-76
205
-15
-65
-274
-17
-138
248
204
-155
39
-167
151
-4
-100
-159
-161
92
-40
91
102
-62
242
224
151
-16
254
160
219
73
-116
-194
-144
218
101
-210
65
147
160
-394
-39
156
92
-26
-93
59
113
-143
129
208
218
99
-166
-130
-76
219
116
127
281
120
-55
-63
46
-38
132
15
-31
30
32
134
-171
-9
80
220
277
198
-34
56
-123
14
44
81
-86
-166
-6
16
67
70
-198
-138
132
94
35
-91
16
-338
28
20
42
152
-57
-112
-93
-64
-35
65
-109
-69
231
-146
48
-81
244
-95
301
-155
-185
83
150
-215
73
153
-127
35
68
-165
185
75
-1
-169
55
52
172
222
77
194
-262
125
-86
-57
129
-96
18
128
174
86
-90
32
-145
-17
194
97
136
157
-177
-133
-26
64
234
59
-86
-18
152
-130
-69
-201
-10
-19
48
17
35
-144
164
73
-58
91
230
-282
74
-17
40
-163
-185
-92
-212
182
94
10
168
188
-271
9
-84
-119
149
-20
153
178
102
-36
-103
54
-180
36
-119
-27
34
79
-43
450
-206
-96
-40
-99
-135
-160
102
71
110
107
78
-327
-198
-55
115
-23
-94
11
188
-131
79
252
-21
-8
-93
-134
-107
9
-70
-124
-166
-288
198
-115
-172
-175
-94
-156
149
24
51
-33
-36
11
8
-78
41
-194
108
44
-289
42
-108
-141
178
-198
94
35
125
23
177
108
-142
-65
95
-211
-30
160
33
-53
-27
269
56
-26
-49
-158
237
-196
142
15
-196
-74
-114
-192
-85
-268
103
-263
-72
-140
-26
-126
-222
55
41
-143
-206
-55
98
89
-244
-263
-35
-200
96
-194
85
392
-14
-95
136
-98
56
125
140
-91
-11
-138
-15
-40
-296
153
25
18
0
-83
5
15
-51
36
-79
-112
-227
71
138
-252
-62
-2
115
-164
-85
98
17
-205
-6
-26
159
4
-111
91
-159
180
-246
73
21
52
-104
120
4
-40
-136
-173
4
33
2
-16
23
151
52
-157
137
140
-80
-15
145
38
-158
63
27
-44
145
41
50
36
-24
-52
-205
-108
-94
170
-67
-179
-225
64
160
-152
-36
-220
-25
-96
224
124
-106
-10
-154
-51
-90
55
-45
-65
-77
-115
-98
76
-8
53
197
72
-178
-53
60
-295
60
-200
58
133
39
8
28
25
-177
421
-46
27
120
22
63
-119
80
113
-62
196
4
14
-149
-87
67
-86
21
-130
63
35
-143
-43
8
174
2
39
-73
-39
53
-90
-218
-6
233
-39
-49
-17
71
-29
-32
58
77
-74
80
11
32
51
-171
-115
-166
-29
-57
-247
-207
71
54
-16
94
-107
227
-1
-172
175
-109
-138
61
68
-100
-49
112
7
-165
-30
-74
-20
-76
17
73
3
108
1
-165
-7
99
-39
38
6
-73
-135
90
-38
-280
-51
-6
-2
-86
-35
8
-242
-159
-97
-74
5
-12
-129
338
50
-79
212
-76
-215
134
-214
4
16
35
-114
4
-60
-11
-40
-284
-36
-77
-221
-33
251
-157
204
123
-25
0
-55
46
224
27
40
-70
57
72
-133
-89
69
-59
-236
132
-176
-52
21
-106
3
-5
-88
-141
-181
142
-63
-73
2
-268
-51
-203
-230
-8
139
143
23
3
-137
-30
125
-158
-167
233
87
-5
91
200
-74
35
122
-41
73
-125
238
133
97
-28
202
-96
-295
-176
-24
-5
-29
-180
-263
-206
-105
-30
157
52
-284
64
81
-251
-85
45
139
-42
-10
87
133
-5
-168
-15
89
-67
99
-208
20
194
111
96
-12
199
152
52
188
-85
3
-77
7
-8
32
-229
-37
9
123
-247
-206
-12
-183
-41
-16
52
-218
-5
83
-89
-44
128
-463
-118
73
103
152
16
-72
68
-217
217
48
60
20
-152
29
-108
-8
-188
-147
-163
223
25
139
-134
207
-135
183
-69
69
3
121
118
258
-69
-2
83
292
150
-83
74
47
-107
-199
-81
47
-31
201
82
-1
-29
430
-23
-60
79
-195
130
-144
225
-289
-18
17
342
202
150
165
-88
-267
-117
16
125
202
-118
-101
-63
147
45
-64
16
-89
283
-12
-76
61
-52
-432
100
31
-294
56
-8
-58
31
-164
-33
19
-109
13
-52
-61
-141
-52
254
318
-119
-1
316
-126
164
-184
-266
-121
31
-36
-86
-147
-39
-82
58
-39
-202
-174
80
-79
41
-153
-55
255
-18
-35
123
100
-133
27
40
169
-152
145
-63
47
101
42
49
246
-82
-149
-86
-116
-72
-118
7
260
-278
36
-46
-28
27
-45
-10
-81
197
76
-26
203
-27
144
232
60
96
114
-149
-233
-171
67
-134
296
73
-233
-222
-10
4
-43
281
95
171
-27
43
-90
-116
-137
-212
-12
-7
56
102
-271
37
176
300
-108
89
-99
-191
-161
-50
-114
-69
153
-13
53
50
26
-144
-66
-8
-191
139
71
114
163
-39
86
-40
-150
-129
-76
53
82
15
45
136
-88
-49
154
-156
53
-234
371
-116
30
160
78
105
-119
-3
78
-306
-83
157
-180
51
263
98
190
401
-214
59
-18
238
-48
46
128
168
-428
-111
140
-62
-30
-249
212
-228
-52
127
-64
251
106
-178
-181
216
74
240
57
108
-78
155
-444
-224
156
98
-357
-127
39
-155
7
80
17
-61
-147
-77
-132
86
-10
284
-123
-37
157
125
-41
-13
18
-153
17
-133
180
23
77
200
-22
-37
106
137
-44
-30
-24
-30
-140
160
-59
56
-99
-106
-106
44
-115
-357
214
106
76
-116
122
-195
-101
24
-4
20
22
27
7
-105
73
-142
244
20
-225
-71
194
140
292
119
50
-5
207
75
81
-299
-194
147
-111
-4
-92
-310
184
-142
24
35
-124
-30
126
119
166
-25
-91
-18
-137
-118
-37
38
3
10
-306
-27
24
-103
63
155
150
36
0
176
-102
30
-27
-32
-45
-25
250
-34
115
11
23
-99
-76
-79
205
118
151
-9
-91
-22
-238
84
-207
154
-118
-68
-186
234
-61
2
-110
-144
32
-198
61
30
125
-2
169
29
0
175
123
71
-17
7
106
-87
-148
-43
18
106
-64
108
-70
148
19
335
50
-131
14
13
-41
-81
-112
-57
-12
219
84
-78
42
58
93
116
153
-96
-6
-228
240
-16
-184
-54
32
-225
71
-27
-86
-134
51
170
-389
7
176
-165
52
100
-206
-172
-285
-80
-31
75
-160
31
223
105
247
-103
270
-20
133
9
-28
-8
207
-14
-42
234
1
145
-16
204
202
226
128
-114
187
13
-124
-130
-142
-109
-40
93
100
181
48
45
-117
-186
-97
-116
-231
63
122
-68
221
-118
-88
74
-175
-108
6
126
-5
-188
-94
159
117
47
-56
72
124
-138
-58
93
68
-104
5
-168
72
10
88
209
75
-64
-79
151
-30
-61
-8
-56
-246
4
-82
183
243
-233
-27
4
-165
50
28
-228
8
-70
28
111
97
127
60
233
-135
-231
-174
-212
-17
-68
162
-185
-233
239
195
13
-95
-12
20
-69
-175
-3
-225
119
41
-246
-180
-100
261
7
81
-31
68
137
191
-104
-196
-101
-136
130
100
-73
-114
-70
-138
18
-96
-7
15
13
-43
6
-85
165
49
-273
-22
89
-17
-19
118
-56
254
194
189
211
-86
-80
83
116
146
209
0
-46
-235
62
-39
-192
-20
45
-285
-111
-131
-124
-94
-86
243
187
-139
8
40
-31
174
93
39
127
-37
-107
-189
-85
-89
72
-116
-18
-111
45
-77
175
187
-1
-118
-109
-174
-105
-274
-94
216
-181
350
-190
265
143
271
-168
-139
-263
331
-213
-95
-99
43
180
-263
25
113
69
-176
28
-114
-136
1
-16
-51
-53
-52
-44
107
-98
-115
49
73
-137
-98
-96
-6
-70
89
248
-83
112
200
105
25
-136
41
256
70
64
-78
217
-329
258
62
-96
-28
85
-39
26
-145
-230
56
-102
-87
-163
29
48
-56
95
-54
-124
-159
-92
6
8
139
-121
-92
-27
67
232
292
-110
86
-68
88
121
156
-136
4
-215
232
-89
-10
103
-150
107
-140
-52
53
113
-18
-119
68
-71
-402
-197
-57
30
112
-80
133
-57
-85
-98
-7
-70
-50
51
-215
-70
340
24
208
111
-142
263
-81
123
-229
171
10
149
-172
172
-24
304
-26
130
132
-1
-176
325
168
208
-72
29
15
110
67
85
-44
-38
-164
145
-105
-187
208
151
305
-104
-203
-78
218
40
152
-33
180
117
176
93
-31
80
143
163
141
-11
169
-79
-86
-72
-68
-107
-57
216
26
-207
-29
-123
-115
-84
61
-141
94
-207
63
-107
3
212
-207
-44
102
-24
245
-138
-111
-72
-124
80
-49
12
-201
-4
236
12
-74
15
-29
164
115
-17
-55
204
368
-88
115
66
-90
-39
70
-48
-68
34
276
84
-225
-18
-33
50
20
-129
8
47
215
66
258
18
-196
-207
-5
205
134
186
-239
-164
-175
68
148
60
208
-72
259
220
-17
26
122
39
66
-3
160
10
59
-128
34
135
198
23
156
150
-227
82
265
-183
-257
135
-53
-206
34
-153
178
325
-167
10
69
-140
154
-103
107
-31
108
-31
177
145
286
-278
79
202
-34
91
-39
140
-155
131
144
110
-6
93
81
70
32
93
12
-177
-137
58
-52
69
111
128
163
20
-180
9
239
156
-179
-46
-255
-13
-127
-38
79
137
-67
-202
-116
28
131
-71
55
12
147
-80
26
-67
-115
164
-173
-4
-341
-1
-239
37
-312
-146
-22
-160
-155
77
-42
83
-313
41
-277
68
138
227
-336
-96
161
-99
31
-150
-206
198
149
92
151
210
-152
210
-81
-66
64
-177
112
-95
-120
-95
-67
66
-35
239
-51
-191
219
151
-66
-30
-61
209
-179
-119
-37
-65
101
131
4
-78
150
148
30
152
31
-29
-8
175
66
182
64
76
-12
187
-60
213
176
-101
-16
75
-147
-143
69
-15
16
-61
-103
-14
-44
-157
99
-7
23
21
59
-41
-343
-146
237
-122
198
69
-141
-191
55
16
200
59
190
79
-160
96
56
165
-138
-50
-24
-9
-187
-42
-140
113
-245
10
5
169
55
-33
193
270
-27
-197
17
26
173
63
-86
59
108
-78
-93
38
51
165
316
109
57
-185
-71
-235
80
102
-138
-18
-193
22
-116
29
-79
244
-127
-308
105
-201
262
-81
175
43
222
60
6
-56
7
-178
-94
-67
-33
131
53
-339
-120
17
-147
-114
-46
6
65
115
-126
-164
-46
93
-46
-35
-10
-74
64
130
-97
-72
258
13
33
-103
-128
47
-4
-24
49
91
-179
110
48
-123
66
-70
-228
15
-116
19
3
-83
229
-116
35
183
-120
63
-62
47
-71
2
24
-54
-148
231
-194
144
191
242
-76
-263
-92
202
113
-2
-163
-183
92
-233
103
-271
-68
-49
77
-101
-100
114
296
23
-84
-17
207
-173
122
27
57
-13
70
111
216
-125
42
-42
1
-37
113
-171
-181
-78
-16
2
-144
-18
-40
-133
215
116
205
-11
-550
67
354
3
-77
104
-178
201
135
-98
116
-114
27
182
-1
85
-186
31
-281
83
-105
-139
-129
-133
-300
-203
51
-108
31
52
105
101
28
-3
144
-24
-128
-50
-82
117
-80
-39
48
-110
113
-183
11
-135
20
143
49
-244
60
32
-78
-194
124
226
-49
-361
35
67
111
70
-168
-104
59
154
-67
141
-98
107
55
166
134
-82
-119
13
-59
-244
5
178
-216
158
-178
-158
-115
371
-102
-57
-165
306
-5
-66
-185
-33
61
-99
-163
60
-45
143
-15
58
-169
-98
-78
11
-63
-126
-25
-14
-112
-9
-113
-34
-34
-315
-25
317
0
38
86
-38
-143
213
-156
147
17
-24
35
-68
-147
88
-235
-14
-114
-69
-52
10
72
-299
-256
-40
98
133
109
57
176
113
-33
-86
1
-108
-213
0
4
162
265
-76
-160
100
-338
-311
-225
-256
-116
76
159
-63
-144
149
77
-350
-105
-148
-91
-80
-133
93
-315
-115
189
25
269
167
-121
252
0
-76
81
-218
339
-172
-35
4
-33
-178
426
117
114
49
-267
-91
9
-54
-55
204
226
80
2
-85
-170
238
-72
-62
299
-38
101
-137
247
-225
142
295
16
47
127
142
-74
-107
419
-231
230
24
153
37
146
101
152
51
-27
-245
-80
85
-64
114
100
-66
168
343
87
18
-37
-33
-294
234
-147
-115
-112
-85
-77
-231
-151
-43
-74
-25
-18
-118
108
-161
-193
-163
99
168
-2
-74
-102
-45
-178
237
158
110
-280
-237
243
6
10
-194
4
-368
72
238
-137
49
18
29
117
136
126
-56
-19
-103
-45
222
-54
-2
23
80
239
-210
88
-201
-80
-106
-207
53
-52
-153
-29
382
165
158
-57
59
44
268
53
132
23
-387
77
-95
-248
112
13
171
106
133
-113
144
168
-22
-147
-32
-210
-142
96
211
182
-5
-276
19
314
132
-253
139
219
65
-77
17
51
263
-25
-57
-318
261
-169
251
-309
-478
120
-365
-155
-40
-121
-355
162
-33
2
62
-33
-1
-9
-285
52
5
-223
-7
-38
-249
-106
180
-232
-29
25
400
-35
230
141
112
73
24
39
-24
-124
-48
114
-248
39
-74
-122
15
141
-9
107
-142
26
67
-140
130
285
4
-94
121
-117
296
37
-158
-123
23
203
32
279
-127
123
177
190
199
-242
166
-58
-81
-155
3
-146
71
-76
-225
338
-173
-165
-189
313
55
247
-222
49
24
279
-158
-15
-155
126
184
21
135
-45
64
128
-73
101
-207
-68
39
257
150
124
47
176
-122
-210
-32
-49
-117
248
-175
-207
102
27
45
18
-182
-128
-202
110
300
219
321
-264
4
-31
-38
81
-221
68
87
-86
39
-77
-210
-163
-34
-264
89
-35
-78
202
75
-109
-61
2
-5
60
174
5
-69
125
-105
145
141
-19
26
-175
36
-195
51
-111
97
0
-31
-272
62
-112
-23
96
-168
202
166
-84
-256
109
221
-302
-158
14
31
-86
232
38
9
91
-195
-30
75
-76
-149
-50
-208
18
-159
49
-12
-24
73
44
140
-331
116
64
66
-106
-27
77
14
-149
36
46
131
72
-10
-68
-375
189
257
-38
93
-129
-133
113
-112
214
-107
-64
-111
44
206
-86
-187
-140
16
-173
45
-297
107
-74
-54
4
30
63
-87
-127
200
-17
-102
-201
124
165
215
156
59
-151
-34
247
195
29
63
-72
-92
-127
-144
-7
-124
-83
-137
-141
151
-82
-38
19
214
-231
29
-233
-101
-307
12
-2
34
-10
76
-83
-192
-140
90
-222
-13
-15
134
292
-38
146
128
-145
-38
64
143
35
-28
106
189
-122
314
103
25
110
-49
-23
107
-35
-195
-35
88
-8
205
150
45
-419
39
1
-173
-151
-91
-31
143
153
30
-37
28
-107
-194
2
166
-1
197
-87
50
-129
-94
196
41
-97
162
-132
10
258
116
-55
86
-95
89
-281
-73
220
18
77
-4
166
-36
3
43
149
57
-236
64
-115
1
-211
331
-165
-15
91
-43
-164
-21
47
1
112
-86
-15
169
36
190
-228
-244
86
108
-124
140
-15
-321
-17
89
-67
297
-155
70
12
-2
-19
-35
44
-81
85
-214
72
222
84
-165
-188
-292
151
1
129
191
-118
-113
107
229
3
-143
-214
80
-121
4
-122
-61
-57
293
-145
256
110
194
-62
-12
-146
46
-21
-40
37
-259
81
253
167
-73
-12
-26
367
-37
362
82
-60
50
-215
-292
-33
77
118
43
156
-275
-178
150
-167
-61
141
155
-206
-118
-75
82
61
-12
-110
4
135
183
76
140
-106
-153
-198
153
67
243
169
5
-92
-69
-25
-5
85
254
-366
200
-151
-371
37
24
89
98
-291
-5
5
111
171
65
109
12
42
-23
-112
-104
-25
245
274
-83
168
-122
220
76
-165
217
-245
79
48
434
16
100
141
-103
145
-169
53
226
115
91
204
-59
177
348
230
141
-173
-121
-136
127
20
3
14
-4
-24
12
-221
41
31
-133
-128
124
-227
168
71
8
79
-3
132
15
-155
-38
-18
-87
108
-212
-57
343
-115
386
-232
163
16
-136
7
48
-151
26
-6
-18
171
-87
-245
9
2
-11
-97
11
-229
115
59
54
175
-44
-177
-210
-82
-13
33
79
-1
242
135
-50
-96
14
-28
-312
0
-74
-295
-45
-384
-136
287
136
27
198
12
-25
-58
-95
51
-99
-12
-53
-142
-80
43
22
-156
-176
80
101
9
398
283
-142
-7
-69
-85
-112
-99
-107
26
72
262
-94
-173
-135
19
87
-156
53
178
-70
-79
-149
196
102
-68
19
59
-109
-139
-40
-4
104
64
-14
-36
-7
75
-74
284
255
-326
-36
217
140
193
218
-49
99
-41
40
-149
-405
38
33
175
-3
-406
-44
-247
-141
49
-27
-72
-63
-155
165
146
-375
61
-90
269
192
52
12
228
-34
19
57
97
15
110
-79
-5
-165
167
-86
223
196
-109
18
146
-158
-148
-109
-109
61
71
101
-172
-101
54
-22
77
-115
-90
57
153
-28
-44
-59
-126
-8
-211
-227
199
-45
-146
-46
266
217
195
-51
31
-125
-261
-141
57
4
298
-173
-236
24
-30
-109
-85
30
-93
-51
30
-21
-113
172
-6
-76
1
63
121
73
-284
66
-65
91
166
-74
-25
87
-42
31
29
101
69
-131
-5
-130
14
-297
72
-14
-176
-169
121
-118
-122
-127
5
-37
16
40
188
63
-92
-7
-61
304
137
81
286
274
-22
-17
-145
61
-38
-88
30
-332
277
-13
-146
31
-111
-44
78
-161
-181
240
71
-28
-182
-146
96
-138
-234
-26
223
58
-125
7
-21
-7
-91
-238
84
-60
-249
-22
-22
-10
-294
-149
93
-111
-21
-233
66
39
-116
-252
-46
5
179
-141
-87
-102
228
441
186
-100
-146
-4
2
-261
-83
127
-132
97
50
105
61
-146
-20
-147
348
-72
-280
-69
-184
54
-96
-182
-201
233
101
-5
113
18
-98
188
56
-59
69
66
-312
-233
-59
-17
-144
-40
-269
-87
-106
96
-181
52
-89
34
-13
280
127
-83
106
-113
-210
45
100
6
394
-40
-337
-74
-13
-122
139
0
198
-89
175
-144
-319
-107
-104
-142
170
150
29
146
-81
24
-176
-90
-181
70
-131
-67
103
91
-18
214
149
-384
-110
19
-45
40
22
-32
-103
16
-126
7
-34
45
102
172
89
130
-42
-30
-50
-169
130
-58
14
-60
91
202
-163
94
76
235
11
-106
25
141
91
-185
-10
-201
64
-190
15
31
102
38
-111
56
-6
-84
-67
-83
173
99
-54
21
-96
5
-117
79
45
191
-40
249
-43
13
-24
-159
124
-63
-47
86
319
-189
-320
8
-86
-205
-32
96
70
-118
-91
267
136
-222
-191
-8
-25
-86
75
-146
-28
-51
42
-211
85
-11
-8
206
249
22
124
-203
-279
138
43
-63
-49
35
79
113
345
-145
-7
97
143
-47
-81
-6
-40
134
-314
-212
-187
-106
-115
-137
-59
-31
46
-71
-58
66
125
-72
-74
113
-251
181
-25
83
-116
-168
-112
-264
-88
-152
68
-106
-184
13
-59
210
-216
-80
165
41
-109
-161
353
-69
184
-190
-99
104
-122
-12
173
-173
-112
-49
84
-157
-116
-83
159
-109
290
17
113
-131
-186
-188
20
42
-118
-1
-210
113
0
-62
-50
-212
-116
-17
-15
39
-11
-139
-61
32
31
236
-3
5
-97
278
-135
-48
-175
280
92
-139
9
-119
207
332
107
145
-27
-172
-29
-62
117
-13
-120
-69
-202
238
34
38
174
-49
8
188
39
47
-184
-5
-81
-1
-132
163
-32
207
138
-92
-10
-6
-51
206
12
-140
-28
53
45
-71
41
-122
-207
169
189
335
-8
48
126
-101
-118
165
167
185
-73
-101
128
-83
403
-102
-108
40
-40
92
97
-222
16
-82
32
177
247
-271
103
253
-328
274
11
-49
46
85
-155
123
92
55
23
-292
147
82
279
14
-141
141
-3
-53
-61
109
164
1
136
0
187
-204
-68
186
11
69
-60
53
-112
-91
-37
143
-89
21
48
-248
-114
26
208
304
2
22
-107
89
-65
-181
44
51
128
84
176
60
39
321
35
119
23
-92
-112
-115
84
36
89
-92
-4
67
-21
22
-55
38
-294
162
287
-8
21
-153
140
70
183
1
43
-101
-95
74
61
40
-130
24
-110
-83
-51
-147
207
24
-220
193
36
-12
98
-52
131
169
-279
195
-210
-57
-118
47
-109
-35
234
-209
10
101
322
147
-189
-113
24
-260
-39
120
-151
151
-201
-67
-185
-48
138
-108
180
-58
63
-241
56
-78
-347
169
302
-69
-111
174
43
131
0
68
-100
-52
-164
-144
-21
124
9
-166
55
-52
95
66
-3
377
-56
-22
136
386
-273
148
-120
-117
-151
120
153
205
-96
102
111
-124
-68
204
-68
49
-43
54
-72
284
-108
-84
-50
-14
107
-51
159
367
-185
180
-16
-12
-213
-125
14
44
-145
-130
-14
63
-38
20
231
61
111
270
96
123
-121
-63
133
-26
12
-253
20
64
-156
-111
65
113
311
125
69
-255
252
-227
-39
265
-208
183
-119
-209
-63
-152
-79
-38
197
215
239
-82
321
95
183
157
265
37
2
128
80
-12
-195
83
71
-84
-199
216
79
15
-25
-82
-102
87
-150
-33
-28
-71
-68
67
203
-65
-149
-29
-41
92
-73
139
184
85
225
-48
56
285
-136
-60
-179
58
104
248
246
51
114
-72
-150
158
-275
50
87
-96
51
53
-348
19
192
36
-53
-162
-136
95
-1
-76
-76
-147
23
-140
-85
-82
-94
101
-18
-257
-6
-130
284
215
50
84
-66
296
85
210
-163
173
243
29
37
205
55
72
97
-104
13
-44
-104
-168
70
-116
-217
73
19
183
-19
33
97
160
-151
7
-86
290
130
-68
-50
-315
-118
333
32
-129
-32
1
-246
-72
-50
162
232
106
87
-140
-12
56
65
-107
-64
-188
57
-239
-150
218
-55
-186
273
193
57
-18
219
-40
-29
255
-74
-45
-195
-129
227
99
-33
-174
3
104
52
-9
74
176
-126
-44
-109
73
-31
270
90
14
-55
-18
57
31
20
-312
-148
92
151
44
-85
-123
-9
-53
-114
11
58
9
-42
47
-135
42
70
-221
-24
-128
-240
-137
-143
7
183
79
87
-176
9
17
-19
95
-338
-73
-150
-41
-88
66
-47
44
-330
-397
147
-176
-25
-121
-119
-325
113
173
1
-272
39
96
67
-97
310
31
27
86
95
-182
-105
-18
266
127
-248
138
-170
74
16
24
-62
-138
-47
113
-278
-51
190
-159
-53
163
-164
101
409
-166
-241
193
2
67
256
-145
56
56
-95
-51
78
27
55
-57
141
-111
-70
120
-120
-21
117
227
63
-103
-44
-224
109
-159
103
113
22
-34
240
40
-196
-18
92
109
-72
-61
-68
260
220
24
32
218
8
26
-161
15
258
116
-148
-212
-147
-195
-30
36
231
45
-143
42
129
118
21
37
-39
124
-183
249
2
14
-94
13
129
78
156
-46
-17
49
-245
-249
174
-104
94
-21
-339
-174
-130
-93
-81
356
-81
37
-207
-26
37
115
-20
-104
306
-218
-286
126
-117
-180
35
29
-11
-3
-171
-35
-69
100
110
17
-11
254
75
-93
187
116
-146
230
-60
180
-100
-14
220
231
-263
280
-19
110
55
83
208
83
1
-37
95
89
11
268
36
100
200
258
-223
161
22
-14
55
350
19
55
-181
12
-55
-129
114
93
-126
83
298
214
98
-177
254
51
226
-175
34
-202
28
21
-89
-38
30
4
53
78
112
103
-68
31
-290
-217
-45
-164
55
140
4
-37
-268
73
156
-19
-27
-76
102
52
-50
-128
64
-160
233
-55
117
26
210
-63
-137
153
58
137
-160
-309
169
30
-166
43
-218
60
36
137
54
0
-67
1
73
-71
-46
-189
13
-159
-36
93
66
-48
62
-148
180
65
197
-86
-289
165
39
83
20
-34
87
182
-53
213
-185
71
-145
72
-152
-71
-177
-256
-21
252
225
-223
-274
174
341
-28
93
-89
19
19
205
-31
-198
29
-242
-235
106
-101
50
134
-15
310
-58
-2
-273
-7
74
54
-164
181
142
-126
-251
1
156
12
-187
315
-288
-59
15
-4
-142
-19
-345
46
112
84
16
-74
-218
164
-138
-172
87
215
233
115
49
111
-93
88
147
-4
109
-174
-185
95
-87
56
77
-50
71
-48
-61
18
34
-174
-48
-57
80
-56
120
-18
-83
-29
-54
118
-152
4
137
-55
-439
69
34
28
209
86
129
-83
131
-134
109
131
-104
27
151
53
-41
86
-76
112
60
-100
160
-12
-166
38
176
-14
-101
-33
-133
128
69
15
-40
-295
-237
-123
80
49
35
-50
236
20
-19
-15
-75
140
336
149
218
-105
-66
31
35
-17
-24
-66
-102
-130
-218
-120
39
-318
136
-74
-78
140
177
16
-115
81
-26
66
136
-71
145
-122
-14
138
96
-249
-72
192
-274
419
62
-65
-191
-149
205
186
-122
114
-212
-79
-60
120
-210
15
-367
-131
-24
22
-219
239
-149
12
-5
161
-55
12
-281
-50
-188
268
-6
-84
197
-6
-128
136
-159
-218
-63
-87
134
-50
-169
71
-29
-62
89
77
-54
-44
378
222
-189
-263
-62
-61
107
-64
-91
71
18
63
90
-24
21
-161
-191
53
-92
-147
102
-15
-80
-95
46
-54
-141
55
-138
-10
-89
-170
38
-28
-16
218
-120
-93
-117
229
389
-41
-206
260
1
-163
-82
33
-119
-120
146
23
65
-102
259
-124
56
146
-204
-81
-141
74
161
77
-44
1
32
121
86
-139
277
-35
-91
254
-67
-18
-110
239
-187
162
2
-43
236
-212
302
-37
53
309
-13
0
35
2
-116
-385
-118
81
11
6
126
55
84
46
-382
-398
38
-8
45
-50
-10
71
-184
292
-176
66
-84
10
35
-180
-126
77
123
-87
-243
-163
119
-83
-163
-49
154
-55
-10
91
-13
-23
-56
-78
78
-80
-162
130
-65
122
-143
111
-175
-159
-3
-41
31
-42
288
-174
-92
-21
-135
74
7
87
-94
-7
-303
-65
-55
-93
46
128
94
-181
95
-462
382
-295
36
28
-117
-153
-10
-157
-7
-33
-224
-19
-28
-296
-111
-169
180
-12
124
-62
-32
54
-118
-24
-39
-91
-374
-79
-241
128
212
79
259
72
-87
43
-180
124
114
-79
-99
-69
38
-80
-155
-116
-116
173
208
-158
114
54
42
78
-112
35
6
-105
42
63
-187
55
-112
117
-60
204
158
-271
155
-95
-108
48
161
165
-44
-87
-94
-113
61
118
-268
-10
106
62
-209
211
-89
-151
17
-158
126
-98
-217
-187
-25
139
66
78
-122
-110
-45
182
315
209
112
-274
259
12
10
-69
-157
126
14
-94
-30
207
-117
-222
38
-238
73
-40
-115
167
-110
-143
-76
12
79
88
78
-139
-198
-91
0
20
-131
-119
10
169
-100
144
-20
-107
-20
-171
59
-273
-99
-149
-29
58
106
59
-64
173
-41
131
-80
-99
123
146
-108
120
78
21
-45
268
-12
-61
247
-164
50
-387
-211
195
-159
92
24
199
-38
-2
77
92
43
-241
99
44
-103
164
179
124
130
28
-155
-86
155
185
-108
-45
93
42
112
150
32
110
190
-173
-12
-14
330
-30
92
22
-98
144
-20
366
-44
-219
-12
-39
-139
-149
-51
11
-176
105
20
-127
35
89
72
-181
226
39
110
-122
-121
190
-96
182
4
47
92
130
-57
101
109
-89
7
-371
77
195
109
8
-279
58
-36
129
30
-131
-221
25
191
81
-19
-68
61
79
-24
235
-17
-89
-237
-9
80
-129
-72
-352
-84
-91
30
-66
164
30
22
-131
-207
104
-206
-73
-150
-3
6
-49
154
92
124
303
269
-203
183
-129
134
144
90
-172
-12
134
67
-50
-85
62
8
-165
-31
120
-313
-56
-83
67
108
147
376
-238
-76
134
-4
270
194
-207
140
205
-112
-142
3
-130
240
49
-139
-57
43
-215
126
41
-32
192
35
63
-242
145
17
69
140
-133
20
-229
-237
-212
-188
-91
65
-85
-137
-28
41
-68
-14
296
219
-129
-240
48
286
75
-92
-57
28
48
39
-99
64
141
242
197
309
-206
-62
88
-121
-53
-130
270
11
-191
-60
193
-216
-57
254
14
130
-46
-66
-4
103
-57
191
-19
13
31
-131
-19
-229
341
-236
-2
-29
184
128
90
-41
-116
-4
-174
237
-34
-89
-246
241
-138
-180
6
-68
14
-255
160
-45
-15
-137
-113
168
-95
75
-137
-138
-55
45
322
70
-79
-39
61
152
46
309
45
-258
1
97
-59
-514
276
-29
-27
68
-180
-86
-85
271
82
-84
18
7
-171
217
71
-41
-184
77
1
59
45
146
45
56
-248
39
170
-106
114
-110
-74
73
1
237
162
56
139
-210
150
102
-77
78
-178
67
-186
142
-88
68
-28
-224
-58
-118
-41
-16
170
142
-247
-71
106
16
-68
9
230
-113
-280
-118
108
34
-101
109
110
268
-71
-150
-27
182
-77
52
-305
-385
224
-19
-70
73
132
-184
-45
257
-129
42
87
62
36
273
-9
141
-176
-71
76
-81
187
6
55
-39
-15
-183
203
-161
-97
30
61
167
-14
51
299
200
-137
-27
219
191
-59
126
-66
88
-131
-79
55
133
131
-67
-96
-38
-26
36
143
-204
-55
-86
-55
-80
-145
104
133
-219
-262
139
-122
130
-178
-47
-25
-65
95
-119
-111
98
49
19
201
229
46
-219
280
150
-225
230
57
-210
327
-94
71
-86
-185
-113
473
-184
46
-219
-105
24
78
-261
116
-112
-79
-145
-210
312
125
-96
-113
-59
115
-153
-10
-61
-164
-8
-22
-104
19
66
32
74
25
-192
19
74
309
168
100
-184
0
58
1
11
32
-16
91
155
-108
29
-47
167
-132
-171
5
-14
-69
-21
-234
74
287
125
-246
191
75
-83
-9
-137
107
185
179
-68
149
-155
-20
-22
-301
-249
30
133
-65
38
344
-79
178
5
25
-56
-125
49
234
30
17
-205
-242
-15
-53
115
110
16
-329
-98
72
5
155
90
-58
29
30
-89
-126
29
-54
-6
111
-121
113
95
27
85
100
49
260
204
-29
88
47
188
-59
114
-30
-178
129
105
101
144
-212
3
-130
-42
136
-91
-21
-144
136
-49
-175
-157
43
-60
-78
288
-84
87
62
-110
-244
-64
-112
292
-133
-90
87
-13
-145
31
-12
77
-127
108
-102
-332
231
202
-79
21
173
-133
-186
-134
-3
209
-47
-156
41
230
135
-82
121
-114
-128
73
220
-13
130
-40
-39
54
-25
155
-208
9
-189
99
-29
64
100
109
-127
-84
235
205
-3
-225
31
-75
79
-25
59
98
-133
27
96
-204
21
-141
38
-47
135
-33
139
-220
23
-129
119
-68
99
-126
-170
15
257
65
85
57
9
-93
20
281
-218
-166
43
145
-19
18
-191
3
161
-87
-53
144
-132
136
162
-202
-23
-53
40
-333
154
188
236
-236
273
214
117
42
-158
49
202
-2
-360
-131
-31
-289
-276
59
-215
-279
-80
-216
129
103
-85
-189
-77
84
-50
-98
382
142
-52
-57
188
52
138
443
-253
144
102
-81
-150
-188
-140
49
-134
135
-85
235
-53
249
-117
27
-64
-297
80
22
154
199
38
112
51
151
-217
-178
-111
-13
37
172
-16
-79
131
191
141
-150
-151
137
32
47
-24
-59
151
-61
59
56
23
-112
110
154
-78
-170
79
51
-27
212
-65
197
-111
-31
70
-36
-115
81
-17
39
4
8
204
37
55
-172
286
94
-27
-6
-76
-256
128
55
-232
87
81
21
-88
100
135
261
202
-66
59
-380
-26
116
20
-55
146
-229
-175
-85
42
-39
-162
-246
153
10
60
107
25
7
8
78
223
-6
126
47
347
-21
-90
30
-35
134
-1
-23
-66
-148
-31
-52
27
-193
99
-47
225
165
-58
-55
162
415
-42
-183
39
20
183
-132
85
5
15
96
212
-70
173
242
-125
45
23
-7
134
45
-106
-267
154
-26
99
25
140
-288
-159
-83
11
239
14
-202
-77
168
192
-245
-89
-57
-47
13
-105
4
-38
-72
-21
-54
81
-246
38
121
221
-56
-36
195
-19
46
-191
113
22
-68
53
-161
32
131
-146
-73
-127
-53
13
193
-10
-93
66
168
71
-60
175
-239
-39
91
-121
-203
170
-167
194
-92
32
0
98
48
177
-13
-86
-151
67
-145
108
-204
-112
60
110
301
-84
456
203
24
207
121
78
-31
-149
81
-112
152
-150
28
-286
39
-113
-134
46
-153
118
-19
240
356
305
-16
-68
-409
45
-40
-186
155
98
-76
7
-20
-129
57
-99
74
-70
318
-118
76
-386
8
-252
97
219
65
-114
48
269
-237
24
-47
-47
108
-29
-180
113
51
172
-69
3
22
-177
36
-153
-15
-6
-83
90
113
-144
-76
43
36
-197
-3
-165
-54
-23
123
-6
127
191
6
60
50
-248
-81
-29
100
-139
-87
-286
44
17
-121
137
-28
280
-174
128
112
-378
161
-190
77
82
250
120
25
125
-300
-166
202
-129
-39
-162
-130
-115
-51
-74
44
-221
1
138
-92
131
237
-7
19
-180
-123
98
-160
140
150
-4
232
113
159
125
-36
-64
-56
-39
61
191
113
69
-113
-152
24
-20
-6
129
159
94
-102
-59
-48
53
-30
-189
2
101
-49
-131
3
-72
-86
-29
-18
-222
-110
140
36
-196
37
-35
-242
34
12
143
193
24
-223
49
-348
-84
62
-17
134
-85
154
-1
-40
194
-198
231
-248
215
72
-126
237
108
-98
-143
108
15
277
6
54
-149
-76
-7
-167
-186
-88
-81
24
-369
-208
99
-39
78
120
200
151
-67
-152
-164
72
-235
43
42
130
-122
168
174
-181
38
264
129
153
-29
258
-148
-33
68
-154
-37
6
-87
-63
-67
-52
9
-48
30
108
-107
56
-255
28
27
118
-180
-123
-232
-64
20
43
-90
113
-75
-170
-100
42
112
74
112
24
45
203
58
55
-149
12
-152
-24
111
-280
-116
-71
-21
-94
92
-163
123
-88
258
-351
68
126
-4
28
-55
195
-237
-71
-4
24
138
60
-25
-191
-185
143
-166
-90
-46
165
114
-116
-128
70
-176
-43
91
-6
14
-293
-263
-68
53
65
179
354
204
-44
-76
-50
-282
105
228
282
189
25
-116
-144
178
71
-3
-366
139
-133
-104
5
121
190
81
142
165
-137
81
294
250
119
-85
50
10
-235
-198
-223
33
-74
-299
146
104
-12
-45
-143
-31
236
36
117
-230
-104
-210
35
9
-80
-94
175
-392
90
-82
1
-280
-67
283
-128
-28
278
77
130
-152
-173
-5
-7
-52
114
41
-6
-5
-102
-217
360
136
122
-250
8
-242
-5
30
-50
-255
-210
-133
296
57
-3
75
-152
-116
-188
48
-40
-22
-73
137
17
252
-90
-45
-172
299
-119
12
154
99
31
-101
190
-27
-40
-89
-296
-188
-87
284
-75
-70
-236
138
143
259
-123
-144
-336
77
284
-1
-20
7
196
274
-35
-146
-158
196
-64
-112
73
7
-174
66
161
178
153
26
-18
-362
-72
87
122
127
1
-50
-292
43
67
-213
100
10
52
26
-86
-93
-122
74
101
24
-425
-41
80
42
150
-42
160
-218
206
153
62
-52
88
52
-51
-124
64
-15
287
-144
59
70
51
126
-145
21
-28
-69
163
-40
-8
-186
12
287
-211
-105
34
-44
103
33
103
-248
203
-183
22
-416
51
18
50
0
-168
-182
332
-317
201
58
-12
-6
38
-19
2
50
111
174
-207
-57
173
-7
24
-149
-43
-186
-134
-132
256
-151
-176
-185
-50
-15
-146
-31
-246
35
-268
36
84
-23
-92
-26
158
-50
93
67
30
-111
-111
-240
-277
25
103
-185
12
-223
-67
-173
-79
-25
-58
-92
-2
98
-8
170
-410
-20
94
74
-315
216
19
177
150
-20
-113
133
227
-62
310
-206
-71
-17
322
-140
140
71
-24
171
-79
134
456
69
-57
-142
-113
54
-167
-116
-140
128
-139
208
-11
61
192
102
-25
-264
-170
143
-25
-134
-137
-350
-166
0
46
49
-107
-39
-54
7
112
-251
-60
-105
-339
16
-99
11
152
-37
264
-153
-82
66
198
-49
40
-27
91
170
-51
-15
-134
-80
56
-155
-98
204
-108
-70
-191
-272
104
-1
-106
-110
5
-82
-122
-15
-18
213
55
238
-146
-140
-87
150
-60
-54
-199
-24
-48
-371
69
127
30
-207
-28
-71
56
72
-164
178
63
-213
-28
-85
81
-357
-227
216
-98
-53
-37
21
131
1
-65
170
44
-100
51
-228
-91
-33
73
47
62
36
-82
153
-117
175
-102
64
102
-96
290
-148
-236
-122
-4
-282
316
-101
-101
-8
243
183
-24
-104
1
-137
-185
-152
-15
-163
51
-81
-43
-23
111
-11
36
-204
200
-112
-13
264
-232
-146
-181
88
2
-55
37
248
-176
176
210
-167
13
89
-69
230
-312
23
7
32
-107
178
120
13
35
67
116
-197
-33
-79
-106
-143
-44
102
239
-191
23
246
-230
-221
21
185
55
164
-37
147
-47
183
-46
-154
-3
-61
-44
57
259
244
64
-188
-112
82
44
-3
-21
264
112
-36
-122
99
216
64
186
65
-6
21
-1
63
82
284
197
27
43
-227
41
-230
246
-203
334
204
-149
-57
-247
131
-325
155
0
28
114
-97
9
191
184
-34
140
80
-194
-118
198
-3
27
187
10
-97
-7
-92
-164
38
376
-149
-66
-61
156
125
218
73
-8
229
-270
-9
-20
-174
-337
57
192
-142
155
89
43
61
-320
334
29
-71
81
36
25
242
190
70
24
-55
-287
-21
-327
32
59
-53
-46
-116
-6
-127
-175
-206
58
-38
264
-52
-193
188
29
115
-80
121
182
147
-126
-58
249
77
120
270
187
-104
61
-80
-228
-206
93
254
67
-12
-160
40
2
-288
-115
-95
-140
-186
-236
-243
-177
186
29
-163
103
-70
41
32
-53
116
26
-185
122
-28
5
-45
227
-103
-72
95
127
-212
-245
-191
-9
354
27
-63
-123
-107
-61
274
26
-54
-77
9
18
-97
285
19
63
119
120
96
-26
-128
-292
75
-120
-18
-93
54
22
66
-62
-74
10
27
-154
17
23
-125
166
-128
111
284
132
-209
81
114
-105
3
114
24
166
-148
16
-30
12
176
164
46
-142
312
162
125
114
-27
212
37
-151
-42
94
-199
-149
125
-50
128
94
-16
-104
150
256
57
60
165
-201
49
-257
-54
264
-6
73
-124
169
-213
-72
83
14
-69
-18
50
-2
-197
-106
-54
126
39
22
21
254
6
114
4
150
-52
26
18
-129
82
99
35
-160
8
188
198
29
-103
243
138
-42
89
-101
-86
-211
88
14
120
24
-41
175
-166
-50
-86
-75
-66
70
73
-161
-49
47
43
-95
-86
-187
142
279
-40
-198
-104
-22
30
22
138
-102
-18
139
217
74
93
-208
-97
274
-183
-120
206
-139
-13
-181
184
32
61
159
13
-192
60
233
-107
-112
-123
-242
37
90
-24
127
-10
-111
229
1
55
99
22
-90
-45
-278
53
-275
-265
-82
-93
-14
-115
281
20
65
-347
88
-34
-139
56
192
-28
76
141
-28
88
107
-142
-31
-59
127
-200
255
-141
104
-39
-103
66
278
-188
151
50
141
161
276
168
-40
65
-235
-127
-165
-36
52
-15
-61
47
70
315
1
10
-152
-140
-157
156
-281
218
129
163
-86
123
137
-83
-401
37
195
210
-61
-165
9
121
235
-56
-88
31
14
-237
-13
132
-79
-122
-59
-242
-8
-33
-120
-94
-81
-224
-67
-218
-161
163
268
270
239
28
-44
51
44
-202
-83
359
-295
55
-140
56
-42
-76
79
6
-101
-155
43
66
134
-248
160
-88
-44
109
245
-49
266
112
158
194
185
-168
57
1
421
10
-147
22
-19
-235
248
-71
3
185
-62
-3
222
294
-156
208
-77
34
-82
-157
-88
-73
110
-83
128
94
-96
217
-136
-22
99
-119
113
279
-390
297
74
-151
-93
113
-140
-9
-266
10
111
-121
-164
246
-155
74
-168
49
-92
109
13
-106
-33
147
58
77
83
348
293
82
64
-95
-236
-44
56
-62
-81
-16
-178
-45
154
-29
233
-222
17
177
-304
-119
-92
125
299
347
138
-96
224
29
153
215
-145
-205
44
-78
282
-6
22
-107
-76
9
91
167
229
177
-102
43
93
84
-124
14
203
-244
194
64
184
216
-83
89
-49
116
15
-140
146
74
99
-228
-7
-122
27
-202
3
-315
-276
1
4
241
-111
-27
-305
-51
-142
-81
-30
-62
-316
103
45
-46
-264
-204
127
-241
75
-164
132
-167
-59
-9
43
58
78
-71
235
-15
-16
-222
-362
182
57
-16
376
-46
47
-100
22
-385
-61
147
-18
-96
-184
238
21
99
56
26
-33
118
211
-237
-221
-64
121
144
-49
-185
-208
-15
99
186
-44
81
-193
201
224
-126
-118
108
231
85
138
-95
-116
49
-56
-133
46
38
-158
37
142
-242
-51
-134
-172
37
523
-43
106
-67
-14
9
80
-64
78
-150
-161
111
20
234
27
-69
-2
-267
-2
81
226
-40
86
-93
-80
101
-67
-172
71
225
88
-24
-54
121
-131
-220
-227
119
60
-112
-78
-133
86
-216
192
-65
-113
-70
11
21
-170
34
-84
69
-6
-40
72
-163
-75
94
222
166
148
-101
45
-13
188
-82
-280
-36
-177
-118
-19
-107
118
-57
104
-54
-46
82
-251
-52
-83
191
-54
39
74
-202
27
51
-110
19
-191
72
113
114
181
-118
-249
58
37
180
-225
33
-60
61
456
-136
77
-42
30
-9
-118
92
-163
-6
-110
253
35
-426
259
168
-17
70
-158
-191
-90
83
-62
19
-37
6
-60
-230
-55
0
-47
-172
-101
14
-36
-23
216
-24
107
72
52
167
-18
111
-170
197
-37
-21
125
478
92
89
-10
-169
92
225
78
11
-78
-43
150
162
223
90
-115
90
-181
-41
-95
-220
84
-2
209
-121
-40
4
-325
61
196
-7
-151
-38
-75
-71
-125
-19
-53
-23
216
-218
88
197
-116
-78
-97
-114
-252
-146
-160
122
-423
160
-289
-70
-62
191
-55
-127
-54
-70
2
300
41
-48
-112
217
-73
219
-22
-69
120
-19
181
-65
-305
37
-142
21
40
1
-66
