24 78 256
0 11
0 13
0 18
0 20
0 21
1 5
1 6
1 15
1 16
1 20
2 0
2 1
2 2
2 14
2 21
2 23
3 0
3 1
3 21
3 23
4 1
4 15
5 1
5 12
5 18
6 15
6 18
6 23
7 4
7 6
7 9
7 13
8 8
8 13
8 15
9 17
9 22
10 4
11 3
11 4
11 6
11 7
11 19
12 1
12 2
12 15
13 10
14 11
15 5
15 8
16 0
16 1
16 18
16 20
17 9
17 22
18 1
19 11
19 15
19 17
20 4
20 10
20 13
20 14
20 19
21 7
21 10
21 13
21 20
22 1
22 6
22 8
22 12
23 3
23 7
23 13
23 15
23 22
34
65
16
38
69
13
56
23
57
73
52
10
36
67
35
30
27
24
32
14
7
48
46
66
74
64
37
44
40
54
9
58
77
6
50
18
31
25
22
17
41
4
71
3
8
26
15
39
61
2
55
68
28
33
59
51
20
47
11
62
63
49
45
70
29
53
42
0
19
75
5
1
43
60
12
72
21
76
7
327
44
200
161
52
-246
-281
-202
-296
-374
45
-176
-178
324
-41
-52
38
124
219
176
465
-61
-126
-48
462
-293
-175
-249
-21
97
220
-373
-31
-130
290
-165
12
251
-487
-293
581
-47
319
-333
-115
-107
90
148
438
145
173
180
-61
-8
-55
150
44
-230
-288
-229
97
-381
-495
243
221
39
-113
-382
-200
65
-113
-306
87
-210
112
-179
531
289
910
624
568
-166
-7
16
-180
-227
151
267
102
130
-120
-57
44
53
-495
-357
-140
307
206
454
207
-189
-238
514
-211
-218
220
-91
-118
207
194
-478
-226
454
6
174
-511
-324
-18
117
-136
-167
-340
-264
-93
-35
226
-160
-40
-270
-394
-228
26
15
-90
-33
-316
56
30
340
-97
143
176
56
-31
-425
9
152
355
-201
-120
-38
89
430
307
46
-3
-177
99
99
-97
197
-44
-314
-151
-234
43
-99
215
194
-392
-18
266
-186
4
-35
-59
38
116
316
157
94
33
474
-273
285
-255
-162
125
-246
322
-410
-103
-124
-388
446
-133
14
300
-133
293
-253
363
262
-378
-59
13
-286
-29
-275
216
-444
232
-22
203
360
-155
127
-172
-313
-92
26
79
-133
21
-110
-201
-31
307
-113
243
189
94
114
-228
98
4
15
-741
-16
125
289
-114
-454
-120
87
233
-330
275
-34
-39
-147
337
373
681
-17
-131
-55
-351
153
-185
86
25
101
42
-285
-262
95
27
404
-88
18
156
79
448
-17
-9
336
-170
-9
15
349
-491
823
470
-271
-245
-245
-158
109
12
-25
-152
-283
29
58
186
284
-207
-260
-331
-139
629
311
70
194
-429
-214
-178
-292
389
254
667
-524
93
32
51
-346
-590
-45
-434
-421
320
373
110
-56
240
-342
-60
177
-181
90
-98
-19
413
84
140
55
-584
201
-124
-266
-320
44
171
253
-48
-466
94
-291
-81
-371
292
89
91
201
-228
-209
302
160
413
-130
256
-358
-120
514
-136
-524
656
-134
330
-109
124
-152
116
-32
114
-207
131
-245
-131
1
344
-119
273
252
-162
-336
371
-110
122
25
153
88
118
317
344
198
206
-38
-24
172
246
121
-47
91
-307
-37
468
-375
-537
272
106
-292
141
-67
181
-410
-334
98
238
188
-94
387
-316
189
192
96
-227
-113
93
-114
291
-410
41
53
431
216
408
11
225
-107
-258
190
-105
31
162
-184
-37
-798
-371
-226
-104
-458
-198
-163
-137
199
387
-93
288
-208
-166
48
-113
25
471
101
-72
123
6
94
87
413
-152
205
-270
-258
108
125
-200
15
-318
-203
-46
-127
-41
164
104
20
622
-288
-217
319
-93
40
372
-361
415
-370
-2
-555
-185
32
-258
-246
-38
-134
-138
-123
-275
77
-659
-62
125
-102
-8
-492
-164
127
117
-26
31
13
200
187
-273
268
68
85
133
144
20
252
-301
-203
90
-363
417
-506
275
-175
261
270
186
-331
-338
159
290
-74
-301
3
-12
133
-170
-33
277
10
-233
-530
98
74
-127
-17
448
-206
-328
125
-158
-81
-505
597
-216
-161
-137
-249
-392
-642
-415
5
176
88
-409
26
109
516
-94
-107
99
-276
499
-297
330
55
-157
-634
-174
-290
201
-135
-244
-246
13
-131
57
523
55
85
-35
509
140
219
-81
272
-146
13
221
283
-24
187
-31
302
-66
228
164
-88
61
387
-283
148
290
49
472
438
452
91
312
-111
110
-11
164
307
-54
41
-239
-36
-222
-52
-291
23
40
245
-338
349
-548
244
-193
-68
-415
-129
507
-250
652
246
393
-397
-185
-195
674
-549
465
-17
213
-139
-330
-60
-163
168
108
526
-122
-189
-241
-116
-255
65
262
-254
54
41
-11
11
320
-172
344
27
-404
-200
-279
-62
-135
-135
118
-206
-346
395
258
-280
-243
-52
-260
86
-248
517
-105
-79
-280
-134
-337
149
-254
-105
-335
546
-232
-358
-370
-169
-731
-10
18
368
317
81
-38
40
-401
-164
-242
318
335
-431
382
-18
292
-553
-295
-296
2
62
-258
-156
-309
59
325
380
-295
-317
49
-300
-13
250
112
-47
-307
210
-301
-304
258
648
104
-46
-114
135
-450
348
129
-188
274
169
-125
357
-148
59
-95
596
-193
-137
40
167
78
-186
178
189
332
72
31
55
-149
135
-565
21
360
-237
-338
-87
-18
-55
-21
346
105
39
-494
217
253
-322
-522
-624
57
-140
-1
71
-345
-63
317
-40
434
75
195
252
-525
-364
32
123
96
84
294
236
-246
133
545
-125
-62
-299
562
-16
-332
-306
-76
137
-232
-186
326
-733
125
-298
324
-116
114
32
-213
-46
-518
-170
131
-540
-297
-149
239
376
-548
-212
-118
67
-263
-158
-457
-337
76
486
-409
138
-226
116
449
306
-301
187
115
-123
50
-304
171
-389
-213
104
76
101
212
-28
-17
460
-219
-122
23
70
-125
-250
-308
131
-94
219
30
-499
-263
-17
-110
87
-732
181
199
-100
-877
-54
83
-18
217
-174
3
-4
-359
-83
-348
-60
161
-83
282
-376
-51
-216
-34
45
-86
-134
-199
-63
457
-42
-308
-98
148
-158
-1
-63
297
22
112
152
171
446
263
92
-359
-15
233
185
75
-144
-240
-201
70
-225
-65
193
73
10
-34
234
373
112
14
20
12
165
304
-115
-377
198
43
-621
20
-7
266
316
285
-163
212
134
157
-141
-142
-322
-387
-274
-123
42
76
24
-17
-480
-242
145
92
-45
-133
-253
21
-307
-209
-214
-56
-254
133
-28
476
-184
24
-157
-41
-174
-229
170
-467
175
112
30
-19
-120
624
-346
271
-153
-104
-200
171
226
11
-666
-78
-4
105
90
49
-8
-391
302
-159
-210
262
-71
-194
-430
-236
102
-3
-5
39
-145
-416
132
-101
-155
-479
106
47
-95
180
-76
-25
14
115
153
71
-612
-577
129
-130
306
249
310
-149
114
91
153
136
-240
-56
199
223
-527
-10
252
368
136
223
-105
50
-150
443
-292
-248
14
-322
241
-388
-468
604
481
-170
216
162
114
147
164
51
49
-378
328
-30
-170
-171
-167
-211
-110
134
-78
157
500
373
-197
367
5
-58
-331
-302
-267
247
45
-62
114
-74
31
159
-464
-27
-124
135
-471
-188
-117
12
312
-372
230
385
28
-106
249
-273
-236
-217
-119
507
-128
-143
-16
-230
-260
-591
-250
245
-92
-184
-98
379
150
-297
413
-260
66
323
144
-162
-44
318
-76
-518
-222
46
422
107
-105
-500
-156
432
-2
348
-98
399
-510
169
-313
129
-9
56
149
-74
-26
484
128
-119
-191
-173
-500
-149
71
134
140
182
183
-189
-175
139
-211
-397
194
539
-78
268
-667
352
371
-489
-175
-254
-39
-27
-9
-327
184
-23
256
199
116
11
-184
518
-360
-154
255
3
230
36
-220
-184
-74
-484
-78
-220
169
-164
213
392
83
406
1
144
281
152
21
218
334
292
95
-27
185
503
-157
172
-487
8
102
-271
-100
-164
86
-291
92
-519
-281
177
116
-207
-142
-158
744
295
-53
-205
23
530
-585
-171
163
-397
-298
346
-190
-275
1
82
-156
-78
-64
-32
-229
263
-242
-387
405
-160
-409
-44
20
414
-191
-181
-94
242
-441
-232
-169
317
310
439
310
120
240
78
86
124
-276
-446
296
29
-43
-91
-166
-269
228
155
206
-178
250
198
-137
-479
60
-108
217
88
536
-246
351
250
46
199
-372
189
260
-350
107
-576
-106
-128
198
115
48
-323
130
-241
-710
-125
296
389
26
180
54
-333
-280
-120
256
-176
-430
-90
-95
-352
254
223
-457
256
192
-15
253
635
134
-146
-63
116
-168
-245
207
-61
-264
-268
478
191
-281
21
-107
-46
-25
195
-269
-238
24
482
113
-282
-575
-114
-318
-300
261
126
337
404
-98
322
511
-35
346
192
-138
120
-75
12
-171
244
228
-378
-215
-130
-373
-426
-170
-78
195
-195
-217
49
-141
-95
-200
-228
-316
-478
15
-175
347
-172
219
270
169
29
-270
-121
-176
56
-223
-37
-420
-405
-96
482
178
155
-17
280
165
-511
-77
37
191
-266
-267
-359
-377
389
-204
225
23
-129
-13
338
202
328
320
-290
14
-60
-211
-366
342
61
175
197
336
-285
157
252
138
57
96
-218
-67
661
23
542
286
110
285
-617
-134
-176
362
611
-155
48
-269
-125
-129
-290
-55
-298
-89
257
243
28
-31
325
-117
167
-498
544
-61
64
-74
139
281
-151
271
307
-312
-384
-112
122
-481
154
-227
477
357
168
639
-23
18
-334
567
-166
297
-221
-273
-66
-171
-123
-135
32
-106
148
-128
30
-721
115
-293
-464
-137
-155
-111
-86
390
96
-209
-329
73
-199
-537
-94
-32
182
-130
53
-132
-118
-312
-180
-244
-293
-456
-220
-579
-382
-222
382
363
25
-206
345
-220
606
182
113
188
159
67
56
-132
403
204
-356
123
-311
290
-672
-145
488
210
201
-597
-206
505
113
24
-196
-97
154
67
499
-71
-10
594
58
-3
-533
-184
-64
-969
8
65
-29
-274
-539
-388
-91
341
-24
220
5
-104
-105
-147
356
-123
148
30
88
-256
114
271
-112
-410
-10
5
-188
-528
-14
76
39
-379
-434
-47
239
-29
-329
-133
541
248
538
-162
-27
476
-386
-91
81
-600
305
382
-190
96
170
219
-617
-157
41
-277
228
476
354
230
-310
-66
-123
-262
288
48
-103
-311
234
-25
125
-62
137
339
72
50
-177
-578
-138
-194
-196
-354
-250
175
182
-365
-225
-229
-107
4
-98
61
-270
-41
-104
77
142
42
-189
-454
169
160
-102
166
-229
146
17
251
-19
117
452
135
560
65
-98
93
43
-89
-113
-249
-357
-262
169
314
38
-10
318
-288
470
5
295
-53
385
-137
-65
170
-141
-669
304
599
474
138
265
412
227
-214
265
367
86
172
-71
5
75
135
445
-201
-149
-45
316
133
-457
394
654
383
114
788
-334
147
-44
107
81
102
-78
-104
302
-351
355
545
294
-202
-93
-383
-26
466
246
177
-329
120
82
-17
-66
471
36
80
128
-444
121
301
-111
372
-54
-188
-363
-34
-64
21
-105
-302
312
-322
-245
612
-18
234
106
-431
-192
248
481
-227
198
-533
27
-81
-528
118
-161
374
-124
364
-87
179
-51
178
292
-34
-29
-4
478
-78
149
129
-397
53
89
31
358
169
-85
208
-327
-220
168
73
46
56
0
-308
519
393
-168
-79
185
382
-292
-336
132
-188
-383
-71
-470
16
10
27
210
150
-305
78
78
-83
259
19
21
281
-269
-44
-445
-33
-35
52
-452
-5
294
112
-400
7
-40
289
-186
-145
-30
193
97
-191
108
245
-11
-198
-324
126
270
-110
177
117
183
9
-264
-192
16
-155
-321
64
-231
-105
-25
204
213
-40
-184
192
174
-223
-74
-262
-133
141
-49
32
245
207
87
222
-305
-25
48
-345
147
191
-441
-418
-72
-185
-48
223
34
156
142
285
-330
48
80
61
165
-338
690
-266
83
186
-23
-210
-202
224
27
-33
85
-300
308
-104
70
-180
468
37
218
-77
-191
-355
-257
-155
192
-116
170
-100
288
95
165
-354
-34
216
-13
-407
113
25
-144
450
-262
-202
-31
-379
90
648
171
128
-401
115
-272
-161
215
161
276
50
-152
-173
250
158
238
175
-342
-228
141
296
63
466
16
170
-220
54
-29
65
266
-89
-202
-387
608
-327
71
-71
-61
254
101
-244
-481
-60
17
-126
578
113
63
196
165
-148
238
134
-234
-455
-96
303
137
-415
146
-131
-17
522
-187
-405
-41
101
184
97
188
224
329
167
-105
-231
251
-71
144
99
-223
-298
433
-122
1
-124
-283
-114
-71
-102
-169
253
-250
-394
-3
-210
-33
-134
89
119
-823
-81
229
-374
286
22
-436
127
165
473
160
-271
-86
284
-62
342
-148
-356
56
317
-84
275
88
-533
113
-274
337
177
-95
-13
-388
-74
45
146
96
156
588
-54
-176
-306
297
-297
-81
180
-388
-195
-162
114
-751
100
-201
209
-84
-662
-124
308
24
-130
179
-201
-74
244
-518
-83
-178
-364
-607
-275
130
-192
71
-43
-252
-124
205
-423
436
-95
-184
-227
607
3
137
105
-221
-23
170
-268
-472
-106
-102
-72
-34
-217
-61
-37
616
314
-92
-173
-23
-342
-35
-268
86
143
-475
-55
220
-52
134
-164
220
-45
-39
-359
82
-293
-299
96
317
-33
-218
75
231
-241
-88
292
-14
-200
306
261
408
-258
-95
-350
51
63
314
-258
-247
-127
89
-42
-23
387
-22
-9
177
8
-358
46
-216
-714
119
0
-565
-37
-67
304
-300
-48
-72
173
-384
-424
356
21
-81
222
-75
-139
-326
154
-470
-153
296
152
-171
-127
535
168
-163
-14
249
-102
-645
-544
-123
-297
259
-155
428
-12
138
-22
-150
-50
116
345
185
-303
-41
397
-234
591
49
28
-89
-37
112
18
8
-166
-3
307
394
-100
-19
-415
38
-182
117
395
12
437
66
577
-295
-210
212
-12
48
-98
226
169
65
-13
-354
-189
-248
442
-395
438
114
83
308
-139
377
181
-710
21
96
271
385
-122
-6
-75
-301
54
-44
-140
150
-276
-60
133
11
-468
-15
-69
128
-363
-112
61
-328
298
114
248
676
-329
-193
-271
-236
-115
-16
197
-196
499
-191
97
130
81
-188
-319
-139
129
-303
-212
-66
-623
-294
-57
269
104
163
54
223
86
-354
-514
75
552
124
-30
-480
-273
-316
386
-151
-232
-24
178
-494
-379
-248
164
101
-46
91
6
-35
-7
333
23
59
-345
-176
-23
-229
-293
202
323
-80
-43
74
-397
-533
-109
5
-109
-39
-448
-158
-254
315
-371
-391
-72
71
-338
-132
62
19
109
285
191
-80
-31
-384
-37
18
-10
72
-147
144
41
-155
99
-396
5
-212
-332
77
-699
101
-80
454
-362
439
112
-32
-279
333
-595
232
-101
-23
-214
99
-22
-355
77
335
-19
-103
-114
-122
-143
543
316
-82
222
13
126
59
678
-47
-190
195
-505
-252
131
244
-257
78
430
-266
104
90
-243
-61
-137
346
-326
223
-201
-136
-75
334
9
187
-77
243
7
-392
-216
-494
22
-320
-22
50
205
296
272
135
321
-128
18
-16
172
138
-27
11
196
-127
-283
2
-12
187
-461
-28
145
-170
452
262
-312
461
276
244
183
-378
-48
16
-274
375
-20
-591
-357
-456
-216
58
8
50
275
-31
-91
-241
-134
-26
158
-31
64
-304
201
21
162
-581
-362
53
-411
384
320
6
285
250
-19
-98
7
-202
-234
-245
12
126
139
143
154
-506
-147
-577
-274
29
120
259
-47
-325
12
27
-161
224
387
59
595
73
127
525
-201
-147
-308
-388
-368
102
-205
-55
-46
527
-359
-73
73
-216
441
-61
647
-152
-558
339
-33
146
-45
285
-7
246
81
461
-54
-283
-77
91
-446
-170
170
29
-12
-53
-27
-313
-447
561
-364
66
185
-57
361
-35
433
236
458
202
23
101
-204
166
-639
443
91
130
54
-44
336
-202
-49
77
-413
-590
-194
-379
-420
-234
158
55
-290
-167
-318
-163
-299
-288
-286
205
70
127
-186
80
-24
70
411
-188
-332
-132
-331
-143
215
-32
67
94
-121
-175
272
191
-149
-288
-106
140
-94
-245
-160
293
-99
12
44
95
-320
190
183
112
-278
373
240
-719
511
105
-490
-122
-168
68
212
99
137
-122
-32
-187
-81
-442
144
132
-50
45
-52
-182
115
-429
259
121
-230
1
-94
-161
279
289
-126
-218
34
-203
255
-83
338
318
421
166
3
-38
-590
-63
283
-298
-255
-357
-107
-73
122
161
-80
-363
-286
-182
-262
-63
149
-14
201
121
-208
139
-738
18
43
-515
-131
-419
-57
848
73
224
361
296
-57
284
-13
267
140
-179
-40
299
-260
250
47
-186
2
120
168
98
150
-421
-15
202
-145
-185
-184
-383
-176
2
-42
-122
-47
32
455
168
290
132
68
-190
59
351
-10
113
283
-1
-346
240
6
-104
350
-32
126
-219
-6
-53
-519
126
33
32
-99
-404
179
182
-93
-55
2
-33
102
105
-310
449
-31
241
232
-403
-289
115
181
-47
37
299
-457
-276
-91
-23
-252
-299
-176
168
-7
436
-260
61
225
231
292
534
91
182
42
-30
-358
-320
338
-157
71
135
-252
-32
-344
-88
324
-38
288
-417
-162
184
329
336
-267
52
-6
-325
39
46
-14
552
-403
-375
-587
-84
-161
-207
-113
-173
-248
82
-448
-6
409
-98
-138
-76
229
-372
-105
-179
-180
227
234
46
241
133
-26
-231
203
-101
61
-394
-639
320
9
120
423
50
-238
303
-85
221
747
-56
-168
25
87
-251
-213
78
-159
-92
85
50
-12
148
132
199
249
-253
-46
-113
-287
-62
13
-145
512
-52
584
-258
161
-160
-69
-58
458
332
-31
-23
-31
246
-32
-81
175
-98
-5
-134
123
-141
183
-73
-112
-138
67
115
295
252
131
365
286
-300
-305
144
36
-385
46
121
8
205
48
-116
279
197
234
-192
-155
-193
-56
190
91
-233
-653
-195
756
109
-45
-146
-39
45
-213
420
468
24
-236
-483
-20
266
-400
38
-20
-45
-399
51
202
-24
338
-722
-3
-356
598
-22
54
-43
-130
-478
-3
425
-163
199
-123
156
-132
-165
-22
75
-6
-363
5
19
-99
-178
22
-305
-41
44
-108
210
8
-232
174
58
-285
-128
-263
-433
85
-201
399
141
-168
147
-257
-369
187
-31
-64
686
-587
-348
-359
114
38
-61
-67
-147
67
-59
387
19
66
-393
379
116
-101
-190
-150
31
-19
288
282
347
-402
-3
-215
39
-157
198
27
-360
-89
-155
199
-297
-168
225
-219
-67
139
9
-226
17
-691
-112
-256
104
-143
-16
-116
170
-257
-587
85
192
239
73
389
340
-79
-337
488
129
547
-326
61
30
-16
-431
46
-137
77
363
86
-276
-13
-100
-585
58
127
-455
-66
-337
119
35
130
-125
-403
-329
253
-125
-161
-98
212
-301
-332
204
247
-53
-11
211
-222
396
260
171
35
-372
70
-146
-16
615
-77
-410
-80
-228
339
137
-175
184
-120
-44
105
-276
265
-525
178
306
-8
25
-174
-470
53
299
379
-253
-106
-104
306
65
177
-66
396
-61
51
143
368
280
-147
-179
-31
174
189
-369
159
377
-372
29
-355
-185
-134
155
-376
-208
59
491
-514
61
120
226
-133
-355
-327
-195
270
-192
-223
-104
-214
30
-437
-187
62
57
191
-171
-333
20
-233
480
-389
-91
-324
51
-336
13
179
12
-320
749
-131
159
-153
-44
151
17
150
205
-100
-279
-92
233
325
263
235
6
-108
-191
362
59
-139
233
-148
-117
-228
-470
21
0
-513
281
100
-315
-101
-158
-141
219
47
-365
-281
-763
-646
-12
-257
-170
213
-415
-285
-72
225
-318
329
6
328
-22
-198
3
180
-210
-33
-79
231
-304
-68
232
-10
209
-243
-14
92
95
-176
-251
229
432
-339
-141
279
-150
46
19
393
-680
37
-3
134
125
-59
101
10
-127
-248
-3
-739
15
-413
-80
189
176
-513
296
185
-416
-123
-136
504
-180
-226
550
242
-10
-113
-427
427
-20
85
187
166
-42
263
697
-256
198
19
-361
-334
-508
-50
110
141
166
423
87
35
169
195
-240
-227
-162
-149
-324
-131
-516
-399
-112
72
-159
467
153
230
136
-18
407
-222
54
-332
-255
-350
411
-455
-30
207
372
-54
391
-99
-290
296
-6
-460
58
-61
201
-79
273
233
557
349
234
16
67
3
-233
-129
49
174
105
-41
66
395
417
244
-133
-133
12
-206
14
142
-60
-200
-128
103
217
164
-177
-345
-105
-149
-385
-95
-133
195
291
-11
93
-36
-204
167
53
-199
107
82
140
-203
42
-810
132
107
-291
143
204
-137
-529
342
1
334
150
116
-330
16
-37
140
98
-62
77
11
-306
189
202
-14
-378
324
289
319
171
160
398
-64
-23
-435
-186
-302
283
125
-11
266
276
174
471
-418
66
-33
367
-141
49
210
-342
-274
-202
-122
268
215
218
38
789
-87
363
41
-89
35
484
-127
126
-186
-280
-164
86
-443
-405
133
-549
-106
-42
-72
-148
273
-100
99
-257
-38
474
113
164
266
57
-11
-143
-24
-33
-320
-432
-542
273
237
-583
-182
200
-154
311
-1
279
-343
170
-189
-576
-218
-78
334
31
-91
-330
417
-307
-246
-288
85
312
124
-113
-471
-401
425
339
-470
410
-107
141
-249
128
109
621
-255
249
190
-24
227
467
-158
207
-270
-4
289
41
-44
243
-175
213
-168
-84
339
171
-262
192
-145
227
-11
-14
225
78
400
-351
109
69
75
121
-2
237
-219
55
-237
-230
116
-132
-502
-302
-55
-375
51
256
66
224
-65
-134
2
-28
-210
209
-248
-487
228
61
322
-524
3
-22
-428
2
97
-30
236
119
-157
-160
-280
-146
-73
73
20
-204
271
-261
-9
27
-40
-88
440
111
-184
80
156
147
-177
-137
-101
-154
-430
123
352
-277
194
157
90
-284
-3
-136
-427
267
-252
171
148
-247
127
-162
-73
-463
228
-553
-320
241
33
-49
-7
258
261
-17
62
228
136
314
234
224
159
389
73
213
-390
143
-303
-232
-414
-605
347
323
-103
230
104
590
389
349
95
315
-527
369
213
407
-74
-266
292
-149
279
49
310
-279
250
506
174
171
456
4
-1
-238
-146
-65
11
188
85
129
432
624
162
-422
-98
610
79
80
13
-100
-37
49
-226
-151
-117
97
158
-383
-285
-198
-494
-275
22
30
62
-519
13
-282
-478
-564
204
-331
309
-313
150
156
-156
-60
61
-24
-137
-487
257
71
-72
21
-335
323
605
50
-411
-9
28
247
-120
-195
301
105
-167
-463
182
-133
297
101
529
238
96
539
325
257
150
135
102
82
-27
168
-103
-234
-170
158
558
354
-408
4
134
-117
-15
150
-92
-415
236
79
1
-322
-471
-6
-242
-130
-388
-108
99
-253
-204
148
278
-516
-522
-230
-78
-524
-645
-150
377
66
-236
-261
-176
164
-717
235
232
-220
240
24
21
330
243
-97
-63
95
26
305
256
75
363
285
200
30
113
-431
184
175
-258
-131
-129
120
144
29
-244
-287
159
207
339
277
174
24
-374
276
272
93
513
-101
-415
130
-34
490
184
-537
-196
305
355
-247
-44
-21
-23
128
-94
25
164
-431
470
-139
-287
159
270
134
79
-24
382
375
-184
-214
360
270
-169
-239
-451
186
-212
-363
83
-358
-95
-628
-319
-191
-46
-208
178
89
-151
66
10
-134
180
482
488
3
407
192
75
193
333
-339
-93
2
106
-377
260
38
-41
-98
-32
106
-316
-72
39
-326
216
-24
452
274
105
128
180
619
-117
-108
-56
78
392
135
-428
302
-53
8
-238
-15
-241
72
-85
-74
-451
-233
172
154
27
52
17
-282
-120
147
242
-192
-12
491
-160
-212
-123
-339
-207
332
368
216
-172
-150
-264
-242
-99
77
-67
-79
53
-114
426
-32
148
-468
122
-52
467
391
162
-132
368
74
535
-146
390
136
-93
166
-1
121
124
-354
199
267
-80
-307
-97
216
-213
-382
-242
-30
241
-191
-416
166
257
57
-434
191
147
183
-199
583
-46
396
103
113
-250
357
5
45
24
-70
-410
330
133
608
192
105
-307
-480
-3
-103
436
251
603
-234
-301
113
-339
582
556
-478
98
463
-8
-284
187
-6
-59
288
105
-42
-162
439
167
34
-84
-121
-246
230
140
21
6
635
127
-233
246
93
191
124
32
-235
-257
-587
310
351
394
267
362
530
51
223
-312
255
82
-359
229
88
-107
-11
363
-496
-50
-205
52
-254
457
338
475
-76
-146
-150
393
97
-175
-297
228
525
-273
369
-237
-130
-95
362
85
-204
-11
-362
-321
-225
-93
301
372
1
187
-334
-3
-360
83
-41
-279
-204
-75
6
193
-454
-77
-237
-243
-325
-171
-158
-58
136
-293
-50
55
-365
404
-65
99
182
-183
65
166
287
450
-423
-403
-66
-122
-285
85
185
-10
230
388
232
-364
200
-213
226
-335
-47
-400
-11
452
367
-43
-16
-33
-67
-297
-222
-257
280
-143
584
-87
-22
67
401
159
-194
50
-204
-104
-5
142
-120
-118
273
500
357
20
-156
336
-151
457
-566
-114
-474
-348
140
-92
-64
129
-89
299
-179
-270
-730
-478
-388
245
70
88
452
-32
57
25
436
346
-243
400
-177
478
-298
-281
-228
342
149
-26
-77
63
158
-665
-30
472
-82
451
55
195
42
-104
-307
89
102
-366
-210
259
-103
33
-153
76
-31
-173
31
-178
290
-382
189
27
-308
10
104
217
-334
-239
488
-296
-80
-116
110
-414
12
476
169
16
486
-286
-76
504
253
-192
-375
-59
365
831
244
-131
-468
-35
-15
-63
238
260
189
-127
-585
79
-3
-287
110
157
-200
180
1
-393
764
100
-114
209
326
233
221
-187
-24
296
61
-18
50
-136
-447
297
186
218
-198
127
581
191
336
44
231
444
-53
426
-50
-15
534
-84
-147
-106
72
104
-716
105
35
-114
-116
-286
-60
-125
-158
395
254
-275
-328
332
93
-597
-92
-174
-271
-267
-705
559
-54
-121
474
-489
-146
149
13
25
131
346
386
155
-411
532
55
-468
329
321
22
-382
-46
-189
227
367
-109
176
100
-490
-5
299
-156
-84
119
-186
2
446
-237
184
-73
131
27
167
-90
-210
-88
-410
77
332
-66
-38
-527
-20
-64
158
160
-333
-211
-773
-199
-48
294
-196
283
-20
285
-49
440
-521
253
-32
-75
-563
501
-481
145
-343
-71
83
209
-113
295
-136
-39
-108
275
-42
295
509
-163
-132
179
-216
230
129
65
-126
101
15
25
-202
-3
-679
-201
-21
96
-7
205
-251
-215
461
-299
492
-396
-51
289
185
113
151
-196
89
-252
76
-142
-68
20
238
-17
165
-235
-104
-245
69
0
-313
-388
31
175
145
169
154
-381
155
-401
160
-58
6
119
203
287
-478
-77
-258
116
22
-50
-268
165
147
-51
-224
-193
56
-25
-345
190
66
-114
211
-151
255
105
127
-260
-694
-122
465
-246
157
-2
228
-240
-489
87
63
513
-184
-45
89
-256
393
-13
95
80
-50
351
-174
8
-5
155
197
254
-134
-132
-159
25
-433
421
-135
-50
-446
-399
294
212
284
-253
324
51
-118
-72
449
-116
-156
-118
67
-404
395
248
308
15
-201
240
-292
-156
331
191
-256
41
23
112
99
-648
186
-232
118
-44
82
-73
-257
-241
203
-346
53
-32
-217
-144
202
-169
493
-252
-209
-195
-316
10
-287
-179
-455
-341
12
178
-99
-115
-273
271
216
-30
-277
-397
-59
-280
-313
53
89
320
-79
33
82
22
-141
257
204
-55
-256
-26
98
-21
45
-338
224
21
86
-61
-169
158
-422
10
-395
93
-225
-305
480
334
-188
-158
-61
-169
69
281
169
604
345
-106
-256
-127
774
287
-170
-98
-20
99
397
530
-10
14
101
-55
-137
-5
-313
90
-186
3
109
109
271
-226
-315
296
-181
-232
99
-129
429
-141
291
374
48
192
-83
333
212
-342
-41
-178
-331
35
88
-176
530
328
-216
19
154
-458
-36
213
203
37
3
381
231
330
-419
7
-165
16
237
107
325
313
-147
-169
297
-232
196
-66
398
-403
-209
137
-260
208
-338
-209
242
-325
-70
10
228
-411
302
3
-117
-443
305
-530
-30
-223
22
-48
337
37
188
251
-10
266
195
379
-26
353
-134
2
422
-370
105
-320
-95
-594
263
285
250
-134
64
45
-316
-40
210
83
316
265
393
90
507
234
-143
475
-189
-164
-106
-173
-330
-42
-229
-268
-232
-278
197
-332
-140
195
400
-46
5
271
-385
-214
-234
79
-198
254
56
-269
227
199
34
-50
-70
-146
-136
-236
-369
187
-47
463
411
335
254
107
-6
16
-158
-686
208
324
269
720
-11
-87
-228
281
-324
78
527
-170
42
-270
186
-219
-380
198
-348
-258
141
188
-267
-46
54
-20
-9
313
105
-31
430
100
-64
-417
-126
502
116
128
-43
252
383
106
183
-235
51
89
829
266
-590
212
-120
-316
53
-53
-33
-317
209
-21
-348
-323
167
146
-67
-170
262
119
907
605
27
245
60
87
-285
-2
-181
-26
107
-4
-230
-512
200
100
-147
-22
8
356
-315
-83
-40
3
-407
-27
-45
-59
-4
164
334
67
325
208
-23
-208
186
268
32
160
207
46
-357
-487
131
-252
-194
256
455
-524
689
-396
68
225
635
204
88
33
-192
-157
-20
58
-226
178
-447
-491
-133
-182
-430
-170
-52
283
-224
150
403
-383
6
-15
-110
-75
250
225
281
195
-160
133
211
33
211
-454
326
15
-131
677
261
134
173
-398
-379
-123
295
-279
60
-485
14
183
132
125
-117
168
-233
-203
86
362
-107
116
387
195
-173
168
245
-46
62
119
-405
86
-214
70
806
216
238
0
-11
-127
207
-17
264
-267
-170
235
-196
146
-402
-76
-314
241
36
-38
49
99
-116
-290
133
119
-357
-266
-63
93
156
323
80
71
-324
-290
-344
-58
-86
-119
-127
-266
-375
-136
436
139
-5
287
-78
902
-80
-195
221
-389
119
128
-57
142
4
236
-40
36
18
-827
119
-97
317
-10
-417
-149
-427
-282
-360
519
-144
-161
231
99
-163
50
-2
4
295
55
626
-266
-183
-23
278
-139
28
-184
-7
-63
-78
-94
311
487
536
302
-535
368
127
570
-39
-249
553
447
-214
228
-23
366
27
220
462
-453
-213
256
81
395
-293
-202
160
208
-451
158
-213
416
418
328
669
-13
248
86
61
154
-146
2
262
-63
-354
99
-59
-89
-281
-80
-259
313
-145
-400
362
-468
541
226
356
-139
-200
-298
65
89
176
-388
-248
97
-49
-525
77
500
94
92
-44
39
-11
-136
256
208
-332
42
-197
235
260
37
-73
-272
-164
-93
-263
332
-220
-219
62
-229
303
-416
-409
-25
-193
265
637
-295
48
-264
265
-311
-64
132
-118
-337
-333
3
-8
-103
-89
-580
-47
292
221
-225
-368
-59
28
-250
35
-198
-610
-167
-17
-193
204
252
35
237
-230
91
-207
42
-292
-107
248
69
-46
244
-244
618
478
-227
284
-25
-349
-424
-152
2
66
99
137
-72
11
-61
23
327
168
-566
-109
261
192
-7
118
134
241
-282
-98
-191
-167
-632
115
113
-361
84
148
-346
238
-82
187
-121
255
-141
544
291
268
-40
324
27
-523
-472
126
-41
-124
19
36
-11
307
270
242
-127
54
43
157
-517
551
-210
-248
492
-183
130
179
-207
-328
112
-320
204
142
127
143
-145
-309
548
106
30
455
26
-363
-167
106
-665
-102
-260
84
-131
-273
-140
-68
43
-115
-80
30
56
22
-219
-45
-191
124
-68
-27
-208
40
-187
-274
574
95
-79
144
-106
213
-159
265
-520
-11
224
-180
378
82
302
8
230
7
49
73
-42
-243
-15
-84
-146
-123
673
306
197
55
-56
156
-315
94
-62
51
-404
-117
-88
-28
-395
465
124
-265
306
22
373
-305
-457
-370
221
-220
-28
224
-407
-251
-63
328
-270
-436
5
-159
769
-509
597
-217
-305
157
88
-99
-104
218
135
247
190
74
-387
162
-12
143
480
-141
-83
-625
-149
135
308
110
-222
-184
6
-240
35
20
325
133
-30
-204
-124
-145
43
221
322
-20
245
-280
47
-105
-141
-129
139
236
326
319
165
290
-88
326
80
-22
245
-179
144
-167
88
31
145
255
93
-385
-257
709
-187
-53
239
334
-249
148
-236
212
173
364
-39
246
140
-4
-27
337
-121
-164
428
-28
660
-19
-82
-53
479
-127
-73
226
-361
242
407
61
45
103
-43
-11
-246
-569
176
-256
-113
536
-204
-294
62
-173
-328
-42
147
-348
231
-185
243
216
90
-61
-215
138
259
-254
331
287
-314
-38
57
346
138
-80
192
-362
252
158
13
-132
99
-311
-695
-194
8
113
183
-222
-91
-239
566
-503
265
135
-145
-64
-328
108
-159
129
93
420
279
-49
-258
-364
39
-230
-56
-136
191
403
-205
-717
474
473
-325
-224
-175
-209
66
-150
191
374
120
685
-216
-45
-228
327
-159
40
75
341
-178
288
64
230
-345
151
-670
200
685
-345
53
-181
-8
409
-132
-53
-567
-85
295
180
353
34
26
-12
-491
187
162
-77
-195
-12
298
283
34
260
29
-37
-248
77
288
-9
216
-334
147
8
312
-177
298
-113
-87
-218
49
230
-252
552
-28
-133
-37
161
49
-207
-166
-418
52
215
-10
312
289
-120
153
-51
155
-68
-375
62
-63
183
-118
-5
287
-49
422
-105
341
312
-413
-1
-283
38
201
189
146
53
-16
51
181
-135
-170
100
401
-549
-78
-587
411
149
-265
-41
150
-118
-274
-90
-46
-302
145
-475
-435
186
-117
-130
47
228
154
72
-280
-365
-325
251
-265
-123
-191
42
66
-57
-211
-5
295
330
-285
70
119
-286
81
-147
44
-102
-290
231
277
148
22
-23
-53
171
-243
-349
-242
-360
-612
-336
-22
194
-252
-130
-455
149
74
93
-189
-174
-257
304
254
-446
-347
19
67
-298
-49
-78
-112
-276
126
-156
180
-405
-743
796
94
26
190
490
55
171
325
12
32
71
57
560
-133
-9
-34
292
279
244
45
-85
217
175
277
364
-554
-280
211
-73
-6
74
168
-24
134
-188
-47
-108
346
183
-362
580
255
75
61
333
33
22
-366
145
104
-364
79
16
-128
-83
-151
-21
164
299
-634
571
-175
154
16
-262
-66
-119
46
-131
420
-121
75
166
-361
158
256
-558
-206
-168
-264
96
257
269
102
31
71
-44
-37
564
565
195
7
79
223
-30
-223
307
259
106
-58
86
192
-266
33
386
216
112
-368
-326
-14
-10
234
208
494
578
-20
-304
-55
75
-223
-116
-61
423
-17
369
-399
85
-254
235
-224
26
396
74
27
-337
-32
304
-299
-477
188
495
210
-425
-240
294
-280
34
-393
-123
-191
119
-262
-132
34
214
-77
-271
-153
-31
-178
512
-190
178
325
-422
32
-291
137
131
295
-391
67
162
295
-288
492
-12
-102
-550
-74
-316
163
503
475
381
-8
-76
-324
-126
121
121
128
703
240
-96
-3
173
51
287
187
-71
0
290
3
297
-283
-358
-131
-20
134
395
193
36
236
143
91
454
230
309
248
120
281
38
319
9
-95
-258
217
-99
120
512
25
105
-180
-324
-124
420
84
-96
456
-281
17
189
-332
-140
-132
171
171
-419
17
-451
6
-119
119
-33
520
414
324
-173
-102
-291
-163
-262
-270
-264
-62
47
73
-328
176
-33
50
-365
-80
142
349
38
-142
-173
-198
419
426
281
-231
129
163
229
-261
140
526
547
-78
-34
88
-203
-32
304
44
168
-289
-21
-353
-251
-261
-149
-306
177
-286
135
-159
57
409
-425
-299
82
-456
-2
-15
69
-81
-252
42
-596
112
289
152
145
-314
-84
287
402
393
372
58
566
261
252
179
307
34
160
-246
-253
-86
-143
36
400
197
-95
330
233
-16
-125
142
530
313
-267
119
406
246
-7
-108
63
-211
471
-144
-80
-151
186
295
150
-157
-179
-122
-179
-9
-273
228
411
-235
287
-372
-161
-49
223
-124
-195
-147
565
452
75
-67
-321
189
-241
133
-420
269
-99
-68
-505
121
-662
56
85
83
296
-167
177
170
444
421
-292
107
17
503
-561
-220
202
-105
88
13
100
-451
123
64
263
222
-58
-388
-40
114
155
658
101
-146
-271
43
-327
161
-393
-29
14
-22
-122
-87
376
113
-164
-102
-402
91
-235
471
590
-90
427
246
125
-695
-254
49
167
-181
-107
-160
-347
157
43
130
-371
365
376
3
-274
478
317
290
111
-27
-23
-486
139
72
-329
13
147
-305
-81
386
-149
-91
-267
-101
-187
-184
441
-229
-242
-208
-256
403
449
442
-400
-65
-70
-322
80
55
88
-234
-186
207
90
-193
103
168
272
110
123
347
94
334
-193
-222
93
-64
125
-313
-214
306
-24
-259
-583
-92
-166
-87
96
352
331
-360
-233
133
56
241
-108
438
79
-432
256
233
-160
6
103
-145
571
433
99
103
300
31
-113
-53
-275
-261
-227
-42
182
58
53
259
79
-337
-305
28
-30
329
257
5
196
-39
-74
-62
133
-80
-312
13
-207
-329
158
192
-106
-332
400
-244
332
91
10
54
-69
92
-566
132
-124
18
-74
-52
-372
-204
-398
71
-225
-15
118
-464
-318
391
-66
566
36
-148
157
18
-384
65
129
-128
-10
177
169
194
-298
-43
-25
179
-187
-330
-76
301
-316
-451
-82
192
-502
265
257
-125
-324
-82
16
28
-42
-32
-287
457
-171
-48
-142
-113
234
-39
-238
319
85
-8
117
-31
447
191
52
112
-97
-12
139
336
-544
-113
-128
220
-94
22
-116
195
-82
-259
-198
20
-38
456
152
36
-191
45
169
493
-189
-26
-339
10
-42
242
-131
-146
-203
-311
374
19
249
224
-439
-96
-421
14
493
-103
134
-153
257
120
73
415
-31
6
-570
561
-132
-521
-351
-171
153
413
88
-66
101
-274
-71
14
396
-388
-309
-178
201
-432
-12
-562
-494
93
517
-125
-123
280
534
16
196
-564
-175
423
-231
-212
-108
139
80
162
218
25
-166
-164
-300
9
-370
-37
66
-368
643
279
74
-71
-21
-339
207
-98
306
70
144
-135
-142
-3
328
-326
-454
-42
126
-71
-137
-257
-445
240
-290
-632
396
-220
349
-250
-121
-137
28
-40
78
-57
244
-234
-24
237
-62
90
664
-39
32
171
89
-345
-91
279
53
379
179
-221
365
39
158
-130
-202
373
125
92
113
215
124
60
-343
-131
390
-92
-212
-224
333
-173
34
-11
-292
300
240
200
145
109
-90
2
-106
27
-525
409
-139
-472
-113
142
214
72
-491
-124
129
145
-227
89
-39
-241
-210
-160
-331
160
-149
43
-262
-122
-122
-265
-102
467
-279
-361
354
-90
-219
-446
18
86
-321
154
-385
199
56
-164
125
-204
-52
-21
-160
203
158
370
35
64
53
-120
144
-145
-185
-188
175
14
174
-292
171
509
-55
279
-98
-317
138
-261
-55
-602
-26
195
-235
-65
37
-267
55
-263
-21
298
140
48
111
-76
181
454
-46
259
539
32
340
-415
-207
-501
-35
-132
-195
-347
-158
172
1
17
79
542
156
63
224
267
91
227
-49
-431
68
-257
34
192
-236
-216
-207
-639
42
-210
-218
-208
151
-24
191
-486
-201
-282
330
199
-375
-120
263
111
282
129
10
-6
120
283
131
71
9
226
109
-24
107
169
4
269
-513
746
462
-86
280
116
-439
-182
-363
242
483
-191
-134
-92
-336
417
-660
-381
-385
-293
312
-61
285
-665
-235
-69
-246
-151
63
228
241
233
-88
193
389
-191
-163
-77
-57
-40
-471
71
-35
-620
-239
337
-75
-440
236
-50
506
274
278
-268
-106
-522
-340
-348
-46
-47
-149
248
3
100
-529
-65
24
-281
32
120
37
124
73
160
288
-51
78
292
-56
445
59
-355
144
150
199
36
399
109
344
379
-24
-6
183
20
-130
-176
99
244
-197
-297
53
156
416
41
-14
-3
506
412
-85
117
-44
506
149
-62
89
-171
406
-485
531
-544
-297
377
-283
320
-204
122
225
22
-478
311
-14
61
-175
-99
696
-74
-153
259
-383
-107
185
47
-80
104
-108
32
106
-414
-153
-278
225
406
-232
195
-358
540
160
91
54
12
6
-410
-417
-62
-69
56
80
456
228
-408
-163
-211
231
50
98
-400
93
122
99
21
329
-283
-362
-66
39
-435
-238
221
-164
160
232
56
-126
-20
-299
281
83
319
-98
163
196
9
-270
-21
105
231
204
-226
-74
-51
-195
54
179
-195
237
-231
-549
-121
-68
352
-236
-11
186
-151
-708
374
205
-146
494
129
436
400
259
-60
-13
1
-230
87
89
129
226
-145
156
262
380
-132
-162
-641
-192
-441
-550
211
97
140
206
-203
251
194
-490
-160
-110
211
-77
-76
162
231
-325
5
-247
-98
-557
493
48
29
122
-108
357
235
-203
-89
-478
-421
-327
100
270
-166
235
-61
197
-120
168
-8
476
483
73
136
-213
-27
189
-320
196
186
89
-125
104
-79
-381
385
44
-345
-17
318
185
-441
-183
-41
159
296
77
103
-59
-214
60
-847
-412
-144
-57
-393
-53
76
-45
140
420
-295
102
-10
124
115
-304
-92
123
163
-17
64
21
77
82
308
-184
110
0
-25
81
-45
-475
-254
-85
-121
-202
-361
-146
709
79
-69
118
716
-101
-130
-178
-237
91
-596
443
80
191
-190
353
113
86
306
-270
435
112
-153
-244
467
-267
492
182
209
-291
365
615
109
404
-22
-71
-236
153
332
388
181
-1
-293
-25
-488
279
-189
-87
293
123
-145
291
-73
-224
-44
39
-222
547
289
179
-180
266
-65
48
-133
222
273
66
280
-85
8
363
-288
-120
161
-24
-97
-451
418
115
221
-49
-173
-18
401
-250
214
9
-69
-325
266
200
-149
-115
-153
-264
136
285
-79
58
365
165
399
-58
-420
-108
105
595
51
-262
-114
-105
-8
-130
-242
-341
90
-284
51
-247
-374
-191
-127
218
288
-111
165
4
184
-202
114
-13
-72
-41
-104
-64
-102
-74
-312
-145
-26
825
-477
-41
-108
80
53
-77
-50
200
100
370
-576
-138
131
45
75
-62
391
224
-430
71
341
-54
340
97
-194
30
-136
26
520
-242
-147
-299
169
86
311
-551
-500
-115
-135
661
-150
333
469
-418
-436
281
-338
-328
293
-14
124
260
129
-233
151
-230
-221
16
-62
62
-130
72
535
114
-46
156
-250
220
-95
250
569
-189
-342
195
-319
-14
-481
-304
388
-270
1
-56
-84
240
-41
-114
178
-160
102
536
-6
-665
-444
43
178
-11
310
-145
-110
11
-68
-149
263
-244
-197
-239
87
-180
-282
-254
-170
108
10
-243
-267
-75
21
214
40
229
-411
5
257
-118
-50
-187
163
210
53
371
451
-57
88
108
-296
486
-220
-29
68
-360
211
-149
-165
-349
-101
-170
-417
-377
-320
-236
-119
170
321
292
-245
417
431
-283
-211
-257
659
315
-187
231
-9
103
-62
261
25
29
-1
-123
112
124
211
83
-62
169
-9
201
-452
-140
234
271
-88
135
-244
-288
-344
-261
327
186
84
-236
36
606
428
-254
-242
-124
-159
48
-226
-22
265
61
-151
-160
-196
311
140
-139
234
97
-67
-387
-227
-392
120
-90
89
-382
526
23
541
146
155
-116
-112
-29
-329
409
27
-99
-111
-32
-79
-503
-85
94
-350
267
-266
388
-359
88
99
-141
-470
-293
-292
598
-411
82
269
69
-36
-333
311
326
-281
-476
226
29
-626
-132
79
-198
26
109
80
-534
-118
-58
-110
5
62
-3
284
-221
-71
112
-434
-12
51
339
248
133
-83
157
132
339
287
-28
-381
86
-233
-163
-101
-143
-113
51
300
845
-245
2
-139
18
121
-380
291
-216
-67
-65
-377
54
56
290
128
27
79
38
162
217
171
30
-355
298
408
-341
-115
121
-38
111
-203
-56
-108
-24
217
-163
24
-185
-625
-180
-378
-334
-251
-10
-291
-77
-79
138
-656
-152
-103
556
-275
149
106
-351
-140
-132
348
152
-327
-187
-251
285
-238
-219
-444
194
-215
-33
-89
200
-164
289
193
-87
28
36
-5
813
429
437
-125
262
-50
172
-520
332
394
94
178
-114
180
121
178
-678
-86
73
81
134
-127
19
-281
-77
126
97
493
-210
-39
-177
-5
-338
-9
160
-83
-139
280
-434
324
-355
-1
478
-87
483
-410
-157
-326
49
-370
45
-369
-129
-169
-275
-104
63
-126
21
-64
-303
38
387
457
-118
-531
-8
19
255
-198
-92
257
37
-11
153
-63
416
19
-380
153
-508
-222
-250
-60
-90
369
-188
-51
-292
-337
-168
417
205
-115
-298
-124
179
-111
147
149
129
186
528
239
-255
-477
212
-249
-324
-156
-35
137
-269
89
224
-507
-10
-564
51
440
207
377
-419
181
301
46
343
370
-320
505
-542
-268
-343
215
302
116
-194
378
-93
-73
276
-120
151
-309
154
-71
-37
295
-309
-86
-419
192
-46
-196
-356
431
-155
-10
703
-523
386
63
76
73
-405
217
121
-91
493
34
-297
-211
150
-130
-291
-396
67
-267
60
-184
-35
-31
-146
-374
257
-66
248
-231
-67
-2
-251
471
-10
-669
-158
-283
-133
244
-90
304
56
-205
-74
175
-152
-123
-191
189
88
82
276
-251
371
-644
-101
65
-175
237
336
-29
291
57
-321
-47
197
323
9
-261
-102
92
446
0
119
-367
-156
-5
-40
70
196
-81
221
-77
73
-222
119
500
-242
63
445
-34
69
-69
123
-239
177
47
164
231
-7
-258
170
-167
474
31
-113
-445
191
-74
77
-359
-157
420
-266
-174
168
200
-221
-76
-93
-137
-2
-134
78
-471
125
-162
470
-2
-320
-124
526
-180
85
-70
-131
-12
107
-90
30
-184
-315
585
-111
99
-152
86
-227
-15
45
-154
-86
-165
172
308
485
-479
-374
258
-94
-248
-202
16
-299
79
-42
-402
-87
55
80
396
-381
129
-311
262
46
146
-101
-159
-560
-44
-152
66
-87
-44
-120
38
112
38
67
-251
-17
266
414
-153
26
-105
191
300
-403
190
444
92
-196
161
-369
107
-170
-180
269
493
220
-280
-188
-236
-13
-105
-367
17
-167
-77
-38
-361
-52
291
204
504
452
-30
-257
434
254
59
36
-389
-173
158
105
-146
155
-271
-635
72
184
412
-46
257
273
229
327
-537
-84
-287
295
60
166
263
38
40
407
7
-231
-241
193
246
-247
-269
57
55
-305
402
41
-659
-80
-569
-84
-367
44
-46
-243
100
99
209
56
65
-244
225
204
91
-293
-180
358
250
489
-122
75
143
4
-3
-425
91
251
-368
-274
-63
-330
-281
339
-58
181
-98
35
-290
-719
157
274
225
15
315
-70
-244
162
85
-346
498
241
245
327
-155
12
-260
142
-209
-165
45
-95
300
-521
-50
-110
-150
-175
-502
-424
-150
136
-53
-360
-127
83
471
-9
76
-18
-154
-59
-169
29
6
-350
-146
327
42
159
-105
-50
-526
331
-5
477
201
-403
-172
492
148
-41
107
-99
192
161
269
-322
186
220
-469
127
-262
216
-542
574
-218
-263
-176
-195
129
179
646
244
-268
-3
-124
-156
440
-343
117
124
-409
32
19
2
521
6
-511
-119
-109
213
441
148
201
-328
512
259
219
296
102
-43
-73
71
406
194
-289
-130
176
117
-50
117
-23
178
-533
139
-47
-284
194
31
141
302
392
-254
25
340
-181
52
-76
201
-149
-405
-183
9
-75
-73
91
46
-103
-314
-150
532
-66
303
574
-7
-328
-164
-181
173
53
-124
-58
513
-371
-45
-308
-263
-17
59
61
1
4
-242
694
414
405
-326
138
441
-183
799
-226
-154
92
-538
-191
-68
-2
19
195
503
-313
-271
145
-23
92
-345
80
51
157
187
351
115
234
-73
55
-78
149
-217
179
-191
-88
-87
16
-320
376
-55
-64
37
-44
267
-27
-9
-337
-230
-350
-34
208
-205
159
87
32
-91
-311
428
-350
407
184
328
-127
-359
130
189
115
-637
-403
18
387
11
51
73
-296
147
318
304
185
78
-212
55
405
145
-173
-361
482
264
-70
-106
-149
186
109
-58
-263
39
-183
92
-41
-166
-594
-595
-88
-100
-179
-125
16
-199
186
234
-7
-75
-359
119
-75
168
-137
-169
-211
216
204
600
-38
319
65
142
-134
-275
-97
169
-529
-6
355
-125
-57
12
-84
-361
171
354
84
-157
-451
330
188
312
-293
-50
-43
40
-17
-166
-70
-179
-511
30
-381
12
-112
75
-285
-243
-129
37
-183
-184
138
295
-217
-122
-191
376
121
-297
-16
290
-208
162
18
-346
373
124
-47
-45
-229
630
295
56
-675
-6
-83
25
-97
-19
-285
141
-321
54
251
370
204
-123
-52
208
446
37
-388
-336
-131
-357
680
-214
-353
76
52
-167
-561
-39
-117
37
-332
158
-169
-469
-130
418
392
31
-211
252
49
102
-134
186
619
277
-295
-48
-58
426
686
-136
184
645
35
255
335
-83
-300
-190
-108
308
27
-176
-142
-262
-186
272
254
377
598
104
-217
-341
-467
-62
96
-83
101
-120
293
-301
298
43
254
81
-55
-309
-517
-247
41
165
41
23
-180
451
-366
191
-36
-143
-72
673
41
191
-12
-530
49
285
-315
600
-223
-133
129
10
179
247
137
-120
60
-246
-125
15
11
228
253
-121
-486
348
-505
271
301
-141
-237
-312
169
-247
202
-616
57
234
-145
-173
-203
166
118
354
-453
5
-190
-109
546
-471
27
-142
35
-144
211
-365
420
336
479
-72
-191
86
-212
28
-359
-443
-91
-73
636
65
73
-22
-246
182
442
-125
-77
-396
148
220
-241
75
-147
35
115
319
243
4
139
13
283
-460
-30
263
-359
5
1
-48
-414
31
135
-92
276
-339
-242
-147
170
106
114
-170
-225
-30
231
-117
253
76
-333
-471
528
-255
66
-86
134
563
-151
387
161
626
-97
-5
-14
408
138
68
-460
-554
2
90
60
25
61
95
-178
-40
-94
129
-342
-123
-203
-205
251
22
0
393
478
-26
248
-546
19
72
-215
93
120
-285
62
83
106
-36
-13
-57
-488
327
79
100
321
-117
-194
460
-65
-117
139
24
-395
-1
25
-80
22
443
-359
7
-316
-141
-287
384
147
-18
408
-2
-69
-57
479
-67
-234
19
20
-3
-145
-473
223
-75
-379
-28
529
79
-211
24
-60
-35
62
-90
344
-66
32
-112
244
-216
84
194
-106
192
-9
-243
-208
241
220
253
-396
402
1
238
341
204
-164
-77
-267
-164
-405
-394
-41
8
-67
207
-269
290
22
350
-44
-428
280
-114
-23
-261
412
-170
87
-64
-661
-4
272
238
392
-113
143
168
42
349
-216
58
148
-63
-99
-368
114
128
217
-39
-181
333
-286
77
246
-146
-284
8
655
62
-429
233
92
-330
219
-325
-58
-106
128
-202
262
-19
-426
-201
-100
386
178
258
172
59
-468
69
2
-219
163
243
-288
-201
-271
238
367
-43
-539
-3
79
281
-263
-263
-203
130
-200
-338
123
-298
-222
-15
-34
5
-36
482
-418
-362
-335
-45
142
1
363
142
-56
-216
-622
-133
312
274
-31
-87
-93
-298
166
-101
-79
400
-112
-138
-225
-50
45
-109
-237
243
-179
-114
-120
290
109
207
-506
-252
3
215
66
51
-303
-135
6
-372
156
-387
-105
-160
-242
-200
265
171
-50
282
447
246
-294
23
-203
271
-103
-82
383
-183
-444
333
421
37
364
-192
-76
173
-131
282
81
-179
-158
87
-294
107
145
-131
15
-135
-248
-114
17
-5
63
-432
-171
-108
-288
64
-62
335
-98
-92
-40
-27
245
143
-225
-121
-99
-144
-131
-395
-84
-119
-255
125
5
-71
-361
366
-229
431
-451
339
63
194
-136
-179
-62
-384
-77
-372
-256
151
-29
319
-60
-88
-62
41
255
-13
-233
-181
-172
-128
161
-252
87
-5
20
-224
-156
222
261
-31
-148
-267
225
64
385
159
-410
164
47
260
293
-125
66
-446
358
440
-650
-113
490
-315
-229
-151
-140
-381
-268
-260
253
-230
80
-481
231
143
-318
-269
83
348
570
-107
111
-101
299
301
204
409
-139
44
-118
-479
-32
165
332
310
-178
108
428
320
105
220
-129
345
67
29
161
28
-543
-25
263
34
-329
111
64
-236
112
-157
117
343
109
-38
164
320
-97
216
-274
-530
195
5
-497
-52
-224
-145
300
339
127
34
153
525
-250
-342
-639
-185
-190
-22
369
10
374
415
382
628
275
-165
482
-236
73
-49
-109
-358
222
99
-33
145
389
-530
10
185
181
129
-66
-463
414
-113
40
-69
-131
-341
20
-110
-194
285
296
-132
-117
-34
-20
-2
331
-93
-101
-201
-168
733
-411
-269
340
134
239
-84
115
361
-673
-150
48
-218
462
-191
222
345
142
61
-474
-66
53
40
-60
-102
191
617
162
97
-116
212
-66
-129
214
109
396
-258
-69
25
81
231
-311
-131
16
173
86
-338
2
-253
247
-556
-74
276
230
-2
-152
-95
3
355
-112
405
116
155
-67
176
122
221
-254
-253
-54
255
-382
-261
68
-182
-110
-525
-112
-6
247
99
17
808
298
21
-49
-274
127
214
-40
-225
-181
-212
148
-147
-180
-286
-389
194
-6
-4
296
30
-320
-80
-126
585
-39
51
45
-149
280
-20
-136
571
102
-107
-608
-16
-255
493
-298
438
-80
-475
150
353
-438
-333
-142
107
178
-47
219
0
1
220
-36
-66
322
-283
306
534
87
-47
-140
58
264
-100
-23
115
382
-44
-78
-394
10
-47
-85
153
219
170
-4
122
186
-381
75
-546
67
-307
-16
-62
54
135
-112
60
-399
301
324
-40
119
264
112
-127
86
-33
-167
69
-136
75
63
-240
-79
80
468
531
63
171
-220
-87
-206
-75
618
-197
-110
-466
217
-185
174
-193
-219
37
88
375
-199
-264
312
602
-63
127
291
126
-233
223
-362
334
-185
-431
84
60
109
-209
452
-155
-127
-261
-276
-369
-390
394
-211
462
-209
-110
-16
9
-272
-180
129
174
-400
-48
260
-425
180
-55
-29
88
-50
-370
-5
194
74
136
-67
90
-369
-15
-90
-117
-86
-247
-163
-481
-141
50
521
-239
126
171
365
173
36
-181
506
111
79
-54
-231
287
-545
-108
-244
-101
-2
345
280
-314
4
26
-79
-293
-279
-225
-361
246
54
-221
315
484
-159
249
-421
-99
-50
-11
293
-697
-299
-245
-321
-97
40
