48 91 36
0 6
0 13
0 32
0 39
1 30
1 32
3 13
3 32
5 27
5 42
6 9
6 10
7 3
7 11
7 38
7 39
8 9
8 12
8 34
10 13
10 45
11 12
11 14
11 20
11 26
11 35
11 38
12 1
12 25
12 39
13 15
13 22
13 47
15 43
16 1
16 41
16 45
17 1
17 42
18 20
19 0
19 15
19 21
20 13
21 10
21 35
21 40
22 15
22 21
22 35
22 42
24 15
24 34
24 40
26 30
27 4
27 32
27 35
28 45
29 24
34 45
35 27
36 4
36 42
37 3
37 24
38 28
38 34
38 44
39 10
40 36
40 43
40 44
40 45
41 2
42 15
42 24
42 26
43 23
44 2
44 25
44 46
45 11
45 34
45 37
46 17
46 21
46 37
46 45
47 10
47 22
29
24
23
50
8
18
85
75
87
12
79
78
33
52
90
1
46
42
38
17
58
62
26
15
56
57
47
27
89
16
82
30
68
84
63
44
45
22
72
34
88
86
66
69
70
4
43
67
49
25
35
77
64
60
73
61
55
14
0
10
53
81
41
7
51
65
21
32
9
2
19
48
59
74
28
20
36
31
83
76
40
71
37
3
39
11
6
5
80
54
13
35
65
-15
25
4
-55
48
21
32
-32
-30
20
8
-12
39
-19
40
-60
25
-39
-75
-16
8
-16
22
45
-26
-19
-15
25
-11
9
-32
-13
-36
-34
24
50
-7
-43
10
51
31
-63
35
13
-39
41
-3
117
-32
-48
68
11
-16
-30
23
2
83
2
11
-12
52
-3
-17
-85
-26
68
8
30
16
0
-68
75
-5
9
-1
-63
15
-16
4
10
31
-3
-34
1
28
-26
-35
-2
69
27
-31
24
-4
18
22
-30
-23
25
2
-53
-16
37
-33
-7
-6
58
3
-4
34
3
61
-27
6
-47
52
-8
34
33
-16
-19
64
26
-7
-23
-48
-57
24
36
-128
-20
-40
-70
20
-1
0
-2
36
37
-40
-23
-28
27
1
70
34
56
-15
-27
22
-58
-21
10
-16
37
64
7
6
-56
22
-6
40
-77
-3
42
-54
13
-17
35
-1
9
59
21
-18
-89
-46
-14
65
-7
-24
47
-48
44
-76
43
75
-8
62
18
20
-2
-5
34
-31
-9
18
-32
-6
-19
-24
-15
29
5
-46
12
-41
15
-22
64
-26
5
39
46
-29
30
-33
-81
-14
-44
-16
13
-16
-82
-31
-1
-11
-2
-20
-41
-10
53
45
12
-67
-45
-41
64
-1
-3
4
-56
3
-46
-74
-13
19
10
-3
14
28
12
35
30
13
-25
66
34
23
10
-46
-17
-16
54
21
27
-1
5
59
65
-46
46
19
-48
34
-86
46
14
-4
23
90
13
-25
-9
-11
-42
11
34
-44
-51
0
-10
64
3
4
28
0
-17
12
46
-40
-21
-6
18
8
106
0
11
9
-48
-17
-41
-5
-15
3
57
-19
-4
-14
35
36
11
14
-47
21
-23
-67
-9
-16
34
-52
19
-61
-6
31
-28
-12
-6
-28
2
-67
-59
18
35
20
36
-9
-50
-91
-6
90
52
11
29
-3
20
54
51
43
19
56
11
30
34
27
-50
25
72
-17
-20
-67
-29
52
-1
-8
-80
-25
10
69
-28
35
-41
85
-3
26
77
18
-9
-47
-23
-5
-12
-48
4
-5
25
-32
3
23
-6
0
3
60
50
-35
-33
65
-7
-1
-22
15
-47
-26
-25
21
71
28
33
11
31
58
2
-2
-30
-12
53
-34
-28
-5
-14
-15
-5
34
-18
19
-15
-23
-33
-10
-15
39
65
-68
47
65
2
-6
-52
36
-20
-15
-11
-15
-14
-19
-37
72
6
59
-40
-102
-2
34
-41
-7
1
33
22
-23
-14
32
-8
-3
-2
-68
-58
29
-16
2
-22
-26
-8
-38
-24
-42
-40
-39
-58
55
-34
9
-47
-29
-32
-15
38
-14
-44
22
-9
9
-21
35
12
-28
5
0
-6
15
-22
3
-10
30
-53
2
16
32
15
-15
-53
93
-13
75
-3
-5
-7
-39
-31
43
3
4
48
-67
-4
90
47
-15
17
58
-16
-22
10
14
-32
-55
-26
59
-41
-5
41
18
74
-16
-1
-51
-22
-28
3
-38
68
-26
-3
-82
33
-100
-21
29
31
-24
-23
3
16
-17
-4
43
-67
-8
-2
3
-96
60
-65
-3
4
-20
-11
-16
-45
-2
53
15
-5
10
9
-47
27
-17
-38
-60
55
-36
22
56
-11
20
51
29
-20
-37
58
-20
23
37
70
23
-1
-21
29
4
-16
-57
-16
-57
12
4
-44
-49
89
-55
-35
-9
1
44
16
33
38
-46
16
7
-51
-27
-54
-67
-37
-16
-48
-22
28
-7
-11
-31
50
-28
-2
-26
-24
46
2
-19
-38
69
36
-10
-23
49
76
52
-16
-1
23
23
-52
-52
39
-39
-10
71
-12
21
22
-58
-30
5
-11
43
61
-33
-34
-10
53
-48
19
-4
-13
40
7
-21
-56
-21
-41
43
-38
-33
37
-2
10
-50
8
33
20
24
37
-14
37
10
3
60
-9
21
-3
-16
6
-13
8
-14
-25
41
32
-56
2
73
-26
42
34
21
39
-10
-49
20
70
6
-11
-15
45
-5
-2
17
-11
26
0
23
-1
58
-51
-16
66
23
71
18
39
-11
-15
-26
10
-36
37
12
28
-24
-2
11
78
-7
26
49
-62
86
-25
5
-19
34
-4
-62
4
18
-61
8
6
0
58
-5
-47
36
9
9
4
44
-15
-39
25
-40
7
-13
23
14
-26
27
37
5
37
-93
-21
68
-4
35
-5
12
40
9
-62
31
7
-71
7
-23
-76
-29
-59
83
15
49
-49
-51
30
-53
22
54
2
-30
-22
-52
24
57
7
-28
-42
-76
-49
31
19
4
33
27
-2
35
-62
21
-21
19
16
26
29
-45
10
33
-104
69
-25
19
30
30
-11
-21
7
-1
-14
-60
-13
-8
-82
-73
1
-61
-37
-11
52
-31
4
-10
-15
-3
25
-22
15
33
42
-17
41
-36
4
-69
94
-42
24
-7
62
45
3
-81
-48
4
-42
1
-10
-24
8
-19
-30
58
-7
19
2
42
20
64
-27
39
13
-65
-19
16
-21
-5
43
-2
-31
42
-1
30
-5
-21
100
43
-38
-48
-26
-5
-36
-17
-54
-5
-24
32
35
3
45
-66
56
6
25
3
-47
-67
-22
-34
38
59
-26
-46
-4
11
-90
92
-5
46
31
-18
-17
53
-48
-24
6
35
0
-18
-54
-5
-4
57
-30
-12
-32
-38
7
18
53
30
-55
-45
8
64
25
16
-5
37
32
37
38
17
5
-64
-36
38
-6
-67
-20
5
-64
-1
71
-60
62
63
25
-23
32
-1
28
-16
85
46
8
-21
-8
-13
-7
-34
-28
32
-56
-6
-14
-44
-22
55
-21
-5
60
-39
28
25
-24
2
12
24
-8
10
-60
-24
3
17
29
-36
-40
-30
-33
-9
3
-65
-26
3
41
-12
-49
-29
19
27
-11
36
-26
-25
-43
26
-44
-64
-13
-17
-15
-11
43
-90
4
33
-49
-12
-35
26
27
3
-29
39
41
19
-5
83
-40
-58
-70
57
29
-61
16
-56
-3
29
27
-93
-37
-9
27
18
-15
-29
30
-1
27
-19
16
-4
44
23
-37
21
-12
-80
-67
20
27
12
-6
113
1
21
2
-26
54
32
15
42
21
-38
-51
33
39
-99
-29
-58
-36
21
-53
-18
-8
-27
-3
4
12
70
-60
-15
-33
4
-4
-11
-48
9
-12
-9
13
-39
8
-59
36
-4
74
3
56
-36
-27
-42
-47
3
7
-39
-71
49
54
-30
-50
-38
-10
-41
-65
44
-6
-38
52
8
2
64
41
12
-5
-12
-56
-2
10
31
-66
-15
-20
-17
-36
62
14
52
44
12
5
-24
25
73
-39
13
-46
0
23
-43
5
37
9
-18
-24
55
-14
14
28
-50
79
-35
-6
28
-36
2
-39
15
13
98
55
-36
13
-24
-4
2
24
49
31
-40
36
-18
-11
-1
-51
-42
75
0
73
5
26
-55
-35
-27
14
1
-61
-16
36
-24
34
60
-44
10
-38
32
29
-31
46
-33
7
28
-14
6
-37
18
19
-10
-6
-25
-31
-36
0
-1
-21
31
7
21
29
-44
19
64
54
-7
16
13
-29
21
-76
-20
11
-13
10
49
-27
-31
29
-14
-36
23
-15
43
-36
30
-34
7
9
-19
-29
-64
-22
-2
-9
-20
-67
-22
19
52
31
4
68
10
55
-10
-13
-20
26
43
-13
12
19
-26
53
45
-32
-25
-13
23
1
48
5
25
3
-21
-49
-6
6
5
-37
-43
20
19
65
-6
-34
8
-30
31
-18
12
12
102
-42
35
24
19
77
-68
-29
-51
-20
-65
31
0
45
95
5
-43
15
25
-38
-41
-39
-77
-14
-60
14
-37
98
1
1
-6
-9
-5
-22
-13
44
-53
42
48
67
16
-6
62
10
-65
-5
-51
43
-37
-4
34
-51
-11
42
19
16
10
13
26
16
12
17
22
67
-16
-15
-4
26
15
58
13
-126
30
4
12
-44
-44
-7
44
-13
47
-32
-11
61
-19
61
-32
-26
-36
-51
-34
34
-8
36
-13
17
-22
-6
-28
-14
1
-11
-22
-23
-28
-34
31
-17
-30
-35
4
14
-1
-28
96
-4
-72
31
4
18
-24
-30
20
9
41
-65
-26
4
-33
72
0
-3
-86
45
-11
14
-12
28
43
-6
1
-3
-43
53
-19
-75
20
40
11
-77
21
22
-29
-55
89
-25
14
-43
-13
13
5
62
21
27
-29
-14
-61
-92
87
50
26
-23
-68
-8
50
24
40
18
-13
-14
-80
45
-18
-74
14
44
-5
28
1
26
51
41
1
13
-3
-22
-27
-84
-45
-80
9
-3
-4
-2
-76
18
22
-10
-17
-26
-15
-98
-10
10
4
-33
10
-4
8
-7
21
-7
39
88
5
-28
-46
-56
14
5
-26
-48
-2
17
-61
13
20
17
21
-2
10
-27
1
-16
-13
-7
34
-72
-45
-32
-34
67
45
53
56
-18
2
-32
73
-39
86
1
23
92
14
-25
-19
49
-26
1
54
8
3
82
-51
22
67
-11
17
5
22
53
32
17
23
8
-51
-19
5
46
-97
-7
29
38
-25
-5
-10
14
37
-4
65
49
32
-7
-3
-40
-10
-34
5
29
-42
23
17
71
-40
9
-36
60
20
59
-1
10
10
-16
-61
-5
-16
30
7
-30
-1
46
-17
1
-11
20
-41
1
-56
-21
7
-18
38
-28
32
-10
-33
-30
-16
23
16
86
-19
49
14
6
18
-7
-6
4
53
12
17
-18
54
29
-8
-19
-23
29
-16
-7
27
32
10
-27
-1
-26
10
-34
5
-36
-9
17
-9
-98
-75
-4
7
18
10
23
39
3
21
19
48
-20
1
17
-47
22
-11
-50
36
15
40
13
37
27
69
-4
-11
26
-54
15
4
-20
43
4
13
-20
-25
-9
-64
12
-5
-19
-18
25
81
-27
60
-11
17
51
1
22
-44
40
-4
27
-10
15
27
-21
-12
-11
38
62
-90
-7
22
-40
5
-1
-38
46
11
45
17
-35
-21
50
37
-19
-24
50
-4
-28
35
-11
-73
-18
-20
38
-49
-55
31
-2
-54
-48
21
-23
-6
-46
-30
19
11
23
73
-43
35
22
-29
-20
-88
-90
10
-12
25
-40
7
-45
11
35
-9
3
-52
-3
-26
2
-54
-8
-17
-35
-38
16
16
-65
-9
18
10
7
-22
10
-1
16
-17
22
-13
-17
32
3
112
-64
-29
38
1
2
-11
-39
-39
0
2
-5
51
48
-36
-2
-38
30
-19
31
10
-22
-16
-65
-22
-41
39
7
-29
6
9
-52
0
-1
-31
54
2
-61
-54
1
5
8
-26
40
-38
-44
-20
-19
10
44
-8
4
-20
-54
-95
-12
-57
-60
23
20
-32
43
-48
-13
6
52
31
25
-47
-14
-7
-36
15
9
-48
5
63
-33
-21
-15
52
4
-37
-38
-47
16
4
-33
-58
88
20
-12
-7
-28
10
50
41
22
-7
25
-23
112
9
-34
-10
52
3
-69
16
-51
-10
-5
1
31
6
-37
32
4
-16
48
-2
3
-25
5
19
-51
-26
2
52
54
-20
5
-5
-13
0
9
-17
-27
1
18
16
35
16
4
-15
12
6
-42
15
17
-12
-33
37
-43
80
-32
14
13
-8
-15
28
-13
77
31
-24
20
48
56
21
-48
-29
-63
20
39
-25
35
9
-50
-35
43
-3
5
-15
-14
82
46
-85
7
43
4
24
-4
-67
-64
35
-20
22
9
25
-36
-8
29
2
39
22
-7
40
-22
-20
2
-24
-40
-3
-1
-59
18
44
55
46
81
48
-8
-37
23
-31
-17
8
-14
34
108
4
-32
36
-28
-27
9
11
21
33
1
1
26
16
-1
0
40
18
-31
-12
55
-8
24
12
-7
-24
-17
58
73
-19
7
22
-1
31
-25
9
-27
-5
33
38
-73
35
-26
-2
49
-45
33
37
2
-12
39
28
20
-49
-24
-19
-10
16
19
15
-65
-4
83
33
21
7
-25
23
-63
-41
-17
19
21
32
-66
115
74
-39
20
42
52
24
-10
17
27
-22
7
10
-30
57
-56
39
-14
21
-4
-15
50
-32
-16
-64
-37
-6
-56
34
-12
-35
-24
-43
-8
20
-15
13
10
8
-38
47
-3
-25
-22
84
21
-64
4
-15
28
-22
-44
7
58
46
12
-5
-46
41
-10
-11
0
27
88
-34
44
6
18
38
21
-59
35
-2
7
-34
-26
41
-72
28
-42
35
-70
38
-67
-23
-13
22
-22
2
25
14
15
-10
-15
-54
-46
-30
-36
-48
-45
34
5
101
-53
-23
14
36
30
2
19
77
0
-73
-18
13
-43
-7
2
-37
-28
18
13
-67
12
42
30
7
-42
-31
-74
-10
73
48
-12
23
-41
35
8
-22
-5
-1
-37
17
-60
-4
53
57
-63
-17
-51
38
24
-58
10
20
-34
-81
30
-3
-38
80
-28
37
-55
-48
24
-23
50
-3
18
-40
-9
15
9
-19
-1
-72
-30
-31
-69
-35
2
1
1
-90
-32
-10
19
28
-17
8
-36
-48
-39
52
-12
-53
0
-13
-7
-14
-8
-27
36
46
-24
51
17
29
75
9
44
15
-61
37
29
-24
19
-11
-21
37
29
-35
-60
16
-23
-69
-3
-26
10
-9
2
-65
-22
3
-56
-26
30
0
48
21
37
11
-7
31
11
-9
-1
21
9
-19
-24
2
-48
11
0
3
-27
3
-32
-25
-14
18
-33
2
-35
3
23
95
56
12
-31
53
17
50
8
-7
2
22
6
18
45
67
1
-20
-46
-80
-19
15
-2
1
-29
10
-2
35
3
56
28
26
73
60
-71
7
-12
16
-38
19
76
-39
-52
-34
-106
-2
31
45
-26
-27
-33
0
-41
-35
48
1
-6
57
40
84
37
-47
-70
-81
8
22
36
5
41
-9
-2
29
-64
35
27
9
-69
46
-42
17
6
21
15
-4
17
-2
-66
33
24
55
-13
-65
-42
-3
3
-32
12
25
4
33
-68
-1
16
19
14
11
-41
-17
-13
-1
-3
-16
-19
12
-4
21
-31
16
5
-18
-24
-42
-18
16
-12
-13
-56
-48
9
52
-37
62
-16
42
-28
-36
-17
24
37
-22
48
37
41
39
-17
17
-36
-45
-55
2
-62
25
16
43
20
27
20
59
22
38
4
7
-32
-10
42
-21
39
30
-34
12
8
-12
16
-32
42
38
59
-9
5
-16
-18
13
18
-30
31
-20
-94
-18
64
-19
9
10
6
0
-3
32
64
6
23
-28
54
52
55
-14
-4
-18
-13
3
11
40
28
-11
-36
-80
16
23
-57
-41
46
34
-52
41
-20
15
-76
18
17
71
-9
-2
-10
-37
42
-14
-19
12
23
-51
-30
55
10
31
5
-33
6
50
9
39
-35
7
-4
-64
23
-15
-11
34
23
-14
-22
-45
-26
-20
8
9
-3
32
-52
-39
10
12
35
7
33
-50
2
32
-4
73
-23
14
-50
-4
-9
10
63
-12
77
-28
17
-14
59
-15
-48
-16
35
39
6
44
35
18
0
-74
69
12
-42
52
7
32
44
-7
-40
4
9
81
-54
62
-38
60
-59
32
-25
14
12
-3
52
-35
-22
9
-20
-58
-12
33
-38
-76
-27
-81
-42
15
-49
38
44
-4
-26
7
38
10
-46
4
17
-1
-51
75
-4
26
61
-7
-26
-49
2
11
-54
-10
-24
32
-45
8
-47
-45
-45
0
13
19
-79
89
28
42
2
38
-12
40
-83
10
33
35
-32
62
-19
12
76
-20
9
-23
40
21
54
26
1
-68
9
3
-21
27
19
39
-21
24
9
13
-43
4
-49
31
-24
93
-18
-19
-35
-49
12
-33
-5
65
-24
69
26
32
26
4
17
69
37
-48
21
33
30
-14
-7
-7
-74
-7
-49
-2
13
-40
78
11
-46
-9
-45
53
27
13
-50
7
3
52
45
-40
7
-85
-12
18
-31
15
22
32
-20
37
-11
-61
-49
-46
23
-37
30
-11
-38
-40
-21
7
6
-15
-32
-25
-26
-70
14
-9
72
-67
-44
66
8
-3
21
-93
33
-58
-45
-2
-16
36
-26
-50
65
19
41
16
-2
41
-25
30
-9
-9
67
14
28
10
-6
26
-31
-27
9
20
-42
2
17
-27
-22
30
-21
6
-21
6
-6
-7
23
4
-28
46
19
-7
-26
-19
21
-41
45
-80
-18
-35
5
-32
57
26
28
48
19
-95
41
-21
-43
25
-2
21
1
83
-3
6
7
-35
-21
-30
-56
-9
-37
6
0
-4
-40
-48
12
7
9
-21
-23
5
43
-17
17
-36
-22
-19
18
-1
-2
-30
-36
-41
-6
28
41
-52
-85
5
8
73
11
-90
-22
28
-55
2
8
-26
108
17
16
4
5
18
9
5
-13
67
79
27
34
-9
11
-33
-58
1
-13
-29
-85
-78
20
17
-59
-42
-8
11
-13
-31
0
-35
28
-24
48
65
-26
-62
-34
1
-5
-38
-57
2
-27
17
-4
-8
-33
-26
32
57
-51
9
-81
-13
27
-6
-22
11
-53
-4
-43
-75
-2
36
-24
58
74
72
35
34
-15
54
1
4
42
-52
6
34
33
-19
-20
-19
-1
-31
44
-9
-4
40
66
27
53
-34
32
-92
7
12
10
41
28
-25
26
1
15
-15
-51
-95
6
35
49
66
9
32
46
-18
42
-7
28
16
-5
81
2
-4
-6
-45
-10
-52
24
-29
-28
-7
-57
-22
32
28
-111
58
-112
83
-23
-7
-4
-65
3
8
12
7
8
-37
-42
-10
35
33
-25
16
51
-28
15
20
-6
22
-16
-51
-47
3
-25
-4
-14
-3
0
-57
-7
-31
-9
-1
36
8
-30
7
-7
-73
-30
-22
48
-34
47
-62
-14
-25
11
-20
6
9
-18
-20
26
31
-6
-56
5
-7
-13
18
-13
-50
3
-43
-36
65
33
21
-15
-53
37
-10
-10
60
44
3
-18
-17
-22
-6
58
-12
-6
-74
-36
29
6
-2
-31
-15
-16
39
17
-40
11
12
34
27
-30
-46
22
-38
29
-2
-35
8
-30
5
2
-43
-26
-16
-25
18
-18
62
4
12
115
7
6
8
59
-19
9
-22
5
32
25
28
5
1
-41
91
-19
-5
1
32
61
20
-36
24
-25
-61
-20
-26
5
25
-2
-53
0
-6
-6
-9
25
-24
83
4
-50
10
9
28
22
-31
-21
7
-26
-41
-14
-34
7
15
33
-8
63
-22
-32
51
-1
-5
16
4
31
10
-32
52
-36
18
38
-45
41
-20
5
-9
-1
-56
-35
-11
-38
4
31
-98
26
20
-2
-26
-20
17
-33
-4
73
53
8
41
-7
-3
-55
-89
-1
0
37
-25
30
5
65
-34
2
16
23
12
13
5
29
16
-3
47
8
50
-16
-33
38
-38
52
-16
-11
-58
-35
-19
-76
64
-34
-31
35
-84
-42
-9
-8
15
19
12
-38
-16
-76
9
5
-4
-16
10
36
-19
8
-29
-37
-30
-103
41
-12
46
-10
-28
64
-25
-25
-13
15
-30
-55
-17
19
0
-20
-2
3
25
-32
10
-13
54
18
13
14
-37
-29
16
-30
-28
12
69
-43
-5
-109
-51
-11
-24
84
-72
29
-40
-7
44
13
16
41
10
-8
-1
-23
5
-34
6
78
21
8
-8
-12
7
8
15
4
52
25
3
-65
-1
27
-53
14
4
-4
56
-11
-40
32
14
-23
13
26
-16
-15
0
68
79
-76
-64
-6
-17
2
-11
24
-10
24
39
-25
11
32
8
-19
-39
-24
-62
79
6
36
14
54
-59
-41
-3
-59
-59
21
24
4
-14
67
-15
3
-2
13
70
-51
-29
-11
27
-17
30
-100
-10
-26
22
13
4
-23
-12
37
-29
14
-98
73
-62
61
-51
-31
6
-6
15
-32
11
-44
-25
-17
-70
27
-38
-47
19
3
-19
-34
-13
-66
-7
-54
5
38
39
-55
19
41
6
7
-64
-24
-21
40
-41
28
-4
-68
-9
11
-10
-60
-12
-56
-15
-67
-30
26
-26
-57
18
-4
13
-7
-14
-49
-48
42
2
40
-12
-19
36
-26
-30
1
48
53
-25
-6
-99
-22
-27
3
-17
-26
9
-10
-49
4
33
-53
60
54
18
25
-7
12
-47
-10
-51
9
42
-52
36
7
42
28
42
12
7
-10
13
-25
19
-5
-2
59
-12
-34
-35
33
-50
18
6
11
-28
-31
-83
2
-62
25
5
-38
-51
-15
-19
12
-3
109
74
33
-3
-49
7
57
-7
-8
-13
-30
-8
38
16
-12
57
78
28
16
-46
4
-42
-39
-11
62
54
-1
-1
-42
22
1
78
48
-1
24
-60
-34
-1
25
-55
-22
-13
-13
36
57
24
36
12
22
-10
-31
38
-25
37
34
52
16
3
-22
-20
-6
25
-57
-42
-31
27
18
58
99
15
14
40
15
-54
51
-60
-14
9
-19
-63
-17
-16
35
-20
39
-11
-37
27
-23
-57
-14
60
83
16
-29
-34
-1
-36
61
10
-37
-41
-4
22
58
-27
-29
-2
25
-35
-43
11
20
64
-39
12
16
26
-41
95
28
-37
57
-39
0
63
6
-10
-39
3
-25
-30
-19
-31
30
12
6
-68
-7
9
-9
-3
40
19
0
-8
-77
88
52
23
-18
-49
13
6
-59
-60
-19
-20
0
11
52
-19
17
58
15
-9
-46
-18
-16
-8
-37
-2
-3
15
7
2
17
-44
0
90
28
15
-33
-25
-3
13
-54
19
95
-10
-6
52
-41
-56
20
11
37
53
24
-8
10
-54
16
12
-16
-44
-63
-37
15
42
34
67
-25
55
-20
11
-93
31
-3
15
-28
-2
16
-16
2
-15
15
-28
-1
58
10
31
-14
3
14
-106
-2
14
-65
-2
-46
-32
-60
-43
35
-9
47
8
52
7
7
-31
15
6
-35
-30
56
-63
-20
8
8
25
24
13
31
12
-35
54
-1
73
0
-45
-23
47
-10
-55
-14
13
-72
-70
-56
48
1
30
8
-37
-55
-23
-53
-78
-57
41
-10
-13
-32
-23
-13
18
45
99
9
-11
18
2
32
6
-3
-39
38
13
61
-23
-35
-34
20
25
-64
33
0
-2
24
74
9
35
11
-10
48
28
-9
-6
35
87
52
-75
-50
44
0
-55
16
0
66
1
26
51
-48
-4
34
3
-42
-18
8
-58
-14
43
65
3
-34
16
-92
11
46
15
44
-19
24
83
-9
-27
40
-21
45
37
-22
-32
16
-120
-32
-18
-51
47
22
23
-5
-67
27
12
-20
-21
-33
32
13
-24
15
-62
-13
-2
-19
30
12
-40
8
-88
64
5
-17
-4
19
-34
-21
22
-17
38
-6
-56
-5
-51
73
4
-28
-1
35
-16
14
16
-42
-9
-25
10
-18
26
27
-29
-68
60
73
81
2
13
47
13
-28
5
-5
2
13
-28
-20
-11
-14
-14
-11
37
-4
-15
28
43
-45
11
-35
25
-19
69
-2
-2
-7
-33
3
-65
-25
-62
0
-70
8
-8
-12
1
15
-22
-48
-48
25
47
38
-17
-42
6
-4
8
17
-80
6
12
55
-52
-63
-56
4
7
10
-32
-61
23
62
7
-5
-34
-30
15
-54
-18
-39
14
13
9
8
-30
31
-38
29
-38
-57
-26
10
-1
11
7
29
10
-15
-15
-51
-14
25
-3
-8
-26
-5
4
-16
-36
-9
35
-14
11
69
49
54
9
13
12
-24
20
-38
-8
-32
35
8
-44
-28
46
-18
-13
6
-45
-51
25
-73
-43
20
-8
-13
-37
25
46
9
15
-55
39
-43
38
19
10
22
10
-2
-22
24
90
-31
0
-9
2
42
-61
-36
-25
13
-28
-58
2
32
102
-11
-64
-25
-48
34
-20
14
7
-18
28
36
-41
-31
-17
-11
15
34
34
-15
-72
14
-44
21
-23
27
19
22
-9
30
-29
19
1
13
-31
9
-23
-71
-38
18
12
52
21
33
-20
83
11
45
-1
-46
-54
-4
-5
-46
28
-4
66
62
18
-63
-30
25
-26
21
26
-84
-9
31
-60
31
35
6
35
6
-16
-9
25
33
-2
-25
-9
-24
-25
-2
-30
48
38
-41
-4
-22
-89
4
-40
-13
2
21
21
14
-15
37
9
6
-21
-68
18
72
-31
-19
-18
-37
-50
-66
15
-3
-45
-16
-16
-9
-37
-42
-45
-42
25
8
-48
71
-45
-7
-18
38
-81
13
-45
74
25
-5
-65
10
28
-4
0
-61
24
-59
-47
-10
10
31
-52
63
-28
-12
9
-45
11
-25
13
-27
-9
-16
-41
5
-23
-11
-20
18
-4
48
-33
-91
23
-15
-15
-86
21
6
11
13
10
0
-2
46
24
33
-8
8
-44
27
-4
-39
-15
-27
22
-34
-15
55
-47
1
-9
-3
-19
24
43
-4
-39
26
-40
-17
-1
36
-43
45
-27
-40
-6
-38
-10
54
6
26
33
21
21
50
0
8
2
-69
-53
97
-10
51
44
-28
-9
-69
34
40
36
-42
27
-14
-14
-10
39
2
101
-21
-33
-49
-10
-5
-4
51
-56
-26
18
7
50
27
21
-41
57
-12
-34
38
20
29
-46
-10
14
-33
-22
-27
28
64
-7
-9
72
32
-21
-7
35
46
-27
-12
33
-10
-20
-28
-8
17
-5
14
-14
48
-27
48
24
27
-33
83
-58
-76
-62
52
-97
-48
39
-42
-57
27
-46
10
36
-15
-12
44
-45
13
-66
-23
24
19
46
-35
-21
-9
12
-25
26
-15
9
-13
20
-14
82
-41
-36
31
-7
-23
19
31
-35
21
14
-13
7
56
51
18
-16
3
11
36
-57
-38
-59
14
-13
75
-4
-25
12
23
10
21
25
-46
5
30
-51
-1
-21
-88
-31
74
27
28
61
38
3
-34
77
18
25
29
9
-12
63
11
-38
24
-16
-41
15
54
-47
-44
-65
29
-9
-22
-14
11
19
44
88
-52
-33
4
-21
0
-25
1
-4
-81
-26
28
37
-3
-2
25
-44
-37
45
23
-65
-14
-83
-20
20
-40
16
68
-2
-39
37
22
17
39
10
-4
-10
-26
19
20
-94
-51
-14
-4
14
-19
17
-1
22
-26
-10
14
-42
-82
105
-28
22
-73
17
43
-7
-8
12
67
-71
65
12
-99
80
10
-18
-67
43
-13
-19
-46
39
31
-27
2
26
84
-28
20
-17
-32
40
-53
64
-19
-31
11
18
-12
-40
-22
9
-37
0
-36
-13
-3
59
25
-25
4
40
-14
48
34
-17
-20
40
-4
19
-30
41
29
60
15
4
83
30
-33
-60
16
63
-17
25
-33
-1
-43
17
-1
22
78
55
1
28
19
-6
-37
-43
44
32
-22
-3
-42
-10
14
-25
-41
7
47
-8
2
-46
26
-50
-17
37
46
6
-19
-39
-31
16
11
52
-10
-9
-9
-51
-42
-33
21
-19
-20
-50
72
-1
14
31
24
-2
29
-33
18
0
21
-27
-37
-39
-26
90
-37
-66
39
75
-92
-46
11
8
2
-43
-18
0
0
108
-1
-22
53
18
17
-25
24
-10
22
-2
6
-68
83
37
-30
62
-36
-7
-25
-30
20
-20
35
-66
21
-32
-49
32
-40
-2
19
-24
15
29
-2
-21
5
-7
20
-34
-1
46
-6
11
26
-1
-35
-19
0
32
7
-18
-54
26
-61
-25
66
-42
-19
-6
6
-38
24
-35
42
35
-9
17
6
-37
-33
-34
44
-26
-30
10
56
-40
-32
2
-16
-29
29
-34
24
-2
-67
8
-4
22
-59
-30
42
-121
26
7
51
-23
-12
7
3
-9
-31
33
26
-59
-47
28
-21
-37
2
2
9
-21
28
12
1
-23
-26
31
-53
-17
-46
7
9
-4
36
15
-2
40
11
35
5
-2
37
43
4
16
10
-42
-29
-41
6
-36
37
9
-18
45
-24
-17
-13
13
37
-22
14
-20
108
-12
63
-67
11
23
43
-2
-15
-28
-11
-21
-45
9
-21
-33
41
-15
29
55
-1
-32
-21
-6
-20
49
-53
-31
-36
35
38
17
-3
42
-28
52
10
40
-23
13
39
22
13
17
-15
31
-50
-15
-3
-55
49
43
-56
80
-11
-69
21
48
-9
-2
66
27
66
-100
24
22
-14
-43
35
-9
1
-70
29
-38
-2
-16
-73
-8
0
-4
-41
-7
-33
44
-13
-97
-27
23
6
-27
19
-7
-25
67
-50
-22
-33
11
62
23
-11
61
0
-42
-10
-59
-55
7
-49
-62
-11
-40
-20
35
54
4
12
2
26
-6
-25
18
-11
-31
-15
-91
4
-34
-32
-1
33
12
-26
-77
19
-20
-4
22
-7
-45
-2
-26
-1
5
-69
62
4
1
-5
39
-10
-8
-38
58
37
67
40
-53
-34
-1
48
-39
-2
-39
70
-14
61
9
42
-3
-34
-14
-26
78
56
17
-77
25
5
-7
39
26
33
-18
-22
67
-40
55
44
37
30
-20
11
32
-5
1
8
-24
-25
7
5
-21
96
-60
3
-19
-13
34
-29
19
-10
-56
57
-70
-62
-30
-36
15
-48
-23
-31
32
8
30
35
-33
-40
41
-28
-18
-9
-25
-7
-46
-38
-9
13
4
-24
-17
19
16
-32
56
67
-6
-55
16
-41
-47
-27
-14
14
45
-35
-7
-39
94
-6
-36
13
11
-14
-16
-64
71
-23
47
48
4
-42
61
-17
28
-31
-120
-25
-9
16
-3
27
32
58
-90
52
-63
-14
-29
-21
-29
-69
-13
63
-8
-20
-11
-13
-4
-29
19
11
57
32
-16
15
-63
19
79
37
6
4
71
5
22
4
-60
-54
-16
-33
2
19
22
-8
55
7
5
110
-13
-45
88
-2
-26
-7
-19
22
8
24
19
39
-2
-7
-8
-11
24
1
-37
-56
61
25
10
-10
-22
-15
-38
-26
2
-33
-46
39
-13
24
-15
15
-43
-9
-2
6
8
7
12
3
-10
-70
-10
7
50
11
27
-24
88
22
32
34
2
112
-16
4
47
67
-45
-43
-16
-74
43
5
-24
-8
-45
20
10
99
-10
-25
-12
16
-17
-32
56
62
-74
-42
43
-10
-43
-13
-17
14
-23
76
86
41
-52
9
-1
4
-46
10
20
53
-33
96
-12
2
43
-41
-74
-23
-3
13
-19
3
45
30
4
-4
-9
4
-16
7
-2
-20
-3
12
20
32
35
19
38
13
-2
15
-7
14
-35
-45
-43
77
-14
-30
17
24
37
12
-21
14
39
-15
32
54
-23
-21
-33
23
22
-7
13
-1
10
-41
-26
18
38
79
10
-34
-29
-20
-39
26
-20
47
69
-29
-41
42
-15
-1
-32
43
-44
3
13
24
-2
-33
57
16
-19
-36
-36
84
11
24
-58
-8
0
61
-58
24
-67
74
7
12
-41
26
-46
27
-5
12
1
5
-15
12
-22
4
8
-4
-36
-33
28
66
5
63
27
-20
36
106
-15
-61
-32
12
-18
-4
21
-12
4
-18
38
-23
-34
-11
-51
-42
-35
-82
-44
-12
-17
-7
-9
31
36
-48
-36
6
45
91
34
66
-4
62
22
24
-3
-42
-27
-27
-4
46
-38
36
56
5
57
-29
-13
65
-1
-28
48
-5
-3
-5
5
85
-12
68
24
20
-33
66
0
33
49
-36
-2
37
53
24
17
-52
-29
-16
7
82
19
-50
20
26
-20
-4
23
6
67
22
-12
65
46
9
48
13
-4
9
32
-45
-5
-37
2
18
-50
-37
30
-29
-19
-27
-29
4
-22
13
3
-35
-19
30
4
10
-35
-8
-69
-52
49
34
15
21
-29
-7
-22
-66
-12
54
-5
15
18
35
-31
29
-37
-14
2
25
-36
-40
-12
11
-3
13
-2
57
-43
22
26
-1
24
8
36
-1
-20
-21
59
-8
-13
-9
-30
1
-11
-23
64
-1
-25
17
-24
20
-65
84
22
52
4
-56
3
-21
-6
21
16
-49
10
-14
31
28
-5
40
-30
34
57
-35
-42
-31
-43
-50
-52
20
1
-50
-48
17
0
-11
-48
8
-24
-19
-35
19
-20
11
-15
-22
-37
34
-46
-25
-62
-20
-37
4
5
-11
47
11
15
-1
48
-10
14
19
13
-4
-75
27
-28
-53
-83
13
4
16
-32
41
-54
-13
75
-38
30
2
63
42
-1
-6
23
32
5
-10
-46
-52
-20
31
-22
27
-4
-11
-12
-20
9
42
-82
31
-29
37
47
78
3
-21
29
-57
15
8
9
39
15
-5
-25
36
-10
1
-2
24
-30
-18
-16
-12
-50
32
-69
-78
-15
-61
1
39
20
70
83
-68
-7
18
-41
-30
63
-8
-18
-24
-13
62
55
-6
-15
8
-22
11
-20
28
-1
49
4
-4
8
-29
-2
-4
-60
-58
51
0
-8
-7
40
9
-13
0
24
-20
20
-11
-6
49
-80
-31
50
70
-37
-13
19
-53
20
2
22
-56
21
42
41
30
-62
-8
-30
9
48
-25
47
33
21
-5
17
19
-49
-45
-107
-4
10
-40
-65
-16
1
0
-9
-6
-3
-42
45
40
-36
46
-11
-57
-32
37
54
-33
13
4
12
31
-55
-5
31
24
20
-28
116
38
-9
41
7
9
19
-30
-67
22
4
37
32
-20
11
-28
-67
-29
-38
-9
57
35
1
13
-18
-14
-25
61
-68
34
10
-50
-15
45
-26
24
-2
-57
-6
6
47
50
-17
-24
36
-1
-2
7
17
36
24
68
-34
-57
43
-53
6
-10
-22
47
-2
42
48
-26
16
-39
11
64
17
-20
-16
27
13
47
32
35
-9
-3
37
47
24
26
3
28
9
-48
-13
-30
-5
-26
-26
-33
6
-25
13
47
49
5
-9
22
16
13
26
-64
72
-43
-15
15
7
57
24
-48
2
-55
30
-16
-96
36
72
-86
-27
44
-38
35
8
-17
13
11
-30
-2
50
-14
37
5
-13
-28
70
56
-3
56
11
36
9
-5
11
-6
-14
-73
61
4
25
17
-24
-24
-8
20
97
50
22
31
46
-9
56
4
-6
28
4
2
12
-33
-33
-51
-12
-5
-4
-2
19
35
-10
-19
54
-11
33
-37
3
-89
-21
28
-8
88
-6
3
-26
41
-60
24
-46
21
10
80
69
-2
-27
18
5
-37
-14
48
6
36
74
18
-25
-42
43
-13
46
36
-17
-13
48
-37
5
-27
-45
-53
-6
-68
-60
109
-6
32
-43
-35
7
22
-40
45
-41
23
45
1
-11
-19
8
-22
-30
25
-17
32
-3
-40
5
-11
0
44
-4
67
-3
29
3
31
-10
32
-40
-11
-36
49
-33
-8
27
-57
-14
28
14
-8
35
-68
33
70
-57
-27
-30
14
-109
7
70
-25
62
-26
-57
21
21
27
-36
42
13
5
-11
-39
15
-57
6
-38
-1
46
-40
5
49
61
-17
-67
-34
4
4
-25
39
-47
-3
-22
56
23
-35
-15
-83
-19
-3
-35
20
-57
-27
-39
28
47
29
-31
-17
-7
3
0
13
-27
-24
32
53
19
-12
12
-48
-60
-28
43
-14
-14
8
-21
-2
33
23
11
0
35
1
14
-8
49
-38
7
-14
23
39
-56
4
11
32
-4
28
9
-22
-18
-7
63
-34
66
-29
14
47
-4
-19
14
-11
8
30
2
1
18
-55
44
24
-5
98
-20
-10
-15
27
-10
-46
-5
-12
-18
-21
-27
-9
-60
-29
-18
-31
-41
27
36
-3
-37
-76
-48
2
47
-35
-34
-18
-16
6
-66
-4
65
-50
-29
8
7
95
-7
48
3
26
20
12
-11
22
-12
50
-28
13
1
-41
-17
52
62
-23
-86
8
-27
26
0
-4
-3
11
-36
-4
-51
40
-80
5
72
12
-36
-37
33
5
6
-10
39
11
-49
12
17
3
-11
4
12
-69
-1
-50
-3
-14
22
51
0
-35
54
-11
40
-38
28
-1
-33
4
-28
28
-22
10
20
12
-75
-38
-12
-6
74
26
9
-92
-11
7
25
-43
-32
32
-23
-15
-6
9
19
-58
24
-24
32
1
20
7
4
-36
-7
-80
19
-58
-67
-29
-14
8
-80
31
-23
21
10
-48
16
38
-68
12
43
45
-43
12
21
-22
58
12
-6
23
26
-34
28
25
-54
-16
23
24
55
5
-10
33
-31
1
2
-7
-56
34
36
-35
-8
17
54
2
-6
0
-43
27
-10
7
14
41
-16
44
20
43
19
-38
7
-3
1
-67
45
-29
-2
17
-13
35
-55
-2
-30
-4
35
67
-21
-14
30
34
6
-16
-29
11
-33
-28
-7
43
-36
-32
-50
12
-24
-12
-6
-11
31
-28
-36
57
1
-5
-36
0
24
10
-4
19
72
15
13
16
56
-20
-9
3
20
23
14
5
40
71
4
-29
17
43
27
-9
-66
7
-38
-9
-66
-15
6
17
16
-42
-17
-21
-53
-20
-14
43
-46
76
14
-21
23
11
-24
35
12
24
-91
36
-10
48
2
-16
2
20
-4
4
87
-32
55
-47
-40
1
10
-13
-62
60
-2
2
-6
-14
-39
12
16
-38
-3
35
27
-47
63
3
-85
-58
25
4
-20
27
-41
29
5
16
-5
32
-13
-52
-40
-7
-4
-37
-8
-12
-51
25
3
-3
24
23
-54
-27
-9
46
-44
125
56
18
48
-10
20
-31
-25
-15
21
9
97
-28
-59
69
41
75
29
5
58
15
20
25
11
45
-20
54
7
-39
18
-32
-16
8
-4
24
-4
50
17
17
16
-22
-57
-14
-14
-18
-37
19
30
27
25
-32
-35
39
33
1
-71
0
51
-44
5
39
-10
-5
-1
-1
-78
-26
14
7
-19
44
-16
-10
23
-39
1
-25
66
21
-9
-2
-54
-26
34
-25
4
-52
-8
15
15
-34
-25
-36
10
73
69
-46
-15
-16
0
18
-32
-2
17
23
-65
18
11
-49
65
-35
-40
-51
-38
31
9
-17
-13
-40
-28
-14
70
-29
-19
-1
19
-5
45
36
-44
-36
-9
-22
73
63
4
-54
-18
-16
-43
39
9
19
-48
15
35
1
-25
17
27
21
7
26
16
-15
24
61
7
51
11
37
40
11
42
11
-4
-40
-78
0
35
27
-8
-3
-38
-13
0
-23
58
14
-9
-34
-13
21
34
-51
-58
-35
12
5
-2
21
50
-1
-17
-51
50
-21
-50
4
-57
21
-20
-61
5
-25
41
4
-27
6
-74
46
-13
12
14
-27
-1
-27
5
5
50
14
5
17
-80
24
-36
24
42
-6
-4
-7
-3
18
-29
-13
13
-15
-21
64
-34
-79
9
-57
-24
-82
-32
-78
56
13
19
2
-64
-25
-22
15
-9
92
-13
61
27
26
50
23
-21
-14
10
10
-28
25
-23
-8
21
-2
11
-2
3
-5
22
-56
15
13
57
-1
26
-51
12
36
-50
-16
-18
2
6
-30
-5
-25
-17
79
-57
10
-27
-14
-18
23
-2
79
-68
0
-54
32
-18
-9
28
30
32
-44
21
5
28
26
12
-36
-6
-22
-31
17
30
99
0
18
-40
7
-60
-16
-70
56
-6
-68
26
-47
33
-19
-46
9
-22
62
-14
-31
34
22
24
41
57
25
40
25
16
44
0
-17
33
45
28
-75
-32
14
-24
28
23
-51
-1
105
-54
-48
19
64
10
23
-21
-56
-27
-26
23
-18
45
55
75
24
33
61
41
56
18
35
-16
-7
34
-84
22
71
22
18
16
-109
22
-26
29
-20
67
-37
27
-14
-57
-64
21
11
79
-44
-34
-44
-18
-13
-9
32
8
-62
5
5
18
-25
12
53
81
57
16
-27
-51
-20
88
-5
-38
-37
50
-31
65
19
-16
-42
-36
4
75
-7
-17
21
9
-2
-31
-23
-31
36
-18
16
-14
57
-46
32
19
16
-47
68
10
-9
-7
20
8
9
42
-44
-29
20
33
-29
36
-3
3
-8
-13
4
-34
-19
-24
50
-15
1
-30
-23
94
53
-2
-58
2
-143
13
3
12
17
75
-53
-48
27
50
-40
-49
-32
-38
8
-53
-56
-12
-56
34
49
18
-20
1
-6
7
-25
21
-1
-8
-18
13
93
-58
-28
12
7
-15
-75
-27
30
15
-16
-27
-20
-22
23
-22
17
5
-15
-2
-15
-59
4
-4
-6
2
56
35
-12
56
57
-44
-36
-65
-23
11
33
8
-14
-1
-57
53
9
84
-6
48
-66
-15
46
-16
1
97
-23
-24
28
-57
6
-2
-29
2
-25
-7
-6
21
48
30
25
-98
30
31
-16
33
79
30
-35
-41
-49
31
-25
-19
79
7
-18
31
8
7
118
7
15
38
-10
20
-11
38
-29
23
17
5
-33
-38
-15
33
-16
23
-29
-26
-29
-12
27
4
-54
15
4
-26
61
-5
29
-2
10
1
-14
-41
66
57
7
-57
52
22
-1
8
-54
28
-37
2
-23
19
-51
28
27
-12
-59
-11
20
-59
-3
-43
24
21
1
29
-7
3
-31
-12
-9
11
-10
-41
-7
52
34
71
-6
-68
-13
14
-36
-10
-13
72
-30
38
41
55
-20
5
-22
-64
20
-30
26
52
57
-1
-22
-43
-17
1
-40
-26
-3
19
-42
8
16
-29
-22
47
73
-26
18
-45
-20
51
71
-1
-17
-21
11
75
43
9
-15
-12
-50
-22
29
30
-21
-37
-5
-39
-28
8
65
45
-3
-54
18
-26
9
28
13
-24
-15
28
-1
0
28
30
0
-18
-7
40
-61
2
-55
35
-46
24
12
-4
98
-8
48
20
-91
17
38
50
4
57
-18
-70
-32
42
-6
-17
-60
15
-44
-78
18
17
-18
-23
-2
-2
36
75
-35
-80
23
-25
-68
8
6
35
-18
-17
28
72
29
-64
18
-75
83
-2
49
-13
-70
-36
0
61
9
0
-14
21
-26
72
69
-31
18
-59
6
41
9
14
-14
47
26
-58
-60
-9
-16
26
7
-43
-17
-7
14
37
10
14
-12
43
-56
-16
-33
20
13
-72
-57
27
28
-20
-41
24
-45
70
-19
41
1
71
-30
32
-30
-12
-20
-31
10
-39
-5
21
5
-36
5
41
-18
-21
34
-17
-32
-17
-2
-44
29
49
38
30
9
59
7
-12
11
43
-13
20
32
-18
21
-14
12
4
-16
-14
52
11
39
-21
-18
-17
-10
-46
-7
-47
13
-12
68
-30
-64
25
9
16
-6
20
83
-28
-58
-36
-17
-2
-23
-21
8
-54
24
-19
-41
-37
-33
-32
-8
-32
1
6
-49
14
18
28
24
29
26
34
-1
-9
62
40
-33
35
52
10
-26
-22
98
-74
-67
4
-25
48
-14
-5
-28
29
11
-6
-7
-40
57
-13
22
10
-69
-15
-8
89
2
-1
39
-10
42
30
34
0
-13
23
-29
-11
-26
-57
74
-3
-31
-24
13
1
-5
-47
-3
-30
-45
27
-60
19
1
29
63
-22
47
-25
28
-67
7
2
29
-24
-43
3
16
-4
18
97
20
-30
-6
47
46
-34
39
36
-12
-22
18
38
62
-14
-8
38
3
6
20
17
-37
-33
-3
40
-82
13
30
40
19
54
-37
-15
-35
-28
0
10
14
8
15
59
-32
56
19
-37
6
-25
-9
9
4
-17
-31
25
60
81
8
27
-48
-65
-94
-7
-54
-6
5
-23
-17
38
-26
-20
51
7
13
10
-10
12
-44
-9
-32
24
65
16
-54
-64
-83
-7
10
-38
-27
66
-31
-5
4
5
17
38
-15
-2
53
-48
25
2
83
-13
-38
-46
-67
36
-23
-51
29
-19
-32
-35
-90
-14
-15
-30
-22
66
-49
3
5
40
-44
27
15
13
65
29
-59
-13
-41
-1
53
-15
-19
-10
2
-34
18
-11
40
56
-37
-8
-69
-17
11
-2
28
-53
11
47
-72
-7
15
-56
-9
-62
-20
-40
-28
-29
-42
2
26
31
29
-10
13
0
42
-8
-40
-11
16
59
58
16
-31
-74
-42
27
-23
48
-3
38
12
23
39
69
56
13
-5
37
35
-7
-18
-32
23
69
-22
4
-61
33
-46
-7
-17
-10
11
-12
6
4
-18
-48
48
-23
59
46
53
-47
-4
-29
7
4
33
-30
21
70
42
0
-6
29
0
-18
-6
-31
-31
53
10
-48
-48
-70
44
-50
36
32
7
-7
-37
53
17
42
2
61
-53
-47
-1
88
44
6
7
-21
44
30
19
19
25
27
-25
8
15
20
-45
-13
-16
-15
14
-58
-60
30
8
46
-26
-29
39
8
32
12
-39
31
-49
33
-54
-52
6
21
-25
8
-23
6
-26
-20
74
-46
21
12
-26
39
12
11
2
-44
26
17
-23
-10
32
19
34
52
-28
1
7
66
-38
-11
-35
46
7
-16
-7
-6
75
63
-13
15
-4
51
-19
-26
-13
14
83
-51
-21
-9
12
-10
0
7
23
-17
48
-33
28
33
-4
-16
-24
81
41
42
-9
-45
60
15
-14
-19
37
-50
-60
-27
-59
39
16
32
-36
-59
-2
80
6
59
-21
-11
34
-19
-7
-15
-64
-38
30
-8
48
-8
-67
-17
22
2
-80
-17
-5
42
-18
7
28
15
-29
38
-9
-5
-16
9
37
63
14
8
16
4
49
54
13
4
-6
16
46
22
-20
-3
-17
-9
10
66
9
38
-49
91
-12
-85
-8
0
-26
-20
41
-24
1
-38
-39
-27
-32
-51
20
-40
24
-17
8
-19
47
-11
29
-77
-38
24
-3
-16
21
39
-49
10
-43
39
17
24
-20
3
-47
32
9
38
-11
56
-55
24
23
-4
24
-10
-6
-9
23
37
76
82
-34
8
48
-43
-60
-65
19
40
4
8
23
-61
18
88
-37
28
-25
-58
-35
20
51
16
-20
-5
13
10
47
7
-20
-25
33
28
12
23
18
60
-12
21
19
-20
24
1
15
49
9
-3
93
-78
3
-42
-22
119
-33
0
-6
37
36
-70
-42
-12
-18
-14
45
27
-16
-17
32
-52
-51
-33
45
-4
36
52
26
3
-18
17
-7
-32
28
11
-32
69
-44
-20
-23
-14
-44
12
85
-35
4
-33
-23
15
-14
30
-18
32
8
22
-3
15
18
-25
23
-43
39
-30
-11
-26
-1
-43
27
-63
-15
-26
-17
-91
-52
-18
-31
36
-75
-6
-4
24
-17
-19
-27
-14
20
-20
41
39
-34
40
-16
-32
-35
-93
20
17
14
14
-37
-88
-24
17
66
-54
27
-23
29
21
6
-22
-74
22
9
16
-18
36
-7
30
-47
-42
2
-22
74
29
23
11
-20
21
-28
67
-23
-33
18
11
26
0
56
-64
-5
4
96
-80
33
40
-22
24
73
-51
-18
-20
-13
12
45
7
-3
21
34
-38
-32
-18
16
-44
-8
14
-20
-12
24
-9
-29
48
-20
72
-3
-31
-11
5
13
-12
-112
-46
5
16
47
4
94
23
-22
22
-3
-10
-53
-51
-1
29
-30
-11
11
-47
28
94
-6
3
21
-2
0
75
-103
-20
14
-26
22
57
-37
36
-48
45
-7
-26
47
-8
-28
3
13
-10
40
28
-29
-7
-15
5
38
-40
-5
6
-36
10
47
-55
-41
41
-10
-20
-3
32
29
1
23
24
-13
8
8
-30
-29
35
-26
4
9
-18
-26
7
19
61
15
-3
-39
14
-33
60
34
52
78
1
31
-58
21
30
31
6
-19
-14
-67
28
64
29
-43
34
-67
33
48
-16
-12
-9
-8
-34
15
-17
7
-51
-11
10
-55
-41
-98
15
15
-12
-26
17
56
9
-43
-13
51
5
3
-32
25
13
39
-7
13
-49
-22
23
-12
24
14
-104
37
11
51
-5
-61
-21
-52
-63
70
26
-24
68
24
5
4
-32
-3
-4
-27
27
-37
-29
8
-20
-36
13
-16
-2
-36
8
0
14
-17
51
86
-38
-42
-25
51
17
44
27
10
-27
-63
-33
-2
46
15
0
31
-11
4
-62
38
70
4
-11
65
86
14
3
-46
-114
59
34
129
-56
-32
-22
-26
-28
-81
-1
-15
-16
1
-21
-26
-11
-35
45
37
19
2
0
-2
5
-7
7
-67
-21
54
-7
17
58
9
82
-15
44
-43
5
21
63
-23
8
-15
37
-19
-38
-39
9
-6
36
-60
62
-15
69
45
22
26
30
-26
-5
-50
9
30
-3
-46
21
8
-38
-19
-3
17
14
16
-17
-19
1
-40
-7
-57
9
-63
16
39
-14
-27
-23
17
19
12
28
31
-57
35
-7
3
12
5
-3
14
-43
-17
39
41
-56
3
-53
15
60
-18
-40
5
-40
46
-23
-11
-4
28
-12
-43
40
-23
41
-3
-20
-10
92
-15
-21
6
28
44
-63
-45
36
1
17
38
-22
-18
-28
-45
29
-66
3
41
21
48
-27
-6
-1
33
-20
-38
-21
31
0
5
-4
2
-54
32
-27
36
-9
-21
-31
29
39
-26
-23
-69
-24
47
13
-10
-10
29
-56
-53
34
-38
15
-37
64
13
-4
-42
75
40
10
2
-22
14
-7
4
0
30
37
34
-39
-35
35
35
-3
-19
24
10
-44
-49
6
11
-41
-88
23
-33
-3
-21
-16
3
-79
4
-23
28
-9
-5
-30
-22
-36
51
37
-9
-27
-24
-44
-31
4
-26
8
32
-60
-39
-12
-5
-30
-59
13
1
24
11
-34
-62
-9
-5
8
28
-35
33
55
-13
6
0
51
-42
39
39
-50
27
-29
-5
45
16
9
39
-22
16
26
9
31
-35
5
-26
29
-16
2
35
-1
8
30
29
30
-17
26
-45
-58
-31
-45
-17
-21
-10
-22
47
23
-40
14
-73
5
23
-13
-26
-24
68
-46
-5
34
-10
-20
49
-10
-10
21
29
39
-19
-16
-4
-26
-59
5
-61
68
1
22
-19
14
-15
53
14
13
-11
55
-53
-40
-14
21
-11
70
-3
-38
-19
-19
15
-36
9
-19
13
-26
-5
-7
26
-28
24
-7
-43
48
52
-10
53
-22
-12
39
23
6
0
11
-31
-40
70
-65
62
22
-27
22
-12
9
1
-70
59
4
-22
7
14
-1
-16
-49
-2
-3
-9
-55
33
-27
55
39
-16
21
-16
-49
-16
23
-5
71
-31
-48
6
-65
-36
93
-30
-26
48
-8
-31
26
7
-49
70
-55
54
-13
-51
-25
49
36
27
18
26
7
-15
-24
30
-45
20
-53
29
-40
-2
-26
20
-109
27
-12
59
-35
-24
-12
27
65
4
-35
13
-12
28
-17
-6
17
-1
-19
33
24
-14
-22
-17
3
30
2
45
2
-25
7
-105
39
1
72
-31
-2
-2
18
-22
-25
-70
-35
-7
-31
12
12
-8
35
22
-41
-33
-40
-16
43
-4
-22
1
-27
-33
8
-56
70
-2
-19
47
-20
-31
29
-15
-1
-50
-63
30
-65
57
48
-7
5
-16
6
-20
25
-45
-22
-29
-26
-15
-18
52
-9
-4
28
-26
-11
-34
-45
28
58
17
63
-19
12
-24
-4
-2
-29
-17
24
-18
-23
46
25
9
-49
16
19
-12
38
-45
-12
18
35
32
63
-40
-3
38
-23
-36
59
-12
23
-34
-4
15
17
-24
18
55
-31
-8
-10
-35
59
41
-46
-44
-51
-15
2
54
-65
17
3
28
24
4
-29
-74
39
20
46
61
22
46
7
17
-44
-23
18
25
-43
-4
10
-40
18
-12
-8
-8
-1
-49
19
-49
-57
-6
12
7
-81
25
-33
-1
79
1
64
32
-113
-10
32
3
45
6
10
-81
-38
-11
15
-2
-61
14
-24
9
-8
-28
6
-4
-7
-38
-14
-103
1
13
-6
3
-55
-16
-1
33
32
58
-17
2
-28
51
-6
-20
17
64
-44
20
34
-57
32
33
-55
-40
-6
-7
-33
-15
46
-70
-39
58
-12
1
6
27
-12
7
-2
54
-24
4
5
13
-27
-12
5
17
18
-4
-40
-79
-39
-14
8
-19
-4
-17
15
7
33
-27
21
29
27
12
48
46
22
48
-41
-29
-19
3
17
49
-22
-9
-6
39
-11
11
-58
-13
47
-30
20
17
33
100
22
48
18
16
44
-23
-29
-2
19
-21
43
33
12
17
-22
2
11
-2
-65
38
44
-9
30
14
11
4
18
-40
35
-59
-4
-68
31
-27
33
26
28
-22
-39
2
-10
10
-5
-22
-6
34
28
-14
-7
-28
-48
-48
15
-24
29
-30
-8
-30
-28
45
-43
3
27
45
28
-77
17
22
-39
5
-40
-18
-66
-12
-22
3
12
15
-35
30
2
-41
-16
28
32
-37
49
-60
3
25
-11
11
-1
-6
-47
37
9
24
40
36
2
-23
-30
-68
-38
18
7
-49
40
-7
40
-1
-42
59
-2
9
-7
-40
18
36
35
-42
38
-34
3
-47
-38
23
-46
33
4
-70
-35
-4
31
15
-16
-73
15
-6
45
21
-9
17
11
-29
21
45
-60
0
12
12
40
-1
3
57
4
30
5
-17
17
36
50
40
-55
-35
-38
38
-32
10
-37
-62
41
-44
32
71
24
45
18
12
54
23
-42
-34
-29
28
-32
-12
-5
-38
86
-1
31
10
16
42
-2
-3
45
-4
19
-30
-26
4
47
40
-7
51
-36
6
59
34
60
-1
4
-46
-33
35
33
-24
-48
-35
32
-20
27
3
31
-50
15
-12
-57
24
43
-32
-8
16
91
-37
-3
13
40
6
16
15
4
107
8
-11
9
7
-43
-11
12
-6
-30
21
15
19
12
-62
-7
-23
-73
13
-35
37
-57
2
0
52
-29
-22
-54
33
-65
48
23
-20
12
-16
-6
46
-1
51
15
-25
-21
-49
6
19
48
20
57
-17
-51
-46
-2
68
57
-150
20
-90
-47
-48
25
-27
28
29
-1
-34
25
1
-5
36
-9
40
16
-18
-16
-25
51
-96
92
-9
-65
-2
-28
-38
8
-17
16
-36
7
