10 92 256
0 0
0 1
0 2
0 4
0 5
0 6
0 7
0 8
0 9
1 0
1 1
1 2
1 3
1 4
1 5
1 6
1 7
1 8
1 9
2 0
2 1
2 2
2 4
2 5
2 6
2 7
2 8
2 9
3 0
3 1
3 2
3 3
3 4
3 6
3 8
3 9
4 0
4 1
4 2
4 3
4 4
4 5
4 6
4 7
4 8
4 9
5 0
5 1
5 2
5 3
5 4
5 5
5 6
5 7
6 0
6 1
6 3
6 4
6 5
6 6
6 7
6 9
7 0
7 1
7 2
7 3
7 4
7 5
7 6
7 7
7 8
7 9
8 0
8 1
8 2
8 3
8 4
8 5
8 6
8 7
8 8
8 9
9 0
9 1
9 2
9 3
9 4
9 5
9 6
9 7
9 8
9 9
75
32
80
49
63
46
29
22
70
24
6
43
17
41
20
59
82
14
47
12
50
25
23
78
39
85
67
51
56
48
16
7
0
34
66
44
90
61
73
37
91
18
40
68
55
19
60
27
35
15
69
76
11
71
36
64
8
72
79
74
89
13
57
4
10
86
5
38
77
87
1
53
26
2
52
30
3
81
45
42
65
58
28
31
9
33
62
83
21
84
88
54
-13
267
393
-42
166
0
-19
-42
-59
-340
-420
-10
11
-222
32
450
310
129
-331
-258
184
-225
73
-317
371
147
474
140
-262
-85
-177
-179
-154
115
-38
-118
-82
-23
-78
-11
404
188
481
112
196
-159
-28
201
269
24
252
-116
-555
-134
90
327
-60
-68
319
84
90
384
-242
-173
188
-139
-165
-325
-342
-198
581
-117
-227
62
-8
-87
520
372
495
167
136
-3
-203
-365
-298
-244
-157
-57
-95
129
327
215
337
55
72
-14
-86
181
0
-47
83
220
114
170
361
232
-405
120
-436
109
165
242
141
193
91
18
55
374
41
-366
123
-472
-75
-99
110
47
56
-59
400
-418
-280
160
-20
-131
-512
258
-490
-355
-105
-208
-30
245
-304
-389
-49
92
46
-99
249
-115
-214
-42
248
-379
243
-152
-225
233
-210
-27
-238
81
-187
-189
229
68
1
230
-158
269
5
12
348
335
314
-88
5
282
-368
23
86
108
-201
-193
215
83
240
-160
317
-120
-26
65
344
-64
223
-301
24
249
39
48
42
23
354
-84
-73
375
547
589
16
-178
4
282
376
394
-275
74
-153
-135
-115
565
441
213
355
221
-214
-262
173
21
-320
-168
160
268
-33
-41
-28
580
311
7
103
-139
-125
-234
118
-452
-781
-286
-141
-192
343
549
-627
-110
-403
226
-157
-176
-33
327
-171
-77
113
165
33
194
238
-207
87
-361
125
-400
220
-434
-208
15
171
158
-441
116
-194
166
-140
-248
-158
-436
-187
-7
113
379
54
169
-113
-209
-144
-1
-262
487
128
-265
-235
203
60
-100
-30
301
387
192
11
-4
-55
468
63
132
221
40
-477
359
379
-55
-133
-16
-216
110
488
40
-309
-131
-452
-80
258
-362
-62
425
-45
-150
45
-142
51
361
339
140
422
-300
-72
189
-264
479
-182
50
472
-66
-372
28
-29
126
-269
-63
0
458
-452
119
-517
142
353
-450
-118
3
-73
493
-231
273
9
-45
124
386
81
393
200
405
252
28
3
-233
501
-67
249
74
113
440
16
2
51
44
130
-79
218
-377
-36
-378
191
286
429
-209
163
-529
-340
301
42
284
-25
124
-167
258
-149
66
-68
-383
-459
310
344
-267
-39
292
-223
-260
-170
151
2
-65
-55
-265
-499
-383
199
-381
-685
259
398
-249
-664
172
-476
180
136
538
290
209
30
157
184
151
-375
-205
377
297
-55
328
-351
119
-377
88
186
-142
-133
42
414
36
-258
126
377
249
-101
-434
4
-45
264
134
-127
76
-87
97
3
187
332
-232
-200
266
261
-331
-198
53
6
-210
-78
-264
-65
-40
-227
139
183
-418
-202
407
286
-62
-2
-62
-230
27
209
45
135
-26
10
197
449
-243
-25
-507
-241
405
219
169
-181
305
-404
257
-104
-111
205
286
-165
-140
-511
-156
-284
253
-244
168
131
-475
-159
94
92
21
-119
-611
397
-42
162
-119
186
-45
19
-45
43
-195
146
40
-370
-62
179
-562
-159
-55
-350
43
76
337
-313
632
-235
271
-23
167
532
-220
-153
178
-173
-256
-135
357
60
-485
154
84
-146
-131
-112
588
36
112
-83
-102
55
437
-41
-496
-274
-139
-89
-86
-420
50
221
377
83
-149
6
-232
218
93
197
-76
78
-129
-147
-42
261
258
362
206
286
-290
-182
-154
-82
-169
-420
30
-456
338
15
71
-378
219
226
54
234
115
-81
-404
44
-172
-351
87
583
79
142
-218
-389
-218
-64
-159
74
-118
-196
280
45
591
-45
-114
-94
66
-319
260
78
-254
-417
-278
88
-56
-50
149
-26
-263
-207
128
-164
-15
-67
24
-186
51
153
155
159
159
-157
-12
-49
17
-192
232
163
-61
174
243
478
-628
-293
-336
108
-4
-209
-110
8
261
102
143
199
228
113
125
-145
-118
-422
582
-218
478
-293
537
-102
-121
51
132
14
348
-573
106
132
-282
88
25
-42
41
51
-50
112
139
-255
269
-40
110
-344
397
565
-318
313
392
-156
274
43
-28
-196
127
80
79
125
159
-237
119
-693
-364
-71
-139
4
37
93
-164
-105
34
-277
285
351
-110
-214
317
-29
168
-36
268
-56
-52
-490
375
443
-4
-514
-214
-341
-225
271
-162
-283
-146
-464
208
287
245
-43
-1103
144
-338
-202
-396
266
93
86
103
202
-382
-138
-175
-51
265
212
-265
248
155
190
-167
-34
305
-268
-116
203
-222
203
38
113
-312
265
96
136
-147
-53
17
-35
-250
-143
-175
-69
-281
-247
-605
-105
-92
-52
270
-342
247
-49
456
74
82
-25
221
187
-254
70
163
-126
180
-303
356
88
-611
290
-137
154
11
-17
-355
257
444
156
152
0
28
-324
433
300
321
-38
-135
189
-86
41
244
-39
-374
-348
-84
-422
248
207
-184
101
6
-109
-117
-137
0
92
53
-221
24
413
-190
117
136
-168
-220
49
-164
-210
274
244
97
-287
82
-138
-113
-857
-98
366
88
117
-154
207
-78
3
313
555
-101
42
-358
-60
110
42
136
141
108
-118
63
646
441
289
15
11
-494
-249
155
-36
-251
-113
331
-206
122
-355
-172
-211
342
-222
-265
-225
804
-290
34
8
294
-217
-214
-17
176
181
-146
-24
-284
94
84
205
112
190
201
-80
-225
-30
83
112
-631
348
359
-147
253
196
487
-231
-276
269
25
-271
110
284
473
73
286
-136
185
-527
-25
-570
-155
313
733
139
89
87
-221
156
252
306
317
-264
322
-205
-279
-341
-211
70
169
150
84
-18
-218
125
150
-249
136
151
446
-216
-423
267
-161
-550
421
-703
210
45
-82
44
298
30
-12
470
64
112
-131
-375
269
244
-406
-14
-63
346
717
-97
-495
229
266
117
-273
155
-143
-159
76
-108
-330
63
-275
-206
-158
-52
-135
-417
272
-253
-5
-66
-76
-147
-347
72
-136
216
-191
291
42
-271
-230
258
5
-351
66
-561
120
-299
299
63
132
-330
-630
-145
-92
-278
222
77
-464
50
-431
255
-212
-260
-131
-226
81
-186
-78
382
-199
-629
325
-190
-309
-349
-168
159
73
138
487
142
107
-528
-94
-99
-304
164
-53
-263
150
-86
-503
529
333
-90
354
39
-1
-272
-148
-80
-278
-167
-98
233
300
378
33
297
-97
-213
-89
359
-4
-514
240
-512
417
85
461
-516
16
-482
279
139
109
192
-54
423
-8
191
-232
-68
-186
-56
361
-505
-391
24
-753
-292
259
-247
172
-62
29
197
281
-63
-260
-308
0
402
128
170
340
-191
-334
86
271
-106
-384
-180
-79
-143
186
-91
216
-200
463
-119
84
667
-466
-154
-113
-10
488
-124
265
-107
533
-192
466
-185
63
114
410
271
278
-284
-190
-121
-282
154
422
406
-250
-191
170
-10
305
82
-76
-140
-196
-232
-153
-345
-347
15
358
187
-127
-308
123
138
-172
-77
163
-252
-46
-199
-295
-144
-43
171
55
135
321
-173
-435
-75
102
192
32
234
157
255
-306
75
326
181
-54
151
-65
-50
-185
-83
-111
-28
-150
264
420
95
39
-187
132
94
23
-329
-168
-268
-87
-50
-285
-322
-114
-769
-23
-216
164
-142
-83
565
34
-333
-303
-338
-113
94
-146
132
-57
-113
223
196
232
175
25
-3
277
-92
276
-126
52
-299
-212
-172
80
-108
-218
-51
-15
276
-245
-45
-154
340
176
148
-94
134
26
495
159
58
405
162
-51
144
500
205
-58
281
84
-76
-245
168
-102
-55
-164
-63
125
-148
215
-348
264
-90
-336
319
47
251
427
-77
255
-103
31
266
14
-155
90
-35
177
-741
-46
-59
-333
-389
16
52
-123
262
66
411
-108
-185
58
-56
-157
-211
-68
-240
-323
362
169
-603
241
12
175
-42
-232
57
226
-204
-371
-189
248
33
-65
216
-246
-198
43
254
51
89
36
51
50
593
-125
161
-122
-77
204
196
113
99
178
-273
-206
-165
38
404
-108
233
-389
90
0
-40
-155
-285
-364
211
-166
-178
356
17
-212
-67
-214
-173
-25
-70
-285
-164
-69
126
-225
-276
159
250
271
-175
159
177
372
152
-138
43
-122
152
-142
-151
-252
-78
4
154
199
188
-20
-7
-97
-263
151
-36
-165
-2
-155
-273
84
83
-88
325
-471
159
-153
-190
28
-305
-357
-228
-57
-248
214
347
43
-255
57
261
465
-170
-226
-57
-134
87
80
228
52
51
-247
44
-251
-1
-502
384
-164
-427
374
74
-285
417
-138
46
334
49
-172
-150
-198
-319
-187
400
-69
253
-81
111
28
-282
666
-288
71
-358
-129
-101
-400
-660
292
452
-270
51
115
117
-172
252
30
-211
-16
-265
-299
150
279
-501
-205
43
-150
146
-26
-195
139
-10
-38
-197
664
-72
222
70
174
-64
-310
-49
250
276
55
459
-85
159
-179
-463
495
127
82
-839
254
-393
86
-26
227
-246
-120
203
-227
-265
35
-241
-79
-131
417
15
-456
-30
51
797
401
-240
352
-192
342
91
87
366
329
195
-439
496
21
-65
-385
14
-197
86
-215
352
-27
-636
-11
-34
305
148
-541
-103
-120
-50
-358
-380
-139
158
-51
3
195
-84
273
-356
171
217
-29
-41
-71
470
-137
4
-393
-414
220
-341
495
281
-59
-341
-511
-50
-256
132
-30
-288
341
-266
38
-74
-47
385
-28
-33
-68
98
-396
479
-10
321
30
133
-41
16
-203
12
553
313
-42
0
-73
-50
-36
-205
13
84
-356
230
-51
133
366
160
-125
91
-123
-156
133
-101
36
-128
3
478
-46
163
367
-79
263
-178
-179
143
-630
34
-325
95
502
255
262
10
209
-83
296
-362
75
-85
147
185
85
218
-114
-138
28
208
-73
-17
154
-6
296
304
25
-130
-202
42
164
635
10
54
86
-312
99
409
-265
-237
241
182
-205
54
-432
-95
26
428
143
291
149
-127
-59
146
-344
-154
-181
-157
112
407
-34
-230
62
88
-49
262
-407
-329
43
-32
59
88
-70
-101
178
63
-27
-179
243
-388
448
446
225
207
29
-250
242
-586
-249
362
282
-244
-110
107
44
326
-175
-54
-201
-64
-87
-39
142
-274
-114
-308
-173
36
-132
233
607
-26
177
-19
333
257
-465
346
-9
25
-167
-8
452
166
-232
12
-29
238
-370
178
-363
-220
-124
-467
95
-85
123
53
-99
-228
-502
-256
334
247
-35
-418
-31
-160
54
271
171
-47
-26
-44
432
-164
-38
241
-52
-101
139
196
40
-233
-500
-64
-47
-110
249
171
148
280
-76
-202
-353
-292
302
-704
573
531
-241
174
242
-400
562
-46
566
406
-182
321
-346
-336
-178
-462
-150
-83
-19
-233
-131
-285
-314
464
-41
392
-312
-44
167
343
23
-268
23
-302
-66
229
-325
-401
291
584
-192
-463
372
-20
471
409
239
187
-195
-45
164
-336
-428
-35
-160
96
-239
-871
-144
312
366
-123
-109
117
-41
-207
-238
-103
299
218
-81
-68
224
-93
-747
55
637
294
504
10
73
32
-181
-192
-195
61
-232
-602
-210
-373
-291
-168
387
-182
94
587
-622
-172
75
-301
238
152
216
459
483
18
168
25
-584
347
-293
22
42
-416
367
-37
217
-349
-126
332
114
198
230
288
167
436
394
-244
263
155
154
11
193
-185
128
-337
-133
-191
74
-210
-8
308
130
246
-118
245
-561
425
518
-181
-387
48
96
47
274
-151
-224
-174
-311
-309
-100
121
328
65
-565
161
331
104
-24
93
64
-45
259
203
289
-79
160
140
-272
26
425
85
134
240
-133
74
-366
-490
134
87
436
-44
11
68
281
-197
60
-254
273
-158
-349
-63
188
196
-85
314
339
-260
156
-253
190
116
77
356
-295
-105
368
-189
-295
277
179
228
-43
-283
138
195
-104
-368
-301
48
-96
140
-461
-152
238
-25
144
121
43
-180
-693
-418
159
-219
-239
800
-132
537
-129
553
88
-435
-202
-226
-255
-217
-285
-214
-154
29
168
-70
111
23
4
236
331
108
97
110
-143
-347
-131
225
-142
223
19
-2
34
-126
-257
183
-330
-117
26
-387
-23
-272
-116
157
596
-198
265
256
114
-69
7
-542
416
185
-139
-183
-336
-459
45
-181
52
-182
85
-272
314
-110
77
49
200
135
-107
65
53
-257
620
-228
88
297
18
-440
-335
-81
-76
123
-215
432
0
26
346
558
272
20
-48
332
-319
-292
160
28
-240
-272
-7
-165
-62
131
300
188
358
-88
32
-296
-168
-138
-161
-115
33
38
-155
-208
-156
-145
135
-425
154
58
-264
104
-91
-5
-170
690
220
-553
-141
455
319
130
179
-591
-619
61
-65
13
-111
97
-586
-314
99
-48
313
-203
61
210
-190
-304
337
52
86
107
-4
21
-267
-249
284
88
111
317
115
189
-25
585
-58
28
-14
-311
293
142
-47
51
213
-323
284
-21
-85
-72
570
562
-146
133
-366
-410
-76
-199
-491
-307
101
-203
-542
-423
-116
-16
-133
-192
-256
-68
-153
-161
-549
50
-104
228
503
-136
134
-175
-78
92
357
-143
162
257
92
71
-54
-92
-121
12
-554
-412
-12
167
621
-252
-176
64
312
-390
-37
133
54
-161
362
416
387
326
-144
236
-283
-287
380
279
87
51
134
128
89
-68
332
103
-472
5
36
408
-62
-101
-206
108
-71
441
-352
-368
286
328
204
293
-42
269
-596
42
-341
-486
14
181
209
178
-65
22
-26
-74
-200
262
28
-162
-372
240
163
-116
4
109
199
-8
410
375
243
-91
163
97
525
-118
174
13
-35
25
-2
-116
-416
-203
-187
-326
134
-63
-553
-196
75
-411
-182
417
62
283
115
-101
-288
442
128
172
-39
221
-17
-109
-157
369
376
119
366
52
-451
-39
164
106
420
265
170
-87
-321
278
374
251
-9
153
701
-410
-49
34
-319
-56
423
134
-42
-26
96
135
28
26
284
92
-161
290
55
-327
-130
-230
84
-69
568
267
-503
-289
-183
478
-153
-27
-35
-268
75
225
-86
296
-27
8
-92
-269
-94
85
148
-147
132
-208
-124
-298
-309
294
-157
236
46
-127
194
-186
409
-4
74
181
-219
316
-22
260
-10
417
80
223
-47
-523
-21
25
325
-180
351
23
187
-139
78
374
-254
-4
200
-672
244
-303
120
-157
-294
147
152
-29
-318
81
-310
136
277
-199
171
-337
226
22
-61
-353
330
-108
-70
3
-23
-48
-177
-336
-152
55
-259
338
-251
108
-618
-431
0
260
-296
-298
99
-151
-91
105
317
-283
-223
-170
143
160
167
-108
48
90
-269
135
-259
-195
97
-266
-249
-253
-199
349
441
-25
-206
241
-208
103
-35
74
305
-58
-92
368
-500
530
6
-578
-68
-45
-167
-106
-454
-255
-270
244
-138
-146
-215
26
99
33
-95
125
-433
-197
-68
516
133
116
114
175
-311
-547
-142
154
-164
-240
-94
227
-75
-435
-39
1
59
146
106
-167
-413
690
-224
174
163
107
278
75
127
156
302
-258
100
168
14
268
-247
-57
-67
433
-248
85
172
-82
-266
499
338
-113
36
370
-222
-31
-274
-281
129
-289
270
27
3
-46
-178
131
-396
135
396
465
-45
-420
-513
67
137
-180
-96
-235
-16
361
-500
-338
359
-178
-190
-377
210
-142
-438
294
-128
-222
-131
-511
56
89
13
267
-335
114
163
-157
-565
-129
103
222
258
144
137
49
35
-265
-83
-302
-174
-380
-278
-217
468
87
610
-330
59
-62
-3
-266
-537
125
-335
-140
-160
60
-48
-158
386
-208
-201
-465
-192
294
351
72
-324
-681
152
870
202
167
71
-45
194
-58
-4
73
50
-152
-344
93
-255
-121
-59
-385
-53
95
-453
-97
-114
-148
-57
48
0
-256
37
-157
320
-324
-280
-104
-658
-405
-78
195
428
-105
-258
238
57
-204
67
308
42
197
88
-42
-263
358
-437
-191
-37
-268
112
-828
137
-20
-320
-256
-124
-158
-567
-110
-309
61
15
63
20
-140
181
-391
-128
392
-312
291
-204
195
-147
-209
12
-114
-125
593
436
315
-218
-178
-318
132
87
564
273
-264
-2
329
81
-583
-118
-23
-13
-377
4
-539
-23
55
342
206
132
16
52
329
-105
6
3
-25
357
-214
-310
-129
316
214
195
180
-34
415
-86
-29
407
19
-65
-200
50
-156
451
-294
381
-144
-93
9
15
135
-357
-28
411
-238
209
-19
-351
110
130
372
472
-295
-451
-301
354
-389
-375
-260
573
-56
310
195
9
-82
-230
136
-4
308
-196
438
259
79
-106
-32
78
-159
-153
-218
394
158
90
-467
331
215
91
-109
-9
-24
-64
-347
-131
-154
-192
86
-414
-318
-278
250
56
-159
134
11
160
-226
-94
420
-433
-194
55
-246
-543
-396
-243
318
135
31
-269
-175
-32
31
-159
376
97
-183
-194
121
96
355
-113
256
-86
426
-199
116
-122
-104
85
-553
51
-150
202
-305
-53
-27
-252
54
-112
364
581
-101
-260
-133
-24
424
128
187
-46
-164
196
-404
86
69
-269
25
12
-41
87
-307
-279
-10
-52
113
-28
219
-6
-415
-214
194
332
-145
154
-194
-73
-481
-131
-214
61
-239
329
-149
-504
8
65
47
544
251
-17
378
6
541
142
-36
5
-57
-564
680
-494
524
-66
79
-500
-263
-51
118
575
90
-148
377
58
312
286
-141
147
-343
-69
-198
48
21
-53
-88
-55
310
-137
-292
187
-319
743
-81
130
712
-39
-102
-426
48
-395
118
566
-164
88
681
193
275
-28
-165
296
370
-6
292
64
61
-221
501
-196
21
-107
-192
47
-323
-103
260
-123
16
517
151
-28
135
272
-253
-2
-322
308
56
-241
-236
416
-141
254
7
5
-196
-74
-24
-81
-318
-38
-75
215
-255
-8
-464
26
-256
238
-423
-14
-236
-251
-132
19
-165
-30
204
543
235
-21
-15
16
43
105
-240
212
-226
364
112
180
61
164
113
345
359
-17
-382
-306
-43
-199
-264
131
219
-512
-139
11
418
188
239
-459
-399
407
157
-169
14
126
135
706
-27
-168
-39
-571
65
512
-349
-343
-131
271
-84
-316
-74
-207
91
259
-132
420
95
78
-444
-39
233
300
-10
-135
243
358
-65
-133
568
104
123
-49
200
307
226
172
264
-177
117
17
354
477
-203
-87
-329
280
184
-127
-627
-88
-327
252
-139
-101
48
-110
154
102
249
-50
51
428
163
162
309
-338
577
-92
-300
566
447
-153
-97
501
-599
-50
20
-214
-327
249
115
165
191
174
175
-85
-29
-129
408
144
-619
-150
430
261
223
23
237
-375
82
-370
-269
-205
85
255
478
-13
-191
-156
-13
213
153
186
-464
859
93
-89
-221
69
-315
-470
-374
-282
-218
-17
-296
-301
544
62
-271
474
-167
232
22
-208
373
-47
-350
78
-276
348
-147
136
-16
193
44
60
769
164
252
56
-236
-152
-155
114
14
-31
-74
219
50
-243
208
366
-186
-482
-34
34
-164
-382
108
488
51
359
-289
286
121
-265
-380
111
193
-568
288
-75
-65
30
180
271
-167
-397
-391
-283
271
546
119
327
-15
-699
718
104
-12
-84
-3
143
-327
390
260
-128
9
-70
386
172
163
49
-73
-19
266
163
-258
156
-134
-290
64
160
-672
204
-292
-71
275
-224
511
232
-139
-330
-41
33
6
222
169
148
287
-7
-53
180
-108
-230
213
385
175
87
54
23
28
385
55
165
75
-192
-195
-205
-21
26
-217
-497
-49
123
-450
-225
-38
-112
-158
-105
42
159
-21
550
-96
205
-513
347
363
-54
-129
174
85
-49
-311
-156
539
599
142
-222
79
9
-276
-100
-320
271
36
144
63
151
154
30
459
-310
167
-430
-227
531
-146
-105
-313
-218
-167
187
235
-242
190
-331
437
270
-421
-192
-149
-273
72
548
440
-2
167
413
82
-226
-339
-44
103
-30
-237
-18
32
-52
244
-203
-74
144
-368
-270
-343
-76
-126
47
-78
-205
62
40
183
224
334
-196
94
-321
288
-384
-305
534
273
-240
-137
158
23
91
-100
354
110
467
245
-56
24
-47
91
292
334
183
-95
-174
-222
91
-301
385
-29
-534
-149
194
360
-297
316
-211
-461
156
-10
577
85
-373
22
91
38
164
-2
-53
-248
176
473
90
257
-255
-170
229
-244
-164
236
205
-142
-81
-37
-94
-24
21
-317
-197
-375
-158
-250
30
42
-371
-222
48
-59
84
154
-153
43
-42
99
-51
-327
-272
18
-338
306
-249
35
-51
-216
-137
148
196
20
73
-268
-274
225
-140
-553
360
92
-414
284
-355
-111
-305
27
-204
330
51
-144
307
9
580
130
-28
-130
437
-471
-347
-79
-170
-206
284
71
91
-503
254
29
251
41
-176
-621
112
-566
182
-287
-451
385
-30
-397
-157
-75
-158
63
214
-352
132
-129
73
177
245
306
176
12
553
-102
54
-126
467
-211
-165
-175
-71
0
167
-68
-158
660
123
295
-132
-18
187
-84
131
76
154
-565
347
452
-393
-297
-179
-360
212
220
72
447
88
-166
42
-29
115
75
109
-219
-125
-191
37
194
-161
102
-199
207
338
322
-207
-429
-205
97
-500
-190
220
232
-99
-48
466
636
124
470
6
169
-201
227
35
-194
371
245
264
88
-322
-80
-153
-129
38
-270
-119
-306
-196
-260
-214
-491
-109
574
184
313
410
338
481
80
-15
-29
-212
210
337
-82
187
343
-154
-560
481
469
244
-210
341
453
320
-74
-80
-135
160
-136
247
349
-207
16
114
-16
192
26
274
-6
-29
-120
228
-227
172
-323
-122
178
97
-52
-142
367
368
-521
-173
398
160
83
-471
102
163
73
28
305
45
481
-184
8
342
393
683
293
-103
-201
207
-116
437
-159
-473
49
-267
-188
91
-165
-220
185
-274
430
-87
26
344
-29
50
248
286
-115
-76
204
-438
-236
162
-173
-140
136
-486
91
-22
783
345
383
168
200
66
-182
84
-496
-216
438
471
394
87
381
-74
9
-101
-396
-72
117
-275
-91
-249
-55
622
231
437
102
183
-3
16
310
95
-313
166
9
-67
398
-716
-1
247
-68
-20
-69
-125
219
549
-79
108
-32
260
-277
-280
236
-203
50
13
203
-228
-205
-466
-196
167
-317
-289
-305
418
-127
-223
-29
-420
386
-79
-31
-271
-51
-50
-91
-538
-220
-61
-36
-412
373
434
-431
206
113
-56
-66
202
-320
350
215
92
-64
305
-201
-149
-146
-11
-7
19
-58
-78
261
206
-106
-19
46
-320
170
-94
223
-36
174
-272
106
-170
560
-175
11
-532
162
-1
-442
-197
-197
-104
-255
330
67
-92
157
-136
30
-50
-250
-55
93
-321
211
-324
128
189
255
50
305
548
302
-98
65
532
-49
127
-66
-17
15
42
239
275
13
156
-201
-419
-134
118
300
3
-320
-372
236
44
-27
-4
69
-302
74
21
-23
-118
-32
424
-211
424
-391
-357
185
28
-2
-33
-67
258
70
-143
-261
99
-106
270
-3
172
-132
163
58
158
-263
92
-115
-300
-74
-15
123
-345
210
530
203
236
35
66
-190
60
-257
94
-103
94
49
-2
179
109
-16
-337
43
139
189
-149
81
71
195
-32
-3
-40
-328
-224
99
441
-110
-115
-49
-287
94
-20
163
-254
-186
-160
-329
-319
213
101
-294
127
-78
-35
-56
159
109
-76
-125
104
112
-250
-234
158
-223
26
-302
69
116
-143
-216
55
-43
124
-24
-128
-467
99
-155
-85
465
-346
-432
240
-216
57
-386
408
-188
-337
340
54
82
-410
33
108
15
-152
-106
-349
108
-191
-217
-210
147
-539
321
-266
72
218
-327
-7
-68
63
151
235
-559
221
-93
-284
-18
-129
65
124
-93
328
-105
79
-324
331
-227
215
-89
-244
203
-289
-61
167
120
-70
375
65
166
-371
98
-482
-139
354
151
297
-186
122
-39
-136
124
-144
-66
-96
-51
224
-335
-213
234
25
617
131
-421
-12
-95
141
-4
252
-216
-396
-37
-374
202
-212
-120
275
389
46
204
-268
371
380
-34
-157
-329
-244
-301
-48
112
-926
509
180
-21
199
174
213
-258
-193
-334
-124
-84
393
248
79
-45
104
-308
-7
276
-73
133
-383
139
171
-218
-298
199
184
-444
-139
-377
-117
348
343
-3
405
-165
68
200
-89
32
112
388
-245
-98
-456
-71
251
188
-203
-58
-19
80
-257
225
-152
-48
-500
11
-77
617
336
499
-319
138
-103
1
-393
-176
290
-270
-305
-342
-77
159
95
-131
-194
-3
496
68
142
563
-163
680
104
-59
-337
-15
-56
7
-25
269
-200
21
-412
-398
16
-397
209
-847
437
-100
-127
162
278
-12
-188
-393
285
-68
120
328
-75
328
-241
-398
57
40
-45
-263
-258
-25
286
99
-495
-398
104
162
221
336
57
6
52
37
313
115
-167
-425
-297
196
-151
-74
117
-46
268
-140
-225
-258
-556
-155
163
-794
-256
-380
-234
-295
-127
278
-234
301
-208
684
-100
70
42
-347
45
89
194
69
-153
212
410
217
93
145
31
12
121
7
-338
157
538
-342
357
-449
213
-49
186
187
-157
271
170
-218
154
81
112
124
130
-219
-347
-57
-150
-326
174
-116
466
-175
-13
302
-928
-71
384
-162
213
30
-69
82
273
236
86
326
-610
232
125
-183
-90
-211
-168
73
-34
65
-1011
340
-28
111
-223
7
-484
130
-327
-93
-141
121
-319
151
88
264
-200
-150
58
225
63
-219
-4
-303
-221
501
-79
-280
-102
-154
89
-145
317
63
166
453
197
-162
150
584
-103
214
-5
307
200
70
21
117
-106
-138
-40
-547
214
367
-552
-249
-118
91
265
-102
180
320
-213
-135
-265
279
36
225
460
13
-270
-35
-84
-29
26
-610
49
-207
-272
-227
600
-162
114
334
207
-42
10
-232
-29
-360
-67
168
-110
796
-201
-58
303
648
381
-195
231
-370
-230
56
161
548
127
264
227
-193
376
200
-274
-13
372
109
-265
-109
22
314
-33
-158
221
-26
-370
100
599
82
-189
-11
238
-50
50
54
231
-156
-440
-159
-213
-205
-115
-205
393
48
83
-156
36
129
-264
-109
175
-244
-303
60
85
-124
107
324
117
-134
-79
-16
-289
95
-302
101
75
202
490
168
-331
-139
-84
500
200
333
-283
-133
166
-159
-58
-272
155
19
168
316
-119
-48
-139
-463
-257
64
214
-27
-310
246
123
130
-183
-574
20
-225
24
-287
-262
231
-121
-79
-50
296
-362
608
-528
-323
102
326
404
-425
169
251
403
-187
-119
-286
328
-26
-113
-52
-9
122
-314
-191
-79
-93
-259
-184
236
-82
198
-155
-124
115
-345
-239
52
327
300
169
48
30
348
131
-381
509
162
-126
-271
55
-64
1
-278
283
-98
-90
-36
-17
57
57
147
-218
-197
73
88
-191
253
-5
-236
-13
-570
-305
38
-661
-117
-362
582
129
-346
204
-364
23
-329
-102
31
-72
-383
-210
-234
64
-39
203
-221
-19
-288
428
-17
40
-79
-202
-270
-103
136
-15
272
-245
16
-166
221
-136
37
-61
-590
186
135
-228
-159
161
78
487
602
122
403
327
259
122
389
-215
343
-256
-175
-266
-265
592
86
-498
-127
-118
-197
488
40
-181
199
-150
231
312
-192
-339
-49
-2
224
-45
-37
254
-432
73
405
-144
-255
165
-179
-475
-83
168
22
-77
116
-6
-42
7
-136
-265
260
156
-101
388
-346
-608
188
106
-136
-412
-45
-291
-120
-458
-319
-253
257
-84
-150
304
-335
435
224
-83
-95
121
28
-125
-383
113
633
-20
296
377
422
146
-114
206
-34
-259
580
244
198
-322
61
-89
-367
143
-496
-495
119
262
-196
-17
105
339
59
-133
-92
154
-225
-278
-576
32
-53
-271
-2
-406
381
191
165
-161
-65
35
273
-164
-164
-568
400
-15
-17
-560
114
-44
-170
133
192
-226
-58
94
-7
462
199
150
294
-300
-57
0
-12
111
49
37
42
-38
-39
103
-103
-262
261
-87
-115
3
389
158
-169
145
107
128
-152
-329
-330
-128
83
-106
234
189
409
-615
151
-233
-155
108
379
-86
-167
326
132
-84
257
187
282
46
287
116
32
48
-250
100
-65
-20
-133
32
-88
-88
114
365
-88
-194
-39
223
-358
145
-199
14
-395
-235
-236
163
95
-218
-177
94
-244
490
133
-9
97
-179
-37
-525
322
361
-126
-91
-96
-113
-116
-190
-136
194
18
-500
-207
-226
136
-158
253
207
-255
-78
-184
141
129
79
-32
-158
-74
-215
-18
82
-67
-245
-189
-74
265
39
-275
103
560
166
-244
-332
8
11
172
-12
105
208
-205
-141
5
192
172
127
192
-121
108
1
164
-630
-281
-282
151
33
172
59
-62
-26
92
316
-83
-743
-57
-234
-612
-84
-156
-19
98
254
32
280
42
-373
98
-114
104
337
204
-495
-200
145
-99
8
29
-26
97
-106
354
95
45
227
59
9
46
350
150
206
-8
-118
131
94
447
140
-371
351
-73
-99
-234
-427
318
48
363
-112
233
-196
-96
289
391
645
252
102
130
-501
47
-465
-178
58
-319
-137
-293
45
-269
-270
29
-244
353
-34
-220
-134
266
219
350
-240
-127
-55
-1
-321
-274
-277
109
-107
-25
-46
41
-83
235
-53
30
-238
-182
-236
-194
-153
-49
-447
-176
-98
-307
-243
-276
-306
186
-38
682
179
-467
299
-71
-254
-60
521
-179
-261
202
-243
234
416
308
355
268
62
-177
96
93
307
406
121
59
2
232
24
-123
27
310
415
63
-31
-51
-369
19
63
324
-36
27
273
583
21
-54
-167
-15
1
107
-282
10
-170
492
406
46
166
-278
195
32
583
137
-221
-551
-283
200
38
205
-1
-184
205
-466
149
-35
-127
160
-359
490
37
-95
326
50
58
-350
283
40
-653
-469
-65
153
-109
252
-246
-325
188
-270
14
396
-51
145
-478
318
377
120
0
-296
324
264
240
139
342
357
60
104
676
-465
-352
-94
387
292
328
-74
-313
107
342
46
62
-195
139
391
-182
-46
-343
-330
37
-191
-283
21
9
-13
-224
319
278
490
134
369
-123
-46
72
-215
73
-577
-707
-418
500
404
-306
-45
315
-65
-258
-212
297
327
-102
33
-51
-388
-65
-110
294
-244
496
-475
225
-484
67
-104
60
293
-577
-363
216
270
-197
5
-6
-5
319
-111
191
544
-416
357
136
-274
294
42
93
-247
-136
-104
-203
385
148
99
-230
96
171
-6
-73
-351
92
-513
-220
-250
-23
-354
245
-38
56
186
-271
315
-397
324
-176
-376
284
-430
600
126
512
-365
-268
-79
-190
-277
-264
-242
4
63
98
-107
-582
645
96
-528
-8
122
94
418
4
-12
79
-45
231
-33
81
-191
6
213
-307
-130
277
281
-158
-386
-15
-244
15
-95
-230
305
-409
-236
-180
154
-112
334
119
502
-11
-10
104
79
-116
69
91
-208
-100
175
287
106
-241
335
-235
111
92
-60
-127
325
247
33
-253
-25
382
-53
351
-55
56
316
-261
-252
233
18
-154
111
216
-632
109
-244
262
-312
-637
-181
294
87
87
-232
120
396
59
37
343
315
-77
-29
71
-519
-484
-10
-162
575
-153
162
67
92
-134
240
-366
527
281
-327
-136
-198
28
-636
-184
-242
338
-409
-149
607
587
355
280
-229
73
-266
365
241
121
-169
328
-359
-376
-192
-398
-326
345
-99
-118
-155
-120
16
7
268
-229
15
-257
-36
-46
345
-23
243
-333
142
180
423
130
54
-483
201
-29
60
166
-165
-66
457
384
174
-112
-36
-28
399
-559
-323
9
239
212
-327
-242
83
329
-352
211
-74
107
8
289
-158
-250
-115
-86
-296
74
399
110
-122
145
413
287
264
199
-92
90
-99
-519
240
118
-236
-245
33
-157
-206
-274
-221
-141
-74
215
334
411
204
-24
238
-114
-232
-125
-462
341
-111
-155
115
-166
232
-78
46
-96
-105
-75
-312
-72
-150
-108
-616
-30
19
-99
674
339
517
-134
79
177
212
-445
172
137
-388
-189
-419
36
-119
52
276
-78
-339
304
-346
178
418
-291
-331
211
-127
-82
-155
-7
354
207
-318
-25
499
574
-301
-470
158
3
78
-260
235
-25
215
59
131
-44
184
178
82
25
88
-125
-141
-242
-414
-439
-469
22
342
69
124
-609
-154
-140
-12
33
32
38
-240
212
-6
275
-155
-485
141
91
-509
120
231
211
-225
-105
243
-201
-367
-47
153
1
26
284
-134
-295
137
122
-28
-115
441
-526
548
-170
-454
255
109
-85
-142
529
-44
-546
-415
-50
-176
-74
190
-199
-154
-181
139
-153
-235
-749
189
-34
162
30
160
-399
437
280
-65
75
-371
449
100
37
63
133
318
-17
64
105
31
-99
214
292
-160
1
-199
-342
335
107
-355
-10
416
-162
159
-78
164
-131
-338
329
-442
-68
187
-6
-168
168
45
88
308
-62
234
-108
-480
-247
-364
-411
254
37
-281
-461
477
-376
78
232
490
113
210
23
-255
-308
32
29
73
-248
277
187
193
307
-283
365
375
115
-83
74
-346
90
294
-164
-255
-287
-35
160
-46
-45
125
368
157
300
367
120
168
-230
195
380
311
-337
-188
-19
68
-40
-75
-172
336
466
-499
470
-109
289
45
-556
171
-147
-141
20
257
-55
-88
84
18
-284
145
415
-178
105
463
-228
-405
72
-223
-43
-29
766
-67
377
125
351
-106
-67
-369
32
-249
300
696
-29
47
-379
-647
-311
-6
-23
3
-499
19
510
429
-316
249
-279
113
61
-507
277
291
60
119
-447
128
-124
5
150
-113
-261
69
34
-168
-293
163
141
-311
169
-149
-310
113
203
-286
-86
-86
53
67
547
190
-291
-118
196
-165
-200
43
111
209
459
-34
-125
66
-144
166
40
-99
-239
-145
-508
-195
-201
-650
-200
405
570
442
-46
22
-89
14
-922
-458
-317
-101
418
11
108
-62
286
76
-129
261
400
49
338
-104
-222
-29
-110
46
-76
-285
-474
-199
231
-304
-101
-346
-292
127
-206
186
-306
-58
118
204
160
308
-431
51
-376
489
-67
-26
-12
416
129
-49
164
96
-250
-123
295
61
306
-269
-68
-2
-477
135
286
316
-72
-510
-72
54
11
493
272
-299
-325
-83
-165
-139
506
-98
376
-98
-221
-189
235
-151
-29
105
207
-173
-121
155
-288
-490
379
-121
208
-346
205
-434
-125
-32
-285
189
71
-268
-80
352
143
254
-116
558
-287
-142
127
-169
-254
-11
-368
-141
152
-640
-523
-468
34
-7
266
397
-58
-49
407
-305
-98
59
61
-101
-233
-581
-167
-107
34
65
-491
-446
-41
433
306
396
-58
-138
68
-263
208
-323
474
-114
-124
126
-179
-186
-195
-270
-220
135
329
102
373
-262
169
-17
38
-562
-136
-98
-481
109
255
-2
123
43
89
-227
14
-58
-249
-238
-195
78
282
-156
113
81
433
24
-80
179
-89
128
-99
319
-100
109
115
39
-55
-205
-91
159
340
290
-235
250
-45
482
-146
191
217
404
87
-404
498
-144
-9
-185
-82
661
241
-110
-137
-563
-4
432
-472
131
-7
483
-364
-106
-299
209
-78
-92
427
276
96
198
-157
-177
293
157
-66
101
-375
-410
-123
-158
417
-368
-130
-13
-260
-368
262
214
374
216
563
-216
284
-91
-72
77
7
278
29
-306
163
10
435
96
7
-74
212
-200
-104
77
69
156
-89
306
8
379
97
-496
-113
-141
227
241
71
-467
147
130
97
-239
184
-94
106
-280
416
631
192
107
-423
146
-154
90
-132
-127
-201
-416
-69
191
-422
-335
-136
62
-197
62
-270
395
82
136
31
-7
-185
69
316
-342
-93
156
99
30
363
-187
-201
41
24
-220
-160
280
232
11
303
329
-454
349
-302
-4
44
632
-213
412
310
-32
402
150
26
24
-324
-51
-155
-218
52
-228
-273
-244
-134
460
-52
289
-250
16
-316
-105
-50
158
-7
496
6
-51
-229
218
-137
-273
-223
-22
-236
-71
167
-358
-97
295
-136
-301
13
-627
-402
121
-141
10
-104
-46
344
211
63
25
4
282
203
355
-441
-136
14
-153
308
304
70
95
-531
-250
-25
-147
422
-454
-237
300
-117
-418
-32
342
247
369
22
25
-119
137
-192
42
-26
377
-207
171
243
10
82
-201
-137
347
53
-19
212
-95
-63
144
-276
194
57
-43
-75
-380
276
-122
283
-121
-130
471
-375
152
-195
221
-253
80
18
-232
-17
-124
40
218
-298
-100
216
70
-527
-339
279
54
-271
-1
-117
-268
115
-139
-68
-286
-400
-176
202
-27
283
-174
-571
-150
-61
244
-8
-228
142
-260
-158
-204
-301
211
-309
36
-393
44
-261
317
-235
-73
94
43
-128
179
-125
-331
-109
29
316
222
-386
146
398
109
107
221
138
61
-257
-43
-442
-120
-410
159
318
28
-475
-113
134
233
-424
-314
21
185
25
26
156
221
329
-316
110
-17
37
-322
183
408
-329
53
162
-135
-123
-65
288
403
151
-154
421
30
-66
37
-111
-183
-16
-463
-146
-77
-116
0
182
518
-13
89
253
213
-247
115
-171
-194
-149
-259
-52
14
389
153
170
-306
424
31
-265
-148
119
-334
174
141
673
-166
230
260
570
263
170
426
117
-630
-325
84
444
-281
-274
-254
-21
435
-464
-379
-386
118
-302
325
53
-465
-269
-192
-255
155
85
-109
62
56
161
-183
-743
222
-142
-194
-181
-141
-40
570
34
-79
-110
-133
418
-284
102
-63
4
-92
199
-3
702
269
-32
474
-202
-124
118
-541
-138
198
-55
-267
-150
-351
175
-156
73
81
34
82
282
163
27
38
261
17
-23
355
-126
283
361
-25
159
207
-31
262
95
67
281
-169
215
428
181
-180
-42
375
273
-337
305
-285
-215
51
-101
245
-308
-558
148
-82
86
-231
-57
281
-67
-346
152
-365
200
-274
-127
100
78
249
108
219
227
-33
-110
229
13
-350
153
-251
-161
152
430
-442
-454
-410
130
23
-130
-17
463
-87
-210
396
-223
-63
423
-303
-346
148
44
305
-345
11
65
-225
133
-379
513
-314
-434
278
17
-500
-170
176
-277
-107
-286
0
-117
531
5
63
76
293
226
292
105
77
-55
180
4
204
-279
-169
110
407
113
-38
493
-59
-81
81
15
175
-138
-266
239
-119
-191
121
117
-137
-150
-92
249
48
-185
-85
-19
-181
139
138
-536
116
-474
-510
-240
17
35
-70
109
-26
78
420
460
533
83
-133
-184
-48
65
128
-442
69
24
503
-105
232
104
-20
-491
359
-252
-5
-28
-220
133
-244
394
-71
43
31
-128
143
-495
-34
170
-137
273
-317
310
31
-342
185
-594
-127
-426
-132
145
119
40
-182
221
-36
350
21
-266
48
-300
-37
-78
-151
111
-30
-86
276
-46
-120
-49
-221
102
-33
43
60
1
-33
-249
-53
-161
-115
52
-78
-279
6
101
-73
315
-53
254
-33
293
289
440
-32
234
-19
142
1
-190
219
84
-195
344
242
25
245
223
-284
-210
-70
31
50
327
-91
112
-535
-84
-104
-80
-12
97
17
360
-69
-328
178
-13
-6
-482
-62
421
-105
-92
-100
164
441
348
-143
742
-2
-328
-38
-62
-371
-2
-137
-15
-80
-104
200
-160
325
64
-136
-228
-106
95
-252
94
213
165
-207
45
-349
259
-41
460
-228
396
198
518
-200
341
-21
11
-39
0
493
-520
253
-152
14
-223
-292
58
-377
211
219
275
-158
79
-192
-140
19
-97
155
-88
128
438
-302
-127
10
254
-149
-40
-209
-212
223
104
-143
-156
-382
191
-19
230
39
599
-7
256
-102
470
154
10
139
-573
-476
105
-30
-493
-107
-68
133
-523
42
-82
99
-220
108
30
-428
-12
-335
170
-169
-14
-259
-149
101
39
169
701
38
-311
54
323
-137
34
156
-83
277
-237
97
216
-160
255
58
-11
481
-181
-94
-627
62
-47
296
149
-341
535
95
246
-311
-157
51
-64
-153
-286
210
149
232
55
197
32
206
-32
368
-70
143
-299
291
-218
-503
347
484
-96
138
287
-259
-183
-278
-65
238
-112
-306
454
290
-321
138
365
-173
242
137
90
-259
103
18
84
51
118
-42
-204
-119
348
-11
-404
-212
67
109
19
179
-38
-223
90
-139
-642
-178
65
-202
-696
-5
-239
5
-221
-349
23
391
-225
-108
307
-270
-373
174
154
428
-98
-27
185
17
129
-118
147
-231
-75
-203
-57
261
-156
-26
-136
-73
92
200
490
-263
-295
-205
-346
319
-243
-222
118
-219
-50
46
-630
-206
415
-168
-376
76
-8
141
13
-43
-97
125
24
-41
-79
129
-233
335
-323
-47
17
-167
319
381
110
72
-547
-314
9
119
-91
-386
-104
91
67
-457
163
-89
54
12
-328
-43
351
-143
-32
-103
-165
-370
-72
222
-36
120
81
-209
120
153
476
0
455
612
-384
686
195
-547
-255
253
-2
-453
150
-434
-10
-391
270
-400
-44
-11
-53
-168
-55
51
-237
-189
68
240
233
323
115
473
-108
50
17
580
-123
421
125
182
-115
-92
315
377
-157
-69
63
200
-164
553
-384
-255
-40
-144
14
331
-46
565
-479
359
311
67
137
-73
-51
229
-28
-189
276
306
-309
37
-91
-63
319
97
-50
102
50
104
-78
38
-179
206
-7
104
240
28
-60
-146
428
-539
320
29
-232
147
181
-368
-105
-154
106
146
-95
-68
146
302
-66
-44
290
110
-283
-170
-27
-23
-17
127
-155
-67
-671
44
-102
40
-114
-151
123
29
-174
-405
70
-58
-111
-304
228
-99
-49
-343
384
-485
-360
193
-11
199
-45
38
281
-607
420
179
369
344
202
32
-467
300
255
201
-144
-77
45
61
-159
371
-128
36
302
-238
214
237
151
253
-337
359
351
-365
-202
206
-158
-23
140
291
25
138
-10
-44
163
360
-403
299
-410
57
-300
183
20
-147
76
-218
192
78
109
223
-134
170
334
-288
-41
129
201
-184
-281
144
-126
-60
275
-206
253
-896
-21
-112
145
210
-68
225
-164
-285
-344
26
-207
-185
33
-94
135
321
292
-261
231
-508
-144
259
-138
257
-182
-142
-273
-376
327
-144
-32
195
146
11
-357
188
149
31
-84
173
396
263
331
203
253
278
363
76
236
528
-511
170
102
19
-243
128
-8
334
-225
162
38
-140
-393
-65
105
-466
-139
-313
235
351
-88
142
-269
-90
-339
-229
43
-351
-457
432
145
-10
79
-170
-259
-332
-54
-23
97
596
58
97
170
-223
-122
156
-210
276
-76
-1
174
597
274
-35
-240
-58
-238
373
-175
-184
60
809
295
184
124
268
-209
20
316
-205
337
357
-95
-216
-416
-172
-132
222
109
-65
-165
59
84
-371
-359
381
-535
293
-19
-185
-140
-86
117
514
3
-470
-116
-98
149
129
-111
702
355
19
-48
-385
-455
492
-129
305
239
28
298
163
256
85
329
180
52
-334
-63
-145
-392
496
-254
398
34
248
112
436
-247
-182
332
-198
90
317
322
2
-160
211
250
-216
-280
-362
160
218
-145
19
-18
264
430
-578
-279
-214
118
-481
245
-1
-31
-48
-72
90
22
-101
-113
64
-118
-327
131
74
-338
1
770
168
-276
194
351
140
-53
-4
542
116
-65
120
59
-45
-148
442
-73
-110
125
-384
69
-34
-86
-127
182
-132
-241
633
206
344
-188
242
344
367
157
-17
17
-75
-301
-69
419
-441
-120
555
-267
-50
-309
574
-120
48
-68
-455
-262
-16
-440
-201
40
7
-341
112
-121
-491
31
-278
-134
380
-302
107
-83
245
172
-138
14
342
-18
-67
33
-405
-71
37
172
165
270
128
485
-203
-326
263
-70
511
-302
190
-30
27
-172
318
-267
-548
-37
101
150
215
-111
-13
-358
94
351
82
-139
-205
52
-445
-167
-289
166
-127
-413
-398
-50
-90
-166
-216
-327
-20
100
594
169
91
332
-155
-13
-11
297
49
523
307
-190
-166
-316
107
25
110
24
-158
87
32
-384
-480
-304
-157
-447
-48
229
-292
-152
229
-134
311
41
218
83
-35
34
178
26
-102
68
-221
73
340
-85
215
18
-259
104
-201
15
440
-149
263
143
84
-191
330
236
270
-152
-215
-137
8
-308
-119
-372
203
14
-254
-556
-299
717
-330
-45
8
147
311
76
244
-208
-168
-175
115
193
-211
218
195
-30
-159
349
115
-138
451
71
-23
280
73
245
-202
252
338
12
138
-59
105
732
-83
83
-446
44
-203
-92
-48
-229
295
-256
-5
-29
265
432
355
466
464
228
227
-206
162
162
-184
216
3
-112
-284
64
225
63
155
-115
259
165
-98
-306
-117
-204
-229
-104
-339
58
141
-76
161
22
-461
16
126
294
-170
-122
358
191
7
-51
-267
-256
-188
265
-21
-38
-13
224
-151
-123
29
436
-262
-331
-364
-386
-281
-307
-199
60
-308
309
-387
-329
148
52
300
-327
-65
-16
67
97
189
135
480
116
-31
-85
-466
-117
-186
323
239
-60
49
14
251
62
-18
-72
13
250
-38
265
114
-284
139
311
-71
-154
14
475
171
306
-234
32
-243
498
-201
77
-74
-448
-88
-148
-238
114
-417
-215
-87
446
-127
-327
-292
-314
-295
143
164
-171
-497
-203
-224
-105
-301
-224
-98
-397
210
-198
453
170
30
-754
-435
234
75
226
4
-488
-123
202
-93
-143
98
49
27
471
-270
66
-153
-484
-312
-508
-380
-184
-610
-118
118
-66
289
370
-136
-134
-76
-59
-386
-43
-50
-80
-266
95
-16
347
81
-326
105
314
293
328
111
317
195
382
129
458
-141
246
207
171
-98
166
-201
-258
-116
-140
-104
194
-368
-179
-544
-238
81
-81
-231
25
147
16
389
-203
5
-15
166
507
209
515
-7
68
9
213
-57
-3
-387
-167
367
142
-231
1
-189
378
-205
275
-158
459
59
-261
590
-209
-322
-36
359
-131
172
296
220
166
-314
-13
147
322
41
-592
212
669
372
17
-147
-344
-34
-95
371
408
-51
-226
21
-421
7
-57
-300
454
-102
111
-278
-31
133
116
-28
-154
-135
111
25
-309
118
70
-278
-434
186
-101
-320
366
321
-249
-35
-73
-257
511
287
-135
-251
-144
614
-12
-78
338
-365
2
759
-159
316
361
26
-168
178
-47
-24
-376
-442
-11
-382
117
-158
-333
-51
384
-249
-461
149
-138
-70
-154
223
-127
213
-80
-131
207
-167
319
-224
77
-115
-389
-173
-332
-506
272
336
-74
379
-419
800
77
-279
220
120
46
9
145
160
267
377
5
-212
-528
-382
383
138
64
404
-11
379
-373
-121
208
-73
26
-59
-511
238
-118
-281
-160
-353
354
-247
-184
-160
-46
-179
432
-398
338
-114
-288
280
-47
101
137
267
234
41
250
352
-306
213
-255
347
167
53
401
125
65
-397
-27
359
-218
-150
222
-461
35
483
-199
291
-141
-7
-445
70
-78
248
-155
-88
256
236
-13
-377
-519
-208
-35
113
-139
361
194
398
-121
32
-594
-180
-300
372
154
45
-383
-250
-36
-327
462
345
110
115
-140
-233
-152
91
-178
-10
-215
-124
-180
-329
30
170
254
-462
94
-146
240
-97
92
196
43
-188
153
230
-66
-29
344
-241
281
142
79
119
102
-557
244
196
-538
-86
-70
-163
-140
479
268
241
249
-305
607
-136
-397
-449
-515
302
408
-25
-334
-163
-20
190
68
359
-389
108
-341
-34
37
279
25
-169
166
266
226
-104
371
158
-63
188
-42
-18
146
22
-559
-504
257
-56
-127
-244
67
-421
160
159
-25
-360
327
7
36
107
218
20
201
6
494
228
-85
106
-172
-195
-53
-465
-198
-123
-70
30
-496
53
137
404
123
161
58
215
-61
244
71
164
678
-133
110
73
109
-147
-343
-77
20
230
-352
-158
-202
-275
308
309
200
527
21
143
41
-8
-320
312
290
-79
251
107
356
95
-172
-173
-57
109
39
175
226
386
-181
-538
329
202
369
236
-1
-306
-454
78
-111
93
198
-247
487
66
11
279
-95
120
41
146
-245
45
298
337
34
-209
294
405
116
-131
-164
165
-77
305
-240
-2
-170
-44
195
7
-435
118
47
399
-292
58
-447
-366
-12
-531
-76
238
-8
57
-55
-68
7
511
-257
168
8
-394
-118
176
-225
-10
-234
-189
-349
-161
-94
-156
-54
230
-59
271
-166
-110
219
39
-61
-288
89
260
-216
-123
-171
36
-171
15
169
-122
77
144
169
-438
24
-89
-101
-279
-151
76
261
280
124
225
129
508
-36
228
-155
-277
-258
60
-560
4
5
-22
37
-88
333
655
366
221
-63
-424
3
188
463
179
-242
-359
37
-38
276
-44
193
-19
6
124
-131
-128
-82
-76
444
-207
228
-86
-130
262
69
211
20
117
191
-468
-169
91
196
-169
324
173
-358
741
12
114
-121
-465
-157
-262
87
220
291
198
254
-239
-57
-265
-228
-156
290
80
-362
128
102
135
8
-18
-134
-370
241
80
-8
2
-49
601
120
105
68
149
74
296
26
-53
-175
177
-418
-445
569
117
454
178
309
-379
-197
299
248
-462
60
107
-220
372
53
287
172
107
69
-17
-25
-334
158
197
-104
97
68
53
167
-120
536
50
-142
212
-203
143
-244
-268
261
387
-138
-62
104
89
57
213
50
301
-209
-184
-278
-183
87
367
130
-144
277
123
138
118
-16
-166
-179
237
-483
-247
-434
192
-118
-38
341
-606
521
158
320
-20
69
-295
85
226
-265
-284
-328
117
177
-148
183
-362
-204
-115
180
-454
197
150
-129
-35
-216
435
-105
-185
79
137
173
447
-404
-73
-633
207
-359
-141
-330
-190
85
-66
288
118
-271
-50
102
373
266
7
-45
-411
-41
12
462
-349
-481
230
-117
29
108
-322
151
-421
575
206
-98
716
-139
-101
593
-17
-510
63
162
-205
-145
-61
18
359
597
-441
-206
-173
84
-281
24
158
-13
190
-91
-17
204
223
107
-445
302
-287
-277
257
-562
-2
10
334
289
151
214
417
-351
-159
-329
-36
101
142
391
-108
-388
87
209
-26
52
-164
-430
375
92
-5
-222
141
502
-415
-115
543
67
223
259
-171
202
482
-291
-282
-381
-58
62
-397
213
264
6
160
142
-208
-72
-215
-259
3
-461
208
-267
-500
189
-195
58
-63
-661
-165
-332
-85
517
301
-28
152
-30
314
145
427
44
-434
79
-515
340
-51
86
108
83
-177
-74
149
-319
171
-535
-287
67
257
54
76
-305
-206
-3
-117
420
324
40
-203
274
147
-312
79
-91
48
708
173
-46
-242
129
73
-261
236
425
241
-11
-453
625
72
314
-431
-41
-252
184
-321
588
-94
-12
-278
66
487
-78
9
142
-179
138
5
256
-30
-102
276
214
210
-262
19
-102
-209
-213
53
-83
176
320
-332
220
-45
83
-65
456
-360
153
290
-346
-21
-87
-100
85
-93
-199
-95
118
-68
-283
573
-56
310
235
-22
-247
486
-9
-292
-41
423
-69
318
540
-39
-465
307
-172
282
148
340
153
205
-296
-5
-154
-5
-88
431
-106
351
-303
553
466
-30
518
-256
189
-421
182
-5
224
-13
-148
34
280
-26
387
-365
303
182
-113
-387
-263
-344
-50
296
178
151
-37
67
27
-151
59
755
105
-469
52
-161
-414
-129
137
1
-191
405
76
-222
-127
187
106
460
-420
-209
-132
-523
429
54
-31
36
-141
258
-214
-26
-226
67
-89
-25
212
39
-78
169
74
-455
219
-125
-210
-173
-222
105
-9
-32
35
309
-25
176
142
-171
-353
-151
-55
-208
160
-110
144
99
135
93
1
-260
-59
172
-75
235
50
54
489
286
-43
116
-559
-108
-1
-229
4
45
480
-205
9
-185
665
191
-93
-211
103
6
158
-21
-218
-144
-184
-39
-76
-23
-5
-435
11
-128
51
74
-104
-224
-294
-387
413
285
93
-154
-136
25
216
53
244
445
149
-45
-148
-161
-103
300
62
193
-196
63
-424
113
-222
216
-370
-181
-22
-152
60
22
-227
257
392
-333
94
169
266
157
603
217
-95
-59
-385
213
-360
-466
-28
-241
-105
114
-184
35
273
169
-213
539
459
-220
180
466
-98
58
446
818
199
266
-164
-48
9
-8
45
-52
62
177
-247
-218
108
-337
314
-204
-106
465
351
4
329
-147
172
463
514
-18
-48
503
66
14
270
-456
-97
396
-367
-72
382
29
-160
-134
89
-290
-235
-167
215
-266
122
303
561
-142
171
159
647
165
-631
65
-229
245
298
-122
226
-486
213
179
-433
96
-230
19
339
85
-363
350
-16
-10
-12
255
140
-556
125
-323
364
388
-64
-168
-347
-19
89
-191
238
-164
125
-117
329
154
58
607
146
329
132
-201
-98
56
-2
-14
126
307
207
-152
173
-266
-355
-164
-49
-167
-87
-124
-74
84
-193
-574
208
198
-605
186
-22
53
405
-439
62
234
-244
-76
3
211
17
352
-181
-177
-263
-396
-229
-168
-468
-58
302
123
-167
-367
58
-506
-39
-143
-69
330
-30
-46
-469
184
286
274
-35
-349
-367
115
-266
-405
211
-517
262
226
-165
-119
-85
131
8
205
540
-121
332
-8
58
182
419
319
-109
-446
429
113
174
-179
-97
229
-407
-302
-24
-87
-393
210
-44
-119
-467
-67
-47
-271
-280
-103
5
141
124
-84
-91
187
418
-9
-34
-192
-50
53
206
39
194
591
-82
297
-152
334
541
230
132
26
-179
-62
-117
91
-277
82
-233
316
147
-56
110
-27
110
-40
225
-371
-46
69
-448
-346
-225
52
-177
21
343
-278
51
-214
228
41
-103
-181
-208
-164
252
-149
391
-318
-191
66
55
-356
19
-42
8
-88
-460
353
404
-366
-93
209
-338
395
-277
372
154
15
108
147
-155
160
215
230
-243
162
-40
-77
-487
-11
100
-353
6
-266
-421
-173
