24 74 36
0 1
1 1
1 3
1 5
1 19
2 2
2 7
2 19
2 23
3 4
3 7
3 12
3 16
3 19
4 23
5 22
6 2
6 11
6 13
6 17
7 1
7 9
7 12
7 15
8 9
8 11
9 6
9 14
9 23
10 13
11 1
11 18
11 20
12 12
12 14
12 17
12 18
12 19
12 22
13 1
13 6
13 16
14 0
14 9
14 11
14 13
14 21
15 5
15 22
16 2
17 14
17 17
17 19
18 1
18 21
19 13
19 16
19 20
19 23
20 0
20 5
20 10
20 11
20 19
21 12
21 15
22 2
22 5
22 9
22 18
23 10
23 12
23 18
23 22
28
18
46
35
19
10
6
33
58
54
29
39
9
68
69
37
20
24
62
21
41
15
48
51
11
61
32
30
13
14
64
42
31
60
49
8
4
65
50
63
3
52
44
45
23
2
56
72
47
55
70
71
7
0
22
16
73
53
26
1
57
27
43
66
59
40
5
38
34
67
17
12
36
25
5
-43
16
-13
16
-23
9
-17
52
-50
50
23
-20
14
16
-3
-59
2
20
75
-16
39
-2
-2
26
-31
3
-41
-37
-21
24
-23
20
1
-26
31
-47
14
-50
41
24
8
-94
-35
-49
-60
11
19
-43
-49
-18
-8
-61
21
54
-15
-23
10
1
-13
-44
-51
-83
73
-99
61
15
51
29
-48
-9
-60
2
-50
-20
51
0
4
-49
66
88
-42
-14
-24
29
19
48
-13
-5
-45
48
10
14
10
13
2
17
-17
-21
33
49
-40
-20
-20
15
-37
10
-26
34
23
-15
-6
26
31
15
26
-38
13
2
32
4
-45
51
-27
7
-22
-4
-14
-67
70
14
69
-19
-72
-41
0
-27
47
41
-107
25
-41
63
52
-47
31
-7
47
-15
-44
38
25
27
-11
-13
0
-6
-12
-55
29
46
14
0
19
-27
-54
76
6
-21
81
-18
15
-33
-13
19
16
-32
30
7
0
-7
-2
9
45
7
1
48
35
53
-9
10
-21
-12
-32
-20
-41
-1
5
25
-77
48
-34
1
92
-67
-53
-6
26
-39
-14
-56
-76
35
52
34
57
-7
-37
-19
-30
-7
-6
32
22
0
-10
40
-16
10
0
27
-6
25
-20
-36
28
11
-11
-42
19
-20
-54
-28
-30
-39
49
-60
122
24
44
18
7
-27
-52
75
-3
-50
33
3
-16
6
41
-52
45
24
86
44
-16
24
-46
45
1
-58
35
-16
31
22
-17
51
18
45
1
68
23
69
12
41
-54
-1
29
72
25
-17
-18
7
-72
-52
-52
-19
-28
-3
31
18
-46
-27
-26
25
-16
-8
34
25
41
-53
47
-71
-56
-21
-4
1
-19
-13
10
3
-34
-35
-3
-1
27
-11
48
11
-10
-7
19
6
-15
35
-22
16
-22
9
1
-2
-8
1
9
14
-45
35
15
42
-75
7
6
-46
1
-56
8
30
-67
13
-59
29
-32
-1
-21
-31
-33
-29
37
24
4
-48
-70
-38
-13
-85
31
49
8
8
15
-35
12
-49
-7
68
22
21
33
1
27
20
-71
-14
-36
-17
-35
-49
-55
11
-38
32
1
29
-35
-2
13
17
23
-18
24
19
-20
-27
7
-13
-2
-9
-24
49
6
44
27
-20
15
47
-7
39
67
-25
10
-18
56
54
-22
39
13
32
7
-85
45
-5
59
58
-7
8
17
3
-26
13
-41
-9
28
-16
50
-41
-62
-4
2
-13
22
-35
-13
2
52
5
18
-68
61
-29
-31
-6
-48
25
-33
-29
41
54
39
-46
-61
-41
-34
9
53
49
-16
64
32
2
-57
25
25
35
-4
29
-22
33
-42
47
-37
4
24
43
-13
-37
29
27
-66
-47
-13
-56
5
-23
-15
32
5
-53
-1
-4
7
-16
43
111
17
-2
-39
36
-2
43
-5
-37
1
40
-13
37
-13
45
34
-42
27
22
41
-58
76
-65
-27
-47
-9
-13
88
63
43
14
-37
-2
-4
-8
5
17
-23
-45
31
-12
14
-5
-31
-28
-17
-20
14
-13
19
16
-45
-7
18
74
4
8
40
-58
-11
-27
23
38
-14
-77
-29
7
-9
24
-17
5
61
31
63
-17
33
24
41
-4
-24
3
4
13
-31
-23
-19
-20
16
4
17
-10
13
69
8
-56
-67
-1
-20
-55
58
-68
22
13
26
9
2
29
-10
22
-4
-45
-45
-28
-25
31
-39
-24
67
-80
-20
17
9
110
0
33
-32
34
8
60
-4
34
11
-32
-17
9
-12
81
-37
51
58
-28
36
35
-31
-18
-21
11
-33
5
71
22
-24
53
-49
-17
23
81
35
28
-12
4
4
16
-102
-2
-42
-32
0
-2
-3
-58
-2
-37
-23
-13
17
-37
15
-18
44
-22
-10
-75
10
-35
13
-31
-18
-42
31
15
31
78
-1
-51
-23
-7
-42
-55
5
-26
-12
-12
-17
-50
-14
-22
47
5
-9
35
-21
23
-26
52
41
22
-58
-53
30
-25
-69
-47
-3
24
-9
86
-54
27
-60
4
7
4
-16
25
27
33
6
58
19
-45
-6
-9
-6
17
13
54
-24
30
-59
26
62
10
-21
19
-22
19
-12
8
7
63
-50
-22
45
-83
-7
14
22
-67
-61
16
27
-6
61
-40
-19
5
86
-13
-4
-60
-51
13
-16
-59
40
-41
63
5
3
9
-19
-33
6
-71
-41
15
13
32
11
28
-66
-10
-37
70
15
-4
-4
72
-44
-72
0
21
-19
-6
12
-14
8
-68
5
-50
-42
-41
-13
21
15
-12
7
-43
18
12
-53
-62
-50
-2
-60
71
32
-3
-57
21
13
-36
26
18
35
1
-12
-23
-42
13
-7
38
65
-67
51
-19
-39
-24
18
-13
-24
-47
2
20
-44
-52
-63
27
-44
5
22
-13
12
-79
31
-11
14
48
-3
38
-36
25
7
-4
3
51
-50
-4
-47
-49
-18
5
13
1
31
24
-68
-54
-11
-32
-31
30
46
21
19
0
0
-5
21
-63
-9
9
59
37
-21
-30
19
10
65
24
14
-26
70
22
-43
-32
33
-67
-17
82
-45
56
-38
53
-22
-27
25
33
-2
-11
-8
-56
23
-3
57
8
-26
-25
-4
-16
-33
-39
8
24
12
22
-31
-25
41
-33
-19
4
-42
15
-13
-46
-10
29
-73
85
14
0
13
-91
15
-18
-21
-32
3
-3
41
96
-54
-86
-29
37
48
-16
7
4
-29
0
-35
-7
46
13
-40
-27
-24
16
-17
22
-31
34
0
1
-29
45
-37
-74
-16
12
-5
-24
-11
-7
-29
-31
-50
-42
46
-31
-16
-53
30
-1
-45
111
46
-3
-19
-86
16
-17
20
7
25
-50
23
-49
-9
66
31
-28
-27
20
7
16
32
4
-5
-25
-41
80
-6
-36
-90
-24
-38
-26
12
-9
12
-63
18
57
3
7
9
-11
23
46
35
58
-30
-73
-23
-3
3
60
-58
-15
27
-27
-23
19
39
-16
-31
-50
17
31
9
-5
-16
-29
-31
-53
-3
-83
27
-34
14
51
-2
-9
23
1
-68
-42
40
54
-3
0
0
17
7
-40
49
-26
6
12
33
-27
43
26
48
-45
-23
16
13
51
29
0
7
23
-36
10
-59
-12
6
26
54
-46
16
3
-33
-31
51
2
52
55
3
-1
63
24
52
0
-18
-6
15
-57
-8
78
-20
-12
-4
21
14
5
-29
-79
-53
-12
-3
-1
11
-44
23
-17
46
-27
17
-38
33
-12
-17
4
-18
6
-17
-27
-31
-75
-89
22
-18
-29
22
35
-23
-43
40
-12
78
7
24
11
3
-12
20
17
62
-25
55
25
-13
13
48
-17
-46
-23
-5
-54
18
93
-60
1
-22
-5
-36
16
-30
-66
-39
20
43
-7
15
-54
3
20
-11
21
-7
13
44
-21
-14
0
-22
6
-34
-40
-17
9
34
18
52
12
23
-4
-67
27
-18
18
-1
-32
10
17
-1
19
-6
50
26
-15
18
18
36
66
-31
-41
34
-22
-19
20
37
-15
-5
-41
32
26
15
18
-35
-6
-56
-31
-29
15
-31
8
-66
-30
-24
-19
-31
31
24
-26
7
20
23
24
-30
58
13
-94
54
-18
7
23
48
65
35
-14
-25
-58
-37
51
53
-2
-7
-1
20
8
-13
-40
36
-17
57
-1
-35
-12
4
-17
-63
-15
11
5
35
1
-8
40
61
22
-12
9
16
-17
14
-5
78
33
57
-15
-1
-26
-5
15
-31
24
90
-81
-6
-11
10
-42
-23
-21
4
-25
-11
-46
-4
-46
5
17
7
-40
38
25
21
-2
11
2
18
103
-40
24
15
-47
-25
-31
7
-19
-14
32
8
-33
-21
-31
-59
-64
-50
11
27
-2
-94
62
17
-15
-53
-9
37
-13
19
30
-51
-32
9
6
13
51
29
-12
40
8
68
-10
8
10
9
-24
12
53
6
-74
-54
-14
-12
-15
-38
-25
18
-1
32
11
1
-7
-64
40
-41
43
-63
-30
30
-28
44
33
-76
-6
-7
-24
-9
-29
8
35
14
8
13
18
27
-27
13
12
-6
21
68
-11
-30
28
-40
-29
55
9
16
58
-43
79
-69
18
-24
6
-15
-55
45
24
-14
-33
1
-11
29
-34
60
-16
49
-30
-89
-29
46
-11
30
-52
62
4
31
-18
42
-44
-2
42
10
-31
21
8
-4
-99
4
-12
-23
32
4
10
12
33
4
9
-26
-16
-4
98
43
77
-57
34
-7
-35
23
-12
-41
17
-6
-18
-33
85
-22
50
50
15
4
-21
25
-2
-75
-11
7
69
-8
54
33
-35
-12
48
55
-20
-8
-69
-30
22
7
2
46
49
-19
26
-65
14
-35
-7
7
25
88
2
-34
-35
2
-26
0
-23
-31
2
-75
-45
9
30
91
55
14
-24
-38
-20
-29
-24
-13
69
20
2
1
55
-89
-43
-48
4
-64
-13
2
9
7
78
-26
38
31
16
1
-89
24
84
47
-38
-24
-23
10
14
-41
-31
-29
21
9
-44
32
37
55
18
-22
0
-3
-50
-48
-17
-16
22
31
-29
23
-61
31
-19
39
48
-15
43
11
67
10
-22
27
6
-7
7
-62
-22
-32
95
-10
-34
14
-15
6
-14
13
-4
-11
-5
-35
-75
39
-31
35
46
33
-6
-69
-36
-37
-3
-3
-12
-20
5
54
-2
-33
-23
23
-37
25
-42
54
13
-19
-16
-53
34
-74
61
88
-1
23
-1
3
68
22
-11
36
26
-17
1
55
-16
-52
-17
35
43
-18
-34
-21
9
-26
-34
-65
-45
-17
-6
9
-34
18
-46
-31
-12
-83
-68
-72
28
12
2
23
-1
-23
-27
17
4
4
20
-22
22
-47
10
0
85
-63
55
17
-8
-44
-10
-6
55
-6
-16
4
-47
-84
9
-39
-13
-20
46
-22
-17
21
14
24
-6
-22
36
-16
-3
-22
29
-40
8
-13
-33
-14
-39
-45
25
-5
-7
47
9
4
36
-32
23
-18
-56
1
-2
27
-16
-72
-34
23
-59
-25
7
-13
-25
-22
-16
18
24
-3
-55
8
35
33
35
-4
-51
-28
-24
-44
21
85
-48
19
-43
-51
-6
34
-46
-21
14
49
-9
-23
54
-62
16
15
-80
41
16
-42
-31
14
-32
-5
37
-1
-20
-19
-45
-67
-9
25
-25
-41
41
69
-2
42
-22
-19
33
-68
1
51
-39
-38
-43
-1
21
-21
-34
18
37
-12
24
10
47
-45
38
2
-15
-77
48
2
-47
-11
-1
35
-34
1
21
-6
41
-12
28
6
-98
7
44
2
-26
30
-31
25
-51
-33
-31
44
15
1
-9
41
8
-26
19
22
-7
-1
-11
-41
64
-25
19
-31
8
-2
27
71
-59
-5
-28
-5
80
-23
-36
15
64
51
-28
-20
3
28
-19
14
36
-4
10
-15
14
0
-12
9
18
-78
-8
73
28
21
1
-2
-31
51
-25
-10
52
10
-18
-62
-32
26
21
-44
57
-12
32
21
42
-7
14
-31
-1
63
-28
30
22
18
21
40
-38
-20
-28
9
11
33
-21
-80
131
8
19
-14
11
-81
7
46
23
-36
-36
14
2
-19
35
-87
19
-2
22
8
-33
-8
43
51
2
102
-10
36
-13
-28
-13
-50
84
-15
66
-28
-26
37
-20
-40
-11
-3
29
-69
-11
-11
-16
73
-25
1
-35
-18
-8
-5
-29
31
39
-50
78
31
-38
-20
13
5
-24
-28
14
-64
67
-24
-49
-26
26
-46
32
21
-18
-28
-16
-33
-40
8
16
17
-4
-2
-25
-38
31
27
29
-4
30
-43
63
17
9
-40
-18
-32
-32
-11
-78
-27
-46
-9
-29
-3
44
10
53
18
40
-14
80
18
54
3
-26
51
9
42
-59
-13
-3
-16
16
-16
-56
3
-30
-36
-77
-29
8
4
-2
-4
-25
37
-22
-14
-9
3
4
53
-23
-65
-2
-28
-34
-38
36
7
-25
96
53
22
-27
-11
-29
-12
34
-17
-14
33
70
3
25
57
61
13
44
-55
4
-13
64
-47
-20
-39
-30
22
56
-33
-50
48
27
12
-36
-14
5
-2
14
68
-68
65
7
-25
32
53
8
16
68
-40
45
-57
-14
-23
4
-10
60
-24
-41
-3
20
-7
34
34
28
17
-41
-53
-29
31
-12
-26
33
12
18
-61
26
-1
49
8
-89
-74
30
-36
-15
12
-7
74
-108
-56
-36
15
12
-13
17
21
-30
-18
-38
-45
-18
-46
54
6
13
32
-44
-22
26
51
-40
-8
-48
18
17
40
58
-24
-52
38
-34
3
-39
-32
6
36
-73
15
-4
-12
55
-24
-1
13
-26
-59
54
1
-69
-10
14
22
-22
-69
-27
-23
-13
50
-4
29
-21
-27
14
-15
-26
-11
-3
-25
-12
66
57
-9
3
-13
-33
8
48
-71
-33
-10
53
50
19
-52
52
-1
-9
11
45
-41
-30
-24
46
-75
40
42
-23
-32
5
-17
9
37
24
16
32
-7
-14
22
-30
-65
51
-55
27
11
23
17
77
-9
29
-33
40
-1
-29
41
64
11
73
-83
5
49
-38
-8
-43
1
28
-25
-29
13
20
3
-2
59
64
-5
-56
-52
-30
-13
73
-26
-2
-14
30
-63
-45
-2
48
-9
22
-49
-33
-5
-9
-88
-24
35
-4
-10
-5
-16
0
20
29
-33
-25
-24
26
-29
-35
29
-23
57
-67
-45
56
41
-17
15
-17
-35
-27
16
-5
-7
46
41
-18
-71
-16
4
-27
-13
34
-2
9
-43
80
55
-22
11
4
-46
-7
-13
-30
31
64
-52
-19
0
-36
52
9
12
45
-1
3
50
-30
-65
53
-60
-22
-35
38
35
10
-27
7
-11
-84
-6
-40
20
88
15
-11
-29
-7
2
26
96
-53
-14
18
8
46
18
-24
-60
-13
47
-83
47
-15
-16
14
33
3
-13
-18
25
-8
28
49
32
-16
31
-3
6
-83
-14
1
-13
90
-20
30
3
50
-21
4
-46
-14
-40
-15
1
29
36
41
12
43
9
-52
8
-15
56
3
82
23
52
5
47
19
-31
3
-27
-34
-35
-9
50
42
-26
86
-57
26
-4
7
75
-48
55
-3
10
23
12
5
-37
81
-39
59
-26
-38
-3
-2
-55
7
3
16
86
3
-10
-4
-22
-46
47
-48
79
-26
50
-5
-68
-11
71
19
-15
0
11
38
-24
-38
-25
57
-6
85
-31
84
-17
-31
-14
49
73
23
-25
-9
-60
-19
-37
26
-5
11
32
-15
40
7
-68
-25
0
67
-64
-64
26
4
95
27
59
22
-16
-38
-55
8
22
-7
-17
-17
-63
-2
-4
-1
-25
-10
-15
1
7
-40
-38
-29
19
-65
32
-40
20
36
22
1
-20
-17
56
-103
-112
19
-31
9
68
26
61
72
19
-61
-15
20
39
-7
14
38
-15
-1
-1
10
-57
-26
-34
-50
17
24
-16
-5
9
18
-19
52
-43
-18
5
44
-15
8
-72
28
47
7
-81
56
-55
-1
31
63
-5
3
-20
-22
12
12
-7
-34
-21
34
15
-23
25
7
-34
-21
-9
-47
18
-10
-30
-33
-33
21
-63
-25
8
-46
11
-2
21
47
10
-27
-9
-27
-5
-13
45
-60
-3
-35
-1
28
-36
-20
41
9
9
-19
-43
-37
-13
-22
24
-35
7
0
-54
19
66
-2
4
-26
42
2
9
-12
14
-31
14
-6
2
64
-10
-55
-51
-33
-38
32
-9
70
-14
-12
-1
-26
44
-32
-20
65
12
-14
23
26
-21
66
-2
-35
-90
-13
-11
-1
-33
22
-15
30
-69
-1
-14
-17
34
49
-66
-43
21
-8
-46
-73
15
-35
18
59
-29
24
20
3
-36
12
-32
-45
27
49
42
17
54
18
28
-11
-32
24
42
-38
7
11
-66
-7
-39
-1
-23
-10
9
38
-1
11
-10
87
-47
-6
8
17
-23
2
-27
-42
-11
-18
-26
-16
-10
93
-36
39
-38
24
60
-30
35
-9
-56
24
22
-21
32
-21
-21
30
-2
16
-1
18
-1
28
-51
11
-1
14
-24
7
-67
-9
15
-22
-40
-21
42
40
30
-3
-17
-7
-12
83
-32
10
-5
-25
15
-6
21
-27
-58
-12
17
-57
-14
0
20
16
42
-2
4
-27
-33
-25
-24
26
-17
-28
20
47
-52
-47
-41
27
19
11
-26
15
-52
30
-8
-12
9
27
-56
29
19
-45
-23
-27
32
9
20
45
0
43
-35
0
24
-14
-5
-29
29
-76
30
-46
-4
13
-29
25
-78
64
-1
-33
24
8
43
44
26
-5
-9
-64
30
39
2
43
1
0
-66
-21
-36
31
-37
33
46
21
-22
-8
12
-38
54
18
-28
52
38
69
15
46
-88
23
8
-109
39
64
-11
-37
18
4
-49
29
-12
-21
19
-8
4
56
6
-19
13
-16
12
16
-64
-1
-89
-12
54
8
-6
-13
-19
-4
15
-64
-30
41
-21
22
-14
42
-78
21
-102
-140
61
20
-9
31
-3
-4
-16
30
1
-28
-11
-12
-17
39
-22
-9
9
-61
10
18
-9
-54
41
-14
-25
-13
-39
-18
52
-66
-118
-25
36
36
-54
3
16
3
23
28
-20
-16
-23
-82
65
-29
7
-35
30
11
63
-4
-24
-5
27
56
63
2
3
37
-9
-1
-12
10
28
-25
-5
-13
55
-32
-17
-15
-41
-36
-26
-49
-72
-76
65
26
15
-32
56
-4
-84
-16
-64
15
35
63
-16
-2
39
42
-22
48
36
-6
-9
99
44
60
-9
41
1
41
-39
12
-54
-32
-19
-8
6
43
1
-21
45
-44
-48
24
0
1
18
10
1
-52
-18
36
-42
30
22
48
2
65
30
1
-52
35
46
-23
97
18
-15
-2
-4
-18
-20
5
-8
34
6
-5
-34
-48
-17
-4
-27
6
-6
36
25
-8
0
46
-30
-7
34
16
-89
-15
47
38
4
-53
7
-42
-6
9
37
-73
19
-13
65
9
-7
11
-68
-25
-48
13
-8
-6
-23
-39
36
17
-48
-32
62
66
-5
-43
16
31
22
-4
-9
20
5
72
-13
-28
87
-25
-10
-19
-16
-12
41
-38
27
4
-85
60
8
27
8
-21
-47
-61
-11
-7
-50
15
-9
5
38
11
-60
-10
-51
-6
21
27
-11
-13
-77
23
35
-4
-55
-28
36
-16
43
31
-22
-49
41
-36
28
38
-7
5
-52
42
18
-55
-11
84
-46
3
-38
-85
30
12
-63
-34
-12
59
54
5
-29
-14
-6
72
27
-2
46
-50
27
-24
-8
79
37
51
16
-34
54
-72
-82
-48
-32
-26
-131
52
42
33
30
-36
10
23
-35
1
7
56
4
12
-37
-24
40
35
58
19
-69
7
-4
-66
24
-2
29
-66
-51
14
26
31
40
1
3
47
-46
-1
26
-32
-16
32
32
-31
28
-17
-20
11
-40
53
17
-14
62
-45
48
31
7
-10
-9
-21
40
8
35
25
-45
38
-19
11
-8
-49
-20
-37
11
54
-19
22
-24
51
-13
-30
30
-28
-9
14
-84
-14
-27
5
-36
-4
4
-6
-10
40
-57
-4
-43
-17
6
-42
-10
-8
6
4
2
30
16
-43
-76
-77
46
-78
-18
-103
-21
-11
-28
28
47
61
21
-15
-8
42
112
-41
0
8
-46
49
-18
26
7
75
-44
81
23
-17
-54
8
18
-39
-36
6
-40
75
-55
37
21
15
-2
10
5
18
10
4
-23
91
-21
-72
-24
-55
6
17
-77
-10
-29
-30
-23
-12
-5
4
-20
-32
-1
-28
0
0
8
6
-65
74
-12
-1
11
23
-80
26
-51
-18
-20
-48
43
47
-8
4
-2
-82
-15
46
6
55
34
-43
21
-53
-24
-54
-27
60
80
15
11
45
-42
48
-17
-30
-45
-5
-83
-86
-7
62
-53
-94
34
44
54
4
-74
-16
28
-37
22
34
32
-56
-6
-13
-16
56
-68
40
-70
5
-10
-16
48
39
-59
0
-26
-18
-45
-5
-18
-39
34
70
38
-9
-4
-16
-18
-6
-37
-23
-9
2
1
-35
-47
15
-6
-39
-2
30
31
-17
45
-26
9
9
6
95
-19
25
17
-37
-11
46
2
-72
-38
-2
43
-25
10
-30
-12
-13
3
13
-43
13
-5
-15
36
27
-48
-26
-37
-13
11
3
15
33
47
-57
59
22
-36
47
-33
-59
-16
41
42
28
36
-46
-78
40
7
-46
27
43
-45
-74
37
8
-22
29
-14
-67
42
68
10
22
19
18
-22
-17
-20
67
44
-13
25
-57
35
-60
-1
14
-15
6
-36
1
52
-1
-52
-15
-60
30
27
44
18
-5
-30
-39
56
-36
60
-29
-5
22
14
-3
27
14
5
20
-62
-48
10
27
7
57
-15
-49
-3
-3
103
72
2
-26
77
36
19
-31
59
-41
-8
52
-43
33
12
5
7
33
0
-15
-2
-17
13
2
43
20
46
-5
-92
28
39
53
41
-47
36
-68
20
-42
-41
15
16
7
19
-29
78
-45
-39
42
-33
33
-23
35
2
-17
65
28
21
-4
63
-4
28
-26
18
-17
11
-4
6
2
11
6
-33
-6
-2
61
-35
8
-7
33
-1
-34
-46
-1
5
-49
-22
-1
-10
20
19
-10
-19
-5
-42
-35
-23
-70
-41
-21
-29
-28
12
53
-6
-11
-48
32
-29
34
56
63
-14
6
81
39
18
-7
-3
-9
-20
48
-24
31
17
47
-53
36
-56
15
-47
14
51
42
15
14
52
-17
-22
30
-34
9
-21
-28
-61
4
15
-16
54
68
56
-29
45
26
-23
26
-18
-37
22
-90
8
-31
-68
2
50
-43
4
-10
-47
-48
-25
10
30
8
-8
44
-29
-20
29
-17
-1
89
32
-24
-22
-8
-35
-66
-11
-24
5
-7
-47
23
27
-11
37
53
19
6
9
-23
-13
10
-16
-23
-25
5
3
-101
-30
14
20
-35
-33
10
18
28
32
10
-6
45
12
-5
59
-12
2
-4
13
-15
20
23
-22
-32
-8
42
35
-42
4
-66
48
9
7
-26
-12
20
-9
25
2
45
-10
-25
11
70
-26
-12
-24
10
-76
-29
92
-26
-60
31
-34
39
32
-37
-31
-6
5
-10
12
9
-45
-97
32
-1
-27
-39
-8
31
-26
22
-21
13
-23
-11
-30
-32
-40
-89
0
-28
-29
-41
44
-23
-19
-6
37
-16
-20
34
53
3
-14
68
28
94
6
-21
-2
4
40
-48
45
-17
20
36
-52
45
-48
23
14
20
42
-42
59
35
37
53
-54
-60
-4
47
12
-21
-20
-1
21
26
60
6
26
26
32
71
-26
-10
57
8
21
-5
35
29
-58
15
42
42
-37
-31
23
1
-3
-18
8
-21
-35
79
5
-31
-5
37
-13
36
3
-44
-39
31
12
-13
11
-2
-28
-65
-7
-5
-7
43
16
13
44
16
101
18
12
15
-51
-9
45
31
-20
-3
35
65
12
3
18
-33
-64
35
72
19
33
-8
-45
0
61
-80
-13
-30
-56
43
34
-20
-50
18
-12
47
-12
-40
0
-4
-36
82
-14
-37
-62
20
8
37
43
50
21
-52
71
25
-66
-33
95
29
16
-18
21
-21
-13
0
-18
47
31
51
40
49
16
14
-31
19
22
-8
-38
25
-49
27
-13
-24
11
6
25
-69
-9
9
58
-6
-33
-14
-54
63
-56
7
25
36
-28
-5
-11
20
34
-28
39
35
-44
-82
-19
76
43
7
-27
-31
-1
30
-30
28
3
40
16
-8
26
9
-9
7
47
-8
59
-45
2
-54
-13
-42
-44
-23
-3
80
-34
-25
-15
-67
19
-13
39
38
32
11
0
36
-20
-2
34
-32
-19
-11
15
10
35
38
-83
-55
73
83
60
4
64
2
-5
70
35
36
36
20
23
-11
15
-25
44
8
-10
5
22
-11
15
53
-21
-48
-25
30
22
-25
24
9
2
6
-24
-21
-10
-33
-2
-2
-39
16
-20
-39
-59
-4
-45
1
4
23
-6
-47
41
-4
-7
25
-28
-10
7
-36
36
-16
27
-66
39
-4
-81
-9
24
58
-49
62
-33
9
-26
53
-50
19
19
123
15
21
-2
14
72
21
55
-5
22
8
48
9
74
13
-36
-7
16
45
-45
-16
-34
-30
-11
42
36
28
-62
83
-49
34
-4
22
47
38
-4
4
-57
10
-5
-15
-29
-2
-25
12
3
40
7
-30
-26
30
11
-5
-24
-6
-5
-3
-11
-48
-37
15
24
-33
67
8
58
34
62
-29
18
24
-61
13
17
0
-73
7
6
20
17
-14
6
-24
15
-19
-11
-26
1
-14
-68
-21
28
-19
-5
-37
17
17
12
-45
79
-38
60
4
40
52
5
-27
23
33
-71
17
36
-37
-3
17
59
-4
-47
-25
25
-3
14
27
26
23
35
44
-16
16
-34
6
-71
-19
77
38
-103
70
60
-11
32
-14
-32
-8
-26
9
-19
-34
-26
2
74
-21
-57
-5
-21
62
23
65
-17
-46
54
-23
4
26
-44
8
-51
-38
-42
-19
-3
4
-34
61
9
1
5
-19
39
-30
12
-50
-33
11
41
15
-22
-7
33
37
-53
-10
-13
-48
12
22
-18
-58
-35
-19
39
13
2
-62
6
64
-24
-44
61
8
5
-51
-12
2
8
38
-11
-33
38
9
-8
1
6
21
53
-57
11
24
37
4
15
-15
4
-33
-57
21
5
22
-28
-6
20
7
54
-7
-11
-4
-34
-32
21
2
29
28
-24
-7
35
30
-26
1
34
33
-28
2
37
23
-37
-40
24
2
27
-56
26
20
-39
16
-73
8
-67
-16
-35
39
-5
31
-64
21
25
-80
34
-60
-33
-58
1
41
-59
41
11
73
49
21
98
-69
-13
-17
-51
-19
-33
-17
2
-5
83
-84
-42
-26
16
5
-36
29
24
38
11
16
-32
18
-33
15
-16
-21
19
6
45
13
42
59
-11
6
-6
-19
33
-19
68
-43
-12
-30
-48
83
-11
41
8
16
3
-27
42
34
-10
28
-20
18
-10
9
1
-64
-46
-14
6
3
6
45
3
-14
-11
84
5
25
15
-18
-12
-9
21
-25
11
72
23
-49
13
-64
-34
63
10
46
-25
-30
34
-15
-27
-38
17
-38
30
-71
36
-11
41
24
24
-5
-28
28
7
-41
16
77
-41
-18
-69
45
-59
-83
0
-18
-21
-7
-70
10
-8
9
24
86
42
41
-5
-14
4
-70
8
46
-91
-31
53
-71
-5
48
-36
12
-13
-62
-10
-43
-38
60
23
56
2
-11
-7
25
-17
55
-1
-25
-68
59
-25
41
-58
-8
-6
67
-24
51
32
71
-47
-51
-3
-8
-1
30
-51
-26
-35
-37
10
-3
-45
15
27
26
49
-55
-37
-70
-19
-25
25
32
-11
-56
-25
50
26
37
-4
14
-72
-35
23
16
-51
-9
27
25
-33
-41
-7
93
56
7
54
-18
-9
-29
30
-23
35
63
92
-20
-70
-58
38
21
-57
21
24
-65
3
-18
-63
-27
-36
-35
55
0
35
6
-26
5
29
-3
44
-59
-1
28
-56
-9
-108
42
-6
45
7
-71
-13
-74
-14
8
-53
-74
15
-25
-9
57
-59
-16
16
-7
22
-20
20
-14
-6
-19
-55
4
-34
12
-1
35
-50
25
23
38
50
67
-19
-52
21
48
22
13
-47
-76
26
-38
14
18
3
12
-47
2
-13
-33
-35
-61
10
-1
-16
-6
-11
61
-5
-55
13
15
33
7
72
-5
-29
73
-67
23
16
18
36
18
10
8
-3
9
-7
2
-14
-14
35
14
-26
42
-35
40
80
30
18
-7
77
-20
-2
-42
34
-36
1
-7
-24
10
76
-11
-26
-32
29
-66
-60
-7
70
8
-64
-17
-32
-10
12
5
5
-4
35
17
21
-78
-8
-35
-28
-22
-19
-23
67
-42
-16
51
-85
-50
-50
13
-10
-54
8
21
-39
15
-15
53
-16
-48
-13
-100
-30
62
4
-1
60
-27
-7
-9
-112
-50
-13
3
30
-5
-12
33
69
30
-32
22
22
-26
-7
3
-50
-15
-16
17
16
-21
68
40
-25
-48
15
8
30
-24
-12
-77
-21
27
-17
-19
-86
-12
48
2
78
11
-45
8
62
-16
34
-22
6
44
23
-17
1
57
25
-32
66
44
6
-86
-24
-5
1
37
2
-76
12
1
-79
16
-26
-8
-101
15
31
15
-17
9
13
-26
57
-50
24
48
-32
-77
33
0
5
-30
-6
51
-59
-16
26
-27
15
-46
-32
-19
-41
73
-37
19
-29
-14
-15
-14
-31
-34
-53
-27
-3
-13
28
-10
-4
16
11
-21
-3
-46
72
13
14
-66
21
36
-18
-4
-47
-57
1
30
52
2
10
48
-43
32
-18
-9
-11
-19
18
-21
-7
17
7
10
-5
48
37
-72
-88
-23
13
-34
-10
-52
-66
9
15
11
12
25
-3
25
20
-22
28
-29
-43
-32
-63
-3
-51
19
27
61
-1
31
-11
-32
14
31
34
-10
-13
-21
29
15
-4
-29
-35
-83
-75
-13
37
-49
-94
-6
-67
23
-7
23
11
43
83
-31
-52
31
-44
-13
2
8
19
4
14
-12
16
-19
33
-3
37
41
-43
-1
56
-63
41
14
3
-32
-55
15
24
30
23
-30
-58
-39
-4
30
13
-12
-58
1
46
-34
53
-47
49
-14
-11
10
-47
39
37
-38
28
48
-39
42
18
-19
-32
45
-16
5
1
-31
-11
15
-13
-2
-95
-73
68
-4
53
10
-8
-23
29
11
-21
21
2
-18
45
2
-14
-43
0
22
34
24
-33
-13
-46
-8
-26
-22
-82
1
-22
-6
32
-1
5
26
56
-60
9
1
-29
-66
12
5
-7
-34
-54
-12
3
-3
-1
-6
-84
-28
65
29
28
9
-8
11
14
16
27
23
60
46
-25
-50
-15
-23
69
17
-30
30
63
-44
-6
-28
35
20
-7
13
-5
7
-50
-79
41
25
-20
29
5
-30
-79
-35
29
-88
103
17
49
-16
-38
-32
-20
22
72
18
21
-1
-34
18
-50
-14
60
-9
13
9
-15
30
-3
20
-58
-20
-24
-26
-12
16
-46
9
-49
-15
-20
16
14
29
-37
11
-58
-28
17
-16
8
-2
-20
1
-58
-19
83
1
-34
2
-3
-44
27
-70
58
6
-17
-48
12
-16
-31
-74
-12
45
-44
60
8
-21
25
-27
-36
4
-51
-5
-56
-47
-39
1
-58
57
-10
-16
-46
-11
-16
72
5
-5
53
8
-20
-57
-12
-17
12
-35
-23
-5
-27
-10
-46
25
16
-17
-46
-1
59
21
-22
24
45
48
50
-63
25
14
12
-41
43
4
37
-26
-13
4
-6
-28
13
-13
-65
37
-56
43
-73
28
-14
3
-6
-2
-29
32
-94
-1
-52
-29
-48
0
-45
-17
-22
-60
-3
-32
-70
-28
31
35
-21
-20
17
-18
-56
-65
-2
-4
-40
-32
11
43
21
9
13
-38
-8
-35
5
16
56
-54
23
39
-34
-7
32
17
16
-18
-47
-91
12
62
-42
6
11
-39
-79
-4
-5
-43
35
-24
17
2
7
28
3
-69
43
-14
53
-6
-51
54
-27
8
10
-74
37
-19
30
-57
-25
-4
-26
-15
-13
-21
-43
-33
27
44
-13
30
-2
-5
5
38
3
50
-22
6
72
-18
45
-34
-25
-39
-41
39
-87
26
35
3
-18
-23
-19
1
-19
55
-63
1
-29
24
8
-3
4
-55
18
12
7
22
-25
43
-55
-31
-41
-42
15
-74
46
2
-27
55
13
-18
-26
-14
24
-38
-5
77
37
8
-27
-13
2
-2
25
37
16
3
11
19
-8
-7
-24
-45
69
-62
-6
9
-18
63
27
9
24
-38
58
49
13
-16
-38
-8
-20
-5
-11
-20
26
-45
11
-42
-10
-21
39
-46
-29
-13
-46
29
29
-2
-47
24
-27
20
-3
42
68
-32
-35
20
17
8
35
33
-20
-45
29
4
-79
-9
47
-20
6
7
-38
33
-1
-7
-8
2
-50
38
6
20
-34
36
-35
27
-18
-25
-22
59
32
20
31
-2
39
-12
-25
8
-38
46
23
47
33
6
-16
57
-32
40
-3
-28
-42
-32
25
38
-11
6
23
-18
-19
-56
-23
33
3
-9
22
-5
23
-37
18
3
-53
-35
-22
-20
-16
-24
26
20
-2
11
9
46
51
1
24
-46
-10
48
20
22
34
92
-26
-9
3
33
-3
4
-38
49
7
-8
-44
-39
23
5
-56
-56
53
6
20
13
-26
-17
-28
-43
79
-42
-19
16
41
100
-28
-20
9
13
22
-20
-24
-28
16
53
-22
19
39
1
-14
40
-33
-5
14
26
-2
42
16
-13
-39
-26
66
-2
-21
-4
-47
-48
63
39
40
36
27
26
-18
-1
37
39
-32
33
-14
-10
9
15
3
-20
-81
-6
-31
35
42
-15
-43
-50
6
-5
16
-42
44
-56
-16
6
-38
-66
19
50
10
70
35
-34
38
73
-79
58
14
40
46
12
27
-40
-52
11
-67
73
-40
46
-4
6
6
12
22
0
-2
-50
29
-8
42
9
-13
-14
-3
-1
34
24
-16
-15
41
4
-76
20
-43
18
36
25
-14
10
-6
16
-3
-12
-80
17
-1
-49
5
47
40
45
30
36
29
50
-53
-25
-28
-44
82
-15
-14
21
1
-2
12
68
10
28
-25
-20
11
-31
64
19
-28
17
12
24
-45
-4
-21
20
15
14
37
13
6
3
33
-16
-23
37
-48
-4
-42
-22
50
16
4
9
-7
17
-53
-45
45
-30
-32
-24
22
-30
41
-39
0
46
-24
33
-27
-13
-48
5
-65
-21
-47
-35
-45
27
0
9
-13
-30
23
28
-31
46
20
-52
-21
14
21
22
-30
75
-22
-3
50
-10
-39
-17
33
10
5
-26
3
26
65
21
-8
2
19
-7
-8
78
-24
-22
10
-10
-49
12
30
72
-34
18
35
-8
56
-21
23
-20
-3
-8
-56
-13
10
20
-42
56
23
36
18
22
-5
17
-60
22
20
-83
-17
-39
-22
-18
47
-73
19
-36
21
74
0
2
-16
26
0
7
-21
63
-75
31
-10
46
23
-49
19
-5
46
5
-1
-44
30
12
51
12
18
12
3
43
-72
45
-26
3
13
-14
3
14
5
53
-48
-13
-2
-35
23
-14
36
16
25
9
22
-54
-23
3
59
16
3
-39
-23
39
26
-11
34
6
19
19
54
-1
66
44
33
-18
9
14
-19
10
57
-78
-105
44
41
-14
-67
58
15
17
-8
-6
-17
5
51
5
-24
-23
-89
24
73
7
19
-46
17
42
-7
15
-31
-19
8
21
13
-19
-45
-31
-9
-8
-26
52
-30
-58
23
24
46
-23
38
-45
-17
64
-38
-13
33
21
32
-35
-7
-38
-26
-5
-45
37
-12
-47
12
-42
50
25
77
41
-1
39
-46
-7
-9
-47
25
20
51
-8
-14
16
-52
22
33
15
5
10
20
-41
53
86
-70
36
-39
-21
23
16
8
-40
-40
33
-36
-71
-13
-14
24
36
40
-29
30
28
62
-9
2
-49
26
-33
-44
-20
18
13
48
-47
-4
42
3
50
-53
65
-11
-20
34
-13
-50
35
7
54
16
-24
64
59
2
51
6
31
20
16
-75
28
-22
-82
1
-41
-5
6
14
-31
27
7
-8
25
27
7
-12
-65
-33
-16
24
22
12
35
-35
60
-8
-44
59
-7
42
-32
-4
-27
-23
3
-37
21
49
36
61
-4
-52
5
11
-15
56
15
51
-13
-29
2
-29
4
-52
-47
-21
28
29
-31
8
41
10
19
12
-18
8
8
41
-55
-10
4
17
31
-38
-30
-56
-38
-19
-23
-19
20
9
-5
-23
15
18
25
7
8
-4
-34
41
-20
-5
70
12
8
-13
-22
-48
-30
16
8
24
-7
-6
60
14
30
-28
16
17
49
30
6
-10
-35
8
-83
-40
-17
1
-45
-41
-23
37
-4
5
-32
-20
66
16
-24
-35
27
43
-26
-69
-2
43
-70
-14
-10
29
19
-68
-66
7
-17
-1
40
-1
15
6
-10
-41
34
-6
-10
-2
6
33
-30
-43
35
-72
-74
15
8
8
25
-59
-49
-37
-21
10
-37
18
-33
39
-23
-5
7
-23
60
-17
46
-54
15
2
-17
-54
-61
-6
22
25
13
15
41
-46
61
2
-58
59
-2
-5
-7
-30
11
-30
27
-16
55
-15
68
-5
31
-34
-33
-4
-75
-32
4
74
40
-42
5
-34
-44
-11
68
-2
-9
6
-40
4
-29
34
-25
-1
-21
-37
-20
-26
24
23
-17
-1
9
65
-42
-86
12
11
-81
22
85
-56
-30
-21
82
56
-1
3
-47
-43
45
-31
24
-20
1
43
18
-30
34
-20
25
-9
28
-28
-11
-20
55
6
-4
-5
-26
-61
9
-34
-37
35
59
35
-22
-58
16
-18
-15
-8
15
68
29
-84
67
0
-4
0
70
0
-41
-1
-10
44
4
-69
64
56
-18
-9
-41
-11
47
4
78
-10
-4
61
-2
-40
55
-25
2
39
28
36
12
-1
15
44
9
29
17
28
45
-27
-41
-11
19
3
36
-13
-2
72
10
-19
40
-72
-10
-28
31
-22
-10
-5
-47
-37
72
17
-13
34
-53
61
-37
17
53
-33
-5
-28
5
33
-14
-10
25
-95
18
41
33
27
88
-77
12
63
35
-76
15
-33
-39
-41
-3
2
-45
-5
-71
-34
-4
-21
-8
59
-5
-62
-45
-10
76
-43
-10
37
9
-1
71
22
-10
17
3
-95
-26
0
38
44
-51
18
-76
-33
32
11
13
9
18
13
24
15
-26
-48
53
-19
-3
26
40
-29
34
34
5
-62
-27
6
-47
-15
35
-30
-5
9
12
-26
9
16
-31
-9
-2
-44
13
-14
5
-26
19
15
66
-9
-54
58
-5
6
-45
46
3
29
34
20
-24
-102
38
0
-115
2
42
-48
29
-2
11
-13
15
-4
23
5
-37
-26
-13
-18
19
12
11
5
-70
-53
-1
7
-29
12
-11
21
-17
72
-68
27
-16
7
-20
39
47
-43
-51
-11
31
-4
-33
59
-1
-45
-7
-8
-2
-48
18
-53
-4
-34
-43
-53
56
-12
-38
58
15
45
-33
-16
-1
14
-31
57
-30
-3
22
35
-22
30
-53
-45
21
-55
-25
-69
-58
-42
-29
-21
23
27
-16
37
-11
-9
14
-72
73
7
-22
-5
-35
-27
6
5
68
-27
-36
22
58
26
-33
-24
49
-15
-55
32
24
-37
-2
-15
-28
-15
-32
-9
-31
39
-49
-11
-37
52
15
16
54
-31
69
50
4
-33
28
4
21
-1
-6
-13
-5
-11
-11
4
21
-17
15
36
-7
17
49
-33
25
0
-15
-28
60
-3
-30
-34
-57
-69
-12
-26
0
33
-42
42
-22
-20
30
9
15
21
24
-15
-43
-49
46
42
45
13
-16
31
-41
-25
-35
44
-20
0
20
31
-36
88
0
-10
5
0
44
-61
-10
14
-11
-52
35
12
44
28
-64
-1
57
-58
30
15
-22
22
25
-26
-74
-21
25
0
10
20
-38
-63
22
6
5
15
139
-17
-37
-9
34
-6
-20
66
21
9
-16
58
-37
-18
-1
-24
32
25
6
-44
-35
-42
-30
93
75
18
-47
-16
41
11
42
-24
49
55
-23
-85
31
-9
-11
-25
-10
-26
-6
63
-36
30
31
65
64
-3
-7
-81
13
29
7
0
21
-6
8
-28
16
39
5
-22
93
6
13
63
-13
-59
-6
-12
23
0
-10
64
31
80
-2
-73
-34
-3
-47
33
-13
-13
12
32
-4
10
15
-14
21
-8
32
-2
78
-7
25
96
11
44
-7
-1
-3
25
86
15
-30
48
-23
-39
-17
-28
-40
45
-48
-34
8
-16
-7
-60
-11
-11
12
-2
25
-26
-30
-50
-14
-8
-49
-38
31
57
-5
-11
2
8
3
21
-79
-30
-48
13
-3
25
-28
41
46
-36
24
-6
47
30
23
44
29
42
-21
-23
7
41
-68
0
-13
54
-20
46
42
5
-32
7
-55
-27
28
-20
-65
35
-12
-78
37
-24
-13
-31
7
22
17
-16
26
39
28
26
-27
-43
45
21
8
29
8
-26
-12
-33
-3
-12
89
64
-44
-36
-20
55
-35
42
-2
-23
0
-32
-22
-26
-57
-28
-15
-29
9
37
23
87
-29
18
22
5
38
8
-33
-1
-47
-15
9
103
23
33
8
-51
-1
40
-48
11
-34
-32
34
-24
-12
-13
-18
18
45
23
-37
7
33
-34
-28
14
6
-23
-55
75
7
28
16
26
25
-17
13
51
-14
-33
42
-14
-10
-71
-41
27
-10
1
45
39
-34
-18
-12
-31
-48
-49
-16
-63
0
38
-32
50
28
-2
40
-31
18
86
4
21
47
-31
14
10
-21
3
13
6
-23
-14
-5
24
-1
-55
10
0
33
-34
-5
23
-4
29
6
6
74
-3
-29
37
-59
-14
17
-92
-17
-36
8
21
-55
15
-38
-32
42
18
-52
-49
41
8
-38
50
30
15
40
43
17
34
-44
13
-44
0
59
2
-14
-10
-4
61
29
-5
52
22
38
46
1
2
-6
-2
-3
10
-20
10
-15
22
25
-35
-25
-73
-13
61
-25
20
3
-32
-8
19
12
65
50
-30
27
75
-72
-25
-23
-72
11
-9
-10
9
29
-18
88
42
19
-55
31
-6
-35
-19
29
-32
-42
44
27
-10
12
21
32
62
-12
13
-45
-57
4
36
-4
-28
-15
4
3
-18
5
11
-46
-54
16
58
-5
-8
24
-12
-23
-19
-26
-49
62
41
-5
-12
-22
48
8
-19
-97
29
-48
-27
-42
-31
-13
17
10
43
-3
6
-30
33
17
-5
-40
-8
-55
-27
7
24
27
-5
1
74
25
11
-3
29
76
-26
70
10
0
4
29
1
-40
-34
17
41
-15
-36
-44
7
-51
78
-41
43
36
40
19
10
-12
4
15
2
-20
-13
-21
-45
9
-28
31
-19
6
48
-27
12
34
33
-29
26
3
-19
-54
54
-75
36
-48
19
-26
63
71
14
-24
57
0
24
-36
57
48
-23
-20
50
-6
-51
-3
-24
5
33
26
51
7
30
31
30
28
13
-27
-74
-2
-31
-17
2
-46
47
-47
8
-112
-27
-43
66
74
-13
52
-9
-58
-41
-7
40
-29
-42
32
11
1
-40
-43
-47
-73
30
-15
38
-40
80
2
-6
-52
-19
-21
-29
31
-31
-73
-34
21
9
-23
41
63
13
36
47
22
8
-5
0
-39
-55
33
-32
-32
-100
10
10
56
-13
16
-44
21
12
12
67
-32
-41
39
-9
7
-38
43
5
-11
-6
-52
10
-18
2
27
14
-25
10
36
60
26
-47
12
45
-58
-5
63
58
-2
-23
-19
-17
11
-44
86
-15
-85
-18
-30
38
30
6
-11
41
-46
-1
15
48
-13
14
-20
32
88
38
16
80
-14
-19
10
22
70
-13
6
-60
-14
38
11
-30
-11
16
-8
13
-77
-33
65
-9
-5
-13
19
17
42
-53
21
-73
21
-49
-19
44
-42
0
51
-3
-31
34
-80
-21
11
-72
-43
50
10
-15
19
22
16
12
49
29
6
-36
-50
-35
29
10
-39
13
-48
-50
-12
-30
9
-11
-55
30
27
12
-34
3
3
-24
-56
-40
-5
8
40
43
-36
-4
49
-12
-16
2
8
-48
63
-3
-37
24
82
19
34
40
45
-70
-25
64
14
-10
-38
36
-33
53
-56
16
2
-95
8
39
-77
36
-11
-22
-6
30
72
27
83
46
16
23
71
-49
11
-34
-15
70
23
5
-50
3
-22
18
14
10
24
-58
-22
37
87
-49
49
-5
-47
-64
-15
-3
-35
-17
18
72
-29
40
-11
22
6
18
-4
76
11
-71
-33
43
-16
7
68
4
-2
-1
-7
37
-11
12
22
-25
-15
-17
-4
-24
-49
22
-43
16
59
-32
24
31
29
10
23
-4
-8
76
-3
-12
31
12
59
-7
41
110
11
40
-3
8
7
7
-17
-8
-28
-28
-41
18
-16
4
-1
-46
12
59
-104
25
-47
-7
18
71
-39
0
67
15
-46
-1
14
-3
45
-29
6
-20
128
-14
-4
51
-33
-14
-50
23
-12
6
6
-2
-64
-16
12
49
-64
-16
61
31
37
17
-26
-37
82
56
-1
-7
48
4
108
4
12
-4
-16
-10
-25
25
20
31
50
-22
2
52
18
-3
15
-20
-17
-55
5
-12
65
5
27
57
-15
-54
19
16
66
-48
-21
6
-56
-37
-61
-1
43
-11
8
-2
-38
-21
12
-36
24
46
-11
66
49
10
-8
-2
27
126
35
-20
-7
-34
-8
-59
-27
-22
-39
-16
23
-5
-30
9
-27
21
45
-6
-33
33
44
-18
93
-12
24
-6
9
20
39
-38
-19
-1
-2
16
-15
29
-60
-55
3
-33
17
8
54
27
33
4
-53
48
-3
-11
-22
1
84
10
9
28
-40
17
15
30
-29
16
-4
9
-22
-16
16
-15
-29
52
0
31
8
29
51
-7
34
4
1
13
68
33
48
-31
4
1
49
-17
34
23
-41
38
-5
3
38
11
48
16
0
1
-16
-16
7
34
-12
48
-33
49
27
-43
-34
-21
14
-6
-12
24
43
-15
11
-24
-23
-91
81
-39
-13
34
-82
0
53
-4
-24
-93
41
34
-33
-2
21
32
-68
25
-32
-73
14
-7
42
-25
-35
18
10
17
-33
-2
43
-31
-56
2
7
-32
26
50
57
-33
-21
34
93
-26
-7
-17
-73
35
-22
-30
-7
-7
19
16
29
33
14
25
-5
-1
23
-9
26
31
-17
-76
15
-7
65
23
20
6
-71
33
-8
37
58
-69
18
21
63
-25
87
-42
-44
24
-1
-25
-19
-10
-7
-14
-25
-78
-59
-88
-19
-4
-42
22
14
52
54
-30
3
29
10
-8
-37
-25
19
22
28
23
32
-35
-71
6
-34
62
-69
-28
13
16
47
11
4
-17
29
-29
-23
-26
-26
-5
-70
5
-14
48
-16
-30
-2
-40
8
-10
27
-30
11
-3
-17
19
1
-23
-33
26
50
-10
22
-46
-7
4
31
9
-45
50
-30
16
-22
34
50
-57
33
-20
-79
-46
35
-19
40
21
1
5
8
28
-15
-61
6
23
-23
-7
-36
20
-38
62
-32
2
-10
20
45
32
13
16
-10
-19
-55
-27
-3
-42
-73
22
4
-50
-17
-57
-32
-68
2
75
-47
4
32
2
-9
74
-3
9
-12
82
-1
16
30
-57
-61
-25
-37
44
-19
-10
-6
14
7
-58
-39
17
73
-65
-38
11
84
121
11
51
50
-62
-57
-7
1
-33
-37
45
-18
0
-4
-28
-23
27
-24
47
-44
7
50
-15
-29
-4
-39
8
-9
24
-35
30
41
56
35
28
62
-1
32
6
-49
-5
-25
-15
48
-11
-11
-67
4
-27
-93
-39
10
-4
8
-89
-26
36
-6
31
27
44
-49
-21
31
26
-18
38
14
8
42
-10
-82
26
41
45
-39
63
-9
-9
29
38
-55
39
0
2
9
-21
24
-67
-9
30
-19
69
26
-32
23
6
-3
0
-17
-15
18
-64
-54
-29
2
-8
43
46
-24
27
0
-10
16
39
63
28
-15
0
-28
-29
-27
6
-3
46
-18
-45
29
7
60
-66
33
44
-4
30
-18
60
47
9
53
3
28
13
-29
-19
-50
-74
-16
94
-34
-8
-18
62
19
45
-36
-14
-93
-30
-16
-10
-24
21
-65
18
-4
-89
31
-60
14
4
4
23
22
69
-44
30
19
-21
41
21
32
28
-17
5
7
60
-2
-10
-14
20
-37
33
-40
-34
-16
39
53
9
14
-80
23
-9
44
-51
-21
-11
-30
-29
19
-12
-72
-5
-19
10
14
35
36
44
12
-14
21
17
-29
-9
24
-38
40
20
-2
-10
-59
8
-4
50
14
13
-18
35
-24
30
-10
-30
-9
-3
1
19
-5
7
37
20
-26
23
-38
-66
-16
30
-17
35
15
-34
27
-10
-9
-23
9
-70
-11
-85
3
-40
-69
13
30
-46
14
59
-24
-5
35
-36
18
-44
38
13
42
56
32
-48
45
33
12
15
32
30
-52
-50
-19
-56
45
-7
-83
62
-19
-21
-17
-16
7
-62
31
27
-32
43
17
-19
42
-45
16
5
-7
33
39
21
36
-61
-16
-26
19
-4
21
-14
-30
1
-4
55
25
37
-37
-1
17
5
24
54
31
40
32
40
7
2
6
25
-26
-21
20
-42
-20
8
-24
-30
22
12
-23
8
37
-8
49
83
53
0
16
51
-43
19
11
-42
-42
24
7
-43
7
61
-8
14
0
29
54
4
-44
-45
26
22
-41
-14
-13
-6
44
13
-41
-116
-25
-71
-37
-39
21
-42
57
9
6
44
22
59
19
9
-37
-29
44
19
-24
24
41
39
-61
-22
27
-9
47
-1
-18
-34
4
3
53
30
10
33
5
-23
78
21
-10
14
-13
-10
-1
49
-22
-14
13
-5
7
-6
-3
-12
9
39
-15
-92
15
-19
83
31
6
2
26
-18
73
41
95
18
42
-45
-8
-41
-13
14
10
62
21
26
7
-42
20
27
-37
35
29
-34
48
27
67
35
77
20
-57
-5
70
-16
-12
87
-29
50
23
41
24
31
-43
-40
-15
42
12
-10
33
-21
1
3
-19
-13
14
17
-80
-2
-7
-52
-4
-58
-9
19
18
38
-19
-7
8
50
-1
23
-64
-41
-21
-6
-29
21
4
-3
-23
-23
9
-6
23
-103
47
23
-41
30
27
31
-38
-47
-12
-43
-1
-74
-41
41
-2
49
-10
64
-37
8
-5
48
-37
-26
-23
0
3
4
-37
5
-37
-83
-82
7
-33
-1
32
-21
87
20
-24
-10
-24
6
-28
22
-18
12
1
-37
60
-7
-57
91
39
4
-3
-68
-85
8
-16
-12
9
25
6
59
30
-49
55
17
29
-18
-37
48
-53
-17
8
35
17
17
-25
30
-44
39
46
-42
-32
42
33
-14
-52
-37
22
-80
65
-44
8
-42
-26
-38
-16
16
-26
-31
41
29
65
-21
-1
-11
-7
-5
80
18
-25
-7
-18
30
27
-12
-12
-73
36
-13
-29
-38
10
51
-6
54
-1
-1
30
7
13
-30
10
42
-31
12
-56
-71
-17
22
0
-29
0
11
9
4
1
-17
-29
-72
-23
2
-2
-11
-45
-102
3
-6
-26
-42
-12
-28
30
-9
-35
18
-37
26
-12
-20
52
70
-36
47
-7
-28
-1
-12
-40
-20
20
90
18
-5
7
53
3
-56
-17
-27
-3
-25
-64
-26
-20
-5
27
-32
-17
55
29
10
-13
10
40
-31
4
57
-30
2
-52
5
-6
-43
-9
-21
20
12
3
21
-2
4
21
55
87
39
-4
-8
40
-40
-5
-22
-26
-36
36
41
-25
22
8
-12
4
21
34
10
15
48
88
-18
6
10
21
-65
17
54
-37
-10
-22
-41
1
-7
12
44
8
-35
16
-35
-14
-34
3
14
-4
-37
-9
-2
50
24
103
1
-45
-12
3
8
10
6
-45
62
-23
-3
-3
59
-67
8
-8
16
14
-17
33
-31
56
60
1
35
-28
22
15
-18
12
10
-30
-11
4
68
-66
-29
-38
40
7
-58
-9
-30
-29
40
-13
33
-16
35
9
54
48
-21
3
4
56
14
-10
27
18
-56
20
-18
-23
7
9
5
-25
19
-68
-17
-54
3
30
3
-37
34
30
32
-20
-16
35
26
63
23
54
-10
-44
-35
23
10
98
15
-41
13
-27
-43
-88
-17
53
-14
6
-30
-14
18
16
2
14
-9
14
-15
0
31
-48
-24
15
-6
14
-18
-51
-32
-24
25
-49
12
-15
50
18
26
-34
-11
-14
14
5
44
-84
-8
-70
-47
31
-12
-4
-80
21
-34
-41
32
29
18
-44
64
7
-7
38
16
3
-2
-22
-31
-8
-8
-24
-25
28
32
6
-27
-22
-5
63
42
32
13
-51
54
-21
4
2
48
-51
-6
13
18
-41
-38
56
-29
-39
-1
11
19
29
22
22
-50
86
23
-6
51
-6
-8
22
-71
11
-33
-6
-32
34
29
69
83
-48
-100
-49
-12
85
-78
-30
53
64
6
24
-26
3
22
-16
41
-8
63
-33
19
67
26
28
91
-18
-18
32
47
-55
-3
-53
42
19
10
-40
-56
-64
43
16
29
13
40
-48
20
33
12
-4
0
65
19
48
28
-84
-10
39
42
-13
47
-24
43
31
36
-32
-8
35
-57
19
-77
31
-25
14
9
-36
9
-30
-32
62
8
41
71
30
-50
56
7
-34
9
-12
64
48
48
79
83
-21
-22
-65
-71
-41
-31
-50
-51
11
63
46
-17
54
-30
-22
-52
7
-49
16
11
-6
78
29
69
-11
93
7
22
8
32
21
-35
31
-85
-67
68
-17
-34
-94
-45
13
-21
-4
35
-32
-82
-28
-34
-25
-12
2
-24
6
18
-5
-14
60
-9
59
-19
45
17
-2
-26
-78
4
-7
-30
-40
51
-12
-50
24
21
35
2
28
44
-39
3
-35
-55
11
-8
-39
34
45
57
10
24
26
18
65
12
3
-16
11
-31
35
20
58
3
-14
16
-26
39
30
-10
-17
0
-3
6
-23
-6
-33
30
27
-18
18
4
49
9
34
55
16
-13
-50
6
-17
38
13
-21
-33
-23
-48
-18
44
26
-22
-2
28
-23
-20
-16
26
-60
3
-7
18
-47
37
-13
-34
-7
-26
13
25
28
-44
1
59
71
-38
22
26
-47
