42 93 25
0 4
0 30
0 31
1 0
1 13
1 31
1 41
2 20
2 22
3 0
4 22
4 27
4 30
5 4
6 19
8 10
8 13
8 36
9 0
9 19
9 41
10 6
10 22
11 7
11 20
11 21
12 4
12 18
12 22
12 33
14 19
15 35
15 36
15 40
15 41
16 17
16 33
17 32
18 11
18 18
20 38
21 11
21 33
21 41
22 0
22 32
22 41
24 34
25 22
25 39
26 15
26 18
26 21
26 28
27 1
27 16
28 0
28 4
28 18
28 23
29 6
29 17
29 29
30 15
31 0
31 10
31 17
31 41
32 5
33 9
33 18
33 25
33 26
33 30
34 3
34 14
35 9
35 18
35 31
35 34
35 41
36 15
36 17
36 35
37 2
38 12
38 28
38 33
38 34
39 18
40 0
40 6
41 4
16
2
27
14
49
54
11
35
52
0
91
69
41
68
13
21
90
6
31
45
46
24
51
12
81
36
60
26
82
79
47
63
29
28
10
62
1
37
44
30
55
17
42
89
18
33
74
34
92
57
64
88
3
32
65
77
40
43
4
75
5
25
61
83
72
48
67
78
20
59
50
73
56
15
58
86
84
38
85
70
8
66
71
80
53
7
39
19
23
22
87
9
76
31
-6
-17
-7
23
-40
-17
27
10
-4
0
-9
-1
-17
-58
-6
1
-31
-21
13
30
-12
-11
43
8
1
-4
22
27
-6
12
-28
-13
-4
29
-17
-2
1
-30
3
17
37
3
-31
-33
-7
-8
-9
33
12
3
37
38
14
-19
38
-10
-6
-42
3
-13
-1
22
24
19
-3
-8
2
21
0
34
-6
39
-6
7
-17
-33
-7
-12
29
-23
-18
-26
-10
30
23
26
13
-13
-20
-11
28
17
-19
-21
-32
-10
-62
10
-27
-29
35
-11
0
-13
-10
-10
-11
18
-11
-28
-12
26
-1
-29
22
1
-46
-27
-62
18
-12
-51
-24
15
-15
16
15
24
-8
31
4
32
-8
5
-8
-29
-5
6
-22
-21
-31
-1
-20
-19
37
-2
4
-25
27
-10
22
-24
-23
4
6
-30
-11
5
41
-19
-7
-22
24
6
-36
-4
9
-4
36
50
-3
28
0
6
10
-41
36
14
30
73
-13
2
-16
22
-3
-51
-8
-36
2
4
5
-37
-21
-14
-48
-15
25
25
32
23
-5
30
-1
-23
1
-21
-28
-9
-3
9
4
-20
23
0
-30
3
2
25
-17
-38
-10
17
31
-48
-22
33
-11
-7
-45
-3
-7
-1
-7
38
0
-33
-17
-24
-3
-2
-26
-15
-22
-9
34
22
29
-35
32
9
23
1
-23
-34
-16
8
-42
0
15
17
-1
-33
-1
10
-14
-27
-15
47
10
-15
8
23
-18
-10
19
2
17
-22
-28
7
-64
-24
-20
38
-22
3
6
-24
-4
-9
-3
-34
15
-6
-29
-24
14
-6
28
-44
15
-23
0
-32
-15
-33
34
-13
17
13
-37
2
43
-28
13
-29
17
67
-46
77
-21
-27
-13
-38
-7
23
28
-5
12
30
14
-23
-6
13
18
-7
-58
-11
7
46
35
25
39
-14
0
-21
0
33
-57
16
-25
-21
-82
2
43
24
10
1
-30
-62
-33
-18
-20
-20
2
-33
-3
-12
-3
3
-18
10
-45
1
-31
15
31
-18
13
-26
-24
-5
9
55
36
24
5
-57
2
16
-25
7
-33
7
0
-4
9
-61
16
18
31
13
20
15
-13
10
32
9
4
-24
33
1
28
-39
-7
21
16
8
-4
42
57
29
-20
20
-12
-10
-1
-15
13
-19
32
16
-10
-24
-13
-44
-15
-15
-7
5
22
50
-5
8
4
27
-3
-7
-5
-18
-41
17
53
-12
-21
-10
-15
3
-35
-16
-16
-17
-57
15
20
-8
3
-7
37
-5
10
-21
36
-1
56
-20
7
-9
-25
10
-9
15
-43
30
0
-37
-11
-16
-10
9
-48
31
-26
-40
-36
42
13
-11
-31
-35
7
-60
18
33
14
3
57
6
-3
16
-3
12
28
26
-16
1
-27
9
-16
-18
-14
-32
-1
4
45
-57
15
-47
5
-12
-2
-24
23
-2
31
28
-9
-21
-8
-35
-2
-21
45
-32
35
0
-46
-42
-36
-20
22
-16
-1
-20
28
-28
-27
-14
-60
43
4
9
6
13
14
-11
-45
-28
-46
-40
24
-36
19
-11
33
17
31
-17
23
-6
12
13
16
2
-29
28
22
32
4
-5
9
6
-20
21
-21
36
3
-5
-17
-18
55
-12
8
-22
-26
-20
23
-7
-35
-19
17
6
-24
-20
23
-25
25
12
3
50
12
28
-6
-7
-16
-32
-4
-30
-16
26
-3
-12
-26
8
-45
-7
8
45
13
9
16
-15
-41
-8
-6
-7
-29
16
20
-47
20
13
7
-46
7
30
-4
21
11
14
39
-4
-14
-6
-51
16
-48
62
-8
-8
-26
20
-11
-66
23
-20
31
-8
-38
5
11
5
-7
38
20
-43
0
46
22
-15
-21
8
7
-10
-2
18
20
-8
14
-30
-26
-64
-43
19
8
-38
15
19
22
-25
-15
-40
-39
34
-39
28
-7
-3
24
-45
6
6
11
23
15
18
31
-5
12
14
39
-24
-56
-6
-14
-24
32
19
-8
-63
-41
-23
7
19
-5
16
13
9
24
25
2
-27
14
30
57
-23
-12
40
-32
-8
42
-11
-17
9
3
24
31
-27
18
17
-1
26
19
-21
10
37
-16
6
-36
1
-15
-13
-17
20
-34
22
-30
-9
-9
6
-9
-8
16
-29
3
24
-35
69
4
-73
-19
1
7
14
-19
10
-49
-5
-10
34
-5
-4
46
19
10
-29
-24
-10
35
21
-55
4
6
-31
8
33
-13
-17
29
-2
25
-39
9
-22
-4
6
-1
4
45
-10
-6
7
-40
-11
-32
-24
-22
-10
7
-3
6
-1
31
-4
-14
-8
54
-54
-50
-16
5
-33
10
65
37
-11
-10
-1
6
-48
6
0
-16
-45
-13
24
-25
17
41
23
33
-23
19
42
-5
-17
0
5
-34
-6
-18
34
-6
-10
1
-40
-19
-19
-77
-42
-23
-30
-5
38
-3
-14
-2
-21
-13
-10
7
-42
18
-13
34
-20
38
-30
-31
-6
-9
20
-18
14
-2
-14
8
-60
-9
-20
-19
61
-22
-84
-15
18
-76
-54
9
33
-48
-24
-40
2
19
-15
-25
45
1
-19
13
-19
35
13
0
15
-20
-32
-46
-18
5
13
0
0
-24
22
-2
-20
22
-14
25
-6
-6
-25
-26
21
32
25
14
-14
-31
27
32
5
-22
-25
-9
34
-41
49
56
11
-46
6
14
16
31
-12
1
9
-53
-6
17
-41
9
4
-24
-35
-32
48
23
16
23
-12
-7
36
-28
5
-3
7
22
-7
29
-28
5
27
11
14
26
11
22
41
9
11
0
-1
4
-1
22
-63
-30
-16
-19
-8
7
-22
15
-18
31
-2
9
2
-8
0
17
39
4
-19
-10
15
56
-40
21
-9
-4
0
-67
-37
-7
-11
-20
3
32
-3
-14
-1
-53
21
12
-4
-7
25
34
22
-9
-16
-15
-20
12
-15
-6
22
30
-19
-3
-8
12
-15
-5
11
9
29
36
12
2
19
32
-8
-5
3
6
36
-3
1
6
20
-23
22
-28
16
-11
9
20
-24
6
-32
37
10
-3
-3
16
27
31
41
-42
1
-24
26
-24
27
14
-5
61
-31
27
33
-8
51
-10
19
-17
27
14
-30
-36
1
-26
-14
-14
-12
-14
-24
-27
3
-56
26
16
23
-14
-25
31
-21
-30
7
-11
8
-12
0
-6
-16
12
44
-13
67
33
-18
-4
3
-24
-45
-3
-2
49
10
8
-15
23
29
-18
-1
44
-28
51
4
24
-3
-30
-10
-9
14
1
-6
-17
12
-20
-49
-4
-32
20
35
4
-13
13
30
19
-18
-36
12
20
15
-56
-67
28
-8
-9
-75
-47
7
31
-14
-1
-52
-36
58
73
-26
-55
-35
-17
-18
0
37
21
16
-3
-5
-53
-41
40
-4
8
-36
-8
5
-2
20
-18
-24
35
7
-13
-28
4
19
11
-8
-25
20
-3
-5
43
8
23
28
-9
25
-51
-38
28
4
-35
-27
8
29
-21
10
0
2
-9
8
-23
-18
16
1
-52
-35
26
-33
18
-21
0
-3
-2
-18
-3
-15
-4
0
-20
-24
35
32
22
11
-15
-23
-21
1
-6
5
-46
-41
18
6
-5
24
0
-17
-4
-50
48
-1
-31
-34
47
3
15
-20
-19
19
-33
-4
37
-21
-30
31
-29
-24
3
11
-31
-56
-7
26
-9
43
16
7
-22
18
29
-34
-8
41
7
-45
10
6
11
-40
-11
-40
10
-4
-15
0
-31
7
25
-5
4
0
14
-2
21
-32
35
29
-23
-4
24
74
-25
-15
-3
5
-53
-22
39
9
54
-10
-22
-7
-22
-57
11
-23
23
5
39
9
30
-25
19
21
1
-8
-13
33
21
4
45
20
-9
16
-10
-12
2
-15
-7
6
-25
14
-1
5
9
38
2
14
-48
7
-46
6
43
-17
3
-44
-10
7
13
18
6
-2
14
38
-7
11
11
4
19
-1
17
-8
-17
-7
58
-5
-14
-20
17
12
-4
-29
-14
-17
40
-42
55
13
-30
-19
44
-3
-25
-12
-13
59
-11
48
33
-30
-1
1
-17
25
-5
-28
-6
18
-15
-22
38
6
-44
32
7
48
32
11
-16
-10
28
6
-22
36
40
36
-8
13
-9
-17
0
9
7
26
13
-14
-12
59
-8
-35
-39
-22
-30
24
-9
-10
-28
13
27
-17
3
-3
-7
17
-17
-5
47
30
-7
43
-25
11
25
-37
-20
9
13
44
18
-27
-17
39
14
-6
8
-41
-67
18
-3
9
20
-14
20
-15
5
5
27
6
-35
-44
-36
49
32
22
-15
13
-7
49
-16
-1
-35
2
-3
20
26
-34
4
-1
16
3
-35
-12
-16
12
-5
23
15
9
-4
50
-11
11
-17
-18
-3
-22
2
-2
-52
-34
40
-16
35
32
-10
23
8
5
-29
9
9
32
42
24
22
-18
64
-4
28
38
-7
2
6
0
33
21
-24
11
-32
6
8
-7
12
6
-30
15
29
8
-6
-20
55
-22
39
-11
9
-33
4
13
8
48
-30
-21
-52
32
6
-47
9
7
23
1
-4
-11
-6
17
-41
-11
33
-22
-16
34
41
-27
-17
-17
14
19
-17
23
-37
-30
5
-7
3
-7
14
-6
-25
-5
38
-9
-2
-32
16
-8
13
-15
0
18
0
24
-15
-8
-13
47
31
-17
-10
-49
-1
4
22
-17
-2
7
-25
2
12
36
-12
-1
9
-9
-22
30
37
-34
-22
12
-52
-35
-55
3
16
-7
9
2
13
11
5
16
7
-11
-31
18
45
-24
-4
1
2
6
-19
7
34
29
-31
18
-9
-51
-36
-30
6
-5
8
2
2
-13
25
23
-20
23
12
48
-29
-7
-11
-57
0
-25
27
-71
-32
27
3
-18
2
9
22
-17
40
-1
10
-41
40
38
15
3
16
28
0
-26
-1
44
-12
20
28
2
-41
20
0
-41
-8
-40
1
47
29
40
-23
13
-14
18
-9
-28
-5
21
17
-13
-1
-125
-25
20
-23
-13
-7
9
-38
-1
30
-11
7
-6
-16
1
-35
17
17
-3
3
19
-7
26
15
-15
18
-6
7
10
-52
45
21
-24
-45
-3
9
6
-26
45
-56
1
26
-21
-46
-39
-43
-5
13
6
51
-30
21
-15
-51
11
-25
1
35
-22
9
-10
-42
1
-1
7
-2
5
40
42
22
-14
-55
-10
75
-10
57
-17
23
-1
27
-30
8
-4
-6
-5
-9
22
-9
-28
16
-9
11
-12
19
-30
22
16
-31
-32
-18
-9
35
27
6
23
-33
-15
1
-10
-10
-19
6
20
-1
6
1
-1
-12
27
45
11
-27
64
-30
0
-32
45
-6
-4
25
13
23
-46
5
13
50
-25
-38
-22
-19
1
5
-16
21
-13
37
3
16
-6
-18
-36
24
-15
8
0
20
-25
6
-13
27
-19
-9
18
19
34
-7
32
43
29
0
27
-2
-5
3
0
-9
23
1
-28
48
-14
-14
40
-17
-43
-57
2
-13
-23
19
43
8
15
24
3
-5
27
17
-14
-2
-59
-35
-21
22
-7
64
-2
-2
4
44
-5
-49
24
8
-2
-1
-10
17
-5
7
-48
-11
2
6
-51
-34
-23
19
-6
4
36
3
33
-38
-33
16
-13
-36
-38
14
13
13
-35
-2
55
-18
-7
38
-15
49
-16
-8
-21
12
-12
1
56
-36
15
-46
19
-10
34
-3
39
-2
17
19
-14
-7
-43
32
-9
6
6
-28
-27
-3
-13
-32
4
-12
-3
-13
1
22
19
23
-10
44
18
5
-17
1
-1
9
1
-28
7
23
-19
-16
-7
13
19
10
-26
-28
-10
-29
-32
-29
52
51
12
23
-10
34
6
-26
4
0
49
26
8
-63
8
-13
6
-2
-8
-9
4
-32
-20
8
-3
28
-30
51
19
22
54
26
24
6
12
-28
14
-5
0
0
-18
19
7
-21
2
-34
-34
28
2
-36
17
-37
-13
4
3
37
8
10
-21
-4
-16
-42
-23
-9
-20
13
-6
-25
19
-42
38
11
-18
4
-4
9
4
25
-15
-13
34
-2
-8
-62
60
-31
23
-24
-24
39
24
3
-3
-22
19
-16
2
-6
-7
-8
19
-6
0
-31
-36
-3
-25
0
-6
9
-42
25
-13
16
23
31
44
-10
15
41
-9
3
1
6
-24
29
-4
-37
-21
-28
22
-7
19
-7
-28
6
-17
9
-4
0
10
3
-42
-24
0
13
-13
-25
-10
-11
10
26
-16
9
48
-21
0
-3
-12
60
-24
31
-4
-12
-33
-29
10
-35
-35
28
-1
-1
-14
-11
21
-20
-13
-26
-22
-6
-35
-4
-4
-5
-4
-8
-27
40
10
-11
-5
6
-4
-10
14
19
6
31
5
6
-20
19
-65
-19
-18
24
-36
47
-9
-6
3
-14
21
-7
-2
19
-11
-42
13
21
35
-39
-14
20
9
7
-2
-14
-31
-58
15
8
16
14
-14
5
-33
-13
4
6
11
-44
-9
-15
52
37
-23
-29
-1
48
6
-16
25
-25
-25
22
27
-8
8
3
3
-13
-4
-12
23
-19
-6
24
-14
51
20
33
-44
24
-26
-19
1
-14
-41
34
-5
-8
4
-16
-2
-46
-3
-60
-41
-41
-3
47
-7
-5
-14
21
-18
20
0
23
-41
-10
27
-13
-7
-21
8
-24
36
14
-12
-21
9
-9
17
8
1
5
-28
20
-18
0
78
20
-23
38
42
-14
-14
0
-31
-7
11
-23
-12
21
3
-23
2
-11
22
50
38
-49
17
-15
4
35
-16
-1
-4
22
-47
-7
4
-12
22
40
-14
-10
-14
26
-8
7
16
13
1
31
-2
65
24
15
22
-25
-6
4
-29
-32
18
6
15
2
28
-8
-34
-26
-20
9
-11
60
25
-10
26
-72
27
-52
-17
-26
-21
-44
9
-69
-33
2
21
-29
-4
-14
8
3
26
3
-8
12
23
13
19
29
-26
-32
20
-2
30
-38
24
-18
14
-10
0
-9
-36
-14
23
35
-4
36
6
1
38
-1
57
20
-12
-23
1
12
15
20
4
43
-37
26
27
4
-18
-1
-12
34
-12
-8
-28
-16
1
-7
-27
4
-38
-22
25
35
11
-28
-16
8
18
-15
18
42
12
-11
-19
-12
-40
-83
-15
-43
-16
38
15
-42
15
-22
16
34
-31
23
-9
-35
10
1
18
-47
52
-1
36
-19
27
39
9
-46
31
4
-33
-5
-4
-14
25
-32
21
-2
-15
7
-50
-14
6
-8
-4
11
-12
-6
13
-35
16
-10
7
-28
32
11
22
-37
-47
-34
24
-4
7
25
33
28
12
11
-19
27
-1
28
35
-38
0
17
-32
-26
44
10
22
-4
-25
-4
3
-13
8
-25
-18
-17
-65
21
11
-3
65
52
42
18
13
-34
-27
-2
9
1
30
8
-38
-32
56
-21
-6
12
46
-17
0
16
-7
-2
-23
18
-11
14
34
18
3
-32
13
-14
-25
-30
-14
-27
24
-5
17
-6
0
18
-28
28
-29
24
29
-4
-9
9
-53
-11
9
4
-37
16
20
-20
-36
-1
15
-11
10
24
-2
-41
8
42
-19
14
-9
26
25
-2
-10
-20
13
-16
-16
-54
3
63
-33
2
4
-33
-31
-29
19
-7
0
5
17
-14
-16
28
10
10
42
-2
71
-32
0
10
18
-1
20
-15
-8
-18
-28
-7
-3
4
-40
-18
-41
4
-26
-37
-6
17
20
11
-11
15
-33
-85
-12
11
0
-10
25
8
-36
23
-19
2
-2
3
18
-54
-13
-40
45
-22
18
3
-16
22
-20
-12
4
-15
-34
13
47
22
25
19
-42
-6
-13
-26
21
11
-14
0
31
-39
35
-72
31
-57
2
26
-28
13
-19
11
21
8
-17
-7
3
-3
0
-10
10
29
-7
-4
18
33
-21
41
-3
30
-7
-11
-59
-18
-14
1
16
1
-34
14
-8
-20
-5
-14
-13
4
35
-11
-22
-5
46
-57
-8
-24
-16
7
29
37
-14
-9
30
14
41
-22
27
15
-8
-18
7
-44
19
2
48
39
-34
-31
-34
-19
-37
8
-35
-27
-30
25
19
-2
-33
11
17
-20
-9
47
33
23
3
14
3
23
12
26
31
-1
2
24
-24
-23
38
-23
2
-25
-53
-11
-5
34
18
37
-27
8
24
30
-24
20
-9
-23
-28
20
-3
1
25
20
-5
-12
32
28
38
-18
16
-5
-35
2
1
14
7
5
26
-6
13
-6
18
9
-7
17
-15
36
12
-50
30
-15
-42
6
28
-13
13
-8
-45
7
16
-36
-10
3
26
11
23
4
-27
55
4
-30
-8
-30
-4
3
-7
11
15
-6
-2
-24
13
11
-38
13
25
2
67
-3
47
10
-19
12
-7
12
10
22
17
18
-13
-5
5
58
40
-1
-20
22
-39
-15
49
-3
-6
25
15
-6
-10
4
-5
-11
-7
38
-7
13
-11
-34
-15
-39
41
-40
-21
-33
-28
15
11
-35
49
-2
7
-9
-20
23
17
-2
22
-1
36
20
13
-48
-21
-5
23
18
-10
6
-32
7
10
38
42
11
-39
30
-18
8
9
-5
27
-4
24
-5
-3
5
75
-20
-17
9
47
-29
14
-4
4
3
0
-4
55
-23
28
-16
15
-21
-34
-24
3
-33
-24
2
19
-27
17
-9
-26
53
12
25
63
13
-18
46
0
2
24
-18
2
-11
3
-4
-41
13
21
14
-1
58
-51
27
17
5
-50
-30
43
1
40
-15
25
-19
42
-28
-6
-1
2
-26
-2
-60
-5
37
26
25
15
1
14
1
55
25
6
20
-11
14
10
-17
25
47
1
-22
13
4
15
-4
-35
-25
3
-9
-3
-16
10
8
1
-67
-7
-9
14
3
-61
9
-16
3
-21
-8
21
27
-52
-29
-18
-22
-15
30
-23
16
15
-13
-22
14
12
40
-18
-7
36
-11
-34
15
-17
-17
-28
21
-41
-41
-27
32
-6
-10
4
-59
-26
-56
13
-43
0
1
-13
-19
-3
26
-2
-6
-10
-18
-31
19
-7
-19
19
25
-30
-40
5
38
-49
15
48
1
8
-3
14
-4
-30
19
34
13
31
-6
-26
-13
2
-18
39
-18
20
-6
38
14
26
-26
46
-9
-16
-23
-49
11
36
5
-12
6
27
-18
2
41
5
17
-12
6
-17
-28
-5
40
-19
-6
6
-8
-38
6
35
-1
-9
3
-2
9
24
-42
-42
-13
15
38
-29
18
11
2
6
3
26
-49
15
-1
-35
29
-6
-22
15
-57
-21
-19
-10
-35
-10
23
13
69
-3
8
2
54
13
-11
35
25
0
-58
2
-24
-16
23
16
-23
-16
-10
36
-34
9
-38
-4
-2
-16
23
0
-43
-10
-29
6
43
-6
7
7
-32
0
-35
-44
-11
-13
21
-3
2
-24
34
-31
8
7
-22
-32
-5
3
3
39
-15
25
11
-15
14
-14
2
-12
57
25
-19
15
7
-42
-79
-4
33
-5
15
61
20
46
-22
-49
59
5
19
-8
-39
8
-28
-1
15
-27
26
-3
41
-2
28
12
0
10
7
8
46
-22
26
-8
11
-54
26
39
5
11
35
2
-19
10
-10
-13
-16
33
-27
-1
20
12
17
-10
9
-30
41
-46
11
-5
-17
10
-8
29
29
53
29
21
20
11
-16
3
-20
-33
-14
12
2
-26
49
-9
-12
8
67
49
5
5
6
32
44
12
28
7
-13
-25
14
1
20
-63
40
12
30
2
0
-17
-68
-48
13
-55
-1
-31
19
19
-1
-87
-15
22
35
29
32
-6
21
-10
4
-9
26
20
-17
-35
46
25
24
47
36
13
39
-42
-5
-7
18
11
1
-20
25
-3
-28
-61
27
-7
65
-40
-4
6
18
20
13
-2
2
-30
-11
2
6
-23
-10
50
-51
-5
-17
2
-46
-24
-35
-19
3
-9
-21
-58
-29
-19
-15
15
-3
18
9
-24
54
-37
-17
-18
-26
-4
28
0
16
-21
-48
18
6
33
-36
41
-7
5
-46
7
-43
-19
24
-7
6
27
-12
-20
1
11
21
-16
-40
-19
-21
-47
4
2
-6
-7
20
-2
37
-26
4
21
-24
-34
11
-11
64
-30
-40
-6
-17
-25
-44
23
-24
37
43
-2
-21
-3
-27
10
-33
-10
-15
-44
23
-18
-19
12
13
63
19
12
30
-40
-26
-5
-16
-34
-55
21
-8
10
5
-23
-21
-20
7
-5
25
7
7
24
38
8
-9
-21
-29
-22
1
13
30
-27
20
-18
0
-29
41
34
-7
-40
-11
-15
14
-29
16
-30
-22
-13
-6
20
-44
-37
-54
14
16
18
8
6
-14
78
36
26
-26
8
-22
-15
-2
-45
-23
-26
-3
-3
-23
-27
-47
5
34
31
-1
-13
30
-31
6
17
-1
16
-14
7
18
3
-50
-9
37
-30
32
-16
34
6
13
-13
-35
19
14
7
16
15
5
9
26
27
1
36
-38
-22
15
53
53
-20
-17
-2
-17
-16
-1
11
22
-45
17
13
34
-1
-20
34
19
38
29
46
-36
28
-2
25
27
22
-15
-15
34
1
-2
7
-43
-44
3
18
-24
16
-1
-31
-18
52
35
-16
-14
-26
-23
-14
0
4
28
-44
13
-7
-44
20
23
-25
-30
33
-26
31
-40
10
-26
-10
14
53
3
-4
-1
1
-21
1
3
51
11
-69
5
14
-31
-16
-25
25
36
46
28
-17
-39
44
-25
-23
-14
-11
4
1
36
11
20
4
-6
-2
-27
45
-53
57
28
2
-7
10
4
34
15
-32
10
-24
-7
-27
1
1
1
4
16
22
1
-14
65
-43
33
13
-39
-10
-9
-18
-42
-52
25
-22
5
-18
20
33
31
-33
-2
22
16
22
-44
1
7
8
-30
7
28
35
28
-2
-5
14
29
-27
-24
18
-7
-2
-1
-5
48
-12
2
9
3
-32
23
18
6
17
0
20
-12
44
39
1
36
-36
19
-3
-19
10
1
-31
6
3
-22
-20
36
-13
-18
-13
21
-1
8
-19
37
-28
70
-18
10
-32
7
53
34
-25
-23
14
-13
33
23
30
-10
24
15
25
-25
-29
-9
0
22
33
-24
19
1
-11
-14
3
45
-2
-17
-1
32
-15
15
6
-4
-22
-23
12
33
-43
-24
-3
6
-15
-18
38
27
-41
2
56
-18
31
-18
-7
-56
-35
-48
-32
8
-18
-2
-24
20
3
20
-23
-54
14
-25
1
-4
-34
-29
-2
-17
-54
-4
0
-5
28
3
14
-8
-1
9
-54
-7
-15
9
11
-5
-12
20
-3
4
-31
-41
7
-47
-3
37
-14
-37
28
8
2
-35
0
-9
-8
19
-24
-15
-8
-20
-7
69
20
8
18
-35
56
-5
7
-2
-10
-10
27
-3
30
26
-14
-11
-7
-11
-82
36
-26
-30
18
-30
21
25
19
9
-42
-3
7
7
-23
-10
19
32
-16
19
-11
4
-13
-14
-22
29
27
55
0
-15
-8
36
10
18
1
19
10
19
-1
-10
38
21
34
-22
-13
23
-1
-18
17
-4
4
-3
73
10
-20
-46
32
26
0
1
22
-23
-25
-6
-5
-21
6
-2
6
-7
16
51
22
4
3
-11
21
15
25
11
1
-47
3
5
1
-4
23
-16
-16
-18
-36
-13
-9
18
14
-40
-19
33
17
20
9
-5
18
-16
-33
19
8
42
-45
8
7
-4
48
-54
22
4
-25
-22
23
-18
-11
-10
-5
16
-21
-11
-37
-9
40
-14
0
33
-18
-15
-17
0
31
-9
-8
-23
27
55
32
23
9
16
-34
34
-17
19
-6
-19
36
8
-20
-11
28
15
-13
6
-27
-1
-35
7
22
35
30
28
-4
1
21
16
-1
3
3
-18
-25
13
-5
63
38
25
-12
-11
3
6
-42
20
-15
7
31
37
3
-54
-11
-19
19
10
-32
11
-8
0
-22
34
8
-11
-11
64
-6
-43
40
-4
-43
-30
-20
47
10
-18
6
-18
-65
16
-37
14
-9
-27
30
-5
-4
2
-37
-17
9
30
47
15
-22
-43
-21
-5
-5
14
-9
12
-13
-38
-8
11
9
-46
7
26
-15
39
-29
40
53
20
-5
-11
25
3
3
-10
1
-4
24
35
-9
-7
17
-5
-28
3
-23
17
14
23
-8
-4
-13
-40
-37
-13
-6
-10
30
16
-24
1
-16
-52
5
-10
-49
-35
-12
1
2
-4
-16
-65
-32
18
-1
-13
-3
-17
-33
-17
-1
4
26
-51
36
-7
-2
33
10
-26
-11
-16
22
37
29
-69
-27
-1
-1
-37
-5
2
-18
-30
15
18
-33
33
-57
36
34
-6
44
15
8
-41
2
11
-5
-20
21
-38
0
-40
14
0
-1
-4
-21
-35
16
-20
-12
17
8
58
21
9
31
16
9
-25
11
-5
12
-54
3
7
9
-2
19
4
-41
39
-2
3
8
23
-19
32
-29
17
-27
48
-42
52
19
-24
-22
10
13
20
-2
-13
7
-4
-26
28
-14
3
12
20
-4
57
3
-8
14
-24
-34
-33
28
29
-9
29
-24
44
13
11
25
-25
3
53
-41
17
-18
-7
-18
13
9
-19
-37
-29
24
46
-15
-18
87
20
37
-41
8
4
-31
15
-8
8
27
-4
79
2
27
-28
26
-14
-23
3
-25
4
-15
41
14
24
7
21
-19
-12
9
-25
32
-14
-24
22
2
10
3
-20
16
20
-20
1
9
-7
4
21
0
40
-18
51
28
34
15
12
1
22
18
17
1
0
-18
16
6
-45
-12
-36
12
2
-16
-15
-30
-9
4
17
23
12
11
3
21
-29
-1
17
5
13
-5
-30
-18
23
1
5
-28
33
-18
-12
-21
16
-5
10
-12
16
-35
21
-2
-20
-16
-5
-2
-19
5
-6
-42
-5
-1
9
-29
-7
32
-10
-34
-14
9
-48
-22
-27
50
-48
-12
-10
33
-1
-2
-11
2
3
-6
6
-6
-22
-2
10
-10
-7
27
2
-2
-47
18
1
20
0
-7
-47
6
-2
46
49
-17
41
-21
18
-30
-10
13
-20
-10
6
36
11
14
-21
14
-14
-9
8
28
29
-23
34
-3
10
19
-10
24
39
38
-22
-10
13
35
-49
10
-35
37
3
-21
-10
16
15
9
30
-33
23
-16
-34
12
32
11
14
-44
4
31
-37
-9
27
24
-12
-54
18
-12
-16
-9
10
-11
31
34
3
-16
-38
23
20
47
-45
37
-40
-6
-2
-8
-6
6
14
22
-17
-3
20
-33
-31
15
2
7
-16
14
-15
32
-21
28
8
-16
-8
-14
6
6
9
38
-32
23
-11
-8
-29
-10
-12
6
-3
17
-48
-7
3
-10
35
34
-28
-14
14
8
-25
13
-4
-38
17
-15
-31
-9
26
5
-24
24
-11
-8
-9
9
1
-32
-19
17
12
-3
-28
0
-36
-36
-6
-9
-10
-11
4
-19
21
4
61
-36
-4
50
-4
-24
-1
-16
33
54
-30
3
-2
30
18
0
18
36
-8
28
-12
-33
25
36
-8
-42
-18
-31
22
5
2
-6
1
-57
18
-6
4
-7
-39
10
-12
-27
-39
9
-22
10
11
3
-18
-14
-16
20
61
15
-21
22
-5
1
-6
12
-10
3
8
-22
33
11
-1
-10
20
-31
-24
5
-18
2
12
1
21
-17
-6
-5
52
-44
-8
15
-8
33
-9
-4
37
-14
1
-12
13
-64
14
-30
3
17
-8
-18
-34
-13
-11
54
-12
43
-10
46
-29
14
-12
-74
3
-8
64
18
-9
-17
-11
-4
18
29
15
7
-41
14
3
-4
-11
-39
35
-23
15
-20
-11
25
0
-5
25
-28
-23
47
-8
-29
2
-1
28
-2
11
14
-38
-15
-2
-24
-41
-3
-6
-3
-21
-1
18
-2
-6
30
-2
-24
-30
14
-26
0
13
-3
3
-15
-12
-11
-17
-41
-32
-18
33
-15
24
12
1
25
27
-17
0
20
4
-18
9
22
-28
13
19
39
23
17
-10
-36
28
-23
11
-49
16
8
-11
53
7
-36
-6
14
-22
-11
-3
-22
57
9
-4
37
-4
6
-42
-6
9
1
24
-27
4
-7
-22
18
-38
19
-17
-9
12
0
19
-12
-21
7
-18
-21
8
48
2
-26
-4
18
20
-3
-30
19
-1
49
17
4
13
-15
-11
15
4
14
-23
-4
-38
17
39
13
8
39
-9
11
-11
6
25
-10
17
19
8
47
-40
8
-36
19
-21
12
40
-3
45
-33
-5
-47
21
-10
6
27
16
42
-36
24
4
29
14
11
28
22
44
-10
-38
11
31
-12
10
-36
-5
-2
22
-40
1
60
-61
-16
4
-5
9
-48
-19
16
0
-2
10
29
-20
16
-5
-5
-4
3
32
2
26
35
23
37
45
-37
-15
18
1
9
-17
-47
26
-23
15
-25
22
25
34
-14
45
-1
12
10
-31
-48
-55
-24
7
37
26
23
27
6
-7
1
43
-24
-20
21
6
-21
-67
7
-25
41
-10
-5
17
-9
-8
-10
-2
4
22
32
-47
-13
21
-2
7
-18
-32
19
-11
13
-11
-53
32
3
-18
17
20
20
-20
30
-29
7
-44
-10
34
22
-15
-28
4
-43
-5
2
7
-42
-36
-3
6
-34
-19
-16
30
-54
-11
1
-38
-16
-20
28
34
-33
24
11
-35
22
-15
-10
23
4
7
-30
12
-18
15
15
-11
27
36
-71
-20
6
35
20
0
-23
-36
-32
-21
-3
23
8
21
14
4
1
-7
-19
-1
18
16
-4
30
-4
-22
-28
1
37
-29
-50
4
-4
-3
-10
24
-5
32
-38
-10
-6
-52
21
15
-7
22
12
16
29
11
-34
18
16
5
1
-63
15
-3
1
22
-37
40
-22
52
-10
11
12
-24
-30
0
8
-22
-1
-15
-14
-15
61
-14
-2
-16
20
-17
38
25
-29
17
-7
-12
39
-5
-16
6
-35
0
-22
-25
-38
45
40
3
-50
15
15
16
-51
54
17
-39
0
29
-28
-1
7
-13
-26
6
-24
-12
28
-8
-35
6
-71
-9
14
-17
-18
5
-14
-34
17
45
-33
60
21
19
5
7
3
11
-14
-26
-27
21
8
-17
-13
25
-51
3
41
13
-18
29
6
3
-11
2
4
-10
23
9
-12
-14
-11
-25
-9
-31
6
34
7
6
48
4
14
-2
-20
45
-26
9
-11
21
25
19
18
50
-26
-29
-3
-3
34
8
26
23
-17
32
43
6
-15
3
-12
-2
-8
12
-8
28
-17
6
21
-32
7
-1
5
-19
-10
19
-8
11
16
-8
-16
5
-33
-3
11
10
6
25
-29
4
-7
14
-44
2
-13
22
3
-10
-4
14
-33
-26
-14
-23
21
-59
12
-12
-1
23
-31
30
17
53
32
13
-10
-24
14
37
1
27
-17
0
-32
31
26
-32
37
17
8
-26
-28
2
-5
29
0
14
-42
-18
45
-3
55
-10
42
34
6
-16
64
-32
5
7
-27
-19
10
19
25
-8
25
-5
31
-56
1
-21
27
24
5
9
49
-38
-6
-37
-48
58
20
-14
-11
1
18
0
6
42
46
22
-1
21
74
-46
48
-13
2
-3
42
14
-18
43
16
1
-9
2
2
-15
12
-22
-60
-3
-10
6
-10
11
-3
27
-22
-17
58
-3
-23
4
18
5
8
12
36
-7
-2
-10
-17
50
47
0
-20
-37
-35
13
-65
0
7
18
9
31
26
18
37
39
29
-6
-12
-19
-43
-38
25
14
28
8
-61
-11
-15
-21
-1
-51
-30
1
-33
-46
64
25
-41
-6
-13
-22
36
-25
-23
-33
-52
2
-10
4
8
-24
5
10
13
-8
-11
2
56
-29
5
26
-7
-16
-10
-3
8
-23
13
11
-7
-5
8
6
15
4
-30
-36
-13
-12
-19
36
-10
13
-17
-9
1
39
37
26
18
49
37
3
35
-19
14
4
-11
11
1
-7
-40
8
21
3
21
-4
35
21
4
7
31
1
-10
-3
14
0
34
21
-18
4
-1
-7
1
-48
19
-21
-20
-1
51
-10
-52
35
-40
-38
-22
-7
12
42
18
24
59
-35
-28
-32
-14
-8
13
-53
27
3
-5
-24
30
9
-45
-28
-38
39
-4
-13
-17
15
-26
-1
-18
15
1
-28
38
-2
16
23
-15
29
9
12
-70
-7
-11
-7
6
-9
24
-24
-9
-3
3
1
28
59
-17
28
23
20
-43
11
35
-4
9
17
4
39
-21
10
-15
65
17
27
26
20
-4
-18
-8
10
24
-28
-3
16
12
-3
23
3
2
-2
-14
5
5
16
34
38
10
3
-17
26
-23
16
-14
9
-33
11
22
46
-1
-42
3
-75
-30
-5
-16
-3
-31
-12
-37
21
-9
35
-17
3
1
-14
28
16
24
-2
22
37
-50
1
56
-34
-73
16
-38
42
13
-5
-53
-13
-12
-29
19
-2
30
15
-14
36
-22
23
-22
-9
9
38
78
-12
-16
54
-2
-5
30
12
1
17
40
-21
17
-34
4
23
-8
51
-1
-35
60
5
1
-38
-23
-8
57
50
27
24
-30
-39
18
32
-4
-6
14
44
3
-28
7
13
-13
-6
44
-20
36
-32
-8
-57
7
20
-38
0
-29
-1
17
-2
25
13
35
6
5
31
18
-22
29
30
58
-15
3
-3
-19
-33
-50
9
-52
17
-19
37
-7
2
-15
0
-11
25
32
-36
-6
-26
0
-21
-42
29
-11
-9
52
8
-15
32
-24
-6
-34
0
20
44
14
-40
57
10
13
19
-21
10
19
6
23
-11
3
-28
11
13
-14
-36
29
4
10
-7
-8
-16
20
-18
-9
-12
20
30
-14
-10
29
-16
12
31
15
17
-17
-20
11
14
-29
-11
19
-33
-3
14
-3
-16
-25
16
19
-13
36
-6
2
-8
1
-44
-18
-9
-23
-18
0
-3
5
-2
21
-29
-20
-17
8
-33
-14
17
8
-25
13
25
-13
21
-39
-18
46
-5
66
10
14
14
24
-23
-1
-14
-14
-20
-10
4
0
-15
7
-28
9
-40
-60
25
-1
-32
39
-16
29
1
-55
23
42
26
15
-43
-12
-7
-25
-28
-52
41
-43
-29
-43
23
-10
-2
20
-21
-13
18
9
-11
-27
-24
-26
-39
-10
35
-19
-29
-17
5
-12
14
42
-8
14
-21
-1
-34
24
-27
2
23
-16
-15
-32
-10
3
-17
-19
11
-37
-21
-21
15
-32
27
-28
3
0
-13
35
-3
-23
23
13
22
-20
3
-9
0
40
-56
-1
38
-8
12
14
-7
8
-15
-6
-17
27
-20
50
-32
-20
-28
-2
-16
-20
21
-13
0
-42
-33
25
4
-25
-9
-17
-12
41
18
16
-4
-9
-19
-33
-10
17
-33
31
9
25
16
-6
15
25
18
-5
-18
-39
-25
30
2
26
21
-17
0
22
56
21
-33
-2
-4
-24
-4
21
5
-8
-10
-26
-3
4
39
15
-11
18
50
-54
-32
-4
7
7
55
-13
16
-42
24
-35
-48
8
15
-30
11
-13
-54
4
7
81
-4
-14
-70
24
-21
-2
-39
21
3
-3
-14
36
33
-12
-52
-17
-11
15
-25
7
-15
5
-8
-11
1
-11
-11
47
6
-19
18
-13
43
-41
19
8
9
-27
7
16
-16
-33
49
32
9
20
12
-3
1
12
-67
8
10
-2
-21
36
-46
-14
15
-11
39
29
-42
39
-21
12
-1
20
-67
-4
16
18
-12
-18
-18
-22
6
5
-7
-27
0
34
17
-16
-10
8
-7
20
42
-27
6
-29
3
-7
2
-1
9
-23
12
-11
-14
9
-2
-24
17
-25
-11
12
-36
-6
5
38
-8
-2
-3
10
46
-25
36
15
25
10
25
-57
-13
-7
-3
18
-5
37
43
8
-31
21
15
23
7
26
31
-12
13
10
1
36
8
12
-18
45
5
-17
-42
12
20
22
-39
-3
4
-9
-7
-4
29
8
-29
27
-19
-13
-58
-59
-7
10
-30
26
14
29
21
31
37
9
32
15
9
13
-13
15
47
-47
24
-9
9
-25
14
29
-32
2
4
-24
12
0
-13
-44
-10
11
17
-7
42
1
-24
41
11
-1
14
-20
-22
45
-14
43
-16
-3
22
-2
-45
-25
-46
-11
-11
-20
20
-19
24
28
13
-8
-35
-50
-23
-47
30
-11
-29
44
-11
43
-11
4
-25
-22
-21
-2
-21
42
17
-15
3
-35
4
5
-6
-21
-29
4
42
1
11
15
9
31
3
-44
-13
0
4
0
-4
22
33
-4
-9
23
39
-34
2
-26
-19
13
49
41
-37
6
0
-15
-39
60
16
11
28
-20
-19
21
34
-2
-6
-26
-14
-14
-13
15
17
28
14
10
-5
-27
76
0
-13
-8
-14
11
-15
8
-21
3
-17
-48
1
-36
-18
44
-31
-24
30
13
20
-35
-20
-28
4
-49
24
-56
-52
20
-21
-39
-3
29
9
24
-34
-5
25
-33
4
0
-14
12
14
-22
-42
21
-6
-23
15
53
8
20
-13
-32
51
-44
49
-8
20
21
23
-20
-1
-4
14
-9
-4
-21
-13
-22
5
-9
-8
-17
-24
-16
-22
-29
-21
35
13
0
-4
8
-42
4
5
7
-12
17
5
-2
57
27
-33
68
14
57
40
37
-3
24
3
-7
-12
5
-6
-6
-18
-20
-53
37
18
-48
31
22
-6
-24
-11
-23
-10
18
30
-26
-19
7
13
33
-1
8
9
1
-9
-22
29
-38
-36
-16
-5
37
-3
0
1
37
42
23
5
-10
4
-4
-2
-23
-38
-15
-30
28
13
25
48
61
19
9
-3
-3
-12
52
37
41
-18
42
1
-1
21
26
5
31
5
2
13
0
9
-1
27
29
45
-58
-22
22
20
30
42
-19
-37
-43
-20
-4
9
-63
-36
-15
-10
-28
14
20
1
-32
28
-5
-23
8
-26
9
-30
26
-16
-13
42
-4
3
-26
33
-16
-18
38
15
-21
-35
-31
-7
4
-25
-26
45
32
-19
14
-14
6
39
-1
44
-9
-22
1
27
-21
8
-43
69
16
8
28
9
-22
-19
22
-14
26
-5
18
12
-7
37
-16
-5
11
8
-36
9
19
-11
-52
-15
25
-15
-9
28
28
-32
3
-16
20
-13
-1
-70
-35
-37
-39
-21
-23
18
3
-42
8
3
12
-24
-24
-4
21
15
27
34
-13
-13
-20
-4
11
40
0
30
19
15
1
-24
43
2
14
-4
-29
-29
-36
28
-66
-7
-9
17
-37
36
18
29
-11
-16
6
-53
19
-14
-5
-12
5
4
-19
11
-9
-10
36
-17
-36
6
30
-12
15
-28
37
-44
-3
-14
20
8
-14
-31
37
-17
38
46
-17
-36
14
27
13
23
-30
-4
43
10
-28
31
20
26
-8
2
44
-10
5
5
13
9
-12
10
-14
-35
-44
-15
-3
-1
64
-36
-3
19
16
-24
28
-8
-28
-28
28
7
-13
-4
-58
-28
4
6
18
-36
49
-13
60
7
-3
9
-1
15
1
-6
-26
5
18
8
-19
24
29
-1
-26
-31
30
15
17
30
-50
34
39
-4
40
23
38
35
17
6
45
-1
-19
-9
41
-11
-8
25
-53
-9
-1
-20
10
-6
-60
-13
-13
26
-14
-14
-33
35
0
2
-14
-12
-31
19
-24
-11
-25
16
-1
42
4
27
39
-23
41
36
-18
-23
50
-46
-4
10
12
9
-16
-22
7
-31
20
16
24
10
1
7
35
10
-24
-9
-30
7
22
28
3
55
44
8
27
27
-31
-56
-7
-48
-37
25
6
-9
30
-42
28
0
-1
-15
16
32
-4
12
-58
22
-13
29
29
10
-2
-24
-4
7
39
15
9
18
-9
-22
12
-29
30
57
66
43
-13
13
24
-24
-36
36
-22
-1
-4
9
38
-13
57
7
25
-16
-13
19
-18
37
-22
2
4
-30
-7
-2
10
-21
-7
22
-1
9
-12
-19
-14
13
-66
17
-5
46
14
20
11
14
14
-67
25
-23
-10
29
12
-17
24
-3
27
14
-14
-15
-3
-18
18
-5
21
-15
28
-18
-32
-31
59
25
20
-16
-10
-28
-43
-11
-16
19
-33
17
-35
62
-21
-15
-5
33
-15
-12
19
-15
18
3
4
20
12
-36
37
11
25
-27
-54
22
-24
2
18
-27
-7
9
-42
65
-13
13
21
-21
9
6
-14
30
-59
-4
28
16
12
-11
-6
-58
-15
10
-20
34
-6
-23
9
-29
-55
-8
33
-36
8
27
-8
-24
-11
23
21
13
5
-33
-1
48
23
-44
0
52
-17
32
-6
-32
35
-55
4
-10
16
55
-1
-25
6
-19
-1
-29
-26
29
-15
-9
-54
16
17
-31
53
-11
42
-5
19
36
9
14
2
7
-19
-4
-30
-15
27
-6
-2
-12
31
-9
-32
-59
13
-8
-9
20
6
3
38
14
-37
-14
16
12
3
39
29
-37
32
-28
12
6
17
29
-4
-31
8
37
22
11
-20
-18
24
32
30
-29
-21
-4
16
-1
9
-2
-13
-2
18
-47
20
-51
4
-28
-13
-49
-20
-17
5
-7
64
23
0
81
-17
-18
-21
28
30
-2
-28
3
-40
2
-58
19
-37
25
-29
-21
0
-32
-3
-21
-12
23
4
-27
-41
-3
-29
-6
28
15
9
11
-58
-30
-17
22
0
-23
15
47
-36
-6
-11
-7
4
-18
-1
-5
-41
10
-23
61
37
2
16
15
-17
12
-14
46
-28
41
-19
-18
0
-56
-5
-52
-13
16
12
-38
-21
22
-13
5
0
31
47
37
7
0
-27
-8
33
31
-26
32
-54
-20
-3
-6
9
10
16
-18
16
8
12
-31
-20
8
7
-8
-31
25
-15
25
30
-19
44
-21
-29
27
-15
-13
25
44
-20
-2
-30
-51
-19
26
-8
-4
-18
-5
18
-1
8
-36
-14
-6
11
-38
-31
28
43
-10
19
25
36
39
15
9
-4
15
-21
-7
-26
-23
33
-4
-12
25
-5
55
31
-6
12
-1
-2
36
51
-5
10
43
18
18
-22
42
9
36
-7
-5
-27
22
3
-5
2
1
-4
-11
3
-54
-12
41
24
-24
2
-32
15
-21
-9
1
-7
12
-5
-18
31
10
-14
16
-17
-15
17
-13
-27
-25
-17
-13
-4
-4
-1
35
-25
-18
-41
32
-51
-12
6
24
-7
-20
-22
77
-7
15
30
-17
-10
-53
32
9
36
-16
-14
25
-48
37
-46
7
9
-33
16
-12
-64
-14
15
-12
5
2
26
5
2
5
8
-35
7
-24
8
-27
20
-59
33
-8
10
-48
-1
18
23
-3
18
-3
34
16
47
13
32
-8
-5
8
25
16
14
19
0
4
-22
-65
38
33
22
0
-1
19
70
-40
-5
-1
-20
39
-16
-23
23
-37
-22
14
-12
32
-18
1
-26
-32
36
-11
-19
11
-24
-8
-39
18
-37
15
23
-6
10
20
0
-41
29
-5
-22
-37
-5
-8
15
12
0
11
-25
31
-26
3
-30
-6
4
-9
-17
28
-19
-69
-22
11
12
14
16
-7
5
-14
32
25
-3
-52
-3
-26
-23
-13
10
2
48
8
-49
-31
13
-12
58
8
-14
-33
-14
2
19
9
30
-30
-27
31
-42
19
-15
-6
-8
19
5
22
-48
-8
41
23
-17
-6
28
1
-11
-5
38
6
-6
-6
-38
9
34
-1
3
-10
10
5
-18
37
-6
16
12
9
15
-9
7
6
-9
-1
-1
-1
-7
37
23
-1
1
17
11
19
-35
-8
-1
7
-29
-13
11
35
-8
30
-1
24
21
-25
36
28
-9
5
-3
-52
36
3
31
-15
18
11
19
-21
28
13
-41
-44
-9
12
-2
2
14
-32
-48
6
48
46
25
0
-8
-16
0
31
2
-10
-6
-6
-31
54
-12
43
13
5
-32
-2
8
3
10
19
6
-1
-16
1
-4
17
-35
30
-18
5
17
-53
-10
34
37
17
0
21
-7
24
-2
22
15
-2
-6
34
-22
-19
-35
20
17
29
4
-14
-5
-23
45
7
-9
0
-8
-20
-37
-40
-22
30
-39
-46
23
29
28
47
-19
30
-9
3
-18
46
-6
0
-2
-11
15
5
41
4
-23
20
-28
-6
-33
22
18
-41
-26
25
5
1
17
9
-16
14
14
22
-3
31
32
-51
31
-31
23
-19
-69
-12
-15
6
-30
23
2
-26
-10
-27
-15
-17
3
25
-66
-10
32
-33
10
-36
11
-6
-9
4
-5
-6
28
11
-23
10
9
-8
10
7
-11
31
-14
-25
14
3
-10
-15
19
24
20
9
-28
-30
24
24
-3
9
9
5
-18
25
-5
8
-10
-39
4
20
-32
-26
1
-7
21
-22
-29
3
11
-32
10
11
7
46
-6
41
-5
-27
-30
52
22
-10
-28
23
50
2
14
26
-40
0
4
-13
40
-39
25
22
17
-4
20
-7
-14
31
14
20
45
0
-8
-6
23
-26
-10
9
-26
-9
8
-1
77
3
8
2
38
-22
-21
25
-13
-30
-5
19
30
-2
-47
-7
35
-18
-19
-4
-20
-3
22
9
-2
1
17
19
-17
-5
17
53
-14
19
71
-11
-28
-8
24
10
-7
21
16
25
-2
-12
21
-32
19
21
5
-50
-26
-30
-31
8
12
49
11
-25
-36
3
-44
5
-13
-43
-16
-22
7
31
10
11
34
-6
-57
25
17
51
-17
65
45
34
-44
24
18
-62
-7
40
-14
15
-2
-9
-2
-20
39
-42
9
19
32
-77
-10
18
4
2
-19
-6
14
-31
-17
-12
-10
-14
24
14
43
10
13
21
-36
22
7
-17
-12
-56
23
-20
43
18
-46
37
18
-18
-10
10
-49
-3
19
-6
2
-17
37
13
49
-21
7
16
-42
16
-30
3
22
48
-7
36
-28
-54
9
1
-2
-17
28
15
-12
-11
-4
-34
20
14
21
-23
2
-31
3
12
37
46
0
-74
9
9
29
27
-5
-10
26
-9
15
42
-10
-17
28
-19
-1
-22
-1
10
-23
-22
36
-26
1
24
40
-20
3
-9
-23
-3
16
53
-36
1
5
-10
-11
-7
5
1
18
22
-4
-31
15
-14
-13
-5
41
10
18
27
17
29
-7
-69
7
0
-42
-3
-6
3
-13
6
-3
-5
26
-9
6
11
3
-9
16
-11
-25
-9
-42
-12
-46
-3
-1
0
-6
-18
-4
42
-18
-24
-37
24
-58
-36
24
18
1
-18
8
-33
36
-4
-25
19
31
-12
11
10
4
-4
27
-12
-13
13
2
11
-47
-7
30
-25
5
6
13
9
-4
-9
-21
19
30
49
-34
26
32
17
11
24
-7
9
46
-41
-9
11
9
-2
28
20
-17
48
2
-15
-9
-12
-39
-60
-21
36
-15
-15
30
45
-45
-14
-23
46
0
-9
2
43
-58
28
-9
33
28
-49
-9
-23
2
-2
-4
-7
-22
-15
78
-6
25
42
-29
-40
-22
31
-25
27
6
20
16
-6
-13
-39
15
-44
-32
-39
31
7
43
-21
44
-11
25
-19
15
-19
21
-32
-30
-23
31
-12
-14
-2
19
13
18
-5
16
6
-31
27
44
9
3
2
37
6
-13
-29
54
-14
-14
9
20
-16
13
14
16
37
-15
-14
-27
5
65
27
14
8
32
-14
-38
-38
2
38
42
-22
-29
14
7
13
-21
9
12
7
22
18
-42
-13
-11
2
4
12
21
9
23
15
3
0
9
-30
-4
5
-34
-19
-19
-20
2
-71
17
37
-7
3
34
44
-5
-19
33
-70
-6
3
-61
42
3
-2
-7
42
1
28
38
18
2
19
14
40
12
-39
-4
-15
23
-6
-2
31
34
-35
-42
-28
10
56
-68
-22
19
27
6
34
8
48
9
30
7
2
10
2
40
-10
7
-26
-37
17
-8
-5
-14
30
12
-23
25
-58
3
21
-5
8
-24
-54
1
-20
59
6
18
11
23
-41
-7
-28
-36
-10
-44
-34
-13
-36
-46
-47
37
28
27
20
-9
-37
-48
-3
-5
-53
35
10
11
-40
12
-44
32
20
-18
38
24
-22
5
-4
-30
13
0
15
12
-21
-11
23
-40
16
33
49
11
36
43
-20
28
38
11
-42
26
11
17
13
12
-9
35
-17
-4
-22
22
37
-7
29
-36
9
28
-6
2
0
-21
-7
-49
-15
-31
30
-3
-41
2
-7
19
-40
18
-50
-8
28
14
23
-24
-5
9
-6
43
6
21
10
-22
-25
25
-52
-2
23
21
37
-7
2
-1
-33
-31
31
-37
-12
9
-7
-5
-11
-14
-49
-6
3
0
33
-7
11
15
28
25
27
11
3
-19
20
15
-27
-32
8
25
-8
4
5
-3
-35
-45
-17
7
-58
-58
-6
3
0
45
11
-12
6
-26
9
-31
38
-2
10
-25
-20
0
-67
-9
23
-53
-62
11
-10
-2
7
-4
20
-7
-17
18
11
27
28
-8
3
-3
-32
37
-40
21
-18
6
37
-28
-3
-40
-19
28
-29
-5
-7
11
-15
0
2
-8
-43
-4
-7
22
-32
4
10
29
36
-12
-62
5
27
23
-12
19
-25
-15
-18
-42
-29
-14
8
-30
-59
-30
31
27
-4
-1
-2
24
-10
-18
-34
-19
-34
-24
-44
10
-11
-15
0
7
-13
26
33
-49
-30
11
24
3
30
-46
-12
-16
17
-41
-6
-7
37
0
-1
6
-38
19
7
-17
-47
44
-39
-56
28
11
-8
-23
55
-64
48
-26
4
2
3
-28
-12
34
-11
-64
-17
16
-1
-16
-17
34
-3
-1
9
-5
-10
26
-24
-56
-38
50
-20
19
-14
-13
-24
17
-5
3
-14
11
52
9
-7
12
-30
-15
-38
-16
2
4
-3
-14
12
14
-3
-28
11
-9
54
25
27
34
43
1
-6
21
27
-29
-10
18
77
-20
29
8
28
-19
-45
-14
-31
-2
-13
-4
28
-30
15
-9
3
17
-32
29
-27
45
-9
31
-20
9
4
-43
13
1
22
-42
-6
-51
30
12
-2
-7
-6
-22
-15
16
14
-7
-39
23
-12
-15
11
12
46
-10
11
-15
19
-28
17
2
-19
9
-1
-20
37
37
-4
-1
28
-17
-35
21
18
12
-6
-36
22
8
24
14
-55
20
-1
-6
-21
-22
-15
-5
3
-31
-22
-30
-18
-1
-4
-12
-28
-32
39
0
-1
-7
-22
-5
12
37
-28
16
2
7
62
16
-25
37
-5
28
11
-38
20
30
-10
-15
-48
-11
-25
-15
16
-48
-13
22
8
0
-4
16
-17
1
-1
-3
45
8
12
-10
-1
17
7
-29
3
20
18
4
17
4
14
13
-7
-18
-24
32
35
-17
-39
5
-13
-3
41
1
-3
-23
-23
11
-35
-63
-33
-45
50
49
58
-18
7
-17
-23
48
28
19
23
10
-8
28
-8
37
-11
-13
-24
-33
-15
-6
-47
-26
45
19
-20
-13
-5
32
15
16
-4
-8
-20
1
0
35
5
16
3
-7
3
-35
33
-22
24
6
39
23
6
-45
-17
-34
6
-30
22
13
20
15
53
-7
7
40
33
-36
-22
-43
-19
-42
47
25
9
-6
-37
43
18
29
6
-21
10
-36
20
-22
36
-31
-6
5
-3
7
1
-33
28
4
-6
12
-29
26
-42
1
22
-16
-62
-6
-48
-12
16
-23
12
-33
31
-9
-33
-57
-12
-7
15
-22
-25
-31
-2
40
-3
-9
-19
-18
-5
7
10
-18
-6
-12
42
-21
20
-20
-23
15
26
3
-8
12
32
-20
-1
5
16
-52
-6
-2
-21
-47
5
-7
-34
-32
-11
-7
-27
-27
14
20
-18
15
27
30
9
21
-20
51
-35
-37
5
-8
-5
1
-32
21
11
36
-15
10
-10
9
-59
-39
16
-8
15
-2
15
-38
33
-18
-68
4
-13
70
19
13
-31
-52
16
17
19
-2
35
38
-1
12
17
37
-12
28
19
-58
-33
-2
-6
-6
31
4
29
12
-2
50
-7
24
-48
-23
9
7
5
-9
-12
-3
9
25
-45
16
35
9
-20
2
7
-13
-18
-30
14
-19
37
3
-18
1
29
-9
25
-6
-5
29
19
25
16
-8
-10
31
-3
31
18
-17
32
-21
58
-7
-26
38
22
31
-4
-4
30
-36
17
-30
-23
10
-2
4
55
-27
8
18
-25
47
6
-4
-22
-22
21
-20
33
-1
-16
55
-22
-20
-21
34
-6
2
-9
51
-2
0
19
-21
16
17
-2
35
-15
-7
-52
-19
37
4
-27
-15
14
47
-26
-18
17
-8
25
10
-27
34
-36
5
-30
-11
20
-10
0
56
10
6
23
-16
7
-6
42
2
12
10
-24
-17
-14
-16
4
-52
7
11
12
-21
-21
32
10
-33
-15
-28
44
13
-12
17
14
-58
23
-21
-21
21
-1
-9
11
-36
-44
17
46
19
11
30
17
32
51
-2
-9
-4
-8
31
30
10
-18
83
0
-3
32
33
-29
32
32
2
-64
-67
-23
-55
10
24
-2
-17
-33
4
15
51
12
-2
-8
4
-55
34
-17
-32
-32
-4
26
-42
-1
27
11
19
-16
-26
32
0
0
-23
13
-20
-37
-14
-31
15
12
16
-20
-9
5
-4
-48
8
13
3
3
-35
-13
29
52
51
47
-15
-14
27
11
-36
7
-14
-4
7
-14
23
-8
33
4
-17
-4
-41
57
33
-10
-11
-31
26
-47
45
-35
-16
10
-7
35
-34
-27
20
18
-14
-9
20
0
-9
-30
-25
-24
27
-25
15
25
9
-7
-13
7
0
23
30
-9
18
13
-1
-12
39
-11
-3
-61
-44
-33
-1
5
1
39
0
-14
