39 82 81
1 28
1 31
1 33
1 36
3 28
4 19
5 15
5 32
5 34
6 13
6 22
6 37
7 7
7 23
7 25
7 28
8 3
9 17
10 2
10 37
11 1
11 22
11 28
12 7
12 29
12 30
13 14
14 4
14 8
14 15
14 36
15 1
15 2
15 18
15 37
16 1
16 35
17 23
17 30
17 35
18 3
18 21
18 26
19 14
20 4
20 15
21 23
21 30
22 5
22 8
22 21
22 28
23 17
25 8
25 11
25 22
26 0
26 1
26 9
26 22
26 37
27 37
28 3
28 14
29 38
30 2
30 21
31 29
32 21
33 12
33 16
33 17
33 24
35 13
35 22
35 24
35 34
36 3
36 12
36 17
37 7
38 26
34
38
12
81
10
7
24
65
0
31
69
9
45
78
15
36
33
77
37
50
14
20
57
35
8
3
68
43
16
56
74
47
39
49
6
28
67
46
48
25
1
29
30
40
66
76
17
23
32
72
19
75
42
64
51
5
54
55
27
21
61
52
62
2
13
70
59
44
22
79
26
4
53
41
71
18
80
60
11
58
73
63
-96
-46
8
159
30
-73
-144
-46
-87
-1
90
64
80
21
70
-114
45
-7
-100
-93
142
114
-78
-52
-38
4
30
12
68
98
-59
5
70
-9
49
-48
-37
66
141
136
35
-5
-43
28
-9
11
-76
41
19
10
43
-223
-8
-20
-134
-62
-66
90
41
76
-113
-67
-93
227
109
-144
-67
-67
-3
11
69
177
-40
-25
-9
61
82
-46
-125
54
14
-31
-106
42
-20
-79
-239
60
-28
59
-62
134
29
32
-34
117
65
-53
-3
9
-127
-51
-50
-65
-130
15
-102
41
-19
-21
81
-81
31
-169
24
11
-136
0
-38
-52
212
1
-43
-49
109
-55
94
-74
4
-43
65
-47
-67
10
-12
142
62
-70
5
-45
-123
50
-86
17
-123
103
61
50
5
151
-77
-8
73
-133
30
-12
-2
-21
-10
-231
36
-59
82
-71
28
-8
-87
-47
-65
-119
16
-99
91
-38
28
-2
-56
105
-87
-33
-107
120
17
-7
-82
106
-27
-27
13
-27
10
35
45
49
-34
199
-73
71
-99
121
93
-20
-81
-3
80
62
-162
-71
-33
-22
5
23
-50
52
-100
-47
-32
-16
-23
-186
-27
-23
-28
23
-64
-81
94
107
7
23
-1
-31
-57
55
58
104
88
160
52
-49
62
22
52
93
-27
-30
-44
102
-37
25
72
24
-15
-12
-75
72
55
-125
-30
41
58
-25
-124
163
108
-13
-75
-94
97
58
19
25
-22
-52
61
-73
-4
-22
186
-24
-7
-53
-68
-13
-11
20
51
68
21
27
25
-23
41
26
20
182
-7
51
-37
113
-147
98
117
-44
-32
-29
14
131
-145
102
32
28
12
-44
-5
52
88
44
-8
122
112
-30
57
15
76
32
105
-67
-142
-15
-102
-10
79
-13
94
91
-48
101
-147
-90
34
85
-129
1
2
-74
145
73
-84
-78
40
-106
119
-61
-24
-8
145
-3
-5
59
65
64
74
-77
103
-129
-63
-15
63
-14
-48
11
-7
-83
46
-68
63
-79
-153
-32
-20
-152
38
-45
28
-111
-5
22
-44
-7
-19
-6
3
48
-15
7
37
-144
20
83
8
17
-68
-15
46
-10
28
-13
34
-121
-113
-9
5
37
77
-8
-44
96
13
-106
35
-81
-51
74
46
-1
45
14
-96
-21
13
-58
64
-174
-79
-114
-113
-106
-34
45
-155
183
-34
-91
-59
65
-60
5
22
19
113
106
19
-120
78
110
122
32
40
-72
31
-137
150
42
28
27
161
38
139
-48
75
-45
79
51
-18
19
-4
19
-55
155
-76
-87
-7
41
-22
-38
-50
35
-87
-84
-73
15
-13
77
-83
-10
23
51
-90
142
128
-75
26
65
-158
31
260
-25
41
-50
74
-143
-150
47
9
4
73
-18
70
-57
125
16
-169
-25
168
-8
75
-72
-31
70
-17
-14
-124
8
-11
-28
-31
-46
-56
83
-45
-79
34
45
-57
-8
-169
66
76
-53
-126
33
-26
-3
-3
79
-48
78
-112
-189
116
166
126
-46
-112
-21
82
-58
-21
36
100
-24
8
58
30
3
67
18
0
138
54
-75
38
-66
81
-47
-14
-17
100
46
84
-42
-11
-27
5
-51
-20
11
-23
-114
2
-101
21
-35
-61
-83
-51
-6
-10
0
78
111
87
125
12
-46
100
-57
9
-91
-82
-46
-22
-6
6
156
-87
-24
-15
-43
-98
22
2
49
48
-51
-2
-18
59
183
-36
-47
-38
-62
-65
-64
70
-48
17
-89
-33
-109
-112
-47
43
-12
57
28
71
26
72
-7
-33
54
-90
73
-62
-49
-30
-153
-47
-9
-57
-10
78
-19
37
-38
41
-34
161
-207
-13
96
-53
25
-35
-84
24
58
9
-36
78
36
94
-55
-165
-199
-27
-67
-83
-90
0
-314
-31
-53
-44
-125
-135
-81
78
157
-58
11
87
-104
-14
-36
163
100
43
-118
-46
-101
67
14
-60
86
-55
-89
-74
-13
-51
-104
66
-37
66
118
-33
141
-22
-28
-63
-59
-27
-134
98
230
-67
-52
77
-27
23
154
-55
119
-16
55
-133
88
-41
14
-7
47
-44
22
111
25
46
-54
79
-173
69
-6
-51
94
15
-58
-85
-16
230
49
-33
60
11
-5
71
-7
-16
-23
-42
69
20
1
18
141
0
114
15
-70
-44
93
41
4
27
-8
-46
-173
10
-14
-101
54
9
0
-105
39
-5
-19
-141
-2
11
13
22
20
-38
-36
-5
-11
-27
115
18
-190
-51
20
88
-46
19
-49
222
-15
-231
16
76
38
149
-92
-37
-58
33
-203
-95
55
57
-5
56
-93
165
-65
-7
-59
76
127
61
73
37
43
-58
46
39
31
29
24
75
57
43
43
0
6
6
101
-7
-24
-65
-10
94
-50
48
33
-49
9
68
-55
-129
86
40
21
-21
123
-94
64
-33
161
-109
19
30
97
-38
124
75
-3
44
122
54
-114
12
196
159
28
-80
-60
27
23
-182
12
-34
51
-23
39
-106
51
-52
88
-7
-11
108
80
-140
131
-120
-33
51
14
-28
-43
-42
55
-13
-29
110
-100
163
-129
25
-6
48
-1
-184
-99
59
-33
58
11
138
-26
-35
-216
-73
16
71
107
132
44
24
28
5
60
48
-38
48
-30
-76
38
-91
-18
-126
-20
115
-105
-99
60
0
-129
23
21
-5
-52
28
36
-119
54
-1
-101
59
-149
-119
10
-2
36
-80
-46
-76
66
-20
-175
-112
-46
74
101
3
123
-76
-132
91
59
-164
4
-48
-112
23
14
-44
120
-132
-60
136
19
94
19
86
-35
-28
56
109
-133
-65
-108
105
28
4
-4
12
-101
165
4
-59
-48
-47
-27
-98
-46
142
71
-20
-80
96
-145
-44
-103
25
-6
32
-107
73
-102
-235
-89
-15
202
-81
14
-127
114
25
-72
-82
61
67
-82
-4
179
45
-32
-25
-108
-40
162
-173
218
-24
171
-219
0
-41
-77
19
-94
16
24
-5
91
29
3
48
-131
15
-9
-146
20
25
59
-25
2
23
-4
92
-52
-9
-7
-62
-71
151
10
-15
158
63
62
68
-63
45
13
32
-10
14
-3
-40
71
80
-16
-65
-67
46
-7
84
-82
-24
34
92
41
194
32
-78
-20
16
-47
-73
-31
72
4
164
-19
12
128
44
-66
-12
-19
-108
26
29
73
-8
30
-48
-2
-142
40
-81
42
23
54
56
-69
27
-8
-73
43
-115
184
50
97
-54
-6
-33
3
5
-7
58
7
-72
-4
127
4
-58
-3
-2
85
-2
23
-20
-20
142
-10
23
26
1
-72
64
-156
45
-172
-69
-4
99
-107
-122
37
-68
-114
-15
0
21
-126
-19
47
20
30
-13
9
-30
-129
-58
134
-59
-170
-58
-11
-36
82
-50
-129
-77
13
132
97
91
-153
-6
-85
10
-25
-180
-133
72
72
111
89
47
-52
-73
1
-52
58
58
-100
-77
58
80
-81
110
-98
131
20
49
-29
-21
-78
26
-63
152
-19
-131
1
-8
124
-223
37
189
-11
-119
2
16
99
33
187
-85
-168
-30
-70
-49
-107
-18
0
13
-21
-152
164
82
2
54
-99
-73
14
-61
-48
86
-113
-76
137
8
71
62
28
-30
-42
-28
58
-59
135
-2
-29
12
97
-129
112
-100
4
77
-72
118
78
27
99
-67
-83
-116
17
-16
-18
116
-3
-4
-45
66
-114
-52
133
119
59
38
-127
-84
-78
-45
-85
-66
-70
-12
40
-97
36
37
-38
89
81
70
94
-81
-92
8
-4
-132
-60
63
112
-205
-55
-65
-39
63
10
70
-67
-101
-42
-46
64
6
221
-78
5
33
11
-107
1
-37
-24
45
-74
-21
-11
71
26
11
-12
136
-1
70
47
1
-174
-37
-102
-125
-150
11
-67
18
87
36
-40
-41
31
59
-5
-1
-31
113
67
13
-127
20
20
21
-45
-34
8
50
-31
177
67
-25
37
-2
64
55
-163
8
-113
37
84
-8
-7
-76
188
-131
-86
17
-36
101
36
31
-50
-23
48
9
-63
6
148
-20
76
150
-10
-159
-1
68
24
-82
-27
14
81
-99
40
-151
-41
126
68
151
-39
-11
-77
-46
-120
-66
4
-74
94
-46
38
-46
-143
-11
-44
59
-176
-18
-173
145
-18
32
-36
33
-4
38
121
-67
61
-36
50
38
42
-90
-8
33
-41
135
156
-22
77
-11
24
161
-151
9
-18
25
-27
-113
-16
-144
25
58
88
-101
-38
-7
36
-34
-3
-46
-19
-8
-71
-4
154
-26
-77
6
-44
-64
121
162
0
74
109
44
134
58
-96
35
-200
2
-76
90
-61
17
175
38
-152
-18
25
-1
-46
14
-67
-189
-6
-86
-45
-59
-5
-167
-48
-90
-82
-115
101
-58
-38
-28
67
-99
-45
-56
-92
209
43
-65
138
203
-100
42
156
72
133
-3
56
-14
139
-22
-38
28
48
-33
-80
-112
26
-155
-18
-20
123
206
-3
233
52
-63
-34
15
27
-60
18
-11
-43
86
-72
-107
146
114
51
128
75
32
250
43
-47
14
11
-66
30
-40
-24
29
193
-20
-59
-177
-85
116
113
129
-13
-140
9
-55
-58
-3
-54
-73
34
83
84
49
103
-99
-75
52
74
57
-55
-91
-23
28
51
8
69
-39
2
-41
-128
72
101
-80
11
-60
-114
132
144
-3
19
109
52
92
83
-31
-21
41
-21
53
41
61
4
-49
47
-85
1
-99
-31
215
5
-48
60
-100
-34
93
97
-111
-142
6
81
-66
4
-87
-90
-23
12
-166
15
-122
-79
9
-58
12
77
-79
-27
8
25
-33
-62
-73
7
-76
-54
-105
34
17
-97
101
-10
-28
-18
63
93
-89
139
120
12
96
-60
26
2
-21
37
-39
-23
-68
182
7
91
-133
-35
-77
-7
70
45
-82
42
119
-58
169
33
38
-96
-37
61
37
6
46
-143
-194
-85
-5
-71
-60
-33
-11
19
14
63
-90
74
11
48
10
-112
-95
-195
-88
-6
-194
-83
69
61
-81
-37
33
-61
25
-93
149
-80
59
-61
46
-39
-31
-32
83
130
108
3
103
-63
36
-74
-22
-23
-113
-58
-148
-13
-25
-40
-37
91
46
43
-11
42
-11
-69
92
8
83
62
24
-44
-4
102
-120
4
-86
33
50
-5
107
-27
-113
-50
-53
7
-38
27
148
-22
-46
-82
58
-168
-75
-182
-29
-76
52
130
-26
-2
51
12
-227
28
44
117
-89
-1
-54
65
42
113
37
-118
-140
-163
-85
-20
81
82
-203
29
54
189
-53
131
-13
78
-105
-60
-96
120
178
71
-65
72
55
73
49
-65
126
-57
56
-157
-75
15
-7
-45
-54
-66
-53
-108
81
93
99
58
-48
5
-1
130
-38
76
-34
-41
-51
-4
124
-125
-32
-104
-57
152
48
38
5
-142
-10
-107
-68
-86
42
11
30
-3
107
-18
-122
-99
-67
-54
-22
17
27
-52
6
5
3
-96
-3
158
28
38
11
160
-54
41
26
-75
-139
14
33
23
-28
29
94
70
52
2
-120
149
-91
173
65
69
-88
-12
173
166
-46
76
-1
-50
-2
-39
11
-15
-67
58
206
3
-123
-1
65
-39
66
-146
24
39
229
72
98
-14
71
104
-79
-140
135
-83
34
-102
31
107
8
67
125
-8
16
-46
-35
89
-34
9
-3
-33
31
107
-57
-81
23
-53
-52
155
52
59
6
-131
-26
-22
-149
-7
77
-70
15
-38
96
-17
-170
-8
48
35
34
-135
-147
-68
3
-103
-7
-90
78
-93
-77
-7
58
118
-47
-151
-118
58
-64
-70
-32
-85
136
-175
10
-51
53
88
-128
269
0
-114
44
44
-23
-78
56
-99
-61
-69
-75
63
17
-107
-61
-96
-38
-13
6
-100
129
39
-69
-70
25
-53
-20
-70
9
77
-54
85
-87
-194
79
-64
-5
7
31
171
7
21
-36
-45
30
-77
-21
127
-65
108
60
-80
13
-13
14
94
65
-76
71
-9
110
-44
8
-60
-59
49
63
14
-46
-49
-4
203
-11
31
23
26
-119
7
67
92
-63
118
-78
42
-154
-128
-71
38
134
40
56
18
51
111
106
-83
-11
23
106
-11
80
-22
57
-77
9
-15
-94
58
-70
-117
72
-41
175
-151
-24
69
11
-75
-86
25
4
-188
-211
-11
71
66
80
32
21
153
-80
-26
-8
-49
13
-17
28
-109
49
-11
46
87
107
-4
143
-20
-24
152
32
48
-100
-30
-4
67
-14
68
20
-31
57
-28
-18
72
44
164
79
30
115
63
-46
-188
7
-119
-163
-53
-109
137
-102
-274
-51
-148
-47
-36
-17
-151
112
6
-65
29
-87
-120
48
-41
-82
96
-37
-14
-181
76
60
198
-100
22
83
71
-51
-40
-67
-53
-84
28
64
23
88
30
-3
100
13
-24
-19
46
-19
-109
-4
-68
9
23
-77
-129
-94
-22
69
-82
13
24
-9
-39
27
33
53
2
-89
76
-1
74
38
-16
88
39
85
18
60
-45
-1
16
-20
69
88
11
22
75
-2
63
15
26
31
-66
-29
128
50
-10
46
34
-40
112
-84
-19
188
54
55
-63
2
-100
31
-65
119
45
77
-52
-66
-42
115
18
-139
14
-158
-120
-123
6
20
-6
46
-21
-8
-6
-2
-37
-86
-143
-86
167
-29
38
134
-44
-73
43
67
-79
16
-10
28
24
72
-64
-14
13
-34
-126
52
-47
52
59
-31
-127
178
44
39
-13
0
-66
8
51
-145
-78
-64
-85
120
123
4
116
4
-118
124
-18
-4
117
108
4
-24
-78
102
34
-12
78
86
50
-68
-11
-7
45
130
33
-45
2
-66
-151
-42
-38
7
-4
98
-39
-46
132
-162
24
-74
53
46
-99
0
17
7
-149
51
31
155
115
-62
-24
138
-14
-6
-33
-79
-35
43
94
-19
-17
49
46
-74
-60
41
-48
-49
-56
-12
-81
-113
145
-20
178
-152
-55
5
-11
-25
97
-13
15
-98
-65
-23
-153
13
16
43
-60
39
119
-18
-113
77
-10
-22
70
7
109
75
-29
-15
71
-211
-46
0
-188
41
-86
-5
81
28
37
-50
24
36
-134
141
-67
27
-86
-17
133
99
66
96
-6
-61
-45
170
-71
-34
-27
-42
74
93
2
-112
-73
20
52
-92
46
2
-126
-4
-54
1
-7
84
172
-52
46
-75
0
7
27
109
-33
67
-135
29
-39
30
-18
32
13
9
82
75
57
-31
58
166
-81
67
269
-73
170
-69
-133
35
-79
-28
22
2
68
52
37
-21
-33
-153
20
-92
78
26
-118
58
-32
-88
-35
-37
71
123
-66
-67
147
-41
-113
-125
130
58
29
-93
-46
1
-35
-23
-187
-21
15
3
-136
-1
0
-27
-10
-104
193
-18
85
-37
-44
-72
-19
-152
-91
-183
-31
-17
36
-62
36
49
-103
32
-2
41
38
-82
146
77
-135
-2
158
224
162
-18
-70
-48
66
2
1
-20
92
-17
53
38
81
-123
-40
-48
15
-81
40
8
25
-2
71
47
83
-5
-50
-35
73
-5
92
88
9
-141
22
56
-96
-117
79
166
-31
24
-95
50
-40
20
21
232
89
7
25
-122
-43
-236
14
58
-20
-51
67
38
49
82
43
71
6
71
-118
132
143
-8
-32
-135
95
-26
-46
-31
7
-80
96
18
-12
188
191
-93
28
183
118
-79
49
-30
-84
-189
77
-6
49
-105
-137
42
-164
-13
-65
126
-15
23
122
-5
55
-91
-95
4
34
131
87
-54
-102
-110
-73
116
75
-6
47
39
5
25
66
-10
-34
-72
-166
81
91
14
78
-97
55
2
71
-51
-1
22
-22
6
-47
-35
-159
-65
-130
-186
-8
78
92
142
9
-39
39
-81
-89
-1
125
-27
-103
-60
7
30
-46
-56
-138
-56
40
92
81
-68
-93
-11
-14
112
215
89
15
-56
-29
84
47
-77
-118
241
74
227
-138
99
-55
-75
-48
-55
-90
-15
-189
29
83
45
-78
31
-21
68
41
-112
43
-44
-101
5
6
-26
49
-25
22
87
25
-22
119
-114
-43
93
-79
-81
0
106
10
75
15
46
203
42
34
-109
1
-39
-68
14
211
-229
-233
32
175
65
3
88
33
-39
-20
-54
153
5
85
117
-153
-64
50
17
24
181
-108
-9
-154
43
-7
22
15
-76
-202
-63
103
136
47
-4
149
-22
-41
8
-142
9
38
-46
-5
55
-11
23
3
-78
134
-87
-37
45
24
6
-59
-170
-113
2
42
36
-70
99
-61
77
-1
-116
95
-166
-31
32
2
-56
-14
-61
-91
-10
-181
-106
56
-126
182
-35
138
-6
-62
-77
123
12
61
37
-93
35
-30
-34
-32
74
-77
44
-167
-31
65
-41
94
-26
-155
143
49
-119
13
10
-26
-98
52
-4
-28
63
-12
-58
12
-14
-22
-176
-27
-24
-5
-6
3
-114
-42
-28
-83
78
85
7
-21
-85
41
-186
33
46
-17
-111
66
43
62
-167
-68
-90
115
-44
-101
13
7
40
-35
-147
-13
-55
6
-33
51
-93
149
87
-59
-135
110
-127
67
-9
-90
-5
-148
52
-12
15
-63
-28
14
-74
-33
-96
-34
104
116
-72
-19
-19
106
-78
137
-39
-64
-99
44
84
-11
26
89
-66
78
111
-71
-174
30
63
-1
135
-29
53
28
157
-38
59
-9
-164
-173
-99
37
-197
-106
-103
24
-43
-72
-57
-139
-22
-43
-30
110
-51
90
57
-7
-185
-23
-2
20
2
135
82
38
88
0
17
64
-8
-1
65
34
-48
-99
-28
-209
11
14
55
91
-23
-157
80
-159
-32
26
-25
13
3
8
-55
-46
-154
-60
3
-24
73
-27
-9
9
-10
26
7
77
-35
51
-27
-63
-13
47
-41
198
207
-14
96
3
-47
61
-40
91
-104
159
-101
46
-42
70
19
-40
145
61
-158
95
-22
-57
-41
-45
-78
-123
-114
157
-255
105
70
86
51
-58
30
-76
6
-140
-101
-37
77
-16
-14
118
34
-29
-11
-4
-59
36
51
-18
-4
-85
7
164
108
-80
56
-28
-78
-50
-140
-50
45
62
69
10
47
32
149
-69
114
82
34
4
47
36
82
49
-125
-102
38
91
-167
-10
-33
-4
-185
-39
17
-19
-114
10
211
4
-90
90
-23
-59
49
-136
-192
28
-13
76
-90
8
201
-75
78
-18
89
-133
62
-72
15
46
85
-27
-5
205
-112
71
-46
-79
-103
-17
-51
-122
72
79
-53
-97
-81
-26
3
-66
-49
-41
67
-151
-36
-150
74
-69
28
-158
12
-17
105
-9
37
54
31
17
10
-58
68
86
133
8
-86
4
-31
-20
-56
99
-92
-30
-66
31
-31
-82
32
-101
23
74
-33
-57
108
20
-44
25
7
-3
-113
57
-53
37
-6
-260
-42
40
-39
-111
78
-127
-116
37
-84
86
-4
31
-79
-84
-62
-59
11
-8
-6
39
-38
-93
-77
-70
-16
-71
22
12
47
42
5
-65
82
46
147
-30
59
19
25
153
-95
16
85
-29
-10
-6
151
19
37
126
89
-24
17
55
-59
71
3
106
13
-70
83
-41
-115
-13
49
10
-72
-37
32
0
-52
13
94
47
-81
-46
-53
39
41
14
-20
58
-14
20
152
-136
3
46
-55
72
-45
32
-168
32
53
-39
-6
-102
33
21
-32
-23
40
-39
-123
-69
65
-28
49
-106
3
-21
71
-139
148
15
-16
-156
-66
0
-66
-148
111
-60
-198
-140
-33
142
-6
55
47
70
-98
-70
60
85
-42
53
28
-8
-110
-63
113
-125
26
-51
123
-166
-58
-155
73
-7
-116
85
39
162
-32
-217
142
26
92
99
-39
-71
36
101
-57
-217
19
69
84
-154
135
38
51
37
-61
-117
108
-39
91
-15
103
20
-91
-13
30
32
-71
-118
-95
193
-18
15
87
-17
-6
106
76
69
1
-47
-44
-7
-65
-24
-104
57
59
10
-6
-39
-250
6
28
177
-147
-72
-80
70
-67
-130
32
-45
101
-29
-50
-36
7
42
6
-20
-24
93
-56
101
44
166
-58
-54
-95
-9
85
-102
48
-37
-40
54
52
115
-77
34
-48
52
83
-82
135
119
-60
-2
93
87
74
-98
71
97
53
-162
49
-45
-34
37
2
-30
-53
107
74
10
-153
167
123
97
-8
142
-6
-44
-41
-54
70
-31
-20
-163
47
35
14
-123
204
-119
47
-28
104
-133
106
86
-60
-64
-20
4
23
-15
6
32
77
124
27
103
28
-15
-23
-88
31
9
2
33
-91
31
148
6
85
-7
-104
120
-62
67
-85
-74
74
2
204
11
-25
59
79
-8
78
-89
-96
-96
55
136
-6
18
69
50
-125
-113
124
115
-67
104
-59
20
91
8
89
-59
-80
101
-159
-16
9
14
169
81
-5
89
-47
-11
52
36
5
-86
152
-37
45
-92
-81
-44
137
215
-17
-32
-3
27
59
25
-207
-140
-141
-9
-8
109
68
41
-16
175
-53
-33
-37
63
168
-50
43
98
-105
-23
-75
-49
-57
-48
-217
-33
173
-123
68
-187
109
-34
146
27
-11
32
324
-49
-11
-57
-67
-40
23
-93
-155
27
-92
84
-55
41
4
29
113
-27
131
-15
-17
89
-113
-14
-68
122
28
39
-62
-32
123
-43
18
23
-132
84
6
62
10
21
0
97
34
41
35
-38
9
-24
67
68
-26
19
143
27
-104
17
42
-197
123
-87
-135
-52
-55
3
15
-38
-56
13
-19
6
-65
128
16
2
64
92
140
62
-41
44
-3
-36
52
-51
-88
-5
29
-69
-78
-41
-12
59
-11
-131
-220
12
-63
-19
-19
-4
122
-79
-128
-135
46
-81
81
-38
-74
-6
-26
-173
37
-43
26
27
-43
40
7
-67
114
-61
-36
45
78
45
-174
-103
-114
132
75
-52
139
42
154
114
-73
-45
180
-2
115
-123
80
-121
109
172
-86
66
-65
34
-31
-14
-27
128
-1
20
4
-117
89
-180
-35
-140
-60
33
-2
-15
42
124
-52
-59
10
121
-48
-1
33
-8
269
101
183
80
-14
-86
-36
-27
-163
-26
122
-39
-80
-6
-39
37
-45
19
-21
-76
12
59
-120
-126
108
13
53
-83
4
-9
-114
124
-103
-11
-106
-96
-56
-31
5
64
165
59
2
84
11
-29
35
171
182
24
2
-35
60
-30
206
7
-57
-66
17
-73
30
127
-34
-24
-31
-158
0
-2
-54
-61
90
-135
-61
75
-35
9
60
156
-10
117
-46
2
12
46
-18
-103
-34
-117
-31
-84
-31
74
123
37
-10
65
-38
-89
-56
67
-64
-49
29
-67
-36
158
10
-12
1
50
-88
18
90
-10
-153
-32
-26
110
-13
-38
33
14
-142
80
-72
39
84
217
50
-8
-132
-27
-23
-112
-11
186
-24
-99
21
-89
136
43
-123
23
-65
-93
195
-38
-33
-75
36
-37
10
-50
-19
-149
53
39
-32
-5
14
58
-32
73
11
86
-74
-29
45
130
44
-86
32
-32
39
57
3
20
-38
-40
17
72
-47
-79
-32
44
-34
39
-56
-9
32
81
11
-29
-18
-184
64
50
8
95
5
21
26
26
87
93
-88
9
-69
39
-69
70
123
-97
-74
-89
-32
73
50
8
-120
114
24
120
112
-36
-42
-46
-43
-181
-134
-90
-63
78
27
-140
37
-44
-79
-46
27
-35
-40
-78
-12
5
22
-37
-5
113
-106
123
-125
-102
63
5
78
51
-70
-103
70
-111
-106
-61
-7
138
20
-74
254
-21
119
11
48
-2
-7
200
-53
-95
-85
-107
-33
-17
70
55
-86
33
-13
104
73
25
-68
-25
-2
-15
-89
215
20
32
-60
-36
-41
-123
80
-98
-85
-18
140
-124
-56
3
-150
48
28
59
-61
63
47
160
-85
119
90
-149
-104
-88
24
2
55
-225
150
64
122
73
83
-111
66
105
-2
-22
-77
-76
138
61
217
5
-3
168
-8
163
-30
78
-37
-11
50
-162
70
162
61
79
-55
-51
-19
41
139
-73
151
49
-59
-36
-28
20
-82
-15
-64
21
-21
-7
106
31
-6
37
-72
22
-128
-7
-14
109
-100
104
-12
-96
-209
-100
-132
-71
-22
-47
149
0
-27
-74
65
-13
40
-7
83
114
30
-81
-23
5
160
-152
-46
-96
-74
-119
-15
101
56
21
74
-30
90
-25
63
41
22
33
-60
10
80
-40
1
-21
262
-47
-83
-45
110
-88
-51
-16
-16
17
-47
38
-10
-18
-2
-88
48
134
-67
50
-119
89
-34
80
141
203
13
-96
11
-3
-75
144
33
-164
128
16
-87
-3
25
-107
-6
-129
-59
-20
15
-115
-95
42
-161
9
10
119
69
-97
-60
-110
42
-141
89
-46
83
30
-92
-29
-13
-99
-126
-69
191
58
-72
-23
-112
3
52
-83
-23
-11
57
-25
3
-177
-6
-5
189
-125
-170
-13
183
-118
-62
40
72
46
-139
-180
101
-28
-2
-56
28
42
136
87
-54
68
117
-44
-68
116
99
15
-62
-123
143
-37
-207
-68
-145
141
136
7
24
39
-52
59
-26
-6
22
-60
5
-9
-104
93
-40
-81
7
32
69
143
120
2
-54
-55
-6
18
-124
16
-99
-77
-36
68
34
10
95
-10
50
-78
74
21
32
-130
76
114
-49
88
78
-3
-195
178
1
-148
39
46
-87
9
167
-11
2
-6
46
111
-128
20
4
61
12
102
-37
-164
105
-27
-25
-46
-25
83
55
2
106
-76
5
-201
104
-19
2
-25
-79
6
64
129
-54
155
75
190
-14
-118
14
-50
66
30
96
-58
10
-1
14
24
51
-18
-105
72
-53
-96
43
29
-203
45
150
-55
122
9
142
20
60
28
14
58
-35
22
124
156
-81
-141
-82
-34
61
-106
-51
40
125
-6
-94
-2
40
58
97
26
30
121
0
-20
18
49
83
-39
72
114
9
-110
-162
-107
123
-34
37
46
-40
28
33
79
217
126
-54
146
-81
40
-150
-28
-93
151
-124
72
26
17
-74
197
-39
-3
62
-8
73
8
38
28
7
-250
0
19
-6
83
-11
-4
-69
90
128
28
55
-62
18
-64
-36
64
-3
44
3
71
-66
-61
-61
-57
5
-39
0
101
-76
9
61
149
4
-59
-30
-13
61
-37
-61
26
40
103
-91
7
-92
-20
80
194
-18
-73
-30
38
-50
76
5
-52
-27
76
95
153
68
-30
-15
-64
95
2
41
-63
-61
-32
98
94
-46
-9
-21
69
-34
-5
189
108
-27
35
-102
158
-51
18
93
-22
-79
49
59
3
-115
-50
12
-129
-99
-70
-73
-32
-89
72
40
-15
84
-92
-59
-39
17
17
107
-42
7
-38
-76
-36
-64
-189
97
-14
-24
145
-15
-115
101
156
-6
-52
-92
75
-43
-126
88
70
46
-172
-9
203
-79
36
48
-15
-1
-40
-18
87
-49
116
81
4
-1
116
-26
-122
-28
-77
-11
9
100
-42
-142
-107
160
40
103
-24
-59
-163
-43
60
-36
-138
-100
59
-9
-141
28
-30
16
13
168
-55
-92
-17
-141
-15
31
-70
2
-70
-70
79
-199
-88
-39
-42
-67
29
-67
45
-58
9
94
118
-16
57
-81
0
134
-122
8
-43
-179
27
93
-135
83
36
-48
-16
73
-1
-10
21
-62
-82
-28
-47
140
-27
168
29
-79
-66
23
20
-79
17
-4
207
136
205
67
-16
51
-132
-27
17
122
50
-189
125
-1
-59
-64
-53
42
75
-125
140
-49
115
-6
-16
-127
-60
-134
3
-15
0
29
-33
-95
-46
-41
161
40
-134
107
-11
-68
6
55
58
-20
-106
-83
-44
-85
-111
-203
36
-165
-114
44
-52
-39
206
17
-197
129
10
96
64
93
-101
133
-125
25
18
-18
90
64
11
-41
67
-32
-67
125
14
86
74
112
37
62
-65
147
91
-78
-6
-55
71
-61
14
72
151
67
-106
-95
-163
116
131
-107
-65
-49
-121
-68
32
71
-17
38
11
110
71
115
196
56
71
36
-56
-41
105
-9
79
-73
14
80
65
-83
-121
107
61
57
73
58
39
-97
104
20
-43
47
-1
-57
-22
74
29
-35
-127
-63
-85
61
-99
53
49
-17
73
35
2
33
-117
33
-30
-77
-86
19
15
203
105
56
41
77
83
-33
-37
40
77
78
-85
-1
79
46
-224
-17
73
-12
67
-45
30
-43
-51
28
9
89
-145
49
20
-99
-43
-3
-35
7
0
-68
-61
-61
59
-42
13
85
173
40
-60
-76
56
-1
-74
36
-83
9
-76
67
-36
-82
-59
-25
-70
-39
130
100
160
36
6
44
59
-90
116
164
36
149
256
78
16
6
-170
79
-1
-96
-12
10
-51
176
13
85
-5
41
-16
-40
39
-25
-98
-45
59
100
59
63
25
66
114
-90
9
-110
38
-72
84
54
-43
87
-57
162
30
56
-135
154
10
99
-12
-235
-48
-25
-93
-37
27
97
71
81
-142
65
-23
-26
0
41
-13
-25
95
41
45
-96
-28
-34
-133
44
48
-91
-144
-24
-13
-119
-58
-114
92
14
-43
-114
60
70
-45
-138
-36
126
-2
-8
34
-59
61
4
50
13
130
-25
-14
-60
-60
44
155
-34
9
26
40
80
-15
151
7
65
49
57
-29
60
-72
-114
-69
-40
59
-22
134
-71
7
-1
126
63
-16
-3
-78
-54
-10
-9
103
-84
60
-62
-79
-137
-26
-38
-41
26
129
-29
81
-23
81
69
17
99
35
-162
-70
-272
181
131
-219
-8
82
17
53
-208
33
191
19
-42
-200
84
-26
77
-57
11
-209
-60
53
-92
-69
19
0
45
-41
-29
9
-11
-190
-90
58
70
-41
-45
7
42
6
36
-26
101
-22
-113
-110
-139
125
-80
-40
162
64
-77
94
-27
-67
122
77
73
-29
37
-44
76
12
24
121
-79
-40
-79
-40
57
9
4
-79
29
82
84
-22
-45
-63
123
-13
47
5
-3
129
53
102
146
-73
2
16
44
35
129
-33
1
-54
-76
-16
-20
49
-91
-2
-33
208
28
92
-122
33
-148
121
-4
-79
-18
8
-41
54
50
18
-159
-76
-68
159
7
70
78
109
-64
-46
-76
-7
-84
-68
-101
-194
22
-68
18
-11
-111
20
43
32
123
-36
-74
90
60
-17
58
5
15
88
-83
-14
92
20
6
-186
-104
-68
-1
-162
63
-87
-17
-34
-21
-31
-95
-19
-66
116
-168
-8
-42
2
74
-3
38
115
-67
20
23
-46
-183
18
-54
22
-86
18
-16
70
-1
-65
45
115
-23
-103
-45
27
-81
70
-13
-76
-88
31
-60
123
-69
-91
-43
-59
9
-170
-13
12
138
-43
-7
-72
-68
-6
-41
59
97
222
37
-105
96
-57
32
54
-69
-53
-40
-29
100
144
87
111
-31
25
-70
9
-4
25
33
-24
-34
4
59
-94
84
-58
-167
19
44
208
-72
28
-57
63
131
-107
62
-36
45
4
92
-88
-69
88
-48
-48
-42
31
214
57
-155
91
23
135
12
134
27
74
136
35
-39
-41
-129
14
94
24
-24
64
-107
-52
55
-186
-151
4
-12
-59
129
190
13
-73
152
73
-95
100
35
-13
38
-49
-42
113
-72
47
-36
-26
134
69
183
-3
42
-140
-86
-68
-47
62
138
8
-7
134
76
-59
-151
-112
131
-3
-125
-62
-19
-194
40
-56
87
5
-101
-94
0
-60
5
-81
14
11
-120
182
-41
-23
86
40
-124
47
-85
-35
-132
-56
21
-163
37
17
15
154
69
-87
14
53
-91
83
151
-18
-57
62
166
-6
-68
-134
6
-133
35
76
-118
65
19
-7
-102
37
100
91
-78
-120
106
-15
-85
-61
100
3
4
-99
-46
38
83
-58
49
-57
-49
-74
24
-69
-71
-25
5
136
-70
5
22
-64
-74
-70
17
0
30
-67
151
73
52
12
-11
-123
-1
23
55
94
-118
15
-57
74
-73
19
-64
27
-146
64
54
3
-24
1
-85
60
157
-19
16
-13
110
-34
-74
51
70
63
166
71
145
-12
132
35
-12
-21
-8
-105
23
-62
82
2
-20
-85
-4
-22
117
-24
-112
13
-62
47
65
-43
110
-12
103
-5
19
-14
-87
70
-79
-15
5
58
90
-67
-23
-17
-48
105
-76
-186
-10
-54
0
-84
14
-75
-125
145
-25
26
-1
-24
33
21
-33
-16
4
-37
-21
147
-71
132
15
7
142
133
-161
-16
114
-45
-217
-42
-37
-175
73
-169
72
-11
-110
10
-92
-123
9
-46
44
17
22
-145
-100
72
-65
145
48
-133
-50
90
82
126
18
-107
69
-92
-12
4
41
16
51
27
19
-117
17
111
-90
75
22
-9
-40
-168
70
-105
-30
-124
26
-76
-49
-8
65
57
-61
44
-22
-72
-99
114
135
-28
-92
-1
-3
-152
38
268
79
43
-32
86
-20
112
77
-69
33
-46
108
56
-30
17
47
55
-54
-1
-21
192
-53
-61
36
157
25
-2
-23
142
64
-39
29
89
77
-195
80
-158
-44
-43
0
-11
43
-15
100
27
-93
-6
-29
23
-19
-104
23
31
-201
-20
-69
161
-106
2
-44
-116
146
-38
37
6
120
-68
93
67
53
31
-35
77
27
1
-59
83
6
84
-11
-84
29
-6
-21
-140
-68
-25
48
-40
-30
57
66
84
-23
-19
-103
-114
24
-247
2
41
-80
-65
116
16
-81
49
55
102
188
-20
-181
24
133
-22
-80
73
42
93
87
-188
-82
-23
-75
-74
-66
-56
73
-9
-65
61
-40
-148
103
38
-32
77
-135
-20
-34
41
-171
21
87
-68
123
-37
87
-13
63
108
1
86
-73
-43
74
-49
150
-70
147
150
89
-112
66
-48
-56
44
-104
-18
-86
166
46
145
-138
67
171
42
-71
-100
0
63
71
-71
-80
18
115
-67
97
-68
-3
-281
40
-112
127
51
145
-6
-49
-20
-20
-14
104
102
-51
-53
-71
-34
2
-52
-72
-54
-31
207
64
7
-216
-11
-172
17
-124
143
-93
-20
49
-134
93
7
71
-41
21
-50
-28
124
-19
15
1
0
-95
120
59
-39
2
73
1
-23
-52
-24
-139
14
65
63
-97
13
-11
31
-81
-37
79
-138
-64
-3
-136
-63
-177
-38
-121
77
58
137
-104
118
74
-134
-48
135
24
125
-193
128
-9
6
8
-27
60
155
-32
70
17
-70
47
46
124
75
128
95
44
63
-214
12
61
76
-8
64
96
-57
1
20
77
49
28
65
56
38
201
22
31
3
4
-112
-55
-78
58
-78
147
-59
-92
47
5
50
9
-12
-69
-65
-222
39
-5
38
2
128
22
-195
-15
37
-14
-228
-235
-65
51
30
-40
109
66
3
92
-18
24
5
111
19
53
42
9
154
-48
30
-13
58
147
-108
34
19
-121
-46
63
173
-122
-89
-59
58
54
-5
-115
77
92
-177
-79
53
92
17
-63
60
115
28
47
112
15
49
92
116
55
-41
-78
62
41
-21
-65
132
73
57
-80
-46
-103
161
94
47
-83
-28
37
7
-124
-26
150
145
42
-16
138
76
14
48
-95
-100
-103
11
22
62
72
43
-25
185
-160
0
-62
4
-90
-82
-225
-68
40
33
-32
-54
92
129
-26
83
-11
-5
-54
-49
-98
-87
67
-120
0
21
-58
-64
-84
-24
-69
-80
-116
-78
17
-25
96
-111
76
-66
-41
190
48
-101
-44
-167
33
24
-162
88
118
50
98
-265
-39
-26
-7
-30
-115
-18
21
82
-33
-47
10
50
97
-15
-116
28
104
-25
20
39
109
-36
4
19
0
79
52
-40
-39
42
3
-7
3
69
122
6
-8
87
-25
-9
8
-10
-1
-74
3
4
-36
39
-85
66
67
31
74
-107
-55
-49
-25
85
-135
3
-110
-39
15
22
-101
178
107
83
219
-10
27
54
-38
-6
21
13
-28
-53
-74
-44
-12
-123
-109
-51
232
-82
-25
-56
50
-57
16
-7
9
9
-133
-74
-17
58
36
32
-162
129
-93
-80
-67
40
-35
-44
54
-11
-36
88
31
48
27
1
101
18
72
58
-5
-66
180
-82
-73
-22
89
-47
-87
-18
-24
44
-23
24
-15
130
-25
42
28
-32
-15
84
34
-63
-198
-17
73
10
-14
-63
-3
43
-76
-10
-49
69
135
-10
0
-92
24
-123
-1
-70
-140
95
-25
33
35
20
215
47
183
175
14
38
15
14
-26
-35
-70
122
84
-27
-7
-61
-27
-68
1
-210
34
-116
-65
-27
6
120
-33
-16
62
68
-124
133
-123
11
111
100
58
-88
-31
26
68
191
29
27
2
39
57
-186
-58
-38
123
71
-68
33
-104
-139
20
-40
-54
-47
-47
-41
-114
-69
-52
-12
156
-106
17
0
-32
19
170
-27
-198
-9
97
-88
74
89
102
59
53
159
-99
-70
-48
30
61
-129
130
138
94
-68
48
-252
-8
-115
-99
-28
-26
-23
-44
3
32
-156
-15
-65
-46
12
-21
98
-190
-41
-8
81
37
-20
-92
-64
7
-120
-29
-13
-66
-1
-33
-6
57
142
22
-5
-130
-5
-77
3
44
36
-148
-105
53
43
35
106
46
64
4
3
-91
-66
5
-19
-53
60
60
73
-21
54
35
167
-52
-50
-66
-189
14
-83
75
143
-84
56
-24
145
4
48
-33
-17
16
85
-27
156
33
-8
-95
-11
-8
84
67
-67
58
-53
117
42
104
80
111
78
59
5
-98
30
-35
33
-72
-20
188
81
52
-142
-5
18
69
-83
43
110
14
-35
35
-189
24
27
50
101
157
54
-22
23
47
109
62
93
61
87
8
190
-9
69
-109
-60
18
-229
78
65
58
-5
-100
-137
-92
33
-16
-31
-53
-96
191
-60
-91
-31
-129
-2
20
2
-29
-19
63
-27
24
56
50
-22
-71
52
96
32
-118
175
96
-83
-64
63
-8
-89
46
-8
-72
-80
81
-214
13
-127
131
-50
50
16
159
-11
-78
7
91
25
-64
50
49
81
26
-79
52
24
-173
-20
51
16
-95
-2
-10
31
-19
87
-56
10
-110
62
59
-112
-119
58
89
-6
-38
-88
-56
-164
-136
-22
-152
-1
-97
-79
-33
17
52
-193
80
51
-47
-119
-82
-62
111
31
93
-113
-97
128
36
-34
163
-9
-80
153
74
57
10
172
65
10
-104
-65
59
26
-37
-80
-83
-119
69
-53
117
60
-52
-111
-17
5
-72
53
-111
-102
-27
85
16
92
28
-85
13
-27
118
89
-140
17
-1
14
-121
-14
27
208
-74
43
-56
-19
20
-52
88
-97
112
3
-3
91
16
51
-99
-132
2
53
99
-72
-52
-134
59
9
15
-173
-162
63
52
-68
86
-57
143
-42
19
27
-14
140
25
69
-48
166
22
172
92
-36
-59
155
-144
77
15
10
65
-96
-69
193
-128
12
109
60
-18
40
-3
-108
-39
-25
66
11
92
-140
86
8
-22
-17
-17
-147
96
7
0
-148
87
-69
-217
45
147
61
-84
18
16
0
-52
76
-94
-37
239
-207
-53
46
-6
153
-102
196
-16
2
-32
-34
80
-3
144
-83
-9
-151
-1
170
-56
96
-54
-68
-43
73
-90
28
-118
-67
23
28
-101
17
-71
-12
-39
19
-67
32
-36
-40
68
28
-109
-51
-57
6
75
-216
-30
164
24
60
201
141
-121
22
-88
40
-58
16
-181
-48
45
-1
-40
47
63
119
-89
-67
182
-23
36
-82
-78
14
118
22
13
41
-55
-150
17
94
7
28
-30
75
95
-37
-31
-167
-67
165
-16
-26
4
147
-3
25
9
10
-9
-4
120
-44
-96
132
49
76
-19
114
-183
31
60
-40
122
111
58
92
-23
-45
3
14
-108
111
118
-12
-67
-131
57
44
-29
-63
-80
162
47
-52
30
-82
14
-42
37
185
64
-66
46
42
78
-1
79
-59
-30
-56
-21
-87
27
-61
17
-1
36
48
-135
23
-24
-72
47
131
-63
50
21
82
56
4
118
-78
-96
-79
-66
-63
-11
-1
-213
-46
-107
14
-123
55
-70
3
221
-20
-95
-31
-65
79
-135
34
5
71
-68
111
73
-51
-30
177
-70
-53
169
20
64
39
58
76
-93
-2
99
181
29
-31
65
-120
-3
-64
24
83
-76
-23
65
24
-115
-111
-25
-127
42
14
13
-137
-66
58
-71
-65
-104
65
139
25
29
178
120
239
20
-33
196
-37
-50
138
29
-39
64
9
-92
135
-101
-45
-45
106
41
185
-96
-77
126
-9
73
77
-4
62
70
-125
-18
137
23
29
68
-82
-23
-17
-174
-53
-30
-52
30
130
-58
-143
-73
9
19
71
25
73
-61
-31
-29
-14
182
34
-64
-110
59
0
101
0
93
229
113
132
16
8
-59
148
-26
59
85
-22
-84
37
-125
107
2
-179
-39
3
104
90
-75
89
42
-47
-37
53
105
84
42
-19
-13
-69
7
106
-17
87
-9
61
-141
134
48
-49
-63
-97
87
46
-70
111
-36
110
-28
-152
-20
50
45
121
-12
-9
13
-109
-16
41
84
-139
-146
-129
54
-98
62
83
23
-31
-107
132
-71
36
-135
89
68
-197
2
93
-99
7
-228
123
-101
-10
-49
33
-149
-36
146
-98
-130
21
13
53
-39
172
38
114
-60
27
-62
184
121
43
101
-89
-41
-127
-150
53
-21
123
-57
156
17
-122
-38
-3
-52
43
-49
-182
60
-30
57
-82
-42
34
30
-40
-44
148
-33
-55
-108
-57
182
92
-44
-138
103
-25
125
29
-149
-69
21
-136
45
-11
82
-48
-77
11
-28
66
-50
-101
-7
30
-46
-17
96
34
-129
24
130
121
-8
-122
-36
-7
11
118
113
57
8
-31
15
62
-24
46
-96
105
55
48
21
7
64
-16
3
22
-88
-35
61
-59
-56
43
-91
-24
38
34
191
96
-48
-118
42
-3
33
76
146
-9
-10
-48
-13
-15
-14
29
-18
-42
34
47
12
-76
-29
16
30
5
105
83
-34
75
-55
45
-99
24
-213
-50
-103
-47
42
83
-88
-39
-14
-24
9
-83
-191
166
-5
109
136
-137
30
-73
-117
-33
-137
106
-66
-51
30
-11
10
-39
-25
0
130
49
25
-112
-103
21
68
-80
-175
16
53
-37
-164
-24
93
-39
76
33
45
-85
-10
-44
-41
-119
-71
-43
-51
9
-228
0
-99
-21
-35
143
-120
3
-43
27
-3
-38
86
60
-4
3
2
14
50
-45
1
30
109
-129
-81
36
-57
-122
57
-102
112
5
2
-8
124
15
165
-36
113
1
37
-105
-14
21
-62
4
12
39
-115
74
46
-52
-30
23
23
67
-52
54
311
116
-177
93
-8
-70
34
31
21
-48
29
-36
-37
38
-123
-75
-13
12
158
5
-77
-132
17
11
52
-71
100
72
-46
-100
35
167
-25
101
-17
-194
85
97
-81
-113
158
11
-122
66
48
23
116
-178
-72
63
-121
19
-116
-60
-81
41
48
-126
138
2
18
69
8
68
-79
96
57
8
3
105
13
-19
-89
15
75
-51
65
125
-98
37
128
-38
-39
-106
-19
49
118
170
21
-113
87
-41
-213
28
101
-88
-2
19
-5
58
-7
63
4
-79
12
64
41
56
6
-59
78
49
113
-46
-164
64
-8
19
-144
21
-64
24
-50
-110
32
67
-116
-77
-119
117
-162
-69
-16
130
-18
-29
-25
6
-46
-58
34
8
134
70
-5
10
12
42
-31
-4
50
-18
-38
243
34
16
-107
51
97
56
-89
-189
62
25
-68
-8
22
-9
58
87
-21
41
36
-72
-96
-119
-22
166
-62
134
29
65
-17
123
195
87
42
-69
76
-13
-62
-68
61
-184
-2
-102
53
-74
-62
58
-132
22
32
-105
162
-77
-66
22
21
97
-86
-41
51
58
-16
-114
-109
43
94
102
-169
37
95
-2
-8
-78
38
31
106
7
-49
-47
-25
-59
40
-22
-44
-141
43
-85
-60
-38
51
-45
-278
172
-116
110
58
120
-24
85
-99
46
-109
49
79
23
43
-93
63
-54
-12
138
59
-13
152
-50
86
-21
-5
-46
-116
-85
29
-93
211
81
-62
-65
133
-7
-27
14
97
-40
-25
-168
-14
-4
-42
170
-17
-176
16
-113
110
-65
77
-83
142
-36
-180
19
31
9
-45
-39
-156
-2
-31
-146
130
-17
-94
-14
12
119
-113
-118
-24
-39
-191
-24
-37
-39
18
-62
36
16
-72
15
-37
-39
-52
198
168
-18
78
27
-66
47
-58
-20
-74
-23
92
-68
59
15
-2
-1
77
32
131
157
-10
44
-44
-25
3
-86
-133
16
36
-4
-36
-12
-69
-38
39
34
40
109
9
-46
7
7
30
-22
-65
-19
24
82
-88
-136
-27
29
-46
-23
78
-69
84
115
-73
106
-88
9
1
-183
-120
39
-29
94
39
85
51
-103
28
-92
1
-148
-84
-20
-106
35
-63
-45
59
38
-36
14
-46
91
37
72
70
-111
85
64
25
-5
197
-49
-115
27
-108
42
-49
-89
-25
66
-4
-68
-50
85
-102
11
-42
-126
73
-25
-62
135
-148
33
-40
-22
-116
168
72
41
-43
-38
142
-45
11
-129
99
108
28
-119
-43
-34
42
-7
-7
-51
5
-73
8
37
-19
85
10
-91
-63
-126
106
73
72
47
15
20
-58
155
107
-14
-82
-4
56
2
-73
80
-9
-45
83
15
-80
-90
-29
-96
64
110
74
-108
45
-24
-39
-50
27
28
-76
-67
-61
-111
-80
-6
-15
-122
52
-58
18
56
137
-124
-48
69
50
-85
-234
-101
78
-83
28
-41
54
3
-76
-45
35
-97
99
63
-43
80
134
-44
183
84
63
-102
-22
41
-99
168
24
-63
6
-165
21
72
42
107
-174
11
64
-173
-15
-116
109
94
44
-108
62
60
57
-54
-3
-97
-102
-54
-130
55
128
-121
-53
97
-67
-31
58
-50
83
15
-39
50
29
-4
-10
-104
160
55
-35
-54
-65
-54
95
16
169
-47
141
16
-44
15
31
39
-37
121
5
-54
39
31
-100
-4
26
-138
-224
81
-28
103
-1
-65
42
246
-57
0
-65
-90
192
40
33
3
-38
-75
-75
159
-56
-83
108
-32
-13
41
63
-60
146
38
26
19
-34
22
42
92
-1
78
-16
-151
18
61
5
79
138
93
-119
2
70
-184
33
-4
-96
-78
-8
109
-77
-55
35
-13
-28
-16
40
-48
-40
51
64
91
69
-11
19
48
33
89
36
102
-2
24
-30
-102
128
-113
24
63
-54
-147
-24
81
-92
-35
-6
99
143
-66
71
125
-196
47
23
117
26
-2
67
95
59
-11
-44
-13
125
105
50
-150
-137
-10
64
-39
16
-84
-47
-14
21
73
41
5
-50
-75
74
-51
89
99
-16
78
46
99
93
-4
-23
61
-112
19
-59
3
-11
-93
-186
-153
-19
-38
-76
48
-77
7
94
41
-32
-207
107
-56
19
-56
-72
78
79
33
139
4
-75
128
-121
90
-73
-100
-32
-76
48
-144
241
-85
-119
-6
-76
112
-5
-53
94
57
63
78
93
166
-25
-23
-19
49
-3
257
44
-108
-8
-25
-108
-60
114
9
160
-82
21
12
-62
-1
-92
138
-21
43
-71
-51
30
55
3
70
146
-83
-143
4
-156
-46
41
26
21
-125
-59
-62
-90
-131
161
-16
126
49
-63
21
-108
153
0
-38
26
-22
-51
16
63
-16
-90
-4
135
-34
-51
62
116
-80
-103
94
-63
37
49
-157
6
-98
89
-30
-32
-114
40
2
3
10
-47
-18
-68
-149
-95
69
-69
-52
-76
-144
19
-39
149
18
85
-214
-50
-20
7
162
18
52
7
56
23
28
4
-126
-37
-79
1
54
129
-21
28
21
-29
14
53
71
88
-20
-119
-112
-20
-152
-41
97
-120
-40
104
-69
76
-59
-23
86
12
-219
-15
-78
12
-5
43
53
30
5
-69
-95
122
-32
43
-119
-29
7
24
43
13
142
-110
-7
46
38
-99
125
-22
-35
47
-57
199
-71
-14
100
-35
80
-59
-25
-32
98
-6
66
127
-30
32
-72
-15
61
-7
80
-14
40
82
-93
-51
36
-74
-36
-6
76
-54
4
-18
-24
6
39
62
24
-123
-138
-17
-6
-58
-7
-49
-6
-75
5
-89
50
-144
119
77
23
64
53
-168
102
-60
110
-97
-95
101
115
-203
102
-153
115
-103
175
19
34
58
138
-121
-26
-8
52
-104
43
-89
169
-110
-56
-113
80
8
-124
65
95
-163
-90
-77
183
-21
54
81
-48
22
-15
-116
51
-6
-84
18
3
38
-30
77
-71
-24
104
-22
6
54
46
-15
138
-123
-40
11
-107
42
55
12
-266
-192
35
8
66
70
20
48
-107
61
54
33
-16
115
103
-195
52
-21
71
109
58
-4
79
-166
2
155
46
71
-8
-89
103
-42
47
-6
-49
-115
-5
54
28
121
-79
-103
-125
24
267
18
-135
-145
-131
-43
26
154
-21
39
120
-9
73
-170
41
65
60
79
25
-26
-188
37
132
-75
77
14
119
115
-19
45
81
-163
102
-38
62
2
-34
33
49
-75
36
16
-32
-26
-2
4
-39
-9
-10
139
-109
49
243
35
-29
-84
75
29
-18
43
78
176
-16
48
-33
-29
1
116
59
-11
88
43
-165
-74
48
-16
-37
174
86
14
179
-54
15
-9
104
-35
-52
-99
22
15
8
-26
32
-4
38
-1
-169
-56
169
0
-42
78
43
-35
-202
-4
66
-245
71
27
-34
-41
-134
-70
-57
-22
-48
69
-142
-57
10
111
-57
-100
-63
-31
88
-13
4
4
-120
28
-68
34
-79
-102
-23
-58
-54
-157
12
44
101
9
-168
-165
-154
-11
-233
39
134
-47
40
68
22
39
75
38
128
-55
122
-24
-39
-59
-61
-116
-3
29
20
22
97
22
-152
-48
105
55
-65
53
48
85
111
77
75
162
49
74
-60
58
-14
-100
-77
-31
-66
77
-14
-122
12
-34
120
42
25
33
-26
-28
29
-91
-24
149
-69
73
27
29
-14
-67
28
101
62
97
27
-252
-76
15
-48
10
-89
-29
-103
-39
-14
1
89
-10
-69
24
71
11
-25
57
-70
-106
-153
-80
22
38
3
75
55
87
11
-105
-41
76
-39
90
-18
-92
-21
-123
126
22
-75
-18
-54
-68
9
-86
-138
137
-119
38
64
129
-149
88
-34
-126
96
-7
100
32
-62
157
-32
122
-154
50
13
48
-58
42
-29
-87
-99
4
-111
-85
-5
-91
163
8
-17
120
-65
66
70
-131
35
-57
-17
68
62
47
8
43
-75
-66
76
7
-92
-69
-159
83
100
60
-34
-104
43
162
16
-221
98
-30
182
-70
111
-111
67
41
59
-3
-67
-66
73
19
-102
98
5
-8
13
29
60
-15
68
-1
-56
121
-110
-30
-50
21
-122
-89
119
315
30
-62
112
-101
25
-54
78
39
54
-55
-79
-41
-52
96
-83
13
39
13
-108
-133
85
6
-20
78
91
-5
46
-73
-142
22
10
-69
73
-6
27
-38
-76
-101
74
0
14
38
125
-87
-116
-22
58
-10
-45
-81
100
99
72
-28
52
12
44
54
52
66
118
-29
-60
6
-50
-72
74
-52
81
-32
236
-117
14
-166
-59
-145
196
-51
-116
-66
-33
145
33
141
2
-14
-10
-32
43
-24
-31
-165
15
199
-4
15
-54
-30
-107
-144
22
53
-2
27
50
49
-58
40
-138
89
32
-123
38
-11
-94
81
30
47
-28
-122
122
-11
87
-121
167
47
166
-3
-127
-19
111
56
-50
-51
-3
2
-151
-5
-23
16
93
-8
28
252
69
249
-54
-19
-11
-74
141
-125
93
-131
-85
-158
-54
-12
35
43
47
-46
55
-16
-50
108
-73
12
-68
-76
91
-6
-82
-80
-75
-20
67
-143
-55
-117
113
-137
45
46
66
23
-164
21
-39
-46
-71
48
-114
-4
140
221
-54
-24
210
46
-56
-18
-191
21
-10
75
53
-52
28
92
34
-83
-17
71
-14
-14
13
-17
-17
-4
90
-3
-7
54
31
35
94
-258
-136
-94
25
-26
-17
-69
-30
-102
10
-8
5
-26
97
125
-28
-112
65
-77
-53
91
79
4
3
177
-124
55
92
-20
-9
98
-89
78
-22
64
35
-28
3
-33
173
-113
-136
12
4
79
142
-38
82
-182
-27
0
32
19
22
190
107
-42
98
-83
52
25
25
65
-147
-18
44
40
13
102
-3
-9
-90
80
-129
25
14
129
-32
50
61
55
0
65
33
-70
94
80
66
133
-171
116
-83
-55
-102
58
-36
60
70
-119
57
92
-58
103
13
-101
24
-58
-130
-109
-3
33
-93
32
8
100
-99
-96
15
111
-7
51
-55
56
-19
92
-66
-12
-59
51
-28
-66
163
35
-29
38
162
3
59
19
-116
-36
155
158
147
-39
-175
-71
19
198
65
60
68
-47
90
-17
66
31
-15
36
-162
-81
-119
-8
-67
-116
75
-131
38
-65
16
24
-53
72
178
-17
-2
-31
28
1
-24
-49
-8
9
147
-35
54
-30
-87
-117
59
-41
47
-14
-112
19
-77
-44
39
-40
131
155
-23
-130
192
49
-3
41
-89
-128
-67
-5
-30
6
35
-21
87
-50
108
41
-10
-103
6
-46
-132
141
-2
-54
116
146
72
-49
28
9
-99
-6
32
159
-18
-103
51
91
28
27
-87
59
-55
60
112
16
66
15
-139
94
-69
-15
-37
2
-110
-67
-77
13
-36
78
96
-25
60
219
-15
-34
-8
24
-76
-143
-117
47
-4
-2
-93
56
66
-24
158
-181
77
87
1
105
155
83
-142
11
-80
-87
-105
161
-54
43
66
-29
-12
