29 93 144
0 2
0 17
1 7
1 15
2 21
2 24
2 25
3 5
3 18
4 2
4 17
4 23
4 24
5 3
5 12
5 21
6 16
6 17
6 26
7 4
7 5
7 6
7 17
7 23
7 25
8 1
8 5
8 6
8 11
8 14
8 19
8 20
8 25
8 27
8 28
9 2
9 5
9 23
11 12
12 1
12 9
12 13
12 25
13 0
13 6
13 11
13 14
13 15
13 19
14 9
15 24
16 4
16 20
16 22
17 1
17 13
18 20
19 7
19 8
19 13
19 19
20 5
20 9
20 13
20 27
21 2
21 15
21 27
22 4
22 5
22 9
22 10
22 13
22 16
22 19
23 1
23 2
23 3
23 9
23 18
24 0
24 2
24 19
24 25
25 6
25 8
25 16
25 22
26 26
27 11
28 3
28 24
28 28
73
58
76
75
46
47
1
74
14
39
25
10
3
88
69
21
59
92
16
80
81
32
41
89
5
72
61
43
78
9
38
8
51
53
64
6
71
68
17
45
28
15
91
82
49
60
50
12
7
34
13
4
67
29
31
85
35
77
56
87
83
27
63
65
90
52
20
11
84
37
54
44
86
57
42
55
33
24
23
79
36
19
22
40
62
0
18
70
30
66
2
26
48
-94
6
166
-249
48
77
25
24
166
-307
205
-57
26
-110
69
121
247
101
4
51
9
17
-45
-351
-74
33
-47
-51
-178
-25
-29
-77
-207
-48
-48
148
32
-5
-97
167
-6
-446
61
384
62
-18
-51
-109
-324
-74
-292
-50
-9
258
107
72
-146
295
-35
-110
-1
-41
122
144
-78
-57
-328
-147
-210
69
-54
81
136
66
15
36
-164
-109
-85
157
193
72
6
221
-65
-13
-40
-58
-80
-155
-125
-97
26
23
-19
67
-115
-35
-119
-100
123
69
-86
13
-139
131
24
-18
-128
-28
205
-173
77
-17
-32
-12
50
-167
-37
-20
-85
-74
20
263
-173
65
-13
-71
196
10
147
122
-195
173
30
-98
-345
44
-104
-182
63
-44
-44
-54
-367
-175
134
-56
-67
-135
-164
52
137
-214
-29
-44
172
77
-6
309
320
-46
103
-48
-75
-186
39
-215
-95
12
102
-129
32
72
37
116
-143
-33
-138
11
35
234
7
-11
74
107
-68
3
16
151
-38
8
-144
50
-250
47
-59
47
218
263
-46
35
-37
1
193
99
118
-28
49
-85
211
-118
-85
-91
10
146
13
16
-69
-27
-198
-80
-79
-240
-65
-188
60
186
388
-90
-189
-13
216
-24
221
-92
58
48
-89
137
-57
-72
7
99
119
-139
-156
-17
-113
-191
-59
87
110
126
105
0
-121
-154
-15
-99
-219
-184
-148
-56
-120
165
36
218
-127
333
-203
-384
15
62
350
-29
-241
95
-53
-526
70
-119
14
150
-174
-138
-23
91
228
42
5
-342
15
3
-101
87
-218
-150
-168
-16
-16
-110
153
-12
129
-154
-64
262
-133
132
80
28
-95
18
-87
170
87
-153
-84
62
-28
195
-47
93
-154
90
-120
5
-168
-29
27
-3
-94
44
26
-196
-129
215
-22
-166
-149
-35
-132
-19
-370
196
-23
157
-160
-252
241
65
153
-359
119
-152
107
142
6
111
320
89
159
-21
-230
-267
-201
70
156
-71
227
-60
94
-24
13
-45
95
-163
-12
-114
-27
4
355
34
-65
-26
-225
64
-123
-180
17
122
68
-32
-33
83
172
270
-251
105
23
-273
-91
-121
339
-224
-332
-11
-22
125
-55
100
91
20
81
44
-70
174
183
-240
79
170
120
243
-99
170
91
79
144
150
-14
-23
-259
64
42
-56
-73
-340
-98
-9
119
420
131
173
139
211
32
-118
-80
71
-204
87
28
35
-441
-20
-273
-191
89
-57
-324
51
-162
-59
-12
191
-28
50
11
-72
47
-82
223
-141
-137
86
-31
53
-33
51
-81
-37
-149
122
-149
169
-11
183
120
-160
-74
135
-170
192
107
94
-189
-8
78
-35
290
68
153
-160
225
-44
-92
268
18
-144
-259
-94
-57
-82
13
24
-234
-45
167
-223
27
62
-93
-47
-4
264
124
-80
35
16
13
-142
-40
-219
8
64
-170
124
92
-57
-142
41
-65
147
-129
74
39
11
10
69
-228
192
360
44
91
-34
1
33
55
57
220
199
-49
143
145
238
7
-55
32
93
340
-203
62
65
92
-172
-225
55
-33
152
116
179
144
26
183
221
-10
199
60
265
307
-19
-173
-2
78
-40
12
83
29
-93
5
118
-288
238
29
84
-26
-78
312
-173
4
144
-49
-153
113
155
9
-16
-48
7
-39
132
-60
-130
83
321
266
-9
-29
-48
68
186
-16
-25
22
-93
-41
-134
-79
-98
172
94
-117
-3
41
-102
253
-74
-48
14
-134
232
-37
6
121
-27
308
-19
-37
-129
-43
63
90
78
-33
-244
306
32
-28
181
142
-8
-127
316
137
-6
7
-33
60
-2
-62
-327
-79
36
-58
177
-215
-23
140
221
305
-183
-18
11
233
37
-96
-219
-61
310
31
239
60
57
-61
44
233
-116
-154
-140
-122
-1
-202
86
27
21
113
-41
-177
-193
78
-159
91
-135
-178
132
97
-213
-8
42
-68
-146
54
71
106
16
20
-31
71
413
131
1
-160
136
-205
-181
327
-1
61
149
-79
92
16
40
29
359
-191
-7
73
-107
226
-264
-144
-209
-449
-186
-146
109
67
223
66
-153
-41
-177
130
-232
-19
4
170
160
415
-78
86
94
190
6
-35
-150
146
-223
7
71
-139
-2
83
-236
143
170
-73
10
102
-221
-38
-136
10
-246
328
-125
-129
-152
362
-62
-83
-64
139
-150
-53
3
3
-371
-111
-10
99
146
180
113
141
72
74
36
-41
39
75
-113
142
-28
4
92
-41
149
-68
54
39
-69
161
52
-130
126
48
187
189
95
-1
-279
-71
35
287
257
8
115
226
133
166
-305
-306
-45
-89
-48
-149
224
369
46
-54
90
53
57
-12
8
-49
-36
128
-99
47
3
127
-165
-102
59
-128
-50
114
-406
-318
54
145
-254
-127
136
-156
-22
236
108
-64
-188
-250
26
54
87
-101
-39
-281
60
-250
196
78
122
54
-103
228
129
-25
-13
156
127
-46
6
24
295
39
-71
106
106
-23
-485
155
-185
-110
-89
1
134
-119
13
261
-42
-93
140
57
265
86
66
176
-218
74
178
-42
95
-131
-65
101
-66
477
195
-114
-215
-145
152
120
-75
224
144
117
164
-233
37
-174
97
90
11
-67
-96
-143
-91
278
-146
-80
162
-40
55
188
-81
6
27
-42
-38
111
-273
76
79
-102
-25
-82
61
53
-40
13
42
70
-37
-15
-242
-71
-117
-270
-160
-202
59
-420
250
172
16
-302
-38
-118
159
-59
28
-101
49
-32
-8
-21
151
64
20
30
-232
12
113
23
68
-83
4
-9
32
-190
48
37
96
18
-61
34
-49
37
384
91
274
-100
-184
287
-62
-22
-166
-176
-242
21
13
108
281
49
81
-36
144
116
-48
18
-113
171
-26
-131
132
65
-118
-113
-72
-9
-28
128
43
59
115
101
-57
163
-56
115
21
-47
-204
173
-65
68
29
-49
-87
-144
90
-151
-8
40
65
-104
-207
-178
197
67
45
-72
-339
-84
-62
19
289
67
125
-34
46
40
35
13
144
130
157
-83
-47
40
217
-76
-47
47
197
-114
369
-166
-20
-193
115
-31
118
177
-1
52
-254
111
27
-23
-80
-30
343
39
16
56
-103
-20
98
273
63
-84
-15
-173
204
1
-21
64
-123
-126
-86
513
82
38
5
-187
-67
115
172
-92
-151
-182
-180
104
211
-273
-130
-12
-118
-96
-47
39
-73
227
-41
26
-213
-119
185
110
-2
-222
-234
-49
6
-194
-39
221
158
-171
110
145
-32
-280
-387
131
247
83
75
-219
25
-103
-53
-191
-69
217
-151
-70
448
-170
-127
2
22
-8
-31
-27
235
-16
-181
3
-65
124
205
52
102
156
-26
138
123
-6
6
96
43
-61
-28
165
157
200
-89
68
116
11
165
-94
-248
-198
-56
-273
92
-75
-2
267
275
-139
56
-43
60
-101
-63
27
257
-74
62
-65
33
-487
87
46
9
-102
-35
154
-128
-143
91
170
-130
-36
-20
-141
54
132
-44
114
86
-74
-205
24
193
-268
132
-4
-29
39
99
-144
-146
78
12
243
0
28
-29
-105
32
-91
124
-93
205
62
-183
121
-52
-200
-182
-112
-55
112
116
-28
110
3
-123
201
363
93
-108
148
191
155
124
130
167
-59
172
-208
-74
26
180
35
-143
27
-104
149
-61
-66
-42
-22
92
-36
152
113
63
59
-90
70
198
-151
-251
-175
-86
-42
-36
-91
82
-51
-155
130
-110
-277
-127
-4
-146
212
-2
105
48
-115
-184
19
-246
-7
-53
-93
171
-4
305
143
192
25
-128
-200
224
60
-237
-112
7
-26
39
121
-126
110
-355
-17
-77
114
209
13
-23
178
-62
126
177
417
17
-110
201
-91
-148
419
-115
-139
168
-82
-73
-61
-77
-130
161
246
152
-161
-93
-201
94
-47
-154
198
58
-166
-89
-88
24
-53
220
-45
67
18
-163
360
24
148
191
26
-150
-15
-41
-175
136
-11
-13
162
-50
-186
38
-7
20
-274
90
56
-54
-204
62
-115
12
99
31
90
-48
0
-13
-103
-30
-86
-114
-67
-181
-12
173
88
-137
-16
84
336
134
50
65
205
-344
73
-66
89
240
-2
123
31
-103
-181
125
-55
167
14
63
32
243
-157
-3
-52
-152
-298
-67
71
-135
98
-43
-190
137
55
61
123
131
-66
324
10
-76
272
466
139
-62
-56
73
-160
-69
-327
-34
-160
163
78
-82
77
-9
-335
-17
114
23
-35
107
-37
-45
201
66
230
39
-74
327
-93
0
-6
-218
-172
25
-225
-45
-119
28
33
138
77
-61
325
8
-193
32
-133
-95
61
36
-7
-29
122
-139
-221
182
204
-174
-9
-90
-304
-132
-3
-307
-8
27
0
-3
-153
75
105
13
297
-37
30
14
93
-82
28
-143
98
-272
131
70
291
12
-21
88
65
-119
38
102
107
-159
-159
-145
140
137
59
24
-35
242
-261
48
-140
-72
-48
141
47
128
122
-8
-18
127
5
-4
83
297
-24
68
-256
-457
-79
-20
60
44
-128
-124
197
-90
82
345
-76
32
89
55
119
-149
15
143
-167
239
130
42
51
270
44
-7
58
28
299
20
-128
-100
33
-76
-150
-18
275
-116
53
54
-140
400
93
127
85
-203
93
126
-117
37
140
208
-25
61
7
-141
33
142
-105
-44
89
-54
-113
62
-450
-63
40
-298
-58
76
138
-182
-32
-46
-53
174
318
378
53
42
18
-57
-224
26
-221
247
-92
-115
29
-109
-67
267
9
20
-227
463
-53
82
66
-181
-88
-154
230
83
-47
-52
-91
186
-251
-168
-250
-250
71
-133
36
61
-210
-89
-87
-196
204
304
-143
-152
-336
-32
-47
138
-21
55
-122
67
6
-139
-88
-64
-22
180
99
78
-143
18
-305
9
226
91
-180
77
-177
373
276
-52
267
-107
-142
-14
200
-87
-211
0
-176
137
-63
-238
-58
22
278
239
-120
-69
-191
230
-23
54
-181
-144
71
341
60
-100
-66
-168
122
-22
-80
-37
17
-66
54
-119
-113
181
-151
-20
-92
-367
-48
29
-174
207
-57
-64
-87
-93
-17
-122
-90
149
38
159
115
188
183
11
-18
-19
52
-330
-229
54
-445
72
-139
37
-66
151
-111
-8
179
-26
-36
-107
357
-20
6
-444
251
-3
24
104
-86
39
79
150
58
167
-10
282
308
135
153
-7
-72
113
-40
46
-95
-250
-224
49
-259
142
-343
79
149
-22
93
-5
-229
-6
-70
24
-146
35
16
148
26
118
-13
-127
-37
79
37
146
-71
131
140
209
-51
-78
126
-388
-76
59
140
124
57
-74
-134
438
242
-21
-283
-37
75
63
141
270
169
322
-104
163
-56
71
117
103
82
173
-86
-8
-45
-1
41
97
20
125
-37
61
81
-28
105
-16
-135
-11
204
121
-147
-31
139
86
67
-80
192
230
125
-47
32
-92
143
95
29
-187
116
-119
189
22
-41
128
-1
145
23
128
-211
-166
85
-74
22
0
101
193
-68
-190
-61
-44
-3
-152
-128
-155
78
-20
87
140
28
-204
49
-382
196
119
161
-48
-60
107
147
75
-183
76
-184
89
-231
-74
164
-211
81
-19
53
-101
161
-184
-36
171
26
36
-127
25
-159
50
-68
-29
-55
-334
15
209
-5
209
11
100
-38
28
30
-39
-153
-161
-39
63
-133
-167
-96
-18
127
-130
140
-78
77
251
-69
-54
-95
44
186
-202
-59
128
-87
-111
136
173
-139
14
174
193
-16
210
-175
153
-452
228
266
-38
164
184
50
-276
14
130
217
88
-134
86
23
244
205
23
-180
-48
-38
-35
-153
39
29
-162
195
-41
-168
-86
20
25
-41
192
-174
159
-18
-79
-201
-135
4
195
-5
-286
190
-94
-169
213
-85
-252
128
109
41
-58
-88
-181
-243
-190
-451
131
-3
-203
43
67
-79
-22
183
-70
-67
-101
-253
-134
-213
-41
-25
-220
-97
-24
97
-199
-145
9
-232
44
-232
-137
61
103
17
-186
-220
-105
-24
58
65
-138
12
111
-54
40
190
285
93
132
-115
155
127
214
-86
162
-221
-67
37
-51
120
-67
-124
102
194
-34
-36
-210
-88
-13
93
119
-132
-35
-73
-203
181
128
46
191
-65
-10
73
165
212
318
-200
-202
-83
-130
52
-41
95
70
56
139
-14
-155
-119
71
240
-51
27
93
193
19
-231
-219
80
-15
34
10
-370
-96
240
-7
134
-140
51
-28
-173
26
-36
-188
-98
-174
169
34
124
-14
121
16
162
134
-24
4
69
28
12
125
105
164
-185
-179
145
86
-11
-180
-80
185
15
-41
127
-185
-23
64
-92
-115
385
-59
138
-202
-5
-16
-4
149
-74
58
-95
-91
40
-9
42
-241
-97
-236
101
123
164
135
-75
149
89
-1
160
87
137
-12
-31
94
47
-11
136
-286
22
-18
99
34
-93
46
-126
-69
-70
-91
23
-20
33
-65
263
-41
269
-86
169
-54
117
-78
-132
-64
199
-110
188
-149
160
44
2
91
-204
206
35
165
56
8
192
-241
211
-127
165
268
-95
-212
-77
-312
-137
-174
-8
112
20
-115
-78
-42
-394
475
-72
4
83
84
131
50
32
23
117
6
75
-91
269
-197
114
266
0
6
-4
24
86
-123
-109
-54
51
-158
153
315
-30
-80
-71
78
-120
223
303
-15
209
363
3
18
-205
-14
59
159
-121
166
146
3
112
184
-15
-57
-26
129
234
-30
172
-42
63
-23
119
-177
36
-104
-2
-21
78
109
63
-112
227
-179
-47
-163
-35
-10
-64
59
-56
32
130
51
-42
95
36
-116
-308
29
-118
-200
-11
162
74
-319
17
121
-105
-113
30
29
312
214
294
-286
-155
220
114
112
-4
184
-212
-208
177
188
-85
101
200
110
-20
-20
-294
30
73
-59
-56
55
157
-23
-41
-42
-154
-67
52
122
-27
6
-117
-36
14
206
56
127
-19
10
34
285
315
169
165
71
366
46
-13
-243
45
69
15
32
-269
105
-141
-75
15
-126
-134
-164
-48
42
333
50
29
26
-220
-10
42
-96
184
-48
242
-98
-43
-28
-67
71
-106
82
-133
-166
-85
101
-54
50
3
-216
259
47
-32
71
-40
-75
-354
78
155
113
-133
-85
-137
69
32
-126
10
155
170
21
295
-8
-23
-261
321
-90
344
211
7
-172
69
-70
8
59
-62
-17
-129
25
49
-164
178
175
-68
262
144
-4
-91
89
-10
42
112
-39
-122
112
-142
127
99
-29
207
-184
-15
200
-61
-39
-98
94
87
200
172
9
-211
-115
395
-160
-10
-7
-225
-62
-191
168
156
73
-315
54
223
-87
-57
-216
244
-106
236
4
-111
-167
-236
159
79
171
238
141
78
-215
64
134
-170
-72
-58
-105
-179
50
26
-109
-141
83
-58
38
-148
220
-114
55
106
48
166
-14
101
105
-102
200
-117
215
-201
7
172
-18
-127
253
-31
-110
183
-12
-298
-23
0
-20
46
106
51
-57
-101
22
-57
31
-206
-13
-15
135
94
-107
105
-251
-1
236
-15
125
-14
-94
-215
-100
14
-168
80
-45
-37
74
-190
108
11
36
233
-170
145
-118
77
-473
-19
-35
-158
265
-48
150
-126
189
-229
-65
-146
-19
149
85
39
119
-21
66
151
31
45
231
-171
-81
78
-44
-128
-243
-39
-79
-153
-390
-30
-99
-111
196
-103
66
-105
-142
-11
65
-36
-238
-134
220
-44
-270
-241
-101
-55
-56
-34
-159
-69
281
-17
-63
-160
-111
-43
143
32
-68
21
-42
166
273
133
74
-198
208
-37
-125
89
136
17
-74
1
26
-1
213
53
25
66
-93
21
-53
-116
-124
282
105
74
-41
80
88
190
31
-57
174
-20
172
5
-136
139
123
26
-97
219
-25
75
79
-178
-81
-93
177
24
241
54
59
186
-19
71
212
-229
-198
42
-6
-1
-26
65
-163
63
53
-73
226
280
-39
157
89
-54
-43
-8
288
31
-81
-95
71
154
-139
-97
49
135
79
-46
-350
43
-5
-152
-278
-99
227
-33
284
-10
8
-68
93
-21
511
24
50
24
320
237
-146
189
-6
-46
79
-22
174
-67
83
-85
221
81
176
-63
-247
27
-149
-104
148
203
-98
-105
73
97
105
12
143
-143
-93
14
411
214
-35
-222
133
183
115
141
-101
112
-110
82
-143
-159
68
78
85
-175
-180
-174
185
-5
-120
245
11
166
33
-95
129
-78
-117
-279
69
185
285
24
-140
-147
37
80
-177
40
-20
100
195
-117
-20
-78
176
-59
152
-148
99
-57
76
-131
-32
-259
200
-225
-25
69
222
-94
-143
-109
114
-41
-312
-251
153
-185
68
-28
89
-62
86
-132
-33
94
-292
72
-6
-9
-134
-137
2
-4
-141
-331
2
-153
47
-28
119
-161
133
-175
101
52
-256
-150
-57
101
119
-50
-113
24
1
-34
-12
120
-106
221
-182
308
177
248
0
62
-38
59
-233
-157
-56
4
-65
141
-6
-36
-168
-70
-55
-86
54
-166
47
107
220
-355
215
-115
-52
-335
114
-80
208
-137
-129
-35
333
200
76
-3
43
22
97
-53
-8
11
39
65
-102
-138
-79
-43
113
-56
31
108
-284
-30
-32
99
39
4
-149
-93
154
128
-112
-329
200
-169
-206
44
-343
18
106
13
-2
226
27
-16
-69
74
6
121
6
-61
-61
-57
-87
-177
-201
129
161
-14
228
-119
43
44
-150
27
181
100
-181
138
-441
151
-20
24
107
13
-8
134
92
209
87
270
-5
247
-172
114
-135
-21
-13
-87
16
42
30
-185
-47
148
143
-126
-28
2
-269
48
-235
-143
-111
-164
-81
-48
-212
281
99
209
-204
84
-78
11
249
79
-26
-64
-67
6
153
85
295
163
-18
-301
-426
215
-139
338
-8
68
-51
-22
-45
47
93
-2
228
83
135
45
-23
120
-6
156
-111
203
-20
-95
191
-187
-58
33
311
33
70
57
-185
118
33
-61
289
34
61
14
148
178
364
-147
162
65
-166
-15
246
-64
-204
64
185
28
86
176
85
141
-44
95
36
21
-24
117
-2
112
134
-163
25
60
143
-145
155
-71
-158
-41
-66
-1
217
256
39
76
-147
-144
-39
115
-214
30
34
-236
-82
34
-3
88
132
15
144
160
-141
89
-146
157
182
-74
-49
113
175
171
157
-76
256
-189
72
-135
15
-18
-156
-26
135
209
-8
-93
-146
66
-17
278
-97
-13
154
-267
-59
-210
272
289
100
216
-283
-20
-60
-169
152
-222
44
1
274
-226
-179
70
51
212
-43
185
-20
64
126
-158
-304
-58
282
-21
2
204
-137
10
17
-92
174
352
63
-280
-88
104
121
187
190
27
43
105
-5
-87
68
2
105
-245
143
71
9
145
164
95
22
-82
17
-74
-60
-106
71
-15
-59
-164
89
230
191
-143
71
-77
44
16
103
120
-80
41
50
-302
110
144
106
33
117
-163
-33
-89
-38
220
153
-302
-18
-128
-41
-185
-67
-114
168
-115
-102
-79
-39
-189
308
63
-148
33
-14
173
-197
-114
31
129
38
-17
-176
-320
-157
275
11
30
-7
18
-28
223
-52
207
-32
72
21
215
-199
54
100
48
95
374
126
208
22
-216
-25
-146
-156
-149
-154
177
-107
225
54
-121
-24
-29
-38
-6
115
-19
30
-29
-34
45
130
-68
29
-171
-258
137
5
-19
-180
-57
-147
-269
-129
-54
-68
-23
-62
77
-112
155
-47
187
-37
-203
-46
136
101
145
-71
74
327
-189
171
-209
145
267
-59
-59
-39
201
-39
-169
356
-5
-119
2
266
143
201
162
-33
135
-12
82
41
166
17
-60
-9
-221
-75
187
-52
-30
-83
-176
-74
39
-11
80
-139
-33
119
-275
-274
-63
-204
107
24
193
-112
-164
26
59
129
-61
0
-111
73
-22
-35
331
61
7
-18
39
214
18
164
99
45
135
-220
24
-28
-18
149
-60
108
-15
-12
231
174
-9
10
51
104
-130
109
-147
82
-30
188
152
70
102
75
178
178
-193
-34
83
-55
44
41
-93
-113
-60
11
-152
35
-34
-130
-54
-111
35
183
-140
48
90
-173
-193
-85
191
24
-37
252
55
-90
-159
165
-216
-141
-15
-170
36
-40
-398
274
97
75
127
16
-117
-382
153
-93
45
40
-227
40
22
-281
-175
129
-10
102
-193
-53
14
137
212
-174
-38
-166
27
-109
-18
-49
364
114
165
-128
46
-191
-26
-113
127
-64
53
136
35
24
172
124
-19
242
-214
142
-58
-218
82
-215
36
244
-66
25
191
37
192
68
-10
-218
-39
-231
-124
-58
-159
-254
-119
66
25
73
-40
-165
72
40
169
25
16
61
-24
78
152
-92
121
-201
-35
-124
43
116
21
-23
-104
-78
203
18
200
96
24
-127
-212
4
-17
-112
-87
131
-102
-94
-17
110
-100
-219
-49
117
-169
115
267
18
-90
-97
73
224
151
-202
119
-119
-44
-36
-116
79
-79
140
209
98
26
185
-175
76
-27
-22
-76
231
92
-125
-111
115
30
332
136
167
-31
-57
263
-236
-107
-90
64
-246
-171
-174
24
-125
-41
-23
-41
-21
-166
59
-83
-136
-59
-157
108
-3
-399
123
-75
363
244
-138
-63
186
157
18
144
-29
-120
-222
-118
272
3
-74
70
124
227
-58
147
-54
27
-64
26
77
-55
86
11
-161
-171
18
-223
133
206
27
-68
63
-177
218
-262
59
-6
-27
-49
246
-138
-204
101
-73
29
60
-223
13
309
-34
-61
170
-296
28
168
308
110
-39
75
22
-29
-82
101
-5
-105
262
-170
-43
-40
296
109
-141
-105
-119
72
5
133
-77
63
2
107
153
93
-98
-102
-65
139
-161
-142
-44
72
-149
175
398
-189
-51
44
78
195
-168
317
-171
107
-202
-61
-66
-2
165
-241
72
-73
219
-77
-201
-8
-274
159
0
104
-17
108
-84
-263
-187
-287
-94
2
-11
-181
-34
28
12
198
-51
1
20
-270
-211
-164
133
-147
75
-3
69
-181
-82
133
-114
-92
-74
215
156
-61
20
-203
88
262
-253
210
-61
-65
17
158
45
-68
-93
-132
42
-50
-39
-78
227
279
99
175
93
54
-113
-210
-16
-108
-236
-23
-52
-165
158
-30
128
-184
-105
-4
4
-27
151
0
-96
-235
-227
-287
12
-55
-95
11
376
67
211
-26
97
34
-234
116
70
114
-73
-411
477
25
-33
118
231
227
-148
82
49
-197
188
124
85
-50
-309
-48
8
-50
-19
28
70
14
73
129
-248
-118
150
94
-51
32
188
14
92
9
85
-27
101
-93
31
-23
78
-77
-133
15
11
261
-450
-194
-83
-33
247
-205
-67
-54
83
11
-177
317
-127
-171
96
-185
-27
-153
-158
50
367
164
129
-112
-34
-223
-121
30
-10
290
89
149
60
-93
-17
227
-122
24
205
-4
41
69
228
-74
-215
43
-114
56
-119
373
83
-50
-148
107
169
-2
4
76
17
118
-143
162
213
138
-13
-146
-36
70
-61
-176
59
217
133
26
115
187
2
43
-156
-17
-203
30
-68
184
319
-121
-12
5
5
-248
143
-242
72
-87
-23
201
-61
-171
5
-13
-39
37
386
9
73
21
-23
-38
-32
40
-44
119
21
-132
-11
-53
-89
84
211
30
-62
-44
-323
36
142
97
-109
-24
129
174
-115
-58
-228
-98
51
-220
88
241
136
-186
196
-280
-3
-88
273
-213
39
59
153
172
111
115
-129
94
80
-243
98
-161
407
48
120
-111
226
123
172
-342
-12
-2
13
-188
99
-20
-101
-119
143
41
-181
30
302
103
27
248
99
-45
-94
-87
-55
126
99
-18
-273
81
66
-198
51
90
441
55
44
146
137
-148
-176
-484
189
-313
122
215
-189
95
48
-258
125
-165
-150
65
-168
194
150
106
-347
38
-145
-75
104
120
210
34
179
157
233
-21
10
-22
208
-77
258
-259
-56
-112
66
294
-57
-183
44
14
22
137
-125
179
38
123
-428
-112
-32
-141
59
16
-108
234
-384
-107
-138
-126
-39
-35
281
13
125
-10
-143
-27
69
48
13
80
-25
-179
-180
-115
152
-65
48
-56
174
249
-51
-97
73
-127
-229
265
67
-305
136
-40
-94
-160
-139
218
23
85
-239
149
-100
-41
251
-102
-128
178
229
74
-60
148
326
233
22
17
108
-52
251
128
-54
-82
-232
-191
308
78
116
-32
-104
142
-248
24
31
-47
-81
26
93
298
-153
-168
46
151
-48
-1
72
114
-66
5
51
174
-297
-127
-83
148
-25
-63
250
42
-132
-8
-50
95
-88
-58
-237
-20
289
42
-264
43
129
99
-150
-151
-194
-66
-182
-276
149
164
-76
-154
-399
46
-96
216
46
119
-186
-117
-335
83
-23
-75
83
-177
28
-157
266
99
2
10
-107
321
72
11
-38
313
213
-139
-92
-16
18
-118
-69
60
-179
-280
75
37
19
28
-121
-15
-41
23
59
-23
78
-16
-288
-81
-130
-174
-185
-23
-38
44
61
203
18
2
-93
99
-47
118
-160
20
111
-90
-24
50
80
236
81
93
181
281
8
20
-173
-52
-152
277
184
35
5
117
-10
150
-3
-148
-99
178
-15
-176
-75
50
-60
66
242
-27
-111
37
133
102
143
29
-160
162
-11
27
-80
-50
-280
-113
-192
-72
-124
84
193
-31
71
-206
-103
57
273
-86
86
165
56
141
203
-123
174
3
3
0
-10
-200
169
116
-173
136
-12
-15
-244
39
240
46
197
-45
180
-30
-240
-113
-161
0
-192
137
224
-128
332
-67
-179
163
13
2
-71
-68
123
-25
68
100
-14
52
119
-37
258
-151
109
34
-96
109
-168
116
-37
47
-223
-322
102
-212
141
-93
171
-97
-268
-79
-104
51
-197
86
282
90
-116
-303
-190
60
-176
359
-69
-137
30
-123
-45
150
-93
-68
6
-169
6
394
58
-167
-8
183
-99
-169
305
222
209
-130
-45
12
66
3
-305
59
138
-98
-206
-58
90
-26
-166
-171
423
78
5
19
-147
219
-80
151
63
-238
-240
-89
-70
-233
-299
-92
44
19
-123
-162
-14
71
-60
19
-79
14
-147
-67
257
-118
204
-46
69
-100
-52
28
25
-49
-78
117
9
31
28
215
-109
-6
-13
-140
-97
-53
178
-313
-20
-299
145
-91
-41
-134
-57
-256
-281
101
-118
17
16
55
-9
72
-284
155
56
73
-88
-149
-222
70
185
-1
-44
103
43
-27
378
264
-120
-262
56
-142
-121
75
201
303
-298
125
-109
122
18
144
-145
-50
-77
-46
-100
-4
-21
-230
-152
154
241
-12
-245
49
58
-4
4
316
-9
-127
121
-160
-40
-150
-93
84
-88
-95
127
-157
-167
32
276
-37
348
10
-1
-97
-132
-56
-61
76
-183
-135
160
-166
183
-119
266
-16
-5
-141
-41
-98
-147
169
164
257
-17
-32
-108
-121
4
-31
39
-234
-49
6
-11
-283
-307
-56
-86
-11
-115
5
-106
276
108
-85
227
147
178
59
173
109
-111
-40
-31
91
351
-299
-82
-27
189
111
195
440
32
-28
101
-55
-100
181
-81
-78
62
-166
130
153
-55
-260
-39
371
-136
48
142
181
-74
60
-143
282
-69
6
95
147
-80
243
57
111
127
-50
-63
-16
-92
-127
26
-50
275
51
257
317
-94
30
132
-27
83
-62
41
-141
0
131
-12
341
-88
-3
26
-126
83
83
-63
-96
-191
182
26
37
171
-28
-114
-44
-39
-10
-152
-39
-79
27
54
-36
2
13
79
-201
114
-51
-218
-110
74
36
122
-182
-5
-14
23
27
-27
-97
-168
-198
236
-187
-4
99
-180
150
100
27
-198
-176
75
-24
-50
106
-279
39
-211
-83
-170
187
-257
79
48
-212
302
43
-44
137
93
169
117
-187
158
122
-96
151
120
-78
386
-40
207
99
22
-102
-124
5
-38
133
38
-136
-10
-13
-8
-45
-117
199
80
7
18
233
-26
1
22
140
-146
231
-87
112
-101
102
24
54
170
166
-95
263
80
240
-174
100
-329
-90
-44
95
51
-26
165
-83
-268
-460
-33
87
89
-34
-247
148
41
5
19
164
102
43
138
68
-257
185
-43
-99
-12
-114
201
-19
-305
-245
-68
76
181
-171
-43
-209
-49
60
-128
-5
-31
11
-43
90
24
-137
-303
86
-106
-101
-233
-88
-322
-13
-3
-67
-126
197
-106
233
54
66
365
378
-181
189
-119
29
-81
-138
-86
-6
55
-145
156
-51
32
-16
15
-93
327
255
51
-45
44
-13
-101
76
49
-137
-172
355
-244
-181
212
-105
9
194
-204
119
124
66
247
-38
-135
75
-186
196
232
-53
125
-4
9
-51
-138
-20
31
186
110
19
-10
65
35
2
-109
254
-9
-14
167
104
-71
-233
-167
129
-22
336
-68
249
165
123
-119
-96
-91
-127
256
208
103
257
-200
-303
-148
162
371
-105
112
-116
222
223
-74
-36
-30
-76
106
-35
-245
-39
-119
-73
77
-72
27
123
-124
-16
-64
110
263
84
46
-104
-48
-402
-38
145
67
170
-1
69
-106
-93
-13
-221
48
97
-30
34
-109
58
-199
-81
-226
362
-172
76
-47
-128
-84
-67
252
-87
-122
-185
17
171
26
4
57
241
33
236
43
-101
-123
114
204
-177
-79
96
98
63
-19
-266
-195
-86
-414
78
-161
-170
17
55
11
211
-21
132
101
356
66
207
-33
-31
-28
-56
-105
-187
-117
128
-183
-144
-134
218
-81
-146
47
-77
169
71
37
-56
-285
7
-168
23
-69
4
26
52
-211
103
109
195
-21
-236
34
139
-49
56
-32
12
348
-216
183
29
-49
-132
177
-41
8
-48
-53
-66
-47
-169
-8
-137
-203
-109
144
-252
37
-140
-71
114
-86
72
71
-107
-66
-134
159
32
342
173
75
168
-185
69
310
-21
-162
-64
26
-27
-182
146
-365
-18
214
55
76
-80
69
46
-72
-31
-11
191
156
226
-3
9
-150
-159
89
41
-270
27
106
221
-232
-63
-5
-75
-32
-118
232
108
215
83
-83
-78
261
-208
-91
105
-55
-55
-186
10
31
237
-94
-36
-45
-85
-121
-144
-266
-213
31
191
-51
-21
389
-6
-2
223
-34
-181
-28
197
289
20
131
80
34
0
73
-235
232
-252
188
-203
289
7
-98
197
-70
-6
81
-50
31
51
236
230
37
54
132
101
-144
-124
-91
-126
123
-88
-9
-36
389
-88
29
-168
-339
14
-57
223
-37
-139
-42
66
170
-282
-83
-19
5
-122
199
28
-336
74
71
187
-247
-246
-58
128
27
26
243
-146
52
111
-19
-110
-20
34
2
-119
347
-10
-185
-29
33
-275
-46
-72
174
-114
-111
106
-316
148
-104
-56
14
-68
-118
-86
-76
-169
311
251
36
70
-107
135
103
-4
291
-47
291
45
-80
135
91
64
2
-97
42
-51
134
125
-298
176
-125
135
100
43
-184
-259
34
-7
-108
-82
-91
107
-45
-264
-88
-120
-198
157
56
-265
-287
37
-30
142
143
-332
176
194
158
246
-146
14
-20
-24
103
123
174
-143
-113
-65
-149
226
-143
-63
121
-76
237
27
65
125
331
45
60
-114
-322
77
43
-20
115
-28
1
-25
-97
59
-177
60
32
112
226
163
157
-165
-161
-196
54
54
113
91
249
-8
107
36
105
-160
-47
44
-7
107
-121
313
-107
326
4
-142
-129
-427
33
195
299
87
-50
95
190
-265
-121
-74
-78
189
74
71
0
-59
-12
174
-76
77
-46
97
85
268
-102
135
68
131
-46
129
61
-5
-25
-29
110
13
32
366
0
47
31
30
-97
43
-263
-62
-186
161
30
286
17
13
240
-216
275
20
-203
-45
-87
-50
-174
121
10
-39
128
-26
31
-77
226
205
37
46
125
-75
80
-148
53
157
86
283
74
184
36
118
335
-223
-142
-85
-31
244
-277
133
34
-218
77
-112
-46
135
-203
206
-32
-48
190
-225
-299
24
141
-23
-129
25
-215
-84
-295
167
137
117
70
95
93
-117
-179
-136
225
-170
-86
83
-204
71
-18
38
-57
99
184
51
-49
-17
149
27
54
111
229
-11
-56
-1
-98
-238
147
-16
134
25
-40
-102
89
194
-152
-11
51
-134
-61
14
-242
-20
-260
-184
-69
-10
62
-181
-13
225
-123
180
341
130
292
-356
215
-261
-3
15
73
119
-118
-123
-113
-97
26
75
68
-154
-47
24
-91
300
35
27
348
-124
-86
-50
24
-43
-22
96
62
-64
-34
74
-198
86
104
178
-160
-11
-111
53
-74
-158
-159
132
75
98
41
49
-212
175
93
-260
-55
-17
315
-97
32
-185
130
-97
-159
-224
122
46
55
-30
-179
13
102
-9
26
79
11
99
110
136
-83
-23
103
131
135
-119
240
-114
-233
54
-38
-47
-13
24
-117
183
-265
-75
-127
128
-138
68
162
154
-206
65
-20
-9
154
-206
41
-14
90
40
95
8
-144
-32
-27
77
266
-10
151
93
227
-17
45
148
40
102
-109
-89
-140
-136
111
-13
85
-106
35
-216
36
107
55
-225
-76
33
-114
-10
152
-187
129
-46
223
-23
70
-140
91
65
120
-135
-80
33
65
307
142
-6
94
154
192
-89
86
-27
24
66
43
-1
-198
216
63
-133
161
-210
-167
97
-215
71
26
122
-50
-90
-199
-46
-40
-64
103
-38
220
46
-106
49
53
129
-58
-51
114
50
-68
-3
65
138
155
-28
25
174
5
-150
-132
-7
-41
28
-182
39
165
-269
-35
1
199
198
14
107
-234
-38
112
-102
211
177
59
-54
158
-30
161
115
-52
-91
244
25
-70
248
-165
-99
-51
242
-122
-222
7
49
-189
-437
-114
-211
-96
-80
165
63
-38
-40
79
220
2
58
12
25
62
-132
168
149
-6
57
-111
-86
99
137
-159
-51
-40
-53
119
-31
215
-12
-1
-66
58
-2
114
126
-68
-74
-144
263
5
101
-21
152
57
19
61
68
-68
-157
5
-248
132
-147
-154
-49
-93
-261
-13
-94
14
138
126
-5
-168
366
256
29
324
120
28
-170
52
-53
-195
-108
148
26
-110
99
-57
-59
232
47
130
312
-74
116
-53
97
62
-89
-221
281
-114
156
38
17
-47
-74
80
105
-164
252
-145
111
255
59
-36
171
-125
-28
-93
-189
-28
121
50
39
176
324
-225
146
-41
-19
-8
271
-186
70
-35
-30
230
84
-287
116
120
62
82
140
-179
-181
-183
-62
-217
227
273
10
-231
89
7
19
44
-31
-211
-285
-204
-211
-118
3
336
-11
57
74
-201
23
-39
37
186
-92
25
-178
214
41
47
164
72
-175
-197
-41
30
-318
115
184
-269
-166
-19
-53
259
20
-32
175
-90
123
171
329
38
172
-119
7
-256
-131
-95
-26
118
226
102
-82
72
-72
-22
11
78
149
130
187
127
43
-176
-243
-41
-216
55
-25
17
35
134
91
270
-63
-155
-17
36
-172
40
-143
-25
162
31
197
63
-247
59
-328
2
-2
-76
-101
76
152
-66
-181
45
-95
-112
49
287
-129
53
0
-157
26
16
-282
146
-260
-193
-106
284
-9
-164
55
79
53
152
-131
-16
29
-86
-106
56
84
-130
-82
-93
31
-44
-74
206
-302
-6
259
-94
16
-37
151
-230
114
-54
241
72
41
142
19
-70
41
-9
76
-13
-99
319
20
-240
-51
-287
-16
-103
222
-73
99
115
-174
56
-90
119
-136
27
12
-172
-93
7
-137
98
-38
7
-14
-148
92
12
-5
79
-211
70
20
174
3
109
121
-47
-177
-60
-99
-34
49
120
52
71
-55
40
141
261
-169
-250
125
-157
-52
26
-12
-225
48
130
-70
285
-239
252
-101
-185
242
196
-196
463
298
107
-77
-4
106
-18
60
127
49
-174
88
-8
237
-143
6
381
72
190
248
39
145
-299
146
124
-74
-10
-142
-69
390
268
45
-213
42
36
-153
-37
237
-232
232
-95
-130
128
54
-67
276
44
-80
-89
10
198
-70
-6
39
-197
-171
156
83
74
-152
126
-145
66
22
-48
183
-80
76
-241
-8
66
-275
111
-35
-120
-151
128
-31
0
130
153
62
-135
-229
-16
-6
31
32
-21
-48
-115
93
-79
-98
-15
76
-174
-102
228
241
-163
-102
-209
-34
102
-127
60
-30
-206
-66
118
-146
-167
-37
-277
-19
-43
128
-22
153
314
387
215
-65
129
179
120
11
-9
34
-140
-19
-77
253
-15
190
101
-93
221
-79
63
-52
-146
348
150
-175
126
135
-46
73
-64
6
-146
144
-277
78
-188
96
39
7
-178
77
54
-62
22
85
155
125
53
-156
156
-206
-207
59
317
176
-19
39
-321
-245
-51
-59
210
-10
-165
120
-57
-91
39
-55
73
9
56
-60
99
-20
262
252
-54
-18
47
88
153
-8
-41
-121
-236
150
-207
-80
-186
-498
101
167
60
53
-80
-18
-298
-109
-321
134
-24
289
145
-26
185
-51
-117
-182
61
5
-4
-194
-184
165
-172
67
96
-25
-117
-202
50
11
-56
70
-238
-146
195
166
326
15
61
-116
-81
98
-140
149
-90
16
-172
21
-252
-169
202
12
341
-9
100
45
59
53
28
49
9
231
60
22
-209
-47
-27
-61
-160
81
-259
198
21
153
-62
78
-15
162
-180
-116
-80
103
112
236
-1
-47
22
-3
111
-51
-47
85
-35
-113
-214
-105
-127
93
-102
-49
-65
263
-202
33
95
162
123
111
-65
18
6
-65
140
-3
-45
-56
-95
-59
-49
32
-118
-1
139
16
-145
51
79
53
-8
134
-70
57
13
217
56
-301
-99
-73
39
-127
-120
-78
-80
-123
111
-38
-10
79
-200
133
-35
-133
188
120
16
-190
90
15
90
-118
0
-38
174
24
-13
12
56
-170
39
219
41
42
126
121
28
-32
-128
201
-75
1
84
195
-74
175
-258
-91
4
-143
-102
-38
-83
-40
-50
-66
-37
86
-212
92
-21
-28
308
-65
-143
-110
-115
119
-95
68
194
-339
-129
-346
206
20
94
67
195
-229
-281
82
-57
-51
-60
135
116
-85
-149
123
-222
-87
-198
228
16
6
-59
267
-35
-100
17
45
208
169
95
122
-75
-88
-281
-75
5
-20
43
-35
76
21
-101
-29
-18
25
30
-122
19
-48
82
-117
329
-208
185
52
-164
-153
-68
-20
92
82
16
42
41
129
287
23
-4
63
58
13
252
326
59
-48
179
30
-134
-114
89
62
62
108
-157
-186
-35
95
149
-82
-43
-291
-41
-167
79
-29
136
-133
49
-120
16
4
-118
70
-89
198
-83
138
106
-16
-49
-16
-45
6
-83
-150
46
-66
48
320
199
-249
251
59
43
-108
69
153
160
-33
-188
115
100
1
-38
200
201
-245
25
-80
173
102
-17
252
-166
-103
11
-202
117
-61
-28
143
-60
48
142
10
358
39
17
60
32
-35
98
24
132
-71
-251
-152
-3
-19
-42
90
70
-69
58
297
103
229
82
-30
141
-167
283
256
-11
189
152
110
-102
36
66
118
339
114
75
6
-20
19
95
223
-86
-134
79
-30
225
-124
-214
-98
-139
-114
-22
12
138
-47
-315
-182
30
53
-14
-61
-100
-47
342
98
30
116
-46
35
261
12
72
-268
131
-48
-128
237
98
-114
38
21
-114
13
-50
-112
-211
41
-201
-21
44
-59
152
278
-299
255
62
-91
-310
251
312
190
-34
-209
99
-144
6
114
-62
-268
-197
-66
-147
135
261
89
264
-57
31
5
-113
-262
215
46
203
-212
-77
110
77
-180
15
102
87
-94
-298
-6
-86
86
106
123
3
139
46
274
-8
41
239
82
131
-55
-97
-170
60
62
-72
19
74
31
61
-13
206
-154
-270
71
-29
27
90
291
163
205
224
270
39
81
53
-100
-252
161
-7
-22
-14
57
-375
-157
-23
187
79
226
-133
-128
-100
-122
-179
66
113
62
25
-37
-32
-145
-56
218
81
-96
-45
-269
-1
-55
-106
-92
276
-302
37
137
-227
-144
9
-112
-94
-148
143
85
-276
-238
10
57
145
117
151
51
107
-120
20
147
-377
185
295
30
76
298
87
47
101
14
70
-314
188
-213
-43
-169
-74
15
0
327
-100
-72
-116
207
-203
251
-213
-43
29
-76
207
31
-39
-7
-79
182
118
224
-330
30
-42
-28
-97
-120
119
220
-3
-17
-114
-48
79
-55
129
-81
18
114
26
6
284
188
-69
140
-49
79
146
4
124
101
25
123
57
109
-130
100
-240
93
-23
-111
-135
-146
33
-33
129
-16
-190
-154
-68
318
-132
-59
-231
-110
-47
-74
-134
48
386
-249
-153
-122
64
-128
-36
104
-8
-62
-124
-3
-213
17
-67
-36
209
-184
-3
-107
8
-39
-21
-95
7
422
261
-210
-206
162
93
-194
147
-219
-302
34
139
65
150
246
85
37
-119
3
-12
17
-107
-62
12
137
-31
209
-228
-33
18
-49
98
6
44
45
-6
61
83
-2
193
29
-58
-17
-54
-234
-7
-97
105
121
-36
-4
223
164
51
-31
186
-163
-234
-89
339
281
121
110
112
-72
-32
-111
-99
46
-73
-137
153
99
33
-2
-184
-138
61
-347
-211
-56
-24
-32
-38
163
27
59
84
90
-129
62
59
67
-40
-15
-47
-284
-206
196
125
-97
-66
-47
44
16
108
-209
136
-14
-157
38
-86
-156
174
-113
-130
-58
-96
50
17
0
-57
64
-82
50
240
-221
292
-339
-67
-125
-140
-19
-101
283
-38
255
-4
-47
-189
95
138
-12
67
-127
201
-179
43
11
116
6
178
101
93
-18
-287
-31
123
-45
-37
-181
-52
174
102
4
-126
-2
-141
-75
-118
52
4
65
53
178
19
-211
-1
312
514
5
-117
-92
110
-152
-56
-123
-244
53
-97
148
-194
-11
-219
-269
-160
-134
114
169
92
350
-9
9
-6
-19
-231
-27
72
-210
161
-164
-187
104
-92
-40
-72
-176
36
114
13
156
185
240
51
83
-9
49
242
3
-124
-58
-192
-190
-108
-134
-25
-18
-112
426
39
35
88
-296
39
23
-62
188
-81
-112
-76
-248
-113
-17
56
32
84
47
-43
-112
-72
279
36
181
-199
68
168
-60
177
195
56
-95
-124
95
-74
133
227
-17
279
246
-118
118
-280
19
75
45
75
-128
252
-159
45
-36
-238
-176
-161
55
-3
-68
-2
6
-39
-88
-51
-96
-196
-160
-23
-192
-47
59
90
64
-225
-87
135
97
-307
-122
159
150
84
16
41
10
-214
-57
92
59
-45
-82
-168
53
-62
3
29
-53
129
24
249
-59
-16
187
-248
-176
-245
-27
198
31
-1
-39
32
342
68
169
77
-239
132
-139
127
-224
-60
66
-226
-52
-57
60
49
200
235
-42
40
142
-79
-164
-216
-248
-198
-379
131
-35
72
184
112
182
-145
-12
-66
257
-4
-172
-116
-139
467
-371
-241
-234
-164
89
106
72
-187
30
-187
2
216
-88
-52
-82
-44
157
30
-40
75
-40
-84
-128
6
146
-93
-99
45
102
55
464
-27
43
77
-88
96
89
33
180
92
21
83
294
177
-180
-311
-66
-37
87
-44
-159
172
94
91
-34
3
-68
-61
-36
19
29
-144
-37
-63
164
175
89
316
147
4
-15
128
66
-138
-92
-115
222
34
135
-40
175
18
69
-9
107
-195
-118
-52
1
-277
140
259
52
-121
-27
186
-2
-355
-109
55
-18
137
49
421
22
-124
-138
-46
-218
-135
10
-82
40
67
331
-26
39
73
21
-335
-22
206
224
145
228
110
-287
-19
169
73
208
122
46
-122
1
19
180
-8
-13
73
-24
-124
-133
17
146
149
-115
-31
117
-178
35
-57
88
-117
31
18
-121
-82
-99
75
14
266
62
-220
-36
93
232
-291
-21
-52
-172
227
-12
-197
-22
117
79
-125
-120
6
178
14
50
20
42
-150
-70
-183
11
224
59
159
-307
34
-132
-25
58
-50
-30
31
-48
3
116
-393
127
42
19
-2
-302
77
-288
-63
158
12
-112
-335
105
-55
-37
105
122
-192
199
108
-251
164
51
161
67
-44
257
-141
-186
50
-201
-128
-233
179
-39
-82
-171
10
-174
74
207
101
-247
-125
129
-207
57
94
-217
23
60
188
211
67
-55
-13
269
-34
72
-120
234
20
-6
-49
-43
-121
20
187
-8
-6
67
-114
-201
92
-41
-79
80
90
-50
-84
-117
90
-22
-77
-38
-35
110
161
95
-34
-64
-303
-280
160
-139
214
252
-144
43
-112
109
166
-160
121
-196
160
152
69
-214
-131
159
148
-177
37
51
114
-35
158
132
28
124
-82
-285
150
90
21
1
-202
-74
-104
-91
84
-199
-203
133
-43
-287
-83
-109
-14
-236
29
-44
-202
-9
-39
187
74
113
41
68
261
42
-412
116
274
-98
-133
210
10
-31
86
111
4
-302
330
-221
-224
-88
190
225
-257
222
-284
171
-56
32
15
-50
3
-185
84
-157
-147
84
-19
-34
103
-184
73
58
-52
100
20
31
-172
113
180
-44
85
-175
-200
270
84
61
-26
4
-16
-16
78
494
-219
117
-151
23
-157
255
-69
-15
-23
53
120
143
172
-102
125
317
-55
38
-119
101
220
292
-182
-158
29
91
-232
-108
-263
-113
48
53
-61
-215
135
142
79
104
14
-120
87
105
-36
-134
-129
-12
-175
198
65
212
9
-68
-103
140
-149
80
-160
-182
385
185
-18
-256
-51
-86
314
211
9
124
-22
-135
-82
129
-206
239
165
-84
-180
-132
177
225
-24
-109
164
43
-39
214
-10
202
12
124
191
64
-65
-38
108
-378
-45
118
116
-125
103
-52
46
94
43
-13
-109
130
5
78
-269
219
24
27
62
68
-202
59
-134
321
-205
-86
6
134
15
78
-33
194
27
-105
-2
-192
94
-141
56
94
-143
255
-53
63
-35
-110
20
337
13
-80
271
-150
28
182
-334
-99
316
133
213
-170
-3
163
114
-31
-129
-96
-41
-176
-89
-87
178
-29
178
30
33
77
144
-176
-82
1
-32
52
39
-168
154
-125
-98
-144
278
-60
91
134
-91
-17
-134
203
-51
-169
92
107
43
63
-63
-118
-4
12
-212
168
98
51
-140
66
115
103
5
108
-57
-47
132
-26
123
-105
-98
179
218
-67
54
110
11
-191
-168
9
-38
95
30
270
38
48
-59
68
-113
-167
-11
15
81
27
-98
-33
-48
-177
-152
-42
106
77
-87
-131
31
125
170
241
-289
-48
163
7
-1
-44
65
-264
62
-35
-151
298
-146
192
-32
-69
146
-256
-297
15
-310
-185
-129
81
90
186
89
170
-160
-210
-258
-136
193
200
-117
-71
148
-152
-198
-303
135
40
112
91
233
-206
-18
28
-79
223
-97
153
-87
16
-73
282
47
-17
-166
96
63
18
191
-16
37
-55
99
-193
138
68
-215
-141
-246
-15
-121
101
264
63
121
158
22
42
-119
84
-54
-219
-127
-11
55
-8
103
234
130
-193
8
-224
-126
197
202
-83
170
-23
59
-20
8
-92
-54
-92
-185
78
-57
38
-60
-58
160
-128
-216
-71
-8
-25
-182
-46
-15
22
-129
-88
78
72
45
223
228
-334
-223
-125
363
-41
-165
-286
-344
148
185
155
-35
182
28
0
-194
65
253
-211
132
9
62
36
128
76
56
249
-64
83
-91
-128
181
149
188
-7
-234
38
-355
52
-287
16
269
154
-56
-306
-54
5
-64
-101
44
-14
12
-66
-125
64
-6
89
37
10
-115
173
23
-114
381
56
-332
-85
36
165
-163
-132
-192
183
81
-14
235
-138
181
-287
171
59
-23
177
56
13
174
17
45
-82
-122
-75
207
-100
-223
-225
-129
-127
-230
280
-181
342
-25
-148
-129
281
-105
221
-14
-16
-15
131
83
24
-194
-117
172
-47
144
9
112
-130
105
92
22
-22
28
299
18
194
212
131
-143
-200
41
173
-24
107
37
-169
-187
176
0
82
118
27
34
-11
-186
-141
-21
-34
-51
184
155
-29
-147
68
-214
-123
28
255
108
-115
9
-44
0
148
-88
-78
-138
127
-8
57
-101
-98
-55
16
-43
35
-338
51
18
-6
-76
-57
-91
-326
67
-200
-33
-76
-203
100
36
-38
111
-149
-142
-201
-203
143
-53
-23
-20
-39
69
31
-92
-148
-91
113
207
-133
-174
88
126
-39
85
80
159
-164
-170
22
39
-184
-49
241
190
-86
-71
30
11
-114
-118
64
-191
-140
16
184
-172
-111
54
241
132
79
-9
-22
-108
-28
46
81
-18
209
49
-31
182
-150
-24
-64
6
-132
79
-136
195
104
-34
100
54
-9
-30
-44
-60
-167
-34
-61
11
-119
-71
-160
-52
-189
-33
-128
229
183
-15
113
-145
-35
116
-309
-90
-148
-216
62
135
127
83
225
38
-18
-266
-58
-319
114
110
-74
-375
-78
128
-213
177
88
233
-100
-355
245
-127
234
-19
273
-14
212
96
-189
-84
57
-187
-172
-141
-319
330
205
-154
297
-241
98
12
-249
18
92
-6
-260
99
227
24
207
-95
-76
198
10
-265
-59
-471
-50
-75
-93
-128
67
-57
288
-65
-42
-187
-152
-73
143
0
-69
-61
55
178
223
-123
-273
41
-103
77
134
136
-133
406
-130
252
-58
39
-188
-348
175
90
-115
92
259
-96
-146
-15
-33
-151
-45
320
9
234
101
-56
26
65
28
105
116
-245
160
11
407
-158
-95
-95
-335
64
-164
47
-184
-157
-7
114
124
48
-113
53
-181
-183
120
-91
153
22
-71
-55
-172
214
220
79
77
195
-80
-58
-325
164
-378
-53
-112
72
183
234
-195
87
152
100
-284
121
-117
-211
76
-72
112
17
205
-252
42
83
-127
53
-305
-276
-149
-115
-68
37
-424
-81
149
43
62
-92
-30
-115
-26
14
149
-180
-28
-2
173
-40
133
103
-96
37
-179
94
56
-256
115
137
-59
-124
-79
80
47
-186
-36
-58
-90
-68
-119
-164
174
-16
133
18
-9
141
40
35
68
171
181
138
-136
-64
138
-48
151
191
-45
98
49
156
-19
281
88
237
152
43
141
44
-119
456
117
-11
-56
-187
-126
62
137
361
-107
40
131
-88
-155
-21
294
80
97
135
47
122
-67
60
115
-217
-108
-19
57
-246
202
116
-191
173
-269
-71
55
39
41
147
-14
28
-112
-144
-14
9
-358
-59
-88
-52
-107
-35
426
24
11
-115
-276
-27
-221
-9
50
-83
115
4
-33
-7
27
-228
-121
-13
13
176
193
-70
176
105
201
12
54
-184
117
-114
249
-201
46
16
129
195
-256
-152
228
169
184
-43
-362
13
-115
126
-35
127
30
-92
78
62
-358
110
-195
-83
104
-87
-216
-7
-102
-131
20
68
92
46
118
-79
-40
33
-110
-15
-146
-42
-177
-134
-213
-118
-1
50
-34
-24
135
-11
52
-283
207
-245
8
-64
-171
55
-60
59
-146
-129
6
47
293
180
-90
-82
2
188
194
38
-268
52
116
-26
-77
-347
252
128
294
93
-79
77
-168
219
-52
-85
-354
-82
138
337
56
35
240
68
-130
-143
230
135
-120
-6
37
-172
150
62
268
-39
-72
128
-76
149
-152
60
-100
-30
63
-43
-25
83
-92
200
-15
169
-41
121
120
40
308
6
-128
-179
213
11
122
-71
101
196
-252
21
-122
-80
90
-132
50
-159
132
111
23
-128
-15
259
-43
107
159
-130
-124
-269
150
113
13
-214
6
126
-210
-114
-274
-46
93
-260
-86
-298
209
232
227
49
34
-93
313
-98
51
-116
-37
-234
145
61
-197
-170
255
-180
246
-167
-4
-37
-60
180
-63
-58
-68
-115
-105
-44
-63
49
78
90
3
1
-110
176
6
67
-17
-137
-119
5
-86
-119
-76
-83
85
193
-32
-160
-124
-176
23
-172
365
-62
31
130
52
-94
-103
-138
-57
-238
45
116
-27
-40
-60
165
-276
-250
-171
-3
139
124
-210
38
-224
-215
-1
-61
-170
-59
-151
43
332
84
46
217
77
130
-221
-43
-75
-170
56
-231
54
-29
83
-200
42
-216
-220
83
54
-81
-13
10
-36
-130
-80
-66
31
203
86
128
-210
166
119
-252
-219
19
-33
-205
-5
85
-116
203
92
156
-62
-33
232
126
-97
43
-83
-57
7
-31
-95
172
-328
-290
53
116
82
175
22
122
130
-90
-203
100
-108
-310
-28
-157
101
-90
5
77
128
51
-40
114
195
103
14
-120
-296
-254
113
-561
-192
-153
-82
61
133
-220
57
135
55
-91
-131
256
201
91
17
-37
120
207
48
95
-81
42
13
19
76
-75
-117
16
201
15
13
288
-19
67
-142
326
32
-100
-171
-185
43
167
371
-48
-46
20
9
-235
-254
-178
-168
184
53
-291
-15
299
228
-12
-302
-21
79
-12
-119
-3
151
185
119
-73
7
-309
-89
-190
4
-22
224
-192
320
13
-77
-12
-66
43
92
110
-194
-134
-165
-252
-97
-220
-66
334
206
-10
140
-254
-78
-71
54
-69
-74
59
33
-214
-196
28
19
-39
5
-393
127
92
30
-127
-69
-46
232
-9
108
20
-71
107
-72
169
53
70
-169
102
-6
-76
175
-124
30
-47
-66
-85
133
-171
69
-103
180
106
-2
-182
207
212
106
-66
133
78
70
18
-117
-107
51
-100
44
131
77
-89
-302
-89
51
-28
-73
-23
-32
-79
-8
-44
-292
40
-98
169
73
-245
-33
-285
73
40
115
-187
-18
243
348
-421
391
181
103
80
-96
-80
188
178
178
-61
-45
62
118
-21
161
-9
75
-150
-74
-91
128
-59
170
-41
-166
337
-37
-110
-118
45
-101
486
-17
95
-187
48
170
-31
-154
32
216
-86
