48 84 36
0 19
1 2
1 10
1 12
2 14
2 38
3 0
3 19
3 29
3 35
5 0
6 4
8 44
9 9
10 15
10 23
11 13
11 15
11 21
11 35
11 40
11 41
12 9
12 25
13 45
14 7
14 15
15 2
15 3
15 9
15 31
16 45
17 12
18 34
19 22
20 18
21 17
22 35
23 3
23 33
24 2
24 14
25 44
25 45
26 22
26 27
26 41
27 14
27 17
27 30
27 41
28 24
28 27
29 20
30 26
30 27
32 21
32 25
33 5
34 13
35 17
35 33
36 2
36 34
37 9
37 16
38 7
38 38
39 21
39 44
40 18
40 32
41 23
41 31
42 9
42 18
43 7
43 10
45 39
46 8
46 29
46 39
47 1
47 44
74
62
9
43
26
41
81
79
73
82
80
7
24
55
32
27
83
21
33
31
5
44
28
4
64
14
57
15
75
37
45
47
77
72
35
29
22
46
50
25
63
56
59
11
13
76
61
54
17
2
36
68
49
53
38
40
39
42
18
8
69
67
71
65
16
10
60
23
6
20
78
0
48
66
19
58
51
34
30
70
52
1
3
12
14
11
-7
-28
31
2
-32
22
8
-23
-2
70
-8
-9
9
-39
-55
17
-74
21
13
11
23
-43
65
-49
-27
36
-11
55
-5
8
9
-51
5
6
2
65
-49
-50
-66
2
-21
-3
0
-6
-19
-43
2
-20
2
23
76
58
9
55
-31
46
65
4
6
-40
-41
48
-18
-9
17
1
-24
85
9
86
-37
43
2
34
29
36
22
9
11
-32
-14
-6
-58
-25
73
27
72
-7
-19
-2
29
57
14
29
-32
60
-34
10
53
28
-29
-27
12
-29
-33
16
-57
81
-7
-34
16
-52
-18
-12
-26
-18
-1
-17
16
21
20
31
-9
-31
47
47
-20
-13
-24
26
-70
-14
10
31
84
74
-19
-4
-43
20
-2
18
-47
12
-19
33
-8
1
-86
-2
-17
25
60
16
-29
-38
-15
-17
-59
-9
24
5
-2
-29
14
-62
-22
61
-51
32
31
44
-4
-42
34
-60
-55
51
-64
-29
-10
16
18
26
-29
12
-3
38
10
9
75
0
3
-7
97
6
-42
-24
-55
-15
36
8
-6
15
-7
27
11
-19
-20
24
1
8
30
85
-26
64
32
9
18
76
49
-11
26
77
-10
11
16
-2
-33
16
-19
59
-43
-12
-45
0
28
21
50
-54
-25
37
-18
-32
16
63
-56
-24
26
40
28
-15
18
-27
20
-3
-12
-20
4
-53
21
19
28
2
-43
-34
-17
-18
3
62
13
-46
18
42
-37
-1
50
-75
-24
48
25
-21
-77
14
-33
13
-6
20
5
6
-42
26
20
56
-39
7
2
-125
-7
31
5
-25
-50
10
-1
64
-56
-20
30
-21
-21
38
-78
-4
29
-22
51
19
-10
37
80
72
37
1
26
16
-25
-50
-33
31
27
31
35
33
-54
-57
-5
-25
20
64
21
42
19
-85
57
3
57
-57
53
29
35
-3
19
-49
49
68
6
-19
-9
11
-34
0
-83
-54
21
18
54
-33
-3
-55
28
-62
-1
-15
40
4
24
-41
-13
-15
38
-49
8
15
-13
0
-1
29
-24
-30
-6
-8
71
-40
-56
52
-5
13
-5
17
-30
75
34
6
-73
-97
15
-18
-32
-25
-4
-48
-17
26
-32
51
10
45
-58
48
11
49
-54
-58
-50
-26
-36
-5
-42
17
-51
10
-34
-25
32
14
20
-13
-78
5
22
-19
31
52
42
21
-17
40
45
33
6
-22
8
-13
32
-36
36
66
-1
-6
-18
-27
-35
-63
-45
41
39
-87
69
-32
-40
-19
34
10
23
4
-8
-16
51
-10
0
21
-20
32
13
17
12
-7
-8
20
23
-25
-50
2
-14
-26
41
-46
-59
-84
-32
1
-85
-20
-50
40
38
11
1
-45
1
12
-18
-58
24
-51
14
-27
43
7
-7
-92
-46
-17
35
31
34
9
8
11
-24
-27
57
73
6
25
-37
-21
-37
-19
-37
75
-9
-3
12
-20
-26
18
47
-3
26
9
-11
21
-5
-11
56
4
-25
5
19
6
22
-21
11
18
79
3
-15
71
-72
-15
-33
-13
23
0
-20
-11
32
18
23
-42
53
21
-36
15
59
-34
-3
-29
-17
4
22
16
46
56
-20
70
-5
-35
53
-66
-21
21
-61
12
-33
4
19
-50
-27
7
-10
-21
-15
1
1
11
35
-35
35
56
22
59
-23
-27
-25
34
-7
-13
39
11
39
-1
-30
27
11
-23
-15
-89
14
-17
-3
-10
-33
-15
50
-14
-2
-74
-34
-56
-49
6
59
-4
-13
38
-21
34
10
-36
20
-3
25
4
58
-46
54
58
15
55
26
-19
48
-54
22
21
-39
-65
-15
-64
-38
29
-19
-31
-2
67
7
-3
40
-46
26
48
-35
22
40
42
17
43
14
-6
15
-4
-54
6
54
46
34
57
87
-10
-6
7
29
3
-77
-84
-55
25
-61
-22
23
-6
-11
66
60
3
76
44
26
5
34
74
-37
30
-27
-35
4
31
7
-58
-69
-95
-3
-37
-11
4
-23
17
-42
33
-9
69
-15
-25
-40
-15
-4
21
-10
13
24
14
-26
-41
18
-5
13
61
11
49
44
17
52
-45
14
102
-32
-20
-31
-5
-77
-17
-42
16
-36
-36
-10
52
-35
-5
-43
-34
-34
12
46
33
-14
-48
-7
29
86
35
-45
-22
-43
2
30
19
-17
-23
13
13
12
25
-35
-45
-76
24
9
-17
5
34
-66
38
46
27
35
-6
-31
-6
-58
-49
-26
7
34
-18
-9
-19
1
40
-49
45
-8
37
29
-24
15
34
-76
10
-19
-2
-33
-3
-38
-31
-9
-10
-15
25
-36
4
20
-20
-49
-37
91
80
37
2
40
-3
11
23
31
1
-6
-21
2
-12
-9
-55
4
-7
-73
-45
22
35
-27
-47
-6
-49
-26
-28
21
103
-6
3
-39
-66
8
-61
-24
34
-4
29
38
-69
34
0
-62
-52
-31
-28
-43
-10
-47
-40
-6
-8
37
0
-24
31
-23
-25
22
29
40
41
41
51
-3
4
61
14
12
-4
-33
7
25
7
-39
6
-41
-16
-12
-48
-6
-6
-35
12
-57
49
-50
38
-15
13
-17
21
-28
-6
6
-1
33
-3
34
-9
-20
-10
63
19
-13
37
14
26
-2
-75
-55
-48
-7
7
-8
35
8
36
73
35
19
18
-8
-23
-4
10
-18
10
-81
-58
61
6
16
56
10
-6
11
-35
83
40
-50
-3
-36
88
-6
55
-37
-41
-13
-10
-39
-31
53
39
27
66
45
-30
26
36
27
6
-11
-22
28
13
19
41
1
-48
39
20
32
-15
-55
20
25
7
-38
-4
17
25
-1
-26
-4
-76
-24
-24
46
48
-10
-14
-36
10
-29
1
-14
-17
42
49
-11
-41
53
41
63
-4
47
-8
5
-35
19
54
9
-20
22
-7
-4
-2
6
38
-72
7
14
39
-34
-28
-45
-56
-49
16
50
-32
5
63
27
-25
-31
-6
6
2
23
-19
-96
-41
-10
29
17
28
-19
19
-46
23
100
-9
39
-15
-10
-59
-21
5
64
-47
12
-7
-24
10
-13
-11
-9
-11
42
38
-37
37
-14
46
45
4
16
-28
35
-19
17
25
-24
-49
-15
-28
92
-20
2
-2
-23
33
7
-2
1
11
-33
53
26
15
27
60
75
36
23
4
-84
51
19
19
45
-21
42
-9
-22
-38
-98
23
16
-86
35
8
25
-63
40
-1
6
-31
-10
-21
27
-9
4
-20
4
-3
-22
-65
-15
-72
5
-55
-37
14
-49
57
48
16
-76
0
-19
-49
-53
50
-36
-14
-40
8
33
-62
54
-19
-102
-11
-29
-51
-14
-19
17
-42
-4
-40
45
-11
-13
-31
-48
-30
34
-7
-23
-7
-48
1
-16
27
24
-79
-13
-37
-20
14
-66
24
-34
60
16
-38
-83
37
-29
-16
9
41
25
13
-36
-23
-48
8
-40
-49
57
44
16
-7
-16
-22
-8
-5
-47
-14
25
-70
-5
20
11
-37
-12
-13
-53
20
29
74
57
-52
71
66
-20
12
-43
32
-6
-40
-4
-61
2
38
26
83
25
50
4
-57
-51
-5
-24
10
19
-29
31
-8
-73
6
-4
-40
38
98
-16
-62
0
60
-36
4
37
43
1
3
-40
7
-21
-62
30
-1
-32
-42
-21
-3
22
15
7
-52
-36
-19
26
21
21
-24
-25
30
45
12
-9
20
33
-31
36
11
-9
-37
53
-43
43
38
31
23
5
35
-12
24
-19
10
-17
-1
75
12
-60
3
-36
10
48
-28
42
69
-58
29
-44
-18
39
14
-28
-42
114
18
-27
-10
-20
-9
-37
44
46
45
39
-1
3
-14
-69
-50
-46
-17
48
62
17
8
-13
39
2
-10
38
-38
0
-43
52
33
42
63
-44
10
-53
19
-30
-20
5
6
-51
5
18
-49
-18
-13
28
-19
37
36
58
-11
31
-25
-5
-11
-14
60
-29
-26
-12
-45
-15
12
33
-19
-95
-34
60
27
-22
-17
-66
-26
-35
-27
58
62
-39
-54
13
-49
-21
-1
23
-71
21
11
0
-53
-47
-40
55
-40
-46
42
-40
-14
23
18
7
-5
7
-38
46
-1
-6
-13
7
-2
-24
25
56
32
60
-37
4
-34
-10
32
8
-27
36
41
-43
-27
-13
-18
-14
-8
29
46
6
-9
-77
-35
-10
-11
-26
33
34
-26
-3
18
1
-6
-8
-34
-34
-7
-29
-15
38
-24
37
-6
74
24
-50
-34
-62
-65
-31
63
-29
33
-23
-16
11
-14
-26
50
32
29
80
68
15
14
45
11
38
13
20
4
-1
52
-14
11
-21
35
-51
64
-18
59
36
33
24
-12
50
0
-37
-24
2
-5
40
-43
-70
-6
42
-47
-10
57
15
-32
55
17
7
24
73
16
-21
-20
-17
-55
3
4
-9
-24
-31
-53
58
-23
-8
-10
-17
71
-22
-3
-10
5
-52
-24
-50
-5
-53
-33
36
-30
118
-38
-6
-25
19
21
55
-44
-5
-47
16
-96
-30
7
-22
-37
-54
1
42
8
13
4
-27
-1
0
23
-15
-23
10
-37
-15
-102
43
-2
-13
-23
-6
6
-8
-9
-35
6
-4
27
-5
58
56
-26
-56
-1
-40
14
40
-32
-21
20
-50
-27
-39
15
-14
41
15
-37
-52
31
-25
8
58
20
-4
35
30
3
-16
34
16
25
-49
4
55
22
20
31
18
4
-5
32
17
-14
-27
27
-27
20
9
-2
31
40
-27
-17
-16
3
-4
-14
13
2
-6
-29
-3
3
-6
42
45
-33
-32
29
-49
10
-64
31
17
9
13
10
12
21
37
-17
-14
-32
-3
-2
18
15
11
10
13
-39
-11
40
-3
-48
-14
-14
-28
29
-10
-21
40
-60
-9
-9
-7
31
39
-73
10
-57
-7
68
26
-10
8
32
-37
3
-51
6
1
-40
23
-32
-43
25
26
-27
-9
6
-19
4
61
25
63
-49
33
-12
64
-68
2
26
-19
57
-44
64
15
-11
37
-69
-41
26
61
9
44
-3
-4
27
-68
32
29
-19
-60
13
28
43
72
1
-12
-28
17
-63
-32
-7
46
-56
-16
32
-14
-42
23
10
16
-1
23
-32
41
-34
89
-3
46
15
21
17
-25
51
-42
15
7
-3
-42
-20
45
-28
-51
5
-3
-77
22
10
-42
-9
44
-21
-65
44
70
-19
15
1
7
-29
-19
-19
-12
-1
-43
0
10
37
44
-5
-72
40
52
1
29
-10
-37
-7
2
53
47
-26
-6
-4
-18
-23
8
2
-20
-20
-33
-55
-26
-18
-13
-2
28
17
-22
8
34
11
-1
-27
29
-44
7
45
18
7
-30
36
-32
-27
24
29
12
26
37
44
25
3
-41
-11
-10
-26
-17
15
23
6
-7
30
48
-8
-46
13
21
-16
29
-15
-4
11
-66
-5
-18
50
-52
0
-5
-22
-11
-39
-47
38
-2
-11
-28
-15
-37
-25
-42
42
-68
17
7
-19
-18
69
49
7
7
-20
16
34
-47
9
14
-1
-40
14
-79
-11
-13
5
-26
1
52
-2
34
54
16
13
-8
-61
-29
-51
70
-76
11
4
-72
15
-37
40
25
-13
-17
20
-79
-33
22
49
-51
-3
19
30
34
13
-3
23
-20
-2
-40
-2
25
8
-60
41
-38
-35
1
19
15
3
-82
14
30
24
50
-8
-42
-4
-2
-12
22
16
-34
-5
-15
38
33
-55
-19
-22
-1
35
-65
42
34
0
4
-1
-24
-15
7
-42
-30
24
16
-19
20
4
-47
-19
-69
69
15
-10
1
100
16
18
-10
13
-7
-64
22
-13
-22
-31
-42
-35
-23
51
6
-22
61
-11
7
9
-39
-47
22
-35
-18
-36
-16
-20
-18
-2
36
11
43
-16
31
-49
-97
90
21
23
8
41
-21
13
-22
-37
64
-13
26
-84
-43
3
5
36
-54
-1
-42
26
53
-6
-29
-8
9
-4
12
31
35
43
48
-55
-25
-26
63
-32
-77
32
-2
-43
-9
-10
33
7
-25
55
51
4
-31
-43
20
2
-59
13
65
17
48
12
-50
28
-22
-9
11
20
17
17
-35
15
-10
84
19
35
-8
-23
-21
-24
5
-19
-22
27
4
-18
55
115
20
59
-29
15
51
-17
-20
44
-39
-59
28
-26
0
-3
32
-26
1
-11
11
27
22
41
101
36
-10
-35
-39
3
-51
-28
9
24
-18
-31
-23
56
-7
-16
-50
-25
40
-11
-29
-69
19
16
-26
10
18
-8
-39
-13
65
48
-72
-4
-41
-42
7
68
17
53
35
21
-119
27
-19
22
9
-21
2
56
-7
28
57
-9
19
41
19
0
60
-5
93
18
8
-9
23
76
53
-8
-14
-30
-57
22
-11
37
-4
7
28
-43
-15
-43
1
-84
80
4
-14
26
8
-47
53
-6
-20
8
41
-11
17
-55
36
2
-45
-24
13
6
-6
19
-26
8
-59
-22
-7
-13
33
-25
-32
-10
16
-21
-38
14
23
2
-47
60
12
22
10
70
-3
-67
-20
1
10
-15
65
-31
69
-23
47
-12
-30
-36
-59
31
36
25
78
-42
0
22
-20
45
12
18
-8
16
-58
-47
11
-54
41
24
-26
-33
13
43
24
2
-11
49
-51
16
30
-17
-26
-33
59
-45
23
-14
-54
14
41
-77
-22
16
22
-15
54
48
-65
34
-38
-78
-51
-13
77
11
41
-16
60
-41
14
12
-25
16
30
-40
-15
-62
12
17
57
-60
16
10
25
-15
10
8
-22
-16
27
-31
-63
-35
-41
-42
-26
54
-29
47
2
12
-58
37
-21
54
40
21
-43
-11
19
-20
76
26
60
18
82
-2
51
-17
48
14
52
-59
-56
-4
0
-10
11
23
-32
-18
54
18
-1
-13
4
-10
3
-23
40
-42
39
-9
35
-63
-35
-25
26
-29
59
34
25
-71
-33
11
-6
18
17
18
34
1
27
18
1
-2
-41
22
1
54
-51
19
9
13
38
17
-60
-26
-43
29
-36
-17
-13
15
61
43
16
-18
24
-66
-38
-43
-60
-40
-46
-25
-5
17
29
-36
-23
13
-12
25
68
14
2
11
3
-73
85
-12
13
-25
-27
-16
39
46
-16
-12
-23
37
-35
-8
16
11
-10
-47
50
45
5
-34
62
-51
30
-46
19
-21
-42
11
-33
34
-8
-36
106
-61
-49
37
17
17
-16
-52
34
-17
5
32
36
83
35
-20
33
27
22
-44
-51
37
-15
-34
16
15
-11
-23
47
-3
5
42
62
39
41
21
-87
-15
47
23
-22
-49
66
93
-6
-14
-2
-49
-11
-47
91
-15
-28
-4
6
-11
-10
6
-55
29
13
-42
18
-26
21
16
22
-30
1
66
80
26
32
-36
2
-34
-22
-4
35
59
-21
-64
-49
30
43
8
10
-4
-3
-26
14
19
43
68
21
73
-13
-18
-7
-7
36
-6
-62
-18
-13
-51
-8
-34
20
-6
28
52
-18
-25
25
28
-124
26
-4
-19
-24
43
-6
-35
-27
25
-43
39
1
11
-60
30
4
4
-18
83
27
-46
-68
-17
7
8
29
14
35
50
4
40
31
-52
-28
14
45
43
32
43
-16
53
-14
7
-14
5
-13
16
2
-19
37
-12
-27
49
20
61
-5
-30
-3
4
27
-69
-85
5
-20
-23
39
23
-32
60
15
67
11
-43
20
-20
-6
5
-36
17
-10
4
-26
44
-32
23
-7
21
-15
-51
-33
18
-20
58
-13
-77
20
-12
-12
-30
-29
-12
-70
-21
-31
5
127
17
21
49
32
8
-5
53
-62
13
8
83
-31
39
-14
-21
21
76
-34
-52
-49
-59
60
-48
-101
-48
31
23
14
-17
48
58
36
23
-21
-37
21
13
-54
-29
-19
-23
-20
11
-12
-5
-45
-19
-8
-29
0
-61
28
34
36
-49
-19
25
8
0
39
27
16
-37
-3
-39
5
-56
-52
12
-38
-42
-37
8
-3
42
36
-9
26
-41
-16
-54
58
5
51
53
-1
4
47
45
8
-81
45
-48
11
-28
-45
28
53
9
52
-34
-2
-11
17
-7
45
19
-66
3
-7
-5
-41
-21
24
8
57
-81
-25
8
-60
-11
-27
-62
-12
-40
38
0
43
5
54
-8
18
90
-5
7
36
58
-16
-22
-27
37
21
-37
-38
11
-28
-19
26
7
-6
-18
-3
-38
-37
21
-17
41
-22
-58
-29
-1
11
13
-13
43
66
6
-35
45
20
-2
-49
-6
46
-15
38
-37
-30
-30
19
59
5
12
29
-58
-41
43
-20
-3
19
57
74
34
-39
10
3
2
20
-11
-23
-51
-28
-43
-1
-36
-6
55
1
-6
33
-44
14
27
-44
41
9
-42
35
2
-6
59
-13
-20
-1
-38
-8
1
16
-17
9
-25
-23
11
-31
2
16
75
-1
-15
-48
38
-13
-25
11
18
1
3
22
-32
-23
-11
81
64
21
6
-2
16
-70
-42
26
-7
-48
-63
-9
32
14
-23
24
-44
-41
-20
-4
18
-22
26
-22
71
3
98
-42
8
-45
-35
61
17
2
-31
71
-1
5
-23
-5
76
-38
-9
16
90
0
35
5
-10
-25
41
-20
-10
8
-4
6
8
-39
-52
-13
-21
-27
-6
14
72
-9
19
11
12
2
0
32
-1
-48
-5
46
-9
1
59
-38
-10
8
-7
8
4
-3
41
16
-40
20
-38
-7
12
83
-16
13
14
38
-75
65
2
-6
-10
2
-3
-17
3
-23
53
-26
-43
-25
0
12
-1
-8
-49
51
-19
75
-23
-33
24
-32
-13
34
20
66
10
54
-11
24
-41
-43
30
9
7
-21
49
11
37
-20
48
-50
10
13
-25
-35
-2
9
33
68
0
5
57
27
29
25
-27
21
-70
-48
-2
-72
9
39
36
52
6
-37
-51
-43
24
61
3
-49
83
44
9
14
-12
-12
-6
-18
25
-15
-81
-18
86
-15
-12
-53
23
2
-43
41
6
16
8
22
9
-29
-27
-50
27
12
-33
15
0
-41
55
-14
-65
-23
22
19
-41
-20
60
-44
12
45
-27
-9
-5
-50
-56
74
21
-18
-39
27
7
-37
5
32
-58
40
8
-12
6
-19
9
78
-26
-11
16
41
-6
32
57
-14
32
-33
26
-25
-7
-53
100
1
-13
-17
3
-16
3
-28
40
-25
-31
79
59
-5
-25
-25
52
0
-4
-74
-63
-27
39
30
-39
-45
0
45
-18
17
22
122
-32
42
35
38
-20
-57
41
80
-31
19
-34
54
5
-4
-68
-5
25
71
18
-23
-45
-81
62
1
-50
-7
31
25
18
29
26
9
-22
-17
46
-9
-30
35
-43
11
-29
70
-32
12
-89
-2
-7
-20
-50
24
-10
26
-46
55
-22
-53
-4
-23
-71
-91
80
43
-24
-28
-21
-4
-36
13
-33
-20
-45
-39
-8
-32
-9
37
0
47
4
15
-69
-63
31
21
-38
3
4
13
34
56
7
26
8
-44
8
-10
-3
-33
25
-58
-49
33
30
20
69
-11
0
9
2
10
30
-77
-25
-14
21
41
65
12
17
32
46
22
0
-62
30
-21
3
67
32
-9
-25
44
-57
24
-4
37
57
-30
-37
117
50
-2
39
-62
50
41
9
-9
-22
-25
-45
-26
18
26
8
-2
-5
3
30
-4
-61
-18
-60
-23
-44
44
6
-34
21
-4
-26
-43
-8
7
38
11
-9
-31
18
14
-2
-21
-3
-8
1
58
-24
50
-1
14
-22
21
92
-41
-6
27
60
16
23
34
-63
-49
-15
-24
16
12
28
-28
31
20
-8
43
-49
55
-28
28
14
-62
27
40
-15
-43
-36
18
-15
3
-26
2
9
44
6
40
14
3
-3
25
29
61
-6
11
-41
11
-46
-37
-1
7
0
33
-52
-19
-27
16
-38
2
-24
-24
-44
33
66
5
3
-46
22
-30
-30
-31
7
-100
-42
44
35
-4
-27
10
-40
-53
-88
-28
28
-34
-24
-23
49
51
-46
-23
64
41
40
-9
-23
-16
42
-60
59
-16
7
-39
27
-7
3
-38
-102
65
-17
-52
-19
-53
-2
-78
-20
-74
41
3
37
-55
42
-1
-47
-43
52
22
29
-9
-8
-12
-6
-10
-4
-30
24
-39
0
18
125
6
-48
49
49
-1
-94
-15
-5
19
16
20
52
30
20
0
-52
17
-12
25
76
-25
-16
-9
-2
-34
-21
8
62
-59
82
-16
-55
-3
-41
26
2
-30
53
-7
65
44
64
7
42
-13
-1
-7
14
-38
0
-37
19
17
14
-30
47
-25
-9
-6
19
79
14
-2
10
-1
-30
29
44
-33
2
-34
-13
-86
-36
-3
-7
33
15
-2
-36
7
53
5
37
-11
-4
-3
20
-61
-80
-37
-3
17
-27
4
45
27
-44
-61
-9
32
-49
1
-52
93
-2
33
7
-33
-36
-14
59
-40
67
-46
53
-40
-22
15
-6
-38
98
-27
-51
-33
-34
51
19
56
64
-5
2
33
3
22
14
-14
-10
-26
17
-30
29
2
15
-22
14
30
3
-3
37
-14
-3
-88
-15
22
5
-28
-30
36
-87
2
-29
-23
-26
-3
7
-6
-32
26
1
-7
27
31
41
46
-34
11
4
-3
33
15
63
-57
22
-3
23
-11
34
-39
-5
36
16
48
48
-19
29
-9
0
25
-28
-12
13
48
-9
78
-40
-8
-44
21
-21
-31
-33
-7
-12
-60
54
-56
-17
-76
7
-7
8
-19
-83
-18
-94
49
-7
47
28
3
36
-43
60
42
6
61
-2
-4
-36
-58
-54
-13
12
10
-32
-16
2
-30
7
31
13
8
-25
20
-64
-24
33
-8
15
42
56
10
25
-9
5
4
13
-2
-24
-19
-9
-1
40
3
43
78
16
-19
12
8
32
24
-60
64
28
15
2
67
-12
24
-16
-56
-49
59
41
43
-21
-11
-16
55
-39
-37
-26
-4
44
-24
10
27
13
50
-3
42
-5
89
34
-41
-91
-33
-13
25
3
6
37
57
55
22
-45
52
24
19
26
-41
-55
50
-62
-73
-16
23
-13
-19
9
-28
5
55
53
13
-7
-11
28
-44
-25
6
-49
-98
-20
12
-33
63
49
1
57
8
4
5
-12
-48
35
-66
-18
-12
12
-37
1
-27
-17
8
39
42
-24
-38
6
-69
2
16
-63
28
20
16
4
7
12
-29
0
-70
-2
-18
-19
27
-43
5
-41
-12
-2
-77
8
-46
-83
80
-21
66
-2
-13
-54
12
7
16
57
-23
-20
1
-33
18
38
-54
18
-24
-7
-9
-33
-3
-22
-14
6
-10
-33
-140
48
-30
-16
51
4
3
17
-26
-1
64
-32
-28
-9
-27
12
32
-35
-27
-13
-2
32
21
-18
16
19
-42
-61
-88
-59
-4
15
-60
-32
52
12
-74
-17
-28
13
-19
-27
42
-33
24
72
-20
6
50
-3
4
-19
34
-32
-30
21
54
-20
-1
1
-34
24
72
9
11
11
45
-10
-19
7
-24
-42
35
-46
39
-2
26
35
-11
-1
50
-23
-19
11
67
22
-20
26
12
-11
2
20
-19
87
-3
-60
25
-8
40
-20
10
21
76
4
-42
2
5
-12
-17
-1
-24
52
50
25
-16
-59
-12
34
-28
27
-28
-44
-45
-45
-60
-36
26
12
14
39
-2
39
1
47
-39
-49
2
53
29
-30
-14
-6
-23
1
30
-16
-2
-84
27
35
31
-60
52
-16
16
11
-10
8
34
24
111
-27
-28
-16
19
54
-47
-22
19
-34
10
-7
-5
28
34
27
-13
-28
51
30
95
23
-77
12
22
45
-18
5
-14
-35
-16
21
-29
-14
27
-9
-7
-8
-98
-47
-34
1
69
1
-11
30
97
38
-96
-33
-10
36
-15
-49
-2
11
18
26
-8
2
9
-21
20
-9
8
1
20
-3
-23
42
44
-27
70
2
-20
-14
-30
-76
-55
77
36
-11
9
10
-31
27
30
-14
20
8
-40
50
6
-23
-23
-62
-17
23
-5
-18
43
20
1
19
7
-43
14
-14
-17
18
-48
18
-36
-13
41
52
-49
-62
20
-43
-52
23
-24
-17
-34
8
-3
47
-26
-25
51
-68
27
40
-40
23
39
-55
-20
7
0
-45
30
-43
0
-31
66
-26
-4
-18
22
-5
-17
26
7
49
-33
40
58
15
62
12
10
-23
10
16
8
21
-15
-23
63
1
22
-41
-13
18
-4
-42
-2
10
1
43
11
27
70
15
-9
48
-13
-90
-7
36
33
38
-11
43
-20
-26
29
-27
-38
-1
51
10
-26
-2
6
16
0
-5
59
-50
19
37
8
67
-22
23
-32
-5
-28
-12
6
45
6
10
-10
20
17
-46
61
-3
73
19
18
27
-20
42
12
-8
122
37
-8
16
16
-43
-19
32
-60
-1
27
74
-9
35
40
59
15
-18
18
18
81
-7
-13
-6
69
27
-20
6
-20
12
-47
12
32
1
21
35
56
-1
33
28
51
-10
4
-17
-46
-13
7
-43
-4
21
19
-20
-4
58
42
1
-47
21
-24
5
6
-5
-8
24
32
-15
-5
53
41
-38
37
31
47
-23
33
-46
-40
2
12
-57
-1
-16
52
24
26
33
-38
38
11
-12
24
-25
6
-36
11
54
59
-17
14
7
-9
3
2
-6
32
33
-32
-10
-11
-9
48
-32
-60
5
23
-7
-63
-8
-30
5
-61
-12
-2
-33
-57
30
-48
-25
-12
21
-3
-39
-20
-10
-2
1
53
-21
-27
33
43
-43
-59
-26
65
-33
15
-52
-60
38
-50
8
13
-22
60
-60
3
9
16
-9
15
8
-11
-35
-10
50
-58
-20
-64
-40
-55
-57
-48
-7
62
-12
-53
17
10
44
31
21
-60
68
-70
-9
-56
83
-42
-5
17
-60
-8
47
-78
40
-41
-49
-82
0
20
-4
-23
-40
32
-47
-38
17
-29
16
-15
-4
-69
37
4
12
-17
26
-16
-28
12
-11
-123
5
42
60
-10
-60
-16
-36
41
-22
-55
-6
-10
-34
-29
-23
70
13
-13
66
-30
44
3
14
22
-66
42
13
11
4
2
25
-15
3
16
11
17
-30
-60
-32
38
-50
-14
19
13
-23
70
-24
33
-20
47
43
48
-60
-35
4
-24
35
-41
-5
27
3
10
-43
3
-28
39
8
32
1
-5
-54
-3
3
-48
-33
-60
-58
-24
-9
28
-3
-32
7
-3
7
29
36
-40
25
29
9
16
-75
-18
-60
-45
-21
16
7
17
2
4
-12
-48
85
2
38
-10
32
13
-5
-22
62
28
-17
-21
7
-45
36
24
-17
-18
-34
-36
38
-20
66
-17
43
-9
-52
-68
-26
27
8
-33
20
13
35
-25
-12
-39
-54
1
-7
-31
-56
64
40
-60
-19
28
1
-17
1
4
17
2
-58
12
16
6
-13
-32
-9
66
-19
-12
15
-1
35
58
35
-7
-41
1
-77
36
-83
-40
17
-54
7
-45
-24
-40
85
59
48
28
14
-14
-70
2
-49
21
13
-50
-27
-49
6
52
-27
6
54
-17
59
-47
3
-62
7
4
38
-4
14
45
-16
-14
-71
-16
-14
5
58
-23
-31
14
35
32
-6
68
47
-9
43
6
30
2
-12
-24
98
26
3
27
30
46
-19
-53
63
-27
10
-63
-7
-26
-24
-7
-75
47
91
-40
-27
-33
14
43
16
-37
31
-3
29
-18
-12
-6
11
37
20
-32
50
-11
-41
-92
9
-11
-97
26
4
4
31
-38
12
23
19
-24
19
-17
39
-3
-32
-15
-39
4
-16
63
35
-18
37
-56
11
-7
-33
27
-36
-62
2
-39
-28
-50
-29
20
69
33
64
3
-27
18
1
-50
-64
-3
-49
2
-35
-44
11
-19
44
15
56
-29
-23
-23
-42
-32
-74
-41
13
-29
-70
47
70
-19
-38
-6
89
-3
-34
-23
-20
13
33
22
-41
23
31
-48
7
46
17
-52
-32
-19
37
36
-12
-39
2
-9
-22
-26
-35
-43
-11
7
-81
-8
-18
5
-9
-24
3
3
-51
17
17
-26
80
-56
3
27
13
42
35
-79
15
1
56
-8
-6
-5
34
4
-33
6
1
43
-20
-2
-64
82
14
4
-17
38
14
-21
26
27
24
-40
21
21
-19
-14
8
42
-88
48
-35
-30
60
-29
22
-74
38
15
-43
-6
63
11
5
-47
-40
-14
98
21
-61
-10
-44
-49
-126
-13
15
-31
13
-10
51
43
-43
43
-32
33
16
-92
34
20
-69
-3
-17
-25
5
15
65
54
-21
29
5
39
-17
14
-18
-2
12
-41
41
26
0
42
-14
-43
7
20
-71
5
23
-7
-33
-20
-15
40
37
76
-32
-7
2
15
33
-29
-9
39
-37
60
-5
-2
19
-65
-4
32
-26
-16
-8
55
17
29
12
75
19
-85
1
-26
9
-37
38
-9
-26
-1
-2
-71
-21
18
-2
-6
20
-6
37
46
-79
-32
-3
41
3
-40
-37
37
29
27
-10
8
29
-60
-21
42
56
-12
5
-44
-67
53
-98
-24
-3
55
-48
-32
33
6
-20
-26
1
63
-9
41
18
-69
-47
17
47
7
-36
10
34
3
15
15
-65
61
2
-15
29
-26
-25
22
-37
12
19
13
-37
21
2
2
-27
-74
26
-32
-53
-18
7
-40
-37
-12
29
28
-33
-25
-48
-53
-57
10
6
57
13
-11
12
19
-42
-14
15
-76
-5
-34
-14
36
-6
-3
32
12
34
-3
42
-33
16
18
7
49
2
-4
-54
-24
14
33
101
41
32
15
-23
23
20
-27
35
50
-48
7
25
0
32
35
-37
-9
4
33
38
-42
-21
36
13
9
-19
-97
-26
3
18
-35
48
-50
63
27
-5
-18
-9
33
1
-77
-1
27
19
-18
42
37
-48
11
10
42
17
-5
-97
0
14
43
-13
40
-44
48
33
17
21
71
-20
-32
-56
5
7
-41
-27
-34
-6
-64
-31
-59
3
-3
6
-14
27
-56
29
-39
-11
10
4
26
-6
26
42
-25
-105
40
13
43
-21
-1
2
9
34
3
-28
32
-8
-10
-41
-78
-16
2
-21
-35
25
-46
-32
36
32
-5
-73
-4
14
45
5
-1
29
35
49
-11
-12
-10
4
20
2
-7
16
6
-29
32
51
-12
98
-19
-6
6
4
-38
-39
39
-35
-3
-22
2
-48
45
45
18
-43
63
9
-34
40
18
20
26
30
-15
41
12
0
14
-37
35
19
17
78
-31
21
15
31
-6
-11
3
-57
23
-28
9
27
-11
15
-79
40
-58
-2
8
6
-35
34
-15
15
23
13
-40
-1
-9
29
56
3
1
-51
-40
10
31
11
-9
-26
4
-36
32
-6
-63
49
-47
-7
9
-87
7
-45
-6
-6
-20
-46
21
58
28
-65
17
-29
1
16
32
-5
-44
6
-27
-4
-44
-51
8
35
19
-26
-10
-23
-8
-10
26
7
-56
-49
19
71
58
48
3
-7
-20
19
-19
51
-20
-17
-64
18
55
-93
28
-28
52
26
-20
-42
6
38
-58
-44
-22
30
-22
-13
11
5
-32
19
57
-23
-48
68
-64
-4
64
26
12
37
-5
4
-25
21
-27
-28
-26
-12
10
-31
13
24
34
-20
-13
26
10
90
35
-33
-17
36
53
-21
29
-51
-78
-68
9
24
18
-22
-50
8
77
6
-10
-65
80
-21
-55
-118
-16
22
-17
-42
-12
3
-20
20
50
67
7
-76
-9
5
52
2
25
28
-29
-16
33
5
-49
-33
-50
42
10
18
-6
78
5
18
10
36
-25
16
5
-31
23
7
-21
-66
-18
5
11
28
-13
20
6
-8
27
-6
29
-33
42
-20
41
-2
36
25
4
25
-22
-8
-49
-27
96
-14
65
18
-33
-1
5
33
39
19
-53
-6
-18
-25
-38
52
-26
27
0
8
21
9
7
34
-34
-11
-2
-10
-72
-79
-25
-45
-34
15
32
-36
50
-65
3
-21
8
4
-45
9
11
-46
-4
-50
-67
3
18
-82
36
-8
46
-7
53
86
6
57
-42
-28
18
-67
57
27
14
23
61
25
-1
22
-53
-78
-46
55
3
-1
61
40
-33
14
52
-24
-48
-19
-29
8
-45
62
-44
-6
-95
21
25
-9
-50
1
50
-26
12
20
27
-44
-41
-40
16
12
-12
57
33
-6
40
-56
28
15
6
63
15
26
-21
-56
5
-5
-75
-18
-31
-34
8
6
-24
-29
-9
-42
-26
31
34
-48
11
120
39
45
13
-9
-76
-4
-1
-26
22
31
0
1
22
-23
58
15
-18
29
-5
-34
55
-8
31
13
35
63
-38
14
50
61
-24
-64
-32
-15
-49
14
44
-2
-21
-37
-12
-32
71
-64
-32
-17
-45
2
88
-8
-54
52
0
2
9
-7
20
-10
24
-26
44
-57
-48
4
63
23
14
6
21
-2
-22
0
23
26
-35
51
14
-2
17
-7
20
4
41
-17
-32
-43
28
11
59
33
8
-3
7
-3
5
-37
-18
34
95
-66
-25
36
103
5
11
-11
74
25
15
48
-9
-2
0
52
-50
33
50
-19
-4
-81
-35
-38
28
60
61
-29
-19
42
-76
-45
-20
-31
5
-2
-21
7
6
0
-13
-56
-29
-2
6
16
33
-29
34
11
-35
-18
24
45
-38
48
21
-33
12
-12
-23
44
-46
23
-13
15
-60
60
44
36
27
42
-5
-30
-17
-1
73
2
52
-17
20
-13
-5
-86
20
-4
19
-18
-14
22
36
37
58
3
26
-10
2
-4
38
-8
48
21
-118
41
-70
-16
0
31
37
12
-15
-17
-11
-43
16
39
-4
18
33
-4
48
30
-9
-3
1
12
39
1
8
27
-75
-31
-84
1
-100
-23
23
-6
58
-92
-46
2
2
-41
-31
53
-33
0
68
-13
35
-28
43
-44
64
26
-4
-27
27
12
-12
7
6
8
-9
-10
10
39
49
-26
14
-23
62
66
28
80
47
-66
26
-14
-1
4
29
42
-31
10
-22
-58
43
13
-37
67
11
-33
48
-32
16
-72
-32
-16
61
7
-60
-26
-61
-51
-57
31
36
25
-29
38
-34
51
3
28
49
47
-30
12
32
23
-50
-24
-26
22
2
-12
-49
17
-4
0
-27
14
14
-14
-33
-42
-5
60
-34
-37
-49
11
-17
25
-13
-24
-55
24
-20
-20
29
-54
-33
-50
6
-19
-76
-10
12
25
-25
-28
-14
-17
15
-3
-36
51
30
4
-50
38
36
-3
4
-4
36
-72
-7
-42
-42
-20
-19
25
-66
26
67
8
41
15
-62
15
43
23
62
17
-11
26
-56
-76
66
-14
28
-13
-65
63
-44
-17
10
5
-29
-2
31
-23
74
-33
12
-8
21
48
3
2
-14
-4
43
-2
11
13
-48
-2
33
-17
8
-51
-7
-41
29
46
-6
14
63
17
71
-19
-35
60
-56
13
-1
29
-34
47
-24
-16
-1
-53
16
-42
-29
-20
-21
35
17
21
31
-20
-18
18
-24
-2
7
49
23
-39
-9
2
-61
-8
5
28
-7
-2
-9
-35
-14
-5
20
-17
-71
-87
-13
-44
-27
-30
-81
-24
-5
-2
45
10
5
58
-6
41
48
2
51
9
21
36
53
-45
-37
-8
-55
31
-4
-60
5
-21
-2
-29
-65
96
-5
-31
27
15
51
-11
51
56
-6
-11
43
-28
-63
15
-11
-6
6
-14
-26
11
4
-77
-54
-5
-3
-1
-67
-47
-45
-21
13
34
-21
24
-5
1
20
100
-12
1
29
-17
52
15
-11
-29
12
6
5
-9
-13
0
-39
60
20
-58
-59
55
5
34
98
-45
53
-15
-38
-16
-3
-13
28
-28
4
9
40
-30
-10
-6
-8
45
42
50
6
-24
-18
9
-50
-13
-4
-58
-17
8
-18
0
43
-4
7
44
6
26
-77
-57
37
28
-42
-23
-3
-15
-27
24
-37
-37
10
-9
16
-16
9
8
28
-66
-7
-110
-62
5
-85
11
82
10
-2
-42
-33
11
17
59
10
-40
47
36
17
-12
-31
5
1
-41
-31
-58
28
52
-15
-20
-13
28
37
28
-27
-28
-48
25
15
9
-66
-10
9
46
13
5
17
-68
-2
21
15
9
73
-94
-1
-52
-6
-49
41
22
27
-23
12
23
-26
-61
-15
6
-6
-23
-25
-10
59
-48
-17
-24
-2
33
-45
-44
-50
43
-8
36
18
40
19
-28
-90
-42
-86
78
-20
-4
17
-14
-37
-42
5
40
19
21
-36
35
-11
0
7
52
-4
-34
-23
-40
31
-3
-25
33
32
17
-20
7
56
94
-26
26
102
17
-27
53
-37
-19
11
42
-28
24
70
0
-23
-19
-14
81
-56
12
24
42
24
-33
46
8
-77
50
6
-17
-31
-58
-37
-91
-40
-59
52
42
-20
61
52
-67
71
-1
60
13
29
54
-28
39
-44
-64
9
-41
69
-13
-68
-41
-80
42
12
-5
-76
4
7
29
-40
-33
-44
-1
63
-30
44
-25
31
15
12
-47
-20
4
17
21
29
27
27
10
-25
39
-34
-50
51
-17
57
-7
27
-27
7
-76
-8
-60
8
-57
-27
-1
4
13
70
-86
11
3
11
-3
23
17
87
31
-13
24
80
4
-41
-59
36
-47
-70
42
-68
29
-11
-65
-17
13
-43
15
-3
-36
-4
-78
-30
-49
-26
51
-25
2
-34
13
11
55
11
-39
-57
-9
-11
-7
-33
-18
9
-20
-8
-19
21
26
-69
-7
-29
68
-10
-57
28
-43
13
8
-31
-31
-121
-7
-24
-22
-13
10
-40
-12
-19
-45
-27
-53
0
1
19
-15
-5
24
39
-85
25
-46
21
18
-52
44
-26
-11
19
-23
-8
19
11
14
2
-45
15
-5
8
5
10
-66
76
-43
-1
-7
1
35
-18
3
5
-7
6
4
-2
-8
23
-69
-26
-12
1
-2
-25
-7
19
-41
-22
2
-13
23
70
-70
-77
-40
-14
-25
-31
-29
-36
28
66
-12
-18
-36
47
31
65
11
-33
-26
48
27
-18
-57
-19
-83
6
-9
4
57
-20
93
-9
25
47
-34
42
51
-3
-15
46
99
-24
45
24
-49
-1
-51
-43
-41
-30
-7
-35
-34
31
-13
27
-4
-85
34
-42
-22
-42
52
3
45
-17
-6
-10
15
28
-12
41
67
-32
45
45
64
11
-6
5
46
-1
-23
-65
19
-53
9
7
-44
-6
-2
-13
-50
-17
19
-27
27
-54
-23
27
1
-15
-19
-17
40
-35
48
-37
-3
44
-30
37
-22
23
12
12
-7
-15
-5
-56
-11
62
22
8
-14
23
53
18
-3
87
61
-67
-25
47
5
-2
15
-14
26
-7
17
-12
3
-8
22
4
-34
-22
36
16
-28
-37
0
31
-19
5
2
58
-39
-82
-47
-9
5
-11
-31
61
28
13
12
52
-1
-40
7
14
-44
-56
18
39
39
27
7
-17
-13
-76
-25
-20
-13
-9
-15
-38
-11
-85
45
-30
2
-56
-35
46
39
-45
72
5
-14
-23
18
2
-7
-22
-19
33
91
3
18
31
-11
32
22
-14
-88
-63
45
36
1
-98
12
23
-20
-45
6
3
-12
11
18
-27
-93
14
-92
-12
62
-18
-32
-11
51
15
-38
-7
-49
14
60
36
-15
-23
-47
37
-6
-49
8
-26
11
-17
-22
-13
65
-37
-40
53
-78
35
-2
38
26
17
-5
-47
13
-24
-12
-1
24
47
18
-34
41
12
-53
21
-32
-24
-49
-13
20
18
97
-68
16
62
37
-1
-64
-69
19
-15
-35
-5
0
16
2
-18
-2
-21
43
-11
-29
27
50
52
18
8
21
6
-129
2
-5
2
-36
22
-7
-27
-25
35
38
-58
-21
58
17
23
-6
-1
-24
-61
37
-51
22
29
-19
14
31
-42
-16
-31
-7
-5
39
46
7
4
-20
-15
-31
-49
46
-32
-55
23
17
-25
-26
-11
5
-15
18
19
9
12
-37
17
10
15
14
69
-18
41
-18
-5
45
58
-53
-4
22
-28
-20
26
-54
21
73
4
-47
-25
33
-22
7
29
63
-24
34
-29
-14
31
5
30
-65
-17
-23
-33
-1
37
-3
57
-13
9
50
-17
14
78
-18
-3
-27
-53
-88
20
1
-66
23
30
-104
-98
23
5
-10
-23
-45
23
23
-35
7
-18
92
60
-31
20
80
-42
-67
-21
25
24
-15
25
21
-6
-31
36
-46
-16
20
42
-8
-43
7
-49
13
-101
73
-6
-8
-40
-35
77
-53
32
25
7
8
-23
-22
80
6
-39
27
-24
-80
-4
14
43
-32
17
13
-18
43
6
6
-16
15
12
49
-41
2
-9
22
36
61
38
-8
-23
-19
-15
44
-22
-43
-25
-21
-23
40
36
-19
-41
27
-66
-45
-8
17
-40
-49
-23
-34
-30
-17
-20
100
-16
6
-57
-28
34
-33
-28
-23
65
-10
-8
-26
-18
-74
-20
7
0
-19
27
-4
14
3
-75
-8
-62
-9
8
8
-75
31
-25
25
-46
82
46
-22
36
-66
-38
23
37
-7
-35
13
18
-3
42
18
-12
5
-24
15
31
19
57
-13
-23
-13
42
-16
0
39
20
26
25
-90
7
-62
13
-33
45
-26
-37
-81
-44
-1
-10
73
5
29
3
-11
7
-10
-95
18
5
13
1
-16
33
8
-31
11
24
-19
8
-12
21
-26
4
57
-81
-15
18
-72
-60
27
23
58
-8
92
-10
9
7
4
-31
4
17
-3
-21
26
-4
-12
5
-23
21
50
-13
57
10
49
52
88
60
-21
11
-7
-35
39
-28
-5
72
-21
25
22
30
-25
25
17
-4
18
-18
21
-29
-24
13
33
-23
-4
-21
-11
26
62
56
16
-40
-25
-11
65
-33
-73
-21
-66
67
21
68
-72
55
1
-6
14
-18
5
-23
-18
25
-49
-38
-100
49
-13
10
5
30
-29
32
31
13
40
4
17
44
-9
-6
-7
-20
6
52
-16
-52
-22
-35
53
46
10
28
-29
-25
46
-8
-9
76
-41
29
-22
6
-26
-32
16
21
-16
-33
7
32
-9
3
39
66
-21
24
24
-33
-30
1
-7
-33
8
-87
-3
-60
-41
84
-36
27
12
-29
32
43
27
-43
15
8
-42
42
10
-3
-105
-9
-4
-1
4
44
-8
96
8
-9
-48
-24
5
-31
-1
-54
-31
46
21
-61
15
-1
-48
51
-12
3
-11
16
-14
33
46
-24
-31
30
12
-1
65
-68
-51
41
19
17
-18
51
-39
-50
23
7
-8
39
63
99
16
-21
-14
-31
-46
-5
6
12
4
-58
-2
-17
-17
-15
9
-2
14
-14
22
-6
-29
34
-18
-79
7
45
20
0
16
-39
-29
36
-59
-52
-17
-68
-16
37
-38
-5
8
-12
33
20
55
-40
-56
-50
-45
58
-15
-9
67
-27
-20
35
-4
-23
1
-13
5
-49
1
-18
-21
-81
-20
-13
9
45
54
-70
33
-27
26
51
25
-6
23
10
19
-11
-20
0
-13
8
-18
46
-15
1
28
-12
-8
-35
-57
-16
-27
-79
-7
1
38
-22
68
-5
-23
20
-4
-7
-13
3
-99
32
54
56
-50
38
23
-39
-2
21
-3
3
27
36
-78
-17
-2
-68
-19
38
71
30
36
-7
49
16
47
-26
45
-31
67
91
21
-32
-16
-22
30
-22
52
8
-58
59
-39
-5
-21
-53
-23
-10
-75
-46
22
-14
-10
-60
7
-3
51
-45
65
-76
-61
-11
-10
-1
7
11
-10
-44
-5
-14
28
81
29
-26
-37
23
38
-13
32
-40
24
45
14
-49
39
-29
-16
-35
27
-12
16
-28
29
-26
-65
55
-44
-12
33
-19
-17
0
61
-9
24
-10
39
23
-16
-63
18
-19
24
-5
28
-42
10
-7
40
12
9
53
50
68
70
-54
11
-52
47
-18
40
17
77
-54
-28
-36
26
42
6
48
11
39
-16
20
-28
-30
-7
21
24
-23
3
74
-25
-76
-25
-43
-10
-31
9
-46
62
-20
55
-36
-4
29
19
21
-3
-4
-70
71
-44
-50
36
-25
-10
62
-1
-3
38
6
24
36
-46
37
14
2
-16
-48
-4
-16
-40
29
51
8
2
50
-11
47
41
24
-73
-10
-78
-3
-71
4
-34
-13
-14
2
25
41
10
-12
3
41
-42
-42
-14
5
39
-33
-49
35
8
-69
11
-67
27
-19
-5
7
55
28
-30
32
-15
5
6
-12
58
-10
19
-73
-36
34
106
9
36
6
43
28
0
-23
-30
3
54
-49
13
8
-34
-10
31
-104
-23
-7
13
-56
-21
-48
-13
-59
21
-5
-2
-7
13
59
13
-63
-57
31
10
-28
-7
-39
2
46
-16
-48
-9
1
-31
-29
57
-113
29
-10
39
12
-30
38
14
17
-43
-11
-19
12
53
-8
33
10
-37
21
12
-23
33
-1
22
20
-47
49
-7
-9
-44
-13
-28
-3
0
52
36
-20
0
28
41
-47
-19
-29
-18
-5
-41
6
27
-16
-13
-6
-59
-3
-22
-12
12
-39
-10
-47
-2
56
18
-61
-23
7
52
8
23
-20
-10
0
28
-81
-20
-1
-58
26
13
32
83
-15
-11
-3
-56
18
-52
7
-88
-38
36
28
-53
55
-98
-53
37
-7
-31
-32
29
0
-64
-65
-28
6
0
58
-54
-1
15
-32
-25
-11
-61
21
-35
-34
-4
21
55
-29
83
-39
-53
18
-8
-14
21
5
-87
-19
72
48
48
14
-6
3
27
9
-10
52
-2
-30
4
-2
-33
52
-49
3
-45
35
12
-36
-3
17
-18
70
117
102
-10
-30
-37
41
-9
-41
-35
-29
12
65
10
-18
70
-2
48
78
35
-1
22
-13
-51
17
-16
20
-50
3
11
12
24
7
-20
53
-47
11
-3
59
-4
-33
-32
1
-46
-14
-23
54
-47
36
-8
22
4
14
26
33
102
-78
-54
18
-26
-45
14
-35
-27
-42
57
28
12
5
21
24
11
-13
1
-45
-6
-62
-70
33
-2
-21
-1
73
-24
-59
-35
49
30
40
2
-12
-17
38
-14
-16
-14
35
-30
39
36
-13
111
-11
35
46
0
29
-17
-63
28
17
-42
0
38
44
24
6
55
-68
61
-13
19
7
37
-28
23
10
15
-17
-51
-14
15
-21
40
3
24
2
-57
96
46
35
-63
22
13
-33
12
-1
10
44
-11
-14
24
-5
-26
10
68
131
-38
46
22
31
29
52
-37
24
-15
36
-26
60
36
7
50
75
-2
19
49
33
-46
-34
-35
-56
47
-44
93
-7
-20
26
5
-50
26
61
53
-44
48
-19
-62
-8
17
-23
46
6
27
-9
70
-26
50
-10
14
76
26
-52
-64
40
34
-47
53
-12
-17
-8
-1
21
20
85
-44
55
-35
-8
-11
-59
-29
9
30
6
-31
75
16
5
-18
-38
21
39
23
-35
-19
-66
25
36
-3
16
62
62
39
-5
25
22
-65
-24
49
-9
-23
30
20
43
-61
-37
0
-15
9
25
53
29
-15
-61
21
-20
-78
14
49
-77
76
-45
10
26
5
11
24
13
-5
-76
21
63
-12
15
-48
19
29
33
-35
81
20
-12
2
23
-1
10
-41
19
48
45
-21
-10
-48
-4
38
3
29
-22
23
38
-17
48
15
22
-24
31
-22
-9
28
-53
-42
-2
-88
-37
-25
69
29
-24
-7
-44
45
-58
-58
-13
-4
-6
12
29
-42
5
-77
-35
-12
19
-38
-41
-48
-47
-12
34
41
45
-34
-30
3
-23
-18
14
-21
-6
-2
27
-29
25
4
8
73
-8
-43
-23
-49
-6
2
21
-16
42
-26
-45
49
50
33
42
-5
50
-51
20
-1
-22
44
7
131
26
-26
-45
44
33
-6
47
14
4
-16
50
46
-9
-61
46
-23
33
-48
24
53
4
-1
-64
49
30
3
-39
-28
-32
51
43
9
19
-40
-43
28
-34
48
22
-16
27
-38
-20
60
-63
32
7
40
11
13
11
4
8
4
48
-33
-11
-26
-21
-56
-43
-52
-26
34
15
25
-6
-26
9
25
39
-31
-38
11
-6
-22
-16
-43
-51
35
-18
-15
-47
3
56
-8
5
-4
-4
15
1
-37
76
-5
85
103
5
-4
23
41
-20
19
-44
-70
-4
-33
13
38
-5
-31
-26
-54
-28
-30
-8
39
-32
-38
68
15
-16
59
-15
9
4
-62
-5
-4
7
3
-16
-5
-19
-38
24
-45
26
-20
-14
-64
49
43
9
4
-15
-57
-28
-2
-40
-44
-4
94
-25
-29
69
-64
-75
5
-15
-19
3
-35
-6
-53
3
-31
10
13
51
-14
-84
-13
-39
-72
-69
58
-42
-18
41
31
-11
-106
-38
4
41
-9
8
14
-22
65
32
12
-60
14
37
-48
-8
19
-32
-26
79
2
5
7
-32
11
33
52
-14
-42
25
17
-23
4
27
-54
-6
-28
16
-31
-17
8
5
69
3
16
10
-15
5
40
14
43
-35
-15
-6
85
-32
0
50
-22
21
-6
-6
62
49
30
28
-24
-29
43
32
-19
-56
-36
-32
-10
-38
4
-24
-26
38
-6
-37
16
63
-22
-49
-25
-37
-35
19
61
-8
-17
-31
14
29
4
-5
28
-2
2
-22
-9
36
26
-2
15
18
-8
-43
26
-65
1
-23
42
-32
-18
37
-15
-21
-7
29
-3
-11
23
89
34
-9
-8
-13
-2
20
-57
62
43
62
6
23
-19
-43
23
36
8
-30
19
-54
77
1
-27
-46
-54
33
-17
49
-34
5
-7
32
-17
0
-6
-35
-25
16
-33
-23
44
-65
4
-72
11
51
-21
-47
-75
40
21
-8
7
4
19
35
3
40
58
15
-6
10
5
-47
19
20
-27
-37
-70
-2
-35
0
-36
41
1
-13
-12
6
19
-8
40
3
-15
40
109
-13
-74
9
-118
-27
2
-1
46
22
-61
19
-19
1
51
-2
-30
-63
18
40
51
-30
85
-49
8
-12
54
87
89
-15
-32
-21
-5
-23
-14
56
-28
-31
38
-54
13
13
-2
49
-15
43
80
28
-24
-53
20
-22
76
28
42
32
19
-14
-35
80
-37
-42
87
-71
-41
-3
25
36
34
22
-69
-54
13
-18
-32
-2
-36
68
21
44
14
11
-13
-76
-3
80
14
78
-34
10
-23
-86
20
-10
-2
-46
0
93
32
4
9
-51
83
-6
36
-65
-7
-42
60
59
30
84
14
-71
-39
24
-61
-36
3
-41
-29
-45
-31
-29
-46
35
50
11
-6
5
7
-11
-3
24
-6
3
29
37
-54
-59
20
-43
-42
-40
41
-25
38
-9
77
-9
-72
45
34
33
-38
70
-1
13
54
27
23
24
-20
25
-47
29
-4
-10
4
-46
8
52
-8
36
-49
-60
35
17
-18
67
-4
-1
-62
-1
19
-20
43
-64
-57
-33
-3
11
-1
59
26
-1
42
18
-36
45
-16
-28
-17
-13
20
-4
-23
-53
-32
10
0
27
12
-4
-44
92
-28
-30
-38
-47
45
20
-3
23
6
-15
-18
9
13
-21
-69
2
-12
-38
-24
32
61
-25
20
-18
95
74
-6
-61
-62
13
-60
42
-19
-46
95
-6
-4
10
-20
28
43
23
-34
13
55
-27
38
-39
-12
-10
-14
-27
-31
-48
1
-1
12
27
20
-33
12
4
-8
41
41
-10
13
8
54
-63
57
-96
21
-4
-50
25
13
-9
18
-13
30
36
44
8
29
-12
-53
-37
-58
-40
5
-26
-7
9
-9
32
-14
-2
-79
22
-25
60
-30
36
-11
10
-6
-14
-9
8
-16
38
67
-22
16
-40
34
47
1
-7
-29
-45
16
-19
103
11
23
17
-14
-17
2
-20
-36
-87
41
-20
74
48
57
35
-15
15
4
2
19
-73
50
-72
33
20
54
19
-29
42
11
-15
-34
75
-20
39
-48
-9
-25
52
-29
12
-7
-27
20
19
42
24
-37
27
-9
-7
71
-16
38
44
35
-13
-48
-67
-32
-4
-16
31
40
41
7
45
42
25
-54
26
-5
-41
-40
13
-23
-11
-53
-63
100
23
-28
79
-23
1
-36
-24
-4
-29
55
-52
-10
-15
60
-53
-7
65
-12
25
39
-47
-17
20
35
-19
-26
-58
9
37
1
-23
-43
-36
-35
-11
52
29
48
38
9
3
10
-63
-35
-52
24
-15
-1
34
-14
-53
-10
-11
37
-34
20
17
-52
-33
16
-31
74
27
1
-38
33
-18
-14
77
19
9
31
33
-23
17
23
35
-13
52
59
-5
1
15
-65
-31
25
14
11
72
-1
-28
-20
-1
11
2
-23
-7
-13
28
2
52
-9
-27
4
-62
15
-5
7
60
43
-17
-11
18
-1
-46
-26
32
-50
-41
-41
-7
27
34
15
77
64
36
-28
-16
65
4
41
38
93
18
-87
-25
49
-31
11
-2
5
41
59
-43
3
1
-23
78
8
-38
13
-10
-2
-41
-14
9
-7
18
71
44
22
39
-27
-72
49
-23
57
24
-32
-25
-56
19
21
-26
23
65
-32
31
-11
-43
-34
-13
37
17
-60
-19
-28
31
-34
8
49
-34
37
3
22
19
3
1
16
-57
27
-33
60
18
0
-79
-24
27
-15
-18
-21
28
-21
-36
15
-40
39
17
52
-48
-29
13
4
16
20
2
-9
27
-8
-13
-41
56
24
-43
-20
-2
-25
49
-15
-5
11
-38
-52
15
-20
-35
-8
27
39
-28
-15
-16
34
13
-28
9
-2
27
-7
41
77
34
-38
-25
24
-6
57
-11
24
25
7
-10
-25
12
-17
-42
-28
57
37
3
-10
-16
-15
-34
-19
-1
36
46
-6
12
68
54
17
20
-12
17
-15
2
-38
28
26
-6
-8
-42
18
