15 77 49
0 0
0 1
0 5
0 10
1 1
1 4
1 6
1 9
1 13
2 1
2 4
2 5
2 6
2 7
2 13
2 14
3 1
3 7
4 1
4 3
4 7
4 13
5 0
5 6
5 7
5 11
5 13
6 6
6 10
6 14
7 0
7 2
7 3
7 5
7 6
7 7
7 12
7 13
7 14
8 0
8 3
8 4
8 6
9 4
9 7
10 0
10 1
10 2
10 12
11 0
11 1
11 3
11 4
11 8
11 9
11 11
11 12
11 13
12 0
12 1
12 2
12 3
12 5
12 6
12 8
12 9
12 11
13 0
13 1
13 2
13 7
13 8
13 9
13 14
14 1
14 5
14 9
8
46
36
24
38
51
11
17
49
61
71
58
3
7
53
23
12
59
56
27
69
50
15
18
31
55
39
1
68
43
57
34
4
21
66
54
44
42
73
25
26
64
30
2
63
74
16
14
22
52
32
65
37
9
75
29
76
5
28
6
0
70
10
40
13
47
35
19
67
72
41
60
62
33
45
20
48
-59
95
15
44
-54
54
40
-64
-9
35
108
36
-16
31
8
-157
28
-14
-35
35
-27
62
-39
2
-49
-5
75
-56
58
-56
-67
53
18
44
-9
81
29
57
27
-10
-28
15
-42
-28
7
-74
-66
99
-85
24
-6
10
31
70
-28
26
59
-21
21
5
36
-93
-57
70
-13
-28
-61
-103
85
-70
53
-10
98
19
6
-14
54
-44
-47
8
15
-32
51
20
1
-46
-17
4
-14
12
106
92
-35
-22
93
42
-28
34
18
-37
63
-55
16
-160
-54
-71
77
-4
0
20
28
-58
-17
70
-46
35
47
30
6
-23
6
6
45
18
56
-65
-31
16
-74
-3
52
-49
61
1
-49
-128
65
-68
25
35
-8
-10
-77
-4
-21
66
137
77
11
27
-33
3
30
58
-97
-16
43
49
48
8
-19
-27
120
-76
-28
42
-17
2
28
9
-8
-31
-20
-23
23
61
15
-91
60
-17
39
16
38
-121
71
-48
17
32
32
19
25
39
1
-35
46
43
13
-69
-66
11
-13
-34
-94
-1
-117
72
-44
26
17
0
-74
-65
-10
-23
1
33
-55
-49
34
-143
-41
-42
-35
-52
-22
48
-64
16
52
92
-17
16
-47
15
-23
-96
10
9
34
-22
2
60
-63
8
-7
5
81
9
0
8
55
33
29
-28
-25
43
-61
4
103
0
-104
-28
108
67
2
24
-24
10
-97
-2
-68
23
3
37
-31
25
-16
-63
-21
-13
14
-15
42
15
-28
-48
-67
37
107
30
4
-86
-35
-6
-4
79
30
33
-15
93
-95
39
44
13
57
68
-43
-61
67
-4
69
38
-36
-39
-14
-15
22
-24
30
64
-26
-45
22
44
12
12
0
-83
51
-7
8
-67
-64
-52
-36
29
43
-41
-2
46
14
-44
-44
4
1
-36
77
2
34
-32
32
-23
41
-7
-30
24
-33
-22
-10
-8
-26
-8
65
51
-7
9
-19
-56
55
-26
-9
33
39
48
-42
-140
-16
-104
-40
-18
4
-13
-107
22
15
-11
35
-14
-38
-17
-87
-2
62
-39
27
-2
95
-23
-24
76
58
41
16
33
49
59
-73
-8
51
-33
73
-39
-21
-3
69
-19
-2
-46
20
41
45
-4
37
-44
-58
11
-66
-12
2
89
149
12
83
47
-9
-69
-73
-30
18
-34
-102
-32
-72
-39
18
43
-39
-6
-1
-32
24
-39
69
-51
38
-64
18
-36
76
66
-42
-9
-42
-33
63
13
-78
34
16
50
60
-29
74
73
-103
44
77
56
3
44
-27
-36
37
1
68
46
-46
-9
57
-19
-3
49
-73
-40
-20
47
-48
28
-2
-2
-26
29
39
-55
14
92
-103
81
-21
-69
-57
0
-103
-24
-109
-27
47
-19
82
103
82
0
17
-140
-21
-40
80
-36
-3
-34
-39
4
24
-77
-52
40
11
48
-53
32
40
-82
29
14
-17
-20
-21
26
5
-49
-18
-57
90
-70
-100
-40
66
44
-7
-5
-4
15
-3
-39
57
6
-78
120
13
37
-25
-48
-14
67
44
-12
2
-66
76
-43
22
-85
2
-16
57
31
-13
-7
16
-90
-50
-15
-34
-49
-67
8
11
8
-57
-31
37
33
62
-59
-14
-90
-20
6
-10
18
66
-43
5
23
-16
-17
19
-51
42
11
21
-49
-67
5
-81
16
55
32
1
-64
-62
48
1
-12
-42
64
-61
29
0
9
50
-26
34
48
-81
-35
41
101
-57
30
44
44
-59
-66
11
39
36
84
25
91
7
-76
52
-60
-26
-32
-87
8
-57
64
-9
-22
-35
-16
-38
-55
-77
45
-8
-47
-19
69
-37
46
-74
-35
46
31
-35
26
-51
34
117
91
-65
-48
-3
-44
-105
-18
26
-19
55
-25
-8
44
22
-8
-28
-49
18
-22
12
148
-54
108
32
-65
-56
-8
44
-2
32
41
-72
-102
75
1
-40
29
63
42
-17
89
-79
-129
-17
-101
-5
-49
-11
17
78
60
-24
86
-1
2
-18
17
-62
-19
64
36
-81
-58
37
-50
-12
19
80
-83
-121
-32
-16
88
73
-24
-10
-14
-73
29
0
-1
50
-28
38
97
36
34
5
-61
14
11
34
72
-35
-88
-32
14
-58
-3
-20
100
66
-25
-32
-2
-34
15
-10
59
103
16
88
-5
-83
59
-42
-1
26
49
-130
68
-61
66
113
10
66
10
38
104
-20
56
67
-42
38
28
25
-61
21
-59
20
-2
25
-52
38
-29
-19
-13
-4
-101
44
-41
62
-24
-33
26
126
-30
-27
-48
-92
68
18
-25
-19
8
-60
30
60
71
-21
18
-99
94
-15
37
-78
-96
-25
28
7
-26
13
18
-92
8
-45
73
-24
78
-22
34
-15
5
-29
-37
-23
46
-26
8
71
-117
40
-93
-54
-35
-3
-115
-2
-79
40
-30
6
-27
-19
-72
75
-57
38
-32
63
-62
-10
83
61
36
-17
84
30
-91
-35
-77
14
48
-23
-23
49
-63
15
-1
6
13
-57
-53
9
-87
-30
-26
28
-45
3
45
-43
-13
-111
15
-29
-34
-35
26
30
48
-85
20
-9
-92
-48
-77
39
25
-4
31
-29
-24
-1
-72
-16
-16
-38
-5
-86
43
-42
-32
63
44
15
-8
25
82
24
34
64
-4
26
13
-12
61
9
-22
170
-40
-2
4
-43
9
-16
-20
-41
-78
-59
-5
4
-14
-4
41
-100
-16
17
45
35
-5
-18
-43
-23
24
15
38
-10
22
-15
-86
23
-55
77
35
71
46
-7
7
-33
-5
-1
13
-34
-53
-12
44
-47
1
-31
-17
-101
-32
-27
-38
108
-7
94
1
8
-116
-70
27
19
-101
-61
-42
62
0
-32
-30
65
13
42
-1
-16
3
-19
-59
-4
-89
7
-60
58
36
30
11
112
-17
-41
-47
34
26
-79
38
-68
-60
63
-32
61
-7
54
-25
56
27
26
-57
-49
34
-70
69
93
70
40
82
-81
-27
62
-66
74
-16
2
-10
-32
110
43
-21
-67
18
13
59
8
-25
38
-77
-34
10
-66
-29
-2
88
-38
-99
-45
34
17
-42
-1
-28
14
-37
89
-53
-19
18
-16
29
6
6
-43
-16
0
-57
28
-74
-11
43
-64
-39
-103
72
30
5
72
52
19
-26
-43
-71
53
34
-17
35
72
-75
-7
77
-36
44
-57
-77
-52
27
94
-1
-8
17
-127
22
-40
-61
12
64
13
53
-12
15
-2
-70
-100
36
-30
8
45
63
-25
13
116
-55
2
-52
40
39
-18
-52
126
-10
-31
106
-47
-4
-43
-22
51
9
94
-83
-75
-39
48
29
39
-24
32
78
43
-6
23
-22
-18
47
13
-55
-33
15
37
-62
35
28
54
94
-31
21
28
1
-89
-17
23
-42
28
28
-38
98
-77
-30
-79
-17
-18
-32
-11
0
63
-46
-10
0
79
70
-45
-45
-47
-50
136
-48
36
12
13
-98
15
52
19
1
-19
-28
-31
60
83
-34
65
7
99
2
22
-15
-16
-10
12
2
63
-54
25
55
93
-54
-77
-108
1
-40
-62
41
9
15
-44
-27
-79
-33
-11
-11
11
-59
24
20
21
-53
-54
-2
-50
-53
10
-3
2
34
81
-6
-28
-46
33
36
-67
-9
-72
-20
-3
120
-3
3
-31
74
-59
7
17
17
-57
49
73
-16
22
-129
-27
53
70
-92
29
-22
100
39
-119
70
75
2
18
-55
60
8
-48
-17
8
-61
92
23
-42
42
-90
-2
-9
4
-67
8
-25
-35
5
10
35
15
-79
29
10
-27
43
44
52
1
13
124
36
-17
76
126
-35
12
-91
6
29
-16
-19
93
55
-24
-47
-76
-14
-15
38
-43
-26
-1
-37
36
11
-23
-71
16
15
-46
13
8
-73
12
-11
-12
-29
-60
14
-50
66
3
11
2
24
0
76
-2
14
-15
90
-27
-38
-22
-44
-23
-38
-52
-76
60
54
2
11
-66
-24
-24
-38
-108
60
-39
-18
17
-15
20
54
-64
-34
10
32
52
-33
54
-50
2
-32
-43
46
13
-30
33
31
22
-30
18
-84
23
-79
-45
83
-34
6
30
-80
71
-17
30
16
31
24
-54
71
-42
-105
53
-20
-21
-72
4
37
-3
4
0
-57
15
-1
-25
-33
55
-71
21
37
20
56
37
-91
1
47
25
3
105
5
-149
14
25
-44
-32
58
7
70
-18
45
-82
19
76
-15
51
-40
-86
-43
10
39
-7
-43
-10
75
56
-82
-17
-9
17
38
-25
1
117
-5
-89
15
5
15
8
-65
-24
80
-70
-89
38
-7
12
-2
-16
-25
-75
-43
43
-19
-39
52
-4
80
20
5
14
-1
-47
117
-115
-23
-8
42
-91
-12
-39
19
63
143
-15
-38
20
-36
114
-21
2
4
-44
134
-82
37
-62
57
51
9
38
5
-7
49
23
-18
20
-27
-43
93
26
-71
84
23
6
65
45
-12
47
44
34
25
82
7
-8
-21
-39
30
-81
-52
-97
-6
88
-27
-55
85
50
103
-35
94
86
-15
34
-7
-19
68
-26
-32
-97
-33
-9
-29
-13
15
16
45
0
-26
-5
-17
-50
52
-35
11
-53
-61
-21
13
-36
35
-53
-55
-3
21
50
-26
27
9
-22
-50
62
-82
-64
8
-51
60
-18
-30
36
16
19
-18
-52
18
34
-70
46
-5
0
-94
27
-23
-22
63
-33
-76
-20
-2
-40
13
-20
82
-14
-79
54
12
20
-52
-61
21
64
29
-47
8
50
-6
74
39
-72
69
6
43
-26
44
35
-13
1
45
-79
29
-42
82
21
12
-28
21
0
-41
-20
1
-11
33
-12
14
63
-76
52
56
-80
-10
18
-10
72
-19
-82
20
-18
-45
-56
-12
7
-43
3
39
-76
-15
-13
89
-55
31
-71
86
71
32
12
21
9
10
-62
8
29
52
14
40
18
79
-17
64
-34
-37
-58
18
-85
12
-15
26
80
21
-14
60
-109
-66
75
-56
-13
-36
69
-106
-42
21
36
26
11
-12
24
-38
-38
27
35
-28
13
34
3
75
47
20
50
-66
2
17
-102
40
-9
-76
-115
-77
-59
28
17
-54
-70
62
32
-12
30
-25
62
60
32
17
-2
48
59
15
32
15
16
26
35
89
37
-10
-154
13
-15
-46
-27
62
44
-67
-15
-97
64
24
-17
-14
-96
-31
40
-54
41
33
20
22
50
1
82
-5
43
27
13
-15
12
48
83
61
-40
-123
-8
-49
-7
-129
126
-9
37
-25
-32
-10
-56
102
27
-107
7
-50
10
-45
-7
5
-28
-43
11
-25
30
2
36
-8
-65
7
-72
110
-112
55
-35
-112
-48
-9
-53
-54
-21
34
-5
26
22
28
12
-25
-55
66
-7
27
121
-50
24
19
65
-101
-50
-46
-2
-2
5
109
99
-69
-31
-67
38
-28
24
38
-14
47
55
20
-41
-36
-10
-99
97
-2
-22
56
35
69
6
40
6
50
25
-5
-94
17
6
-93
76
-96
-73
89
-82
65
-87
85
-60
22
23
11
-4
71
5
65
-43
40
74
93
-25
-41
24
-20
-25
30
-33
-5
22
18
16
10
-22
11
67
54
-60
39
41
5
1
40
-41
97
64
-74
19
103
-88
-26
-26
-21
19
-50
70
25
45
58
68
91
-32
38
-82
37
83
98
48
-41
15
9
-37
77
-10
70
90
-77
30
12
-74
-77
-144
1
18
-98
24
-21
27
-74
101
-71
-21
-29
10
-9
5
-7
-36
32
28
8
91
12
25
59
30
-31
-3
4
63
42
44
-6
-29
58
-38
16
5
-28
41
18
-81
45
-138
82
29
-50
128
47
10
-15
-68
-9
82
45
49
12
1
2
-61
-29
74
-27
43
20
-72
-69
-4
-44
-86
-41
-59
15
10
27
-79
87
35
-32
17
-84
-21
5
30
0
-29
-62
35
-55
29
-104
-98
52
-50
-8
-8
39
6
13
10
-33
-55
54
4
52
7
15
26
-4
-28
17
-25
23
-38
29
-22
8
34
74
-94
-3
38
20
-42
64
-36
-8
15
94
109
73
28
44
-61
-22
74
-74
32
22
-6
-85
1
-12
-19
44
29
-13
92
-23
3
-50
-27
42
55
68
65
-40
4
-32
-25
-16
-57
48
120
0
27
-93
-14
69
51
19
48
27
-85
116
4
49
-62
-49
72
-21
-39
-53
-7
40
-106
-21
71
-27
39
77
89
-47
-38
86
-34
1
23
-11
80
-34
-34
33
-38
-125
5
12
87
-56
-14
16
-137
106
-18
-28
26
91
-56
31
32
11
72
-69
12
-32
38
-9
44
20
-94
6
-93
53
-9
-69
-18
-31
-43
-42
57
80
-78
47
-25
-55
64
35
-44
36
-39
42
57
17
-63
-5
9
-76
-42
-19
-23
31
54
-89
-52
41
3
-5
28
-14
-28
84
48
20
-9
-6
10
39
-20
-27
80
-30
57
29
-10
-10
26
-25
-35
-84
2
18
97
47
-78
89
-54
23
19
-12
74
106
-19
-12
19
33
26
-28
-66
-103
65
34
6
-15
-40
26
8
71
-115
-5
-127
-16
7
73
-50
31
57
-35
-42
-101
-46
-36
-26
-11
-52
35
-56
-137
-21
5
-12
-52
1
-39
-19
-10
14
-53
7
34
-5
-29
20
-2
-37
-87
62
24
-76
4
-21
-38
67
39
11
-23
11
-13
11
14
-23
26
75
-37
-62
-79
7
51
-37
55
147
73
-7
58
-16
18
-21
23
5
-12
-71
57
-56
-1
-33
9
28
-53
-143
-39
10
27
8
68
-5
-9
-17
10
51
-20
-66
8
-80
41
-32
36
105
-22
-19
-16
-30
5
-36
-93
-36
17
-96
0
22
-44
46
-114
-40
-16
-80
63
66
-75
91
19
67
3
-42
-11
27
-6
-11
72
-68
50
32
-5
-77
-41
-50
-23
55
-61
79
-66
16
-70
-100
-78
0
-6
-15
25
-71
-2
-16
95
3
-22
21
-138
30
8
-80
25
51
-45
-40
-20
-12
17
17
87
-4
1
9
16
-42
-6
13
8
-70
4
-63
-34
68
70
-46
-46
-12
21
87
-40
20
-69
-31
26
90
2
22
-1
-12
-56
14
-86
-6
4
1
19
-58
-11
59
9
5
10
13
94
26
27
-33
-14
107
-2
-64
61
-60
-62
-63
-22
21
-28
28
14
108
74
58
22
-14
104
-5
117
-14
18
-48
33
-78
-36
16
40
5
84
-16
-20
-35
44
40
25
2
72
-21
-71
27
11
26
20
36
58
83
36
-56
-62
2
14
-81
11
1
-7
-54
104
3
7
26
-108
34
32
-148
-15
-46
-15
34
55
1
-1
-95
58
-75
52
-19
-14
1
12
12
66
-6
-58
15
-90
30
64
68
-37
-11
-34
22
44
-51
-42
50
-71
43
-52
-21
-25
7
61
-73
-17
81
-30
-48
24
-96
-59
-30
39
-44
44
53
17
29
-4
-2
56
-12
1
9
1
13
28
56
-2
37
-22
52
-87
43
40
-105
-35
53
5
-14
-32
-23
-24
-68
27
-2
32
79
22
-15
39
1
55
17
-20
-85
23
54
-27
-66
25
-39
2
4
106
37
2
86
-55
34
-45
-1
-26
-8
-51
54
-42
12
-1
-29
-39
-54
12
75
-6
12
-2
-72
-81
1
-18
12
17
-10
80
24
-55
-28
-70
0
65
8
27
68
20
41
26
-41
-28
58
55
-26
-63
49
-7
17
-63
-27
-12
30
-19
21
2
88
31
15
14
57
-24
29
-21
-90
-42
81
5
15
-4
-28
-20
16
26
65
-35
-6
29
25
-110
-87
-7
5
43
26
-27
-1
51
28
-48
-42
-13
78
41
-4
-24
22
-37
35
-26
57
48
-54
-45
-40
-67
33
65
61
92
63
-32
21
4
28
-85
-26
-8
23
8
44
7
-23
59
73
118
12
6
50
74
-27
-34
149
-63
-28
46
78
-60
62
-1
15
15
9
-44
68
-25
-87
22
51
89
-67
-1
11
0
-10
-36
-20
50
11
-25
-54
-2
-62
50
6
28
-92
-49
-117
-24
-30
-26
-23
5
60
-29
88
-50
-21
17
-45
-15
-70
-22
-26
57
-37
90
29
2
-76
-51
-52
-83
-9
-60
-55
-65
18
54
-64
-6
6
-51
-3
-38
-3
37
37
38
36
-15
91
-70
52
8
-22
32
-30
-48
6
-1
41
2
66
-6
31
-6
99
143
13
-52
-49
-86
-39
36
-47
6
6
51
-98
-12
-81
-23
20
30
-46
94
-18
56
54
-93
41
-16
-81
40
-70
46
-3
-73
4
-63
-24
-10
70
-14
-21
-37
46
-39
-18
-10
45
-50
31
40
-13
-63
-34
-20
26
-17
11
42
30
5
-24
6
10
110
51
-56
-32
-22
-73
24
-64
77
1
57
-12
72
66
10
-37
-2
50
-85
5
-49
-5
-13
64
47
42
-77
-32
32
26
16
135
-1
30
53
-27
101
-11
17
73
17
14
97
78
24
73
94
-31
31
-9
9
-56
31
-82
15
55
-27
-72
-21
-67
48
-22
-13
10
-21
-20
86
57
25
33
-37
-41
1
-115
-50
107
2
38
-2
58
27
37
-11
-17
-36
50
10
-49
42
-13
0
11
-34
80
6
-58
23
14
23
5
97
-33
-11
5
4
-98
-8
-1
-8
-14
7
5
3
102
29
-26
8
-39
3
21
94
-50
25
-49
16
-11
-21
51
48
25
-21
57
-46
-47
51
-60
54
48
32
75
81
-2
-36
-18
-24
-36
13
53
-22
-32
36
-16
77
5
7
101
-8
-71
6
118
-2
3
21
-68
16
45
69
66
44
6
73
-123
-94
-57
-74
-64
-26
29
-41
21
54
-100
16
-111
-3
-43
-29
0
37
-65
-10
0
76
81
18
-30
-54
-18
54
55
48
-133
50
-20
-8
-65
-60
-46
107
-91
-43
-28
-3
9
60
57
-1
2
-32
-34
90
35
-8
32
57
87
-43
79
66
-22
21
65
-65
-1
-86
-24
20
-23
-1
55
-63
-21
-51
-34
43
-29
57
3
-66
20
-30
106
-123
28
31
23
-21
-10
35
-57
105
-41
-5
-52
-42
96
-148
-40
121
34
9
-50
-88
64
-56
84
-21
24
58
51
-74
-52
-27
-5
-67
-55
45
16
22
-51
44
-37
6
-10
16
-38
-65
-74
-69
10
-12
-20
20
-29
69
-59
-86
-86
-18
-110
-51
24
-13
51
58
71
-79
-33
39
-35
-20
-27
45
-18
86
12
-8
-42
-39
28
-59
-17
18
-9
12
-50
-112
-26
40
-94
-79
-80
54
47
-20
-26
-7
-14
7
86
16
-41
93
-3
12
-63
-32
-26
43
-19
-45
29
-105
57
30
49
-10
-61
-8
-47
-34
17
-57
60
0
-37
-27
-45
4
28
6
-35
40
138
32
65
112
-13
13
122
38
20
-39
15
-10
29
-66
-38
13
-34
-14
30
-14
22
68
71
46
7
-45
-10
-16
-11
-63
47
34
99
-50
99
87
45
8
-66
-52
12
15
48
-11
-73
-47
66
26
11
5
47
33
17
4
26
-20
-36
49
21
-27
45
35
-63
-8
-57
78
-64
45
2
5
14
3
7
13
-29
-4
-46
-51
-105
5
-55
-103
-40
50
-42
82
26
42
-23
25
-2
-66
41
-17
62
42
39
23
-130
10
32
26
-53
-29
60
58
-27
23
55
-34
-31
-4
-51
56
-98
13
36
-66
-46
-5
28
-7
-59
35
33
16
-18
-26
-43
62
-64
86
-14
24
2
80
-61
-1
21
53
-34
-20
20
73
-4
-7
-77
100
-39
-10
-11
29
-40
-112
44
69
-19
-95
43
44
47
52
44
32
-25
-24
44
6
-13
0
38
9
16
-24
56
8
59
47
-30
78
59
13
-27
20
-60
86
8
-34
39
-74
0
-62
-17
-56
58
31
65
-2
50
-75
-20
-17
-52
-17
-3
-49
19
28
13
-37
-4
-54
35
15
-31
-104
30
-75
56
38
-35
60
-9
-48
17
-37
-25
93
7
-42
-4
1
-73
24
-32
25
65
-2
8
-13
-40
110
41
3
12
69
3
-33
44
64
86
119
8
11
12
121
40
6
17
13
-26
76
-40
75
42
-34
-49
-9
-29
8
56
11
7
71
17
-41
26
54
-42
-50
26
-55
-79
8
8
32
-11
31
20
2
-7
-47
-21
3
-51
27
36
25
24
1
-10
-5
-15
-38
66
-13
34
-48
-78
27
-10
-33
-20
-27
-83
-1
-63
2
-54
-8
17
-31
-30
36
-40
-8
15
-47
-93
-76
67
92
3
13
-19
16
99
-93
-87
47
21
5
-12
-80
52
28
-27
27
-45
-17
-27
-32
16
35
-9
0
10
-6
33
-33
-22
51
81
97
-3
10
17
-9
14
22
46
55
-43
85
96
-112
-39
-37
-13
16
5
30
-40
9
32
-11
-12
30
-31
-3
-47
-48
57
-29
54
-14
-42
52
103
-48
-54
0
91
63
30
0
37
11
117
9
70
-46
44
-15
-60
-39
-64
81
-32
18
-40
-25
34
-42
-29
59
59
-33
-1
23
33
-32
3
28
23
-54
58
-31
-35
52
-74
-62
9
11
124
-21
-62
7
10
-47
-49
56
67
-33
40
-21
22
-35
-12
65
10
-1
25
93
-7
-23
15
-2
96
5
-54
3
24
-66
-90
-21
3
77
86
-42
-108
8
-67
-89
148
-96
-37
-89
24
13
-18
2
5
22
-1
-6
56
101
-17
43
30
5
-62
75
104
-35
0
-19
87
-16
1
-156
55
-136
-1
12
-94
-57
-24
49
-97
3
79
-2
-36
32
12
2
-9
19
-32
16
-29
44
76
27
6
38
58
-67
-16
-26
16
-73
97
31
79
-9
-52
37
35
-58
13
71
-37
-37
10
97
-14
41
61
-16
66
77
57
-29
-59
0
44
59
-54
-27
89
-52
9
134
58
-11
20
-31
-45
-12
-39
98
-52
-9
-53
-47
11
-28
78
-73
74
-38
-52
-3
53
-68
-53
49
39
39
4
-71
-48
-6
-4
19
25
38
30
55
-40
-49
-8
5
-44
19
-27
-20
40
-64
26
-14
-1
-62
25
-37
16
-16
-38
-37
104
-20
-22
-80
-8
-10
-89
32
45
-9
26
-26
53
11
66
44
-68
28
-22
-13
-73
-19
49
-12
54
-57
-141
-8
17
3
-34
-74
42
48
-92
83
24
9
60
-22
55
-61
13
54
104
-24
-9
-4
-37
40
-48
41
-17
25
57
112
-61
-78
-67
-23
44
-50
-17
-76
-32
58
-41
70
-16
-4
113
112
-39
19
-11
-10
-9
14
-24
-40
-11
-55
-16
-5
-50
57
109
52
-45
-68
66
50
20
29
110
-30
-4
8
-43
17
-43
7
-70
120
-43
-12
83
-18
10
85
19
-60
-10
-54
-5
0
40
39
-41
21
24
-49
55
-97
56
-7
26
28
-4
-23
69
-5
81
-21
-59
-87
-17
48
15
27
6
-51
-70
-14
-55
123
62
-19
-83
42
-82
-5
-34
-21
54
-48
-76
-84
7
54
56
-16
-22
6
-53
37
-33
24
7
81
-60
33
49
61
129
8
19
49
-57
10
42
-27
-1
130
-27
-22
-60
-131
-40
-6
-59
63
-7
43
-41
-37
4
-68
101
-13
-27
-33
-76
-5
72
9
-101
-61
-27
25
14
-20
60
8
-35
-21
-9
-2
157
4
-42
1
-77
51
-25
70
3
-9
-96
27
9
-47
-54
-13
-23
-2
-50
-35
49
38
1
88
-19
0
-23
-7
-7
20
-55
60
-36
42
-11
59
-17
10
-20
116
-32
24
25
33
47
115
118
159
-9
-31
49
-41
-65
-72
42
-22
73
66
24
-47
13
75
25
6
34
8
-63
60
-22
-23
-13
40
-77
42
-61
-18
-75
-29
-23
-17
99
4
48
-19
12
4
-44
15
-23
24
-47
25
60
36
-101
35
4
-54
-86
-1
29
13
-12
48
35
-25
-28
-18
-85
69
16
28
19
-65
27
34
56
-7
-100
1
62
-17
49
49
-32
-48
92
-4
-26
57
-36
-22
66
18
82
120
-54
45
-19
71
15
-60
29
-54
12
76
-69
-17
52
-38
-69
-37
-86
4
2
65
-36
105
2
-40
28
-93
2
-15
-14
-22
31
6
-32
-29
37
-19
-76
57
-118
-57
-115
31
-31
14
-60
-50
64
-15
-56
-44
48
13
-66
-50
-68
68
-34
-23
-36
50
-5
-26
96
68
65
-15
29
-7
-27
26
13
-64
-64
44
7
-45
-10
21
-3
19
-19
-3
-18
40
-25
-14
-37
-39
-22
42
30
4
26
-34
-69
-20
30
-16
11
9
54
-68
-76
-19
55
22
51
-99
-29
105
-22
-35
-43
-4
9
3
3
57
52
4
-21
34
11
45
15
-49
-46
-71
64
-73
-19
-15
78
49
42
65
52
58
-30
28
35
-23
-2
55
-38
34
-1
-33
-18
5
-9
-4
1
-18
-2
15
17
13
83
-3
10
-21
-13
39
15
-3
-26
68
-5
35
-4
-32
77
-10
-57
1
-63
-39
-44
-29
77
-15
-5
12
-38
-8
-30
-134
70
-62
-12
-69
-3
-15
-73
72
13
-36
15
-76
14
41
-141
-82
27
12
9
-34
-26
-27
-31
-13
-84
29
73
75
-32
31
12
-39
-8
-74
70
-44
24
21
-77
-5
-38
36
-37
5
160
-120
-26
-17
-6
-41
-41
-22
14
62
57
74
-21
18
15
-42
-13
-6
-37
-11
-11
12
47
-132
76
-32
-11
28
7
53
73
44
-86
8
-37
26
10
-75
-21
11
68
97
34
-61
47
-26
-60
-19
-56
-21
-51
-47
-43
-59
37
43
33
38
27
1
32
15
-97
24
24
-21
20
1
3
-84
-38
33
32
62
-14
63
-73
-4
-59
-9
69
-4
-14
77
75
0
21
3
-29
-26
-77
93
26
-9
-54
10
44
104
-69
49
85
16
-13
18
17
1
-72
-67
81
13
-12
-60
-58
30
-23
-49
-12
-29
-8
11
10
1
54
-91
17
-107
30
-17
32
-57
-63
58
-49
29
95
-27
3
-87
32
-63
19
31
44
17
26
61
112
-86
5
-48
-17
-25
63
-25
-89
25
41
-56
15
49
50
-22
44
76
-12
-105
-57
49
-3
-34
-14
-66
-145
-11
0
-61
14
0
51
39
5
21
1
-72
133
-67
-54
-23
10
80
55
47
6
-29
3
58
45
13
-5
-24
40
-24
-83
5
44
-54
47
-63
87
-50
-67
-12
-48
6
-4
34
27
-95
117
-28
18
-83
120
23
-94
-61
-52
54
13
23
-86
-16
53
32
6
54
41
26
-47
-62
-46
-43
17
20
-23
21
-17
-60
17
-71
-14
-36
-119
-53
12
-88
21
-1
-32
-47
102
60
19
-4
-37
-20
-70
70
75
-49
32
12
51
-4
76
107
9
-21
-5
60
-28
-82
10
0
-1
-3
-48
52
100
-61
19
0
18
-9
-4
23
21
11
13
-22
89
59
24
-68
13
91
-29
17
18
41
-10
-26
-15
68
-61
-32
-17
45
15
-57
-112
39
-7
-56
-22
-12
-34
-37
-9
20
53
-16
41
-35
-12
68
-17
-91
-17
10
-22
-70
16
4
33
-20
-1
144
139
30
-30
63
23
29
-1
84
-50
21
4
10
99
-38
2
-80
63
11
-52
-55
16
-42
39
-73
-2
61
-78
48
-35
-1
-85
-4
-42
-24
-13
-33
-10
105
52
-67
-20
16
78
-8
53
63
-38
4
-40
78
14
-14
89
56
72
42
9
-36
12
-27
25
41
-17
-23
15
-37
86
-18
-27
-72
-86
41
46
62
-11
99
-45
18
-60
-7
-35
54
-27
22
-100
-5
-25
2
-1
102
-97
-67
0
-82
32
-20
31
46
30
-14
3
9
-11
-49
-19
-84
-116
125
9
-42
92
16
82
-17
45
13
63
4
-46
-56
-35
-2
8
36
30
4
-35
5
45
-47
-38
32
25
-77
25
66
-34
26
81
37
15
-85
69
-47
39
-54
13
-32
-113
45
-52
-113
-33
-32
-1
117
6
-61
98
-42
-14
-82
-29
-33
103
42
-26
72
63
35
-8
-9
-117
-53
-75
-47
-22
18
4
5
44
-46
-4
-95
84
-105
77
72
15
13
-29
-54
48
-11
13
21
-41
-49
20
58
-37
15
-46
-41
-28
-4
29
-4
-8
-41
19
-31
-58
-15
-15
-31
68
-32
39
15
-18
-42
51
0
-56
27
23
-37
-20
81
-29
-39
-142
-6
67
16
34
-7
44
-27
-43
50
-3
-75
-29
29
47
-71
-79
5
-20
12
-83
-48
44
60
34
40
-82
16
86
-7
104
13
38
60
30
7
-21
-48
-76
-4
74
-20
-12
23
5
5
-33
4
139
-5
14
-19
-8
-91
-95
5
1
-5
-45
-9
22
-40
-33
4
-14
-109
78
-15
-29
37
-18
-52
-61
-16
-25
-14
13
24
-54
-31
-59
-7
41
27
31
-19
63
17
38
-19
-10
26
-11
-55
-45
30
19
20
-2
11
28
24
43
-50
33
47
-17
96
-40
-1
-114
-23
40
38
-43
-36
37
27
23
48
42
0
2
-14
-1
6
-69
-12
-16
-4
-42
-3
17
-59
-17
86
-49
34
38
24
16
58
-26
-11
12
110
-5
-9
-31
-30
-3
-45
-23
-43
62
19
-85
-2
29
-80
-50
74
-29
33
11
-36
-54
-62
24
-20
21
-75
-1
-7
76
-105
-54
-26
58
-16
51
-21
-91
-38
63
63
-53
13
-17
-52
-19
-8
-88
91
-8
-7
-27
24
-59
85
64
23
36
2
-22
-77
-47
1
-11
-98
-43
15
69
-39
-73
-91
-18
113
-20
-63
-79
26
10
-55
45
9
-59
-78
28
-8
-26
49
20
-18
-10
43
-3
-9
-24
12
-44
-72
51
-1
7
85
-21
29
-85
-65
59
58
-123
-24
-75
20
33
3
-6
-18
-44
59
-2
-44
-35
-18
-58
-23
61
2
36
65
0
-65
-76
-8
-90
39
-43
14
-27
-56
13
0
0
-87
-60
-25
-18
-57
-2
-6
-38
37
15
59
4
36
36
-17
0
-6
38
-8
-32
46
-63
-34
-27
40
56
-140
-98
-37
18
-55
12
-26
-16
-22
-50
11
-18
26
37
6
-5
52
-17
-18
-76
-37
88
9
25
-26
-53
16
-36
42
8
-29
13
-58
0
-1
-67
-87
-11
22
1
8
-58
-25
1
-44
6
-62
-46
70
107
14
-64
83
81
-48
1
71
23
15
-51
22
-20
-13
107
52
-39
53
-4
-67
-41
-5
-33
-4
-30
-51
-21
20
-38
41
-20
-17
18
31
3
41
46
-7
20
50
54
13
-18
83
35
124
-15
22
21
-26
-7
-59
-1
11
-24
10
65
93
-17
-56
-65
-65
63
5
39
1
-147
-63
-85
47
-20
-12
-7
-30
-20
-1
-38
-18
43
-7
-4
1
80
10
-17
-56
-11
36
10
25
-18
52
61
13
-19
-23
-40
67
-40
7
43
2
3
106
-71
-29
-68
-5
-79
10
0
32
-75
-20
25
-75
9
-25
-25
-39
70
11
-6
-8
-8
23
-39
41
-49
30
11
-104
-65
9
-6
77
41
-36
-81
-27
45
33
-60
12
102
53
33
15
20
-17
120
40
-103
-73
-45
50
-24
-38
-12
-56
-35
-72
12
18
21
-5
94
4
-31
67
16
-8
-41
-33
9
76
12
46
38
-50
-56
-49
-86
-52
-28
-73
-11
-28
72
-26
-30
58
-40
2
35
-23
87
-13
58
42
24
-54
-22
-24
17
-43
0
6
-27
37
37
-3
-12
20
54
11
21
35
34
56
-5
-55
5
-41
-45
26
-36
39
-58
28
19
77
-5
11
18
-23
-39
-8
32
33
-17
-34
5
-76
-22
30
-58
61
40
-9
-15
27
-88
2
-40
-2
14
-52
-6
-30
-59
-42
30
49
-41
-27
-3
70
64
44
-12
0
101
29
-49
86
-2
-1
97
37
-57
-39
3
53
-39
-27
25
17
-73
-3
60
-53
-7
-50
-38
64
-28
56
49
-64
62
40
-53
-41
64
-120
-14
33
-39
32
3
24
12
6
-54
58
-33
62
-97
28
-80
-5
-39
90
1
10
-71
-1
25
18
-64
33
8
24
-50
-21
47
74
29
25
-40
6
17
12
-32
54
95
-50
46
-4
-35
17
42
16
-7
5
10
-40
10
-39
97
-12
70
-4
83
26
37
-2
56
124
-31
-113
-22
100
66
32
44
3
-25
-28
-3
30
-25
-3
-42
16
64
61
-135
9
-74
49
31
25
16
10
18
29
-52
104
54
25
9
37
-24
23
11
-20
45
33
47
88
-21
79
-12
-29
-41
-41
-105
77
-46
-105
57
48
21
-2
13
69
-7
37
31
-48
12
-47
-56
-1
-38
38
-62
-25
-103
93
-55
3
5
12
57
-95
-10
-14
-46
2
57
-9
62
42
-5
3
0
-12
-56
50
14
-21
6
30
85
-38
-17
-44
-34
-47
37
38
-19
114
5
40
76
74
-48
88
44
21
-48
-13
80
-13
-1
-12
-22
20
-56
-105
12
-1
15
79
78
44
-56
50
-139
-29
-73
-2
27
60
1
8
5
84
40
-32
38
-95
-30
25
-45
49
14
-6
-16
-44
18
38
-139
-43
5
-87
-70
8
-48
-39
-41
-38
33
-29
-56
10
-140
-15
22
59
48
4
-32
-22
0
67
-3
-82
-63
36
-28
-37
-100
-17
6
-46
-61
73
-33
-103
43
-13
49
21
24
-58
67
33
-28
-72
4
25
-11
-36
8
13
59
42
-52
-93
-77
-54
56
115
-73
-21
-90
-92
6
78
9
36
-20
102
-73
91
102
48
-24
2
8
76
15
12
66
-11
-30
26
4
42
-115
-6
-36
-14
-12
79
2
28
55
-77
-11
52
-15
-17
-44
34
-102
-10
115
8
-25
-22
-18
-23
-29
23
-10
-63
41
-4
-1
-9
-14
-6
14
-43
-4
-8
31
-39
4
19
-21
-99
57
4
70
-39
75
63
-10
-50
-85
64
-34
3
42
54
-33
-10
-46
70
72
40
61
-73
50
-37
-21
39
6
2
-55
74
13
52
121
-75
-41
26
-93
-19
-71
-9
76
-36
-10
55
-2
-42
18
-88
-14
43
49
86
43
-95
-11
-70
18
66
37
-2
66
-16
-35
72
17
-58
31
-71
5
27
-30
-35
95
-38
-82
23
58
42
-81
28
115
-51
47
18
22
6
-22
-15
-21
52
-71
-16
44
60
-25
-36
58
50
44
63
-15
8
-43
-43
43
-67
-43
-35
-14
-18
65
-21
-30
-26
-5
-18
70
48
-43
-37
-4
-54
67
0
68
-17
-3
-67
-111
-48
17
-14
47
-13
-70
-41
27
-10
29
41
-40
78
14
-36
87
-42
18
-75
72
-29
-16
26
21
-53
-23
-6
32
72
41
102
29
27
-44
31
-56
-40
16
1
-32
-22
36
92
81
2
63
-5
8
58
-24
69
2
17
-74
74
-43
-23
38
-45
11
72
1
31
-11
-29
-36
-55
145
45
25
23
27
-96
-18
-30
-45
-70
17
29
-29
47
-28
-16
91
16
10
66
15
17
-13
-10
47
38
10
12
72
116
-68
10
59
43
-10
96
20
91
2
0
-3
-52
35
-21
60
-24
-22
88
-3
-7
6
25
48
-106
-94
5
55
0
-78
28
39
58
5
89
-35
-129
-7
-61
7
-72
-47
36
42
-41
-12
-2
-21
26
11
1
6
70
57
-32
-63
27
-90
14
4
104
-67
44
-72
15
-51
25
-36
16
-33
4
-28
53
32
-29
40
-137
24
14
-95
14
-17
21
-38
-37
-4
78
-11
13
22
-3
-22
-13
-19
114
32
-29
11
37
-119
26
6
58
16
-15
8
0
-54
15
69
13
1
9
1
-54
-28
51
-16
-53
-63
25
-3
-40
-80
76
-43
-1
7
98
-35
53
-16
-4
-84
-43
-48
-46
40
41
-28
1
-43
0
-38
32
12
9
-3
61
-32
-47
22
13
-22
-44
27
8
-113
25
-65
16
15
0
-83
-42
-49
22
-99
-58
108
93
137
-1
-21
-34
-89
-91
6
-96
1
-96
4
-20
13
-47
-9
-79
10
-33
44
23
100
25
32
-63
-38
-7
-52
21
29
-7
-15
43
11
-46
45
69
27
69
4
126
-40
7
43
52
76
-9
-55
-20
-31
60
82
-34
-23
-34
-98
-8
-49
-5
0
-63
16
-17
-38
23
-61
27
113
2
50
127
-58
28
9
28
13
54
-47
94
49
-17
-60
6
31
-4
45
-68
-16
-53
-2
-61
-21
26
62
-6
16
118
-23
39
1
-80
-82
-55
-82
-49
84
41
47
24
-38
-6
6
16
26
-38
-48
-44
47
10
-73
40
41
1
25
-11
35
0
21
30
28
-21
28
21
-2
-29
-18
62
70
71
-67
75
-61
-7
-72
51
3
132
10
49
-40
98
-17
-6
-18
-35
49
38
106
55
40
-48
1
-13
30
55
-36
-9
9
-4
1
10
-18
-50
13
-4
33
-46
115
58
40
-34
18
5
19
37
47
-83
-16
-30
-69
-10
-22
109
38
-32
-30
73
-28
89
-58
44
-43
7
2
-17
36
-51
-51
14
44
7
46
48
51
50
-3
-29
65
-98
101
-118
-32
33
115
-103
42
-104
-15
53
-8
-10
33
34
-48
-116
44
-16
-84
-47
-23
-48
16
-22
-41
58
35
-6
64
-70
6
31
-2
-49
-5
85
-158
-2
-21
75
14
-25
1
83
-3
0
26
14
3
72
-67
11
58
82
16
-79
-8
-42
30
26
12
-4
24
5
-76
41
8
-45
56
-28
11
1
-4
16
-3
-9
41
50
-45
-8
-7
3
6
34
-41
-17
8
-13
-31
-19
42
-72
33
-10
-41
-30
42
-3
2
37
27
-94
34
23
12
-84
-37
9
12
47
19
27
-75
21
20
4
-21
-43
-12
12
-17
30
-2
-36
20
-56
-11
44
6
-32
23
-45
-142
-37
90
-3
-36
44
-39
33
66
63
-80
43
5
-41
13
-7
39
49
-41
0
-70
50
29
-53
-34
101
-37
20
33
10
-87
-36
37
-98
-2
-2
14
-95
1
17
45
-40
-42
-46
57
-12
11
-4
-92
60
-22
33
0
-47
-62
-41
1
-76
103
12
24
60
62
9
61
-25
46
62
14
67
-2
-28
74
28
27
-60
44
-14
-41
-18
51
61
17
24
87
82
-59
68
68
24
-33
10
1
26
54
55
2
-35
64
-56
-21
-97
39
42
53
127
18
-8
110
19
-42
53
18
-38
-121
-6
-60
8
48
42
22
-25
-52
6
-21
12
-47
64
2
64
-57
15
-84
35
-24
-13
9
12
-81
11
-71
14
55
52
-50
40
-7
11
18
28
-4
-74
-94
-72
-63
-5
8
91
-33
-4
95
-31
1
-12
-7
31
-21
-74
-20
13
-22
-67
68
-59
-37
79
-59
25
-35
59
-90
-94
-22
-8
-56
-73
15
-44
-66
-3
-38
25
24
43
-136
39
-22
56
23
43
-13
-93
16
-75
67
-37
-51
-12
-9
-54
-77
-23
31
20
10
122
-42
107
7
-27
2
33
-34
-35
39
46
-86
-33
-5
-89
-8
47
33
53
49
-21
-11
52
30
1
-69
-66
3
38
-78
-28
62
48
21
-3
-14
26
-22
-27
-24
-62
-13
-14
55
38
-49
-26
36
29
6
86
27
-15
-11
-103
50
-108
-103
22
35
75
18
-5
22
0
-81
103
9
61
-13
25
-3
-29
33
-35
-8
36
49
-55
-43
31
70
82
-7
-65
-28
-16
86
-86
21
-56
42
7
54
25
-30
57
20
39
7
62
14
-41
11
-77
136
14
-54
-34
40
-22
-54
41
35
-3
81
66
-52
-14
76
-128
-72
-64
29
21
-7
-28
7
-22
82
-30
35
-28
108
-28
8
-39
-85
-98
19
-28
-92
-83
8
35
32
11
48
-4
-17
-2
-11
67
-96
7
106
0
-46
42
-14
42
40
-81
13
-8
84
-97
-44
36
42
-82
11
61
-61
-2
2
-34
-34
-2
21
31
-5
70
-11
15
32
-26
-19
-6
30
20
62
-5
-69
4
11
-41
-6
76
-21
-68
33
-84
-59
-45
36
33
-78
31
-30
-2
15
-37
-34
-24
-32
2
26
-31
15
30
7
-87
33
-86
40
60
10
86
4
-51
-3
33
110
41
-69
9
4
83
-35
-22
-62
-20
-59
28
31
6
-19
16
-41
12
63
0
-19
44
-138
-20
62
32
6
-22
21
-96
-50
-27
-96
23
-19
23
28
23
-31
-39
-38
41
44
64
-9
18
65
-2
-62
55
-11
37
-114
27
18
-42
73
-82
-3
38
-72
-34
-48
10
-5
7
7
-56
8
23
32
-116
-60
57
75
-124
5
-27
24
11
-6
-12
84
30
-15
39
-125
37
-38
-34
8
-13
-12
-70
-42
-54
22
24
-19
-10
-61
140
35
5
-14
-12
22
58
31
39
-26
-46
-45
45
-99
101
-11
-6
59
-37
1
32
3
28
-23
-66
33
-25
-73
23
-72
-8
49
-30
40
-52
-54
-41
-54
67
-59
-32
-66
37
-98
7
-54
-104
-28
-3
-83
46
-27
-35
-22
-80
-15
3
71
-80
-33
45
9
0
-6
72
69
41
-65
-7
-44
25
33
2
-148
29
-93
-30
74
-5
20
-1
51
19
22
22
19
-58
-24
0
31
38
13
99
-100
17
-15
65
-16
-53
66
-2
10
76
-69
19
-10
22
-64
3
57
28
24
-27
-50
47
16
66
21
-78
-79
40
-51
61
-44
45
22
105
-40
37
36
-25
50
-87
-47
-1
48
-52
20
16
-23
2
-10
-92
-48
-33
24
33
-42
-36
-21
-2
12
-64
-19
91
36
-57
-64
30
23
2
-36
48
48
17
-11
14
-28
40
40
-29
90
-50
-60
-25
17
-77
54
-57
-4
-47
-20
21
-66
-25
-58
45
-44
-116
16
68
-117
-27
-25
59
26
54
-6
-33
-56
-22
-6
66
-1
23
71
6
19
107
-59
-68
13
-34
48
-19
13
-70
13
-55
25
24
50
38
-62
-63
-14
92
-8
-11
62
43
-44
-2
-15
-28
36
16
24
16
64
108
38
36
74
-1
-25
83
-11
-34
19
90
2
44
19
37
1
23
5
-10
100
31
-1
133
25
-49
49
-51
32
68
-46
-41
-147
45
-54
-47
-45
12
42
4
-51
32
-36
-50
1
-79
-8
-47
-18
33
-3
-25
-20
-23
-12
82
-18
52
72
-42
-9
11
52
67
79
35
-31
65
7
-21
-21
-67
42
-10
-10
-30
-62
-89
2
-67
-6
-19
-75
49
-48
4
-34
31
21
-72
-19
2
76
72
-98
29
-22
-8
24
34
79
44
-13
-96
0
20
18
66
62
-95
-46
-8
17
40
5
23
-21
-21
-10
-16
39
-86
-30
-8
-7
-21
26
30
-32
12
41
-70
43
-22
-57
-66
-9
50
-8
5
45
8
32
-70
10
64
7
8
21
16
10
-38
-20
42
-4
-57
-70
97
24
60
-23
-18
-41
-67
-82
-27
14
-69
35
-89
-65
-51
27
-43
-28
53
22
-5
61
47
-20
-22
-49
6
96
-23
-7
-15
83
27
-46
-69
16
-65
3
40
-71
-64
29
81
-8
-17
88
-68
23
5
24
28
-26
-22
33
-23
35
15
-13
-17
-57
49
14
72
-60
-37
81
6
53
68
112
-22
10
-69
-67
-67
-41
-1
28
-3
-14
-44
-23
-1
-6
41
5
-26
28
32
-33
23
86
47
25
45
64
33
-2
-59
24
-36
-64
7
-17
7
-56
-69
44
-102
79
-54
13
40
32
-45
32
-37
52
-55
52
-96
24
-44
-9
6
-90
22
65
-14
-22
-24
-21
-10
54
-11
-58
-63
44
136
-45
-27
114
-36
-5
28
-22
-5
-55
30
-18
-6
-12
-21
-58
-38
-11
-3
30
-11
-91
-32
16
102
90
71
-44
22
-10
58
-102
56
-3
37
13
25
-2
-88
-40
-41
99
12
-64
-32
28
-78
26
106
57
32
5
-56
-16
43
79
-12
-41
30
3
-39
18
28
30
2
91
-9
41
-30
-14
99
46
-56
-65
32
50
-38
-57
30
5
-52
41
49
-29
0
51
9
-11
-51
38
-46
-69
3
-7
-1
-13
87
53
44
87
49
7
24
61
-24
-52
-78
-23
-45
-2
26
-61
-28
-76
-38
0
-82
69
-2
-34
-36
62
0
47
12
59
-41
59
46
28
-53
-66
-11
39
-15
111
71
-26
-28
-55
3
-10
7
-27
18
-43
-9
34
-10
-35
-70
-6
-84
-24
-125
7
-20
-1
-36
26
75
-2
4
16
68
46
17
47
-11
-54
-40
-27
23
64
-3
-3
-56
-15
94
-18
90
47
-85
-90
46
65
23
-24
54
-35
-14
-52
72
-25
58
71
35
-9
-61
-42
-5
42
-73
10
61
40
-56
80
29
43
34
37
-130
-52
-60
108
-18
32
55
46
-34
52
-44
-39
14
-50
23
59
-44
-22
5
26
3
-36
-11
56
-2
14
37
-48
80
0
-23
-26
-1
-36
5
55
41
-15
-71
-8
15
5
-48
31
-6
2
66
32
15
-33
67
29
-30
-71
0
24
104
-11
-34
-74
19
15
-6
23
6
100
33
-7
38
9
38
27
-33
36
-23
-14
-93
-78
66
-22
99
49
34
-15
-38
8
-39
-11
-51
-20
-5
-5
5
-7
8
39
-40
76
-78
-3
27
-21
-39
-6
-41
-18
-51
68
33
-36
67
-61
74
63
74
-21
27
5
-102
-107
-42
-8
20
66
-47
-45
-17
16
12
40
-25
72
34
94
-23
80
12
3
108
-65
-13
26
-50
36
24
-4
35
61
39
-6
57
84
-3
-18
-43
56
-35
-45
17
28
110
58
45
-36
55
9
15
55
-27
-1
5
-4
32
0
63
50
141
-55
15
-18
-36
19
-38
29
-9
49
-23
102
-12
-61
-26
84
47
18
53
-24
-72
39
-2
59
-42
-16
3
29
-58
-48
55
-5
6
1
76
-40
-4
79
27
78
-1
-23
-101
-2
-9
15
-37
-15
-52
-42
2
-29
11
-23
14
78
-75
28
-112
-17
62
26
-37
-20
33
36
-27
-33
-59
-5
-38
27
88
-64
-29
-8
31
12
37
0
43
-33
101
48
-65
-51
36
9
56
84
-60
45
-46
46
-14
-7
20
32
103
155
48
-5
0
16
-80
-111
58
-32
-3
67
22
-98
23
54
25
19
-9
-93
30
2
-77
26
-39
40
47
41
62
-14
-31
-28
15
-14
26
-48
-49
12
45
4
-26
-80
-11
24
-32
51
0
10
51
-65
2
-44
21
8
-134
99
19
-52
-3
-7
-46
-16
-51
-28
-22
1
-4
55
0
-93
37
82
4
18
11
68
-26
-41
42
-45
-51
36
55
-118
24
18
-39
29
10
74
2
5
67
-49
-18
105
18
49
40
42
117
18
-1
19
-58
-60
-35
22
-15
19
7
-11
32
17
34
57
7
14
106
3
-89
-63
73
18
-6
-19
15
5
-8
3
-12
45
32
-12
-71
52
-67
-32
-50
49
-17
49
8
0
-46
-68
46
-14
57
-33
-46
-114
17
-63
5
113
-50
-28
33
-35
28
-52
41
-28
-72
71
64
-3
-10
0
-30
-12
-4
55
5
27
-54
104
42
-68
-2
-46
-20
-54
4
-61
-45
37
-62
23
61
40
27
-152
30
-17
52
55
75
59
33
42
72
-38
13
-74
-101
-49
95
16
-62
-14
5
-5
-25
-57
38
-97
39
34
20
-60
-14
37
-20
-13
-39
-97
-39
34
79
43
17
63
33
28
54
-43
-13
-2
-11
-16
25
-68
3
17
-83
-36
-30
-44
-40
23
-32
-50
-2
55
-21
35
72
-50
19
89
24
-12
68
-14
124
-17
25
-44
-10
-34
-24
31
58
-45
165
42
-72
-12
-19
2
-35
-2
22
81
-27
42
-66
-37
-25
23
46
17
-55
3
60
63
-45
-1
-8
4
66
31
-77
-18
-23
-35
-20
90
16
31
-13
11
1
-102
-95
12
-24
23
-34
-48
47
10
-58
-42
-43
35
-20
48
-19
-71
30
24
-7
-73
24
39
22
-5
78
-26
-55
-53
-19
15
60
-12
-3
55
-14
-23
-23
-3
-37
86
51
83
-44
-16
-59
-83
25
-25
44
25
-33
-18
45
-62
-5
-72
17
-38
68
33
5
18
75
-9
35
-9
-21
-84
56
92
41
36
-39
29
5
-3
-23
-58
11
33
15
108
55
13
25
-24
59
-78
-101
-126
-23
11
-2
-5
-22
37
-51
-40
-49
-45
2
-30
-12
-29
-30
-6
-6
87
110
48
-17
-18
-68
-67
-18
-2
-29
7
17
92
68
11
-118
-29
-68
29
36
30
58
-24
115
6
1
-62
-49
37
-34
0
17
41
-21
25
5
-4
-59
-86
29
37
5
103
72
-28
-39
56
57
57
-69
4
-55
34
46
66
-27
21
12
-1
23
-31
1
30
-14
-36
22
-12
2
-7
26
-66
13
-71
34
93
-21
17
-9
-34
-65
-18
-125
-63
20
-35
-35
-26
-19
1
17
2
-8
-16
-70
71
-11
25
7
-69
-8
1
-54
5
-82
4
-25
-20
63
5
-15
-41
76
-56
46
-12
-30
-9
10
-33
27
-115
-61
14
-45
-32
-8
-25
39
45
21
32
2
-29
5
-9
33
76
25
-20
21
7
17
38
-27
-1
29
-74
-16
-54
21
-89
-18
-40
40
44
79
10
20
15
-61
-27
4
126
-46
7
-13
119
20
-86
12
37
106
1
-79
16
46
-83
8
14
99
8
15
29
-21
-51
52
-19
-44
-72
68
-6
81
28
-44
-20
12
106
-3
-36
11
10
147
-13
28
22
-6
16
22
-44
42
-3
62
-43
-47
-61
3
-18
15
-56
-57
99
-8
-15
19
-29
64
-57
-30
71
-77
-77
-45
-36
-56
19
-17
15
48
-5
10
-52
0
15
-47
-24
-80
9
16
-78
-29
33
-18
88
80
-28
16
-17
-6
-41
38
18
-35
4
-7
-56
77
62
-142
37
4
4
5
-15
55
13
4
-36
13
-1
-41
41
-28
-10
78
-22
-19
32
-36
-42
-47
89
3
-54
-71
5
38
-42
118
-68
53
-13
5
-53
-9
55
-22
-2
89
-91
-78
-36
93
30
-37
-22
12
-16
-75
45
-6
19
11
-43
3
25
-9
38
-45
-39
67
3
89
-13
9
-10
9
42
-1
-1
-45
0
-43
-36
15
65
38
-1
-4
-19
27
-59
79
-8
-7
-18
-80
30
-39
60
-44
-28
-42
-53
-93
-18
13
-36
-18
6
10
24
-88
-39
53
-5
-87
-22
-42
-25
-28
-29
-34
33
46
12
15
-8
-99
-3
32
-16
-102
-7
-6
-66
65
8
10
43
-42
88
-65
-77
53
11
8
17
34
20
-74
115
-21
-72
-77
-24
-89
-71
55
-67
15
25
-85
18
-39
-13
-128
66
117
-83
24
2
-17
-3
78
66
10
47
-17
107
49
-61
40
-8
67
-28
-6
-14
7
-1
-103
64
-89
70
-10
-31
40
-101
37
69
-43
-12
53
15
-13
83
-48
39
50
-48
-92
-9
-102
11
-36
-4
31
-24
-2
-49
-33
6
-47
-55
76
-26
-20
-9
38
-5
-55
37
-5
-14
63
10
-51
79
25
17
24
-70
-15
-96
21
50
52
-52
104
76
2
-76
-5
-12
-73
-2
8
8
1
-73
-72
36
19
-38
-65
51
-12
81
-60
-9
22
1
18
-45
-41
-37
16
-57
-28
29
-17
3
-39
-10
0
-28
45
46
2
-54
-16
33
-54
41
40
-30
-86
46
-39
4
20
-32
5
12
-38
-3
-3
54
-25
8
146
14
-25
-60
2
5
-22
-63
61
88
-73
-32
-26
-43
-29
-16
21
-41
-11
57
23
-22
-50
-39
-11
31
61
71
50
-39
6
10
-5
33
75
4
-26
-25
-54
12
-96
-70
86
-43
-64
-48
-8
90
-39
-1
67
39
-1
3
18
23
-58
-33
8
52
77
9
-46
53
42
64
17
-20
35
14
79
-27
20
-32
24
-89
-2
110
82
-22
34
69
31
24
-95
-11
-61
108
70
37
-83
-9
-10
-38
79
1
10
-25
2
-24
35
71
89
25
-86
33
6
36
94
-35
33
33
-13
20
4
3
15
6
7
-54
-20
67
-19
-41
-20
-25
-7
56
-30
61
-3
-23
-65
9
4
-34
64
-12
-11
22
-64
22
-50
61
6
31
55
97
17
73
51
15
117
58
-16
61
-67
-25
7
-14
34
25
-58
15
-43
6
21
-2
-5
0
46
-97
-114
4
-4
-64
32
65
18
-17
-52
-74
32
46
-12
71
57
-57
67
16
32
37
84
-6
-9
55
30
3
30
-68
41
73
39
18
38
7
105
45
-34
16
67
13
-22
-10
-20
-19
12
-7
-51
21
13
-8
30
81
-35
44
-68
48
37
-2
1
1
39
100
36
87
19
98
-21
-8
-80
-13
78
47
54
27
15
49
70
34
-58
-137
-31
-50
-55
-8
74
-104
-50
15
-19
-62
-62
58
-2
-23
-2
11
-19
-22
95
-13
36
-14
99
15
35
-73
-14
4
7
85
7
64
-47
-41
-27
6
26
22
-81
17
-2
-1
20
15
-49
-62
-9
-33
13
-22
-65
-55
-23
-60
-5
-74
-62
70
-17
4
-30
61
-7
-26
1
-27
-41
2
27
-32
18
-43
42
-4
27
3
-80
-35
-42
49
-88
54
13
-23
-61
12
-13
-100
64
-2
-26
7
33
-62
74
-21
4
-39
104
21
36
-28
-90
51
-6
-36
18
-62
28
49
112
-16
-45
-77
-31
29
136
95
-27
45
