31 63 64
0 9
0 11
0 12
0 13
2 29
4 5
4 13
4 19
4 21
5 16
5 24
5 26
5 27
5 29
6 17
6 30
7 11
7 13
7 14
8 5
9 3
10 2
10 20
10 25
11 11
11 17
12 2
13 4
13 9
13 11
13 21
13 22
13 25
14 11
14 12
14 27
15 16
15 22
16 18
17 9
17 16
18 8
19 29
20 2
21 28
22 23
23 15
23 23
25 12
25 25
25 27
25 28
26 7
26 11
26 17
27 9
28 1
28 6
28 21
28 27
29 4
29 9
30 17
36
24
59
15
27
39
62
49
17
58
46
54
28
42
10
7
23
61
14
19
57
0
41
52
2
30
37
9
34
18
53
4
47
50
35
5
31
43
3
29
44
22
33
51
16
11
45
40
56
20
6
32
8
13
60
25
48
55
1
26
38
21
12
-3
57
-67
75
-133
-5
48
-91
-43
-76
23
-35
-45
18
-30
4
61
-77
-121
-46
-96
-78
112
-71
-20
-152
-92
-84
-36
10
-111
27
40
25
25
-69
-81
-6
47
53
9
-13
57
23
-30
-5
-33
104
-40
-89
-26
27
-102
-13
67
72
19
-58
28
118
-141
-47
14
62
-3
64
-25
126
56
20
-66
-9
-65
22
-57
16
34
60
-5
-145
111
-22
13
-16
-48
-84
-80
-26
-18
-105
58
38
42
44
-44
-19
-52
-26
-23
65
-83
50
71
55
38
105
4
-3
-78
-30
-28
-64
50
2
89
54
-18
-91
-25
44
-16
65
-40
-15
-60
-155
40
63
114
43
17
-12
-77
74
-131
35
-49
-36
17
-143
6
62
97
-81
-29
-92
92
-20
-76
170
45
-53
46
-39
-61
-32
-30
13
-4
1
-41
-33
60
55
35
80
34
39
156
-57
7
37
89
-44
57
22
-22
-22
-24
42
-50
48
95
113
-88
-27
120
46
-80
-5
23
31
-65
-16
-2
-86
-27
50
65
-78
92
20
53
3
-11
27
21
-141
-37
-20
28
-71
4
-79
1
29
-50
-24
-3
3
6
-6
-79
-62
54
72
-62
57
67
7
-30
-47
-24
-13
-77
-178
4
36
47
-26
-16
98
-7
-61
83
52
52
-56
1
53
67
-22
-26
56
-24
12
15
31
-14
45
90
-83
-9
-49
94
6
62
-1
4
71
-56
-66
31
40
-56
-4
71
-8
59
45
-82
12
-13
-19
-54
-30
-39
-20
-53
-62
-173
22
-19
35
46
-20
-193
38
76
149
27
-89
38
16
97
13
-111
-54
-65
-25
-29
-145
133
-13
-1
13
12
-89
45
59
-42
64
54
-21
15
39
-12
45
-88
-25
38
-16
126
-73
60
0
-24
-23
15
-48
25
-16
-77
85
-89
-41
8
-57
60
15
74
120
129
-63
-103
-29
19
21
78
-7
-14
-7
-75
-45
-70
66
14
-49
-136
-131
-61
-107
23
-67
87
15
-9
6
-114
-72
159
51
30
114
51
28
15
-16
17
106
-32
-24
17
-118
158
-37
-5
48
-84
22
-55
-45
106
-124
-153
-146
154
-18
-41
3
-23
-49
27
-33
82
-20
10
17
27
1
44
-35
94
-88
35
-41
-95
11
51
79
-15
54
-24
69
-117
19
-54
10
73
-69
70
48
62
-106
-116
-10
93
-108
-176
68
-33
-19
-182
128
22
134
29
132
165
43
-7
-87
-49
15
194
-36
-69
-59
66
-50
29
83
-76
64
42
-101
-10
-108
53
38
81
8
89
33
-23
118
103
-6
-12
5
-74
19
-1
-21
55
-127
-27
-38
9
32
3
-47
26
7
-39
-7
-48
-65
-82
-166
-30
87
30
46
-74
39
-8
69
3
8
44
-176
64
-88
-52
51
-60
64
-62
-97
81
-18
61
65
-46
-17
31
-11
33
20
86
41
10
-23
46
-31
-55
7
-13
-44
24
-16
41
5
36
-31
-112
14
-62
15
22
-18
23
-46
20
3
28
4
35
15
64
-119
102
79
-104
-48
-108
-24
-25
-74
-15
-8
104
31
-79
54
-12
53
-15
-20
-15
-26
-58
-18
11
35
49
-23
-15
-136
-15
60
24
-87
-5
-122
51
-99
28
-103
6
40
39
-174
-76
-62
-82
-43
-40
54
-7
37
-44
1
42
16
2
46
-77
40
-39
91
38
-5
-20
25
15
-28
21
-86
-35
90
146
107
-19
65
-109
-43
48
46
-64
26
-81
-58
-38
-33
46
-74
-43
12
-4
45
10
60
-15
13
-21
31
-92
34
33
-18
20
-55
-57
-33
83
-37
-44
-16
63
24
88
-55
48
-7
-23
-13
120
169
-21
18
-16
8
-13
-15
38
-77
27
91
-4
-1
37
-47
-64
4
-1
-9
15
-5
-7
-5
-35
68
-97
94
83
-82
1
46
78
90
31
0
-15
-59
14
46
154
16
1
-67
88
35
22
105
-128
58
-80
-36
-115
30
108
-84
-62
-81
-66
-18
-18
-38
62
-20
49
-86
33
24
45
15
37
-29
4
-49
-119
-76
41
-8
-2
22
-12
33
25
-128
57
-23
-47
-25
-48
40
40
-94
-11
-40
52
-47
82
86
156
91
-4
49
16
-14
61
-55
-79
112
-76
26
-51
45
4
-94
91
34
51
-36
19
45
10
12
14
-64
-44
39
47
-28
-47
46
-54
-43
95
80
-34
-43
71
18
9
141
78
-84
-16
135
0
-58
135
-120
-144
24
43
-55
-11
45
-33
-51
-3
32
-61
94
51
-1
84
-66
77
-10
27
-74
-26
45
19
36
18
-18
-115
16
7
36
56
11
-37
34
-47
-14
6
-15
-5
-7
-54
-47
-41
33
68
65
23
-41
49
2
-25
-11
-53
-119
-167
-37
-6
31
45
48
-33
-19
-4
-10
12
-4
-29
-80
-139
4
11
-24
-25
-20
105
-59
-21
-51
-23
-85
-52
93
120
-26
-9
-45
-34
-79
-14
43
-84
-30
124
-17
-87
-23
70
-98
-38
-37
-33
3
55
-149
50
-71
-17
47
64
1
158
40
-16
25
64
-28
19
-72
-60
0
-52
66
-37
-45
8
14
59
62
-61
125
50
125
18
4
63
27
-71
-11
-76
-73
24
84
-36
1
21
57
-68
8
152
-67
-57
-28
-65
-60
-10
60
-99
69
-1
11
-26
-21
-102
-49
112
93
-43
-46
71
30
-48
-5
50
2
44
-73
-21
94
7
-136
-17
18
23
-67
-68
-32
-21
21
81
-53
20
29
72
1
-103
-19
8
-102
-62
117
127
-12
59
55
21
-48
-53
-3
-1
-46
-85
-1
-109
-137
-4
38
-32
-92
90
-23
-49
0
-145
5
-26
73
-65
97
-28
-11
68
-47
96
-25
-86
60
6
4
-107
-47
-20
34
-75
-116
-74
20
9
-59
-10
39
39
98
-95
-26
-103
71
-131
90
51
24
0
62
-1
-82
-16
59
8
-74
24
-50
-114
0
26
-44
-33
-37
-3
-75
10
-71
-19
-37
32
12
99
85
48
109
-65
-5
-63
67
31
12
-137
-10
-86
-59
-67
24
24
-21
-56
-73
-58
9
47
-32
28
-124
-60
20
97
4
-84
-20
-17
34
-63
-34
-132
6
-14
26
5
46
-83
87
17
-27
96
11
47
49
-121
48
13
-53
19
-24
4
-142
-92
-89
11
52
-21
14
-123
47
-140
-82
129
36
84
8
21
59
-27
-1
-41
-49
87
49
55
6
-29
89
18
30
-39
26
-50
-43
114
5
-29
-30
-93
53
20
2
-73
54
-48
-104
-46
77
55
68
101
40
0
83
51
-7
30
-62
53
-78
90
18
76
14
86
-42
100
64
-34
-8
-36
1
-4
30
-41
14
-21
93
7
22
-54
58
-98
24
-4
-6
-76
188
-42
39
-62
108
2
-77
-18
22
-31
86
54
57
9
-18
-25
-11
40
-19
29
54
25
-63
-70
61
89
-32
-57
20
-98
29
37
-15
-36
-86
110
-39
6
112
30
22
-13
-85
-17
108
0
-57
172
111
-49
5
-44
30
64
66
-94
-29
-2
7
33
-31
-29
-9
-43
-75
-31
53
-60
-87
65
5
-43
42
-15
5
-174
-15
53
5
136
-52
85
124
-83
26
-31
99
40
-30
19
-104
2
-1
-6
-68
18
0
-50
-2
-42
-23
-71
-11
8
26
67
-6
119
-10
-23
-97
-105
43
3
-42
-100
-53
-18
-80
-103
35
26
-159
59
-70
45
24
12
44
-16
41
-11
65
38
-26
29
-9
-2
-124
-91
95
-34
93
-86
3
-17
-35
37
56
-54
52
22
7
46
-87
156
-16
5
21
60
75
-27
23
-22
-33
-2
95
-103
125
-86
91
-30
-35
-48
-27
48
-32
45
-8
-3
78
30
103
65
65
0
-97
21
-90
-10
82
21
-32
-60
-45
-5
-97
21
-23
-57
-70
-1
15
-115
31
-87
108
83
20
-127
-166
41
136
110
-28
76
21
-67
-42
-104
118
11
24
-89
0
-48
-17
89
-172
-189
-15
59
13
-90
-87
3
64
-3
-97
-66
-88
15
2
17
6
-122
58
-31
27
47
92
9
17
7
70
0
74
-5
25
-17
119
-4
10
-15
-129
-30
-1
-104
-30
33
139
-82
-67
3
-8
13
-4
-50
-16
17
97
-6
24
-17
-60
38
57
27
30
-79
-87
127
-41
51
116
-43
112
-114
-71
148
-21
33
17
-18
-21
-36
63
1
39
64
-45
-100
-15
23
-11
15
36
-7
4
-9
-43
51
32
-100
-74
19
-35
-66
-134
14
0
-25
8
-38
-49
-23
-35
-162
112
73
36
-25
-42
3
-50
44
87
8
121
45
-3
-30
-96
16
-10
-17
-56
-70
-134
-65
13
-36
-82
4
88
-90
64
-73
31
63
53
6
-7
-2
44
-19
20
71
5
-11
106
-28
-13
23
1
-61
68
40
-49
-22
-61
-15
-54
95
11
16
-3
-32
-52
56
27
-28
-28
-1
45
20
-66
69
72
79
-40
-23
-7
-166
-82
50
44
-17
-49
11
-47
-82
-134
52
-20
17
60
-9
-172
11
-38
105
54
-11
13
-97
59
-65
-26
-25
-16
-191
67
-76
-79
123
-38
90
-42
-3
-107
129
17
25
-77
-7
-10
71
21
5
0
54
-94
-4
82
55
-1
15
-24
-12
84
68
-25
-40
-87
36
18
-31
-17
73
-19
5
118
36
-27
1
-6
-89
-17
-33
103
83
-76
30
54
166
71
-84
-22
-37
-126
135
-81
108
-5
52
-6
-63
-50
9
-178
-17
-99
-34
-123
-52
-133
-33
-24
21
-14
-67
106
75
59
-11
-13
-93
96
6
24
5
8
-44
0
-3
-49
-31
70
-12
12
-90
-152
49
13
-59
34
110
8
24
-66
-83
-47
-72
-4
-104
124
-71
-71
120
18
-56
9
10
4
-19
-7
-35
30
-77
-34
69
19
-141
-9
48
-44
72
-46
-43
-35
54
-63
25
-22
110
38
-52
-42
-162
28
75
-22
-66
67
40
-4
29
-128
-144
144
-6
-88
4
149
-66
-65
-41
123
51
-92
-100
35
94
-34
6
-2
-39
-9
-47
55
-32
-11
-23
-60
-101
51
41
17
79
-96
-88
-50
-24
-125
-71
3
-42
11
37
-72
-94
38
-66
-9
57
108
49
-4
-19
48
40
64
-19
28
49
-41
56
-25
89
30
43
-14
26
24
45
-122
36
3
71
-30
-2
-50
12
-39
93
8
54
16
96
-129
-12
-34
24
12
-21
30
-39
-75
26
-63
26
16
-44
-57
65
-119
49
-6
-102
-3
-51
-65
-7
-54
33
-9
45
-21
-16
-38
-152
43
49
157
-29
52
-69
-91
8
-58
-3
-24
-36
123
37
-25
25
102
29
-3
-29
62
16
-48
93
60
-19
-34
-6
-66
-16
54
77
62
-93
3
88
-33
-34
-33
-42
-15
-61
35
42
-83
46
16
-29
92
64
55
34
-65
-46
39
19
-59
29
-12
-70
-63
36
135
-14
-30
0
63
-53
42
69
-10
47
-4
10
-43
20
-42
-67
76
116
13
-6
1
5
-5
73
-91
-106
-50
50
23
-58
-60
-65
-46
8
-37
84
19
59
-27
-100
28
20
-66
-17
-17
-45
-52
232
-4
-37
-36
-56
31
-78
21
-19
-3
36
-81
57
35
25
-65
74
99
1
66
58
-72
-124
-2
59
142
5
17
20
-40
-33
-4
98
17
-65
5
14
16
63
-14
-115
88
1
55
152
-45
77
29
50
-49
-1
-58
62
-63
97
-63
94
-21
-64
80
-58
-74
30
122
20
-55
33
-112
100
38
-11
17
-49
-165
-61
-19
41
23
-34
88
16
-41
107
95
-46
99
62
79
61
-35
-15
29
-36
-24
-27
12
-44
65
-67
-47
5
-73
135
-51
56
-74
48
-39
102
22
-177
-54
-68
49
-89
-63
60
-78
64
-1
-89
90
81
43
-113
74
-33
8
119
-15
-75
-59
126
-35
70
52
12
-36
-10
108
29
164
11
-165
20
-32
-71
-8
-34
-141
35
-23
-119
-20
4
11
32
69
21
-71
-28
-106
-73
-18
17
100
45
-3
-49
-3
31
65
51
-40
24
45
29
39
-57
65
-81
-84
-56
-9
-118
-88
-74
8
60
-71
102
-64
-106
23
-12
-22
17
144
-35
-77
37
-34
-40
1
36
2
-3
45
-21
-28
-79
-50
-69
55
49
-6
56
15
-33
9
4
-84
-84
67
25
-35
-70
41
2
-9
36
-50
12
9
-49
28
-67
-15
21
-122
7
61
6
-90
44
-59
-42
8
-41
57
74
1
-17
-70
-11
-16
-64
-33
-50
32
21
13
-21
-103
-55
-111
140
-2
-36
-124
122
83
61
95
-46
-21
20
-57
132
-59
54
80
-76
-46
-19
18
126
-46
30
26
31
39
34
-61
-26
1
-61
64
-50
-9
-59
66
-27
9
39
-97
-134
81
51
53
-107
35
19
-4
18
88
-48
49
78
38
127
39
-35
89
40
11
148
84
111
29
125
50
25
7
-96
71
-1
38
118
76
-38
-54
-94
145
-69
-1
22
39
56
-76
87
6
41
36
89
6
50
-60
-99
-25
-114
-84
90
25
-53
-23
0
31
8
-7
104
-26
-10
73
46
26
83
-68
130
1
0
49
-34
50
-32
106
33
-9
50
-118
15
-65
-95
67
98
110
-53
63
-27
-132
144
108
16
-119
145
-94
34
-47
-116
45
-24
25
-14
90
42
35
-35
-1
-21
-10
-40
9
97
-36
-36
50
-102
-42
-39
14
82
-1
-25
-76
12
26
-4
-32
-101
-19
-50
47
-9
3
16
60
12
-52
-98
8
101
-40
61
-22
19
-42
-51
-40
64
-23
-116
71
30
5
94
30
-2
-17
-20
-45
4
-6
-60
-66
8
7
8
-58
-61
36
51
-50
5
42
-25
33
41
-62
87
77
-35
-86
-17
-136
-50
52
88
28
-19
3
-12
-19
-48
108
-38
160
-62
-40
-15
-41
125
8
-44
20
45
-30
-11
27
-64
-26
6
112
-121
5
73
-56
-44
-14
-40
-16
-63
83
-31
1
-72
-38
-64
52
-31
78
67
-41
45
-77
-64
30
13
-40
-80
-21
-31
-31
113
42
-29
130
-37
36
-41
-78
-89
5
33
-160
-114
70
42
-34
43
-11
-73
13
-23
-35
26
57
99
34
3
53
64
34
19
-58
19
130
42
-83
79
8
26
-40
33
-31
-8
75
21
71
4
14
21
-22
15
-41
46
-79
-71
-24
87
-22
-136
80
12
-21
-125
95
98
-13
8
39
-22
69
112
26
20
-7
-117
47
-88
42
-12
2
19
-25
29
-14
-70
21
-3
-1
-4
-27
22
21
196
-99
35
-31
-100
2
76
52
-47
-114
-86
-3
-109
-22
-8
-21
-64
-11
-2
44
-45
-15
-17
16
-25
-2
-103
42
100
-9
19
-51
-8
-92
36
0
-85
78
70
106
-52
-57
-62
-92
-35
-26
50
-61
64
-1
-1
44
-70
52
57
-120
-92
-63
14
39
-1
36
-19
135
45
19
-43
1
-22
-26
-147
52
37
8
65
34
39
-56
-47
-42
-3
-79
4
72
35
-51
-39
-84
14
-70
-93
-24
-31
35
-3
-59
-67
-20
-9
57
47
40
9
101
9
166
10
90
-25
28
-24
50
-33
-62
-27
-55
16
-106
48
36
46
-23
183
-100
-21
31
-95
69
113
27
72
47
-52
157
45
-109
49
45
30
-37
-14
84
-82
-90
2
-113
-13
-120
55
80
-8
-71
-80
28
-84
2
-4
88
-22
-72
-1
38
-15
19
-6
-92
39
-54
16
68
-58
-152
5
-23
-103
-7
21
-93
-17
66
30
62
-14
-17
100
84
-25
-92
90
-80
-54
31
83
22
-48
-52
-47
125
-115
62
129
24
17
31
-39
76
-171
-138
-60
-130
46
114
-96
26
-88
-25
-48
23
-134
-106
33
25
8
-52
-23
102
28
-35
58
-125
30
68
-126
-50
-21
27
-59
98
-16
14
-37
-26
-73
12
-89
-13
-7
-19
-78
21
-19
3
-55
33
-79
43
169
96
-83
87
15
99
-21
-18
12
-15
-51
57
35
32
-125
30
-27
42
145
23
-53
38
-74
43
-118
-24
-51
130
10
71
-49
-38
-53
-53
36
94
-2
35
54
13
-51
40
32
114
-7
-47
-2
-77
-65
-155
16
18
33
25
59
-143
-53
38
-71
40
2
110
-45
99
99
-24
56
-33
-106
-26
-45
10
-108
72
-23
15
-141
23
58
150
-24
6
144
-51
-97
-66
6
44
-115
-41
41
-30
60
47
24
-56
-101
23
-78
-18
-60
51
20
-37
71
77
99
84
-85
-63
77
15
-23
-46
-113
40
80
-33
-46
150
-4
-4
19
201
-52
-31
-45
31
41
-21
141
-64
0
40
80
4
-25
9
14
45
-15
-55
-104
21
11
2
32
-25
30
-66
23
-98
49
48
15
-62
27
-4
-13
-101
-78
34
-87
-78
53
47
-58
59
-33
-57
81
88
29
57
26
88
19
46
-23
23
-82
-5
-92
-94
-16
-48
-21
-70
147
-41
-25
100
-21
53
-132
15
7
69
62
50
41
21
182
59
-27
64
-5
62
15
-68
-20
-80
20
-13
14
25
-14
-70
121
25
10
-100
9
-57
76
31
-2
56
110
-25
-177
56
-58
-26
30
-31
-22
99
20
76
-22
-82
12
28
82
-3
-121
-82
38
52
99
17
4
-39
30
-34
48
-12
43
64
29
-10
18
5
52
-76
15
42
62
-121
23
-30
-27
4
-101
-21
-29
-36
16
1
12
29
24
-18
63
-37
36
-89
-29
-17
-92
-21
-17
25
85
117
-80
2
-43
59
-85
-32
16
-40
10
50
33
60
1
8
-76
-32
-66
16
53
-100
-3
7
50
-32
-85
96
-51
25
-51
41
46
-24
-30
50
-44
40
105
63
11
90
-27
-14
-11
-88
89
-51
61
73
15
81
-81
-41
55
114
-16
10
-55
-2
-10
14
56
-60
129
-59
-111
-31
16
-86
3
-98
164
-95
38
29
-12
10
66
132
-48
-43
-170
30
-49
-34
-49
0
110
-87
22
-1
-41
-76
16
-59
53
0
-52
-5
-41
128
88
99
17
-6
-95
-143
90
-88
67
47
-56
37
123
-19
13
28
3
-62
80
57
-3
53
-73
77
-19
66
-12
-116
-32
81
14
13
33
88
-21
-74
2
-88
-5
-99
91
-97
-24
16
2
-44
32
53
55
-133
-30
-32
-10
39
-26
-10
24
-84
37
101
27
10
18
153
-102
65
-39
60
67
97
8
15
-24
37
-18
-57
-71
70
-5
-36
-76
-26
-14
-9
-44
18
-17
35
-9
-9
4
-3
24
78
-9
-30
55
79
142
-29
-34
-12
88
40
70
-15
-7
3
-20
98
45
11
84
3
-10
-24
48
-21
62
-112
5
28
21
21
-66
16
2
-35
62
1
-43
-116
-67
-8
-44
-40
-22
-145
43
74
-82
57
29
69
-42
110
47
114
-82
-8
-22
-83
14
-22
62
-4
18
7
92
-129
-70
34
-18
13
-4
5
1
15
-9
-1
8
51
62
127
74
27
-73
-48
20
-74
-37
-92
-48
24
-78
-67
41
-71
-60
-103
15
-39
-53
-67
-92
25
62
22
92
64
40
15
16
88
-32
-25
57
16
-11
21
-4
-68
-93
-21
-53
27
-49
15
-83
16
5
6
-54
-129
-33
-52
-65
-98
55
140
58
102
-102
-91
31
19
-37
-148
-35
45
32
98
34
-158
43
29
3
-55
-42
-73
-32
72
-49
113
53
49
-22
-95
-146
-58
-83
80
-31
51
-56
-37
-24
-55
-40
-35
97
-73
-69
1
40
50
-94
-36
61
57
-38
-62
128
-244
42
-85
-44
130
95
-39
-15
63
-116
20
-35
-53
-67
-57
122
-17
0
-133
140
21
19
-63
-79
21
-75
11
91
-16
92
7
83
91
83
88
-29
9
-45
-91
29
57
-124
-55
61
11
29
-7
130
36
44
-25
52
-160
-118
-31
106
-9
173
-25
136
31
-92
-35
-54
-44
-12
-16
39
57
-21
-44
91
101
132
54
39
-136
78
-51
-76
1
-25
-13
-32
10
38
-41
0
51
20
-48
-74
-44
-23
-19
-65
-40
-53
-78
-89
-2
-23
31
-45
33
68
-13
-45
95
190
8
-9
103
-81
9
33
120
19
-16
77
-62
-45
32
-49
2
35
56
-26
-23
59
80
62
87
-30
25
-32
63
-74
104
85
0
-60
-46
71
60
74
56
-22
60
33
26
-24
20
24
-13
-14
45
-97
-36
9
8
1
38
-45
-105
-111
-17
0
-23
-39
-17
22
-34
-29
56
-31
-100
16
23
24
-33
-48
-31
-52
-16
25
21
-16
29
25
11
-18
-77
36
27
21
-24
74
-71
-21
64
9
88
43
-60
146
76
107
-33
-23
-27
11
-37
-86
-158
12
75
21
136
-12
-38
-5
-158
-60
38
-53
30
12
0
-49
34
43
-20
-110
-36
33
-71
20
46
83
-60
16
-88
-122
18
-108
51
51
62
-24
-27
-20
-81
-77
-47
-40
-78
-34
35
72
-110
24
-86
82
18
7
14
68
-45
30
70
5
25
77
109
-9
20
-54
67
81
-12
-5
-1
20
20
31
23
24
-88
-82
-10
11
82
-58
87
1
-71
8
2
-114
-57
-56
5
-55
-35
-42
-63
45
83
-17
90
-2
21
64
-40
97
11
-73
-68
94
-62
-111
28
3
49
16
-20
-37
46
-30
18
-11
72
-110
0
-3
-11
56
100
-185
41
-86
-100
16
-5
46
9
-145
-49
61
15
-39
114
4
12
23
-84
-112
34
-27
55
-102
32
-8
-62
-29
43
-13
38
76
-1
-22
68
-54
-3
-44
-78
20
-13
-7
-41
-84
-12
171
44
6
60
-73
-40
88
-81
-5
-47
143
-60
-150
-5
-6
-49
-44
104
-48
-124
-3
-117
-47
-13
-19
53
-52
99
-81
3
66
-109
37
18
27
72
64
22
-23
48
13
-97
29
51
-28
-9
44
73
25
141
55
-85
28
-55
-58
-3
99
-88
-70
86
-66
3
-30
-15
-36
-32
-44
-30
-76
-74
-94
99
-3
101
-14
-62
-18
-28
-66
26
5
70
-25
82
53
-18
-44
16
-12
-22
-57
40
-62
21
-46
30
38
73
20
12
-33
109
42
-55
16
24
-61
-128
50
-24
33
8
10
-15
-28
114
-90
-12
-51
-60
-27
-1
23
-139
172
-161
67
8
55
3
21
-79
19
-136
-13
-62
5
55
46
-52
-21
19
-38
42
-14
103
-79
144
-79
-17
-88
131
-34
37
-109
-6
22
12
-33
95
-52
52
-31
-246
4
12
-25
80
-31
8
14
63
71
-23
51
-23
49
45
7
-166
83
10
66
-97
-98
40
198
11
-27
114
-106
14
-81
-21
-103
-12
81
91
83
-29
18
-4
-55
125
90
-25
-2
-73
-63
111
33
42
122
-70
28
-13
-119
1
54
-106
79
90
66
-9
11
-88
-32
129
-19
60
26
20
-19
-8
-28
35
14
-23
-70
30
-48
-31
102
8
75
24
-57
-2
-53
-7
-17
-112
47
-3
-98
16
146
5
123
91
-83
14
-20
-26
145
-4
-103
5
-82
75
-61
98
-131
-33
90
-1
-53
-32
0
19
137
-12
-2
-5
108
-26
52
72
17
-86
160
-6
14
74
40
81
-6
31
-9
5
-82
23
-49
-96
-70
17
123
-72
19
82
-30
-27
148
121
-21
66
-5
-15
-101
-86
29
-90
-26
43
-37
-23
72
73
43
14
118
-10
-56
71
-22
23
-51
109
13
-27
-25
-64
-81
66
80
-37
-14
115
-31
4
-114
127
34
-17
140
-76
116
2
-3
-4
70
-61
60
64
-116
-35
61
-20
-59
0
-42
-19
-111
-12
-60
-69
-56
-57
0
-70
-51
-14
142
-12
146
-16
-64
-28
11
-66
69
-39
-115
36
70
-72
58
-88
87
61
-29
16
-110
-11
28
5
86
-48
-14
-82
-54
-49
42
58
-77
-64
38
-31
-5
37
-23
-20
65
22
-50
-45
61
-75
-34
81
-78
5
53
-19
137
-26
-45
-65
20
-199
59
-9
43
143
44
42
-4
58
129
8
48
-4
-52
-57
12
-59
111
5
-30
8
-75
-45
47
72
-81
-1
7
-22
-84
27
-128
18
104
-24
38
-30
39
30
-77
-3
129
59
18
14
-30
11
6
5
76
-26
-15
92
-86
-52
-61
-9
49
88
-92
-38
-54
-17
76
-29
-62
21
10
81
-34
-13
95
86
42
-79
-74
76
38
102
37
-38
-52
-27
77
-89
-17
24
-126
105
20
-57
3
13
-100
20
48
-7
91
20
30
136
74
-26
22
-33
-16
-89
-59
-15
67
-16
126
47
19
81
-67
-99
52
43
-78
127
-12
-73
-56
49
72
108
-20
-111
-66
-72
-126
-68
-54
0
-21
28
-17
-10
45
44
81
-18
4
4
-56
18
-131
60
-41
164
-2
98
-139
97
59
-4
-42
118
-15
70
29
-3
1
-37
21
65
71
-17
78
65
86
10
42
-33
80
1
-54
37
-87
-18
15
-32
10
-71
38
-60
38
32
-20
3
-75
10
-57
77
-7
-128
-15
63
25
-51
11
-81
-13
-27
-78
-61
2
74
103
34
-40
-20
-155
83
63
59
-12
-124
-59
-7
-42
-41
14
-34
-44
4
52
9
-1
-23
-1
-33
-60
27
24
59
113
126
-57
34
-50
121
13
8
18
-78
-107
-152
3
-1
-41
49
15
33
-110
-43
-72
-6
-7
-7
51
-23
60
72
-25
72
68
-85
48
-92
50
-7
-29
55
-92
-22
-153
21
9
-37
63
76
-114
17
7
5
-81
9
78
-12
-45
1
-27
53
-57
-25
118
67
28
-13
-8
-60
36
-11
-103
-77
-69
-34
-11
130
29
-64
51
62
-61
-21
-53
-26
88
-98
-139
-26
144
-126
-4
-43
39
32
-61
-25
85
7
-67
20
-120
-40
56
-76
-101
46
-7
-135
29
-17
-33
-85
-71
-102
-16
-14
-54
19
119
21
4
101
-3
92
-5
28
142
-33
35
32
57
-103
21
-10
-56
140
-38
-37
54
51
-43
50
108
68
69
50
35
-14
2
96
25
82
-104
-4
59
12
-7
-61
5
93
-42
142
87
-44
-18
-32
-88
35
-17
3
-3
65
7
3
45
29
49
-17
-24
-58
10
15
148
89
133
22
-22
39
54
49
-48
-27
29
40
-7
-38
-61
-27
-75
19
79
3
-5
33
-124
114
81
56
34
51
-46
15
-64
-7
39
-109
56
259
-17
-29
-17
-74
-30
-119
51
44
-63
-55
-140
-12
-21
-36
201
-27
46
-55
-78
6
-47
-4
-61
105
55
30
-33
-33
1
-84
-7
46
-63
-42
90
-63
8
-68
63
9
-20
50
49
94
-23
14
-27
55
76
38
21
-103
169
-3
-106
57
60
-51
-5
63
-84
83
139
-54
-26
-6
131
-67
17
0
15
0
40
33
61
29
9
16
81
100
-8
-39
18
23
-123
105
45
-13
-24
-83
-16
12
40
-23
43
-51
117
-21
-38
91
-104
-39
-70
-187
157
21
-11
1
7
-23
62
-10
-65
-135
-37
40
-5
-121
5
63
-13
12
52
-11
69
1
81
-90
8
-127
-118
69
-49
92
9
-80
-23
-54
74
-4
115
-41
-15
4
5
43
-219
40
118
17
-79
-122
-44
-38
32
-1
51
-46
-85
0
-41
-105
-79
39
-1
44
62
-6
-100
-18
32
-90
-11
69
-39
34
36
23
-4
-42
31
27
56
-32
83
47
-38
120
-74
-77
-61
-27
-157
-58
52
-63
70
-144
-28
-87
109
143
43
28
129
-24
13
-98
47
71
-172
12
-58
-70
16
24
11
41
65
44
-16
8
47
27
-178
-43
-7
93
69
17
-110
-12
105
-11
-23
24
7
-40
-59
-37
69
1
2
5
114
11
-54
-29
57
20
0
-57
29
4
-47
70
-167
57
68
103
92
53
-35
-2
-65
-53
-7
-23
8
41
-20
-26
-55
-22
17
-13
-37
13
148
64
-37
-30
66
80
57
33
9
82
22
73
8
-10
-74
89
49
-21
81
19
-5
12
-21
-55
-65
-48
24
-58
-13
-14
-13
-62
-60
148
96
22
93
23
-58
52
-1
-46
112
42
-19
113
18
12
100
44
34
11
-68
-68
51
58
-10
-51
-35
69
5
61
94
-82
47
-45
-109
-81
-20
54
114
198
-21
35
16
6
-32
42
-10
-12
-3
11
5
-36
6
-39
51
76
-38
-7
-6
11
104
39
33
100
-144
-92
-5
102
-161
71
0
-65
66
-4
8
-3
22
61
122
-45
40
81
5
-89
50
173
58
59
115
7
164
-25
-55
-25
0
19
-69
131
-106
4
-18
-1
-100
-39
-120
-21
113
18
-67
-246
100
162
20
-76
-12
-18
44
-15
-19
-23
27
-43
69
-83
113
-118
2
8
-103
97
-35
0
-201
-84
-27
127
6
-35
16
1
118
95
27
-66
-133
73
7
-60
111
27
-36
-11
-61
-26
-20
90
-4
31
-1
-109
-12
-150
14
-6
-39
30
-26
-70
55
23
61
-15
59
-118
-140
57
-44
-9
-66
-6
-49
3
25
151
-38
-28
117
4
-23
-96
-88
-5
-101
32
23
-12
-13
-82
39
-69
135
75
41
193
-22
-18
-23
-107
103
-40
133
-29
-50
-19
-7
-46
-70
1
-62
-37
-42
62
8
15
32
-25
-103
22
-61
-57
-38
-54
-2
62
-5
-12
-58
34
-10
-91
74
-38
81
-26
58
-162
-97
79
-88
-69
7
62
-61
39
38
22
118
6
-137
150
-11
-109
-4
21
11
-75
-74
-35
-37
128
64
-40
-36
41
66
-133
-7
1
73
-2
2
-12
27
171
-76
-72
28
48
-24
-15
7
-30
-2
-80
34
27
23
-8
-33
-130
-3
91
41
44
-113
40
65
124
32
29
6
-5
-78
-1
-48
-62
-17
39
20
75
-64
-5
-92
-32
41
57
-83
-25
44
128
30
90
114
50
-75
-81
-24
52
-73
65
-73
44
26
23
-77
-35
26
-115
-14
88
53
16
30
23
-24
35
-40
132
10
-39
-59
17
67
-28
43
3
-31
-100
-66
-131
66
-162
-11
-26
5
1
57
47
89
50
-40
26
54
99
-16
46
26
15
-38
-93
-42
28
15
-4
-60
-86
80
25
122
-9
-52
-139
73
94
-9
19
110
-14
43
-95
-61
23
-85
40
-72
-124
-43
-36
89
57
28
184
47
60
75
-70
-81
-40
59
3
23
-54
-84
-2
80
-70
-29
109
67
141
4
20
114
-79
-100
9
-21
-38
-114
-63
18
-9
-56
-77
-134
-29
-51
-17
30
28
-28
-49
56
-93
15
70
82
-23
36
16
68
78
29
4
-55
-70
-35
-23
138
-55
-36
15
31
-7
43
76
-42
-57
5
-48
15
-2
47
-21
29
-52
62
-30
-2
38
122
9
-6
33
80
-17
21
-87
36
15
-144
-21
-20
22
-102
-24
21
-13
-72
-127
-24
41
-109
46
54
-14
15
-66
-102
63
-41
-17
21
7
26
8
89
-37
95
18
62
-20
120
94
100
-76
10
38
31
-27
-16
-116
28
-68
-42
-1
24
54
21
-51
134
16
41
4
-140
78
-33
65
147
-38
-162
89
-63
-69
93
13
41
41
18
34
-26
90
-14
-104
59
16
-20
-71
49
-90
-18
26
-67
-48
16
-113
-7
118
-130
-34
1
32
-9
-85
-58
-49
26
-23
-26
118
15
-16
-49
19
-80
89
127
-156
40
38
-26
-64
33
-13
89
129
-74
48
-92
-66
108
-50
-58
-59
-125
49
-8
102
16
-68
-94
-10
25
-16
64
50
98
2
-1
51
-99
14
-42
-5
4
91
88
-67
-46
-127
-103
54
-76
-40
-35
34
-33
25
77
51
92
17
-125
68
-90
8
-4
-59
35
-30
-52
11
-17
-33
-110
34
-21
-94
-9
14
-132
-67
-2
70
-38
-106
99
100
59
-64
30
171
-21
-51
-1
-7
-27
37
74
-19
-55
44
56
57
-91
-56
74
46
-4
9
-9
-104
75
14
-65
26
-2
-8
-27
53
11
131
5
68
-97
-7
-116
-72
17
108
29
-57
126
136
-98
-12
35
-83
-106
-74
-49
-60
60
-18
10
165
-7
70
15
-11
16
-175
33
-59
161
-9
0
-47
94
-10
-75
-15
-65
72
-130
46
7
-9
5
-56
54
-20
-67
7
-53
12
-48
80
21
-14
54
-46
21
-22
-94
38
14
-61
58
-4
-15
27
49
-14
74
36
11
-45
-40
54
139
127
-71
-124
-2
-8
-89
-66
-59
83
-29
15
-40
11
-33
-183
-87
-42
15
133
75
13
0
67
-13
-139
-30
-21
-48
-31
132
175
-16
119
5
70
-134
93
-10
48
-48
-15
-45
90
-49
-46
13
39
-146
-6
96
21
-108
107
50
21
-121
185
24
-1
116
-10
-38
34
-30
-59
19
46
-38
-12
23
-7
-15
-12
7
21
-31
-71
-58
45
55
42
-29
-52
31
67
-63
124
-9
-55
59
13
-63
-153
-77
34
132
-30
-20
-16
20
-66
-123
92
67
-59
66
100
-4
-56
-14
-105
-103
92
-65
27
-11
83
27
-184
117
27
20
28
-2
25
-67
48
-30
-18
197
54
-39
-37
-95
12
65
-170
-26
-66
32
73
-31
23
-56
-11
-102
53
-32
-56
-7
-95
28
18
-23
15
-16
119
-73
-9
119
-94
-89
-11
37
84
55
-55
-1
86
-2
80
-25
17
10
136
29
21
-29
-106
33
-52
76
10
-116
33
-3
129
-5
-43
-22
-96
17
34
41
-92
37
97
16
53
-26
47
6
-24
21
-23
10
-43
-46
-49
-24
-54
123
33
179
-23
222
3
-93
11
-160
86
15
2
-167
6
24
-122
118
-25
-1
67
-9
-61
-74
20
14
25
-27
45
15
74
-12
23
-59
-36
-7
-93
26
3
51
-67
56
56
1
-69
1
123
-23
83
93
-35
94
54
-59
65
74
41
77
-22
31
-138
32
28
-89
39
41
-45
-58
10
30
150
-93
18
-4
-19
-45
57
-68
-23
60
-51
12
-147
-33
-55
-70
-27
41
10
-41
-28
41
41
-30
-118
161
48
104
-3
9
-23
-83
36
-168
-14
105
39
-29
11
-32
52
-29
15
-42
60
113
-56
56
12
31
-25
81
13
29
143
-74
-21
24
73
-30
112
-32
9
102
38
8
0
34
91
-30
83
12
-63
14
31
-2
-39
-7
-57
-160
44
3
8
44
18
-41
27
-36
-26
2
6
-23
-108
-66
-113
70
-24
9
-23
17
-36
10
-12
-79
-96
46
55
-30
20
121
24
-30
4
-85
-27
-3
-12
-53
76
-111
-36
-36
-36
-13
-43
-17
67
-158
-45
-2
-79
-57
-43
-65
92
-82
57
-70
7
-106
132
-2
91
-5
55
10
-26
35
-99
101
9
-4
41
136
33
50
25
-53
-50
-101
-29
-4
5
-21
44
-5
-167
45
23
16
66
-9
14
27
-83
-20
-25
-92
-7
-55
-45
-5
15
-112
63
-70
-105
-23
-86
131
-54
36
-13
-42
41
-5
-17
-67
-51
69
85
28
-163
-25
-26
-34
9
22
52
41
-32
-32
1
2
-23
-9
101
24
-64
55
69
29
-22
-21
29
-62
-3
85
65
-32
6
118
-59
-30
21
-106
20
145
20
-31
-57
117
54
-28
23
35
51
45
-17
67
-37
-14
132
-97
-108
-15
97
-50
-74
46
10
-58
9
34
-41
39
-87
-98
-16
-125
72
77
122
23
0
21
-61
124
10
-11
-59
-89
132
-21
-19
-26
39
21
42
-32
42
-42
-51
-53
-107
-6
102
6
10
10
-15
-22
3
-67
124
-56
51
8
-42
-24
-6
-67
1
47
-5
8
-74
24
-66
-40
-19
45
31
-81
-61
64
-45
3
-16
20
29
-57
27
107
85
3
73
10
-126
6
-78
91
85
-102
-46
39
-15
-6
-1
-27
58
38
8
-104
-61
-44
-34
-36
83
7
23
-68
-24
-71
-57
10
-114
3
1
149
-74
-102
-79
8
-28
-19
3
108
-124
43
79
33
42
36
137
-23
122
-43
12
21
32
-39
-18
87
9
-138
-116
160
-29
-72
15
64
13
-65
-9
-67
10
13
87
78
-76
2
-34
8
47
6
-55
45
-28
-44
111
74
-150
103
-54
16
39
-76
-101
19
13
-16
71
141
53
-8
-28
-92
-32
40
-73
-92
86
68
-16
-3
-5
86
79
-26
-53
-156
42
-22
7
-83
-3
164
-49
-42
89
-12
-27
92
-4
4
-5
41
-34
-5
-31
-16
-2
25
100
108
6
-67
-34
-49
-59
7
-3
-69
-97
15
54
-26
-37
16
-50
84
-22
-10
42
4
-32
-8
-31
-22
-45
132
-89
-20
-76
-27
71
87
-29
58
-58
5
70
52
62
12
-20
47
116
14
-77
-58
-4
12
68
50
33
-94
-24
44
122
9
36
11
1
-50
-19
-108
-4
-12
-28
35
39
-6
29
-50
14
78
-110
52
14
-9
82
-84
-90
12
41
-51
2
72
27
15
-17
-30
65
-98
-105
73
53
-14
-24
-45
21
25
3
-23
-17
17
-56
-25
1
-4
-2
-207
-68
-23
-1
-81
-135
22
74
-10
-14
-31
23
-35
112
32
-27
-55
99
24
-37
54
-31
-24
-13
-24
-11
-51
-37
-75
35
46
16
81
-21
35
31
-51
-1
-35
18
-27
60
-36
-82
-27
-46
17
30
130
-135
-101
46
27
39
62
49
9
63
-61
29
59
76
-22
-17
-107
-57
-1
13
-86
-70
37
-23
-10
11
-68
-63
-45
-33
10
48
-6
36
-75
51
19
-94
65
75
20
-1
10
86
20
21
63
-67
-39
154
-25
46
-25
18
71
-27
72
38
-32
14
51
-33
-35
-123
-39
-81
-48
-6
15
5
13
-12
-32
56
-34
-23
-47
76
-113
45
32
39
-81
-13
44
92
27
-175
-14
-137
-63
-32
-99
-94
-53
-76
-23
55
-64
-54
1
100
-23
-102
19
10
112
17
-15
5
22
-10
20
42
80
-123
83
52
-39
-21
28
10
74
34
-69
-42
-25
-25
-57
-10
54
32
33
159
63
24
46
-41
-61
-33
-16
-97
16
-9
78
41
-42
24
-112
94
-162
73
-32
85
-1
26
49
20
-11
-80
22
118
-95
-62
-32
-14
38
43
18
90
-5
18
-6
-115
-153
22
91
59
-19
-121
4
30
-31
-117
67
15
-9
20
-47
67
-43
91
-87
16
-37
-168
-53
-75
3
13
27
-28
51
90
-74
-33
4
85
94
111
-50
-32
-67
-36
-21
-39
-69
-25
-25
-141
18
84
21
10
54
78
-83
-15
100
-55
-50
-68
89
-57
18
-29
59
-9
3
132
7
-61
-114
50
67
69
0
101
21
-3
61
-77
-35
67
51
-73
-4
4
-25
-28
3
-2
-21
-40
10
163
29
-29
-36
-104
-51
-36
52
34
-1
35
-82
-153
-5
-32
-8
-70
-114
-44
67
-90
-17
-51
-14
3
-31
7
-35
23
-8
-23
24
-3
-56
-15
-53
-115
34
44
71
61
-17
-16
92
53
-42
75
56
28
20
-9
-92
-63
32
-22
-89
-29
84
49
2
-34
-21
61
-28
-28
-67
-82
-56
-34
-21
45
-67
-109
-80
54
38
2
-20
-55
-6
-27
-71
59
-14
178
-44
6
-29
1
48
-100
32
261
96
-79
51
-164
13
-3
52
-61
-71
116
105
73
-36
-34
-3
24
11
18
18
25
73
-125
-49
-29
69
31
-71
-4
20
18
-38
66
32
-37
19
-63
-45
28
-5
-61
138
26
-19
-50
-11
-54
-8
41
19
18
-46
-29
58
43
91
140
-16
124
108
47
-63
61
33
22
35
-46
-29
30
-68
1
94
-78
-53
38
-48
6
67
99
-56
32
19
41
50
-52
-30
18
-65
-87
-5
79
-62
-51
-66
-61
-4
121
-151
51
117
93
-61
-5
134
-69
-16
-7
27
57
44
-41
-43
-58
9
-2
140
51
24
45
-88
28
37
-113
-17
-37
5
-44
23
-40
24
84
44
77
172
-60
31
-75
5
-30
-28
-27
-24
33
117
-137
-3
-25
108
39
-75
-101
212
100
34
59
-23
-41
14
40
-100
-32
50
-45
89
-54
-23
65
-12
-90
-46
60
42
47
24
38
47
77
-24
-24
118
155
10
-29
-132
12
-34
-194
-72
-103
54
-70
39
26
-59
44
-172
-88
-22
-130
-17
-78
5
-14
4
41
-50
2
1
14
-73
-41
38
34
69
40
121
-19
-64
65
-47
28
-58
-87
25
-119
20
-75
-16
-40
-22
-43
-112
38
40
61
-67
51
72
-39
-47
-45
9
34
57
-132
45
40
83
33
18
121
-6
-64
-15
83
-13
20
7
33
-49
3
87
33
-96
53
-14
-12
104
106
12
-25
139
11
102
81
-49
68
91
30
-11
138
2
70
35
-120
-14
-61
-26
-46
-46
-9
-4
9
96
91
25
-93
-130
56
19
24
12
-9
40
70
74
19
5
23
-28
21
-13
-41
-33
119
-28
111
1
-46
17
-71
-106
42
19
39
43
12
-57
33
42
-26
1
39
-90
43
66
-15
-8
79
37
33
-35
81
54
19
-13
-46
-19
-12
-19
-51
-27
38
-11
-45
-38
-1
34
-61
83
17
17
22
-42
-80
-43
94
64
68
-147
16
-40
34
-3
51
19
79
-4
-10
25
63
-9
55
-96
-10
37
151
-45
-135
18
-53
-83
-42
-37
76
53
1
-46
79
13
6
70
89
-53
-4
15
25
74
-14
-47
4
57
-77
-50
-30
46
119
33
-78
13
83
164
-66
-51
-37
-15
-41
91
28
66
56
-37
-8
77
-9
119
77
-55
39
113
-61
-133
61
32
25
-18
-22
67
-16
31
71
-40
-9
63
-21
2
41
85
-2
-10
-77
5
29
15
50
65
-88
16
10
152
26
37
11
-41
107
-2
-41
-142
91
-54
-6
9
73
-1
-64
-85
164
2
16
-34
-30
50
82
66
26
-42
-8
22
-60
-92
-112
-83
-36
0
-36
63
40
-29
69
18
44
31
-44
44
29
100
45
-64
-29
29
8
37
-39
26
-28
-129
90
120
27
72
109
99
71
9
69
37
121
114
95
-57
-36
-25
-36
-9
0
1
-5
61
-48
26
81
97
52
29
-61
-66
40
69
-2
36
-8
-113
79
35
2
24
36
12
-130
1
14
32
29
-84
-7
39
-49
-88
-75
-17
-60
83
34
24
66
-121
-42
-59
79
9
-60
-32
125
16
73
-54
33
34
83
-129
74
66
-106
-23
-9
-22
1
54
55
25
32
-111
-80
-60
115
-41
-29
-146
96
12
-26
1
0
-46
-31
-110
54
-129
-73
7
-63
64
-27
18
21
73
-39
-71
150
-74
-33
84
61
12
12
-14
12
49
19
45
-4
-25
-133
-35
-20
10
16
-101
-40
-61
-31
46
26
-5
20
-39
152
14
-3
-112
56
95
-59
61
-78
63
-62
115
106
-41
-38
14
7
-41
-45
0
-32
17
-15
99
-98
-67
-5
-67
-104
65
9
35
85
-15
-120
-79
38
-103
-101
118
-52
85
14
98
-38
110
-28
-52
57
-49
-37
23
-54
-15
-28
8
-59
7
125
-32
104
-54
67
44
14
-40
33
30
2
-39
-22
91
-3
-79
48
-57
99
115
19
-113
-55
-6
56
-49
24
5
57
-65
45
-18
10
72
65
-36
54
-9
-14
-111
34
-38
38
-63
5
154
-27
-42
88
-7
5
20
15
71
-24
59
124
-59
-29
40
1
11
4
-32
-12
0
81
-27
84
-10
16
49
-48
-105
-1
-16
-46
-30
134
-42
46
-70
1
30
33
-96
-27
-66
17
-120
79
17
15
-57
-86
41
-62
-65
-73
-38
-80
-62
-78
-21
34
51
-40
76
69
-81
12
40
51
-19
32
-28
-85
-78
-50
-15
101
30
-39
36
-34
26
16
18
-116
-80
-67
-4
-9
-2
-53
-16
-50
-13
101
-78
-15
-39
-21
73
-35
60
115
32
13
-83
-65
86
1
-21
-14
13
37
-50
56
94
-43
71
-33
-60
-1
38
-71
-12
4
-79
22
50
91
-54
-107
-20
-2
42
90
-51
-21
-44
-49
73
14
-6
37
0
49
41
27
18
-6
149
-71
-55
29
52
100
49
126
-39
-40
-13
91
-23
-60
5
98
37
-18
-17
-28
-18
65
60
12
4
68
11
-74
-28
13
36
-53
-22
31
47
-29
-22
-9
22
-36
-3
70
-8
146
-33
40
-59
29
5
-17
-5
-16
-26
-22
21
2
-24
107
-7
-37
25
23
-1
-47
-16
86
-118
-39
41
56
108
-55
118
28
-73
-15
-21
-3
-10
6
-26
-59
-24
97
-32
-81
-35
-30
94
-16
31
-110
101
-34
18
-79
-21
-73
-58
34
7
30
-34
72
9
-38
-10
-62
8
-68
83
128
-5
-4
-216
-56
-43
73
-105
-28
-73
28
-97
103
34
-96
69
-49
73
-120
-19
43
-65
-6
17
-110
-81
-70
12
31
41
-27
-1
-74
6
-53
34
-4
146
50
-44
21
-88
-43
-23
13
-59
-79
139
13
76
-47
-98
2
23
20
-50
-19
31
21
100
29
-74
85
5
46
-99
51
-185
-33
123
-49
-5
6
-38
140
-104
-47
54
-13
90
62
-28
-72
69
2
40
-12
65
-25
-22
-34
0
-190
-4
-20
-35
8
-106
31
-1
-72
-78
-66
-26
-12
-33
124
92
9
-74
53
5
-45
-40
18
-28
55
5
33
41
-10
12
-10
12
-15
-78
36
-105
96
-4
18
24
73
81
161
-80
88
-103
-67
12
47
-35
96
30
-39
25
79
16
-1
86
-18
48
-58
-114
-56
-51
4
56
-38
-20
6
49
82
-33
151
-77
-17
-12
-5
-111
-12
28
-43
-56
13
26
-80
-23
34
5
-65
71
-103
-42
94
82
-4
-10
18
-61
52
-20
26
93
-70
-11
71
-11
9
37
-38
-45
-118
-57
-46
-2
-23
149
-93
-53
46
106
-28
-79
-32
-107
-114
47
49
9
51
117
129
5
113
130
37
-21
35
-20
-78
36
-36
-14
22
-5
44
25
-29
-96
100
-48
78
-37
18
21
73
20
108
-73
-94
-1
-15
0
-63
-42
23
130
-29
67
94
12
37
-15
-24
34
69
122
-57
-72
-14
-44
114
76
-56
-44
9
32
-1
26
5
-148
-34
6
30
-100
-18
-120
-201
93
-35
7
-140
25
-39
-85
81
-33
139
90
9
21
84
22
-117
-84
-9
72
-50
77
47
-117
41
129
-50
44
50
-23
5
-66
115
-12
-14
47
129
1
45
-46
158
72
10
27
-30
44
47
-173
6
-82
82
-79
32
-109
61
61
-77
-56
-160
-53
-16
18
-43
32
-90
40
-14
-48
-53
-68
-168
79
12
28
8
27
109
-64
-115
-46
-22
-14
19
-25
-27
129
-133
-62
15
135
50
69
-17
16
-51
48
-26
24
4
-14
-92
-50
50
-90
19
3
87
21
-76
-102
30
-19
141
60
-59
-62
70
103
-10
-47
91
5
14
-82
-20
-112
41
-59
55
-117
51
71
-13
46
-15
68
-39
83
-2
-48
-2
-7
85
6
8
-8
101
69
10
74
8
53
-100
8
82
72
-48
77
39
-112
-71
25
-95
-70
-126
-43
39
-23
30
-58
-83
-71
62
-71
-31
-86
3
69
24
-41
0
68
31
-44
10
-37
55
30
91
35
0
76
24
40
-4
46
14
-56
-6
-20
-25
135
101
40
-35
30
-110
74
148
25
-13
28
146
-21
-84
-20
28
27
39
-23
-47
-10
-78
-9
-54
-56
54
-71
-123
82
214
135
27
14
8
23
-10
121
-24
37
-30
-62
-114
92
34
2
-68
-69
66
76
-40
9
116
64
63
21
21
-53
15
60
-8
-46
14
-84
79
-36
31
111
18
-73
13
78
-43
-62
12
132
-27
-3
-80
88
49
29
-9
-208
-46
3
-32
2
47
-52
72
-142
52
-16
-40
13
-32
-15
18
-85
-51
57
-66
-65
63
-100
-45
42
-47
-16
-7
91
74
-38
-38
-8
-72
0
53
8
-63
-11
46
97
2
31
-9
61
32
142
-64
18
76
31
52
-81
44
-8
-46
-44
19
68
-112
0
51
79
76
5
121
-8
36
54
-94
-217
48
-33
60
95
-78
-73
80
20
14
94
45
-96
-42
-21
19
-114
46
-51
-19
-80
11
17
-177
98
65
-109
-91
63
18
6
48
-67
26
-21
-45
103
92
-83
-16
-12
-23
20
-58
58
-3
-20
16
27
-16
-44
33
-115
-20
26
-66
31
95
-110
-9
-18
-30
-52
-7
-8
-37
75
125
23
-10
-63
-4
130
5
-39
19
26
6
-39
2
-128
-78
-56
-108
31
-130
32
0
3
-146
-79
-23
43
-50
52
-24
-52
175
178
-55
-2
2
38
-35
-20
67
-30
-80
-72
48
-49
-97
130
-5
102
30
-115
62
42
-29
60
18
-41
-40
3
5
-83
77
21
1
-7
0
79
-50
-12
-74
-15
51
2
-20
-39
-50
-39
-94
86
68
17
-110
24
91
-60
-16
-65
-11
10
7
18
69
-22
-105
-82
121
-34
-53
12
-40
-16
-60
70
59
-29
97
10
-58
26
-66
-24
75
-19
66
44
116
38
83
22
-45
14
-19
47
102
1
-15
-69
-81
38
-17
-35
-118
127
-7
48
-35
-77
-114
21
11
-50
76
21
-10
-60
-7
41
-13
9
4
34
-49
15
-35
-114
64
13
23
10
66
-73
7
27
-55
-94
105
-61
-40
76
-30
-52
17
41
174
-62
6
-98
39
32
142
-45
22
54
-44
100
17
5
-69
47
-89
-136
65
1
49
-17
23
36
-28
10
-27
-9
-1
26
-35
8
-4
-31
-3
-4
-173
25
-27
57
-70
30
-13
27
12
81
34
-45
13
129
-91
10
100
-67
99
107
63
4
40
133
-22
-22
15
-84
51
15
24
2
-99
19
37
13
-61
-30
14
-104
5
81
-85
-14
66
-25
28
-47
20
-6
3
18
10
-23
-33
1
-79
-10
8
-19
62
-51
-8
46
-99
0
-10
17
31
-86
34
-104
76
87
112
-38
17
-99
2
55
-46
-14
33
-72
-9
56
-183
16
-44
13
-104
-15
25
-99
-15
67
-53
-68
-32
108
-19
116
-13
-9
144
-26
-43
-36
66
135
-126
21
17
-15
-22
-47
-41
87
-14
-47
18
-37
3
-10
6
-45
25
-109
49
-57
100
101
16
-14
-41
84
-7
31
54
-57
-57
91
51
-21
-15
-16
30
-29
8
82
20
-93
70
65
127
-27
-111
61
54
22
73
-31
-4
4
65
-54
-65
-67
-44
34
49
13
-62
44
-85
-32
101
38
64
-47
-147
-1
40
60
29
-8
-50
-85
8
-65
39
-18
-9
-77
38
-48
-150
-34
-91
44
-17
-55
32
132
-78
29
39
39
-12
16
-42
38
113
95
99
2
-157
-38
1
86
-201
-22
52
-73
-55
77
-75
38
-2
28
139
11
80
-90
-97
39
-31
-85
41
72
32
-100
53
-65
32
-3
17
-63
-3
-57
-70
-99
37
54
-123
106
40
-121
-60
-29
157
37
-88
13
78
-52
-48
68
-30
16
50
-33
-50
102
-52
67
-84
55
54
-32
27
21
30
-58
-78
43
-3
16
36
98
16
16
29
17
34
-10
-35
-88
2
-26
38
-9
48
-12
14
-139
-19
-53
5
30
68
67
66
-18
-78
153
14
83
10
2
12
101
61
72
-40
-66
-25
15
73
-1
-19
26
-13
-91
73
-9
14
-66
-19
2
-9
25
24
-8
-2
-1
-92
-6
72
67
-25
-38
-64
-44
41
-9
-70
-64
61
-10
106
108
49
11
-17
41
53
52
-85
61
96
145
59
139
44
-43
-40
41
-96
87
73
-21
23
108
-71
35
36
-87
-112
-60
-44
-6
70
196
56
-8
-79
12
45
-45
-68
31
-69
11
-100
-11
26
-12
-125
63
6
4
44
-28
-6
-5
12
-88
39
-50
-29
-9
-67
80
-39
-95
67
28
-41
-63
-36
-4
-69
-123
52
4
-10
38
8
33
26
-96
-43
85
-22
71
-52
-60
23
-24
-66
-12
40
9
84
2
17
44
-30
-19
-11
24
-44
-29
-16
-49
90
-15
49
2
-59
99
-22
28
54
129
56
94
101
-5
137
-165
-6
-185
-14
-3
8
-51
-112
-102
60
-121
11
65
-80
29
28
-46
47
-5
14
0
-54
-48
26
30
-3
-47
-127
-9
173
-89
-73
40
2
-47
81
29
23
34
-114
-32
-85
-55
31
39
-216
-30
17
-105
21
-67
-30
-79
63
59
41
-2
-22
29
58
14
34
-39
108
38
-32
34
55
17
-50
21
-25
19
-46
11
39
-73
13
30
-185
133
-37
131
14
-49
-28
-115
-65
124
-82
34
172
-56
103
-78
-140
45
-24
45
-199
15
-35
22
-34
-56
-22
-69
-65
-190
-37
-21
22
-20
-9
-40
24
156
62
15
87
28
101
30
-75
-59
-39
80
-8
67
13
87
151
-145
-13
21
-7
-115
-137
44
-33
55
10
8
-21
78
-29
-41
145
79
-2
-144
24
-34
110
-14
-60
93
-21
57
22
59
-11
-24
62
-37
50
-80
-10
16
139
-14
-128
10
-17
16
-65
-38
60
-33
-19
-16
-87
47
-18
-42
-49
-70
13
71
107
57
-135
-102
-8
32
62
4
-2
0
4
-115
119
-78
108
13
-99
99
-15
-97
-68
-85
-4
134
82
24
-23
64
-38
6
-47
40
-44
14
97
-92
-109
9
77
-2
-138
-22
0
81
-31
-35
31
11
4
140
-15
19
52
47
46
-130
63
-4
-107
