32 74 81
0 16
0 22
0 25
0 31
1 16
1 21
1 22
1 24
1 27
2 2
2 8
2 26
2 29
3 10
3 18
3 22
4 15
5 10
5 11
5 20
6 2
6 13
7 0
8 16
9 25
10 1
10 6
10 9
10 12
11 23
12 8
12 25
13 22
13 30
14 3
15 7
16 9
16 13
16 19
16 22
16 31
17 20
18 29
19 9
19 10
20 0
20 11
20 25
20 29
21 4
21 7
21 19
23 16
24 11
24 13
24 24
24 25
24 31
25 0
25 5
25 7
25 15
26 26
26 27
28 4
28 8
28 15
28 28
28 29
30 7
30 10
30 16
31 16
31 20
15
26
17
12
16
41
43
31
42
13
46
21
9
68
54
49
36
23
32
18
65
56
1
29
8
47
57
50
39
2
58
44
28
63
27
25
45
55
7
62
48
30
19
71
38
6
37
67
4
64
33
11
14
52
69
0
5
72
60
66
70
24
61
10
40
3
59
51
73
35
53
34
22
20
86
72
-87
-54
6
132
73
-64
-55
-175
-97
-119
-75
168
92
228
28
-80
10
-7
39
25
41
54
31
-7
143
11
155
-12
7
-1
-91
59
-2
-45
10
-14
47
-4
11
99
10
-24
99
13
28
-36
-96
-118
-94
61
61
-107
-43
94
51
-75
-110
54
-154
46
49
-14
-114
153
16
-82
21
-108
34
-2
150
6
-61
7
-10
-61
108
-5
-40
-32
29
140
-10
-45
-95
170
-179
-120
-102
-80
-119
-23
-16
19
-59
72
8
-89
-139
14
55
4
23
46
88
107
-44
-37
129
60
107
-37
-120
77
25
-32
14
32
-8
48
64
93
-43
1
-6
123
-96
293
-56
-64
75
-21
73
99
21
48
-34
-9
19
28
-27
-48
49
-49
16
-48
-47
-5
0
20
111
9
14
11
-80
-114
0
51
50
18
-23
89
89
50
8
68
18
-153
4
-50
-46
38
-94
-57
-50
-32
91
-2
90
122
172
130
-60
-27
-100
-13
-88
39
-49
8
16
101
158
33
54
-76
62
114
157
-13
-57
-13
-52
-16
-44
-71
-135
79
95
-64
203
-92
44
-49
-43
-99
81
-39
-110
86
83
-58
116
-167
-149
-12
59
38
87
-147
19
35
-28
17
134
-61
1
-59
-36
19
16
-44
7
90
-119
10
122
-5
-21
-41
17
58
-123
-118
-25
88
-10
33
34
-32
-35
-73
82
-49
108
-57
-121
-183
54
-68
-19
7
-10
-7
5
42
-30
-42
29
6
-88
25
126
-67
0
-82
-7
-53
-182
132
-114
-61
-65
1
-86
-13
-17
-59
-93
-82
-59
-6
-15
60
-53
4
37
-15
-68
-89
75
-45
-100
11
-7
-16
-32
58
73
8
3
-24
39
121
-36
-128
63
91
-41
-2
-14
161
-62
70
-86
76
-84
-93
-91
-56
123
-48
-152
126
120
-82
-110
-20
10
14
-77
124
63
-55
145
80
-74
28
-4
56
-1
191
-27
-28
152
10
52
-101
62
-158
6
-115
-18
5
8
-84
162
125
-8
-8
86
46
80
-123
-19
-72
-92
0
-19
-169
15
-70
106
73
-51
-165
-10
6
29
74
102
21
-69
112
2
-35
23
60
-109
-16
-18
-103
-59
148
54
71
-108
28
-51
-4
24
-25
-128
-41
56
63
-14
-59
38
123
-60
10
-55
26
-16
69
-36
129
-111
-35
32
182
93
-55
-25
-64
53
8
59
-145
-120
70
42
-60
62
-94
98
114
25
61
-82
-24
149
-12
38
-12
92
94
14
109
96
-4
-41
2
38
22
102
-1
46
-32
-30
-62
166
26
-20
88
27
-112
-29
58
102
160
-174
-18
-56
21
-50
3
-42
51
-37
-74
-32
48
162
38
89
50
77
-24
-26
113
-95
37
160
46
-51
-18
-12
-24
42
-157
116
-38
-51
90
-66
58
-93
-32
-146
84
7
11
48
30
135
14
-33
71
-67
-22
68
158
-24
-28
15
123
24
10
92
105
134
-96
14
-16
108
135
57
80
49
57
-88
28
-18
144
61
-156
56
119
10
-53
112
-33
4
-11
-75
17
21
7
5
-7
37
-41
113
66
-46
-40
-120
21
65
-40
3
46
106
42
67
133
147
-81
-40
-120
47
109
-90
-99
32
-153
-142
-89
-196
-75
37
37
57
-72
-107
-180
-101
60
-138
73
222
46
-10
-80
-101
40
56
31
-160
-18
82
-50
126
7
137
-48
-60
6
-112
-7
61
-47
63
158
-122
-111
-8
-81
-59
89
125
58
-33
138
-6
19
6
-133
140
155
67
-21
-227
1
46
26
-108
98
-92
105
-44
-113
53
7
-100
-71
60
70
90
-86
18
-60
37
-104
-1
223
50
11
-107
77
170
111
-207
57
-27
-53
-167
35
-3
56
-88
-15
47
146
-157
-62
12
-17
-72
-6
-93
-111
73
-28
-18
-115
66
-73
145
156
0
-87
81
31
3
46
59
-244
-73
-219
-8
-19
-13
-20
-102
-19
100
2
112
-40
113
-115
23
-174
131
-21
69
57
-39
45
179
149
53
-133
-33
29
-89
8
23
-46
-51
-152
-91
-45
47
77
-51
62
72
32
-55
118
217
57
118
43
29
80
-34
-101
-93
-23
18
84
-39
-134
-7
-47
19
-97
30
-28
12
-4
66
92
-68
-142
-87
6
-56
-65
2
6
150
17
-185
119
57
-55
-5
81
74
-92
-52
-7
61
19
-87
5
-19
10
-139
11
40
-89
-32
-42
-154
-22
-17
119
-130
14
-35
44
-77
-21
-108
-19
74
-59
-96
-52
-27
1
-5
9
-13
28
82
-246
-97
130
-164
-145
67
-82
-84
75
-54
-67
-42
44
-42
3
176
86
87
-29
-112
62
101
-122
101
90
-62
52
-148
17
57
-118
91
-26
-27
-59
-81
142
-104
-39
74
19
-43
80
13
-54
5
-115
-175
-87
-60
59
-296
-9
23
47
-179
32
-91
-64
-19
107
78
-41
24
-5
44
-15
18
-136
-76
-27
-74
-108
164
56
-91
31
-168
-63
24
57
-59
-62
-22
3
49
-9
-18
-178
134
-38
40
32
66
-27
-3
38
-6
-20
-39
-168
142
14
-60
-43
41
90
-45
-53
-56
70
68
50
-29
-145
-101
80
-25
-55
-52
67
-122
71
52
44
-105
18
99
-51
-135
18
-40
32
82
45
-94
-70
91
-147
-160
-82
32
-192
97
79
-228
-78
-83
-159
38
81
37
49
-39
23
-54
39
-36
68
-152
10
40
55
-116
-45
9
-21
-135
108
19
8
26
140
36
-53
-12
-77
-4
-158
6
-124
-23
-14
-77
-22
-110
-125
62
73
36
5
65
53
22
-43
-193
91
-9
37
-71
-1
197
125
-92
-80
5
107
29
80
29
-79
-14
-11
-93
64
-25
-10
200
-73
19
20
-31
-3
-203
-52
-26
62
-14
-35
85
31
-20
85
258
58
171
-16
54
45
-55
92
-62
88
-28
168
133
0
-50
-109
-98
-46
-118
87
78
142
49
38
100
121
-46
3
108
42
80
106
117
-43
-23
25
84
-101
118
0
101
-43
-13
-78
-61
113
-30
-7
-70
-17
60
-84
-91
88
34
126
79
11
-196
11
-50
-52
-22
-73
124
176
-66
-40
23
-185
-59
-18
16
63
37
39
36
73
-63
60
-88
57
76
-37
65
-65
34
87
-25
-158
76
29
88
93
117
-4
-107
-68
80
13
-54
-69
-25
8
-20
58
-61
-23
46
229
44
164
-82
19
-78
-83
-77
27
-32
-16
-95
-26
77
2
-50
-16
46
-104
8
-37
-64
63
24
-75
-114
-15
89
72
-94
50
-40
-89
-52
36
3
-71
94
13
-6
-33
53
59
-104
55
66
-11
121
-53
-45
21
13
4
-80
-62
-254
-62
-18
82
20
-30
-67
44
4
53
17
97
-88
24
17
143
31
4
25
164
-99
23
-9
48
39
6
-154
107
-96
16
-56
26
75
-33
-67
52
-74
160
-82
-41
5
99
22
16
65
-53
61
-47
34
47
50
32
-28
163
-11
129
39
-16
105
86
80
-139
63
-74
-88
-69
96
27
-25
64
102
-117
24
76
56
-80
-13
41
61
30
62
-5
3
96
38
49
-40
33
70
-34
4
71
-120
1
50
127
74
-10
-48
40
-11
-11
3
-82
-41
-10
46
20
-32
50
43
55
66
38
52
191
5
-197
-24
-7
-1
40
13
27
-33
91
46
121
26
9
49
-10
-26
101
22
42
59
-16
-19
39
-44
-7
4
86
114
67
39
-30
72
-3
150
-82
-43
114
75
73
123
167
61
-156
-90
100
-165
-78
-36
-105
108
-90
-67
-67
-13
35
-25
67
-120
42
-23
23
97
85
26
-50
72
-113
6
-9
21
-93
-78
-161
120
-59
57
33
60
-53
32
-48
23
28
-89
-86
7
114
53
21
-151
81
-88
-30
207
7
-194
-38
-32
99
-30
47
-136
-64
-101
29
107
-59
114
-6
-42
-13
42
-62
62
161
58
-52
-34
19
-103
-77
125
-33
-32
40
-202
12
75
8
70
119
6
-79
-1
164
-83
51
19
-35
-76
34
4
71
-84
-7
2
100
-16
-8
-33
2
85
199
-68
11
-173
119
6
74
-68
-124
69
-95
-156
53
-95
38
-15
-61
-19
12
-34
-42
-187
-17
-79
-69
8
7
-58
43
-117
4
-20
-102
14
3
37
22
98
4
-80
45
-79
-4
45
-73
13
-84
0
114
95
-17
-59
32
63
71
25
-65
54
-70
-82
74
38
165
-112
-84
-4
-5
62
36
-5
29
-50
122
126
80
72
-121
-93
-48
-20
-1
106
-126
79
23
26
-156
-37
-4
-24
37
13
32
121
46
-61
71
-77
-58
26
126
-90
-7
78
32
-102
47
13
-118
-31
-15
30
-112
63
-31
29
-87
-75
22
-64
-71
65
-27
91
23
11
-14
-85
-182
52
73
-138
77
-119
1
60
38
-4
121
-40
0
-151
-12
9
-55
-95
72
145
1
22
210
-5
74
180
91
-48
115
-53
-58
32
-116
44
-77
84
69
-47
-87
-49
-169
30
-47
14
3
-22
-52
-106
19
-13
-64
-169
11
79
-8
-22
-37
-32
60
-30
-8
-32
80
11
128
9
82
-64
-33
-3
115
-8
114
2
62
-86
-108
-147
-68
45
-44
71
59
-141
94
-7
-88
-125
-91
-39
153
10
-44
31
28
69
-63
-84
57
-28
132
-16
-88
5
124
26
28
34
-54
-19
70
30
24
151
14
-53
-111
-38
-17
188
-19
-15
-35
-4
48
76
-57
9
-61
30
11
-101
2
-10
-11
120
-2
106
7
19
72
-8
70
-20
60
104
46
155
25
9
-35
-118
-62
-74
97
23
-91
-34
168
-127
-63
23
50
191
-130
-39
0
-7
-86
-173
37
58
60
-21
87
-38
135
56
-72
128
-81
7
62
-39
-101
-33
-26
-138
40
-58
-91
-26
-51
45
46
-21
-175
207
-8
-2
-56
-153
152
3
-40
41
-67
-166
27
-21
33
59
-51
-35
-15
4
-71
-27
105
-113
-26
79
39
28
50
-2
-65
117
48
-64
96
37
129
-34
-55
-151
93
31
31
121
-98
62
29
29
13
132
-71
-52
63
-161
23
-93
-82
1
-89
-34
-117
163
37
-84
6
-7
70
150
16
-55
80
158
-77
26
-21
-77
-86
-23
-12
-48
61
-20
-13
34
-70
21
-85
-56
-70
-19
38
-67
-55
2
25
26
-89
17
48
-120
-12
-82
39
71
-27
-58
84
-64
52
-104
-25
33
-46
20
-32
102
26
39
-85
8
152
-28
60
-51
-15
-30
-44
-110
24
-47
-77
-198
-131
28
-33
-30
-92
58
-70
77
26
26
70
-25
-75
13
22
-156
78
-80
-40
27
104
141
-74
-17
39
-18
112
-70
-119
73
-39
59
85
27
71
-139
1
-101
20
-69
22
-135
135
108
36
111
116
17
-67
59
-11
131
84
90
31
-88
-83
7
23
-35
-144
-83
43
-13
-216
19
52
-46
79
127
-26
-22
-29
-19
23
-122
131
20
-34
24
10
81
-11
60
-71
111
16
103
70
-79
111
23
-4
3
47
-183
-91
-45
112
24
-154
-151
-31
56
-76
19
71
43
36
-7
27
11
107
-17
-97
-44
-125
-13
129
-12
-18
70
150
-18
14
122
-79
-61
20
180
-2
26
-91
160
75
16
-37
-22
38
85
-56
-122
-10
-5
-41
189
81
28
-91
-123
-33
35
19
-54
0
-248
36
-36
-9
-55
-116
-42
114
66
-35
-110
-166
130
224
193
6
198
-92
-78
-3
-113
-13
-5
-17
9
45
-24
-10
34
-2
-137
-62
-126
73
48
-41
97
-43
-10
70
29
225
-6
87
-30
30
74
25
187
95
0
-39
70
-16
21
-43
-47
26
-11
21
73
18
69
85
22
104
-2
45
49
59
-176
-11
-42
-66
-31
53
47
-54
-144
24
-83
-39
54
-80
-22
95
123
-57
-251
8
42
124
-10
-85
25
79
11
-72
-15
18
170
-37
62
38
-92
-53
73
-1
-38
92
103
-149
-36
-10
24
-43
-57
101
-200
-40
-14
56
134
56
-13
-80
-22
64
-126
-112
-223
78
45
-104
58
-34
-12
73
78
88
21
12
17
-14
100
-26
120
-76
90
-183
-103
85
-57
-84
10
75
-40
28
-17
-17
70
-125
37
-66
126
126
-27
43
-91
60
79
176
-119
151
-62
-136
-76
2
-41
-52
-29
-62
-34
60
11
3
-93
16
-28
2
62
-24
-45
-13
-50
82
17
-24
83
27
77
-71
30
-53
-18
143
-5
-104
61
-96
-68
-12
11
-64
-48
-48
44
-47
-23
26
-169
-53
19
-152
-38
91
-101
-4
5
-1
9
-105
-89
-27
70
89
103
139
24
-73
92
-56
-68
-45
-7
2
111
52
-19
44
50
-20
44
-25
109
-123
34
11
82
8
-36
-72
130
123
31
15
60
101
-41
57
-71
-15
40
-40
-49
59
-1
14
-83
21
138
115
-28
-37
-4
-121
-79
-4
-49
75
2
-115
-51
-94
-87
9
27
-86
-136
-29
118
73
69
100
135
-18
56
82
123
-5
-22
-42
102
-150
-51
-44
-38
4
-100
33
1
33
-18
-14
-47
-12
41
37
76
-1
-14
-103
-3
11
100
-38
184
-21
-27
168
68
56
-38
-20
-53
-81
-138
128
15
29
-42
62
42
-6
-20
-162
-59
-16
-117
40
-49
73
-100
103
-28
58
24
53
61
-195
-100
73
-25
110
66
-26
25
-56
-14
-12
91
17
121
5
-97
47
-39
-64
60
-63
-7
-44
-6
127
27
39
-4
119
-65
-43
-56
-26
90
-79
-63
-64
70
-71
100
64
-46
108
2
-165
11
-79
-69
91
-1
-177
6
-27
-57
-45
64
59
-2
81
40
3
-1
62
91
39
79
-109
4
-14
-109
-52
-56
67
53
35
6
-7
-20
34
-22
5
57
-51
-81
172
-44
55
24
18
24
86
64
-2
97
9
-48
38
45
-15
47
-64
-61
108
6
10
-93
10
15
-3
137
-7
10
-3
12
-82
122
81
119
-86
-72
-106
61
131
25
47
-19
-2
-38
-90
-40
-14
18
106
-138
78
-13
33
81
-54
141
1
125
-49
-40
22
-29
37
41
175
94
19
72
47
57
-23
110
-38
72
30
-148
26
91
-97
-7
67
-76
60
118
-9
67
112
35
-147
45
-41
-101
-58
55
-46
-92
17
16
48
134
45
-103
152
-21
-87
105
-12
-92
27
157
-4
-9
-115
-84
98
7
-9
-185
10
-42
62
32
-57
73
5
23
-71
-23
-12
-82
82
114
-172
-71
25
16
-76
-113
-29
99
-73
103
21
104
-45
154
98
-158
-31
53
-6
-25
82
30
115
-44
-30
-16
-82
84
11
-120
13
-121
-5
82
64
-114
43
-78
33
128
163
64
-8
-130
-75
91
39
92
-61
53
-25
-81
52
52
53
-39
16
30
83
34
120
4
-24
13
-69
99
8
-41
36
-115
-202
14
-4
73
-77
165
-174
-14
64
26
8
-189
-16
137
-31
-25
-13
192
17
47
-22
176
-16
5
33
20
131
75
-42
95
99
54
87
-95
-100
7
94
-11
41
-38
-2
-50
116
-15
181
-117
179
-115
75
97
-68
53
-34
-40
-17
-52
-150
103
9
86
-105
51
34
22
-98
47
-23
-13
-159
-91
99
-14
19
52
-32
-56
-129
14
-37
21
80
145
145
-129
46
50
127
70
-69
-115
26
-9
18
17
-136
-159
-48
-199
120
-130
103
-78
-181
-60
47
22
247
86
-13
179
-87
87
-143
45
-19
-39
130
-13
-11
-41
-23
-55
-12
-114
35
-8
-73
65
42
28
64
41
-34
126
-50
63
-77
-41
-83
-63
-109
-59
-159
84
-42
-61
33
-28
20
-104
30
-68
-102
-32
-197
-53
-68
82
37
34
-15
-39
-31
190
84
-63
5
-69
-107
-62
63
50
-64
-173
-68
-112
-98
92
1
-105
73
81
25
-158
-49
52
175
-27
-3
-6
50
-244
-70
35
19
190
-166
197
-74
144
-20
9
21
-29
138
-25
-79
143
-28
39
41
-10
99
-28
-119
75
91
-91
66
-21
-80
32
-12
-128
26
11
28
32
-64
-88
101
-58
76
121
-31
69
82
48
-1
53
-18
-29
88
-92
-59
106
125
90
104
-44
-41
-33
-41
106
-43
-37
-54
9
-64
16
-21
132
-6
-57
-144
31
-55
-18
-44
49
26
-106
129
136
-36
93
64
82
-74
109
86
74
-45
55
27
-54
-191
-42
-162
4
40
78
84
-51
124
102
87
-76
86
-191
-87
62
-52
-14
-93
70
-25
6
-70
75
26
-122
16
169
0
-37
-125
-47
55
148
134
-73
144
149
-57
210
-22
-2
169
-12
-73
-89
-53
21
-104
64
-95
112
74
-117
-68
176
-45
12
-33
52
-197
-24
132
-81
114
-71
-73
-47
90
-172
-24
180
76
37
-68
-95
-42
-29
-44
-78
-156
-48
26
1
130
-98
110
89
80
-48
-112
-72
-161
57
77
128
-62
12
50
48
-5
-79
15
122
44
16
-110
189
96
27
-94
97
-24
-60
82
-22
-65
-29
-11
-81
66
-28
-76
-10
-85
50
47
60
-46
156
-5
-2
-55
-62
-30
-39
-32
-65
-174
-18
-2
-57
-34
-14
-125
-69
-158
-57
47
72
10
3
76
-24
175
-123
-12
-81
-2
-84
-52
4
31
-9
-88
-73
118
77
41
88
-94
-106
34
5
147
-122
-82
-121
85
74
-40
-36
-32
118
55
-73
-49
110
110
-6
57
34
-19
39
-6
42
-85
-31
-10
54
182
197
-4
111
47
31
33
-31
167
55
13
-70
137
7
149
-130
-66
49
-15
8
-25
-62
-4
63
-84
-126
61
20
-69
3
111
72
-107
37
9
-73
-54
-96
114
106
-105
-123
47
39
36
27
-2
62
-64
-17
68
-11
36
-120
76
23
-28
-85
-28
82
-85
25
-84
32
-31
37
-82
-14
75
-25
86
0
84
23
-153
3
-40
-111
38
-31
49
-110
-4
-28
47
-56
56
-27
-54
-39
171
-83
-228
49
5
192
86
-41
41
90
156
-3
91
-46
80
54
49
83
2
-46
111
-8
68
-160
-117
-103
29
103
27
-62
53
98
-34
61
108
-9
8
-11
26
-5
140
-40
-20
-40
43
6
54
81
-27
-17
-70
75
-137
90
-13
60
-91
188
63
-12
29
94
-61
76
-32
18
121
-2
-92
12
18
-34
27
-40
164
4
67
-129
-23
93
-32
4
18
57
46
-58
-17
20
66
114
44
-8
-17
-45
-93
0
-5
76
46
-105
175
191
-13
-15
75
0
-38
81
162
61
25
176
90
-26
-57
126
167
61
57
-82
-177
-41
48
-23
-26
11
-108
18
-74
-73
-119
-46
-17
127
-177
98
42
-84
25
98
-48
-29
97
98
38
36
-35
-75
61
123
-83
36
-23
-158
-72
33
178
68
18
24
102
-26
84
-228
-94
4
39
118
152
31
135
-62
35
53
-200
109
-130
-81
-64
50
-124
97
-35
-159
21
56
-16
90
-51
-30
-8
12
-4
8
-45
-45
146
-30
35
97
44
73
-48
-28
-22
-74
139
29
-115
97
-19
-43
35
44
55
-55
5
-121
48
-40
-8
-138
-160
21
-75
-66
-48
-101
-135
-36
48
37
-3
-99
-77
9
180
89
3
-12
1
31
-46
-145
-2
207
-111
52
-30
-53
-10
104
-59
19
-15
-113
90
37
36
-23
132
-90
-65
-4
-64
-6
-146
30
67
-58
41
34
45
1
-14
14
-78
139
62
-64
-5
-55
-49
143
46
-16
6
103
81
-150
-9
76
-26
-100
33
-15
24
-73
82
-25
56
53
-68
-99
23
37
-156
-212
106
-29
-35
-29
-123
-23
-172
-3
-43
37
60
44
-34
22
-1
57
-42
24
111
9
139
-47
76
187
171
-19
-7
180
34
-182
-105
166
47
-13
99
-314
65
-59
-98
-78
-129
89
37
-22
-47
76
-74
-10
34
59
46
-52
19
-34
44
-108
124
-44
-193
6
-17
32
-134
-206
-48
197
-51
49
-7
47
-37
34
117
-19
11
-112
-48
57
155
16
58
66
-100
42
-23
11
-185
82
-22
160
50
-102
61
30
-91
61
20
44
-12
-42
-66
132
-62
-89
-79
10
6
9
25
-78
88
-28
14
9
-1
-92
-125
-76
7
24
5
41
-54
29
-8
27
61
-165
-31
-24
-98
-85
46
37
57
134
117
-118
72
-53
-110
52
-75
-36
3
0
-59
53
49
-111
84
-110
107
35
16
-84
70
-13
29
-53
24
-25
148
61
6
80
-7
22
2
42
-79
64
120
53
3
-5
109
78
-50
-15
-137
79
-7
-145
56
115
-16
-49
-54
36
-176
-29
-41
-7
7
-186
-260
91
-134
-123
-129
-105
-75
-139
35
-56
-96
-61
15
-55
12
140
-7
61
107
2
-42
19
12
-60
-8
-114
-75
-17
68
-214
47
-49
-105
-122
5
124
-123
-30
-16
-32
-7
27
47
35
-39
63
41
9
20
-80
-62
-169
68
138
-2
-11
171
64
-297
-102
89
29
-8
-251
-110
-30
46
-63
58
173
-44
95
21
-12
7
-117
18
130
41
-47
-56
64
-33
-88
-158
60
10
-6
-4
88
-71
13
84
66
1
-65
-42
128
109
91
-22
19
43
14
-5
-37
-54
-48
-15
51
85
-136
-58
54
-18
-55
14
-1
47
-209
-122
117
161
-12
55
96
-119
0
66
-127
131
44
-19
8
-40
-36
10
81
-4
147
-38
55
-12
-40
-183
-17
-100
-30
1
-7
-29
-18
92
1
44
-141
-40
-46
-36
2
13
-79
42
128
48
-54
-26
-22
-135
-54
-32
-142
29
-11
-31
-38
-20
-12
160
-23
-87
174
33
-19
-107
83
105
-40
-19
-106
-40
-24
122
-42
145
11
-58
104
124
-4
90
98
44
108
6
-18
32
57
120
-8
-68
-146
90
43
106
-92
-145
-199
19
-206
136
-8
-58
84
-54
118
-129
31
-39
55
35
56
-79
47
-49
118
-78
-262
-30
15
2
-20
-116
-35
-87
20
-23
-40
45
-87
97
-63
-99
-29
-41
-13
77
-147
-61
-23
10
-63
-186
94
-7
-101
-40
84
-96
2
-46
0
-99
-55
-199
-79
10
-131
16
84
-17
-64
7
-47
-119
39
22
33
-6
-61
-92
139
0
83
30
-61
11
4
78
-32
-127
12
60
-82
-106
-19
-76
-24
-54
93
149
76
35
-8
110
59
-127
-99
48
0
-97
88
-124
-48
20
-2
-137
89
-21
-91
209
95
-245
25
101
27
26
-14
-20
25
91
141
11
88
-41
94
-33
-24
-181
-136
18
70
1
-22
65
34
37
-64
22
-22
120
-131
-4
60
6
70
-4
35
34
40
0
32
-113
110
102
-66
-56
-2
89
-8
35
-5
65
146
108
64
-33
50
43
-207
-108
117
-227
-1
80
-13
-17
128
-52
2
-106
-57
-108
115
95
-102
90
51
-6
0
195
165
10
-123
-33
6
57
79
-15
-67
50
-148
-111
-37
93
98
43
25
24
99
26
99
45
13
83
-52
40
-98
-35
-2
-41
113
-36
40
70
-44
50
28
48
-51
-46
-84
-118
-98
-123
-115
-6
-4
-104
63
-25
27
-32
48
47
-63
-45
83
-54
47
-18
-53
162
-12
-37
59
38
-23
-106
3
19
87
36
45
-121
-135
107
123
5
129
34
-15
-13
39
-69
-11
38
-34
45
106
-111
-12
35
195
-19
38
30
62
-24
-72
-62
-108
-84
-19
-34
-35
-34
-71
-58
53
74
16
20
-22
113
-52
-50
51
-86
-52
-98
-39
187
-112
-31
70
7
-130
-46
-25
82
79
-3
118
8
145
-4
36
-11
231
-156
60
-90
60
-30
137
-104
136
126
-58
215
34
-7
106
-3
50
-40
-41
-38
62
-47
19
-82
-45
68
85
-65
128
13
-34
-2
-88
109
-150
29
-126
38
-159
-37
-37
-123
-56
63
13
-116
52
20
60
-110
-42
84
-81
105
-40
5
3
81
42
73
-8
11
12
-62
-186
-64
17
29
105
-39
-63
-49
1
58
8
-12
-22
-19
-89
136
-15
93
35
72
41
45
13
-142
80
198
105
27
-33
-87
-67
43
6
76
54
-174
78
-48
-110
-70
66
-43
-55
41
-57
12
59
3
64
17
-109
96
-118
99
-47
59
17
-61
-4
11
39
66
-45
-21
53
-16
-20
153
12
-78
-78
-74
-83
-45
49
-209
-1
-18
-34
81
41
35
81
-10
83
49
53
-1
48
56
14
44
-75
25
121
130
66
15
-67
69
21
101
18
-55
46
73
57
11
75
-32
-155
65
34
19
8
-132
49
0
102
-88
34
-124
8
63
89
-69
-131
121
41
130
-91
-9
164
-2
58
-35
-21
88
-4
108
-121
-48
36
-18
77
-11
-45
-8
72
16
-3
52
-52
-14
-25
-69
-8
-7
-16
33
-27
51
51
-81
7
-230
152
50
-38
-82
-25
-24
17
46
17
88
17
-50
99
9
108
76
41
8
-50
150
-60
62
88
144
-231
-157
83
-106
121
70
65
60
88
118
-120
35
-43
9
-85
-78
74
81
59
-37
0
3
57
96
35
16
100
60
-31
-21
1
-79
82
-12
-96
-117
-36
84
-25
-37
104
52
-132
64
-58
111
106
54
-65
108
40
-91
80
18
-101
-91
28
12
90
-49
-35
-78
-101
71
-145
177
47
5
-23
-69
-1
14
140
-3
40
-182
-78
-52
-24
100
60
-118
-46
12
-96
7
-13
-17
-39
-9
-51
12
64
-77
-129
228
49
-56
-47
59
180
-41
61
24
55
-40
-85
-25
41
-59
26
10
-40
-68
-28
64
39
-111
-1
56
-60
29
-49
42
4
-20
-104
-135
22
-104
-30
-142
-61
63
-5
-64
-45
-78
55
-46
-69
-51
-49
-8
88
-48
-90
2
132
9
50
104
-67
69
19
43
-115
65
-70
-80
-67
48
-36
-166
233
-39
36
-16
143
-118
28
87
-101
-69
-11
-182
56
-134
9
-20
-119
93
21
-107
150
1
20
62
-88
60
32
58
-52
-4
18
-7
-135
212
66
161
174
53
42
6
-12
22
-32
146
-35
-27
-142
-28
13
-65
-11
7
-12
77
16
38
30
17
95
-57
165
7
-112
-197
54
17
-10
-105
-21
79
145
-45
26
53
-12
-71
-20
56
-19
-2
-53
2
17
-24
141
6
-105
126
108
-9
36
-16
-81
67
73
-23
-99
14
1
24
19
-57
-111
-86
69
72
-20
54
26
24
33
81
157
-3
46
145
157
-79
159
-6
31
-15
-22
11
-50
30
-29
15
-89
-62
113
107
-46
31
-106
14
-67
-36
76
-40
15
41
-7
50
-223
20
-1
-42
-144
15
-3
-104
-63
53
0
166
43
119
103
-57
-112
-37
-92
-70
35
89
191
-15
61
-23
30
124
-56
114
-36
198
138
-42
-18
15
-193
-74
49
223
-21
90
59
17
22
77
-37
109
-111
-148
101
-69
39
-33
-69
-104
-98
-39
2
-4
-71
-78
-49
-96
-146
-30
28
-167
-76
75
121
18
38
44
124
-84
38
28
-22
-160
104
29
6
-107
68
-3
-14
-12
137
-32
-36
-91
20
164
-15
-70
32
-118
-27
56
86
-25
35
-60
78
-70
-60
56
65
8
-61
-2
-114
25
72
3
66
-33
101
-7
-98
103
-23
194
61
-17
-34
-46
31
25
74
18
-1
-29
137
-124
30
76
-71
-79
-71
-6
44
107
-52
42
74
-74
-81
-39
-42
22
-117
-120
-64
94
-98
36
-78
9
21
103
-46
5
99
-45
100
61
-33
-35
-53
94
65
-68
24
-20
76
50
-49
75
-38
146
34
-25
-41
87
-18
140
-25
9
9
-78
-37
5
85
62
-19
108
-7
-58
-69
189
10
51
-83
57
75
-22
50
256
-4
251
11
162
79
-47
30
-153
-25
-180
-19
34
14
-85
18
-61
-1
-124
-95
-133
1
21
132
197
-23
34
-13
7
-99
59
-34
111
-25
-110
-91
10
1
55
17
-98
-66
-146
67
68
9
3
-25
-90
-96
-113
26
71
-93
-28
111
-30
-73
-5
119
18
28
-22
32
-61
-103
31
13
63
89
25
-32
82
-47
-68
-63
126
23
76
-36
-90
-32
173
57
-57
-83
-3
-121
-33
-141
27
70
36
42
-146
-3
-80
64
-146
109
-31
-152
22
-54
90
-47
-87
-116
41
-108
2
-95
19
-140
-136
117
55
-11
87
-13
-72
28
18
-11
120
166
73
-28
38
104
-102
103
-50
-90
96
44
-16
-61
18
96
11
14
-28
-30
81
31
23
7
53
53
-48
-40
31
-99
-9
37
-31
-50
-34
117
-87
36
-40
89
-119
27
9
-92
56
-18
-14
-61
65
-37
-130
85
-45
50
-98
-95
62
-72
143
-49
-14
47
-181
73
67
-151
-58
-13
54
-158
-40
4
55
-37
13
25
118
59
71
-114
-17
41
-77
-17
154
-6
-120
-43
13
-129
36
110
-16
85
72
-100
97
224
141
170
-156
34
15
57
-46
27
-115
221
-66
44
-45
-152
155
53
107
77
-84
-69
50
107
-74
51
129
69
-46
112
70
47
110
106
30
13
-50
-44
-57
78
-183
-22
8
-95
-78
93
-78
-72
44
-182
43
151
126
24
-33
20
66
-20
-19
43
-131
-49
-8
49
63
-71
-16
5
85
138
-58
-30
62
5
-119
-107
-86
27
50
54
-37
-37
-31
-69
9
61
23
-177
69
159
-10
-16
-45
-5
24
-20
-151
68
-56
-151
-78
-153
9
55
-32
50
24
-24
-57
-63
170
117
-23
121
-89
86
-89
-71
-8
-51
-4
35
-12
47
-32
80
-26
96
134
-27
7
-82
-27
51
-69
-21
0
-166
95
141
110
68
56
-71
29
24
-95
23
59
-150
8
-54
98
46
-129
3
56
-42
118
98
5
58
11
69
-80
72
34
-141
-68
112
25
47
65
103
-45
41
15
-119
-91
-19
11
-6
-45
-69
-113
-88
-66
-70
153
-13
-82
-124
-8
-115
39
-115
30
188
-66
-71
-21
49
54
85
205
-92
75
-42
14
-43
139
-27
68
-52
-125
-200
154
68
18
90
4
10
-158
-56
4
-106
-22
-62
53
33
-50
-130
-48
-151
-73
-110
-26
4
-213
-19
58
75
-84
5
39
-116
-73
-35
54
-99
-71
-94
-4
-152
-16
70
-157
-146
95
-22
-16
77
-29
-122
-111
-36
-36
-80
-43
-49
-117
19
0
-96
52
73
21
37
-42
-3
33
-166
-17
-68
-130
-79
-173
-162
38
52
-29
-85
-86
61
-92
9
-62
71
77
-15
87
-38
88
39
-142
-78
-7
-27
-42
98
101
101
47
2
51
-146
180
56
-154
46
-3
28
66
-62
-20
-99
41
-58
-13
46
-166
43
66
-11
15
-64
-69
-62
22
-81
-30
-74
160
101
241
129
1
6
-3
-85
-34
-143
-28
-89
98
71
-14
41
7
-36
-22
-31
26
-147
36
2
156
101
31
-4
-21
-4
-89
15
44
74
-67
116
85
-62
-11
118
104
18
-48
63
-89
131
-37
-216
-46
-44
5
-40
255
26
70
-79
-18
84
2
-97
-19
62
108
0
-76
99
-124
62
42
-7
84
58
51
-30
-149
-115
1
-15
124
-93
29
-14
-19
-68
120
46
-110
104
-5
25
120
104
-25
-69
-50
-76
-48
0
-76
219
66
-52
112
76
30
123
65
-131
45
-72
8
-25
-23
-57
56
-10
132
-63
-74
-61
4
78
-71
92
-91
-1
-107
-46
13
-52
-16
-59
-143
-58
16
-76
-39
-81
67
6
33
51
-23
-6
168
22
-40
70
-24
-79
-48
-162
54
17
-137
-49
134
-8
68
-72
-106
12
-29
-74
97
43
-158
-87
-27
-95
121
31
-77
-57
64
31
14
-129
12
32
-36
34
-15
-8
17
20
61
61
-64
26
-112
27
97
-36
43
-58
154
8
-159
-78
-14
-9
55
0
-98
55
-87
-35
57
41
-175
75
-6
-5
39
-130
109
73
4
-57
155
-2
-5
98
80
54
34
22
-68
79
29
-142
23
38
64
-6
15
34
-30
20
23
-35
-50
101
58
60
112
-70
-22
183
40
149
114
-163
25
47
32
-1
-77
-13
-31
-61
10
-65
-29
-37
-122
31
56
60
20
-41
69
29
-41
122
35
10
121
63
-70
-133
-11
102
101
-51
-4
-52
122
58
-101
41
-52
9
-91
59
219
-21
66
-90
50
40
104
36
-157
34
-170
-85
8
-110
-209
28
-32
15
71
186
-37
-3
32
85
-95
25
15
128
-113
-38
-63
-78
2
-43
-67
-67
-5
-75
-91
-55
113
82
130
-19
-26
-61
1
-50
93
15
23
52
-126
-48
56
128
78
-87
115
81
110
129
93
-30
-4
-83
-11
7
-92
34
-6
25
-125
73
30
-126
0
218
25
-15
-30
29
-49
49
32
-22
80
31
-23
13
-93
-49
-46
95
-76
-133
86
19
50
-12
-45
37
182
19
131
0
-33
-68
162
-33
68
-30
38
-131
-52
50
52
-30
-181
39
68
-59
-17
-23
101
35
-17
43
2
-50
-84
-44
97
22
101
20
-124
-38
57
-103
-188
-74
83
-56
10
30
32
1
-22
-76
56
90
35
-79
102
-104
9
-37
85
5
-39
-64
-102
28
-20
80
138
68
-62
5
21
-26
55
-54
-25
-90
-5
61
-82
47
-28
-134
-116
-162
-143
-52
5
-63
122
43
-10
80
-100
60
-60
-176
-160
-172
99
112
-99
-61
-166
-126
34
37
65
-48
85
25
-19
-86
-1
-7
70
-81
-81
-48
-44
-14
248
-36
129
92
106
-40
68
-34
238
140
16
-53
-85
45
58
48
-64
13
-91
-87
-73
137
34
-43
84
27
15
-23
-92
-34
-12
71
42
92
88
-26
-50
-36
-74
22
-18
-76
-18
-84
81
-179
-76
-77
-58
51
-10
45
-62
94
126
29
-112
-56
63
45
-99
116
-40
43
63
2
-68
79
-163
26
-10
61
-9
-200
107
-24
13
5
134
-105
45
17
43
54
81
57
-101
-123
68
-30
-4
-23
82
-74
28
10
39
-34
-31
-35
1
49
187
-38
23
25
-66
103
-47
130
67
109
80
-17
122
-46
39
94
208
-197
-42
24
-40
42
66
17
78
-69
-71
-149
-55
7
104
116
114
59
78
-42
60
134
-107
35
82
-32
152
37
-4
-128
118
8
34
-76
-164
28
-99
-5
-52
46
65
20
-16
78
107
-58
24
53
-28
-52
1
35
-18
-71
-32
12
53
-8
126
55
68
-90
63
11
-64
-48
44
72
-62
-74
6
-44
37
-108
9
-44
-108
-47
52
120
70
-33
121
-58
-14
64
-121
91
77
70
-7
146
109
-73
133
-8
42
33
-32
-99
-44
136
54
-94
3
-61
-34
80
-44
-36
-66
-92
79
-146
22
-40
57
-80
91
34
19
26
169
-16
-45
1
-57
-86
-55
36
-19
-6
140
-6
-10
-16
-28
-37
-14
-39
118
-4
112
-93
78
-9
-168
-62
34
-32
-35
-42
18
-20
-120
-120
61
64
-119
53
72
6
-68
5
2
64
-59
-71
-54
61
-38
0
2
-77
15
-49
-93
-172
-97
5
-77
84
132
-37
74
-141
-52
-37
-84
81
37
-15
-8
-71
-118
82
-8
16
146
35
-78
38
-36
13
-41
46
22
75
-39
3
-68
-63
-75
-166
1
118
155
125
135
-14
34
12
67
101
-35
-193
-196
-68
-62
-65
5
18
86
46
45
-294
-10
-21
25
32
-109
100
88
24
87
-71
-177
-106
113
-68
-4
-98
-49
3
-19
-93
-181
-97
-63
134
64
-76
168
-154
63
-54
-6
-28
-35
56
13
-52
81
3
-162
140
-64
32
0
4
-190
22
33
-27
-80
-42
32
18
-85
-50
-43
-142
41
-52
72
102
-10
57
-42
-91
-23
25
-23
135
203
-34
20
44
-24
-159
13
-95
132
-22
-61
74
-1
-107
-5
-158
35
118
45
-10
137
-53
-95
-106
139
70
16
-65
-111
155
-41
-26
-4
53
-52
44
37
-67
9
64
-79
-108
13
88
42
-40
6
-98
-21
-41
-111
1
-163
60
-123
36
67
-16
-123
32
10
157
74
61
78
20
77
34
83
-71
36
-98
-6
49
-142
-116
-113
-73
114
-183
50
-2
59
-47
-68
18
-62
75
139
-16
-45
52
-110
-61
-14
25
-100
-95
-41
85
-191
23
-90
32
-77
-86
-237
34
-36
-59
126
-98
-4
10
59
99
60
143
9
59
-104
-96
-186
-16
-75
-110
30
133
69
-41
45
-22
-43
24
-76
146
-30
113
-66
-125
189
213
-26
252
55
75
25
27
-194
71
177
-16
-16
-30
34
-23
47
-83
-152
5
96
-57
-27
-49
-31
15
-110
-48
-51
-3
47
35
-21
4
74
6
-122
73
-141
-19
-71
-56
54
79
48
-168
108
183
136
30
-26
-54
64
-22
62
57
-15
72
-160
-135
95
-103
53
-50
120
-67
18
95
-8
5
-2
-18
128
-112
35
-44
-65
34
126
-9
59
-71
-61
6
-27
-70
81
219
-77
-31
-75
15
15
-139
38
25
-76
154
-47
54
-101
10
-31
-17
-39
99
-213
45
74
105
25
6
107
30
-65
-99
26
31
-51
-86
-24
72
37
-54
-50
-123
92
-25
90
-32
-7
-7
-69
-18
73
-176
-24
-62
16
-62
131
-13
-42
70
-35
101
-68
-29
-35
10
-56
-96
-100
38
32
116
-98
-84
120
33
-4
180
-63
-106
-24
31
-74
109
-81
75
-35
-35
-22
95
142
-114
-74
-83
-58
112
17
-132
-123
-21
-22
-55
114
-52
9
40
49
-45
19
46
-16
36
-9
-35
-43
-26
68
-57
2
45
-93
-77
101
-6
118
96
27
27
-7
62
-14
-17
-64
61
44
-41
-49
-79
86
79
45
-6
90
86
-13
65
110
-76
54
116
52
-9
88
-82
45
-62
-10
-50
72
57
113
43
15
59
-58
-158
-57
27
-139
-120
119
-114
-113
-37
130
20
-46
-15
-52
-204
-209
-37
-81
57
69
83
-1
-58
131
15
106
-35
66
127
15
28
-23
-96
-124
-66
72
-81
-32
141
7
15
46
-113
-45
46
112
26
120
-101
-22
-161
89
91
-4
27
-69
17
-138
72
93
39
4
-97
-28
31
132
145
30
-108
-108
19
96
-5
109
28
-65
-93
34
-30
-83
227
-12
58
4
-33
2
-64
34
5
177
-41
85
95
21
34
145
-81
169
29
-8
-19
-45
-133
25
56
14
39
163
-85
-79
-6
47
68
-15
97
-73
-22
120
-4
-45
-123
-149
87
-18
-7
83
-125
183
21
-41
30
96
101
-94
77
58
53
47
106
51
64
6
-145
-75
5
-87
112
-63
-132
-28
38
-91
191
54
-81
98
-52
-113
-161
2
-99
69
-8
-141
37
-48
93
-5
99
11
130
-18
-61
-42
-41
41
-188
8
62
73
-93
62
77
-28
86
41
-67
85
-3
147
129
-87
124
-6
89
163
152
6
-37
77
227
-18
28
37
-13
-86
-83
17
-68
-104
-24
-171
-186
58
20
36
203
-25
-7
-23
-67
-6
57
-81
11
-118
15
47
-38
-26
63
-11
-107
-65
35
-97
-143
30
44
28
8
-62
-3
26
-58
-52
8
68
-17
0
-47
-20
115
49
109
-44
-27
45
-75
24
-30
-17
-15
94
-90
13
68
64
94
43
7
111
-12
41
-42
23
80
-2
36
-88
161
95
6
14
41
-58
-165
35
-38
-28
6
-13
159
-49
30
-76
-2
-53
-37
40
-13
51
-45
131
-84
-60
72
-57
-4
86
65
236
-6
-108
-1
-46
-1
-202
107
70
9
-45
35
-219
-16
17
129
86
57
-8
17
-65
60
107
23
-39
-97
15
63
96
-12
-72
-105
106
-44
-62
-116
-174
-91
173
-100
-39
-112
71
104
-24
81
-61
59
150
125
83
83
33
-86
123
-166
-6
-84
89
10
-69
68
-46
62
44
70
-100
-134
22
162
85
60
25
-135
-3
-108
63
-12
-30
148
-91
19
21
-196
-73
40
-65
-56
-8
-42
-105
-10
25
-17
-47
-62
105
97
-49
154
-16
-38
129
7
10
179
105
-30
-109
-208
91
196
42
71
-137
-44
26
20
-56
-108
106
36
-92
145
11
-87
103
157
-49
-47
-11
-122
-61
80
122
-18
-176
-97
50
63
67
-3
-128
-56
23
62
45
-38
-104
-18
50
57
47
94
52
33
48
-1
-42
-35
-82
72
-12
61
-64
-82
53
-55
-27
83
-10
100
-164
-104
56
141
-137
-60
6
-64
71
89
43
-38
-46
6
58
-15
48
-106
-166
5
166
54
32
-92
-7
-88
81
-69
-128
43
41
5
-43
-223
93
-63
-26
109
-100
10
-48
-132
-96
-42
35
-118
8
21
-95
-47
-19
14
28
-107
-103
31
-230
9
-14
25
61
-205
10
7
-45
76
-56
11
85
7
37
7
87
32
66
-87
59
16
-90
-59
-86
119
76
84
-50
-23
19
-19
-132
-4
-53
87
-21
-8
-84
19
5
-67
109
10
-62
51
2
29
-63
8
-15
14
105
-46
107
40
-80
32
-18
118
25
-95
-13
62
61
55
122
-76
-84
40
-52
78
83
-24
-48
6
-26
-37
34
-110
-73
-150
-43
28
-123
-30
-103
-43
87
97
-91
-35
-131
-55
78
-14
-33
-45
-88
-45
-76
-42
34
-12
-20
83
-108
0
83
-23
-23
107
38
92
-84
-121
-42
-118
95
-1
13
-171
52
27
113
-203
77
18
41
29
-130
54
88
-101
-121
96
81
-134
0
-131
-16
-108
6
96
-70
29
60
-28
-100
-177
43
-24
113
20
182
-38
105
-28
124
-56
43
51
170
25
-56
15
38
-91
-1
19
-132
45
80
67
-14
-81
9
-177
-4
-84
-4
-105
89
49
-25
-80
101
-28
27
-92
-7
148
-77
143
80
66
111
222
-9
-203
-66
-2
3
106
-22
-67
82
-64
-73
118
-143
66
52
-21
67
-132
3
-98
22
167
-156
19
-187
216
-42
40
129
19
-93
-32
66
8
-73
-46
-51
-147
118
128
76
-23
-17
-10
-38
178
107
82
-32
-87
58
-31
143
139
-141
25
14
64
82
135
120
37
56
-63
71
30
29
162
17
14
-47
119
70
51
-61
-1
18
-102
-54
-84
64
23
-89
-16
-44
1
-3
-86
118
-33
87
27
24
-109
93
105
10
24
-45
107
-67
29
61
-98
106
-107
14
31
79
-48
24
25
88
26
-173
-7
-142
63
131
157
22
15
-25
-23
142
-58
-124
-133
-2
82
154
170
-138
129
-3
95
-75
-24
15
14
96
-79
-48
-26
-36
100
220
128
-97
81
95
213
12
-6
2
-119
-104
46
-42
-6
53
95
69
70
-29
197
-3
-100
-133
-57
205
35
106
56
200
-59
102
-28
-46
-35
-29
42
-60
-31
-42
84
-132
24
33
-3
20
54
21
-126
114
19
133
-119
-86
69
121
36
8
-174
-106
49
51
14
-6
66
-65
-40
-20
-30
134
72
-20
-123
-147
-20
61
44
75
65
126
-17
-97
-75
-74
-182
-111
-42
-66
-24
13
113
-41
32
131
-35
78
87
-65
-16
-72
28
-4
-83
11
-29
-32
-93
-98
50
-31
87
-92
-67
57
-60
-143
11
-128
120
-37
-112
-44
62
16
0
-130
1
66
38
-25
-53
65
-34
68
25
-24
-83
86
65
-103
104
-70
84
-35
-90
82
-16
3
76
26
34
-78
-175
51
168
35
33
31
7
112
-57
19
-30
-57
-19
-14
-61
107
-36
2
-18
38
57
-102
-167
39
30
73
-65
-32
25
-30
62
-64
-68
13
152
-5
-131
212
-25
-70
121
85
-50
79
155
-24
37
115
-63
-72
-115
-13
-41
76
-7
5
-133
155
73
-20
36
51
-114
-25
207
-28
20
96
-51
183
129
-60
25
-109
-56
79
19
2
86
81
84
-48
-19
-108
34
51
-32
-90
8
144
-55
-46
-24
-104
-18
63
-42
8
-87
101
80
-42
-19
150
-10
-61
80
-19
58
11
17
-30
14
59
85
79
162
119
-42
-46
-128
-14
74
-85
110
58
-73
115
-107
112
-53
125
-7
103
31
-46
109
-102
96
61
-56
-61
-143
29
117
-67
-122
126
-17
1
-45
-113
-57
-68
-28
8
5
-91
-23
4
-39
-60
81
-9
-75
71
127
-37
25
-39
18
-54
-29
116
-48
24
-92
-8
86
161
51
-10
100
34
-54
-140
-128
83
26
27
-37
95
20
-94
109
22
-69
-66
-166
-24
-73
-58
62
46
48
45
50
60
33
-2
35
52
87
-74
-27
-75
198
-55
-173
-11
-178
-7
5
-47
-127
-30
22
-137
-22
45
58
-29
-172
-64
28
-112
-35
0
160
-55
-57
-26
-59
-76
-98
32
68
42
145
-31
-176
92
-14
3
54
49
-130
2
117
-53
79
0
5
-210
0
5
-63
80
-23
125
105
100
139
71
72
-16
49
71
-122
25
34
43
-128
-9
34
24
-46
124
-69
40
-139
-36
88
15
12
-112
14
15
54
-19
128
-30
-37
9
-72
-42
67
-39
-20
-76
113
-86
18
25
70
21
19
81
-49
106
-40
-62
-25
18
-16
-74
81
120
72
58
34
3
-11
149
9
-69
170
-54
24
26
-123
41
-3
-38
-97
-29
-48
-189
18
-251
19
-31
103
106
-173
-5
114
16
36
-113
-68
129
75
21
-102
-126
-105
-45
-34
40
-73
-29
101
22
20
10
-43
-200
-24
61
20
8
-50
96
-32
-93
29
-32
39
-53
-154
72
-74
-98
-18
50
-4
107
219
-69
72
-22
-73
56
-43
-6
110
-170
-35
-58
80
-50
33
15
108
-196
-24
-210
-29
-29
31
-85
26
54
28
10
-55
59
39
73
126
-118
103
-11
2
18
-185
32
47
-1
151
-71
-11
-11
63
-70
-14
113
60
-101
90
-60
-66
4
-89
101
-161
16
83
-64
-29
73
97
-46
-62
19
-72
-56
12
14
-155
21
61
71
67
11
-106
13
70
-174
-8
14
65
133
-79
28
-165
-76
32
169
46
-53
-39
33
-48
40
-22
66
-58
-14
14
63
40
-61
-7
9
95
-42
-48
146
-45
71
98
37
9
146
-164
69
99
-9
4
-14
2
10
-96
-43
29
51
-37
-77
152
26
-93
17
-66
104
5
36
48
104
114
90
-87
42
33
-7
-118
-29
112
-105
121
-73
57
-137
-13
-57
56
33
-85
-130
143
-162
135
71
49
32
-34
34
62
-155
-147
22
73
19
162
5
104
38
-15
62
98
-21
2
48
28
-142
9
-116
93
-82
-48
27
-14
208
19
31
-24
-177
-74
-16
-32
-131
36
-24
76
64
-134
13
-84
-90
35
-35
74
-83
53
8
-137
-85
-48
-20
-23
-101
-31
32
0
66
12
89
68
14
-28
-17
-120
-9
-61
16
-129
-107
79
28
70
-31
27
70
81
-39
100
32
-132
-26
33
-140
12
-63
-3
-63
16
-117
-48
9
106
85
-17
129
-78
121
-79
74
-58
-7
66
22
-80
37
136
-91
90
-115
-30
-50
5
11
-174
45
203
-125
4
12
-75
-57
185
-132
-156
-64
89
87
27
56
-13
-33
42
-59
22
35
-34
28
-83
68
9
4
57
70
18
29
-26
75
51
-42
100
122
105
-73
-155
74
-49
68
63
100
-99
53
-53
-150
-32
11
3
33
121
-84
-47
30
5
-101
-23
-15
-52
55
-69
-86
66
44
-136
-16
-29
-115
49
71
31
-57
158
6
55
53
31
-136
8
63
83
29
67
-23
-22
-124
-44
71
61
-64
34
182
-39
0
-29
81
-67
143
6
39
60
-63
61
24
-27
24
-117
-174
-5
-119
74
-23
60
87
19
34
-34
100
8
-15
45
-19
93
-52
76
-89
31
-22
-11
-14
122
181
-95
-4
61
117
35
-69
-7
30
8
60
14
-42
-135
-91
-58
-146
11
34
-168
-99
-37
-21
30
57
115
-109
-8
-100
37
132
18
50
-16
-65
110
-3
101
-121
-12
29
-55
157
40
44
-28
57
-35
-60
44
-49
-99
56
17
-66
-204
-74
1
-118
-44
20
30
46
32
1
122
26
-93
-97
-29
-9
-95
73
64
-52
-50
48
-125
-85
-115
74
-118
-81
-32
109
-94
-95
-125
34
-89
0
-56
-33
7
-51
47
41
87
-162
69
62
-37
6
14
72
-48
-80
162
107
106
-200
-180
-44
45
-92
-110
8
-52
68
-43
-132
-5
53
12
0
-27
45
-7
-15
-66
155
125
21
-21
77
-24
11
-92
126
7
-15
51
-49
-94
-123
-169
117
-27
3
-85
107
92
-42
88
-26
-52
-75
-42
72
-75
118
4
-66
-40
-90
98
-54
85
-79
36
80
82
-112
55
-69
26
122
9
-116
-13
41
-94
10
40
87
64
-37
35
47
99
-89
-107
-71
20
-123
160
161
89
-30
-47
-121
-90
-84
-10
73
24
86
-115
40
78
-22
20
53
-4
53
130
-100
8
20
20
-64
172
175
-66
-39
-72
36
10
-37
120
56
-65
28
58
58
-43
3
-106
-141
66
-66
-3
-101
130
24
84
-67
34
-38
-10
91
136
-16
-108
-36
28
33
-71
41
50
-51
110
52
73
69
78
111
-2
-88
196
45
-59
37
56
-36
180
107
-98
-117
31
-90
-9
32
53
-108
95
-51
122
-28
94
21
-91
-43
25
54
-43
8
-62
-138
67
-21
-64
-73
-37
10
114
-16
-63
36
-29
38
-104
-23
-64
9
-189
-74
-79
25
-74
153
-44
142
19
57
-130
-37
11
12
7
57
-76
-131
68
44
84
59
-90
26
-27
-109
-88
3
48
12
-196
0
-65
-17
-96
-17
-2
41
-83
-118
142
-30
14
-21
16
-53
62
-109
5
-133
156
-48
114
-112
60
-123
32
-75
-17
18
-6
-99
-19
15
13
34
-74
-110
-136
118
126
89
-118
-232
-72
34
45
73
-179
24
-6
76
-5
-35
2
-95
81
-51
38
-47
-4
-120
91
126
2
2
-28
-75
66
61
55
73
24
-9
-87
102
-3
-56
-95
122
-30
-161
-22
139
18
144
-78
-90
-40
-37
51
-29
-78
12
127
75
21
127
-91
-37
-53
-82
31
-102
77
-5
-114
34
-74
30
1
-139
-4
-47
48
69
89
-187
63
-111
-48
-97
-60
5
43
-106
-74
26
-61
-90
-4
55
188
47
39
34
-5
-50
-27
-52
-61
148
-88
-33
-98
-146
-148
-170
77
-4
-118
-15
-75
-113
91
-108
20
-59
13
-2
-94
25
-35
45
43
6
-27
12
35
95
87
-104
5
78
-90
-42
-14
48
-25
-38
-32
105
112
-4
119
156
-38
109
9
-101
-63
81
51
-69
64
121
-82
-78
-59
37
-59
29
-57
-157
71
17
-130
58
-100
-61
139
55
31
36
26
113
197
-29
75
-113
-110
-23
-85
24
43
-17
-65
-148
108
-37
73
-45
-90
-15
-24
13
163
-61
-124
24
21
45
80
-56
-80
-76
69
60
-8
43
34
-32
101
55
-17
-102
20
43
0
-88
-11
-37
-89
-89
-54
-63
5
-117
-89
5
92
-43
18
15
-125
40
167
-55
-54
72
-58
-38
138
-2
42
76
-178
-112
65
-10
-112
66
34
-60
16
42
-54
-157
101
72
41
-150
-4
88
137
-16
-18
-145
-121
-16
23
106
-72
-68
-6
57
-32
-154
107
25
-16
137
-72
38
-111
-137
40
-177
184
-11
-98
61
131
42
-128
-33
-107
-17
-9
-148
-63
-97
2
-62
5
13
-152
133
115
106
57
53
37
-43
-67
-85
9
74
-14
56
10
-1
97
21
46
-80
51
19
-23
20
-113
-77
17
-23
-37
-11
11
-57
-2
-116
-63
-33
-77
-148
3
39
14
37
-30
-59
105
124
-135
-69
10
-257
0
0
-47
-38
75
59
44
-1
-38
140
42
-85
1
-35
-133
48
-68
17
137
-55
-41
-26
-149
-12
98
11
-22
18
-106
36
86
-39
5
-99
-158
37
62
5
-105
-115
-9
63
-28
130
87
-118
169
-35
-42
-79
51
-8
-3
111
-1
0
35
54
-25
-119
-140
57
-41
-101
109
-10
-28
-34
83
101
46
-61
-100
78
0
-27
79
-40
62
-2
39
-73
24
-135
82
-64
79
-34
-50
-40
57
-44
213
35
-132
-226
79
-65
137
-58
33
-51
-95
-38
89
90
-32
78
75
7
40
-34
34
83
-61
-119
51
-60
85
3
-8
-42
-121
-77
-73
-116
82
32
-12
89
13
0
90
-41
59
-70
72
87
-10
8
-49
-171
-34
97
45
-83
-16
-101
-95
-118
94
77
-98
-5
-105
-17
-151
31
-75
-7
-23
150
152
-56
125
-5
163
-49
-73
-99
-13
-187
-45
-2
-13
-54
43
-22
1
73
-13
-63
-38
8
-194
64
24
133
-19
-27
0
-112
-96
-14
36
94
64
19
-86
-10
-23
-24
96
103
0
-11
31
-23
25
-77
-57
-35
108
-1
-71
19
91
-94
53
-2
87
-122
-135
-33
-28
-115
-161
145
-78
-51
159
-34
-46
-52
10
15
-101
-83
-99
23
-107
51
-105
84
60
-22
-23
-50
18
-38
127
-31
-14
-12
-91
-59
-47
-20
28
53
28
-94
82
28
48
23
13
-35
-144
7
48
53
-133
11
-92
10
99
-10
127
-134
-112
153
141
59
52
89
-95
85
20
-121
129
27
26
-44
132
33
-67
-74
-33
94
-63
64
165
95
37
-106
152
-32
-20
-54
43
-76
100
-85
-120
-14
-25
37
12
47
153
-33
-22
17
44
93
-52
-3
103
54
-49
67
