15 81 144
0 0
0 2
0 4
0 5
0 6
0 12
0 14
1 1
1 5
1 8
1 10
1 14
2 0
2 4
2 6
2 9
2 12
2 13
3 2
3 4
3 5
3 9
3 10
4 3
4 8
4 13
5 3
5 5
5 7
5 10
5 13
5 14
6 1
6 4
6 7
6 11
6 14
7 0
7 1
7 3
7 4
7 5
7 6
7 10
7 11
8 1
8 6
8 9
8 12
8 14
9 2
9 3
9 4
9 7
9 12
9 14
10 4
10 7
10 8
10 9
10 11
10 14
11 1
11 4
11 6
11 7
11 8
11 9
11 11
11 12
12 5
12 8
13 0
13 3
13 4
13 5
13 6
13 8
13 11
14 0
14 12
25
1
73
48
55
34
64
18
76
37
30
3
9
16
29
24
52
43
21
33
51
63
4
72
58
45
12
6
31
67
7
15
40
23
44
41
5
78
77
47
50
80
20
60
56
14
46
10
36
0
61
11
27
38
49
62
39
57
65
42
53
26
69
79
59
70
22
71
19
17
54
35
68
32
66
74
13
28
75
8
2
97
-51
23
-19
-204
65
-203
-123
42
316
179
161
-124
85
-45
-165
83
-269
4
106
-120
-130
15
100
160
114
-164
122
-89
14
72
112
13
-235
-247
93
122
-76
-62
16
151
15
5
-40
-306
-231
-126
179
22
-80
145
305
121
279
-77
7
-90
-251
8
-257
-38
89
61
25
-132
-194
141
43
216
233
-135
154
73
256
-84
204
-240
124
-84
-114
-44
101
-297
-206
-125
-117
37
-145
1
265
-116
74
-189
-156
159
52
-146
345
-1
-222
-97
8
179
-67
-114
-320
-213
-146
-225
-95
-54
158
36
-16
92
-50
39
194
-63
-104
-160
-5
-14
52
11
-78
192
297
-150
-70
-132
-160
210
-328
-137
-42
71
51
-187
36
-46
-161
17
-23
-80
55
-103
186
-186
-129
-164
206
24
-137
-132
-116
-92
196
42
59
-71
-32
247
105
-101
10
-134
-35
37
157
-53
-43
-211
-79
-182
68
-78
-157
149
-98
-53
-7
-92
424
-25
180
-267
70
-162
-139
190
168
-41
-98
54
-97
56
66
-73
-183
-2
46
-79
-15
-248
57
-142
1
171
-187
-69
65
-107
-148
-34
-125
45
52
52
290
336
-250
155
165
64
152
-67
-97
-44
191
2
45
17
-194
-231
-38
-223
-7
30
6
83
-48
32
225
7
-60
7
62
-324
-11
-239
161
-208
-198
-87
-45
153
134
-3
-230
-41
173
211
-21
-180
286
52
-169
85
44
-28
-54
72
-23
52
155
69
132
-1
107
-297
223
-187
31
127
31
215
-205
57
-77
213
-121
-33
-17
144
2
-13
94
48
-103
38
53
-42
21
163
-36
100
17
-85
119
29
60
288
-86
44
-323
310
-287
58
-78
73
-233
-101
-267
-146
-51
118
156
60
107
107
-142
115
33
95
-91
-85
-65
48
19
17
133
-120
204
-23
-24
133
-60
194
12
53
3
-131
92
-38
188
-160
-33
16
-247
-73
-31
222
280
166
257
64
-18
121
137
302
196
148
64
-8
15
-65
-156
-37
-56
61
40
-187
-369
121
-248
38
184
-110
158
-20
105
206
-112
-75
-70
-230
-147
-30
-103
105
-30
17
-135
188
-32
228
26
86
-113
33
-92
-85
23
-65
73
-302
-85
108
43
-38
-62
176
179
279
65
-148
-272
24
8
-28
-298
-2
75
49
-130
209
230
46
231
247
35
-229
-74
99
-11
-158
224
60
20
-285
-38
-237
258
-9
128
16
-200
150
-38
53
118
124
-78
25
211
89
13
-56
-79
287
-33
93
-254
-8
188
-205
-55
-89
-71
-84
5
113
-108
-29
-88
155
163
14
149
-168
246
56
-49
76
44
86
-182
92
-81
49
298
9
-122
-268
-376
94
-170
156
22
140
-254
-79
130
41
105
191
-12
-276
-25
-51
158
208
-104
-156
31
-163
21
-100
49
218
-169
153
-123
-168
-86
56
-61
362
-184
-148
-54
222
-166
83
-1
84
248
-202
148
40
-111
112
-26
184
203
192
-125
-85
-42
-58
-246
-111
-56
36
469
-6
-3
124
105
46
-150
198
-70
-36
104
94
-53
29
-148
-31
-22
-71
-136
103
-32
37
-133
-91
-73
6
-56
14
-119
-173
78
114
-234
-1
81
110
-88
69
131
-191
153
7
46
-31
-140
94
122
-165
-69
-53
52
126
-73
12
130
53
137
-11
13
228
100
-88
108
-266
-111
-88
165
166
34
-38
321
215
-158
60
118
109
-92
-11
-110
69
145
9
-43
113
-194
-228
91
166
4
190
-189
30
-48
46
-29
6
-87
-8
-25
48
-27
92
-29
59
131
-4
50
37
53
179
-131
72
13
-8
-354
144
81
-157
-47
278
-199
144
227
52
-70
12
171
157
106
14
-41
-248
58
-1
-117
48
173
146
-95
-104
169
147
125
42
9
90
-77
-36
-43
-31
-59
280
-83
73
147
-210
112
151
149
63
155
102
-167
-113
-357
123
351
66
242
-156
-35
29
-363
80
-19
167
-108
-297
26
-4
121
0
201
-92
398
162
309
181
-118
230
284
75
8
-33
-154
-203
-65
-93
121
-15
167
-37
120
158
36
51
-31
-47
-155
-54
-226
112
-72
-196
222
-11
-13
-111
140
-218
76
103
-62
317
45
49
-76
-107
101
48
179
-35
-18
-51
318
246
153
-37
100
-51
128
156
-148
-3
-70
-22
-167
-38
83
53
267
-14
-154
23
138
220
-267
11
162
136
135
16
82
141
-171
-70
37
191
78
-16
-51
57
-131
98
204
-112
12
-44
256
98
86
22
138
58
90
240
46
3
-298
187
-82
-188
-106
25
-248
-147
-100
136
322
195
46
169
-24
120
-336
0
113
-191
53
-124
-276
67
-94
-98
142
-146
-59
388
-15
-69
-142
-20
176
-29
39
-154
15
-67
-4
106
126
41
10
22
-72
192
-344
34
-194
-103
132
-30
119
30
76
-84
-219
29
-19
-70
125
-98
-155
168
93
123
195
60
-157
-66
363
-43
237
140
21
-23
307
-242
-176
183
-83
184
-69
-11
-9
0
-167
-69
169
170
230
-343
177
-161
155
-141
-26
37
30
48
-68
103
110
-21
-90
-132
-14
-40
90
-76
25
-14
-19
252
15
82
222
-119
12
-134
218
-58
13
0
-93
-22
-70
100
0
58
-47
159
-180
13
-213
-76
9
119
-45
182
-147
26
172
-7
-112
-115
182
-154
233
33
-133
-48
124
35
106
-252
-191
-111
41
224
-290
29
-301
123
-71
189
18
-29
-9
-48
83
-19
-79
62
-52
-74
286
43
-8
199
-11
-129
109
78
-150
-240
132
-30
-12
46
4
-3
139
-210
98
-145
311
-193
-341
187
-183
-84
-130
78
-173
-111
-84
234
23
28
108
236
103
1
-301
-69
-21
-176
131
96
-60
248
35
127
160
-60
-97
2
67
-62
234
1
34
-219
290
72
-10
-572
-51
93
9
102
-77
76
-153
-161
408
-87
282
115
-138
-56
300
-10
-25
-58
43
-248
-124
63
-258
17
182
113
40
-221
119
199
-17
-187
-167
189
-249
-15
-209
47
113
162
-11
72
63
83
-60
-88
-329
47
-43
112
247
54
-12
2
98
-3
150
67
-165
-166
-244
-12
-90
126
144
83
-55
-61
-109
128
-131
-212
51
-37
-15
147
5
-49
195
158
-64
-43
4
47
-119
67
256
-77
37
-159
254
97
-149
328
-61
-242
-69
9
-49
280
-71
-5
-106
-246
-98
128
79
313
-131
-71
105
-218
-106
-61
-153
-239
54
63
161
96
-3
23
-25
31
43
-45
-101
129
67
-78
128
91
-23
-112
280
76
52
59
156
-54
-197
133
-43
20
-15
182
-39
-23
55
157
-119
-97
-28
-7
142
125
-55
161
-25
292
-9
-16
50
75
247
-123
28
-132
30
-149
102
34
49
-142
-165
10
-115
-64
-46
-190
16
11
154
174
-123
-46
-61
157
135
-103
-173
82
-29
-215
183
157
-195
-58
-182
-197
-322
15
-214
28
-24
-82
-37
64
-95
1
101
166
67
-400
-219
-253
135
-288
-129
-44
3
-108
-76
175
206
-228
-286
28
-135
70
-382
-178
239
116
-288
-308
31
-173
26
39
-53
-65
118
-70
-76
-54
34
-105
-35
42
141
-79
35
33
-73
-130
60
-83
-156
140
-77
164
-31
32
-8
-119
-65
-68
199
265
-52
319
76
111
271
7
-169
225
118
43
-9
4
-14
186
27
14
98
-121
-508
161
-44
128
94
23
18
118
30
-234
169
10
91
27
90
68
57
105
190
-239
-115
-140
-149
-20
-226
-62
230
-212
260
-277
236
-107
94
139
-230
-2
-98
44
73
187
-76
5
9
113
-18
7
214
-65
-42
156
-279
-164
-352
-117
-92
288
39
140
-55
111
29
79
-192
287
-175
-73
-84
276
-27
-19
-22
-158
125
-181
-24
-21
-3
-90
130
-45
85
185
-39
157
76
-45
56
-111
22
-306
33
313
17
10
27
-57
51
-131
-129
67
204
-18
86
-134
-135
-97
16
-200
268
-152
17
-81
-23
-44
-181
-172
139
-204
132
-115
145
102
-47
130
111
38
105
-17
63
80
-14
-6
-148
-87
33
-15
158
38
-242
-45
122
66
-199
248
-130
-8
-187
24
-188
-131
-2
221
16
-66
134
39
-95
-55
21
-50
-91
-84
-35
-202
-19
-150
-91
-67
-96
-72
-134
-99
92
101
111
-274
-195
174
-100
273
212
266
92
22
128
-13
-37
-57
94
191
-38
-110
-276
-73
-175
97
-32
289
274
284
9
-220
-178
9
-1
130
165
25
40
26
-151
177
-129
56
138
-117
63
8
-128
-102
192
-19
39
-112
-14
128
48
-7
1
-156
-31
-26
49
-46
66
-99
149
-113
-266
125
-119
32
151
-203
-31
-70
147
40
-339
-209
-9
326
269
-194
22
153
222
145
-110
267
179
139
-42
10
-103
20
102
-171
-107
-147
-82
30
-277
-169
215
121
-6
250
-135
-68
16
77
37
-162
241
126
-8
-15
-37
-64
103
176
102
137
-50
-28
92
258
184
185
98
193
-355
-3
109
246
-192
68
-126
125
-56
192
104
122
-110
-64
84
132
68
19
-35
9
60
-44
33
-145
315
-102
-76
-207
-132
102
72
-236
0
197
19
37
64
63
27
-292
-83
-171
89
28
-176
-196
-63
310
-231
-54
-162
55
-292
87
22
-135
-110
-120
110
100
210
-92
-42
-92
-90
-22
135
-320
13
65
95
39
11
-132
79
-251
29
130
-150
-316
268
-122
-184
409
152
-228
-200
18
163
-347
-88
117
-46
-64
-80
56
221
121
-80
83
6
205
-62
-37
171
116
33
-20
-199
-136
-103
444
-73
226
-105
-14
-92
115
-178
-41
140
-238
-73
-174
147
49
-122
-171
163
-170
112
-104
-100
220
-123
6
101
150
145
-68
-212
-138
-231
-56
-112
-233
-112
-278
-19
421
104
-248
40
29
-107
80
187
85
132
-48
-126
230
106
26
67
-96
-171
-166
-14
301
76
0
291
-60
54
-45
212
-192
-54
-200
-48
44
70
179
82
85
-43
-18
-160
68
224
199
-18
-6
-261
220
-40
173
7
-235
-19
-83
104
89
6
14
126
-236
80
-248
64
106
-8
23
-142
-31
203
73
133
78
213
29
-3
139
-209
-27
-323
234
100
196
-73
-217
-26
90
29
59
37
-28
-40
227
-108
-88
288
-123
-273
232
-40
-227
-14
9
-160
263
-4
20
188
46
105
-79
-173
76
84
133
-219
88
91
-67
52
-86
-262
-42
30
-161
110
27
-47
2
-40
36
210
0
205
-258
98
37
51
-52
169
127
-183
-113
-155
-80
255
-116
64
-290
-57
-13
-88
-159
-177
-173
164
183
-9
-124
-108
-9
-151
27
-189
94
-153
250
141
155
-301
-163
234
-58
99
-171
-39
34
308
11
-122
14
204
-18
-86
183
166
-186
311
76
174
-61
112
-21
241
-118
-12
-279
9
-126
-87
185
-40
-78
-55
26
154
188
31
70
42
12
-10
-115
-49
-57
96
172
293
-256
37
36
-211
-174
-78
71
134
93
-292
153
154
306
114
63
152
9
28
-123
-8
-74
31
-78
0
42
416
-142
79
-249
-33
65
-1
182
-163
-68
73
-88
-40
28
96
-358
58
-12
-175
-252
-37
-49
150
-25
-136
-8
-125
128
-230
-117
-393
3
-259
105
-314
94
-57
-162
2
-48
16
6
218
29
-131
178
-174
111
85
-45
27
32
-37
-25
2
273
-94
-109
89
-35
52
-203
-15
-172
72
-50
311
100
-129
-45
-280
232
-142
98
118
-303
76
-120
108
187
-16
-242
-51
5
12
60
-62
-171
-313
107
292
70
86
113
130
-33
161
56
-45
137
42
45
-116
473
97
-55
-129
-57
-47
-56
-147
-234
134
-110
-291
54
7
-144
141
-26
-83
85
-203
-168
176
1
180
-85
92
172
-112
-52
-186
-171
195
-53
101
-143
-50
170
-306
123
145
115
94
-33
-188
-41
165
5
-90
109
-33
79
-112
-134
-248
-248
26
-119
-62
240
-133
-174
-49
65
78
83
-55
138
-112
-68
-88
64
-97
68
-105
-308
-329
-58
124
-170
183
165
-35
-27
-100
-205
-31
149
-86
-115
116
60
238
-52
-50
-157
-6
223
81
124
211
137
177
-176
154
158
-58
12
-279
-224
94
278
218
133
-119
99
188
244
-100
-29
59
-81
-37
107
210
43
-100
-63
294
157
227
82
212
3
-100
-23
21
54
206
31
-14
-198
-162
-23
90
21
138
-206
189
93
-138
-130
164
113
-143
19
163
-15
-44
116
150
45
-88
183
68
69
-366
-70
-122
144
164
285
-188
-128
-275
-229
96
15
-146
-35
307
129
-80
-53
112
2
-279
22
28
166
87
238
162
-64
218
255
97
138
-17
177
91
-173
32
331
206
-66
-107
-276
-162
52
308
117
156
79
-16
84
15
182
27
-225
55
-28
-2
-47
109
-47
209
-35
-46
61
-84
-181
-12
184
-5
-61
-189
94
110
298
-36
-113
200
-90
-37
49
153
106
-29
-9
105
77
94
65
-89
-50
-104
-222
-171
-186
-65
-56
-182
12
230
-14
21
134
-11
115
-38
-140
164
261
-106
-39
57
105
114
-141
142
153
-179
148
-324
-14
-108
134
34
-152
-151
-23
512
-92
6
-222
-63
65
-22
73
91
-30
-40
61
-68
76
313
-68
38
-33
13
5
177
-79
272
59
-200
104
12
-81
308
232
13
65
119
189
-191
-122
44
-203
-43
60
52
156
-92
111
-97
89
233
370
174
7
-126
83
57
17
-190
27
-223
131
-49
69
162
75
62
66
122
-109
117
98
-189
-92
-43
-44
-21
-173
-194
-149
-293
-177
-163
-190
391
-49
-99
358
-22
192
-336
-94
-12
94
259
220
62
33
-125
-105
-14
-120
-16
334
130
138
83
24
209
-45
20
353
97
38
-327
86
379
-76
-117
113
181
-248
26
-46
-69
17
77
460
11
156
-41
-104
25
-49
17
192
-162
32
-3
-201
184
70
-25
-55
146
60
-213
2
-64
-86
-45
271
36
134
218
40
-30
266
-111
56
-29
-35
-9
30
42
108
243
323
122
117
-80
55
-88
302
120
69
126
140
-360
-130
148
-25
101
133
105
42
90
-35
-90
83
113
150
104
237
-9
-171
-60
-138
-67
-293
293
51
-160
-37
-117
-132
98
-118
-41
-30
77
110
105
231
-64
97
-81
-171
222
-169
213
74
108
17
75
294
29
-51
67
-18
-76
65
-10
105
146
82
81
29
14
24
53
-65
116
-35
-30
0
172
-97
-50
-161
-35
143
-85
-15
-290
-26
-173
52
-82
-55
-207
120
46
150
-186
13
-249
193
46
-19
-326
73
201
137
171
61
91
-89
37
-179
1
187
-81
-14
2
-187
-9
35
-130
23
46
143
244
50
203
-16
191
45
-57
68
84
112
336
-202
286
123
-24
-205
263
-22
40
67
63
-239
219
160
-165
-232
89
48
-200
-141
-312
-25
407
188
-55
42
-182
145
70
93
-118
-324
-168
25
59
-159
214
-107
200
186
30
169
-237
49
-24
77
-219
-302
144
213
65
-325
201
91
-187
138
102
-27
82
-75
131
-103
135
358
-187
-21
52
17
-69
117
152
45
-213
-152
-149
-113
169
76
87
23
-60
-239
47
35
148
292
62
38
176
212
-264
-331
112
-197
-126
-36
-82
166
382
-93
12
-64
-16
148
44
143
50
47
146
-194
212
-101
-23
-341
-165
123
168
37
-76
-16
-126
-36
-185
54
-35
-225
100
-117
213
137
44
85
13
81
290
-116
111
307
-63
141
29
-149
-150
-77
248
-294
266
11
11
-127
120
21
-97
-10
-136
-76
36
-106
-75
-99
311
-13
21
-155
-182
-36
143
128
210
-56
251
-34
-238
-65
153
-26
-71
-414
83
-148
-252
-190
105
-124
119
137
-55
109
189
-48
14
-17
43
40
53
89
-84
4
-121
432
-3
78
84
8
10
53
146
-122
4
-136
115
210
-124
-60
-233
-206
148
21
-151
42
-50
68
-37
-283
-133
-264
-65
-156
-154
-28
230
16
-34
141
-212
-43
-164
-246
125
-87
-148
56
-96
303
2
-269
11
11
113
-9
-383
-288
65
182
-38
333
-79
104
253
49
55
-95
-67
-5
-206
-214
-128
179
-26
-39
144
12
311
32
266
50
-314
-176
-26
191
-226
-106
-21
-24
-70
-112
-314
17
3
-44
317
23
116
122
-83
-91
-29
-259
-13
-166
9
-333
-33
161
-5
116
3
-58
-48
32
-83
147
-350
-163
-21
31
122
151
-172
-138
143
21
-37
136
110
-28
190
82
-36
9
-232
-166
-266
89
-99
-132
-33
259
-358
-10
44
-132
-177
-13
154
-52
-25
-45
-47
-130
-179
-143
203
-12
346
-2
-54
-27
-97
56
40
143
-99
-50
-22
429
-139
31
-45
-115
-271
-74
-125
244
27
-238
-200
84
-159
119
-266
-200
-176
10
6
153
-143
75
-375
173
-176
2
-214
247
86
47
-225
23
77
217
-25
281
38
-30
57
80
77
-196
14
-254
112
104
-63
328
35
-134
149
-149
-211
-161
36
84
330
-215
144
64
31
17
31
-326
-180
-145
21
267
-113
74
92
-188
92
41
0
4
-67
29
-325
-45
-5
-37
-139
207
-13
235
139
169
-65
99
-118
90
28
-395
-15
94
-17
-251
73
99
29
4
-44
118
-88
17
-80
218
-69
114
163
85
-125
50
21
131
-165
-220
-40
-346
69
115
48
-208
111
-64
-156
172
28
71
-104
-218
209
-37
98
163
-97
33
82
4
-158
-42
189
-153
51
231
215
-52
-5
-44
-109
-313
53
50
-18
144
-55
-95
-102
68
401
-231
181
214
-152
88
66
346
63
-239
-146
-37
-80
-33
10
93
48
3
-6
-82
-200
-125
48
-132
32
25
-39
-51
45
-100
192
-192
264
154
-125
-48
2
23
-70
154
116
190
-177
120
-65
141
21
-137
-200
-226
112
-18
-207
9
50
-142
50
-154
-147
130
-33
-75
-110
-100
151
89
115
48
298
61
-2
-206
-43
176
136
329
-297
15
-21
190
177
-84
0
5
-28
115
-4
37
268
-65
3
-94
-174
-115
-129
-111
72
-142
13
50
12
52
-131
56
121
-179
197
-63
-94
-35
40
-47
37
126
215
-192
108
-4
-199
40
-275
246
407
-53
-144
156
-250
131
-44
226
-128
-82
17
-165
91
-217
187
299
-157
294
23
-164
353
-200
-94
-185
113
-11
-165
185
97
-9
-87
-64
-36
-119
147
45
-161
99
-11
-17
80
108
180
38
-276
304
-114
-152
-5
61
160
-38
80
80
68
-81
-1
28
104
-62
128
-532
-174
29
-360
-287
108
-55
66
26
-201
246
-90
-161
-283
-40
-92
-52
17
-222
-10
400
97
-18
-43
138
-199
-206
104
-57
-138
39
-14
88
-329
186
-89
107
194
-47
189
197
294
2
72
-97
49
80
-92
-113
192
-264
148
-63
-206
-137
-19
248
-7
-226
315
-216
34
-91
-116
-166
21
-77
235
172
298
54
-50
67
-184
36
67
35
59
-45
145
-177
-35
-35
316
150
11
233
-40
79
105
156
65
11
-105
77
154
-134
-35
65
90
-3
20
15
85
-106
51
10
58
17
-17
-39
242
-146
-219
55
5
134
100
123
43
205
80
-83
-172
146
-55
-343
-78
-101
-9
8
252
-29
-179
-20
29
49
-109
-69
-457
32
59
-167
-40
-113
-81
284
7
-53
48
84
166
-28
264
83
102
-205
-295
34
-267
-100
110
-75
-129
115
-2
-216
-140
-126
70
207
99
-126
-147
-117
213
-231
-79
-65
79
262
-80
-109
45
9
-144
-101
-14
-3
400
-67
-28
32
239
14
-237
205
-168
-236
27
123
107
-150
-9
45
-190
14
-91
300
-287
50
12
95
-155
79
79
-18
-111
-62
-106
32
-34
217
18
119
-190
25
-51
-45
-36
9
113
-154
-8
158
406
90
360
192
52
105
-50
-42
-30
-213
-319
74
-29
-223
202
-127
-104
-21
73
191
38
43
-27
28
-39
-9
201
-120
-133
-18
-156
-260
213
-301
-38
-2
-16
169
-298
-166
-12
-32
-443
-113
184
204
26
219
101
249
52
-193
-30
26
-31
69
-78
-55
-227
60
-124
115
-44
-12
-54
49
7
160
266
-406
-104
127
-30
220
144
82
-48
-81
-5
-238
27
-30
112
-93
203
145
-32
-35
-162
16
-165
98
-35
27
-8
-80
-27
-208
-147
70
-157
-36
-303
75
87
25
15
2
101
-168
-52
-240
119
1
26
-307
-76
142
27
-74
145
-165
-143
340
178
-162
53
34
-270
-126
-104
112
104
10
-73
101
-109
-48
106
-170
6
114
88
223
109
34
102
165
-86
101
-16
138
-82
78
98
-285
-97
-21
116
81
79
-108
-167
254
49
-65
-267
47
163
-37
-192
-73
157
207
-78
-62
-237
-33
1
118
-91
72
65
-284
94
30
45
-29
-79
166
70
-55
119
138
-204
-71
-107
-188
-125
-88
208
-78
327
157
-49
39
71
112
13
-40
8
278
281
-160
51
130
-270
28
-11
-290
13
-76
-108
-34
-25
10
-123
45
283
94
-324
170
-109
-78
-14
38
27
-338
-394
-51
38
-163
150
66
-95
-45
113
-29
211
81
-121
67
98
21
3
252
-57
-195
43
8
-108
-33
-189
-93
69
-90
43
124
134
-3
139
25
-262
-259
-174
-206
22
198
124
140
-107
95
75
-13
72
66
-170
-125
-272
20
-286
-127
-29
113
91
-26
-10
157
-15
-71
-143
161
184
83
-156
81
19
131
-65
-453
-250
39
-216
-253
100
51
-163
46
47
2
44
24
218
-28
-200
66
186
77
77
40
22
-19
-165
134
-23
76
-15
7
125
141
-127
-51
136
58
56
105
-78
-54
158
400
-54
140
-165
-52
5
-159
68
141
-206
-97
198
-10
105
124
284
204
3
-188
-150
84
15
10
-69
-170
349
-133
76
60
17
-19
242
-334
75
-77
-182
59
-135
77
202
92
-121
-15
-353
-129
-104
39
55
-44
-299
59
-25
-176
153
68
18
84
-126
121
-130
24
92
77
36
34
5
330
31
62
-167
-209
-2
234
-216
7
105
-62
-84
-144
-74
66
-34
0
-172
-188
125
-31
-259
147
84
51
-47
76
-121
224
75
-426
-65
90
21
-214
79
-72
159
-3
-289
-42
-93
-6
-19
77
45
192
199
2
171
-150
-25
158
-173
214
64
44
160
-81
-182
47
42
-84
-124
149
160
152
196
77
-32
-34
-82
-172
-3
8
-230
230
-241
-111
26
-179
141
-228
18
105
159
38
-57
146
-123
320
-13
3
211
228
-75
2
51
52
-37
15
95
27
60
234
-82
296
294
-103
-21
-79
98
-123
110
-70
149
198
157
-18
-39
-126
95
185
21
-8
-66
355
219
-53
-29
74
68
207
-17
181
194
-117
65
-285
39
-74
43
-73
95
20
37
-179
-49
300
18
-102
-66
199
178
-400
71
82
45
-94
-138
320
99
191
-161
42
-45
171
38
-23
-425
-39
-156
-34
-314
202
133
-15
219
33
15
78
190
-53
-84
234
-180
162
26
27
101
217
206
141
57
116
129
116
76
-298
11
170
226
-90
270
-199
2
-87
-77
-111
36
-47
199
238
35
-262
54
-126
-78
-173
22
131
-151
103
-317
111
74
17
-219
-171
-121
-79
-263
229
-189
319
-334
-131
189
19
70
-123
-83
58
87
29
-182
46
-1
-172
-81
249
-187
146
189
-60
-23
47
43
-42
6
160
-96
15
-72
51
-74
-62
177
-179
-53
-435
16
39
53
245
115
-31
-109
266
-2
69
154
-9
11
-24
24
93
75
243
16
111
-3
18
-310
-145
-84
-110
-132
-53
200
130
153
-71
149
-167
77
-47
133
-215
163
-40
269
-49
74
6
-121
20
-23
245
-100
97
43
-92
-106
-116
-269
-88
64
-49
-45
-211
-125
-149
83
-157
-233
161
-187
-209
-223
-52
236
-320
-63
-115
-81
152
93
-128
-75
256
-84
-75
-94
-81
-29
99
-105
69
151
257
134
150
-242
59
351
-64
195
175
-299
53
-81
22
-11
-272
150
175
66
-270
-269
56
141
-151
59
70
-94
-15
-134
-106
-124
0
-2
264
54
-96
227
151
-52
288
14
13
-85
-109
-185
152
99
-169
-18
-43
-97
39
51
62
153
206
-65
340
-369
51
-311
-29
235
22
37
75
-232
-197
104
-23
-212
-22
189
116
49
106
48
20
6
16
-26
-304
212
-7
179
187
28
-48
41
115
-55
-36
132
215
261
66
-202
-61
62
38
19
-110
-124
209
231
-264
13
37
-206
88
116
124
-51
62
63
-56
34
-33
-60
33
-42
-122
50
-13
-119
44
-40
-46
33
195
-156
46
-12
186
-127
312
170
-155
210
98
-2
-107
22
93
-82
147
-156
18
-32
-104
115
78
226
-121
-156
-151
304
-27
148
-301
-22
-199
-222
320
100
-276
-66
295
4
-183
59
-190
-26
78
114
-81
321
-58
129
-114
269
60
12
-28
35
-105
-51
36
66
39
-141
41
282
-5
-1
54
-62
-11
-14
-86
140
-69
-132
134
-23
270
-139
-14
-124
196
73
-161
84
-153
54
166
-27
-231
164
323
-29
-27
-5
-132
108
139
-48
-89
-263
36
-163
2
35
-15
1
88
176
188
174
-10
-5
-28
106
239
-71
-86
-76
9
-15
-41
166
34
-24
-73
103
-104
-218
-151
-68
-209
27
82
46
219
-149
78
-29
-146
278
-158
84
-129
-26
-70
264
-145
-84
113
-115
-63
-154
66
-61
-107
-285
252
-94
-179
-201
69
208
17
12
-46
45
115
55
-136
-185
-155
230
-101
61
22
-14
-169
-105
-12
-80
210
-207
11
-9
-137
58
-113
78
-174
0
105
-138
-138
45
84
186
-115
163
95
82
27
17
-296
-305
-42
59
-61
48
-91
-20
257
-228
-142
-206
-88
-42
30
-159
-92
-179
-385
68
81
-88
40
63
-13
144
-115
59
-134
19
17
-121
-77
175
57
76
39
52
53
-46
111
192
-49
-27
88
-54
135
-8
129
115
-65
-145
-134
9
-13
44
-161
-234
-207
74
-145
117
-41
57
36
-182
135
63
-339
-36
-63
-23
127
-87
49
272
-91
-85
-160
-19
7
-49
142
134
-30
190
208
-10
76
-78
-20
56
52
34
144
-161
23
23
-307
102
149
240
-66
115
-39
-106
-259
43
-126
32
-114
-130
143
-230
-7
166
19
-322
-149
-127
191
144
34
147
-105
-13
323
-49
93
76
95
-100
-220
180
241
-113
7
125
15
-24
127
310
30
62
188
65
41
101
218
3
130
12
-105
136
19
65
-91
162
-30
-122
-111
294
14
-254
-84
218
176
-61
-11
67
10
116
0
21
-19
233
230
-144
-217
-132
-210
135
-101
-133
-36
-331
36
-98
29
268
-51
-141
46
-175
-80
-4
47
-45
34
75
25
-291
156
119
-185
19
109
30
-167
-1
174
-137
-161
-226
54
-146
-281
1
66
-207
347
42
129
92
-271
56
-233
-40
103
-67
-87
-57
-165
-21
-3
-139
-201
101
-136
50
5
-157
19
-77
-97
-223
-5
-269
136
24
-156
-122
-392
-77
307
122
-48
111
-45
152
40
26
78
278
-134
-107
-241
257
30
-104
135
61
88
104
65
124
293
13
-46
-114
-334
-165
-187
-150
99
105
-140
-155
83
-198
-295
235
-1
-128
-117
-426
-58
3
-120
-207
-77
381
-12
142
110
3
282
19
-83
250
141
88
56
209
125
-119
177
18
158
-25
-234
123
246
13
-109
101
82
-167
-216
40
-28
279
-246
203
125
84
-253
99
3
-229
-89
127
1
-305
-113
-3
78
-57
-93
-145
153
-5
-46
181
-68
40
-121
-238
48
-97
100
-77
-219
24
-112
143
41
176
124
145
-56
-219
-199
79
77
185
-19
-43
-13
-33
-140
-177
149
320
17
23
40
-93
89
-105
-63
33
-8
-87
87
-27
12
65
233
-12
130
-188
7
-18
-287
-34
-29
-365
56
-72
-325
-6
-9
44
98
-144
-20
198
-120
-129
-145
-63
55
312
219
94
119
-19
214
228
24
-11
41
-6
-54
229
71
-223
-292
14
75
69
-258
58
-59
163
-197
62
-81
-126
-172
-176
-127
-158
-16
23
330
135
-286
124
75
-37
86
175
26
-324
-50
-138
-221
199
137
334
-106
151
167
30
-344
27
-4
-204
-187
199
271
313
258
174
337
114
181
240
56
38
16
228
219
-46
-110
3
-252
289
-54
-263
213
25
82
21
-204
-37
-125
156
-73
-97
168
140
73
160
-217
-192
-182
-18
42
-63
-30
-67
-52
-78
-36
171
-89
103
-262
60
-162
20
154
-213
-66
-47
91
60
57
52
-180
-146
-69
76
-305
8
-21
-131
146
-130
-171
-42
-10
154
69
231
66
35
73
226
-85
219
-3
-127
-140
-115
149
30
-8
208
84
61
122
148
1
267
193
-75
-52
92
175
146
-163
168
-364
15
-193
-44
-18
-324
-4
-82
-120
-113
221
7
-80
-145
2
48
-33
57
-7
15
-105
160
80
-64
179
-66
-58
166
81
79
-148
-58
-4
-96
105
156
88
128
-21
303
-321
64
105
3
-97
72
5
168
160
-53
82
146
35
-161
-55
93
58
28
80
496
104
-172
-135
-16
-105
-104
143
172
194
6
-110
-94
55
292
188
98
-142
44
29
-40
-190
152
-19
-4
-140
85
-91
-213
119
-95
-220
134
-19
22
-14
-25
-17
128
-377
79
34
8
31
-46
292
58
131
201
-55
137
199
-25
116
116
15
42
175
217
79
268
44
-16
182
-251
-198
90
78
-34
245
-136
-11
-257
-171
217
-370
-190
-75
37
-193
-69
97
97
62
-143
-37
-198
276
30
-53
-113
244
-46
8
-95
-139
3
-87
239
75
78
-34
107
-160
-12
-25
10
93
19
-112
-30
143
0
31
136
132
-31
82
44
-239
289
-81
26
-307
-113
-104
24
199
-43
19
-18
-70
75
-204
-55
-55
106
156
-238
-289
-124
-84
-53
-37
-24
-91
339
-2
199
-90
289
-88
209
181
41
26
110
-179
46
31
-29
-73
104
-118
1
221
25
9
-7
-54
-10
-3
126
-55
167
134
79
7
146
-36
-48
12
-21
-232
132
-92
-143
36
-71
-241
148
-41
-130
-18
-92
-98
95
-186
101
51
-192
319
-90
316
-144
131
-57
-204
-75
81
-56
-105
-77
-158
-89
-294
41
39
109
60
206
-8
-57
-10
329
-57
46
-142
179
84
43
-9
2
60
45
-111
112
89
205
101
353
36
12
34
-94
-257
-70
22
57
218
157
-9
-190
-85
-127
202
285
241
101
80
-35
33
-44
-73
142
71
70
211
-135
128
-208
-95
-85
40
-164
389
-7
110
-44
-76
23
-74
45
33
-2
133
-156
108
-33
28
52
14
-49
-61
-166
261
-23
29
184
-165
128
-22
-346
-63
-71
-35
124
244
146
234
-19
-34
1
41
127
8
-57
-8
-2
120
-124
-51
-52
-6
-160
203
-29
224
-91
262
354
87
-189
-85
-188
262
-290
434
1
-33
-311
28
-38
-236
-89
52
-45
235
-237
93
-200
-44
75
-85
-29
-435
81
-111
152
-67
68
112
11
-135
-189
-250
206
2
-132
-29
-214
174
-329
7
96
142
-58
-93
309
63
144
-135
98
-184
-41
-108
46
157
18
-27
-202
-323
298
-3
-110
135
-48
-45
262
70
145
-132
-45
188
-358
85
100
96
-43
-53
-14
273
-68
-198
84
-164
-80
-87
-32
181
55
52
-49
183
-132
-42
111
69
-101
-53
-236
101
-84
-52
73
-93
284
-37
-47
149
-8
152
199
-285
110
291
5
309
-1
128
-165
-94
50
-95
107
15
107
-171
29
-74
-37
-34
240
75
-223
-119
-136
-62
43
114
-25
-130
-141
21
-17
144
129
106
-161
123
-3
-247
59
-148
98
50
-50
341
-83
215
-182
177
167
134
-298
54
-55
-92
-64
58
274
84
13
-158
28
10
-38
261
239
-77
28
-85
38
-137
-53
6
-60
-178
-95
-294
286
10
-190
10
-31
-104
16
-24
-110
63
-5
-248
-130
228
38
86
-235
-95
2
161
38
108
-158
34
-92
-199
141
196
-300
174
35
-161
120
88
-52
-121
100
-181
0
-105
-14
-171
97
-147
-89
-247
22
-187
-29
249
86
-189
-140
290
-195
-227
11
102
-86
-242
10
-62
-140
-79
-223
-153
-35
124
-50
-218
48
-73
52
171
13
-69
-36
-229
-46
67
-21
211
110
-51
-343
-71
-7
150
80
-107
153
-201
57
28
-81
-389
69
-271
175
135
-94
40
-147
-60
206
54
43
167
72
161
40
-138
-152
-140
-174
214
92
153
-79
49
107
346
-171
-47
113
172
-282
87
74
-108
-357
-100
97
86
-153
-67
2
-54
135
-70
8
-114
72
-214
118
-9
124
122
245
232
-268
-4
-58
-52
536
-107
207
43
-12
56
-165
30
-7
-61
3
-85
252
-253
53
-22
-29
-195
-11
-170
-192
246
217
66
-46
186
-14
-32
-42
13
246
-113
318
18
89
-5
35
-53
79
-85
172
132
-46
-77
341
-53
-158
-169
-170
60
126
43
50
107
-101
83
-77
-169
251
131
233
-154
-119
-61
87
246
-90
-93
-109
104
-53
133
-28
62
147
104
137
-18
203
-59
-112
-138
-243
-260
-24
-93
238
82
347
-33
-155
163
53
-3
-233
94
-218
36
-60
-91
31
163
56
-10
-41
108
73
128
175
-108
-36
206
-239
-73
41
-23
232
-11
-331
71
-150
-177
298
-204
115
236
53
87
89
-276
263
-163
274
10
-160
37
-117
120
70
79
-307
71
-108
-241
68
-79
-288
136
-104
-20
41
-37
37
-19
27
29
-42
102
13
148
38
-64
-25
167
-53
-280
93
190
130
-13
3
71
-45
8
-55
48
77
-237
54
128
20
-60
-443
3
-42
-117
245
-155
63
41
238
-202
-115
-48
73
-250
193
454
328
221
-30
-159
24
-136
74
82
-211
-331
-174
41
218
169
-77
-49
84
26
174
-278
59
86
92
78
168
-158
149
186
-289
25
-168
-52
-169
97
-168
-59
-179
37
-147
41
85
5
-105
-34
-11
-53
91
-159
-24
-27
-296
32
-10
1
-54
-57
67
-124
14
99
-14
-170
-63
43
69
79
275
62
236
-103
88
154
-228
-30
-65
-33
-76
293
28
40
-89
-110
14
-29
72
-75
-12
185
-212
99
-84
63
-15
-22
26
-9
-151
-121
187
-39
-92
93
-206
-146
-82
126
-48
143
-310
-98
308
-10
38
-194
-66
-76
-169
54
-81
31
36
-101
80
-222
-64
-123
-75
-228
-9
27
-215
-186
155
-54
-148
-120
84
280
-75
-45
126
-150
64
54
-199
-120
-405
372
-186
-80
24
-170
36
257
150
-147
-68
93
40
-344
-236
337
67
-237
93
75
-214
-72
-106
231
116
317
-122
7
71
-99
-145
-247
-33
-182
201
-23
201
-101
18
-6
-15
159
22
-58
-167
-33
140
194
-12
-81
46
-96
-67
-44
-85
-48
36
139
-153
134
-111
113
-143
122
-42
63
-63
-21
101
6
-113
-52
4
-271
21
-4
161
-239
58
-66
128
-105
212
-124
263
-120
8
28
167
-99
-139
-278
-46
-65
-32
238
-73
298
-53
-12
-86
120
263
-126
-251
30
-131
-54
-141
-135
-267
-140
79
-209
-5
-72
241
9
-58
-103
76
136
-133
215
-51
153
98
-190
-13
42
-24
-165
-247
-215
-48
-4
320
-87
140
255
267
256
63
229
-230
186
30
-137
-40
-12
80
130
22
-192
13
71
208
129
15
-283
-301
127
352
-174
103
-130
135
173
-226
-215
77
15
24
-180
-91
180
69
355
-17
183
-15
158
154
218
23
45
124
-81
32
-127
52
51
2
16
45
130
-55
166
94
167
-14
302
171
298
-118
41
173
72
-200
-17
218
-79
127
66
67
104
109
48
45
-31
-12
237
69
-60
160
74
-71
-6
44
-14
120
19
-254
-137
287
43
25
-233
-179
68
-80
-130
69
-87
14
43
273
196
172
-318
-251
197
-42
93
-299
-152
74
-231
-55
223
233
118
44
225
235
-66
-25
168
-193
-185
37
51
-73
-42
-194
-21
213
195
-39
26
-40
-103
106
-434
-156
64
-33
-189
-10
-96
-153
-232
-12
-2
297
178
-347
204
12
-50
-82
73
183
-29
125
-395
-118
359
-73
282
141
-110
-94
-44
497
-26
-263
-32
-39
3
-100
195
-96
36
-175
-50
84
155
-61
86
-232
-118
-99
-1
46
-22
-122
-73
98
-233
48
-159
53
-141
-192
108
-77
247
110
238
-237
-133
-81
73
56
-194
-52
102
82
86
-22
135
9
-74
38
-121
179
76
34
286
-2
-108
-297
-88
-146
327
-113
133
19
-192
14
-160
58
-51
-259
-195
-128
-225
114
-165
110
-294
239
-69
170
-95
109
8
-195
-23
-78
-29
150
-86
10
176
-92
-33
-3
42
68
193
312
97
-282
170
105
308
143
-155
316
-218
-142
-179
-14
82
244
259
-61
121
102
270
-22
-186
121
-55
-6
-133
-121
-149
203
-17
145
212
60
-239
-272
33
20
25
261
-99
93
-63
-160
-18
231
-188
19
216
9
132
283
55
-300
142
38
-237
-216
150
-105
-417
185
8
-261
-1
-244
-113
140
240
181
-143
-321
16
9
-114
210
-159
111
-116
-32
148
-45
-51
375
188
125
6
-326
36
12
85
30
-73
-176
-17
-50
124
1
29
-48
-137
-16
254
-188
140
4
-64
113
36
258
230
134
-46
194
208
221
135
90
-72
-62
-260
-295
-97
18
-151
17
-64
148
191
24
45
-171
-60
-20
119
114
-140
135
-208
-147
323
-23
-8
161
-172
-215
68
-222
-17
-68
-55
43
49
223
-64
-117
-24
-27
-63
285
-206
-233
233
-161
-50
-48
-77
31
167
-44
-109
-159
126
-111
17
0
-27
-118
-294
278
-31
10
-23
50
175
-129
-88
193
-24
87
-254
262
-69
86
-218
-14
209
32
165
-123
2
-248
-135
87
24
-39
-111
24
218
196
-126
-218
16
-82
41
-21
-44
147
164
105
64
107
21
-22
68
32
347
5
-130
102
173
-72
118
230
261
-43
-221
-24
-80
-23
-59
110
93
272
-40
140
-146
-227
7
-164
-181
19
-176
64
79
122
38
-225
-378
-60
-85
139
-189
-56
-165
86
8
-98
-20
87
8
80
62
159
39
-45
-37
205
-76
60
149
-114
116
-397
-16
126
-1
-90
-5
44
-83
30
-126
-189
74
32
202
-180
-74
139
-63
-81
59
102
273
-96
-28
-107
-116
-147
-33
301
84
-4
-79
-71
-136
-175
225
-71
-34
193
228
115
37
-69
-75
38
150
-72
-21
-21
-51
109
77
74
-212
82
76
20
122
227
-93
208
96
120
-14
66
194
153
50
-157
-61
-49
88
165
-268
132
85
21
-49
-54
220
-289
80
-20
-102
47
-9
121
-215
235
-152
161
26
45
-30
39
-40
-122
-99
299
-225
277
69
43
94
-234
-71
15
-55
163
133
44
74
31
-327
-299
-70
258
7
118
79
-166
-166
54
-128
-107
105
194
-29
80
119
-22
-152
-196
-74
-33
-26
-94
-60
101
26
-57
51
-45
-209
-35
-5
115
-89
96
325
55
-40
53
54
-122
-66
-196
36
-194
101
-159
246
-73
-148
-101
-26
76
177
-7
31
258
108
-306
187
-117
112
99
-204
-111
-44
55
-75
45
14
-189
54
-4
-226
-87
94
19
25
-94
68
-197
-214
132
-145
-281
229
-149
-110
-113
-121
-3
-123
-249
-168
-111
43
44
-154
-200
-82
38
-91
107
-39
-108
-28
-337
-55
146
-80
37
-112
-286
144
151
-59
105
-202
-58
193
-21
-144
134
320
303
-103
-37
106
26
-121
-81
19
43
-8
-42
-18
202
191
-66
82
-4
42
30
143
250
99
-34
3
-30
141
183
42
311
128
-2
-117
129
258
-18
-47
150
-109
224
-394
2
131
15
115
90
-111
-120
167
-143
-242
191
34
-182
93
115
288
91
347
82
-135
92
-198
-148
-133
56
-17
112
160
-68
-60
3
-57
-92
-92
-86
12
398
-138
191
84
256
75
158
32
109
138
39
-299
-49
-84
100
-7
35
113
-138
26
-12
26
52
250
-241
-15
27
-251
-95
217
-242
199
-167
181
-85
191
-67
-14
163
1
138
132
225
148
-23
-46
-227
254
153
-141
-200
79
-85
-108
-76
-242
191
232
25
72
103
117
46
-60
-124
-21
-122
85
77
-128
219
-33
88
-26
18
195
126
196
154
286
-205
-69
224
23
-7
-154
-35
175
301
-122
-15
-155
-59
-308
104
252
-40
-1
28
114
-120
209
340
-18
-18
202
-300
116
64
-44
-146
17
345
-147
2
-84
-18
-189
-214
-9
-377
-166
187
-14
2
83
290
-192
187
55
-124
159
109
138
-202
258
-132
348
-87
98
42
290
-51
309
-263
-46
-36
122
58
-56
-42
-126
-20
-55
-118
18
117
72
7
11
-409
-100
-79
295
-20
8
-59
76
-185
-16
-78
-11
172
15
-25
200
-109
20
193
113
-43
25
164
44
-72
89
115
-48
28
-29
133
145
-10
-13
-263
218
-130
-107
104
-104
143
233
-78
-5
-41
72
1
194
-122
-70
58
-39
74
61
-16
-125
25
-35
126
229
94
117
200
149
-149
-101
78
338
215
-260
14
248
5
-105
-58
137
-15
-214
-79
-64
-45
-29
303
68
80
327
-172
33
-55
46
215
64
-99
88
-53
-385
32
-98
35
-45
10
-257
16
-267
-158
11
68
288
-156
-130
-12
166
-18
149
-102
56
-108
50
-52
-70
0
171
-291
-291
36
-23
-99
138
-17
-147
22
73
-176
268
18
-253
-119
72
245
132
-102
-38
13
-121
-67
181
58
-76
-51
-188
-32
-119
-77
-35
262
191
119
101
-175
70
35
97
-23
-9
146
-50
41
42
-126
-165
-119
-28
-29
96
-191
-229
56
92
84
28
-36
175
74
187
-31
114
106
-106
170
27
14
10
-129
-149
-38
133
-121
46
247
-62
42
35
24
-40
9
61
-272
-39
-223
135
12
-100
88
118
-289
-33
-121
180
81
-70
264
-89
-142
30
-142
256
-13
196
116
42
-113
22
51
-19
342
79
198
121
233
106
107
89
-65
47
3
153
-39
24
59
34
45
-110
9
100
108
-131
148
243
40
-101
-36
41
119
20
-217
2
-53
-105
-97
-102
-312
40
-124
53
-181
48
148
-2
27
82
-122
-104
-34
102
-46
-18
35
-253
68
108
289
258
63
-122
51
192
-199
-106
51
343
67
-102
246
-63
115
147
-46
108
-7
64
-77
-80
63
-48
65
-72
-158
-105
34
17
-108
-37
-5
239
-12
161
158
29
46
-183
-136
70
-281
162
-32
52
97
8
-220
-128
50
9
-60
-47
195
49
-277
88
-11
88
-154
-95
154
180
63
104
-162
-34
-48
98
-75
-53
-209
85
-27
146
34
-104
-309
-22
222
57
-170
180
303
-92
38
-49
50
-157
156
35
-15
34
219
225
95
-53
85
-199
17
-38
-70
112
6
81
46
-66
-245
-101
-65
-122
-63
8
134
68
-92
120
-121
-226
10
-49
116
-130
-24
-256
22
-18
-122
269
71
-198
297
145
150
-45
-119
-225
148
17
-55
148
-91
48
24
151
-38
-179
107
-144
52
-70
-47
165
93
-56
-156
-153
-133
122
189
-207
208
-93
-134
36
359
91
-146
63
-6
165
95
-33
235
-112
334
-17
-165
104
181
18
123
-172
69
78
160
-190
95
-34
117
181
48
187
-85
20
-27
-298
181
8
218
132
-153
22
-233
-63
211
-91
83
104
-27
-116
71
-305
-214
150
-125
-183
-307
-78
-212
-164
-3
-19
-59
91
-6
-15
111
4
0
40
-163
-129
158
-50
109
-161
149
-13
90
29
-99
244
-31
97
-172
106
-271
61
95
94
148
46
-104
-138
-129
196
40
-35
-134
8
65
-103
278
-143
33
159
4
-127
166
240
209
125
149
-22
178
172
17
-135
-91
-27
-228
263
-138
-453
-134
-261
-8
120
27
283
69
-153
-79
21
-26
-37
-30
90
30
-223
257
38
111
-67
-2
304
12
-38
-7
205
84
163
-56
-98
-80
-40
167
-54
238
-67
105
49
-79
116
-43
-30
19
114
32
101
-57
284
126
41
121
-47
-221
-15
-40
-32
89
-126
44
100
-36
-266
-157
151
-47
-20
-323
-149
55
-104
-23
27
-125
-101
-164
255
200
154
250
93
63
-110
-8
-44
-323
-83
-212
-181
-84
126
37
-270
-228
27
61
25
53
-105
-308
-105
299
-8
83
51
45
-78
45
18
-24
179
-305
-118
-206
163
1
-179
247
40
-192
-36
-82
53
13
-9
14
95
179
146
-192
92
-34
-133
-185
20
115
-109
-195
-84
20
-436
-12
-201
269
-67
91
-214
-94
3
-33
-39
29
-40
-4
216
-9
-199
53
159
-124
-52
37
-46
-187
162
-336
-63
-449
-294
130
-89
76
-217
113
146
-146
-15
-222
-192
-293
-50
-148
-191
-131
-64
233
-190
10
134
-403
247
31
-175
-107
-22
99
159
-150
-102
199
99
198
-108
48
-146
-150
435
36
2
17
-85
379
-61
-308
13
236
-190
-98
-23
-41
191
-233
-47
-210
28
-162
-28
-50
0
-191
-23
-200
127
-165
-79
154
203
200
-75
-234
52
93
-84
-125
-135
-46
-290
37
-238
-303
-317
118
-15
-177
-38
55
115
-269
-1
-41
78
164
-67
-80
0
-29
-63
-103
167
3
16
250
-123
330
-131
-178
-9
-248
-61
119
32
-1
126
-173
118
-101
189
-58
-69
145
-57
252
38
-134
9
142
-258
-38
165
55
-14
-102
-59
-168
-177
-33
108
-66
218
36
184
-75
-226
24
-1
-28
8
2
-72
2
-69
39
40
-104
71
21
-4
-207
-293
27
48
-116
14
-48
223
4
69
-87
5
-106
-39
27
-116
-30
-90
-79
166
131
-162
153
204
-91
84
125
167
-36
-50
-9
116
-366
-120
-66
69
42
-18
227
66
73
38
-144
39
-153
-81
125
-332
-85
-35
-64
17
-156
-29
13
-276
-4
61
-16
17
113
328
351
85
48
24
245
20
-180
-192
-101
24
-125
-158
47
64
-208
-34
-52
-175
33
-35
-50
-99
-112
100
104
-261
-267
-28
-149
55
146
116
-14
106
-289
-3
-76
150
335
-149
232
3
4
331
-81
-202
63
131
-328
45
-43
-88
-7
76
78
-12
170
190
80
-97
30
75
-69
-147
162
-279
32
-48
185
77
76
62
74
208
150
-39
-137
-74
-131
135
253
108
191
7
107
65
119
66
-42
-134
240
-47
27
49
-99
-116
-200
-33
-106
-30
-173
-135
84
-165
268
77
52
144
100
-131
259
-226
142
149
87
-24
-155
102
-135
-40
-22
-4
-59
320
38
24
-106
-28
-74
75
-100
-4
77
-128
116
115
334
155
123
170
217
-51
4
3
-93
-111
-165
154
141
-53
-70
-146
-181
76
-42
-167
-182
-7
134
164
187
-5
34
370
107
-19
-70
-163
-12
-53
34
318
-304
129
-31
-55
-46
84
-206
-69
125
-291
-212
20
191
59
-38
137
-63
-25
89
15
132
45
-25
-49
231
-155
105
-196
-50
226
102
-67
-136
70
260
247
191
-104
-128
-45
136
72
-44
-6
-183
154
-359
-166
-93
44
-130
-121
-74
26
25
-108
-159
52
-112
-105
-33
156
132
-12
-54
49
26
132
141
149
10
-146
102
-42
-57
-4
317
61
-185
161
-20
185
-104
120
-14
-222
122
74
-40
-137
137
37
39
-190
-316
110
-110
-76
-78
104
60
16
6
-39
12
163
319
-118
264
175
-184
-38
-102
-55
200
16
58
-100
264
51
-231
-66
8
43
47
145
64
142
-203
121
-249
-89
50
140
-90
-58
-19
33
34
-127
22
56
-69
-81
-3
-176
-368
-7
-34
-429
196
109
-144
49
-3
42
-186
-250
167
-39
-17
47
-5
46
-40
50
73
114
57
-47
-93
-68
-16
-34
-63
-240
162
49
36
-91
-194
-144
-106
241
133
142
-24
1
-152
-89
-26
-84
179
-2
61
271
48
31
69
-44
-56
212
-45
-160
138
146
28
-16
4
64
-234
44
101
-31
-143
40
174
-23
-99
-19
219
-98
29
27
-12
-73
-45
-142
55
-513
-51
-34
-47
-19
122
-47
-132
7
-146
6
-71
294
-118
-48
257
-38
104
85
28
-169
-136
54
-19
23
-14
-48
-133
88
63
84
112
-205
77
-137
118
-93
-252
-112
-183
56
-136
-39
8
149
203
-50
40
3
212
-256
-213
-47
-45
252
89
264
-8
148
12
267
-95
84
323
66
-74
50
-22
-90
-176
-46
-96
53
16
-231
-34
160
216
199
2
123
73
77
271
-101
241
-137
144
-73
-145
15
285
-121
0
-147
-84
-60
-136
110
168
189
124
-22
27
-215
-58
-311
172
-83
270
-58
177
-43
229
73
-87
-20
-9
184
92
-225
184
-107
-37
1
85
118
53
-16
-3
53
394
-202
26
17
50
79
-97
92
70
170
126
-66
72
-74
113
12
-46
-65
92
-173
-82
-183
15
46
54
-92
-62
-115
6
74
153
-115
-100
58
-21
-153
74
-42
-27
-205
167
-212
-71
-102
-26
-3
-220
115
152
49
43
125
215
95
153
-123
-265
-96
-147
8
-97
118
12
67
111
-137
-86
6
49
38
62
-187
-367
135
-4
65
167
-8
-10
-46
-241
335
-22
75
-163
34
-214
8
-132
-137
112
204
15
-117
-50
17
22
134
-23
37
1
-209
102
2
-117
-79
73
129
-131
-70
17
-40
237
86
183
-61
47
82
119
44
154
-4
-10
-72
144
-38
-108
0
-246
-11
0
37
-220
71
155
-254
-181
-64
-31
25
96
-117
35
-36
-217
-1
243
-240
-130
104
-69
-20
194
-17
-35
17
-18
124
12
-13
19
-159
121
200
33
-44
-1
-133
-186
219
34
-97
131
64
190
128
60
224
-16
101
148
193
-129
359
49
63
112
41
-54
394
-243
-50
146
-154
-87
77
-88
-86
-148
-114
22
33
201
80
-207
-159
267
-64
55
8
412
58
107
37
-62
-177
170
-141
-9
110
100
33
126
85
-61
107
-147
190
-159
-57
51
58
-42
31
210
-56
-51
176
67
41
-11
-72
-100
35
35
-79
181
-124
63
93
-66
62
93
119
-169
-256
83
49
39
172
-116
346
143
-47
-73
152
-350
92
65
72
365
152
-104
-274
-213
-267
-99
-54
-48
79
-111
5
-302
-61
-65
-113
361
155
120
78
-82
-66
-1
-52
-166
180
66
-6
-3
-218
112
33
-123
64
-116
232
129
38
341
-8
-15
306
231
29
105
81
143
171
178
20
212
107
-146
24
45
390
-283
-200
-204
130
56
273
3
-101
-9
25
46
259
-187
-129
112
-193
30
-44
-40
-122
47
9
-323
-71
-152
-110
63
25
-54
50
343
56
156
72
235
152
37
-26
-58
-66
109
-7
65
48
-60
316
-44
4
-112
-128
-211
-96
-181
245
-10
197
60
-99
273
-30
-178
87
224
113
-50
112
-153
20
144
-77
209
42
339
61
17
-45
138
-43
162
-80
-94
5
27
69
185
36
-192
-174
166
-38
-2
110
30
-186
-27
-11
-21
-62
67
-11
-47
181
216
190
-200
-85
-104
-206
345
-13
-16
53
-197
-125
-30
-64
-63
-9
34
161
152
-76
-24
74
-58
-206
140
-29
178
-237
-135
-107
48
393
71
7
-110
45
-100
1
256
-68
-47
-94
-257
-44
113
82
-99
-139
74
3
236
172
34
-78
-192
-5
177
-154
16
-197
71
-71
-31
245
211
-175
171
-124
97
-80
-66
-141
-19
182
100
-229
-1
-101
252
-63
259
53
176
-58
33
23
102
118
88
-102
25
-17
23
267
-130
-68
-105
135
123
-257
325
-80
-183
130
16
-94
-110
293
189
-54
-149
-121
-126
127
-251
89
-152
-72
40
-6
-104
21
-70
-6
-42
-37
39
118
-74
192
-94
-21
28
8
192
-36
-176
-12
247
-49
314
4
201
-113
107
52
239
164
-29
-55
94
-114
290
-150
30
48
17
-214
-6
-128
146
236
-333
19
94
166
150
135
119
127
72
-207
369
-264
149
-184
116
107
-178
41
12
20
37
261
195
-142
50
-108
-9
53
175
-28
-220
62
-80
109
-116
-31
48
105
88
-42
-115
-94
178
-172
74
318
125
156
-48
105
-64
113
-261
-90
-132
-89
258
-57
175
44
-63
7
-86
165
-279
110
111
-40
94
-376
278
84
43
-249
-53
2
102
-192
-220
97
284
-170
161
-222
-168
1
34
50
63
-34
17
-165
-94
-48
-263
101
164
-104
93
-365
-273
-242
99
137
-159
20
64
-95
-1
350
-92
-23
-95
-209
124
-145
363
78
-39
53
203
7
153
17
-97
185
125
150
34
-142
-147
4
-49
18
-12
20
95
-28
-73
29
152
-205
-55
-168
19
325
189
-185
20
-33
30
47
-24
-33
-160
-216
281
-222
-16
97
60
-27
-2
-50
130
-123
285
121
34
-76
-2
337
-114
-118
-30
-55
-123
-267
24
44
49
-95
-148
-301
105
234
-178
63
-18
129
-1
156
-148
-33
-225
270
8
67
74
-49
94
203
-6
69
-42
-32
47
133
-91
-80
-135
-57
94
-27
-207
10
75
53
-32
-192
211
83
-43
-21
6
52
39
-34
174
167
64
-115
100
81
-319
-195
-67
355
-71
-158
-29
-187
137
18
34
28
-37
498
-191
-29
-234
-235
22
-43
-56
-97
-72
-24
2
-12
-117
-11
-106
-190
98
31
-184
66
167
