42 81 49
2 6
2 9
2 34
3 5
3 40
4 6
4 16
4 21
5 3
5 6
5 15
5 17
5 20
5 28
7 4
7 6
7 11
7 24
7 30
9 4
10 21
11 26
12 17
12 32
13 29
15 36
16 15
16 36
17 0
17 4
18 24
18 25
18 34
18 39
19 19
19 29
19 36
19 40
20 0
20 14
20 16
20 18
20 37
21 41
22 40
23 22
23 32
23 34
24 15
24 24
25 17
25 41
26 26
26 37
26 40
27 18
27 26
27 39
28 3
28 9
28 34
29 20
29 30
29 32
29 34
29 41
30 23
31 0
31 35
31 38
34 36
35 4
36 31
36 33
37 9
37 20
38 11
38 28
38 29
40 20
40 25
42
21
27
80
20
8
40
71
3
68
59
14
41
78
23
13
61
33
73
30
57
37
32
66
43
76
6
24
9
44
49
19
7
72
34
54
55
18
11
15
70
2
51
1
10
58
0
65
36
5
29
50
39
74
4
48
47
53
77
31
62
46
75
25
22
79
60
67
63
28
64
56
26
52
17
45
35
38
12
69
16
-26
51
41
4
65
-12
16
33
-108
113
6
-7
80
-5
-40
73
-1
8
-2
11
-43
14
-50
-23
48
-18
26
1
-56
-37
13
55
62
30
-30
-163
73
11
-22
-15
-14
-70
-1
17
-62
9
4
-89
16
-24
-103
28
-27
-20
13
-48
-32
-39
30
-144
-4
-38
-25
-41
51
10
80
-18
4
84
33
-53
-17
40
-2
64
84
-33
-35
1
-25
-29
75
-2
-78
-32
-11
-13
-4
58
1
6
35
22
38
29
-37
-61
9
-73
-79
-55
-38
123
26
9
90
-25
-61
-79
-34
56
2
69
77
-62
37
-20
14
24
-31
-58
-79
26
-61
96
-27
-7
-2
44
-1
17
29
-50
-3
105
20
34
-52
43
32
73
55
-34
14
-25
16
-85
-34
22
-8
29
36
3
-46
8
-32
64
-2
94
-4
-9
-45
-86
12
2
-38
-6
9
-35
-21
-23
-30
44
50
61
5
5
14
48
33
-44
-32
47
36
82
7
22
45
-4
36
-17
61
-25
20
-112
-61
-43
-87
26
-56
38
76
34
55
-69
67
34
71
-32
9
26
41
-33
25
14
-16
-9
-40
0
9
39
-1
11
-4
15
34
79
-101
-19
31
42
-23
-23
-85
-47
-22
-36
-37
-6
-82
38
45
-23
42
-3
12
-76
75
93
71
8
-33
109
9
120
19
-39
8
-43
-59
58
10
-16
13
17
-7
-20
-15
44
49
1
47
-12
85
-16
-65
-1
59
17
57
18
35
16
36
-33
-58
-32
-58
-33
8
0
-47
-28
48
-17
10
-38
45
26
42
71
70
17
48
22
-56
-38
24
20
-77
23
-29
-67
-34
-88
-70
50
-24
47
46
50
36
14
-36
17
12
-35
8
3
8
-35
-41
64
-10
-73
26
17
-49
-57
4
-39
37
-9
-37
-25
-20
7
-38
62
133
-37
-46
16
-17
78
60
109
83
-104
67
-19
2
2
-71
-43
1
25
-20
55
88
74
-68
-59
-72
52
-71
15
-38
23
72
-75
-7
34
92
27
110
-2
30
-18
28
6
58
-4
20
24
43
35
-31
8
61
-56
-36
-40
58
-20
31
-77
42
-11
-81
-3
46
5
-7
-61
-57
27
-33
23
-39
-18
-10
-89
4
8
-22
-24
-35
50
51
-3
-9
-34
-87
94
-47
-7
-52
-57
-47
-69
-109
11
-29
-7
13
44
14
51
38
33
118
64
128
-26
-7
-8
-39
58
0
-48
-27
-3
-8
-50
59
-11
1
59
-51
2
22
45
-3
24
68
-9
-9
63
-7
9
16
-27
68
-69
-74
10
-7
2
54
-28
-23
-21
5
5
-19
-26
-152
-36
-58
13
46
-63
-111
-1
-33
-8
27
71
26
2
64
29
-71
-117
6
123
13
-12
-36
-73
48
-38
14
-65
-53
-62
-49
-13
-74
-71
29
-38
5
-84
-17
-87
70
-81
49
18
-3
-122
28
-34
32
46
22
46
-63
38
82
-45
26
5
-36
90
-33
109
14
61
74
41
6
-74
66
21
-29
36
-25
20
-26
22
-48
10
-83
-31
64
34
-58
-43
-36
-12
-31
15
27
17
-85
73
14
46
-89
-33
-46
133
7
-42
98
-50
-30
56
66
-42
28
0
19
55
-55
13
8
-16
85
39
-10
7
-22
-37
6
64
8
-45
44
-41
96
-8
26
-49
38
-23
-65
13
33
35
-52
30
38
52
15
-5
27
-25
40
-4
35
69
-58
-63
-43
47
-143
-75
12
78
48
4
-74
-51
10
15
15
93
-36
-104
-22
26
-15
3
-31
9
-42
30
37
0
-15
28
78
17
-28
-40
43
47
80
48
42
-22
54
-46
61
-80
37
18
-11
56
63
-35
-8
12
-4
-30
-6
-37
-38
-96
-19
-13
-20
18
-23
-62
-118
-3
-49
-89
-8
-2
-6
92
-8
62
-32
-18
-26
-45
-8
56
32
-23
56
76
-76
53
30
-44
-47
-20
17
-43
29
-47
-51
-25
47
13
-18
43
10
17
-48
52
94
16
-20
77
-39
-14
-1
-69
-52
36
-1
-23
-49
24
-65
23
25
12
82
78
1
21
8
-31
-15
36
-64
8
-63
-5
33
24
65
51
-34
-35
15
-17
-29
3
45
44
-91
-12
6
32
16
39
-30
-13
-49
2
28
23
66
-5
-11
-24
22
28
-10
-51
38
20
-46
-58
-56
-14
-13
-2
-1
-54
10
-68
-4
66
-29
87
27
2
-5
49
32
-17
82
-15
-74
-28
43
27
8
34
-28
44
50
6
-34
-27
-37
18
-5
-3
82
-17
-28
-86
22
50
16
6
26
25
-3
-22
32
-20
-66
6
6
11
20
-37
-59
-41
-39
76
-84
45
13
-1
-31
63
99
-11
-100
-17
69
30
-18
-29
-85
-40
8
-66
-61
-74
45
-12
52
-61
-14
-90
-58
37
49
66
-42
-11
-13
18
-62
8
-26
40
-45
55
-100
70
-18
37
-39
-5
69
-51
82
9
55
31
-47
-73
-51
83
77
9
-78
-9
11
-75
-28
38
93
48
21
62
-72
-34
56
-65
54
-12
-11
46
9
34
20
-41
61
-82
-39
-6
43
-20
42
2
6
-4
-11
38
-56
52
32
7
-26
-3
-44
-46
-64
0
13
-65
32
76
-21
47
19
-10
6
-26
38
6
72
4
-5
-28
10
-2
72
48
47
25
-10
74
74
-90
43
-12
-10
-47
-5
75
6
34
-52
-28
36
-24
14
-11
-12
-32
-11
-65
-48
4
8
-15
26
-60
-83
-31
75
-27
-58
-22
-20
9
-13
-77
-4
67
-19
104
-7
-73
-44
-64
36
-21
-43
-108
-16
4
28
-14
40
-16
10
56
-5
153
-100
52
34
-17
40
-75
-62
-1
-10
21
-14
46
10
-114
5
-18
90
-29
26
39
49
55
-45
-42
76
-69
6
-74
-63
-50
17
71
-25
13
107
22
-43
24
-33
-68
-24
4
6
-32
-68
79
-32
-30
-19
-89
-59
8
106
22
70
14
-92
24
-3
-50
-84
-3
52
54
-21
-42
-13
-17
-47
64
-99
19
-3
-42
-81
28
-33
35
-14
-11
40
4
19
53
-11
-24
82
6
-2
70
23
22
-47
-32
55
-10
33
-53
-63
12
-6
-47
1
23
7
-47
57
-25
32
1
-42
-85
-38
31
51
27
28
-9
-49
37
-26
-17
25
-24
2
-13
-31
44
12
26
36
-69
-24
54
59
21
-34
60
-23
13
-23
-120
-125
-43
15
4
-67
71
-6
-89
47
-23
54
-121
-82
26
29
-14
-53
15
-22
55
35
37
2
-20
-53
-53
50
33
-40
48
-49
-48
37
-16
19
-3
-5
-43
8
52
9
28
20
96
28
-125
39
54
39
-27
-6
54
-7
6
64
-18
-5
-61
-115
-13
73
44
-66
10
-16
-19
-65
-72
-63
-26
42
-50
35
-35
10
10
-5
-5
17
36
15
-5
-26
-13
-72
-40
-73
60
10
-27
22
76
-15
-72
-52
1
47
59
0
19
52
28
-39
77
54
77
-35
3
-51
25
71
-39
32
12
17
14
87
-84
-144
23
-88
11
-39
4
-42
40
-27
-23
6
-61
16
34
12
-5
-35
85
58
63
26
17
-75
-17
38
-79
97
61
-24
-63
-75
-84
-4
44
-1
-2
89
-25
-43
-19
44
5
-15
-29
7
9
-12
-73
-38
-64
-32
-33
-28
44
40
27
-46
14
69
-19
52
14
73
10
-51
-78
30
-45
82
22
45
98
-25
36
-37
36
6
-1
-61
-61
21
-62
23
5
-5
-65
49
2
-26
-6
-42
-33
-43
22
-63
-71
-91
-68
-132
-79
-6
-31
-60
-12
60
-2
-73
-32
52
-8
24
-51
-39
-25
66
11
15
-11
39
-19
-40
-21
74
-65
-23
37
-96
-8
48
-3
-31
-2
5
-32
-38
-30
75
5
73
-58
52
8
-32
99
53
-46
45
-75
-39
28
-11
53
-84
-42
23
-103
-4
14
-46
26
19
1
-39
19
-6
133
6
-106
39
-60
-18
6
48
0
19
-76
26
-68
-2
-5
18
10
30
-104
-4
-55
48
-9
108
-51
-24
72
54
-23
46
77
6
49
-18
82
-79
17
4
17
58
-25
-37
31
-26
-1
-3
40
8
-47
5
2
3
34
-33
10
-27
34
61
7
69
-26
-8
-98
-11
-106
15
20
-91
-28
-8
27
36
-2
-10
33
-13
-20
-11
23
47
99
-1
-16
3
10
44
28
41
36
11
-12
-18
-47
-5
-15
-21
-10
12
35
56
-18
-68
-69
-7
44
-29
-50
30
-28
3
-33
-63
-48
-67
52
27
30
31
39
-15
-18
142
-45
39
41
-62
31
-34
-15
-20
-71
21
25
135
-98
-81
50
-27
9
-35
-57
-23
-97
-1
2
-92
-33
-74
30
14
49
31
52
-50
-15
-23
97
-3
2
4
-75
45
-21
-34
22
56
32
-59
35
14
84
-86
28
-46
38
28
22
1
36
19
8
1
-37
34
-10
-33
63
-49
-55
-13
57
-15
33
35
14
-42
39
27
23
-47
-35
-28
3
16
40
-57
-20
-20
-15
-70
18
-46
-76
5
26
-10
-8
-16
69
-12
77
63
18
58
35
49
-16
-61
-26
30
-35
-27
-67
58
-66
-10
-16
-27
121
-3
18
-2
-84
7
88
37
-4
99
-61
-30
65
136
-59
1
-6
-35
-12
1
64
45
30
54
9
22
-26
-4
14
-81
36
17
-26
41
-48
-37
-111
22
29
76
0
26
-26
67
-34
22
-14
-16
49
33
101
-1
19
-4
48
-36
-4
34
18
-65
76
-48
-82
51
-16
62
3
-57
38
-51
-98
32
-97
-2
43
-46
19
-64
-42
46
12
-52
29
-13
-69
37
-85
-14
-25
-76
-21
-19
-12
92
-42
-39
-20
-20
-12
-14
-57
23
13
-64
-19
37
28
27
1
13
50
-62
38
-16
61
76
22
63
-39
54
-35
31
22
-53
44
-10
3
47
63
79
-21
27
61
10
-37
52
29
2
31
79
8
-8
72
41
35
4
41
73
-39
2
-63
-16
46
34
5
1
-12
54
-45
15
26
21
-23
-51
20
6
-57
54
5
-14
25
-57
18
-45
82
25
-11
88
-42
40
13
26
4
20
-17
-27
-79
13
41
-25
-87
27
35
64
-11
38
-55
0
-39
33
21
20
33
9
11
-41
-23
-37
118
-8
39
24
77
-42
-79
29
-60
34
14
-22
29
24
-61
-29
-60
151
-35
38
8
15
-123
10
-27
-36
17
-95
-72
-6
-34
-52
-63
31
7
-46
-59
119
-22
3
-62
-7
59
-16
73
-19
-7
38
-9
41
-61
26
-25
-29
51
-19
-18
25
-9
-64
40
24
21
111
88
-2
30
25
33
-78
85
-46
36
12
-81
-36
-12
-31
-59
-28
9
36
-110
9
-11
8
-62
29
44
9
22
6
0
5
-12
49
-115
-31
45
-71
-49
67
-15
31
-1
3
-43
-11
-54
-5
-41
35
46
87
0
-40
55
-161
-19
-119
-40
-3
8
-75
39
-8
-20
25
-4
-28
26
45
-39
31
-62
24
73
-33
-19
-8
29
5
15
-47
-23
-36
-15
0
-10
63
-8
23
-18
-52
66
9
-114
-15
33
-50
-16
11
8
24
38
21
-26
8
9
11
-103
-1
108
23
-30
16
-86
-18
-59
-60
43
62
-32
-33
70
131
-113
-89
-4
30
-7
-46
-61
-75
16
51
12
16
-16
-15
9
28
-28
-61
24
-14
-73
36
13
144
1
27
-6
-2
-3
4
25
-18
30
-68
-22
-33
-75
47
78
85
50
-99
-101
80
95
-59
10
-10
1
-172
-22
2
-51
-93
50
43
-19
-52
26
27
12
19
-19
-21
65
1
-38
8
70
23
-89
-6
-28
-10
41
40
-41
8
-26
42
21
-12
12
-9
-32
-38
-69
13
20
-104
72
11
-22
12
31
87
42
-48
-24
10
47
-23
29
-27
-16
-20
-6
-75
-33
-70
79
19
-18
-24
93
-12
-119
65
-60
-35
30
-99
6
-69
-18
-41
-28
-13
-7
114
34
5
-129
-42
54
42
-17
-3
-51
-10
59
29
-11
72
37
-11
-44
-103
41
59
1
6
-40
61
-11
-14
-4
57
-22
80
-25
-21
-72
0
-48
-31
29
46
24
70
73
-39
21
-47
42
-21
83
23
-38
-49
-26
57
60
-27
35
45
-80
35
-6
-50
111
22
-35
-30
-32
-9
5
-110
-12
40
4
-46
30
127
-29
30
28
50
3
-47
34
-4
-92
-1
14
-56
28
49
-13
-43
-33
-5
43
88
-85
-29
35
7
-13
6
-7
53
2
25
-42
-39
-32
12
15
-1
-30
-10
29
-66
-123
-124
-68
76
-52
68
-13
-117
0
-36
16
29
-24
-15
-17
-59
6
17
-10
40
-23
83
10
18
49
16
-4
-7
24
91
-56
-59
-28
-45
-1
-2
35
68
-61
-10
33
-5
1
-19
3
-48
13
-39
-71
104
-39
-27
58
24
-11
-7
-6
110
84
18
-47
-3
13
-23
112
-48
-23
-50
30
50
-36
1
37
22
12
45
-37
68
-118
-68
-7
-13
67
-23
15
-80
-4
-110
2
-50
-69
26
77
-13
-14
48
1
45
30
-44
15
31
-25
-66
13
58
19
22
50
10
21
21
-6
-57
5
-49
-39
-77
-54
37
-11
73
-26
-62
109
45
23
-51
14
16
98
8
-39
-11
-16
75
-43
13
41
-45
-13
10
35
22
-57
-51
-2
-25
60
6
68
-43
-48
34
23
47
62
-7
-47
88
69
-10
60
41
42
68
17
-50
-16
56
-6
-19
-31
-72
21
20
75
-2
8
-39
60
-83
7
-22
7
-143
8
-9
25
52
-41
35
-10
-5
-27
-4
-79
-6
-71
45
12
33
-19
57
-41
-62
2
-65
39
-5
-18
-33
-33
-66
-14
41
-85
37
41
37
41
-15
-8
90
-34
-115
-54
-117
11
-65
26
-24
-64
-15
-14
-12
66
2
-12
41
9
-24
39
65
96
43
33
-7
-47
20
19
-1
16
-25
-45
15
20
-29
-42
37
46
-7
-56
79
32
30
72
-35
-65
1
-20
-17
-36
-16
-102
-26
-32
26
45
40
-42
-9
123
94
-8
-34
-6
3
14
-21
20
-52
8
40
72
59
16
95
-26
49
70
62
81
68
18
28
-38
-6
-31
-79
-58
107
8
-27
-13
74
76
-35
-76
-1
25
-17
-8
16
69
43
-71
27
-67
33
-13
-3
-124
-39
19
4
-61
1
59
41
-19
9
-50
43
-50
-25
27
-12
-84
-17
18
3
20
-64
-51
-75
64
-95
25
-12
29
29
3
-49
-111
-37
49
-37
60
-59
7
-54
-7
-89
-12
-35
29
20
16
-8
5
-70
-11
-31
45
-51
21
-29
61
46
-74
43
61
-32
-37
-52
-68
30
7
21
-51
-15
26
-4
24
-4
21
-89
-24
-44
-80
-61
4
24
-87
-92
-32
39
19
-34
-12
48
-29
6
112
-94
-18
-12
13
-47
43
28
24
-103
-11
25
10
-27
-30
-40
-38
11
-11
18
23
-44
-103
22
-44
-26
12
-12
-35
16
22
44
43
27
42
60
34
-33
-53
22
32
-7
26
-25
45
-54
-37
-64
-80
-11
39
-43
-62
83
13
-30
-66
4
2
33
21
21
-18
69
23
37
-41
32
77
4
-8
-41
-15
-78
3
-13
-37
23
-36
51
38
132
-48
-1
26
31
98
5
69
-64
24
-125
-6
32
-80
-9
-39
28
19
23
-68
-15
70
3
10
-50
14
20
-19
-60
-21
-25
-34
-32
9
110
147
-5
92
-2
57
-38
-2
-15
-139
31
3
12
-34
80
33
35
117
-61
10
-36
6
71
-26
24
-19
30
18
91
-7
9
34
-99
10
-52
1
25
2
-9
9
-115
2
57
-98
1
15
-124
-63
-25
18
-4
83
-18
29
-15
62
83
31
-57
-122
-52
-6
-22
27
44
-5
63
92
39
32
27
-29
12
-4
2
-5
23
22
-2
-34
-31
-35
-50
-16
23
124
76
19
-50
-21
-44
51
3
-78
-50
-12
49
70
8
1
-12
-3
-11
13
15
13
84
-42
-45
85
-53
16
-20
136
-56
18
-21
-51
64
42
-143
-45
64
106
-41
-106
-30
5
-60
-104
-62
-23
-21
42
-4
24
81
9
-21
-48
56
14
-24
32
43
26
-11
20
126
66
-64
-56
-1
28
5
38
11
12
-24
4
-24
-29
34
4
-34
20
0
-11
26
-14
89
23
21
-35
91
-11
68
-13
-2
-2
54
3
13
31
-35
61
-12
-52
-86
35
2
-57
-40
-64
-11
12
-1
13
47
-85
82
-42
46
89
-75
-12
-56
-35
44
8
-14
18
-77
-18
-67
24
-28
45
-8
-54
5
51
-14
-35
-29
6
-76
123
-11
-46
16
138
-2
43
71
-61
-59
24
-84
5
0
5
75
33
-6
-1
56
-64
-47
43
-18
30
143
9
-119
67
84
38
-73
-2
4
-26
35
43
29
51
-88
4
-10
-87
-24
-98
-73
47
6
6
22
63
6
-38
50
-6
-10
-10
54
-45
0
68
-10
44
-46
-96
1
-34
-75
-71
-3
80
-90
-75
-18
-25
-51
-128
19
36
-12
-35
2
0
36
-44
-26
60
63
126
6
78
12
-37
26
-14
-64
51
22
-7
12
1
-30
-55
54
-9
60
26
-23
-10
0
126
-49
4
-8
-59
24
10
-71
41
33
0
12
149
53
52
-53
40
33
46
-7
33
-59
134
-93
41
-6
-28
13
5
-25
-54
-69
2
-52
1
95
2
-13
47
-84
18
-83
12
-49
62
-27
45
-84
-44
31
-38
65
-43
36
29
49
3
22
-7
-1
11
42
-61
44
16
-2
-46
-22
5
115
-51
-51
-41
9
29
53
29
35
-17
-30
33
111
-100
20
-58
34
78
-29
-38
-19
19
-79
58
-62
68
-31
-7
-3
50
-53
31
-103
54
52
-20
59
3
-19
-30
85
23
-11
-1
4
-17
22
92
15
-13
79
89
134
-11
18
-41
-112
-32
-31
77
13
32
40
39
34
28
-28
33
11
-40
17
-5
-65
74
-105
-2
73
60
100
-53
1
-56
34
-52
-14
53
-127
84
-24
29
41
-30
-4
60
-16
57
-73
-2
24
0
-44
-84
-19
4
-59
-104
27
-26
23
-43
-10
-91
-43
40
-51
-37
-18
-44
16
52
9
92
15
-19
-51
-7
51
26
30
100
34
-9
28
58
27
-45
54
-14
-18
-8
-14
29
28
36
-62
-19
55
-20
-107
-2
-24
-26
52
40
-74
21
2
6
-7
55
-91
-31
46
-62
11
-2
39
-3
-8
-1
13
11
-16
64
-53
-63
-48
-68
-44
89
-3
40
-9
-6
62
-133
-14
73
-77
27
102
14
108
-41
-42
46
-14
2
8
-78
-22
-25
-47
24
24
-52
-24
14
-2
70
-18
69
26
1
-25
28
-76
-52
-45
-56
-19
-12
-6
-26
-62
-27
-21
-9
58
66
-42
56
-43
-20
6
7
-42
38
40
-54
15
24
48
-43
-38
10
-30
55
-19
-51
-47
53
-95
32
-13
0
-7
-7
-14
27
12
35
-51
36
43
6
24
-68
15
1
47
-33
-37
79
-7
3
19
-32
76
34
17
-26
-33
-68
-63
-28
-41
60
5
72
-11
116
-14
8
-5
-21
21
-36
-21
17
-32
-73
-7
-7
42
-54
-36
87
-28
-18
14
42
-73
53
-38
-82
-60
39
22
76
-25
-53
63
-46
-91
-5
-100
-41
4
64
-46
-67
60
-1
28
11
-61
-47
-50
-20
28
58
-6
52
22
-3
-28
6
41
-95
-41
-71
-42
-41
0
-82
136
0
32
16
53
-12
133
84
114
52
83
74
0
-4
21
56
4
14
-6
107
37
14
-55
-106
-36
54
-46
-2
7
-19
-31
50
84
45
-19
25
-65
-8
-30
16
42
38
41
97
-98
87
79
11
-7
-82
-16
9
17
-16
-9
-70
5
-9
-4
27
5
38
9
-160
-10
-62
-11
-86
80
88
97
-22
-22
-10
-59
-87
-93
-1
18
-39
-8
4
16
30
84
2
10
53
-18
30
30
14
18
-27
104
16
33
27
76
-114
-23
-36
17
-44
39
1
-32
11
-22
-40
-10
-3
48
-20
61
36
24
-37
82
-43
28
-82
-70
-49
58
-72
-25
1
-66
62
-7
-3
61
16
43
35
23
2
-37
31
28
-60
-81
21
2
-26
-29
-5
-23
-29
-18
-7
63
16
-33
6
-11
-51
129
31
75
-15
-15
-43
-46
1
23
68
-28
12
2
-17
-25
53
-99
-28
-9
27
39
30
-10
-19
5
18
-93
-13
21
-42
-39
2
-105
-16
-5
-8
-71
8
-60
18
12
35
79
-3
52
-9
-60
-11
21
-24
-26
-69
-13
77
-9
-29
-63
-44
54
14
61
-6
-136
28
54
1
56
35
-2
136
-77
-39
51
-27
-24
-152
66
-22
-111
-108
-55
14
51
70
6
77
14
19
46
53
21
53
-8
-67
-10
20
-47
61
18
-43
-38
-10
-9
-25
8
-68
24
20
70
33
-55
-16
3
60
24
84
32
6
60
-54
46
43
19
-36
-92
14
73
6
-20
-83
-4
-37
65
58
-46
-20
-10
57
43
-103
-5
-2
-11
-103
7
-26
-49
25
6
-104
-1
21
-49
-17
-15
67
-37
-33
-9
6
-82
1
64
-83
-76
-75
33
25
-67
-6
-14
48
64
46
-67
45
80
-109
0
9
97
-33
-63
-77
1
-41
-20
87
-87
-3
-92
75
-48
-84
36
3
39
11
81
-27
35
-22
29
76
34
73
-18
-11
12
86
4
42
58
47
-10
-16
49
-9
38
-60
24
-13
74
13
-61
-21
-49
25
-22
15
-17
-39
23
5
101
-23
-92
-36
-20
16
67
7
38
-20
-47
48
136
50
22
-74
-68
-27
-3
-15
24
-48
46
3
33
54
20
56
35
46
-46
22
-30
-67
18
-25
95
-8
57
-12
68
-110
5
66
-2
-74
-79
43
-48
-43
-32
53
39
-46
-14
-7
33
31
54
-15
29
-33
32
18
78
-23
51
52
1
23
-12
94
7
3
-60
74
-59
-11
68
-11
0
34
53
26
-31
-67
-62
45
-11
48
8
-9
-52
11
-1
-62
24
-41
5
49
96
-34
-17
26
-95
36
47
-25
-5
32
-41
-97
6
16
19
129
4
22
43
-4
-99
67
105
20
-24
64
21
54
50
3
3
-69
-118
-15
-19
28
-51
-79
-77
-16
70
-33
39
95
35
-3
-35
-22
9
35
-93
-82
-1
0
-46
5
27
-26
-48
1
-40
-58
-17
-42
-8
117
0
16
20
-36
-11
-2
9
-16
25
-147
0
-75
-57
-87
-23
155
-3
-5
84
-55
6
-61
-13
38
-19
-24
-54
-3
-73
4
-22
-10
46
26
-14
17
13
20
-3
36
44
-9
1
77
13
-19
-41
-53
-19
15
11
92
-49
-10
-35
-109
17
-104
5
86
-51
11
-50
9
-54
-4
-28
83
-33
24
27
-25
5
30
34
-29
111
-6
-34
16
-44
-7
76
-75
-62
8
71
31
-71
1
11
-1
62
48
-71
0
-47
-22
35
102
-3
-20
36
44
-3
-19
18
0
-64
-31
-67
66
-12
9
16
-43
33
-112
-62
-19
-36
46
-94
28
17
29
-102
111
57
73
19
-27
78
45
-120
-2
23
-5
-43
-99
5
58
58
-47
-82
-13
21
63
45
-60
-47
-44
-3
4
10
-86
9
-24
-38
-69
-22
18
-93
49
-83
12
36
10
-6
3
16
-53
-52
-3
-16
13
26
-46
-34
-39
-19
61
-26
-16
33
34
-25
66
-14
-53
-100
13
-65
-100
-6
11
56
62
46
16
91
-17
-26
51
-65
-7
-21
93
41
-83
11
-42
-96
2
-50
-2
36
22
74
-2
39
-1
50
-46
11
42
-27
39
-51
-9
-4
-5
-90
30
47
-33
37
6
-6
-27
-59
-48
-8
-64
75
-84
83
-73
24
-13
-10
-45
-12
28
13
-11
-32
-47
31
-54
-1
-43
15
-62
-20
48
-30
41
69
53
40
49
30
16
16
48
83
-12
-63
-7
37
-24
-34
70
30
125
98
-37
-75
2
40
-24
-28
40
-52
107
-4
91
-62
27
21
71
84
41
4
33
-1
43
10
29
21
67
-48
-42
52
-30
26
20
-24
-51
-68
25
-26
-18
124
-10
46
72
-6
-30
-10
43
-27
-33
-59
-13
-79
4
-25
25
-31
16
-39
14
21
-59
-10
-18
8
0
8
-11
38
88
9
31
-43
45
-75
-16
5
-36
-3
-28
-9
-40
-56
41
-27
-84
53
-39
-6
96
51
49
-27
-47
-28
-76
7
57
22
45
60
91
-49
36
-47
23
-21
9
1
-52
-17
-16
10
49
-35
38
-2
-6
-37
13
66
33
-29
11
54
111
132
-66
76
2
-50
109
-62
-5
33
-15
27
-24
20
15
110
-16
-1
34
-53
-3
-19
103
-60
-44
27
37
103
12
8
-14
-15
72
-34
-3
-24
-58
-31
-16
44
38
94
-45
-23
50
50
41
-22
-18
-47
63
-10
-19
32
-44
-71
-30
-37
19
61
63
-43
5
50
-19
34
-79
-91
71
-7
40
100
-7
-15
-8
-13
-9
-1
-12
49
91
57
65
14
-42
-1
36
-58
-22
32
-57
-50
53
10
-55
10
13
30
-50
33
14
-35
56
-55
63
53
-82
-9
52
-40
62
13
-1
-41
2
-105
27
4
-38
-54
11
40
31
29
-6
5
-90
-75
10
71
24
3
-2
24
-73
8
-27
-8
11
-35
-12
-8
72
37
-5
2
-18
-8
-7
-3
63
-64
-41
-63
2
50
7
-30
-45
89
34
77
-23
18
-23
4
-66
-19
31
67
-27
15
29
-11
-21
-51
48
-11
15
-75
-13
24
25
94
25
17
7
-6
46
-25
-77
21
52
27
-35
-55
-22
-53
13
-51
55
69
3
-71
11
-64
-35
71
-11
-25
-18
20
10
12
110
-37
67
32
-67
44
-124
-14
53
47
44
-28
9
45
-31
149
-63
-11
-12
50
-68
-70
-26
-90
-22
-79
1
-10
118
36
48
33
-14
15
34
59
-22
65
45
60
43
12
-18
-29
-29
13
20
-39
85
17
22
51
-14
5
-37
-5
-30
-65
-27
4
8
-73
-14
-45
-121
37
-23
-4
-59
25
-29
34
0
52
61
-11
2
-20
37
5
-29
-75
1
-42
-17
78
-18
-56
64
54
-103
143
83
-7
24
-42
31
49
-13
-46
-74
-14
64
9
-5
47
-36
7
34
-35
40
9
50
7
-113
-11
-10
-24
9
8
-17
-7
-35
-32
61
8
16
41
135
37
-9
8
19
12
-1
-2
22
-46
3
47
-53
-14
-16
31
42
-161
-37
28
-23
-35
-44
0
31
-55
-19
-41
29
9
-34
-41
-88
53
-39
70
2
10
-106
-20
10
-12
-23
-108
49
106
23
31
14
-109
-60
-27
-30
25
-28
-45
-2
47
-9
-14
56
47
9
-17
73
-8
-56
-90
57
24
-24
-26
77
53
26
62
-21
52
-54
44
-78
-68
-15
21
17
-17
-39
19
24
9
-3
29
42
20
-61
67
-7
23
39
-25
-3
27
5
30
-25
31
72
-21
-76
-33
46
-44
3
-76
43
18
12
-38
47
-3
-73
-35
19
-42
-89
58
5
61
-11
-52
8
-22
70
-53
-109
-40
13
50
92
13
107
-2
82
-33
-62
-25
46
-22
-49
-13
-4
37
10
20
49
32
35
45
-42
66
33
-55
52
39
-28
49
-93
20
-22
-63
62
74
-2
-12
-13
-57
36
33
29
2
-42
-93
20
-41
43
-7
25
-50
6
22
-56
35
-17
-39
22
-43
36
-52
-6
-98
-29
-87
-22
52
9
-117
46
-48
-54
-45
5
18
33
62
-18
2
-23
33
-4
-42
-17
-30
-34
13
25
28
-79
1
-98
-64
54
-8
56
50
-4
-99
4
-37
-34
106
-81
-69
-46
-49
-15
-26
-23
-9
-18
14
-10
25
60
-51
-96
105
-110
36
7
94
88
30
70
54
-6
100
32
28
3
56
-19
71
-33
-7
-41
-74
-106
65
43
12
-8
-4
43
61
10
50
32
64
43
54
-15
-49
9
-2
11
84
11
32
7
-13
23
109
17
-115
-37
-80
-14
-111
67
-14
-47
80
4
13
-11
16
24
0
-6
41
7
-26
33
9
8
34
-81
74
65
-4
1
-44
-43
29
68
32
-44
4
17
69
-18
2
45
-60
120
-128
2
3
44
38
25
27
-30
-15
59
11
-9
32
-61
32
-88
15
-22
-45
52
-21
46
-68
134
-67
-24
39
73
-39
-6
48
-5
-5
32
71
-4
6
-17
28
17
49
-27
-68
104
1
63
1
-36
-71
-61
-60
-9
64
61
20
-51
42
20
0
-41
-32
31
-29
-22
-4
8
94
67
32
3
-49
7
-49
-24
-45
11
-41
-63
-66
63
-1
8
-78
-7
-7
-20
-62
-40
56
-28
-24
81
2
-25
-48
38
-17
-1
82
-48
-60
87
35
-92
43
-41
-39
46
-45
-52
58
124
2
0
4
-59
-115
13
25
40
86
-22
-85
55
3
-82
9
-35
0
-56
39
-27
50
16
-36
-1
28
43
-67
-93
-40
-52
-41
-58
60
-26
-80
2
-64
-14
-66
39
-10
-26
85
-15
-33
20
-63
-10
17
-19
112
38
-60
23
12
-55
-26
-86
46
-66
-80
-76
14
32
-52
-92
50
17
61
53
-36
-64
30
62
-11
1
-16
-27
9
-20
-13
63
-48
19
41
-38
-36
94
57
-11
11
11
-37
30
-57
40
-27
-12
-20
20
-47
46
-43
-18
5
61
47
43
155
88
-22
-88
-49
-21
44
3
-90
-43
22
-95
13
-94
-87
-7
-39
54
-127
-14
-18
-30
-72
-25
41
65
3
-38
111
-47
76
-169
-45
34
-35
-22
54
-35
-47
-47
-14
-22
-25
-12
-28
66
-33
-1
-11
18
-50
9
-32
21
11
-63
9
-92
45
60
21
-19
8
-25
42
-29
-36
66
-4
18
-31
9
29
48
41
77
-87
-44
28
6
14
83
-23
62
-70
-120
1
-12
-113
59
-14
-45
-18
4
-6
-113
-89
138
31
-6
69
11
-32
70
-2
-31
32
-21
74
16
48
32
74
42
18
11
33
37
70
-7
-59
61
72
0
72
42
11
21
-5
-24
-71
-41
-72
0
-96
3
2
82
-24
38
-3
14
14
38
-22
-8
-39
-17
-132
31
26
79
-70
14
-47
52
-23
31
42
-38
-21
-43
62
-121
-17
59
0
-14
40
81
-52
-58
44
59
14
22
-22
-29
35
35
-114
-10
-49
36
49
-49
-6
-27
-70
38
-9
41
-38
-26
-48
-2
25
-41
4
81
32
29
109
4
31
1
-49
22
-27
-2
23
35
-16
-29
-45
115
-62
7
2
13
-31
12
-35
33
20
-5
-77
55
-3
47
14
-61
12
14
54
29
-40
-66
-154
-90
-91
-36
-15
20
-4
64
-13
-13
-2
-5
-88
-45
67
-79
9
52
12
82
97
-5
-53
4
-22
-30
-23
-32
47
-60
-34
143
16
-71
-10
32
-41
-51
8
-16
-31
42
-28
27
-18
54
-9
32
-9
5
94
-13
73
11
-35
-31
-20
-31
34
19
-69
5
-71
-58
25
-62
-23
-56
18
21
-25
-57
30
5
55
-34
-112
0
-128
7
-28
124
-34
-10
45
22
-2
51
-26
25
19
63
57
63
-60
-19
-30
53
-5
-26
34
18
68
57
-21
11
15
12
39
61
-18
-55
14
4
-44
9
-28
-26
23
20
103
74
122
45
-83
-33
-19
99
4
-50
-61
97
33
-53
37
-28
-106
45
12
-45
-21
50
29
55
-48
-24
35
52
-16
-41
-61
-80
32
38
-50
-8
-55
-48
-61
8
-12
63
29
15
12
7
-41
-13
12
1
-24
12
-74
-63
-7
103
12
6
-24
32
-29
-17
-26
-33
34
-59
36
-79
-36
48
-53
-36
105
42
61
-50
-78
5
-13
-37
1
-71
40
-62
8
-36
65
-16
33
-36
-43
57
-63
26
17
-31
36
-12
21
61
5
27
40
-7
89
28
21
107
-48
-56
38
-3
-22
32
28
31
-11
32
51
-15
29
-6
-11
-26
52
-74
-33
87
-54
49
43
40
-80
73
56
-17
68
-55
27
60
11
-28
106
2
-8
-37
-23
-4
-18
18
80
51
48
10
-5
-15
83
34
-75
-34
22
-47
-60
32
15
67
-1
20
-40
24
-44
-54
-79
-54
56
30
32
33
8
-27
-32
9
-39
107
11
-43
-1
20
-24
54
6
37
-57
59
7
32
-46
9
18
41
-46
2
-15
56
-50
-19
-79
10
38
54
25
-53
50
-31
-5
73
40
-73
88
21
-24
-59
52
28
-18
73
41
31
-14
-10
-69
-80
26
4
12
-6
-41
-12
-3
10
10
7
20
-32
-33
5
-15
-11
17
20
56
-24
11
35
34
-53
8
-15
-6
10
1
-82
111
-88
73
18
-16
-13
-33
-10
-32
-73
37
61
-27
4
4
-43
15
0
-2
11
25
17
18
10
-36
65
12
3
-31
-25
76
4
94
7
23
57
-83
24
40
-26
-24
3
18
-9
33
-71
37
44
7
-65
-52
45
8
-51
45
-13
0
-53
133
-17
10
21
19
35
-24
44
49
-3
66
4
-62
-35
-35
58
-62
-11
-63
-43
-39
21
-77
37
-16
64
26
15
-44
-38
-22
18
-59
-54
-50
-7
-52
-42
1
86
44
47
36
2
-83
33
-30
-44
-75
20
-7
-16
58
10
-21
44
-56
41
-70
25
-20
37
-16
29
33
73
16
57
32
77
12
44
41
-16
-30
-55
-54
-56
-67
7
59
6
-12
28
-6
-8
66
-9
31
29
10
4
29
40
0
67
21
77
-53
42
-13
-6
2
16
29
-19
-47
43
92
16
-44
-21
54
-17
25
38
25
-60
-50
35
-30
-23
-55
59
-18
21
-16
-69
5
29
51
6
14
-17
-22
40
25
43
-73
89
73
-48
42
-78
-89
14
44
-56
-26
16
-150
-28
-17
-87
-5
75
14
-24
-6
32
9
6
-20
-113
-68
-45
24
-54
33
33
128
10
-62
28
6
-72
43
97
52
38
-61
39
-23
59
23
87
-15
-4
-8
-59
-36
46
-12
-89
-41
41
-43
-45
20
-89
16
17
-40
26
77
-34
-28
-32
-31
11
70
19
76
-4
-38
-32
43
-16
-43
91
-2
-41
-3
-85
0
46
64
84
-41
-10
-52
29
-25
1
2
96
1
33
-9
-3
81
-79
-8
7
-45
31
-17
-48
33
-18
4
-34
-47
-1
74
-64
95
11
-7
0
-72
-48
-17
-62
-103
-104
20
-32
44
-4
37
30
48
-29
-48
60
63
20
10
52
28
23
-71
65
-62
75
72
-47
-3
-125
81
-78
21
29
53
38
64
-53
79
-10
-47
10
13
-17
-110
8
-37
37
-79
-77
37
47
-28
-57
53
-47
14
-9
71
55
24
81
2
-16
9
43
-14
41
-22
-54
-20
-46
4
-7
-33
60
4
74
-11
29
73
-74
-63
6
-57
-52
53
37
-33
-70
-85
-68
78
-37
5
-55
-18
66
-16
-30
22
-25
-75
-17
-15
-79
7
-84
-3
-41
-65
-48
-10
-31
94
-15
16
-22
-41
-10
62
43
-22
50
4
-79
162
-102
40
34
50
64
58
110
-47
25
-10
-7
-30
-91
78
-57
35
-106
-8
-35
-65
63
21
57
-18
26
-83
17
-32
-63
104
25
32
85
-35
-47
-12
-21
57
18
-1
26
4
7
-16
26
-8
27
-11
-34
17
0
-10
-44
55
55
50
86
97
37
64
-146
-77
85
29
-27
16
40
-19
18
-8
17
-18
-3
-123
-124
-83
-37
-57
105
27
-42
15
34
-8
-3
7
20
25
-73
-39
13
39
-15
12
35
73
-34
-4
44
16
-46
-97
-57
107
-68
-27
16
-63
-20
-35
-82
30
31
4
39
-43
62
-27
20
-33
31
-21
-59
-10
20
-4
20
-42
-18
7
-103
-2
26
31
-29
-76
-5
36
-109
24
-9
-34
-19
4
34
-36
71
-27
24
24
-25
-7
-13
-43
63
-22
31
67
16
33
-73
75
77
20
-18
19
82
-43
75
-21
8
102
38
12
4
-58
49
15
-49
29
-25
-78
-42
-34
68
-84
10
-27
2
-22
-56
31
43
12
88
-10
-5
10
-28
-21
4
76
39
93
55
-39
-57
-21
-2
4
45
27
13
93
-18
16
-65
-21
-66
-50
-10
4
24
-17
-43
-21
10
5
77
-133
14
26
6
-5
28
101
25
12
30
8
-81
-21
67
-66
88
57
36
20
-81
2
4
-37
59
12
-35
21
61
30
-6
58
-25
46
16
31
39
38
1
-93
-77
16
-10
2
44
-2
-4
-38
22
-1
66
38
18
7
-57
58
1
-4
24
68
-33
-47
18
-73
80
5
-71
-79
-46
54
84
-26
-12
8
59
60
8
41
-25
0
-39
-6
4
-16
3
3
7
-46
-85
50
-33
41
-65
20
-80
9
24
-80
-84
14
-71
-27
13
-36
-33
-57
26
15
-32
71
39
49
47
34
15
9
8
-3
-50
31
-32
57
-118
-55
60
-1
-60
5
85
-54
-54
54
15
67
-7
-23
137
-121
134
-12
-90
-7
-44
29
63
72
15
-61
26
-31
44
-60
43
-60
-16
-61
81
-33
-72
-35
-17
7
-8
49
42
-48
-87
78
57
73
40
-3
-40
-16
66
-45
23
-68
-32
-18
-58
82
-83
67
45
64
-37
-29
-41
52
2
-44
-2
-109
80
-32
55
-17
55
35
24
88
16
-16
-10
-65
50
-18
-97
5
-48
-43
13
-28
-17
1
-66
-58
69
-18
-35
-85
24
48
-41
26
-1
-37
46
-23
20
-73
20
2
-43
-36
-27
-2
11
-36
-15
-23
20
-17
-8
-29
141
-44
-33
12
-69
66
-2
34
86
-71
53
-22
-17
-101
-105
-4
-7
-58
-20
70
11
-78
-96
-15
77
16
4
-72
102
-30
61
36
-23
-2
-20
56
62
-93
-56
-5
-41
-49
1
2
-12
30
27
33
54
-144
-14
88
-42
-45
43
48
-52
5
62
-15
-27
34
60
-4
-12
24
69
-74
67
52
-15
-41
-114
86
5
-34
-2
-10
-53
26
110
-12
17
53
76
-48
-21
-28
-5
-19
-43
31
-82
19
-75
-80
-5
-13
68
18
-70
22
-26
-42
14
-49
1
11
-30
-47
-11
23
52
-76
-52
-59
29
-46
-37
-22
-51
-69
-58
42
-3
20
-36
1
-9
20
11
-72
-33
-2
130
73
74
-51
59
-25
36
86
-46
50
95
-31
-53
-19
85
36
45
-4
80
20
5
-6
-60
-49
-98
-40
33
-38
3
46
35
80
-128
93
-57
59
-4
-42
-12
113
26
-35
-13
-20
81
-46
-62
29
12
54
-17
66
-14
52
-12
46
10
-17
-3
-6
1
-14
-18
5
-76
119
0
-18
78
97
-59
36
-83
66
-25
28
-6
-23
4
-99
61
45
-8
-19
-54
-22
-19
-47
37
-37
42
-25
11
7
-75
74
26
-18
16
14
-3
-16
-3
-29
25
-15
-11
35
-6
-6
49
-13
-15
55
10
58
21
12
-6
39
-26
-14
45
22
46
10
-11
-56
19
106
20
-18
-7
95
-21
-35
19
29
-49
35
-96
18
-114
-16
-55
19
-88
-15
42
163
-40
-78
29
-11
55
-157
29
-83
-16
22
-13
10
-67
17
-5
-17
-21
-78
-15
-13
-23
66
-4
42
-71
-88
-44
81
29
25
-45
30
-30
32
-57
33
26
-55
44
-89
-6
37
-81
-24
-1
-13
-18
-79
-19
58
-44
16
45
-18
-25
113
-33
45
-42
18
33
-10
-38
-103
26
-52
-13
30
36
49
-10
6
-31
-5
-17
-52
63
-3
-85
-5
-29
-29
-85
-12
-23
14
-25
62
63
-26
-48
11
-1
70
-18
15
0
27
44
-2
-38
52
-45
-23
75
-41
-4
58
-1
-11
9
-25
-11
-52
22
-21
90
2
-4
18
129
-19
46
108
25
14
30
61
178
-24
5
-20
57
-11
50
-94
51
-57
6
-8
20
-33
-72
-39
-39
35
24
-59
4
2
-45
11
-49
23
45
45
33
-34
-19
9
-70
-43
-74
47
32
77
-117
-73
63
130
-38
18
0
-13
38
-37
-72
-18
-108
-59
64
-13
-38
54
33
-7
36
26
6
20
-28
-21
-13
-17
39
19
10
15
-26
-14
24
41
49
-35
9
23
-28
-64
74
40
-64
-6
-52
24
-105
-10
-61
-9
-21
68
-5
-21
88
-11
56
30
4
-9
137
40
-4
-91
-3
-57
-36
-6
-7
39
-7
-22
21
100
-85
45
20
-23
-2
-28
-63
28
1
66
-32
-58
-43
-16
62
-1
-36
12
-38
-8
36
16
68
-5
-14
-52
-22
11
29
-64
11
43
1
-71
-5
41
24
-80
14
25
-43
17
55
20
-41
-15
-102
-11
-105
14
-75
-36
55
-12
24
30
70
-74
-15
-68
-7
1
41
3
19
29
61
-75
6
26
129
32
47
52
76
-75
-3
22
63
-8
62
38
-6
67
-66
-1
0
10
-9
-19
28
12
93
-9
-36
32
-2
0
-30
-15
94
-83
39
54
-27
22
-4
88
30
93
-36
22
28
64
37
10
60
-34
6
54
17
-5
-23
-41
-104
89
39
-68
4
92
-18
-30
-94
52
-18
29
-32
-9
-5
-62
0
82
82
20
71
-1
-71
19
-125
49
-51
-3
-94
90
22
113
-64
-15
26
-34
-13
-19
0
26
42
30
51
39
48
-9
-24
45
112
-18
29
-21
18
122
76
34
35
43
8
35
3
33
-57
-57
-3
-82
74
31
61
-33
-93
8
-57
-36
-8
40
-8
-53
68
-11
130
-15
8
81
-63
22
-28
-85
-22
3
-21
13
-75
-49
-73
-13
-38
-52
4
-75
45
-8
-5
-16
-41
6
47
13
-71
92
47
-72
-45
112
2
-63
28
-47
18
64
-32
-75
6
-11
39
12
77
-71
-64
32
-217
-2
40
61
52
38
-37
-145
9
65
69
-21
21
36
-30
2
-2
-71
-27
19
33
-63
-27
56
35
58
18
10
48
80
66
95
-43
-104
1
55
3
32
-10
-17
-25
-6
73
48
-67
2
44
19
-18
-59
-2
9
-76
-11
-75
43
6
21
-2
79
35
46
-14
10
23
35
-10
35
-4
52
35
58
4
12
72
-1
18
1
-15
0
-22
60
-50
-13
54
-3
32
10
-27
16
5
-37
14
32
63
51
-4
-3
-41
11
92
30
4
74
51
26
-90
14
13
45
-8
-2
-37
-68
-33
-2
23
-95
26
55
94
-49
-51
-27
85
21
40
-57
-94
-30
-48
49
0
-13
-30
-38
29
24
-57
16
64
-3
-67
45
12
-13
75
-29
68
-79
-4
-83
24
77
47
-59
-2
40
-73
-94
-22
-91
40
54
-7
43
26
26
73
-100
-3
53
50
2
-28
4
-26
4
30
-11
-1
-22
-44
74
-23
34
26
-76
27
-26
43
13
23
-199
37
66
70
-29
-30
70
111
-31
-1
30
45
-40
29
36
47
51
-3
17
-62
77
-82
-22
23
1
-9
-21
0
58
60
-19
-15
89
21
24
38
13
-47
42
70
-83
-61
-5
24
-28
-53
35
20
-104
25
63
37
-31
21
-30
-112
-85
131
-49
26
-2
10
99
19
14
-51
-26
-33
-43
-53
9
58
-27
53
28
-118
87
44
82
12
73
14
-19
2
34
2
24
35
19
-28
-25
-88
68
53
-118
-19
36
-7
-19
-56
-86
37
-12
54
-81
-54
33
69
-31
14
-41
14
26
-32
-14
75
-48
49
5
110
-19
-3
19
0
16
21
31
-50
42
8
-56
-39
47
10
4
-12
41
-46
-2
20
-14
-13
-2
60
-64
34
21
-81
-13
-80
48
47
77
10
29
61
-37
30
-55
-7
46
-17
-19
15
-89
69
19
-67
34
-76
-1
50
22
-26
-16
34
-22
-32
-74
16
-43
-82
-29
35
85
-77
-33
18
22
99
-13
42
6
47
-20
-11
-64
31
26
34
115
-92
-34
-68
-33
-26
-71
-11
-55
-119
-28
34
-18
0
74
71
59
29
7
31
-38
-36
-69
-66
13
-70
71
-38
33
71
64
-15
3
35
-38
-114
46
8
14
-2
-5
-17
16
-28
-35
90
-14
-15
-34
65
70
-20
-33
20
6
26
74
6
-13
-15
69
14
19
-38
-66
-26
-9
-62
-26
26
-38
32
-50
9
-4
20
-19
51
-45
16
-14
-9
-27
-21
-44
-108
-7
-109
21
-35
-11
64
-3
-93
-23
6
80
-27
-1
0
1
49
-81
-27
31
-4
-35
56
-3
92
-52
-16
14
-50
-35
-37
55
-11
-31
2
39
78
48
-4
1
50
-55
14
35
43
22
-103
48
48
20
36
-10
-61
-13
-92
-23
-18
5
2
66
44
-45
3
-22
-7
25
37
26
-84
27
-51
-5
18
-21
61
99
-79
-11
64
21
-92
-13
-12
2
-66
36
-23
-7
-12
-43
-31
-57
-12
7
58
-45
58
19
56
-10
9
-91
6
2
-17
-5
78
-100
27
-99
-30
18
35
27
1
32
21
66
-20
-86
4
-16
48
21
5
-57
12
-60
28
-37
-93
-59
9
14
9
93
5
-79
-15
-106
-63
-26
-118
-97
32
-3
58
12
-7
-36
-24
22
91
3
-57
10
115
-26
73
-15
-10
-32
43
8
20
-79
22
45
64
-52
1
11
72
-34
-27
29
-70
-94
29
-38
56
25
51
-22
2
49
-23
73
16
1
73
16
-45
6
134
-4
67
-8
63
27
27
46
20
31
12
-2
70
33
-73
43
12
-34
-27
-13
23
31
-15
-16
-13
-51
-75
-133
-48
-36
77
-41
-10
15
39
-38
29
-6
-29
31
56
-73
-62
-1
20
-33
48
-10
47
27
30
-18
121
88
-42
15
-32
64
2
55
21
-33
-75
5
25
-2
16
-46
65
-6
18
-62
-41
-31
59
-66
-2
-15
-18
-4
-57
87
25
-25
-32
64
56
58
49
-33
21
-10
-86
-37
52
40
11
-23
-10
65
-10
7
-5
10
-12
-2
-35
-45
-43
91
16
27
-3
-62
25
-36
-7
49
-95
12
-27
-10
58
-15
20
26
16
113
-40
-54
-53
-6
37
-45
-19
17
37
-73
54
-113
2
-18
61
21
-14
-11
47
-80
52
-3
17
29
-21
-64
-3
45
29
-1
46
108
112
37
-70
-15
-14
98
-5
-30
16
-86
41
-28
-55
-113
57
-44
17
47
41
21
13
-30
-61
13
19
16
-96
-47
27
67
-22
43
-29
0
-27
-59
-95
36
-13
-35
1
-36
-57
18
70
35
-29
26
-55
5
-27
-84
112
54
-43
49
48
-8
-64
24
24
46
-59
5
1
12
-8
-50
47
-17
18
25
-62
10
-73
47
32
-4
25
9
114
11
24
-112
-47
74
8
-101
-5
-6
-49
-25
20
63
4
40
-85
47
-58
-3
48
29
77
-5
64
2
11
96
13
-41
-34
90
-55
-68
-38
80
0
2
10
2
-38
-38
-36
13
75
-19
-7
19
-73
-8
-37
-21
50
-48
-47
-35
-15
-3
-66
-8
-3
39
55
57
-76
36
17
25
-17
-60
-36
-42
103
6
64
-101
-114
59
-25
-56
44
38
86
5
10
-73
75
-39
21
33
-31
-36
-18
20
-85
71
11
-1
44
21
33
-98
21
-22
12
21
72
97
44
-42
-3
-12
60
-92
-8
-29
-14
-2
-120
-30
25
-18
-26
-68
97
-14
-10
85
82
-46
-27
27
20
60
10
76
50
-67
1
41
13
2
-41
15
-37
1
-29
-38
16
89
64
-19
59
27
-17
19
72
59
-62
3
14
-34
11
-17
-78
-50
11
-61
2
-48
36
-29
142
-52
-19
-43
12
65
34
11
-54
-42
14
-23
-64
63
35
30
-4
60
55
12
7
13
64
-44
-18
43
-78
118
-74
20
-69
112
-10
-29
73
-46
56
-4
-28
96
-97
51
-13
-61
1
-14
50
3
39
-94
-10
113
2
-14
-16
7
-73
-34
-63
10
-37
-64
57
-16
-17
-35
23
-33
-46
46
-18
39
14
4
-67
25
33
23
-42
-6
-45
28
-33
-64
-10
-79
-95
-22
115
-16
-46
51
29
36
-35
108
20
-53
-83
35
-4
8
-28
-21
-7
41
9
-11
-128
-13
-7
-66
-84
32
-59
8
-12
28
-2
22
35
1
-48
26
-90
-6
-56
16
33
56
-35
-64
-83
30
-15
-10
-98
-68
-14
54
-62
-54
-52
-63
-28
60
-10
-34
57
75
48
-55
-106
-6
-19
-69
138
-60
110
-22
-27
6
38
22
-26
-21
-22
11
60
-44
-19
-87
-26
-60
12
-14
-50
-25
-57
-12
-14
-30
43
-21
25
54
97
-46
-41
-42
13
-38
25
-7
-7
-60
-50
-29
-73
-16
-33
11
49
-46
-48
65
35
17
-6
29
7
16
-70
51
-12
13
39
-14
0
-44
12
-36
33
21
49
74
22
-24
42
5
-46
4
-4
-66
-54
2
28
26
-18
80
-5
2
-41
-20
-95
50
10
62
8
29
49
19
44
-22
8
20
23
-1
-72
79
0
-64
-19
12
-18
-46
26
-13
41
-11
4
-56
-13
83
-103
-36
59
30
-22
-36
46
-90
4
44
61
-27
50
-16
0
50
71
-92
69
13
-6
16
17
-9
46
-73
44
32
-15
-77
-47
-8
-15
-26
-4
-51
-20
-74
0
-12
1
-43
-34
-65
-8
-34
-13
-12
-1
-5
-17
14
-73
-47
23
67
13
23
-14
37
-12
-11
77
77
113
-94
12
19
26
19
-87
-23
-87
-66
89
19
74
18
-5
39
-19
32
-3
8
-99
-28
-16
22
-105
56
-5
-49
57
-8
-25
24
-41
-42
79
14
-73
-16
47
5
-67
50
37
5
-3
16
-34
27
23
-60
-23
84
-13
15
46
47
66
-6
-1
23
-37
13
-45
-88
15
-3
61
-7
13
63
-30
-28
-14
-26
-31
21
-16
83
84
-8
-53
-27
43
-23
10
43
-65
116
3
-29
-16
71
15
-39
-55
54
-64
-59
38
-13
82
-15
66
-58
-32
-8
16
80
-70
1
51
-7
-24
11
-2
-151
-30
0
37
14
-104
39
-24
-48
-32
-45
3
1
11
18
10
-29
31
76
22
-94
-9
-19
-82
-36
50
13
23
-49
18
-6
-16
-7
58
-42
80
43
-1
58
75
-30
17
13
4
-41
12
-33
37
68
56
72
66
26
5
-8
22
-32
-20
9
-73
-65
4
28
124
27
30
-29
-52
74
10
108
-83
-22
-9
-40
-19
-47
-15
-28
-1
89
1
17
29
-44
18
141
-22
-16
85
80
44
11
-2
-37
-42
1
-27
-32
-66
-16
17
1
-105
-13
-61
70
-13
-5
41
91
18
-84
-35
-41
18
-43
13
33
11
-85
-74
48
30
22
-65
-4
5
37
64
-34
-33
-48
-9
-34
-26
-63
12
-59
-1
-74
61
27
-29
34
102
-28
-65
-9
15
-22
24
21
-8
6
-20
59
-20
23
-15
24
13
19
27
33
46
-52
-17
-17
-74
70
97
8
-53
-147
-2
-33
102
46
-121
-20
52
-17
-79
-7
-17
35
94
52
47
-17
-36
8
-18
-10
-47
34
3
32
79
18
-52
-1
-39
1
-14
-9
37
32
75
4
-6
36
-77
38
-101
-55
-69
-9
64
-66
67
-18
58
-32
-7
38
-18
34
38
-34
17
-8
17
-30
-18
-33
7
8
38
25
37
30
-108
40
-50
55
-22
-34
39
-33
-27
-35
-43
45
-100
61
53
0
-86
-31
70
-79
-69
65
22
32
-62
-13
77
30
49
26
69
51
20
28
41
-27
-16
20
-80
-15
-90
54
0
16
-42
-42
12
20
71
86
99
-60
-19
-27
-32
21
15
62
28
14
-32
-1
-60
-103
24
32
3
-1
-5
-134
84
-30
23
-12
13
58
54
8
-17
99
-5
7
20
103
24
-10
-11
24
91
46
25
96
-111
-72
-20
69
-38
-1
-68
-60
-42
70
57
-1
4
-26
-2
-42
-2
80
41
11
-54
-97
26
56
10
-31
5
-10
11
-68
153
25
-47
-14
21
44
40
2
-26
44
-13
-53
-9
30
-57
31
-61
7
31
-3
40
1
52
-36
-45
37
-34
57
62
-36
53
-68
18
6
57
50
-52
-71
1
69
23
-17
5
-26
-43
58
-55
1
26
-68
-32
46
111
82
-31
-11
-45
-38
-3
45
43
73
-77
57
-20
27
13
-29
27
-40
-66
-4
41
-50
-18
-31
-29
-2
-42
-25
2
-28
-50
-44
-60
-95
-35
39
-27
-10
58
-51
74
-70
34
6
-124
10
-53
51
-43
56
18
6
-11
15
-55
-68
-11
-18
-24
5
53
28
-53
-32
83
30
-22
4
93
-60
80
10
-87
-45
26
2
-67
-55
72
10
3
23
1
91
-53
107
-54
-8
42
-39
-18
-67
-54
-15
41
-56
9
-27
-27
81
47
-60
69
72
-47
-46
-18
4
-42
-95
-6
2
-68
67
51
-87
-17
1
-48
-117
28
32
-16
7
31
-23
-21
-3
2
20
-57
19
102
56
17
-13
65
-86
-25
-29
-11
-24
-15
77
-70
-48
16
74
-14
-48
-7
-27
-19
-26
-108
64
1
-30
-102
18
4
25
58
-55
-65
-5
2
-12
-59
38
-79
-22
9
27
82
92
-23
-44
69
20
-45
82
61
-23
-24
41
21
-28
54
-55
12
