39 85 121
0 32
1 0
1 4
2 7
2 28
2 34
3 5
4 10
4 30
4 38
5 7
5 13
6 10
8 35
9 10
10 0
10 22
10 35
11 9
11 24
11 37
12 12
12 26
13 21
13 34
15 20
16 7
16 19
17 1
17 29
18 12
18 30
19 0
19 2
20 20
21 2
21 20
21 22
22 31
22 37
22 38
23 2
23 26
23 33
24 1
24 28
25 4
25 13
25 35
25 36
26 4
26 12
26 33
27 12
27 16
27 23
28 11
28 18
28 19
29 8
29 20
30 5
30 9
30 14
30 20
30 26
30 35
31 38
32 10
33 23
33 35
34 22
34 31
35 3
35 7
35 12
35 33
35 37
36 18
36 25
37 18
37 21
38 18
38 28
38 35
27
56
83
64
81
26
45
9
30
0
11
47
4
53
75
63
43
78
54
46
15
61
70
10
39
6
35
32
16
3
76
49
71
25
67
29
38
36
40
41
34
58
79
77
2
60
18
20
74
59
48
52
37
12
55
13
50
5
21
7
28
51
8
72
42
22
19
44
65
23
68
66
1
62
31
33
24
80
73
14
82
57
17
69
84
-97
135
43
-8
-291
-61
-89
-19
-108
109
39
54
116
193
-233
9
23
29
67
7
-187
-90
-18
-213
-248
139
-102
-112
-152
-91
-70
62
-119
-25
104
-60
-174
-16
-50
17
-49
93
-131
-184
233
-121
-58
8
-26
184
9
77
17
38
136
39
93
206
-153
-171
-33
92
36
0
-230
-13
-73
-197
19
-125
93
-335
82
35
-74
-62
16
8
-58
147
-65
-114
69
278
21
92
204
129
-139
30
-54
-2
127
107
-66
99
-48
132
256
83
-197
-26
91
-112
172
2
86
67
186
-9
195
37
-70
51
121
75
-97
1
-102
-178
-102
57
-71
73
82
125
-102
-83
-93
84
-47
5
2
119
52
149
271
-16
-118
129
40
-120
127
70
57
-70
72
36
-102
91
52
63
-48
-61
-200
-170
-69
138
-90
-237
81
-194
-80
75
42
66
-80
-114
-44
43
-196
39
85
-178
-247
180
153
37
-45
127
-203
-7
58
299
-127
10
98
-88
-190
157
15
-46
197
-93
-41
-133
-13
292
-61
37
49
-25
-165
-2
145
-224
21
125
4
141
125
-48
-147
119
-51
23
-4
15
-18
114
52
23
17
121
-25
151
12
50
-2
-176
-35
-16
-89
-54
-202
24
-70
120
200
-42
-23
156
45
59
77
-24
-66
-23
159
97
65
-36
72
42
-146
31
233
201
-59
155
-39
147
163
41
66
59
124
83
-76
107
13
-147
-11
-51
101
234
-141
80
-298
87
152
-148
37
181
-119
79
-108
277
93
-36
3
24
96
168
-273
-158
-16
-145
93
271
189
179
-46
51
-5
38
-29
56
-42
152
-165
-17
89
97
-12
-57
148
88
-137
198
104
157
-40
-34
-19
15
11
-245
-132
33
-71
97
66
-266
-28
-119
-79
77
42
-75
42
-118
-206
-41
-363
4
14
-86
-103
-176
-30
-147
11
-121
-77
52
-184
-97
-97
115
264
52
182
-166
-293
25
-22
-183
5
53
69
199
42
162
-109
16
-86
19
201
125
-51
-237
36
35
186
-117
59
1
17
-71
-34
-67
-96
-329
-159
-166
19
-202
-168
-133
-7
0
196
-127
6
-23
-238
-59
2
-284
69
22
172
45
-95
-89
32
63
-97
130
-339
81
-22
-75
-147
-129
106
2
221
126
-52
61
-259
-169
-104
17
144
15
100
6
-177
5
-37
75
-32
119
147
253
44
114
33
-165
199
129
113
-223
60
34
76
-67
-47
20
112
-218
159
-16
-304
104
-9
241
151
-173
66
-36
-164
-29
-63
61
-130
-50
-58
69
-201
155
-125
108
48
14
-6
-114
209
89
169
121
78
108
-121
-165
161
14
-199
-154
13
91
308
14
8
281
94
-135
6
6
69
189
-13
-61
-24
116
29
-111
80
253
129
147
-21
90
71
-72
144
-8
-36
-125
-268
-5
105
-44
85
-48
-5
-133
-7
-17
16
123
-70
77
-20
-230
40
97
109
-159
274
130
132
91
17
-79
-257
166
-92
153
143
-132
297
-77
24
31
210
114
1
26
20
-120
11
-194
-77
-97
95
-114
-1
81
54
-14
-271
-156
24
-59
287
-25
120
82
300
-26
-90
-69
0
-71
8
-265
98
94
69
-45
164
15
47
-38
9
4
-46
119
-445
-158
9
69
-202
-139
94
-56
-73
-92
31
102
-184
157
107
-200
81
137
146
249
120
6
-182
57
343
29
175
-57
-46
47
103
-193
-169
224
96
-134
52
68
181
-176
-225
103
-17
37
-141
40
106
0
153
144
18
-65
65
32
91
183
117
60
107
269
-87
79
63
90
-232
29
-76
-70
-3
37
52
106
-54
-111
195
168
84
-77
59
-22
132
41
-167
41
22
68
149
-49
-136
6
49
-11
-21
-34
-1
-144
7
-35
176
-8
-177
-160
36
167
155
91
12
39
97
110
-189
14
83
-69
63
41
-78
10
-30
87
198
14
35
-147
-43
-17
-141
-13
226
-122
-77
-10
-110
199
-15
162
46
-74
84
132
114
-52
80
-60
131
-174
93
-121
-90
-113
-47
-33
-41
-56
-186
-166
20
260
-209
-43
-41
-12
147
-20
68
-49
184
93
114
38
-66
186
-1
38
-113
33
-68
-138
17
-105
168
-206
-61
18
-2
83
174
-335
-30
185
-61
98
-11
-86
-141
-115
-51
-82
155
-10
96
118
363
-156
134
-114
204
116
51
-67
76
22
-44
-80
129
-114
19
-233
116
2
0
-10
52
141
13
24
123
-64
32
-63
23
73
130
208
59
98
-70
33
-138
-61
42
194
-14
0
406
-120
-29
27
-130
159
33
-41
115
-92
91
-17
214
99
239
5
-43
109
-34
71
16
88
-70
-19
-101
-52
-98
259
6
34
-68
-37
-101
35
306
36
-137
64
-53
229
5
-78
-96
-146
-86
-124
-108
86
-148
7
-227
80
15
62
72
59
236
207
-108
103
-28
-35
-15
-28
66
-297
-132
-36
-57
-129
-92
-17
-50
76
141
90
-15
-107
301
-92
-147
-196
111
251
-22
-126
324
-98
5
-53
-67
157
36
-221
-37
94
-17
-297
109
103
225
138
-112
-102
-105
326
-36
-19
-109
-115
99
-176
-130
59
176
-108
192
243
206
-200
112
-223
-79
-14
154
-287
-22
-132
-58
-153
24
37
-114
163
-34
-53
205
-122
66
-214
137
-159
-109
-39
2
-207
-2
93
-195
116
-78
200
35
-93
69
-75
267
-79
148
35
-89
56
-120
71
-94
-28
130
5
-203
142
-131
36
44
-64
-53
-40
113
176
-101
-51
-39
-9
-47
226
-41
-110
138
119
-147
60
235
158
-145
51
-106
81
-79
25
224
47
-78
-169
93
96
-167
193
-70
147
40
4
25
68
111
40
-42
97
-96
-198
61
-19
93
166
264
95
236
-34
112
-5
-53
-109
293
78
-129
115
186
-42
-70
41
156
-68
-114
-101
-132
-144
18
-34
-44
38
-50
-72
-82
158
-29
67
85
48
94
-320
-100
1
-292
92
76
-8
-180
114
123
149
-11
-91
187
-33
14
-194
270
55
70
73
-77
47
-24
-64
137
-41
172
-50
-2
-236
-50
49
-25
0
-126
169
146
19
-27
-94
-442
62
118
-2
77
-87
166
110
-81
88
-208
-100
38
124
166
67
-108
-200
-62
285
30
-75
-90
-157
64
-22
39
105
139
103
-202
-83
228
-182
-241
50
-50
-90
-29
-44
75
190
35
103
-146
-86
71
-188
16
-128
78
-10
-98
39
-168
-92
-101
9
176
-105
-117
52
-3
-148
-78
-38
169
-57
-5
-53
-111
-100
87
175
142
106
-91
113
68
13
-14
99
11
95
175
-211
70
-170
118
-209
-115
7
-147
242
-38
-36
-92
-314
92
-192
150
39
-63
19
-57
-51
-37
-38
39
131
116
-51
95
143
157
71
209
134
-73
69
89
71
-171
-106
-4
22
-266
127
-82
97
-15
-58
168
-94
-97
-31
-247
23
-24
107
33
182
-37
57
-167
-162
-217
20
-21
168
80
264
91
289
-144
94
26
-8
17
-37
-26
-42
-76
63
104
116
168
51
34
-174
97
-63
-129
-102
38
96
-243
-8
-124
4
-38
30
-33
210
98
25
-48
70
52
140
116
-124
-32
-5
92
67
-202
-120
-69
-58
-30
-290
165
124
-18
120
30
-19
-20
80
-47
68
-11
-68
88
13
-98
-176
-23
-21
-146
-101
172
186
-21
-57
197
-24
101
164
65
-7
118
8
-101
-12
-206
72
201
161
41
37
62
125
-46
113
-140
54
-45
-73
-136
132
92
115
-58
-71
-63
13
-85
11
118
-135
146
76
47
-9
175
144
144
-123
236
52
-112
-74
-18
82
-152
-130
6
142
225
14
-26
-6
59
-5
111
-228
-25
3
-250
61
-61
-85
18
1
-25
107
11
174
81
102
54
55
3
-260
7
31
-111
-23
140
129
-200
88
-170
-25
-84
57
-73
209
129
136
244
81
-25
-206
31
-27
-69
-1
-37
-202
-232
-49
-42
-87
86
153
72
-12
62
-18
78
-206
-85
-41
32
-42
-140
-97
0
-70
69
-110
-75
18
194
59
64
-6
4
116
-76
48
-125
-137
10
50
132
220
165
59
55
-63
-85
-153
-21
69
96
-185
67
-28
267
-44
-117
-69
-45
-119
-43
2
-44
-191
-172
-104
119
70
-94
-86
252
46
-188
20
229
-71
111
-211
38
-254
45
129
246
197
-156
-230
-53
-353
-123
48
-32
-112
-6
147
47
-5
5
-51
63
151
-28
-261
-229
56
128
-71
193
-86
-185
-2
-67
173
-42
-12
-106
-17
-113
9
278
-172
-42
80
-36
-34
-32
221
111
-159
144
-112
-41
34
-119
-45
-198
30
137
93
-41
-75
-147
348
-18
-126
26
20
-8
60
-47
-144
137
-137
-21
-210
-117
-162
-41
-121
-67
184
-60
-68
343
-7
-169
215
-7
12
-21
101
-59
187
-31
251
-64
-56
19
-153
27
-123
60
125
-123
-88
58
-227
129
31
-1
-23
-43
33
21
-150
212
79
-261
89
-234
-26
-128
54
60
63
-93
-115
-48
-46
-162
140
45
101
-126
117
77
-14
87
-101
-56
12
39
-21
-178
69
-170
-59
-389
68
-286
-86
-216
100
172
10
-75
82
131
43
-114
1
-181
135
32
40
16
-99
-143
-42
168
63
-3
-144
191
20
119
-69
-66
-21
311
91
-196
-86
20
73
42
-68
-37
321
193
-80
164
-160
-4
-42
-129
-57
-61
30
0
-25
-92
57
-89
99
75
-169
-133
-74
8
-73
-149
-192
-25
154
47
-134
-109
-16
83
54
-48
268
-76
-173
-74
128
121
116
-143
179
380
79
-74
-50
48
-139
79
-2
105
87
21
174
119
196
99
-99
-100
-149
-274
-151
-4
66
-90
-97
-56
163
-88
18
-34
-23
63
3
-111
-70
-247
79
-127
33
87
173
-440
-38
-133
-224
-4
-101
-147
-199
59
2
40
-65
33
187
-81
-61
-186
-89
53
-58
111
-144
-99
34
-145
-139
-169
-80
-20
118
-83
-64
-54
-125
-127
181
153
99
-89
-54
-42
-91
199
-238
179
-80
-42
13
86
-238
20
-78
117
116
-23
166
57
-72
64
-2
181
36
-11
125
37
120
135
-157
108
-34
55
81
-226
25
221
55
147
-293
36
-128
26
48
5
261
146
32
-281
154
-193
-46
59
49
64
32
142
-125
3
137
-114
-113
-35
122
-191
-7
77
-73
244
144
125
-111
-37
10
-58
7
91
-38
62
-91
33
97
-145
126
138
26
-9
-139
-29
-55
-164
-140
-224
-3
96
-34
103
132
147
19
-73
-11
-69
180
81
-76
-112
132
-66
-146
-74
-154
-9
0
78
90
-22
-106
-154
-51
22
-93
36
-196
106
167
-175
-114
-266
-119
-69
68
-168
-23
266
88
-49
88
10
125
80
-78
105
142
183
3
-175
-31
-104
3
80
98
-113
-29
7
-25
-224
-233
-66
-53
-114
27
-147
115
58
177
-25
32
43
-219
-35
-20
49
108
63
125
-101
148
171
-43
-29
-126
25
122
145
-18
100
16
127
261
206
190
-207
92
137
-87
145
-2
-82
-163
-297
-91
-110
-42
-9
-147
-307
-70
-8
208
153
57
197
-65
-202
196
295
-76
81
-109
-10
143
204
-145
192
-52
-132
-206
-2
-83
87
78
112
-8
178
60
-58
42
-78
-117
-42
168
68
91
31
-126
-158
55
54
-21
-26
-75
-114
25
-146
-135
93
-3
-115
-86
-153
-111
116
-14
-55
112
-12
-57
-24
-117
16
99
-163
162
23
3
-350
-34
-189
-135
64
48
-112
93
-64
89
140
46
107
208
-142
92
127
-4
-52
144
-85
-117
-40
115
-52
-86
-35
162
-59
116
112
-109
159
65
-106
66
-39
64
-7
12
-173
-222
287
100
-76
20
45
22
133
118
74
4
-224
125
-160
33
109
-40
-65
207
-79
16
-67
-91
-129
-96
68
-142
-42
-104
-12
-59
-33
-179
-86
154
100
149
-106
-76
138
33
-93
-156
-216
107
223
-95
-37
-72
-76
59
25
-102
-81
108
29
94
159
-18
0
29
73
94
67
115
-204
100
81
60
0
161
-56
-118
11
58
21
168
-45
-124
-83
28
-126
-195
426
-32
-223
-68
47
15
103
-2
87
52
-34
-124
48
-39
16
-162
-2
-115
128
8
-75
179
-123
102
80
244
58
40
-26
52
107
-95
218
101
3
27
-195
-90
133
-128
28
5
-78
33
202
142
-70
101
60
93
81
-116
132
-118
26
115
-46
-49
-43
-6
72
257
-32
102
-76
149
9
-168
-132
-22
156
238
-75
98
-72
26
125
-182
-124
57
-329
132
-76
-210
6
-43
23
147
-79
34
-27
-146
-100
51
40
-14
-5
-75
37
218
-82
-137
-189
11
-36
-249
155
-15
-67
27
116
-107
17
-203
-83
149
216
-91
-144
-173
-73
114
234
74
-41
33
77
147
150
64
120
-25
-64
-74
25
57
-21
-118
4
-173
-176
165
-135
-73
-5
-202
86
210
-24
-42
-2
132
-83
101
47
21
89
-124
113
142
-337
34
23
21
10
-81
52
-283
-4
120
-170
90
299
92
-228
-60
69
-267
-12
35
-43
13
-46
127
-73
-20
-41
-56
-239
-124
-16
59
-107
44
187
71
-57
-156
91
-251
63
-8
-66
-3
49
64
-226
140
-123
240
-248
-104
7
28
-72
-156
32
147
34
-36
-75
-5
12
13
-23
-93
65
-59
211
-188
72
-52
142
-98
-36
69
152
199
-48
-122
-33
304
-88
-118
43
19
-83
127
19
83
-191
37
12
-174
24
155
-319
-69
-45
-84
81
-166
153
120
-7
-1
76
170
-32
160
-276
105
-65
70
249
-78
-125
-28
99
388
12
80
109
-99
102
37
92
136
108
12
128
179
-63
1
136
118
-142
101
39
71
65
51
-186
11
3
-1
163
248
-187
-135
280
40
81
165
11
-271
-25
179
137
66
-145
-69
30
84
-146
21
-94
-115
-53
163
-91
-80
-96
106
119
-30
-29
-104
43
141
-134
-41
-51
-26
90
-184
-227
254
126
-197
202
-45
112
208
249
-45
-7
-208
-176
-50
50
169
108
103
66
-205
86
-67
21
50
-207
305
144
82
-16
17
-130
192
20
-139
-249
68
46
-167
-104
72
229
-44
0
-33
91
-91
64
129
79
-185
-10
37
101
-133
-70
4
-216
67
-108
109
261
231
5
299
-51
36
-91
164
128
72
-63
116
-28
47
148
135
247
65
112
-75
116
59
46
-119
-62
232
182
-61
-139
24
45
80
-61
-175
-67
317
-100
44
-43
-79
32
-96
261
193
-35
-15
107
-3
9
62
-134
-185
146
127
77
-150
-329
130
150
132
284
136
5
-126
-442
37
132
17
130
-105
-71
-95
83
64
250
209
14
126
51
26
-54
-112
-130
-140
-212
74
56
119
226
-12
-112
63
-31
-121
165
145
163
-121
113
23
-45
106
76
47
25
-61
-64
-141
-45
-83
-99
15
92
-39
-40
105
-239
-198
-87
239
10
231
-79
-3
101
78
-80
-271
-73
134
113
-222
75
-39
37
-17
193
94
-86
69
142
81
93
-44
99
-36
-181
34
159
-69
35
121
38
30
-96
-26
46
36
-86
-17
-30
-36
20
-64
179
34
-243
39
13
204
-8
105
-87
78
66
-121
84
-7
-15
191
21
16
-146
-85
178
67
153
48
18
36
185
72
88
94
242
-292
139
-52
207
7
60
-33
-40
-64
-169
-65
43
-124
175
63
141
-166
62
22
75
-57
14
-29
-118
10
-82
-18
-61
26
69
94
-72
-55
130
-73
59
-80
21
7
74
-71
160
296
-2
-143
4
102
104
227
-225
-17
-202
-90
-1
-65
-103
21
-32
-91
-181
56
23
2
191
187
-44
-176
-118
14
69
-27
41
-22
-221
-174
69
-53
-189
103
-87
154
26
-180
65
121
5
-142
-206
81
30
-28
-63
37
7
-56
-95
156
-112
23
-105
-81
107
-14
73
28
-78
-35
127
-65
211
-76
240
-71
92
59
-32
148
171
-69
99
23
-35
81
-10
-159
236
-71
131
-23
-25
-168
23
-14
16
-117
-146
107
217
-128
93
202
-122
11
86
24
-11
63
143
62
-108
-104
78
-102
-223
151
-1
10
-112
97
241
147
57
81
23
-178
-99
161
50
277
-80
85
32
-49
22
43
0
-46
62
17
129
-14
10
-102
-67
-1
176
-416
43
156
68
-78
31
110
146
46
-59
160
-18
141
159
-104
-74
-30
-72
42
211
-98
235
-209
68
61
-211
44
-47
-21
-161
14
34
-139
-289
-8
-33
143
-77
35
-32
180
24
4
-233
82
-127
185
194
-58
175
1
-67
56
86
348
139
51
116
220
-3
100
8
2
191
-200
-33
17
-272
176
-101
-40
-232
-157
38
-50
-63
-57
66
169
70
20
198
92
-1
36
54
82
338
-87
129
-66
17
-9
-75
-20
-1
38
-206
163
68
18
-69
88
20
185
263
49
49
-64
27
24
129
-240
-49
285
27
254
142
58
-221
36
269
-9
-16
-88
-26
-254
-247
-47
-81
-45
122
-15
79
-48
26
50
-72
105
-22
-76
203
-71
-10
229
-90
-165
56
0
-177
-90
-7
233
23
-21
-78
-110
-58
-104
-88
13
29
-21
-157
-26
-208
104
82
-9
-109
9
214
-39
106
74
-40
-17
-86
20
-285
-179
46
25
50
-1
185
146
-141
-62
37
-72
-134
51
-62
-144
-60
-127
-70
180
-1
45
161
133
-45
57
-42
-189
56
101
56
-8
116
57
-87
253
-26
-12
-16
-26
-174
-26
96
68
92
-3
140
153
53
-106
-36
-181
166
-19
12
-75
136
-141
-62
-58
-158
-225
-133
56
-14
-51
99
-47
-56
66
83
106
98
156
12
-134
-63
-177
-25
140
7
-23
197
50
-165
-32
-103
-27
-55
-178
-205
-109
72
87
19
-155
-93
170
-103
-4
60
-121
69
-143
13
68
-51
-20
-165
55
-154
-153
-21
78
87
116
-204
166
14
15
122
-51
31
86
-128
45
55
81
114
-27
93
154
-52
19
-310
67
-98
-3
29
15
-76
88
45
-45
143
-133
-202
-203
-13
-27
89
-167
-107
12
-31
-281
50
-144
24
-104
-100
77
-190
25
6
29
-11
-254
-33
45
-17
-110
21
-111
54
-220
88
-31
67
-11
78
-12
128
41
-49
-86
103
88
-226
-162
100
-78
-107
226
77
100
232
-160
-21
-143
-48
83
94
-15
-42
-37
32
-50
-101
-49
-219
6
-178
221
-26
-46
131
-7
64
185
1
83
-10
93
-208
62
121
26
10
148
18
76
168
119
-38
-237
136
104
200
-82
154
-106
136
-27
93
86
31
-60
96
96
119
67
-89
-11
-60
110
-216
-53
-285
-235
134
-214
-93
361
-39
257
47
-86
115
9
26
58
-102
-110
-37
83
-4
38
64
-98
80
-52
-43
23
-134
-38
237
119
-127
-13
-124
-6
-26
254
-27
-77
131
-124
18
100
32
-47
-38
-49
49
-106
180
21
-89
-73
-163
136
13
-101
162
-263
-134
12
176
-70
-25
-65
32
-12
70
-82
67
-277
-163
-100
172
55
-34
-92
66
101
-98
25
67
52
-109
-38
167
163
258
226
188
-71
-212
-7
-67
-106
-172
17
-215
157
169
133
88
102
14
1
-13
-29
83
3
18
124
72
48
-18
123
96
-46
-40
17
144
-2
51
6
-107
-25
-20
-88
-48
39
67
-34
-96
-218
-71
-50
-156
-177
17
-106
215
-129
-76
5
-72
-36
-131
111
142
29
-169
26
153
84
11
-27
-90
-252
228
22
278
-39
28
-7
139
-69
266
-13
42
-77
169
255
70
15
81
-139
171
-105
-144
129
-140
1
159
-3
-54
-80
13
-26
-119
43
-110
-2
-54
-86
-129
105
244
73
53
176
209
-157
-100
-151
78
32
143
-123
-231
48
-135
-134
153
-168
-71
-97
161
23
-115
-89
112
-44
-55
23
97
-70
211
-49
-8
-127
253
-18
-100
-115
-48
8
101
-34
9
196
28
226
25
-162
113
259
-79
108
118
-90
-22
60
61
227
-59
-45
-72
40
312
166
-207
-32
-118
176
-30
52
-96
-84
96
-68
50
76
-79
-73
93
-13
-92
-166
126
-3
287
123
106
35
38
105
153
-29
-150
121
110
79
-167
3
-47
122
159
-82
-30
337
-77
-97
105
200
-96
-16
70
66
-263
16
-107
126
-19
-161
14
-99
-43
51
108
-58
-55
34
-253
-380
-229
279
-162
149
-89
134
-42
-117
192
-136
-93
-51
63
101
-70
-185
-121
60
54
-269
-128
-108
54
43
-56
-10
-240
342
80
66
-82
36
154
-53
-32
-82
106
126
-163
3
167
51
58
169
44
-81
-92
-145
40
33
237
58
67
-68
106
11
-23
-101
22
90
124
24
243
-137
53
-29
49
-105
-35
-93
16
-9
2
-24
-198
280
-67
93
151
265
-22
157
-135
-207
-196
27
105
-45
-45
73
-16
-176
70
-84
55
107
38
-1
14
-126
-61
17
-134
46
116
-151
107
-13
-60
139
-39
-27
58
-60
45
257
7
37
98
45
-87
-64
-188
97
33
-122
-50
276
-106
-46
259
-26
-57
52
-10
-267
-189
-169
43
47
56
-66
141
99
-20
-103
1
132
-33
52
-222
-128
-157
-116
63
-7
-178
209
34
-169
-105
176
75
297
-54
41
136
-35
192
-9
110
38
91
-66
33
33
148
139
39
252
-86
26
-33
-60
-73
-4
58
37
9
-63
-11
9
72
3
66
62
-12
-44
-247
59
118
63
32
-100
93
-73
85
-1
-258
142
-8
17
-125
20
34
-21
41
48
163
54
-10
-43
-74
82
-69
12
-92
-33
-102
-12
190
164
76
4
104
201
-143
124
2
-120
-88
161
-238
89
-72
44
194
-62
-87
1
73
-177
13
-72
-35
116
-99
-158
-123
-82
37
186
147
91
-74
227
25
-18
46
-187
69
-86
152
6
57
-217
-44
14
99
-60
76
55
-65
-128
262
24
-118
26
0
64
130
-314
-74
125
-22
126
24
13
-29
186
-18
-146
-58
146
191
-139
36
-36
-64
175
-29
-20
-131
28
81
54
-37
-141
68
35
25
240
67
-220
34
-144
-95
176
87
87
-73
8
227
-101
101
-127
-95
-33
2
-165
37
7
-58
127
244
-76
203
-18
-1
-108
-59
104
26
-156
137
-145
12
123
65
-34
41
-58
-97
26
-70
238
-94
66
11
-102
88
71
-106
-90
37
63
4
-113
-112
-5
-1
24
26
38
-52
-110
96
253
-72
-155
-73
199
23
4
-114
-226
143
-33
24
-133
21
-99
120
-140
40
-166
2
-226
223
73
-171
-169
235
-37
-204
149
0
-62
-135
3
-183
-74
-57
137
-6
4
-31
6
101
22
-81
214
186
-113
-164
-141
1
146
193
-51
132
41
-6
90
10
53
26
-248
141
-51
-179
19
98
-54
36
51
-138
350
48
-35
177
80
50
-37
-65
83
60
116
-356
78
130
170
-99
-152
-159
20
67
-50
107
-199
103
-132
-17
36
164
-48
111
0
21
-168
215
-66
41
-78
-192
-23
-46
255
96
-122
100
-8
-62
-41
141
9
-121
-142
-83
68
-69
-79
-58
-41
-56
-3
-12
18
-51
104
155
-170
-219
-74
75
-113
-31
-181
-50
-131
182
189
-238
30
74
-41
-37
26
45
324
179
31
11
65
148
78
28
-85
223
48
77
19
-9
39
80
-170
16
-128
72
-13
111
-221
130
103
258
-13
-159
-53
-224
10
143
-73
75
-63
-76
60
192
50
-215
23
-260
47
-9
-75
-87
-98
-22
-70
5
-228
153
49
87
27
-100
76
-94
-70
-43
251
-18
-41
14
-25
-227
-167
67
-28
113
-151
4
-37
134
-22
-68
-288
-67
-24
102
-9
93
102
28
45
-137
-26
-5
95
268
-5
-114
-126
-130
-131
-100
-72
45
75
-119
-23
66
-49
49
-4
39
-102
81
-173
-117
-27
-115
-40
-6
-2
19
-105
58
-168
-117
-187
125
-20
-199
49
-41
105
-158
160
261
215
32
-12
-154
-226
132
11
-99
9
-107
47
-96
78
11
-189
140
-90
-76
-159
21
324
43
-48
29
-72
-7
-124
90
98
-222
179
-132
-15
108
-90
181
45
-81
-55
-74
-24
89
-122
-149
-108
32
236
-1
-119
-107
63
-88
-79
45
-48
75
126
67
-135
-16
-88
150
-113
-20
-77
44
-55
-1
-8
129
-22
19
-105
-10
1
-65
-91
141
99
-51
-103
262
214
46
49
-64
166
-21
-274
-13
-57
-47
135
-17
-54
-129
-92
114
6
-141
112
95
-38
6
-41
39
64
74
167
-62
-49
-7
41
-114
-160
-124
85
-107
44
-40
65
-82
-237
-25
29
-169
89
-41
77
41
-111
14
113
-61
7
-222
226
-121
160
58
102
-30
-60
-59
-74
18
-38
142
71
198
-29
21
-5
98
-2
96
191
12
-157
-15
-69
-98
19
-24
-29
-109
194
-45
52
-10
-54
-6
-76
46
-34
-145
60
-89
-83
-48
-106
6
-61
-12
247
123
-39
181
-240
12
0
66
86
-126
185
5
-21
-80
-38
-59
-58
10
-7
-52
33
-26
-61
253
168
92
40
102
138
154
203
-139
-8
185
-57
61
58
-23
-193
75
45
-138
-222
-75
7
-53
87
12
-150
11
-100
-152
-113
94
-118
-85
156
80
93
0
18
-64
-171
56
-34
101
-8
107
-30
-3
-8
9
-133
-32
113
-117
12
-67
-27
55
67
171
113
-87
-15
-69
209
128
2
137
-116
-14
74
-128
-261
14
-3
79
59
-48
35
133
-309
234
57
3
-41
-312
-5
74
-58
-54
-227
-66
117
21
-35
17
-4
-34
6
67
142
-22
-312
232
-20
58
-314
-94
-96
65
81
60
0
-165
-76
-125
-18
-94
73
-70
-151
79
91
-22
-135
53
78
-13
135
-221
19
157
19
-53
-36
-39
-121
-33
-89
-252
104
193
-20
61
131
86
-22
-207
379
-14
106
-24
-66
36
57
201
267
-215
156
-339
-2
32
174
227
-22
232
139
-7
-1
105
142
-81
104
41
163
56
-125
104
-74
173
25
16
79
91
-93
2
-85
41
-100
198
-86
-10
160
44
64
64
85
38
-32
-73
-137
-401
-43
-20
93
70
239
60
-27
-74
52
63
-7
14
168
36
99
-87
-90
-33
162
-18
53
-147
6
-8
-186
-23
-30
46
236
-117
121
68
-105
77
52
-48
70
-202
-79
-160
-163
-31
-82
83
-185
-68
-198
-29
35
86
17
-92
-83
-71
252
45
117
-218
-30
-78
162
30
-30
19
56
31
-82
35
-79
85
-211
-280
-69
273
-115
-107
24
307
75
-155
100
-120
-89
-136
-215
74
14
107
-96
-96
-60
12
239
132
-100
-6
-41
-62
-18
28
146
-137
73
-47
33
129
318
-113
-58
-117
-80
82
-91
-126
-140
-318
-100
-25
-71
-109
-16
16
242
176
18
-146
-142
29
-12
-101
256
-145
-127
224
37
-136
48
115
-52
-70
135
90
0
-79
-109
99
285
50
80
221
122
-143
70
-63
-10
-180
-123
60
-168
-35
-82
131
30
-206
73
-255
-156
-99
-49
-33
165
-97
-255
-36
-139
-220
158
-14
-111
-120
36
-187
-159
-109
155
9
-52
-9
-65
-332
1
-116
-266
-57
121
36
84
75
219
21
-164
-86
-99
125
16
-29
-72
1
-169
-48
-157
-172
128
108
68
-56
-108
-145
29
88
-201
-115
243
81
-145
72
87
-97
-116
-64
128
-234
24
-64
242
15
42
76
18
-123
-39
-24
-19
92
167
-28
-8
105
-118
-73
-52
-52
126
126
28
-118
21
178
-26
157
116
-132
-32
-89
-136
-145
228
-139
225
139
119
-136
-204
116
-136
-213
-72
-317
64
-171
49
84
57
139
-207
141
-24
74
91
-122
139
286
-93
157
121
88
-117
-109
32
-109
-111
-47
23
135
-1
-110
-57
-147
144
-9
6
138
-281
124
-158
-6
175
-61
136
100
191
-38
-34
-337
71
4
-23
-180
-144
59
194
29
136
-2
-169
123
159
-81
-61
82
-338
151
246
-222
-154
-90
-7
-155
26
-172
89
-33
243
190
-45
-166
-140
240
-16
150
46
-55
85
-73
-138
-211
132
78
120
111
56
71
289
144
147
56
-1
52
195
-234
-211
-148
106
100
-54
-167
90
143
238
-201
-44
-60
-51
-230
-241
7
12
-28
75
-1
-38
49
-317
-111
29
-198
-19
78
-180
-22
104
36
127
-13
50
28
-24
-152
-45
-53
-51
-64
34
-38
-62
-105
-55
6
59
75
59
-197
120
133
206
-77
68
148
-98
-69
-24
44
219
64
25
-155
106
-34
-35
-45
31
-90
87
-8
-272
-46
-97
50
-118
-44
91
84
-48
3
63
-52
-104
99
108
170
41
-85
229
-127
175
58
-22
32
113
44
76
15
28
44
119
-171
41
-66
84
-31
63
112
172
-3
-127
-22
19
-95
18
-289
97
-12
276
-99
-88
-86
3
146
-10
127
-85
63
28
-102
-9
103
-65
-81
134
28
-53
-36
38
-60
-67
-87
-19
115
164
55
-46
73
-106
10
15
37
109
-74
-56
-83
-50
-333
-120
-285
-91
-42
-82
-174
212
-101
-208
-5
-27
7
-155
5
143
104
-193
159
18
41
-50
-186
49
-282
57
-77
20
5
61
80
7
-30
-35
46
-187
126
14
-44
-21
44
-111
-35
101
-99
243
292
-14
-44
100
-118
-25
-60
154
65
135
114
-18
125
-17
-94
-7
-77
5
-121
48
132
-118
-21
-43
41
7
-179
125
85
-97
121
-10
-124
-146
-151
-12
154
-38
45
-145
-145
-82
14
56
189
-14
258
214
-124
132
2
-164
9
52
49
-186
-25
166
-30
11
158
-118
109
34
-64
150
-75
-63
-60
-88
-173
-4
240
-125
-67
84
189
-23
-8
-165
187
-82
-60
-238
103
205
147
-186
139
17
-299
123
95
-146
-129
32
140
148
43
111
-62
-77
-9
-34
-96
-255
-66
143
39
71
-104
82
127
71
-71
13
-78
-107
-93
142
12
71
9
36
80
-80
36
-30
69
42
-32
-52
64
155
-33
-31
70
-2
21
-16
-62
-32
-113
-127
86
-34
-28
-55
60
26
-114
-97
-149
48
128
-26
138
62
-88
24
181
-239
-25
-81
115
-34
220
-74
23
15
33
-44
-47
40
90
16
-204
21
-118
-48
-46
91
-142
37
20
20
48
-171
-71
-95
-130
221
91
42
-56
-39
36
-305
-47
159
223
32
132
37
16
12
-17
-190
121
108
42
-76
-143
-143
-66
-45
22
99
-75
-10
-125
42
56
-32
59
6
-61
-128
-216
224
51
71
-45
-84
109
139
185
-65
-193
-101
-19
15
-186
-169
80
67
30
-40
104
12
-41
131
63
-73
111
145
7
104
-158
-33
105
-258
7
48
-175
97
-203
283
62
-118
120
63
-65
151
110
-23
-312
-191
85
30
100
44
130
-53
85
84
-146
44
22
-80
-56
-192
-23
-136
-106
-214
-61
12
93
-86
181
29
120
-3
-99
-101
-69
7
-4
-116
17
-5
7
74
-44
0
96
-33
-222
140
83
7
-132
15
-196
-146
-121
-9
-86
-6
35
-38
23
-18
98
-8
-137
308
210
-84
140
-13
54
-46
-50
46
-117
-109
189
8
-65
145
-69
47
106
-161
136
143
-1
-58
279
-164
94
-145
35
12
38
-148
76
34
44
102
-90
111
-70
25
106
-33
-19
167
-180
261
-27
-115
42
-31
-87
182
-107
-11
79
-111
72
-84
20
-246
162
127
137
54
-42
-91
49
-9
226
149
82
19
-19
135
114
-203
97
-51
155
-48
102
157
146
0
24
-4
-77
-123
-68
4
87
83
-49
34
181
-240
239
-159
175
-98
-100
-116
-307
0
-129
-119
-38
367
-40
70
144
-123
24
-13
-11
-19
-309
-8
-69
-116
42
-132
-40
160
-60
-100
-85
190
-62
190
-77
79
115
203
42
144
276
62
-25
70
-207
-167
-27
-9
178
145
-131
-73
-235
38
-105
96
98
85
154
57
141
-133
106
-39
-33
-90
138
-124
81
81
97
-56
89
-49
-205
-72
-71
-147
38
-114
255
-200
12
-63
12
5
-73
36
71
-45
-73
-24
172
102
134
-24
155
206
78
-122
-152
17
-146
-78
45
51
-15
101
-195
223
101
5
-34
-88
-139
244
-75
-61
34
74
43
3
112
125
-5
144
-67
-86
311
-368
-132
329
-73
45
-86
58
-183
-91
19
-108
-13
118
47
-36
-21
210
-20
-84
-37
183
18
-243
150
-14
66
-50
-116
-47
24
-187
-184
0
89
35
22
80
-244
-22
-85
151
-126
160
-75
-219
146
-218
-89
36
53
-31
69
-69
-66
-42
-19
-1
-74
-82
-199
-21
-37
-26
-64
-40
-47
-105
-39
-43
-6
0
144
164
-72
8
-145
81
117
-84
-203
121
9
-69
191
5
5
35
16
71
112
-110
-383
-34
145
198
-88
-107
-71
140
54
-80
133
189
-207
184
80
127
-82
-154
9
-144
80
-19
227
207
136
-10
-14
41
143
130
41
-16
289
-20
81
45
-28
-336
201
53
-71
217
-15
-60
75
76
139
-185
170
171
-171
-148
152
26
-16
-35
-52
-75
-44
30
-162
-173
-33
126
6
1
-24
190
161
-52
73
58
115
-118
9
-81
61
73
45
189
284
-125
-52
-255
-49
166
116
-11
24
196
12
-51
-103
171
100
128
-93
-32
-15
-49
0
114
60
58
86
-19
11
94
-81
99
57
-56
143
90
-94
78
-32
-91
-145
-255
-66
-208
95
-65
-136
-165
94
66
147
-38
-34
-164
138
-15
111
222
14
81
36
85
-89
66
-4
127
157
-56
104
16
-11
158
-110
-84
53
-109
-216
40
-77
91
-64
-14
8
57
180
71
-98
-144
42
-43
201
-52
125
55
-234
40
-17
72
-27
61
-173
194
85
43
102
-116
228
22
163
136
16
-2
19
216
-40
-61
-94
10
117
94
-116
-14
262
109
69
-108
-116
-109
27
177
202
65
42
86
34
-48
145
-67
-10
12
-32
133
184
-57
-16
67
92
-221
-125
210
-20
-169
89
-110
190
-73
211
113
62
-145
-23
21
35
-164
10
-48
-142
-24
-98
150
181
52
-175
128
-30
141
232
-240
52
-194
183
223
-159
-109
140
151
89
50
106
104
-102
-147
-284
128
-52
70
-102
-109
-42
-84
-52
-26
-222
61
-86
283
-7
-230
106
-49
-14
-186
129
0
41
-100
184
67
133
-15
-241
83
28
-72
24
-15
-84
10
-225
-4
-187
-20
24
154
3
43
-41
90
-90
162
6
97
-112
-76
40
142
-11
114
96
66
-51
-160
-135
150
-84
99
85
-261
-95
58
37
-89
-1
80
-31
-13
-148
-117
-150
61
-328
201
-92
-110
0
14
53
-3
-21
229
-183
-354
-16
112
95
56
-35
-95
127
-30
-14
21
95
-119
243
11
115
62
-206
28
163
114
-10
-202
-9
22
-116
171
-72
36
-98
27
-205
95
27
-99
276
-63
93
92
-175
-18
44
-16
59
77
27
-71
8
-194
121
-45
112
-55
-50
-105
34
-61
56
228
-92
54
-64
-73
178
-158
338
-130
-33
230
194
144
127
193
259
-60
1
103
-24
94
-67
45
-25
-9
-244
19
-44
287
-190
-106
52
-52
-96
224
45
61
-313
229
-55
-297
184
-91
-135
-33
79
161
-102
-28
92
-33
194
98
-92
166
106
-76
-100
-253
-205
-135
-142
124
80
102
-132
85
-12
-15
142
13
13
25
-212
-9
-150
116
-8
48
-104
54
-111
-115
167
-122
-193
125
159
35
149
130
46
-43
211
-29
151
39
58
-32
-154
0
167
68
138
-21
-23
-43
120
126
-98
-118
243
-40
120
-164
-108
169
170
-87
63
67
103
155
-146
176
-57
-235
-35
33
90
-45
-75
143
96
83
-81
11
132
-68
128
-35
12
-39
-280
81
-35
-56
-123
45
179
12
-202
107
-147
-127
71
70
248
-123
56
247
24
-146
126
-17
-45
11
151
-33
117
117
70
-52
177
-47
-183
-201
81
-32
-17
63
115
87
-140
-19
17
91
-220
-77
-40
-31
-230
-32
2
104
-69
127
-147
231
80
-131
-12
-168
-44
-79
-185
33
-164
54
-35
78
-54
139
18
-69
-123
22
22
232
-129
19
91
20
-28
-28
-102
159
77
173
-183
-50
-53
-24
171
56
-60
50
-22
-9
99
23
-27
115
-107
-185
-131
44
209
188
-95
-176
123
-69
-97
9
84
-96
-132
-109
-215
30
48
50
103
201
127
252
-196
7
201
-68
-74
65
-34
30
12
-93
-187
110
-12
-166
-25
117
-110
-48
297
2
151
113
-66
17
-9
39
26
-169
-39
-51
22
-119
67
22
-23
-48
-11
170
-79
46
-84
175
-47
-171
-37
-61
-48
-175
-78
-182
-117
303
68
69
108
-91
72
-133
-107
8
69
-261
231
15
60
164
-1
-168
64
-10
-39
-136
-119
-76
-218
17
-28
20
31
-190
39
-59
-22
89
-61
85
-110
38
112
-285
15
140
-30
214
216
55
-121
47
-65
75
174
-85
-123
13
35
93
64
70
30
107
-32
102
25
-2
-38
143
269
54
-76
-342
-110
249
117
-10
-69
-161
-12
-118
-70
-134
-153
-181
29
25
72
218
87
87
-38
78
93
-112
-130
-246
-183
23
-8
72
-23
47
29
-30
85
65
176
87
-106
47
-76
-25
109
56
-5
-132
-67
-46
112
129
184
34
-111
109
-17
-176
-71
83
-193
-125
-223
16
-90
149
4
149
-125
91
-97
-34
-40
176
63
85
30
97
-22
-46
-113
27
20
-54
-179
-61
-164
-52
-101
48
45
86
5
-56
-62
200
8
134
113
20
-98
47
-73
-118
142
10
-60
-82
90
48
-46
92
34
2
102
175
206
-194
-7
-154
-30
48
-228
20
-45
63
22
-80
-51
56
111
264
155
-5
-88
-231
63
148
-10
-161
-124
-64
-80
-59
119
47
-115
-170
113
-22
151
192
265
102
190
31
103
99
-187
-116
80
82
120
0
-7
129
15
191
57
-18
118
-123
43
-113
15
-215
-63
-183
9
53
2
74
137
117
204
-9
-1
-14
129
-65
94
-32
-83
-11
76
-149
-165
12
-132
101
-82
-205
-24
-32
228
109
-30
17
95
60
13
-202
266
-18
305
-88
-184
-56
-228
-18
-68
-3
-88
-183
-18
-146
-57
-41
49
-90
116
13
80
-126
-335
11
-366
349
130
17
-80
-25
96
-44
89
65
-260
-10
-73
152
-70
225
-162
64
73
53
-105
-102
66
80
-62
84
168
106
34
2
-68
19
-290
58
77
-55
-77
50
53
-49
26
-221
-102
-89
83
-14
37
-9
-115
-58
-158
100
11
-40
-29
189
124
90
-88
15
-63
19
-148
1
70
227
-69
86
-90
-65
-39
-106
82
-14
12
-213
-261
-131
108
131
26
130
23
-43
139
-231
-120
-40
-26
116
206
255
-211
-79
-185
-255
1
-68
-116
20
82
-160
242
170
-26
-222
-106
152
-241
29
169
31
92
47
-80
-74
-162
32
-151
-60
32
65
-61
-112
-34
289
-114
80
36
-27
218
61
-112
-62
138
-59
89
22
-88
-104
-49
142
-139
-12
14
-92
75
27
51
-24
-47
-13
63
-62
-19
-41
-205
-97
120
180
-291
-150
148
-1
-97
-286
-147
62
141
145
30
-79
2
-53
-14
60
-124
31
-44
14
55
176
-73
-143
-26
40
64
213
-251
220
71
0
133
69
-90
-196
48
-95
126
-51
-101
-64
-243
75
-13
-64
-33
21
-227
-8
59
-10
23
-37
-104
51
85
220
-12
-36
-38
20
-96
-143
21
-94
44
-4
-55
-132
-9
-113
10
56
38
196
1
-90
-173
166
56
-32
-83
46
-113
-229
23
18
88
2
-17
182
156
-109
35
-195
92
-145
44
-116
-13
133
13
27
-3
145
-18
5
187
203
48
-47
7
-87
-72
114
1
22
29
48
-135
29
89
-195
166
-184
-102
-102
17
-79
172
139
-35
-30
-94
-98
50
93
277
-257
41
23
15
104
-6
13
-117
-257
18
87
44
143
141
-152
28
59
-195
-161
-127
-88
-243
49
50
-14
-137
-113
20
100
-50
-63
40
35
42
103
-244
17
43
84
-29
108
42
6
26
110
-92
-105
12
-60
-45
110
-168
-7
-108
32
-158
64
-10
-122
-20
70
-29
41
-77
-195
-164
-105
77
-62
38
208
95
-103
-94
-57
189
14
-154
84
-56
-3
-103
-8
12
-19
-132
-109
-27
224
-35
-62
187
-123
46
94
-41
42
-60
125
83
-75
117
-91
260
47
-252
-82
-60
-92
37
140
53
96
122
35
-208
-114
-38
-148
-259
-19
-24
-42
-10
274
140
-48
103
-47
195
267
-99
-111
47
-27
1
-11
-54
-73
19
-133
243
105
121
-1
-12
-53
40
17
134
-28
-136
59
-1
-116
124
-45
179
21
150
-54
-142
-14
181
93
-30
-16
159
189
-36
-170
30
106
57
-8
-162
-111
-64
-181
128
12
-254
-97
17
246
-34
8
-171
76
-204
-58
-6
-153
-300
28
52
-101
-44
23
-210
-90
-199
161
25
16
146
43
-86
16
36
-42
121
-222
-119
77
-238
-55
-162
-48
-107
181
33
-51
31
72
233
-109
43
70
-263
192
193
-9
36
70
-76
302
17
-33
-51
77
2
73
29
-194
42
-101
-88
51
-133
-165
-169
-180
-47
50
-50
-107
-214
283
-141
-168
-240
-99
-13
-7
-3
137
-6
-73
-139
-186
34
57
-149
-106
17
77
157
114
-55
172
174
67
100
-14
80
-270
27
-122
19
-87
124
-29
100
-15
102
38
-219
-266
-46
-14
107
57
79
-19
-96
185
29
42
195
-162
168
-118
39
-57
-48
-53
-28
84
61
99
-49
23
-44
55
41
-180
141
-30
-21
-119
-15
3
-7
-142
95
250
132
-78
-187
-227
-50
19
29
68
42
143
155
146
59
-41
71
-133
54
-127
363
162
-161
-126
-246
-5
-18
89
-61
13
116
-67
216
-149
179
103
-113
31
252
-73
-130
144
-96
74
47
-24
17
176
-131
-35
214
-76
-24
-53
-3
-143
1
173
171
56
-41
94
-223
195
127
133
192
-8
-66
-41
-105
19
-109
55
105
30
-249
199
40
2
98
-252
104
-90
271
100
-78
37
78
-32
292
172
46
24
-108
149
-52
-13
-48
191
-99
72
-190
105
-76
-230
-49
69
30
-76
-172
75
240
-78
-62
-95
-89
13
-128
-23
-109
216
168
-22
-382
27
177
179
75
-68
-23
-5
-44
-60
-120
-107
-25
-95
130
-2
75
178
150
26
28
-206
168
101
-5
217
19
-172
80
-244
-104
35
-81
25
-27
-71
-58
-79
237
114
-16
117
-25
67
8
96
93
-28
-130
-19
-80
185
111
9
-71
-47
146
-5
-74
-115
59
-56
83
-23
7
12
57
-7
196
101
39
-40
-81
-181
-230
-104
45
-10
230
-77
-124
-99
-2
34
22
-61
-65
165
-35
65
3
-96
26
-16
-79
-39
97
-3
43
103
-40
-8
61
134
60
-1
106
-48
2
2
-64
23
-74
68
114
-78
-14
85
198
-28
122
70
-122
45
28
158
118
-49
73
51
334
92
-121
-41
-8
285
-4
134
-79
12
25
-48
-5
-139
-158
166
137
27
-204
-6
13
-1
140
-22
184
-52
100
34
-147
-62
-217
14
-64
-22
61
-74
36
-8
191
-25
-36
52
6
43
66
116
90
-197
121
-117
-20
-55
7
26
52
-25
-210
181
-184
19
57
-234
7
83
-62
-29
-43
-76
-129
170
-287
93
-290
-83
21
379
213
41
-60
-117
-222
-54
140
-29
-41
47
13
-128
41
-7
-10
119
147
-3
-10
49
202
35
92
-49
151
279
44
-206
157
-56
-60
92
41
2
-197
-110
19
164
-178
-42
-131
-98
-15
289
181
105
-146
-8
-64
-60
-41
-47
63
-213
32
72
4
-35
67
-134
32
-75
-63
-216
-68
-104
-82
106
5
138
257
81
-82
-171
-30
145
-71
36
-142
-136
268
-30
98
-103
-83
83
-208
95
95
-66
-38
-129
6
-13
300
151
156
-221
-77
-196
17
141
-86
34
-285
11
117
58
117
-82
52
-29
-61
54
-4
31
-119
-221
36
-67
45
9
36
186
258
62
-111
-47
164
148
-168
240
-50
-40
48
68
-136
72
89
-36
60
-15
-22
-21
35
-84
169
-296
82
-33
-173
-61
49
-172
118
14
52
137
141
-136
37
29
66
-35
56
235
-167
-53
170
-96
-91
-92
-87
58
-41
-19
87
-133
-90
-131
56
63
48
125
-54
263
45
155
16
146
-55
-37
39
-126
-97
-80
-197
-203
-126
-374
-51
115
-40
-154
77
-89
-5
60
109
-85
199
-17
13
-12
-37
46
-73
-192
70
-110
-119
48
14
-111
-27
-143
146
84
97
-58
185
103
119
-2
-33
-125
102
103
-3
-118
-30
-108
-75
71
-124
-31
-56
-33
22
-13
127
-112
-19
-93
-165
-197
23
-203
-192
99
-60
14
-298
159
-112
42
98
1
-10
-236
54
84
-77
-221
64
-3
171
-73
-180
182
-292
119
55
166
75
195
-113
4
-74
-13
43
-102
5
-41
33
-37
97
-89
23
-37
-119
43
8
-43
-189
-39
6
145
-185
326
48
103
2
33
-156
130
-2
-69
-42
-8
-2
-168
159
74
181
-140
111
68
15
-73
20
65
-61
-72
52
200
170
132
236
111
176
-44
-6
-178
178
-49
240
8
78
-83
91
-122
59
-108
8
-142
57
-2
-157
83
-85
-97
-50
60
68
-47
225
-14
-35
11
-133
36
-221
-206
-111
-209
92
-114
-36
79
27
-145
217
-157
80
-86
73
47
-159
-7
-21
188
-101
-113
84
-28
-18
-63
-3
-9
245
-184
-53
120
-176
-25
-216
39
-115
-73
26
-118
218
-65
-20
-171
62
-205
29
117
-87
26
-9
8
-47
198
87
45
53
72
118
122
-52
132
-52
-24
-408
-49
-38
63
123
-131
108
265
-12
-42
-124
-4
-163
-285
-42
-50
-28
-138
88
18
-12
3
178
-71
193
50
98
237
54
277
74
-159
60
30
-33
18
73
227
115
242
59
89
-121
253
205
-35
125
158
35
180
1
178
6
-114
117
-170
71
83
23
38
-138
85
-23
86
209
-22
198
-174
50
-74
-115
-20
-49
-263
-24
-165
-88
-136
-14
218
83
-26
212
-128
-106
45
25
87
66
-132
-269
63
67
-20
83
-33
-8
116
154
-19
-28
160
-137
-130
9
-103
-56
-150
-1
87
89
-99
4
38
-41
-2
-192
-77
-79
-44
158
128
93
234
-20
-119
-120
-45
268
72
-268
57
-19
35
64
-35
-24
118
-31
118
72
-254
1
-75
-91
-151
160
24
13
4
-22
15
172
162
-73
13
-97
165
9
1
-105
-193
-81
25
5
66
-57
-40
172
55
-70
-167
104
60
61
157
120
-31
-36
-82
-261
52
-119
-28
-168
85
17
-108
131
-200
-9
105
-12
-54
-7
-145
-198
24
-58
40
-35
-2
40
-2
-10
-22
-75
78
34
236
-74
-61
102
148
-8
240
45
-104
126
118
-35
-35
205
116
203
-125
244
68
83
-87
116
-93
61
26
83
320
-50
-138
118
-81
-54
37
151
-44
-50
-130
314
-119
-58
126
102
158
-43
-205
87
-7
102
-12
-200
66
-84
57
64
112
13
-70
116
122
6
45
65
-38
83
-122
-228
-77
-42
122
114
75
31
81
-204
-2
-325
-220
195
-112
36
-54
-72
72
21
12
-25
84
-33
68
-20
-13
68
-98
-47
41
175
-6
184
-159
243
-89
-304
70
105
210
-156
95
-118
360
34
-199
228
40
77
102
4
209
237
124
-92
-247
-58
-147
130
18
-141
172
-54
114
66
-27
132
-53
135
125
-135
-151
-241
110
-54
56
68
-34
21
-26
-46
-59
60
26
-130
187
25
311
-125
26
270
44
-7
-46
-20
-39
86
-157
-95
267
44
-33
33
53
-74
32
4
112
-202
23
124
-133
-179
177
-34
-63
-12
1
99
-41
62
24
97
306
-8
138
97
-200
-80
25
78
140
-71
-72
-60
60
-176
36
-31
63
11
-200
216
81
-33
-70
-20
-128
-98
96
-196
-62
-38
276
3
2
129
23
199
-68
5
81
-205
3
-212
-64
-61
-30
52
-38
-207
52
129
-42
-87
68
-99
110
54
-57
96
-164
155
94
-114
-79
-64
-243
109
-34
88
52
35
22
51
105
-73
-87
-237
114
-105
89
123
-115
122
1
-120
-35
21
171
105
3
-168
-93
-168
-252
-14
-43
-61
-287
11
-45
-173
-27
-68
95
72
80
-10
47
-27
-69
3
56
4
109
101
-79
234
38
115
-34
-155
150
-125
10
-119
110
-31
-181
-150
4
47
-3
-128
72
-67
-17
137
-56
132
19
-120
-76
53
82
-43
-102
-145
-38
1
68
-9
48
101
-151
-46
270
-73
34
-187
153
72
-110
14
-201
-31
147
-37
14
-19
-92
-104
84
26
25
-30
-192
-120
8
-119
256
-90
30
257
-37
33
-79
-183
64
56
-7
-21
-77
-198
-210
59
-22
132
41
-101
96
128
22
93
39
-13
95
-32
-19
-177
190
163
-143
101
-16
95
205
85
-12
-53
-125
-231
107
-119
202
64
-19
19
44
-15
115
-171
35
325
227
153
-55
-123
178
107
-63
-79
-299
27
224
55
-165
228
65
-355
-95
-45
88
-75
-229
80
-15
66
121
-6
-32
211
24
-5
73
-384
-201
15
-64
1
-9
-24
37
77
1
46
-6
-210
208
38
-46
-47
-50
-187
173
36
316
82
53
-51
-55
-87
-86
-68
-84
-161
78
-45
152
-45
-238
-46
85
-122
-56
-198
-30
-153
-16
30
47
-115
-64
-63
162
220
-18
-59
-43
-82
74
31
35
-59
-41
-21
137
8
-88
12
3
-125
-84
-274
269
42
-123
88
39
-146
84
119
-34
138
-27
-210
-178
36
-53
-193
-13
79
73
-7
70
-54
146
71
-11
161
50
-86
79
-100
-184
-65
-88
-101
156
171
41
-90
-65
83
-256
29
-16
14
-156
-118
167
176
96
36
25
-18
36
22
-271
49
83
-85
-26
-48
-52
-193
162
32
-32
49
11
-63
-228
-5
-18
42
32
-34
-153
30
147
-107
-105
-92
16
206
186
231
-193
108
-40
167
39
-71
-117
-135
-48
76
-84
-102
-227
34
-33
41
-130
-97
37
-62
23
106
18
76
-24
-152
48
-66
151
85
-265
36
-121
154
-131
-79
15
-23
-13
16
15
-54
-202
-38
167
-59
-115
137
54
60
-183
125
-45
62
19
-108
35
3
-110
93
-183
-105
92
51
18
105
-129
-25
-87
60
-16
127
83
128
85
112
43
43
44
-123
285
154
-118
-17
117
68
245
106
-16
108
70
17
21
-110
-29
-251
5
-34
5
-157
-19
8
29
-55
-94
60
127
-211
-221
-142
43
199
-170
160
-81
-10
-261
82
-195
34
200
-57
-14
84
-54
-174
-60
196
77
125
-56
-7
-168
87
205
-66
111
-47
87
5
-146
-125
-127
-102
197
-192
-7
96
104
-83
48
-181
-21
-105
0
-71
-85
-15
-188
181
-172
181
253
37
73
60
0
89
60
-20
83
183
-14
-75
-145
-198
-38
-33
-94
222
-167
-5
31
-4
-51
26
97
-53
148
229
-56
4
73
33
109
-103
125
-156
-107
50
257
-89
114
78
2
-98
62
-30
10
-189
-44
113
-42
-193
-92
-16
45
-81
1
-94
35
-89
158
78
-168
-155
-40
-63
-81
-33
223
175
-59
107
-149
170
74
-34
92
174
-69
46
-198
-11
-24
-8
-51
-371
-43
27
1
92
-14
-72
-48
-64
-104
138
98
87
155
-21
87
-16
-5
8
-260
179
-68
48
-254
34
92
63
-10
-191
13
87
-81
-28
-79
63
-26
-130
-228
83
12
-166
-34
49
63
-31
-139
41
119
3
137
-100
-78
81
-39
2
141
-86
216
-120
-226
40
-230
-130
-141
-28
-1
-15
-28
-52
-103
127
-176
56
-74
114
130
-30
102
-44
-50
-146
-20
135
88
-47
108
-73
133
38
24
-81
-60
-126
-3
49
-9
-94
-270
-113
236
-53
127
-188
-35
-201
119
40
10
54
-48
58
30
101
28
14
52
142
214
-60
219
-14
-16
297
138
20
172
128
-84
321
-168
136
45
-181
-96
83
-40
107
37
206
-51
22
-104
-11
-5
63
-30
38
32
143
29
107
170
-155
-44
173
1
120
115
11
-155
-90
-50
36
100
-154
13
-48
-362
53
-124
-179
127
25
31
-118
129
153
59
16
-90
-7
-168
-103
-156
-190
221
135
153
-165
-91
-66
-231
-4
-38
44
-82
27
-93
1
70
-76
-120
37
-112
171
-260
-118
18
-182
-204
-184
-34
197
-77
29
143
215
-183
334
-12
152
43
-142
305
-24
44
118
-73
-2
-69
64
-118
-178
-25
-191
122
-151
-103
306
-143
-12
-7
46
48
-129
176
54
89
-80
144
70
215
-51
93
-29
92
-188
-55
41
-208
-50
12
-136
-119
21
-77
-48
25
-122
101
76
-7
-128
-49
21
-44
136
-106
-47
31
177
-240
-88
-291
136
0
-27
193
95
-153
109
-63
41
71
-21
89
62
219
131
-24
-54
-6
45
2
-110
169
-174
47
-69
65
-35
-271
14
-70
112
-11
-137
95
-101
-127
-29
19
27
-15
40
-236
186
36
132
85
-81
-1
135
-79
169
-12
-199
-195
-70
188
-147
-154
-93
199
-19
158
-121
62
193
87
57
-157
-8
91
191
-31
-40
-83
30
203
-180
51
146
170
-22
224
76
115
-2
47
-9
-34
