47 86 324
0 39
1 27
2 3
2 9
2 15
2 30
4 7
4 18
6 39
7 12
7 15
7 24
8 35
9 8
9 21
9 25
9 39
11 28
11 31
12 15
13 2
13 31
14 13
15 13
15 15
15 27
15 29
15 44
16 5
16 6
16 21
17 4
17 41
18 33
19 36
20 11
20 25
20 40
21 19
21 30
23 10
24 42
26 10
26 36
26 37
27 2
27 20
27 39
28 29
28 37
28 38
29 12
29 26
29 29
30 5
30 25
30 37
31 15
31 42
32 3
32 28
33 33
35 8
35 18
35 45
36 10
36 29
37 41
38 31
39 11
39 21
39 34
40 6
40 18
41 9
41 30
42 3
42 7
42 22
42 34
44 27
44 46
45 27
45 35
46 24
46 42
32
31
20
22
65
80
40
34
43
71
16
13
27
81
0
3
61
44
73
48
10
58
25
67
17
63
68
7
77
12
70
55
42
82
23
9
37
69
66
64
1
57
29
8
11
6
76
36
49
30
72
5
41
33
78
52
26
84
54
2
14
60
28
21
24
47
59
74
18
45
53
56
4
38
79
83
15
35
62
46
39
85
75
19
51
50
-162
259
211
168
-437
-300
-200
-244
-211
-205
-406
8
-438
-226
480
-459
-520
12
480
-155
-452
-531
18
-379
269
-276
-357
156
199
251
313
-29
-448
317
80
9
-57
210
-203
-521
41
80
-16
-7
-253
-81
-371
-101
-298
-341
-181
530
162
-266
-332
85
61
645
-393
-601
-118
-111
357
-34
269
205
-222
-187
-422
268
609
-470
-385
931
136
186
182
-110
320
248
-442
137
258
160
283
-513
70
-151
577
-274
139
249
-85
-538
-86
-171
-67
75
69
401
234
338
651
127
75
12
168
-259
239
154
-438
-127
428
145
404
-151
212
550
383
117
315
-75
222
-67
-351
798
289
-233
221
193
-37
264
-8
-71
367
58
-71
-631
-502
-115
-56
323
88
-42
239
96
-347
-303
-188
841
-184
306
-388
-381
-134
447
79
276
41
-103
543
152
-84
44
-93
-67
-252
64
-98
-251
213
-341
-590
-464
-106
304
-92
-209
67
393
74
38
73
-32
-206
77
128
88
-53
89
113
-310
-191
175
-142
-151
228
-463
-345
91
48
573
-656
525
-387
-394
506
462
60
-38
472
-36
246
45
-199
110
-390
-826
359
51
-596
15
65
39
-61
179
-333
-49
-304
336
363
228
0
227
-209
92
-372
66
-78
159
-77
-485
44
548
128
376
295
-203
-554
-214
-36
-289
-155
418
148
-258
-341
107
485
484
115
-187
-260
-693
168
-15
208
270
358
-411
-130
-450
104
216
76
-756
71
-147
-307
34
-360
-10
-189
-371
57
-208
-518
529
235
-237
-347
81
-143
117
-58
-252
-845
-64
-12
223
-45
479
157
104
-171
120
-122
-111
466
-87
405
479
355
40
605
492
688
5
339
-51
451
-109
358
-90
-185
-4
-374
200
473
-524
207
-195
123
-84
-772
158
176
-293
158
523
201
465
-101
191
5
139
36
43
-245
601
345
-310
378
-285
-280
-61
-576
151
343
44
443
118
-530
298
338
-277
254
44
-255
-634
-386
87
-119
-318
434
-197
354
-188
-77
-128
-73
-273
147
51
10
259
193
505
-116
-364
-133
-100
97
-712
179
-322
-127
133
200
13
-196
-202
-419
147
-213
81
203
-12
-45
20
-217
-294
78
-466
109
135
-82
393
-221
-290
-98
292
200
-539
-121
-82
224
340
-373
626
125
-257
373
-175
122
-550
-236
191
-459
75
-446
-258
172
163
306
-575
202
148
89
-278
293
213
535
-484
-25
-682
109
113
324
-529
6
70
111
-42
-408
-461
-108
175
-40
620
218
-569
25
-40
-463
233
398
251
-647
-250
273
-204
370
632
157
180
-126
-94
604
-604
-43
191
674
149
312
-4
268
554
-265
-640
-80
-151
-478
38
62
-152
291
141
113
-82
-63
159
430
-645
-124
-638
-260
398
358
-475
-327
273
-566
112
348
-271
243
536
-205
-57
467
-219
93
-50
-418
175
-3
171
325
-385
-206
-317
-1403
289
164
-180
-522
-284
-414
-94
-117
-15
-207
-101
172
-97
-345
-540
-302
472
584
-707
412
177
480
327
209
225
-198
-168
-494
-18
198
180
254
-365
68
173
359
59
126
-116
-286
-229
39
65
352
-791
149
-976
-226
-278
438
261
-152
375
-719
-71
246
488
388
-513
300
181
60
551
658
-496
42
-279
-339
65
42
425
210
45
-82
490
-506
-95
-205
56
80
-513
-364
350
59
-211
305
-370
-109
67
-332
-75
-373
-554
32
344
-177
70
-420
734
-350
108
-14
233
245
305
-70
20
-449
266
-326
431
160
-75
599
193
255
631
190
-561
-171
-534
-380
-294
212
417
-137
-9
-149
108
-35
-177
-100
405
-295
388
-644
439
419
152
73
-374
20
540
467
255
211
79
-180
-52
157
165
220
-451
153
-465
-390
401
2
-32
317
-135
-273
112
-600
5
91
-41
-349
-580
241
-34
-80
-63
-697
-222
241
-167
-347
257
235
-161
154
290
67
236
234
550
-363
-53
217
-80
-111
523
155
-143
-383
727
54
-571
-338
71
-255
-346
635
411
44
265
-84
527
125
256
280
183
208
-680
250
121
-87
85
-6
179
-377
-77
-790
134
419
236
-142
-218
203
352
593
-236
-590
-56
-194
-48
188
-69
-365
96
-334
-248
366
20
-89
11
46
80
-166
36
443
-160
417
-306
-9
-374
106
216
-140
-28
-89
29
97
-418
154
-418
-96
-107
-119
-134
291
-406
-246
559
-62
-82
-311
214
54
-283
238
399
-208
43
153
-306
-458
283
465
-153
226
-190
261
-95
283
409
199
24
-234
177
-368
-64
216
-72
-292
25
305
177
402
238
-326
416
653
25
409
-607
330
-211
190
392
133
141
-302
138
-296
-388
527
152
359
-363
-157
286
-5
-345
-16
148
48
164
-43
-335
99
129
-168
-276
-470
-188
174
-185
81
-80
240
-186
-223
172
-362
-326
39
-438
189
-182
-525
188
104
148
-690
-391
56
186
-85
144
-309
-100
-93
-423
-113
-57
-347
-176
-104
129
397
-254
-110
275
-59
-150
202
-194
-339
513
62
257
-513
62
-458
-201
-492
1
-508
-78
-283
184
-46
-278
-217
43
-100
-328
-235
-529
464
198
-428
329
-63
194
31
-29
676
-197
183
-270
194
-311
-558
78
283
-55
-68
-105
-43
-374
175
264
740
8
42
95
572
-12
-88
-355
-173
-33
-111
212
145
-244
278
203
209
280
-114
272
-238
270
24
-41
-352
-185
-160
203
-92
-4
125
-60
286
128
-626
91
320
-83
-817
45
-226
-199
542
-532
559
366
320
681
-240
-54
230
-355
222
-341
-572
-70
-29
531
169
56
-545
406
693
435
-6
55
-420
139
-71
119
247
-88
-211
298
-364
-115
-18
-489
-165
-221
600
383
259
-58
-460
-10
41
87
554
381
264
366
-343
-29
-252
-103
-542
755
-421
-297
-272
262
314
-644
-6
-32
-539
-281
-232
-519
35
-297
105
-113
-51
290
-271
-548
-506
-126
-659
43
467
-23
556
246
-63
361
-30
233
-422
-116
-215
217
-343
516
209
73
-460
-298
-116
-359
-232
-72
82
-67
201
-428
3
-97
7
620
353
190
74
-446
-177
173
-168
323
-555
-269
-78
145
-548
15
53
-186
416
-612
-132
443
-195
-416
96
208
-237
-127
232
-223
-60
43
-445
-107
-385
-427
-68
553
-104
334
250
-587
-143
-438
282
-619
-535
-115
180
-861
-257
-639
242
-203
234
676
-171
158
337
-403
443
47
-73
-888
-392
-234
14
263
474
404
-32
-66
-82
401
-635
70
343
-49
-263
33
83
857
-303
-411
-387
-122
-304
5
-158
165
160
314
369
-188
-707
4
-580
125
121
156
-645
257
565
-284
-70
337
135
-84
530
-145
-2
-129
-306
138
569
-45
245
292
564
2
149
291
136
756
-893
110
-108
147
15
311
-65
507
614
-90
-347
-524
106
-386
85
608
54
-184
35
105
511
180
-283
-130
208
648
143
-282
125
-320
357
-485
-532
161
-551
423
56
-373
-62
-367
-652
258
553
-99
37
420
420
-214
547
-153
726
355
408
-612
-179
-10
285
805
595
624
-31
-171
-35
72
-617
578
2
335
-269
-243
-57
933
491
-210
160
-359
99
825
-390
225
-249
-87
302
322
305
-211
-389
399
290
-303
335
256
-94
79
362
-383
-211
29
-52
18
-64
128
531
568
89
-138
181
227
-314
-88
-41
272
-47
202
254
-475
253
393
-206
793
-903
94
-106
262
323
190
-283
522
-462
-444
211
-209
348
468
184
172
-14
-63
317
297
-140
163
-615
165
-6
251
-28
19
282
-62
80
186
105
-47
276
-272
475
-545
483
-532
-358
579
437
-3
-105
220
439
-362
170
248
-600
-741
341
-39
-136
-308
50
70
-218
180
-234
-399
229
39
253
210
-485
186
-155
-296
-350
-250
312
-194
-238
-244
311
181
119
-168
209
342
498
-91
185
-266
226
-141
-433
-360
-132
-386
467
-212
-210
301
166
854
-524
-571
-163
165
97
165
-134
389
393
95
-60
-85
-29
6
256
128
-375
-168
-649
-152
-280
222
-726
92
-46
-27
102
-401
-162
149
292
82
-47
206
697
-260
197
-359
220
452
-203
-118
387
368
270
-131
345
-165
342
-331
130
-105
143
-60
44
215
-217
-68
-287
-330
-307
350
-298
-334
-146
-451
-250
34
160
-619
647
-923
76
322
107
-580
286
180
101
-507
109
170
-19
674
-269
-377
-55
-683
-183
213
-426
112
-83
-415
405
250
-201
-750
558
655
-77
349
-215
172
501
22
669
197
-137
-366
-551
589
569
88
-207
-654
113
256
14
226
166
-6
-262
-286
-24
48
-31
576
-52
67
97
-241
-646
-660
369
215
37
-327
609
-713
226
177
331
-192
-155
-36
72
-640
19
282
-125
162
-343
-201
210
-679
146
117
487
-64
249
-400
-57
-561
-165
48
101
-465
-223
-144
-289
262
-259
151
-90
-465
-231
610
318
365
286
22
113
190
-59
-198
245
479
-60
-173
-246
-357
432
601
271
-48
-187
-119
322
-607
191
-229
-25
216
-329
-242
-148
368
272
306
-268
-21
9
62
-318
189
-25
-431
99
-204
-416
-474
72
476
31
218
261
-155
319
67
402
127
-358
-551
-171
75
32
-595
864
675
562
-78
-408
-311
-135
-785
-220
-103
-711
-382
-766
132
717
502
-16
-940
-310
-91
422
-665
244
-160
-572
115
-467
753
-105
-152
492
-401
135
516
28
-370
-211
-50
-465
244
-117
-156
-203
-118
180
-66
-185
-360
24
-216
-337
1005
66
-91
160
-128
82
-381
-213
-604
-353
-172
-652
-90
243
-286
-91
78
8
249
242
134
-156
257
-22
-13
-239
23
-816
111
-185
396
-178
-524
443
356
-335
314
-700
205
354
461
287
-84
81
-141
-102
-110
345
-18
-276
-380
63
-500
325
-455
474
248
-465
-264
29
109
-298
-12
-199
-57
187
-244
252
15
153
-40
-144
299
-504
-333
39
-129
-49
-387
344
-257
299
-2
63
507
-379
-369
-507
26
-18
-400
-239
-319
17
-183
-904
-16
476
332
43
29
-34
395
-453
268
-509
89
7
587
175
606
194
-425
33
706
195
-651
-68
-71
-402
-214
-186
524
-350
-351
224
-90
-91
381
-180
310
414
171
-134
-326
-210
234
43
-353
-240
-179
-295
-251
45
141
-87
350
-632
-264
130
-822
329
-223
119
-216
189
-110
-36
-267
63
-309
-124
111
-262
615
276
4
73
-282
20
630
-176
-202
303
759
-246
286
584
-12
213
156
-350
68
-141
-38
116
-840
-370
284
-174
343
-109
597
191
-8
-154
-202
-568
-5
128
-261
-5
123
282
140
185
-206
978
-2
-174
-199
104
461
-92
191
-382
407
-262
-437
-233
-386
-521
60
420
702
134
-77
-269
-364
155
-582
274
-44
-18
235
116
271
119
-7
-38
42
-36
246
-161
-323
-397
749
90
-68
241
311
-254
269
238
-259
300
-124
-438
208
-68
-738
-470
483
383
95
100
470
-680
-512
151
-24
-127
258
-260
1
222
-108
-41
499
-148
534
53
-188
-82
63
-95
1
417
-219
-534
-394
226
213
385
5
535
-455
-109
148
169
205
-3
-73
384
232
160
607
-116
12
-47
-109
426
135
547
-456
276
428
-196
-155
-525
63
304
454
285
-147
-139
-29
-6
51
-371
-71
-295
-551
146
211
430
345
-17
-65
103
318
-603
-627
108
528
-466
-222
-174
-239
-433
289
-99
707
311
-204
-426
465
-301
274
-883
-390
-235
-48
-48
179
-538
306
-112
-140
197
-72
-154
-465
-68
329
-276
-248
-186
-81
193
182
45
-532
-32
197
127
-455
89
-114
134
-219
85
282
-516
-87
55
-97
-513
-53
-95
99
-97
478
-397
150
202
554
-559
-391
-31
-132
-384
-49
118
9
-125
-892
-307
-138
559
-280
172
-401
118
237
837
-307
29
739
-837
-254
-189
114
-19
105
591
-216
284
-436
-170
-437
254
166
-19
-140
193
-92
-33
-50
465
293
-208
51
216
-57
-60
257
-107
-192
116
-88
321
-88
17
94
-560
555
146
-233
48
234
-280
-19
209
-97
-383
-334
332
124
68
-108
557
420
206
-213
-150
204
316
-642
242
-497
101
-328
272
141
-253
147
-30
-122
-131
-84
39
566
-143
-129
-37
285
-117
-300
54
-199
92
80
371
393
-9
-179
265
-14
-185
-317
54
-968
401
130
-403
-109
221
84
178
163
-133
255
170
355
396
438
14
201
80
-28
517
68
-929
-149
39
-306
93
-619
238
-205
515
-444
-264
482
252
78
-88
386
-240
-384
-220
404
207
113
350
-10
193
328
52
13
-407
-415
-173
79
403
241
-231
-171
-307
-206
-129
-142
-36
519
-379
446
144
-170
-131
-636
-81
113
-310
336
155
-319
-234
231
4
36
261
-521
-265
-113
297
-645
-586
70
629
144
112
-265
-464
-80
-73
540
-319
494
-441
134
-205
584
-333
-127
-258
-193
164
-205
-299
-167
578
130
419
92
246
-251
-367
382
581
-197
696
255
415
-180
-531
520
-467
188
-104
-3
-205
705
-62
512
-269
167
212
38
52
-54
-640
-81
-295
22
287
-103
-132
189
-305
-378
89
-141
14
-68
66
27
-176
197
-485
308
-428
-20
-533
584
-706
881
310
-491
-93
-542
39
-26
179
320
225
-322
-65
-45
-1064
87
-424
149
-41
-71
-253
-142
-526
740
-405
156
-140
777
-6
-113
39
-184
145
-241
-443
-470
370
459
31
-434
78
119
-14
-166
-307
41
-734
460
209
154
346
270
461
-326
104
417
-827
-835
282
228
-259
-351
432
105
375
-64
-283
522
-285
196
-401
365
-333
-494
143
-534
774
172
416
482
-293
246
220
-343
-338
-559
-216
56
-533
-732
499
355
-132
-125
421
434
291
-288
265
156
204
-331
-93
164
-524
-537
-55
322
-75
-511
49
174
225
-239
935
-55
351
-288
156
143
-341
295
-186
-227
-37
240
458
-333
562
46
180
-1039
68
405
58
-519
-359
-12
-293
-347
404
-272
344
14
-300
-256
280
185
112
-204
676
-176
410
-4
211
178
56
-303
-324
-57
150
410
152
-263
910
-358
294
509
504
219
-220
203
-469
-152
-238
-209
143
575
-545
52
115
17
-597
220
614
109
-879
168
-64
180
187
-3
262
268
123
204
-258
-7
42
-60
204
-330
417
-125
-896
-191
-304
-86
-355
576
-139
179
-65
-17
744
-904
-230
-333
973
-516
107
-137
289
-112
507
199
773
-173
767
13
-298
200
121
-8
-329
-305
-29
-344
-187
-69
499
164
-578
-581
-266
30
-146
-160
-351
-159
-60
127
505
-28
325
417
96
139
96
156
-2
-332
-159
626
-145
-432
414
169
-24
-122
359
-437
304
34
-47
210
504
565
-178
-200
374
-208
314
107
94
331
-502
-710
179
261
-113
11
97
-7
-294
-324
-178
-733
-225
318
430
0
-47
63
-1037
-95
-897
-206
-395
319
-90
-244
-271
188
-160
120
-23
179
-205
285
-246
296
535
602
-343
-294
479
59
129
70
-165
-368
-504
834
356
229
509
568
-210
-93
-30
-433
-76
475
-92
55
107
57
-84
413
-233
-42
249
145
65
140
554
-350
41
-429
242
181
93
388
432
-15
-73
195
-150
37
-656
18
103
-153
-108
-324
324
67
146
-147
-304
-258
46
-493
45
-305
190
199
148
200
113
27
240
-574
102
-439
-124
-131
81
269
-166
-78
112
-347
-425
-75
-7
18
-418
204
340
288
-465
1073
159
-603
153
-337
63
21
-463
238
146
-463
-187
48
266
400
497
-412
-670
-9
146
102
290
170
82
246
14
-610
156
-286
-125
149
4
-397
139
236
169
61
-91
-500
129
359
-86
389
843
213
-66
-570
-233
183
313
125
-423
-314
106
-273
406
-731
-192
-371
60
-10
-325
528
233
-8
-527
-438
-177
298
2
328
-176
330
162
-333
-303
-516
690
317
246
254
609
-138
-500
-340
-460
-57
-237
208
328
435
24
29
-2
-16
73
821
-536
-123
-683
-56
-173
328
616
322
60
-101
131
-32
212
89
41
-546
-168
-198
-321
-353
388
48
-207
-363
-134
-182
-134
-490
-357
578
-87
-222
-296
-115
230
171
352
932
-195
256
88
-49
240
-147
33
-87
254
-239
155
-330
481
-345
131
-486
-313
238
-91
-862
-592
-99
150
-57
-300
436
-103
120
135
63
241
258
238
129
180
161
456
583
263
77
69
-211
543
70
-102
269
450
421
75
-383
-37
442
-825
-182
111
400
-110
9
88
-21
-18
-205
-448
789
-496
-50
629
-4
86
-326
-166
-174
147
82
98
-186
-287
517
803
-306
49
-376
-22
238
-140
-111
-21
-139
-504
-545
510
-186
-168
-139
772
446
-441
103
-51
-14
-322
-179
162
-283
230
-475
46
122
200
82
112
-41
-351
-190
-104
68
74
130
533
-513
-67
-868
-5
330
-401
390
205
-41
84
3
45
113
530
-244
-110
272
-33
370
173
-472
185
-309
-90
-230
175
368
-84
67
193
-181
-591
403
-102
66
-695
642
-362
106
208
241
4
-245
243
105
-178
-39
-478
-285
448
-100
503
-391
268
-358
-331
-406
183
67
70
285
-165
399
-183
-681
8
618
627
359
-84
-349
-578
529
-545
-260
-90
-276
-279
-405
385
591
-292
345
504
54
479
282
657
803
126
285
-247
3
-357
62
-342
696
302
-215
217
43
-682
993
-104
187
458
377
99
510
183
-108
-194
72
-333
145
130
-485
54
538
-299
451
161
-493
330
287
-445
98
-616
-183
294
-124
-168
-66
-431
-220
-135
-53
-86
-70
-49
-177
-48
253
36
-563
22
129
-401
-111
-361
91
-233
396
537
169
-7
127
176
-554
-131
-145
-366
495
298
-60
-87
-116
-455
23
-136
78
101
-400
563
-266
273
108
21
-629
-379
229
-20
307
56
-164
-224
-380
-290
-21
38
-136
-550
-409
-47
-593
-81
-663
-366
-803
703
172
222
-317
-70
-715
-207
-262
-359
-427
-257
-602
470
-192
203
-213
274
164
508
472
-38
6
-383
-13
-345
-9
-350
-296
22
-300
-227
711
-454
342
314
163
29
-137
-594
-428
846
-278
115
-140
-358
407
-194
-362
75
-557
-561
-392
-238
228
-556
-67
102
-317
37
-135
160
123
426
-213
-40
138
403
80
44
-36
-98
196
116
629
768
292
-760
-395
310
-303
-68
22
392
-7
157
116
-154
329
592
-68
359
395
383
-458
-35
289
289
273
-60
-464
369
-135
125
524
50
501
-134
7
-306
-132
-231
455
-57
-439
-48
-163
-257
-242
71
27
-40
-576
-269
17
-74
-51
459
-200
78
65
30
-306
-145
293
-204
-33
-337
-144
17
133
10
492
-180
-437
40
-402
20
606
-363
-709
159
249
-385
-161
-76
-659
293
18
54
28
-231
475
-50
-462
-183
128
-51
-289
78
-811
245
599
-60
662
39
339
306
83
-79
-148
-82
222
-88
334
150
-387
-366
-322
-85
264
384
291
595
-266
219
170
247
-522
-616
227
51
180
138
-776
-637
282
-221
149
329
348
-397
222
899
-512
-77
50
-302
67
-168
-427
-440
113
178
345
-33
151
-323
-428
-567
-262
-346
-124
158
-330
158
-277
357
-80
-36
-492
450
-9
-313
-119
581
337
603
-372
-174
-621
-38
-797
-132
401
165
-35
605
278
258
95
-137
499
-217
226
113
72
344
-390
-343
47
-1038
523
202
201
360
65
-42
349
243
276
355
-404
-144
67
290
-74
-8
-506
305
23
-268
-116
-773
21
116
185
-25
336
305
-34
-349
376
-496
-364
244
341
-170
-77
-152
-359
-368
207
84
583
141
568
-205
222
-249
46
-213
511
-603
-242
284
160
38
-404
-28
119
-540
-433
-337
-59
292
-858
-73
157
-442
234
40
-307
-364
87
40
286
36
-108
-138
-82
-589
-322
13
-41
176
-278
176
107
-121
-32
-775
1
-5
50
-994
-103
-6
-478
571
-209
-212
-690
678
106
-66
287
315
-71
410
-599
46
-482
-271
399
-299
-59
-255
-330
34
140
510
-172
-69
-51
544
249
126
-441
5
158
-177
405
381
281
-201
240
-20
-444
59
-202
198
-417
214
-671
-110
299
-31
-319
407
279
30
-134
-86
258
125
-657
-701
231
-372
-363
-271
-287
278
397
198
-96
423
120
-3
-174
-352
25
533
-194
749
-80
113
-182
-54
-91
219
397
506
-740
216
-838
159
-489
-287
208
69
-403
74
-443
-607
-317
8
623
90
-32
-314
254
305
588
392
72
20
95
73
348
-128
219
-40
-214
-21
-381
174
316
74
568
-73
421
-662
614
-37
12
226
-760
241
-319
-232
-794
277
58
-475
-154
-230
239
148
153
-231
-299
631
334
617
-360
23
80
-64
-153
229
-89
-330
-41
544
136
167
256
275
-163
267
-124
-144
-288
-6
358
193
-388
362
-217
-95
434
-892
264
5
389
-30
55
-461
-148
703
-71
-25
-379
-21
-216
-83
-263
-129
-581
-475
142
104
-2
94
510
-14
143
-163
114
-240
-375
-127
-164
103
-385
-500
263
-42
652
19
-12
340
587
232
348
222
-41
140
192
-465
50
263
629
159
105
370
-148
-28
-204
171
-150
-41
309
-333
22
427
185
266
-78
-212
328
123
-444
-408
3
445
-431
321
14
-29
226
-43
-279
-107
-306
-635
-160
1052
244
31
464
157
-309
125
88
-134
303
-441
-434
1054
49
24
-815
412
-33
597
-274
456
-291
174
34
271
-510
-332
-132
303
-212
76
-551
-379
-410
70
109
-60
-31
41
-151
551
-889
-24
348
-164
-270
8
-52
383
7
22
-180
169
-15
448
31
-21
156
7
-70
-13
85
170
752
-262
-296
249
107
-405
389
121
-623
-66
459
-355
14
481
-26
262
301
427
317
67
58
13
140
819
256
35
83
62
-162
-55
14
-257
-283
169
320
224
30
501
-5
-390
-261
170
364
316
373
845
220
122
54
-147
66
216
-25
369
-65
-157
-287
146
-191
119
221
-33
-412
-529
169
-208
332
-92
-102
-464
-180
-525
-50
345
-319
221
-566
-649
-597
-158
95
-530
-311
-814
-149
199
88
-180
-481
2
-299
-285
-119
363
-229
-241
31
-74
582
-20
436
212
-182
-546
-288
244
218
-560
38
118
-321
-405
-258
-304
235
-44
239
-47
-499
193
133
-21
145
-245
-762
-13
31
577
270
-613
264
-348
-306
-8
-325
-138
9
-309
166
-283
115
75
212
-102
473
111
193
-94
-379
2
40
209
331
165
-381
382
68
9
430
436
-188
-598
-345
-395
217
-313
208
7
70
-546
-115
566
575
-17
18
475
-8
344
242
-110
54
-803
433
6
-174
-82
672
-6
935
212
-42
-14
325
-617
536
1
31
407
59
462
231
710
15
187
-337
-54
-462
-109
162
-721
-66
711
-224
-41
261
-295
377
255
448
-232
220
-1049
-12
-295
-214
130
381
-105
-145
262
-610
-105
-5
-36
-416
811
134
-36
-603
-11
139
628
12
24
-92
21
-793
245
384
-165
-33
295
-97
279
20
-356
363
-499
-292
-329
116
16
-229
-509
339
128
400
401
430
808
96
120
105
377
146
151
-74
-18
425
569
200
-71
-225
-25
241
312
311
290
-146
53
-32
-46
756
78
-35
-221
172
46
-113
127
474
-147
-310
280
109
88
-365
-360
96
-57
668
298
-376
279
219
146
-409
501
-262
-229
-1325
-370
3
-179
-228
441
-643
165
155
-333
-207
144
509
-192
-108
60
443
402
-483
-116
-566
230
2
373
-209
-557
698
-366
-333
-668
-152
598
-157
571
146
-184
345
120
-177
14
269
-8
-229
-51
185
420
309
277
404
-22
-329
-345
34
-351
-44
-398
347
-268
60
-3
-187
38
576
-200
-665
7
394
62
75
484
-190
-153
-183
-634
-852
116
-335
235
635
-265
-234
13
-308
936
204
-353
11
403
284
-808
457
64
107
61
166
-280
-149
305
-407
-184
563
236
-247
539
223
528
-99
-61
-317
57
314
-338
-60
68
-524
-193
353
-133
-4
-163
179
110
113
586
-147
165
-56
39
271
-342
279
-546
-266
-369
731
432
770
129
53
150
-441
-478
-316
-9
-20
-170
-27
-223
-404
-197
-138
315
-286
-304
-274
86
377
283
-243
-622
-4
-403
-116
210
-560
242
-746
-46
107
210
194
305
353
-1
155
-273
128
109
378
224
-446
171
-676
188
412
-93
-294
-258
-153
392
167
503
247
481
6
-235
-311
-139
-136
203
-471
423
-60
-367
-240
-581
595
17
729
-150
-528
153
-211
-663
-168
35
-294
352
229
-129
-252
112
-895
379
282
413
-56
356
-324
-127
-272
89
299
92
-128
-23
-273
154
-252
172
-11
616
-50
-13
49
60
-713
12
327
426
207
-38
-463
-296
-262
-384
210
568
288
80
-107
250
598
-411
-222
-140
108
597
-148
-186
139
283
-761
222
-157
-55
433
-121
-195
-494
-241
-111
-168
220
453
215
203
289
26
86
-8
-675
-154
-167
190
-143
623
665
2
-456
327
-154
633
9
-85
323
874
-258
182
-656
410
-397
258
164
454
-187
-301
26
54
-390
-231
-271
69
523
-520
586
150
322
-109
293
-56
-373
-277
446
281
-815
-210
-60
712
166
91
436
-90
288
-482
-466
-433
42
7
-215
-156
-225
-276
-149
0
66
325
590
235
-252
-280
302
-290
188
-145
369
-170
-664
277
-311
-519
310
299
-131
107
-572
-58
-135
312
-216
-98
-145
-717
-328
179
-77
-331
-362
581
-148
-396
-77
201
340
320
-225
-51
-284
-219
146
-845
1031
-11
377
258
380
-166
162
-95
105
-166
195
302
296
642
-731
-397
284
-164
292
34
432
396
-181
185
292
-546
194
-152
-17
85
486
47
286
167
244
159
164
-228
-26
-223
-277
-177
-141
512
117
-110
82
-230
-6
-146
119
158
184
27
-68
245
-233
1003
592
-75
321
246
-509
-475
386
-270
748
-609
-184
271
300
-237
278
664
-263
-882
242
-923
-186
667
260
-27
24
86
107
738
-80
-326
473
6
-364
-107
-455
158
-599
-119
-58
-269
277
-177
50
-293
241
366
-373
528
290
63
-580
229
805
-63
724
196
-435
-188
-261
9
119
-413
466
256
159
307
-34
-59
-437
-256
-421
115
53
-283
140
88
-528
93
-189
504
-415
611
750
336
-644
218
548
-174
218
-38
-542
-301
-103
-209
307
-239
109
715
-411
975
319
-52
29
30
31
-125
166
16
-31
-165
-105
660
-106
-217
-480
-88
154
-81
137
338
-157
-111
174
969
-96
35
-61
443
197
142
516
335
310
30
-80
-280
25
-212
563
-557
-183
30
-436
-16
631
73
-97
-272
-556
621
-15
884
-603
264
-79
40
-164
38
185
495
-240
172
211
486
-4
576
707
618
-442
248
-22
178
129
-125
-26
686
146
593
450
-212
525
-287
546
-222
196
-28
428
-461
-195
143
-682
294
-535
-44
24
-29
303
-22
111
32
188
-196
466
408
132
311
236
-69
501
-43
-128
-49
-153
-99
145
-576
573
215
140
371
88
-160
191
-4
-414
-219
188
-125
-207
-719
404
402
102
265
531
-269
276
253
234
109
7
-451
-297
-26
262
78
552
-494
-286
140
-456
486
-160
-286
-298
219
-470
347
214
267
705
345
-186
60
113
354
-49
408
-544
61
-63
202
-409
-14
196
-473
64
-134
21
-508
-450
-209
612
206
163
436
-238
-126
248
-507
-71
-287
-319
558
-469
-272
-70
-475
76
267
235
-267
-415
-41
-178
-134
245
89
144
-429
-17
-201
-61
-130
344
-17
-656
649
-184
-205
-499
-71
-247
112
75
-127
-159
409
548
504
-148
342
-116
388
381
603
803
64
44
-252
845
285
-135
312
-23
-130
-75
-87
-88
373
-35
188
-432
-23
-193
-478
-98
-229
314
-586
207
-51
-94
-64
-288
168
-658
-246
397
552
217
-58
253
551
791
-147
359
205
160
206
-306
594
-261
-188
-55
383
171
543
-512
-344
123
471
-207
233
281
19
-667
367
-213
-329
120
-477
279
416
45
-367
429
821
592
-510
-258
479
246
-585
-343
245
-314
-363
-577
-276
-291
583
-948
-110
511
434
-220
-10
-425
434
-289
-6
19
43
33
207
-388
485
-129
69
217
593
-457
-423
9
105
852
80
-334
19
45
145
-43
-126
-255
-44
469
-105
306
442
498
-769
150
348
-216
-124
-109
-197
232
-114
588
50
364
-100
-419
744
-37
-400
556
-64
8
95
-95
-427
193
-614
-55
272
-13
-593
396
206
569
-387
14
30
-12
-672
-204
486
92
272
-461
-403
125
459
595
-37
170
-236
61
-88
33
-565
776
22
170
-271
33
-751
-602
-208
97
-239
101
221
-245
-248
-675
467
178
13
-165
-391
347
177
246
297
204
-52
708
-106
141
233
-34
197
-295
-29
-38
-196
281
-419
-845
65
48
560
323
260
-51
-612
16
28
61
422
119
-555
-695
219
-259
64
-155
146
174
-267
-210
-175
482
-34
-246
-29
-179
-82
-176
-25
-228
170
-203
232
573
330
-157
262
302
-68
-688
-351
-129
9
253
-116
197
18
168
126
-320
76
-208
251
65
-320
93
-275
74
-543
154
-127
-300
254
-185
-836
280
38
-17
731
301
-699
106
81
5
-102
589
-73
491
-150
-51
-436
-206
41
-201
13
-155
-278
128
-146
-44
32
-3
490
234
48
-242
-126
216
-17
-125
-52
-326
-421
-122
42
223
-124
123
-271
38
-84
-790
195
42
24
161
-206
623
-178
458
346
200
232
-212
-503
-620
-199
-191
245
595
-109
204
171
-4
420
195
-195
491
183
-155
184
-217
28
-340
185
461
-142
-524
-85
-500
-18
37
208
38
436
-46
-334
-13
-83
283
169
-74
244
-239
-180
-45
-20
-218
-543
-567
78
-345
372
-161
-64
-121
-233
-215
498
209
-105
-322
-452
-255
44
142
-16
-351
111
-100
679
186
261
-197
20
-4
-533
94
-202
-299
168
-366
-56
108
480
311
344
-110
-170
344
-272
172
-56
-11
334
-486
433
-178
-158
-14
-41
45
-126
633
618
-222
40
-346
3
-157
242
49
-56
-191
-832
-158
475
700
-146
-199
300
-41
-712
-206
-6
-308
-373
-1018
-53
336
634
-395
373
42
-536
616
-344
620
106
-161
180
573
-258
-549
-31
319
-33
399
2
125
275
9
-359
-393
3
858
32
61
-364
-79
653
75
-176
-460
-159
240
-97
79
44
-8
163
34
-94
108
-148
-25
-149
301
172
400
128
223
-356
-172
-205
387
-167
129
36
105
170
139
783
-217
-207
508
-67
29
-357
-540
212
268
313
537
97
-9
-294
264
-656
11
561
-1
-28
563
-83
86
-252
-171
270
-668
110
84
-357
-49
-36
468
137
503
47
-507
130
-379
-234
248
-69
20
-79
49
-31
-92
-609
-189
120
-189
77
165
-17
-177
-295
79
-586
140
72
246
277
235
-885
425
471
341
427
256
91
-555
65
299
-245
4
-114
60
-533
509
756
-460
-415
347
234
89
131
8
189
14
-628
-52
233
-308
-610
-172
88
88
578
-36
200
387
17
245
81
31
-93
408
370
134
253
-147
576
226
293
28
58
-524
62
-336
-311
-358
429
-462
-106
-346
179
-217
-133
336
265
-123
-55
-297
-124
-361
-218
0
-171
7
90
1
71
-257
-171
-53
191
227
-365
-122
112
130
27
-305
229
521
-360
430
460
477
-61
-262
-128
-81
-6
-219
806
-300
291
93
162
-64
-49
-812
-577
217
-373
399
86
-475
239
-257
160
-228
541
53
-386
-10
192
191
-305
-576
384
-686
-95
135
113
91
325
168
7
857
-200
71
-65
-857
23
21
-233
-261
206
-423
396
109
451
1
-206
-203
529
229
-388
-329
-487
18
-78
-182
-128
-165
8
-471
279
6
378
-384
-286
-309
423
566
-603
395
-19
50
247
515
276
162
-429
501
-405
520
-135
-392
327
403
-230
115
307
468
233
-56
-421
209
183
306
-181
-53
123
-342
-166
-504
242
-362
19
703
-113
-73
140
618
445
-214
337
-182
-295
-632
88
301
435
-111
107
-44
76
568
29
-380
-705
79
-171
881
193
3
-151
-123
94
577
870
-62
230
227
466
-2
-376
230
-128
-486
-32
-361
-266
-1
543
199
78
-40
-228
33
-203
145
-190
384
70
-5
-88
-33
-111
78
350
145
260
-549
137
645
496
-519
337
102
91
-217
-142
-130
-335
-69
-411
179
346
-28
-405
324
-505
395
361
-503
-216
-505
206
24
198
-216
144
-189
201
-179
-187
-681
441
-172
-242
214
373
-25
-129
276
-166
43
-160
-502
-187
283
104
404
54
-68
-326
234
-154
-613
-353
29
-75
37
-223
311
8
-306
-118
-346
-689
648
-80
-106
145
-121
567
309
-65
-107
-822
44
-30
-74
-16
440
131
506
-264
654
-126
369
176
-105
149
-352
60
172
436
652
66
-102
531
342
-38
249
531
205
-307
17
536
-551
-2
163
-212
-39
-99
509
-194
-41
568
61
201
-697
432
459
336
-718
-174
-189
20
110
280
189
-74
-249
264
97
566
-550
184
-537
162
367
147
-72
-218
498
-205
-230
412
-608
-349
-109
-99
-171
-451
25
85
68
-130
-253
712
-126
567
-422
-135
-149
143
-185
-221
-151
23
-349
428
-421
-399
-569
-182
-529
280
-338
558
-456
40
103
467
50
-439
91
59
-313
175
-20
-1014
220
-292
-140
-385
-350
84
-1
7
-21
427
302
25
-68
-496
-64
112
-47
-202
529
-371
10
-337
-468
-191
-56
28
341
-6
-943
-289
-142
-38
147
40
-121
-333
81
-172
-229
-12
-72
505
-267
75
54
98
14
462
198
-176
45
90
411
-400
131
161
-67
16
-28
26
240
6
255
-116
-380
223
348
-523
504
-34
-760
92
239
-140
-23
246
180
-21
-78
179
11
4
-28
441
-247
266
-158
27
312
154
29
-135
113
-213
-186
535
248
-15
-104
-169
-127
253
-415
-167
417
178
-220
38
300
147
172
531
-324
-162
-339
-31
236
107
-24
-103
69
-429
161
137
174
677
-258
-270
-268
-45
202
59
-321
-319
-456
-61
155
-263
736
-289
-792
-168
-1099
-547
-104
836
-27
274
-458
241
109
-72
-582
-794
205
130
-656
-264
-247
190
-259
-180
59
306
-92
51
88
-255
865
90
-451
-214
-36
-171
-32
-330
-488
219
69
-273
55
743
97
91
-222
624
-144
191
71
105
124
97
-380
184
61
31
313
-259
-252
-266
274
98
37
116
-358
238
384
38
-16
198
125
55
575
-205
738
-363
197
521
431
171
-2
112
-101
320
388
275
1258
-78
657
-96
435
372
257
307
-366
160
231
-54
487
-25
-534
-383
-263
-404
259
-97
13
366
-340
-284
622
56
-79
86
-210
-539
-413
-372
-120
33
-139
-233
-78
-116
442
586
141
-290
-895
96
-387
-260
510
-226
-614
-80
-332
-55
247
-238
-8
324
-181
349
-353
560
-539
-115
555
322
194
198
224
496
-460
-411
239
-105
158
-292
194
33
234
533
-30
-98
144
111
622
396
259
204
416
-476
-64
428
-203
68
115
30
108
-566
42
240
-111
-594
21
-913
664
136
-433
-359
-269
-242
104
250
135
-146
100
-75
-64
-49
157
383
33
178
-367
-237
-479
-201
422
430
-2
88
-243
-398
-67
210
-419
-92
10
-427
95
-36
43
400
225
-444
-141
47
-165
-221
533
291
672
-173
-324
659
-377
405
-15
33
-15
174
-52
-55
-64
352
-274
-389
99
-642
-197
-80
471
326
-374
442
418
-152
237
-319
-172
-148
-610
454
194
-49
38
-566
-44
-397
-199
312
183
214
435
276
151
-683
525
-280
293
-266
366
-46
164
-163
-313
225
46
-406
75
-237
470
-412
3
-143
-208
197
-521
337
572
29
114
89
-282
269
147
242
40
425
345
-373
-282
229
384
-182
390
57
21
-184
-129
553
333
-366
62
487
417
303
750
506
-321
-871
158
-421
-408
-38
-83
-155
-298
99
-169
-284
-75
-79
-24
-62
171
-69
-210
117
-49
-415
116
-6
-132
-120
454
416
240
436
38
488
198
-236
372
216
91
156
284
-163
289
-246
602
614
119
987
-368
-365
-519
-38
-643
-150
114
549
415
-274
351
335
-76
-653
816
429
-46
244
-512
-600
340
572
80
202
39
297
-79
512
-486
-210
110
-65
-53
136
515
663
-19
212
-88
-342
47
303
61
433
534
-293
-2
-479
71
-293
-237
-194
-487
40
-68
-280
-582
-141
40
481
-836
688
-89
250
33
179
-943
437
-124
444
151
-79
276
222
-496
-474
-172
-439
571
55
-200
-106
581
-108
-196
589
-104
-83
-259
-14
113
-898
-368
-339
614
676
50
128
441
535
67
-71
-212
29
-257
-405
-7
-673
-121
166
230
339
-363
499
14
-311
354
37
219
-359
-5
285
-217
-71
-573
430
-308
-216
-269
-68
32
135
380
-243
-562
103
-13
-123
-559
-82
87
330
-371
235
157
-573
-251
367
298
-433
212
-200
161
272
183
-142
97
343
-18
-376
185
495
-51
-488
-120
-144
-637
90
83
-641
-467
-286
478
-121
664
-119
-74
-728
-584
-431
346
486
-457
-158
-13
-118
289
-95
-163
235
-293
247
-222
25
117
203
-26
313
-4
173
-139
438
444
329
37
73
-283
-599
-164
276
-300
466
222
-227
-611
83
-354
-220
277
-272
-318
455
313
-92
-52
-190
-180
313
-442
83
469
-85
463
-582
64
-46
-488
43
-422
-148
-31
160
-710
604
-19
-680
210
433
209
-697
-1031
213
261
-533
156
229
670
299
-172
102
9
51
253
-504
-203
4
-84
93
369
163
355
-616
-579
-143
-324
124
-176
-115
-305
-154
-421
-75
268
155
56
166
-81
-397
-103
49
-130
-554
282
154
91
-564
-254
-197
-402
257
-749
-295
-404
-605
-322
14
15
136
-168
386
-235
360
528
-403
-4
325
-110
-117
-110
250
-129
254
207
31
75
195
-145
398
-86
-206
-485
49
-349
110
58
-142
287
921
-99
459
-288
-288
-761
134
72
-402
325
359
-364
-428
-111
333
73
439
-512
325
13
-80
-224
137
138
-185
320
1
146
-302
-253
-290
2
-89
-274
-61
-230
-17
-218
-266
-193
322
-374
-35
429
217
698
38
-81
-31
237
-264
68
-430
-154
159
33
-282
-161
142
-208
74
317
-62
129
249
-310
250
-309
-500
165
-177
76
320
-225
421
414
-182
366
-417
-231
80
72
112
2
409
112
467
396
-175
15
123
-110
-500
191
379
211
-50
402
-327
-168
96
-155
63
-583
293
-269
121
-294
197
-324
492
276
63
-452
306
391
-284
-275
-570
-35
-382
451
198
-209
-26
256
604
165
-279
-87
-501
65
-260
150
620
431
291
698
-157
644
-559
-590
-732
-56
151
-60
332
262
-300
386
-490
25
-56
-87
170
-10
59
-477
-184
469
274
-390
40
213
201
247
579
416
39
202
-178
627
518
361
139
202
340
149
299
49
-197
27
-255
463
-662
-317
584
745
37
140
-348
-328
102
272
846
-407
42
11
242
144
-247
-258
327
212
-163
92
426
-111
-368
-196
202
147
447
357
396
-31
230
509
439
-594
-154
542
182
-432
-632
-267
-175
241
89
-767
217
-37
-169
393
-138
-417
21
547
-591
-311
234
58
784
-316
-385
-233
17
461
371
675
-342
-623
-229
-216
-66
81
-89
-243
-358
-112
-210
122
-220
-105
467
-238
135
-123
-161
-865
107
344
-276
-140
-272
-34
-153
62
-563
199
24
501
161
-12
-95
509
225
27
324
571
-226
-351
-8
-21
-186
-277
-283
8
-276
-225
-142
-928
-168
-155
-310
201
-228
263
635
-132
-338
74
244
383
280
-379
-1
-56
-140
-85
179
-234
-295
-256
505
-416
-8
-377
335
-62
-127
-124
-279
146
-63
-151
40
987
-485
299
-184
-210
-139
689
-77
94
-193
292
356
-39
-509
401
-300
85
745
18
-585
364
-427
496
-478
-142
96
35
-221
217
9
-568
-203
225
-57
-74
444
76
-156
-173
-671
208
-42
-219
-190
347
-97
412
-65
-87
492
160
-53
85
-557
-178
115
-174
406
-116
-234
-229
10
-539
-545
268
-462
268
290
-63
114
-372
686
-492
-84
694
88
124
265
-163
-207
-675
-169
-173
218
-208
-146
430
256
519
466
-299
-325
449
55
-421
-332
-76
-107
-577
270
-106
491
-314
153
329
-348
-37
738
34
128
8
93
30
-79
-4
-489
-193
152
522
751
-486
-473
-514
322
-136
-346
-546
71
428
74
-800
412
16
41
-566
99
351
578
-82
-169
412
33
-65
-12
-190
-188
50
61
-215
253
-116
194
447
79
-390
-28
-275
131
89
255
327
323
-406
721
155
343
143
136
57
-157
84
-255
121
-50
434
-173
-170
-309
813
-224
-366
-179
-250
-107
-605
64
-298
663
112
393
-107
-140
299
163
-145
1
-264
-213
214
33
-312
-268
196
26
-150
-403
-313
-110
-369
327
165
56
-98
171
-128
304
55
119
-199
-401
144
-444
-122
-271
-244
396
608
-315
-202
-201
-390
344
328
-330
-124
262
-362
287
351
-109
375
-258
479
349
-79
-203
423
-1
-438
-360
339
522
679
87
-156
969
133
128
-144
-119
59
30
248
-300
372
-310
42
-148
260
-128
57
219
820
-757
-84
573
50
223
75
-78
-10
-1
-472
673
122
-324
-354
-562
-132
-496
-16
-439
-605
-159
-154
-421
-292
-702
-75
-334
249
190
115
-349
62
-84
-60
18
600
546
121
814
92
652
592
349
-752
-94
327
352
-112
-463
-413
-530
-115
611
-151
130
-182
64
-66
651
-496
-48
-477
182
-119
300
561
49
93
18
-184
-730
363
-383
157
-323
-105
-68
450
-103
222
443
-130
-210
1
7
207
89
-80
322
139
412
-106
170
-114
447
359
-110
74
-22
240
162
158
515
-114
547
477
41
49
96
-401
26
-118
-349
-513
146
348
284
492
110
191
93
-516
-55
-270
39
-62
458
231
-19
243
464
-291
199
-369
233
-444
-143
-17
-93
-554
-46
133
-43
333
112
309
-82
466
-17
188
-208
169
-401
-446
446
-295
-258
257
139
-245
132
-283
223
-326
-143
-412
74
-166
775
-628
-371
-240
-336
143
164
222
-296
197
-77
283
322
80
-81
417
-19
-57
-271
-327
109
191
171
327
-58
-226
54
-344
-499
-464
278
215
50
188
374
-140
332
666
385
274
-334
-76
-217
-39
-224
52
-57
-37
479
-536
138
-148
92
45
15
-415
-264
181
327
261
530
235
50
74
437
34
56
-182
27
44
-173
-356
142
130
271
-140
330
177
351
-36
282
-13
-169
352
-587
797
-4
-139
222
-59
98
174
45
-319
304
47
-385
517
761
-21
397
-289
-183
-293
462
-315
-85
27
-20
-305
164
493
336
-798
-351
-16
-179
75
-131
-397
145
-54
-406
-204
-108
251
415
-430
157
-94
178
-397
-12
325
285
456
-250
13
32
-272
318
-8
-26
-18
370
-178
-300
288
-14
-179
3
-479
-29
-226
-320
-294
-118
267
-527
378
185
-256
-299
448
264
-331
-96
535
677
366
382
-600
53
-313
323
-295
-265
326
13
151
-144
-106
-160
26
-414
-148
118
326
7
-358
-12
-109
-746
-64
-340
742
-254
-30
-104
139
156
123
260
115
109
86
307
-404
-22
-200
6
209
-579
-117
158
325
613
-77
103
-446
-277
389
-348
561
82
-147
-63
608
-571
213
85
-553
-27
130
-17
249
146
-167
-72
-46
188
-657
89
-13
172
233
190
-12
439
19
-131
-304
-179
25
-379
-312
-604
162
71
469
-121
164
343
-480
7
580
475
518
-368
-21
-311
-62
170
113
247
121
-275
317
-358
177
40
561
60
491
77
-293
15
84
76
382
-618
-459
-369
-33
375
-189
-18
-109
-243
46
332
84
-146
-247
739
624
246
329
436
-372
-209
-759
53
270
-561
4
-197
194
-344
37
-476
553
-448
-171
-143
-268
194
472
994
-230
355
-281
143
-123
253
190
278
-64
-174
13
100
594
-353
36
-161
-121
34
-64
-640
91
-407
98
70
-276
388
446
194
-361
-18
-212
-90
394
698
-21
553
-534
393
-249
-403
246
370
-2
224
201
-89
-211
148
120
-285
482
-248
38
166
336
-19
-447
-70
30
-443
-51
-250
246
206
56
-268
223
205
255
508
-103
-177
-245
-396
-304
715
-702
-186
-102
-285
52
18
-197
-556
-241
-73
-43
-584
532
-459
295
-462
-229
-480
268
-434
93
-95
250
383
33
-222
-23
53
85
391
6
467
319
-230
-590
127
-371
-89
375
92
312
-703
-373
-513
155
-236
74
-166
-111
-39
64
-11
-74
689
378
-409
173
-620
308
-97
-147
-69
-220
212
-243
210
314
-183
364
218
36
415
-227
478
-109
-60
45
-37
167
77
202
167
-240
-182
194
-603
-193
-51
788
-40
-268
-69
-173
181
-105
-9
-58
-254
483
342
2
-161
368
-100
208
132
-261
330
-330
-130
420
-304
-414
425
-125
318
-293
-414
315
233
-493
640
192
-132
-518
-219
276
195
36
-198
-144
-157
-191
363
-127
205
533
166
500
-262
-204
-96
285
19
133
571
-683
-260
-409
-386
-929
301
174
-58
13
-277
-320
5
251
22
-74
-405
-542
-140
135
-326
258
-107
-97
-91
328
21
196
-210
124
-171
-161
-322
-424
-411
103
185
102
637
-419
-82
-34
-385
-7
427
-53
-346
94
48
-357
-90
-33
525
442
-653
-355
-140
-643
-561
-39
177
216
-166
173
130
-201
-319
22
-98
-35
18
-193
-599
531
655
330
664
-214
609
369
866
-180
121
-115
-288
65
-454
-25
-713
-140
89
-225
-119
-291
-69
-137
-66
439
-164
-131
129
566
442
-79
-38
109
-348
24
-106
30
872
82
-225
356
141
-370
35
-296
568
83
-170
392
319
-428
-5
356
-381
-12
98
-534
-498
431
-333
90
364
-521
-582
-168
-83
308
-293
361
-494
-414
-217
227
103
259
-234
-123
-357
-212
-218
-536
254
116
20
-8
-282
306
-385
-343
256
-252
9
707
-327
-354
402
-290
-16
-269
-93
498
-175
-262
-705
-394
192
-354
223
136
75
111
288
161
-165
126
-47
610
-483
779
598
176
305
-220
30
210
-252
-418
-411
-180
217
-560
-85
346
46
-309
117
235
383
222
770
306
-298
-158
-954
547
-201
-435
-542
54
217
-275
243
250
320
222
83
-215
332
-367
174
258
-179
242
-215
514
40
-364
91
54
629
146
34
-116
-431
-571
-101
396
-74
-215
473
-8
379
-81
147
290
-101
-598
109
-145
-150
654
-517
-174
469
-228
-176
85
-134
-155
871
241
-545
-351
416
-98
-66
317
-145
33
-503
380
-2
-116
139
-523
-114
86
197
-219
437
-312
-228
-368
-161
508
-1010
-151
-426
88
-265
-678
-21
291
-44
147
-136
-102
264
-180
-35
-138
4
395
127
215
119
180
759
410
-421
75
-437
5
559
350
68
-533
-459
24
334
-485
-311
-87
-273
134
61
-179
-530
-340
-255
-270
469
-468
81
-304
-432
-53
215
-104
-360
670
-45
57
-194
-52
-498
-15
-163
-270
10
-357
-95
-869
-591
-230
439
374
-38
-311
-446
-35
-99
56
391
100
-409
-218
189
-317
-902
354
258
-373
214
-128
-380
120
-130
-163
209
-78
-26
-129
134
-102
17
-306
-28
118
178
-258
32
449
166
363
-198
-201
73
-373
-453
-236
721
239
177
-156
23
266
-47
-96
207
221
269
493
-174
521
451
139
-135
286
-483
-43
469
129
-37
99
480
255
-24
141
628
82
42
-406
-393
-157
-381
-83
226
315
-367
396
-259
56
359
-380
680
-92
-294
-91
-311
-323
-223
56
244
-286
197
-61
-21
-195
-464
429
-132
359
22
-521
603
10
382
295
177
348
-51
44
448
38
568
18
-39
330
290
188
38
-371
-241
380
-312
14
-17
107
245
-739
-373
-358
-155
361
223
-306
-175
375
-352
-36
380
-278
-23
187
60
-67
-637
-111
272
346
57
-30
125
113
8
236
-157
346
192
-11
-177
543
-510
-79
294
280
-455
-1066
-167
29
-279
33
-318
-294
106
-497
610
-427
304
233
-341
11
-25
-257
-21
241
314
-113
-213
143
72
248
276
-7
-211
264
410
99
85
196
-375
-49
144
486
-166
-266
-93
282
-375
443
48
-408
-57
232
-94
-621
-332
452
-189
-92
-54
-128
-449
451
-84
-6
-45
-193
-178
-261
344
303
-360
265
416
87
-206
-326
-324
-343
-257
-356
82
234
-147
185
-127
113
-269
-50
93
364
425
210
192
7
-128
-336
-460
-280
-294
-52
76
-168
158
-671
-227
164
-418
370
-1
-127
-54
-34
-152
100
255
81
237
14
210
512
-22
260
396
263
30
-589
305
609
122
-313
198
814
285
439
114
-249
-212
24
-105
-191
-183
-271
-347
320
226
-38
850
282
220
-65
-73
-67
-319
259
-130
-369
298
-570
-113
46
-150
-295
848
569
-196
-35
-262
64
53
-104
-148
416
-435
301
-333
329
172
368
-42
848
-453
-148
-261
-33
-1208
-169
-66
256
280
-351
-514
329
269
-399
-39
329
576
3
-151
-321
186
284
-241
-274
-381
465
71
-84
-267
-99
306
-658
-775
445
230
204
-434
-455
-71
-508
-733
511
-1
-94
118
-222
-206
555
521
302
202
216
-197
-108
358
465
-604
-334
14
-427
334
511
39
-267
-384
-21
-465
-440
-91
605
-364
-461
-141
597
-589
391
86
-144
-402
61
-494
607
631
71
284
284
-112
236
245
170
-159
327
49
76
-366
166
-26
-652
-439
795
450
316
-139
-359
-221
-128
175
163
-267
348
438
-41
-561
72
247
-104
250
-260
483
98
-130
323
-281
485
-187
104
161
-195
-243
-326
122
-742
211
555
-85
-16
-40
-173
270
529
260
-505
201
749
575
237
-66
48
667
-261
95
-401
-165
236
75
351
-314
158
27
-22
-133
126
76
-252
-249
408
-182
-407
129
674
-189
-47
492
394
-596
-66
-90
183
-704
-474
-66
-6
-76
-375
37
-507
-553
-289
-458
189
148
-39
233
-521
-202
-287
240
53
-99
523
-269
182
546
329
423
281
563
-196
5
101
-240
80
72
-355
34
-63
257
77
52
54
73
-240
-310
79
-3
-176
-136
-182
821
-339
635
-146
-72
-346
432
98
-419
-66
355
-183
178
511
278
291
-171
336
20
-545
-145
616
21
-40
111
59
430
549
-377
209
359
-66
19
-225
-454
-90
96
-216
-697
-406
257
107
-472
-90
87
-170
-136
-136
-638
481
252
479
-223
331
-307
-242
177
-91
-339
-165
-55
-271
-542
675
204
34
52
135
190
199
209
42
290
-256
-108
-385
-596
-231
313
-280
470
478
229
-127
-345
273
-121
197
-231
252
-482
-40
-374
-162
429
-99
28
36
-283
203
-914
-255
679
219
-381
83
560
-46
116
364
-149
-395
45
295
237
188
253
300
218
485
-82
380
-166
-372
70
-379
298
-390
-23
-594
343
-397
-80
-143
598
-14
102
-121
545
-257
151
-279
-114
252
-277
-247
-318
365
107
-592
210
-362
-424
-151
309
-156
-36
211
54
197
75
-23
-462
40
-233
-156
271
-165
243
-517
-15
445
480
-95
-342
115
-247
868
77
198
-404
-143
-29
-801
-173
-39
19
226
-354
-418
62
621
117
-132
437
353
99
-405
33
54
-210
-143
354
78
-111
-37
16
245
-187
-216
173
-302
293
384
-248
-305
-40
-265
-418
38
294
179
278
29
5
78
209
-258
140
-387
-207
134
-745
-72
-523
880
-223
-228
-84
-289
320
390
514
174
562
269
228
-370
-612
662
177
-594
-50
-201
-64
-237
-52
-381
281
-33
-108
441
215
367
-131
-258
242
-129
245
21
-195
66
172
-40
37
231
-485
-227
-23
88
-61
170
132
66
92
555
303
17
-28
-238
-101
28
212
399
-7
110
-3
593
-754
81
-230
522
-266
81
212
-136
225
589
-534
-119
364
348
-271
405
-411
-60
-347
-25
596
-483
546
-87
-530
-94
-380
432
365
-180
-547
-49
-499
23
-49
-560
507
-465
114
-192
-81
-118
-88
224
-354
-98
-275
-375
41
557
5
58
233
-257
36
-190
-83
205
-165
317
8
147
-321
334
-149
-352
274
-68
174
-349
-386
-228
-545
34
-177
447
-300
316
-434
-188
44
238
-117
-186
-384
216
-351
-155
-31
176
406
0
165
-481
862
-418
19
296
375
-58
407
-93
721
343
-420
354
161
392
-503
374
-648
429
734
236
-125
-118
-298
88
552
-665
42
-595
-270
-309
329
377
-129
-216
-212
-106
-101
512
215
-155
-227
431
-55
-202
-90
337
292
303
256
-397
-76
-62
-129
-10
469
-245
-258
-233
-40
46
52
-183
31
-223
-72
-282
156
-91
-44
163
-34
215
-27
-748
-122
55
678
-664
-398
313
40
-724
93
361
89
139
315
188
132
385
-192
-27
382
-309
676
-239
-84
408
-166
223
-321
232
183
507
222
155
-148
-94
110
576
426
547
-550
490
170
580
191
431
-416
-235
193
690
-36
-54
232
498
-534
465
232
288
-235
-217
341
226
-37
150
-439
271
-530
-107
8
126
456
370
-140
-95
93
-155
182
29
124
753
48
92
-427
279
130
354
-122
-327
-310
10
-597
-440
312
18
-527
-560
-723
599
-115
-459
-14
-134
-517
626
-150
219
15
95
-523
-70
-371
-353
371
251
-108
-171
-215
-275
130
-62
-261
59
88
392
47
305
-89
-325
-236
-460
-1
-519
-289
-133
559
-40
-80
214
-103
107
-107
503
35
215
-103
-298
-10
-873
727
34
24
595
-106
-145
204
-390
75
128
-80
-459
-197
684
238
-298
457
261
-163
-137
-980
-445
192
-535
-45
-99
181
202
-252
-262
135
-387
207
-263
119
394
-129
-352
609
194
-344
-414
228
-42
244
299
-599
324
-72
-48
-319
27
-675
368
9
-583
101
626
77
465
61
89
-232
-92
-120
189
-427
140
-842
-100
-468
31
-821
-36
91
195
-152
84
424
-620
101
91
368
-37
370
