37 75 49
0 9
1 13
2 21
2 28
3 14
3 17
3 28
4 2
4 8
4 13
4 28
5 12
5 16
6 6
6 21
7 3
7 23
8 17
8 24
8 26
9 21
10 4
11 6
11 16
11 30
11 32
12 0
12 36
14 2
14 25
14 34
15 5
15 35
17 0
17 10
17 11
17 36
18 3
18 7
18 25
18 27
18 35
19 11
19 27
20 6
20 19
21 23
22 20
23 22
23 23
24 34
24 35
25 7
25 29
26 9
26 21
27 4
27 8
27 23
28 10
28 14
29 16
30 31
31 1
31 13
32 22
33 5
33 16
34 12
34 30
35 18
35 19
35 22
36 6
36 32
70
65
56
12
42
54
2
61
52
19
28
14
7
34
39
66
16
20
68
46
44
6
58
59
31
26
4
47
72
30
71
43
45
21
24
8
50
64
62
74
63
37
49
15
33
40
55
51
32
22
69
25
60
18
41
10
3
38
13
5
35
11
1
17
23
57
0
9
29
36
73
53
67
27
48
-7
-58
14
-29
-30
-7
-80
13
0
-28
-24
42
24
-27
21
35
-84
25
-53
-18
15
-20
-60
-87
10
-24
-46
72
19
-13
16
2
74
-62
5
20
93
-53
-82
24
59
-88
-54
32
20
-21
-19
-59
70
-24
-74
-60
-47
15
-84
0
62
-3
-8
43
-40
-24
10
37
72
-77
57
-40
-15
104
51
-29
88
32
-28
55
-24
-18
-25
111
-41
-92
26
-81
-22
-50
12
62
82
-15
-23
36
155
111
-23
3
23
1
113
58
85
-73
120
2
-51
44
-33
10
59
-12
61
14
40
-52
-9
-127
-83
33
-50
44
6
-6
-28
7
-70
19
-18
58
-67
13
-40
32
-31
-13
-16
4
7
88
105
-114
45
-57
39
18
42
87
-8
-15
-30
53
-27
42
-69
-20
-10
-50
47
-79
6
102
-20
55
54
3
39
-78
-47
-25
21
-4
-20
-15
-18
70
-20
-82
55
-28
-5
62
-36
-86
-27
-19
26
-43
-11
-58
-27
72
-14
-32
-57
-100
0
-27
-33
-120
27
-72
30
-48
-15
17
6
44
21
5
-53
76
9
29
31
65
61
51
30
17
48
63
34
-21
-64
67
5
55
54
-12
50
-51
17
-88
66
2
22
-85
94
-32
98
-32
-11
-17
63
-32
24
-38
24
49
14
-22
-17
21
-41
-6
-42
27
-89
17
-37
-7
-39
15
-53
39
-133
-2
-90
89
-27
-30
34
86
-1
31
5
7
-33
-46
-20
1
56
19
-42
-32
87
1
-7
-29
-55
18
-47
-92
73
15
6
-83
61
-36
2
-71
49
46
24
134
12
20
1
91
-45
-33
68
-31
53
70
44
14
-47
2
6
-78
-14
65
-48
20
-38
55
-95
17
14
-38
-3
-57
-34
-94
-8
-67
-19
-51
5
5
103
9
138
116
-53
38
-68
-36
15
-10
6
34
72
-11
54
-16
-38
9
19
34
32
0
18
-105
-119
-2
27
39
16
18
-64
90
43
42
-1
-40
-42
46
56
0
-30
31
4
62
-35
-10
117
-32
35
-4
-17
28
8
24
-30
-21
-62
71
17
-58
-19
56
-33
-16
-3
21
-68
29
-3
20
4
97
-20
2
-4
44
-67
40
-18
101
14
-22
23
79
-23
-58
46
-70
-75
38
-23
-20
-12
-13
-52
2
-26
-31
-124
26
-18
-10
34
-11
-6
-121
111
-7
16
-75
-20
-8
53
-61
-15
-17
15
-67
-40
47
-7
15
89
-7
-23
-7
28
5
-21
12
68
-68
-7
3
9
-66
3
15
-95
36
-39
27
-3
28
18
73
-10
-55
-19
23
104
-46
-37
63
5
44
58
83
40
-30
-29
-50
-33
-17
-10
43
-24
-5
12
1
-27
-10
-71
26
-19
110
40
-2
48
11
-18
-63
-32
-33
-47
24
-98
-43
-19
72
-59
-45
-38
32
-103
-5
-56
-96
-29
-28
-9
-59
-3
17
28
-11
-26
-29
-17
-74
-23
104
-32
11
50
-43
-6
-3
-13
-41
107
119
38
-56
-79
-97
-14
46
73
20
21
63
54
102
34
5
23
32
19
48
19
19
32
13
21
0
-24
31
2
58
-13
-14
5
-10
-7
-31
-39
17
-69
-17
-104
-13
93
49
-51
57
22
12
-26
-40
-12
-14
59
59
-32
-92
35
41
59
-4
0
-7
77
-81
-60
87
-41
-12
-6
-71
25
61
-36
2
68
-32
-135
47
-27
60
99
59
-16
15
-18
-65
-27
-12
-29
143
-12
-26
43
-57
95
49
116
8
61
121
-21
-4
30
-38
-51
-34
-51
102
-38
-30
-68
-59
-2
-37
47
46
99
-9
-12
-19
-32
154
71
49
59
-107
32
3
-11
-41
33
13
72
-91
-18
10
-14
39
19
104
-13
39
-20
12
12
-66
-7
71
70
26
-118
-48
-77
-31
55
1
4
-47
40
-18
-29
54
45
-15
31
94
-41
-11
-40
32
101
-84
41
-43
-20
-44
6
-81
62
16
40
87
-44
-12
-48
-9
24
-26
32
44
-49
2
-42
70
-4
29
82
-13
10
36
-81
-20
76
79
-47
-22
-32
-20
26
-71
-17
30
-21
34
-47
-43
-81
-56
-53
43
-21
-24
-31
-14
15
24
-6
-9
7
14
40
-44
-15
28
22
-108
7
-16
118
-49
8
20
33
-2
-13
-87
8
7
-13
50
61
-37
-59
-11
-48
-65
-49
-40
26
-30
-13
-27
-28
38
64
62
20
59
-39
63
38
-101
43
21
-12
-10
3
-21
-7
-7
95
-66
-58
91
-70
1
-44
52
17
-49
28
33
15
-60
47
-68
8
14
-25
91
130
-83
-22
-123
-86
52
35
-88
-75
16
52
38
-59
-64
-17
-14
70
7
-20
-13
31
73
-84
59
-46
-96
-35
-19
35
-56
-12
-22
-20
41
12
119
-37
65
-2
4
70
45
18
-65
-7
117
-23
45
-77
-166
-94
55
54
-19
75
0
28
-15
-81
-88
-38
-35
48
-4
-92
19
77
1
-5
13
54
24
-10
7
-16
-6
-54
4
12
-10
12
-15
-83
35
-39
39
111
-88
65
-26
82
54
-58
18
10
-22
49
-26
36
13
-6
-79
44
-22
-115
-25
8
46
-89
-37
35
-18
1
36
-10
69
65
4
-29
4
-32
-63
-2
-25
90
-5
-64
-40
9
9
6
-5
-115
-16
-46
-108
102
62
62
10
2
-59
61
-57
8
29
-33
-81
27
50
71
8
29
56
4
-15
33
-7
11
7
20
2
17
59
-39
-2
-46
-4
-78
80
-29
-34
-11
-74
72
38
33
32
-115
38
-42
-4
-40
-17
54
-68
-37
37
35
35
49
-8
-31
14
-12
-27
-71
-13
-11
35
35
-6
93
-32
-83
19
65
-36
57
18
63
-41
-44
64
97
-53
-50
14
-19
-38
-62
-113
27
23
-56
2
41
-87
8
-34
45
25
-11
-50
30
27
-35
51
89
61
-17
19
-36
81
-23
44
-63
11
45
63
57
24
47
78
66
3
-2
-1
9
-13
42
-10
15
-17
62
3
15
-24
-59
21
46
-16
-38
48
-1
97
110
-40
-37
-18
57
-51
0
56
-48
92
47
-31
-18
-26
42
50
-5
-73
-17
-57
-42
-98
52
-11
37
10
-7
4
17
-123
-46
14
-32
-29
22
9
-42
54
3
-21
22
-55
-25
-54
-10
27
-77
-42
68
-60
19
15
49
-10
-20
-33
-63
30
-46
86
-81
-16
30
4
65
7
33
-85
64
-100
-47
30
-52
-13
31
-7
73
74
3
10
-73
20
-26
42
-46
54
-81
-87
-119
-29
-10
-19
55
38
-9
-57
40
-3
-8
9
-46
43
3
80
-43
32
-4
52
54
31
21
-49
-47
-3
-35
-73
22
11
34
6
29
-4
70
15
-2
71
-33
-78
51
21
40
15
-21
36
-25
84
10
0
-42
51
-17
-75
19
23
21
-97
12
68
-1
50
44
-25
-15
-52
-56
41
-14
-7
-72
-4
18
51
4
43
24
28
64
-33
4
-39
40
4
-29
-39
-33
-44
-36
23
24
26
-75
-71
57
19
-30
-26
-40
-20
-20
29
-60
-69
-94
-46
-34
27
-46
-15
20
46
-47
-2
-26
45
83
-12
-91
33
-89
-110
14
18
34
-23
-36
-15
-13
11
33
59
-42
36
18
6
33
-37
-2
-26
-8
-34
-34
58
-39
6
59
34
-64
43
-16
-2
33
20
42
-18
-43
-26
-57
-136
25
27
39
-39
27
-32
-30
45
81
68
12
-12
25
54
27
10
-42
11
-22
-23
-59
-8
25
-10
27
27
1
-8
24
-57
-86
61
8
24
9
35
16
-43
-55
-11
-33
-46
-6
99
79
70
12
-36
-75
20
-29
29
-117
26
-9
-35
46
57
69
-103
67
-6
-21
36
38
-39
-1
25
6
-20
-14
36
-42
31
-60
80
-40
-38
65
26
23
-19
2
80
56
-27
-6
-38
34
-6
10
13
30
74
-28
-11
-38
113
-17
-48
-18
-12
13
-41
33
30
-9
31
-9
35
26
74
-21
26
-3
-66
-67
-35
-22
-51
8
38
-26
-70
48
16
-4
-49
18
27
10
59
69
51
14
-20
6
68
12
-13
-42
12
-26
73
-87
0
-22
18
-3
-35
-80
-5
49
-118
-5
-7
-73
-35
95
-24
-91
-36
-39
-46
77
12
-17
47
-35
40
-11
74
16
18
16
-13
21
31
-29
44
-46
-14
18
-23
-7
39
10
31
-31
22
-96
63
-81
-65
-13
-106
20
38
-43
41
-25
-3
-10
67
-11
84
-61
-19
-104
-7
-40
3
24
-8
45
90
-52
-146
69
-2
-34
-13
33
-5
-3
20
12
39
7
30
83
-69
13
-44
-9
-39
40
3
-37
16
7
24
57
67
23
19
-100
97
-15
-13
-5
-1
50
14
55
0
-33
68
72
-101
-3
-43
-74
-34
-3
-63
-15
9
0
-1
12
-31
-52
-27
17
18
-12
-73
-5
-36
5
70
-49
-13
102
-10
-11
37
-12
41
59
25
21
-105
-68
52
-36
55
21
2
-80
55
6
68
38
-23
-30
14
47
-102
-12
26
0
-23
-14
23
-33
-3
0
-1
7
-61
27
-38
38
1
50
-1
0
-27
-32
23
42
-47
-133
0
28
-31
0
-56
-20
-40
-35
20
42
-66
-96
-17
20
-87
-28
-20
127
0
-84
-20
0
-73
130
-16
-37
18
-8
54
24
-45
-44
-6
33
-29
66
28
0
37
95
47
13
52
32
17
-39
-13
21
-65
3
17
38
-1
-28
-63
-14
-9
29
26
12
-22
-19
-47
-109
-13
10
41
-30
28
60
21
38
21
19
-5
4
69
5
20
124
38
4
28
-57
-22
64
64
0
29
-36
-8
-27
32
80
-89
54
-12
72
-41
26
19
-36
-24
26
23
55
-3
88
-14
123
-44
6
-64
-45
12
17
24
14
-25
-10
49
-126
61
-74
-88
-46
24
-32
77
63
-52
110
0
-93
-15
-14
38
61
34
-81
15
8
-152
32
86
-5
-103
-31
33
-48
40
35
-41
-24
-97
-14
-1
-4
-49
31
5
-91
95
-8
4
3
4
83
42
-32
47
17
-5
39
-11
-54
-40
-14
3
70
-7
49
-44
72
14
6
76
-59
42
-86
-7
46
-43
16
57
-23
-57
52
-45
31
2
8
-70
11
36
11
-47
5
7
-77
-27
40
57
57
108
6
-61
-16
12
-50
162
92
-119
54
-4
-91
81
-55
51
-39
127
79
90
-62
-42
36
80
-8
-13
29
-23
-42
13
65
103
-39
-12
-59
-20
56
17
16
-125
-1
38
8
10
24
-46
33
-15
4
-60
-32
93
-9
-25
33
-42
-2
24
1
-29
-24
25
29
70
36
-22
23
-26
-47
9
-11
-7
-40
75
119
6
-50
-29
16
-27
39
1
-40
78
-57
47
37
31
7
6
-90
-60
61
22
-43
-46
-40
52
-10
24
-37
52
-18
19
98
-100
45
30
34
-4
64
11
19
-4
-6
-75
-37
41
-56
-24
6
-2
44
-18
-70
-63
-25
-9
26
-17
-71
-10
43
-17
68
27
19
26
71
51
2
-19
-78
-29
-13
-15
52
40
88
-36
49
14
-17
14
4
0
58
42
2
6
13
36
-124
4
-36
17
-13
-5
20
91
-27
-5
58
-18
-19
-8
16
-43
20
-29
-21
-22
46
-66
-9
4
56
-51
70
24
-32
-41
-74
114
-30
15
-44
-86
-12
1
50
-53
0
15
15
-53
-26
88
-61
-43
-77
12
-9
83
36
94
-18
-17
41
6
82
-4
103
28
15
-14
25
-6
-33
6
109
-43
-42
10
-30
-11
-55
64
-25
21
43
8
-15
-20
-16
27
-29
-53
16
-110
-32
47
-26
38
-74
-5
59
8
34
10
61
11
-90
14
21
3
89
38
62
28
-91
55
-26
9
136
16
58
-1
13
29
11
99
-18
-29
-56
16
-12
61
-69
-30
12
96
-9
-8
22
-8
-4
-70
-16
58
59
20
-53
38
-52
13
-35
31
55
61
86
-22
15
-5
47
-45
-67
-21
-2
3
16
-44
-7
-5
67
83
-145
-21
-7
-1
-38
1
-36
-25
-98
-93
-2
4
5
32
15
-65
-95
-6
15
-25
-50
-31
-26
-19
-2
27
89
-19
-17
-69
3
-44
12
8
-111
-5
30
-103
4
-2
-6
6
48
4
55
37
-86
-1
35
90
-98
-82
30
-14
101
-36
-48
76
-47
-13
29
-82
27
-35
-31
11
-124
67
42
-15
3
-36
114
-35
-43
117
24
-43
-50
37
56
30
-46
42
63
19
89
-1
62
24
-28
-11
0
11
-10
-40
9
-8
-8
-64
-42
90
1
21
-27
85
-3
-44
-62
20
-54
-6
-64
6
-1
-18
-96
51
33
121
5
26
33
-14
16
18
2
30
-96
-18
0
44
12
-103
-58
-79
-40
-23
-29
-54
-45
34
-44
-26
-24
53
33
6
70
-58
-34
-23
98
-6
-116
32
-60
34
-14
92
54
30
-4
16
85
-11
47
90
-26
-37
-80
-39
-36
-15
-44
44
6
9
-58
13
-39
30
4
-8
-56
32
-26
-12
5
23
-38
41
18
-70
-14
8
-16
7
-16
-43
-113
-28
63
-1
-35
-36
-47
83
21
-36
-19
-23
18
-57
23
-69
41
58
-27
-1
-1
-74
-44
-45
44
-13
-23
-71
-34
2
24
-42
-41
-85
-40
1
44
80
-45
-88
4
-47
131
50
31
85
89
46
37
18
35
4
11
-69
25
66
-11
-81
23
34
-17
-2
-62
-2
-92
-67
-65
29
90
27
-74
-63
67
80
43
17
-3
8
44
-38
-33
-34
-15
-13
5
68
0
-91
5
15
-35
-36
-56
-37
-3
19
25
26
2
80
-30
32
-15
-44
-75
-16
97
-45
51
41
90
37
-15
3
-142
78
-13
35
-78
104
21
-43
-46
-82
34
-77
45
29
-40
54
35
17
-27
46
7
-13
27
46
-14
81
-32
-8
36
-58
44
16
69
66
26
18
-9
-27
-15
14
-48
32
-98
19
29
14
-48
2
-46
17
16
-21
16
-6
18
-38
10
79
17
36
-23
-15
-44
14
-54
-31
88
26
-48
51
-14
40
39
-102
-84
21
36
-65
-12
99
9
21
-12
31
-85
-19
-40
4
-25
-29
34
1
80
-36
32
-3
117
84
-36
38
-73
24
63
-17
34
10
52
77
-25
43
31
54
-12
-9
-112
24
12
-151
42
-11
-52
-23
51
40
-28
78
-43
37
23
20
75
15
-47
15
46
-74
-79
-42
-11
-53
-51
-6
-19
36
-35
-16
-23
-39
-71
-16
-141
38
-53
-37
-26
23
-91
-11
79
52
-22
-5
89
-30
13
-48
-68
48
-33
-48
-7
34
-15
-28
66
-6
-50
64
-5
21
-8
-55
-28
42
61
-41
79
52
45
61
-42
22
-28
14
10
11
-3
-1
2
14
47
18
39
-8
-37
-43
8
21
29
-88
-29
28
-62
6
0
56
3
24
58
-34
25
-12
-22
-14
20
39
81
45
53
-135
-50
-81
32
-4
61
6
63
-11
10
22
-4
37
-57
11
-33
33
7
-48
-17
-6
8
18
121
-52
27
26
-20
-26
35
-23
-69
-13
-20
-97
17
86
-4
8
-55
21
-30
27
35
-80
29
-39
13
-18
-64
10
38
37
38
-16
-164
35
21
-24
44
-43
-81
0
86
20
-29
28
-16
-64
-62
86
-40
43
-14
-80
-77
61
72
17
19
0
-91
4
-5
28
-76
3
-38
-51
7
-47
39
-58
-18
-44
-64
-33
33
50
-90
41
31
-16
39
16
-10
51
13
-25
-27
-21
68
37
-38
53
-13
8
-64
1
12
-42
-54
90
6
-3
-56
23
-37
-83
-82
-7
16
-17
-68
-95
25
73
66
47
-49
35
-23
-51
-8
51
40
-64
-2
-82
-103
-34
-15
-70
-48
-117
-51
-50
-80
-40
-7
30
44
10
-20
47
81
26
1
17
41
24
-20
38
-26
9
19
-19
-41
-17
-74
33
-95
-47
-66
-9
41
-28
97
28
11
14
-57
-63
46
58
-38
11
14
-63
7
-6
40
-30
-14
3
-49
23
-49
-24
28
83
25
-22
-45
-75
11
-9
23
-93
-56
-45
-11
-23
113
46
23
57
-41
21
-1
62
43
24
-18
35
57
-26
25
-93
-47
24
-33
43
47
-7
30
-15
-23
20
-61
5
10
-40
-35
-56
36
136
-30
48
12
89
46
94
-38
-15
38
18
22
68
-65
44
50
-3
-61
-28
41
29
88
58
74
26
-54
92
-20
85
-24
2
-85
-45
-3
-85
-48
-19
46
45
41
-63
4
19
39
79
-85
-2
32
28
45
-13
31
-40
-89
-25
-26
-53
4
-1
-32
-58
15
13
-23
17
-39
-26
73
27
0
-90
10
24
80
-89
-50
-8
10
50
128
-12
-21
-10
64
-56
43
-14
55
127
1
-67
-3
-2
-71
3
0
-30
96
-62
-71
0
95
-3
22
49
19
-10
68
8
12
8
105
-90
-43
27
-32
52
-4
2
-9
10
-26
-8
80
-91
-29
-26
17
116
80
52
-18
-34
17
-57
-32
46
8
35
8
31
-46
-67
22
35
126
-13
1
31
119
5
-45
-37
36
126
-45
-33
-1
21
-39
-11
2
12
-3
-48
46
3
-66
8
-73
8
49
-59
12
-87
-43
-41
-50
-46
81
-24
5
-3
10
-16
97
34
35
5
60
16
-25
35
-62
-42
-5
-2
78
61
-41
13
18
8
-54
72
10
44
31
42
-32
76
3
-58
38
-26
69
-24
18
-52
58
-81
-12
86
-59
35
-12
6
26
63
-6
11
40
36
-60
-65
-8
-23
2
-22
-63
7
55
70
-9
72
46
23
-28
-20
-24
63
-85
47
-28
62
23
27
-49
16
36
2
-25
76
-22
-7
26
-38
-101
69
-46
33
65
-141
-20
-39
25
91
-39
-29
43
7
-81
-25
27
-17
-56
39
-95
42
63
79
-25
-39
-9
-3
33
-9
-47
75
-50
58
-45
54
61
31
26
-13
63
9
16
33
-38
2
-7
29
15
-13
-44
17
77
-48
-113
-24
35
68
111
15
-63
6
-58
-85
10
-32
-3
-86
-48
-18
-50
72
-13
-55
58
71
170
30
-87
21
-81
-9
51
72
54
21
12
14
9
17
-50
78
-85
36
-34
11
-27
5
-59
51
38
23
94
-56
107
101
21
85
-71
-83
17
-47
-34
40
-22
25
-94
39
34
-12
67
49
61
-58
48
48
-24
-96
52
1
-45
-5
-65
59
-28
4
23
-53
-2
22
29
44
-16
-42
-118
-52
-21
-51
-35
78
17
-4
-83
60
2
42
-66
3
10
8
-49
-63
-39
-31
-55
2
31
6
-44
-9
-8
12
92
49
-30
-16
-2
-87
70
61
-16
-32
-25
-54
-13
40
-25
-53
45
-80
5
32
-19
79
3
-82
-32
33
4
49
0
1
-26
91
0
-4
-11
51
-14
-31
25
97
-32
13
26
26
-28
-16
-26
3
0
31
-19
-10
-20
-38
-31
-33
-41
69
-11
-136
-5
-51
53
-15
47
11
76
13
14
17
43
43
66
-116
-47
78
35
3
10
-33
35
-150
4
47
-14
111
52
6
-31
-60
10
29
76
10
10
18
41
-58
75
-19
-30
9
-57
-122
33
26
3
-16
83
-9
34
73
-44
-3
-11
-20
16
73
-7
42
94
-141
24
-10
0
-74
-26
27
85
-5
18
-38
31
-6
-34
33
40
6
45
-17
-30
-44
-78
-2
59
-11
29
43
26
-18
-36
32
-5
43
-17
52
97
15
38
-46
-29
44
-32
19
47
-54
-28
-21
-54
-37
-26
-72
35
11
79
-3
-34
70
-56
11
-58
56
7
-62
-7
3
-16
9
60
88
-5
15
79
-67
57
37
48
-102
46
-5
-93
35
10
-29
-42
-82
20
-22
69
-10
-38
48
-56
-15
-58
-19
-39
-42
-19
57
-1
-16
4
12
-7
69
27
54
19
60
10
-44
70
-60
107
31
-11
-51
-6
11
-121
-47
78
-104
9
37
39
41
94
-38
-34
42
-37
13
-59
-3
-41
22
-67
110
-17
9
-33
27
-19
-37
-61
-25
-33
20
-3
46
-58
-81
-109
-73
34
30
-33
-4
28
-38
-8
-69
-42
7
12
13
52
1
12
49
-95
28
140
2
-55
41
47
-34
-23
-78
43
50
22
-89
-2
36
29
59
50
-70
18
23
49
55
43
34
71
15
85
19
-31
23
-14
54
-67
-12
-8
31
-31
20
-27
24
-10
-26
-49
-51
-38
116
41
22
-53
-20
-29
-4
25
70
-113
-11
-28
72
-69
58
18
12
20
30
113
84
36
-48
-27
57
-53
24
22
19
-97
93
105
-37
68
18
-73
50
-30
7
34
-67
51
-45
-31
46
0
57
-32
16
-36
42
57
89
35
-45
-7
-89
-2
55
42
59
61
-38
67
0
-32
53
51
16
-13
23
-21
54
-4
7
19
-89
30
8
-102
-36
32
7
39
125
9
77
-32
-18
-29
49
-89
29
-108
-102
-59
66
66
-17
25
8
-78
-5
-86
-60
66
-92
-93
110
15
-40
-38
77
-52
14
12
56
37
46
-20
17
4
19
18
27
-12
51
8
23
-61
-35
26
48
-139
-23
51
-64
-44
26
53
-5
21
112
-22
-6
-70
80
-7
28
17
58
-18
-32
-29
1
18
17
87
-107
-23
19
9
33
41
-19
14
-43
-24
-89
-33
-33
13
-23
46
-5
-45
38
9
-43
54
39
36
-35
79
57
-41
-112
-11
17
-30
33
40
22
-91
-43
31
33
56
-2
84
16
-47
23
3
-24
18
86
14
-25
80
16
-4
-73
-40
17
18
-7
10
18
55
-15
20
-49
9
40
-85
8
14
-5
28
5
16
42
56
58
-42
-11
41
13
-41
43
-108
25
-73
50
43
-29
25
-47
30
-74
52
19
41
-19
95
-36
37
-32
45
-11
-8
-24
63
-24
8
-25
-61
19
-29
-70
-51
-62
75
-32
21
29
-61
42
-28
25
-51
75
48
61
29
13
-1
15
-67
80
17
41
-27
-12
-168
45
39
-10
-12
76
-19
10
55
-8
63
-10
-27
-23
13
-47
-12
-10
-44
-41
-57
-13
18
-7
28
131
38
-8
-36
-68
-116
36
8
-65
-96
-31
0
-28
95
-19
-26
38
-28
48
80
-15
-49
32
-101
21
-27
69
-43
-56
17
-48
66
42
-40
35
-3
73
-29
-1
-19
-52
60
68
-21
33
40
-33
-3
-32
-83
20
9
27
67
-59
-30
-8
-25
-58
-7
29
-24
-4
4
-38
69
-24
4
68
-15
61
38
-40
74
-44
-94
-9
24
-66
-65
-86
-19
-62
-104
-61
-33
-32
-29
61
-38
14
41
-36
38
13
15
46
72
-54
-87
-66
76
-58
-90
27
51
-6
15
130
5
-15
-20
-17
-16
-2
75
-6
12
52
38
-31
-82
-10
23
5
79
-121
-9
-51
37
-15
-64
-9
-154
-53
65
8
25
-61
24
-19
-14
4
-11
-38
4
-42
-59
61
-3
-9
-9
-43
-108
71
-43
27
98
32
34
-63
-21
13
-56
57
7
-53
12
-74
24
36
128
11
-47
4
-34
52
-38
-7
-5
-19
15
11
-17
10
-4
-31
14
41
44
40
-8
1
24
-64
-51
-48
40
-7
-51
24
43
-42
-42
44
-75
75
25
4
81
12
-2
10
71
61
29
-19
-52
37
38
-67
58
-6
-1
-32
-39
91
-9
11
-80
74
23
-1
-59
7
5
23
-70
56
-7
-74
-34
-8
51
-57
1
41
-40
-57
-26
-4
-85
71
-48
-26
-33
9
-56
-56
23
67
-9
52
-7
-56
-39
-12
-41
-12
-89
34
-42
-25
32
-45
-28
78
-18
33
-27
-35
-32
-48
-15
-25
-21
97
59
30
-3
-30
-61
-22
3
27
9
53
8
5
-50
24
21
-51
-55
9
-2
75
-29
-61
-12
-30
13
20
-34
-114
-14
90
-61
28
31
-66
52
20
-67
43
-55
8
-12
-14
-14
-11
15
-74
-9
131
30
-12
59
42
-37
38
72
-79
-11
38
-76
91
18
7
21
-20
-19
41
51
53
15
52
46
-65
8
80
51
13
11
-11
26
42
-89
-34
-50
61
144
59
50
-55
-31
-36
-21
32
1
-6
14
70
-23
64
52
1
3
49
-128
-35
6
57
-24
-42
14
34
46
19
18
-13
-71
18
-7
89
41
-25
-21
62
-59
-131
28
25
-7
60
-46
53
30
-4
-19
15
-10
-48
69
-4
-95
18
11
-31
26
68
-57
17
-86
-22
-2
79
6
6
-66
47
-43
51
17
-54
-10
-101
43
14
88
44
59
-31
63
-71
-85
40
-78
-12
5
10
-27
-127
-72
-24
-32
-23
37
-64
56
-79
-45
-11
-106
44
9
-12
-17
14
-1
53
0
-7
-62
-9
9
-23
51
58
-46
-62
35
-41
-20
-50
-17
-72
21
-1
61
51
-5
17
-10
86
79
-35
23
-42
-55
-24
139
-76
70
6
-12
-17
-32
29
-4
-24
-21
51
17
37
15
39
-55
-61
-42
22
14
-35
-16
22
45
49
-35
17
-5
19
-60
-58
72
-51
45
-50
85
-5
36
2
75
-24
4
67
-48
-36
-3
-24
15
-35
21
4
44
15
-38
-11
-30
-51
-25
18
19
5
66
32
-12
88
14
-26
32
29
0
-32
-4
-27
-10
-24
31
-51
-48
58
20
8
-9
-8
-33
-42
-62
61
61
1
30
63
52
24
-39
52
45
57
-31
-16
-38
-29
-8
-59
-58
-25
-20
-13
-46
-31
-29
18
5
27
10
52
-20
-74
-57
-10
33
68
-75
5
-17
86
24
43
-27
-20
12
67
5
-49
-51
11
7
12
-6
48
-65
-42
1
-7
54
-37
53
19
-81
-48
-72
22
24
17
-25
-68
5
-103
-39
-16
5
72
-33
-29
26
-61
88
54
41
-14
-78
-2
-14
-27
66
43
-5
-48
-4
42
52
-59
-45
61
-9
27
-19
15
-5
122
-75
16
113
30
-43
-9
-1
44
28
-55
-10
25
10
77
38
-39
80
59
118
-56
-53
-6
-4
-56
-19
42
18
1
75
-66
39
4
7
-19
48
-102
8
-75
-31
-19
-54
0
164
11
3
-30
3
-74
70
-5
27
31
-60
-16
44
35
41
26
-60
72
-30
15
-84
-46
-7
-20
-17
20
35
19
-114
-31
-112
4
49
-29
-63
-12
-51
55
-3
130
-81
41
77
5
-145
32
6
67
61
25
31
-115
-29
-23
34
-24
-47
101
-53
-19
97
-29
-6
-13
49
88
37
14
26
-45
18
-27
31
-68
-16
-34
-10
-43
13
-85
-42
20
24
12
-24
-34
30
35
-7
2
-20
3
31
-4
60
42
25
-12
-30
-10
-32
27
9
-138
-18
14
2
-10
-2
20
-38
-11
-10
37
32
-39
-56
43
-4
-20
-17
-29
-19
-67
-32
41
-4
-14
-8
-42
22
17
40
32
-42
4
95
78
-8
36
-57
-52
-58
-9
26
43
76
-1
-69
-86
-32
76
-37
31
-97
-14
63
0
-70
10
-50
17
-95
1
54
-78
-12
-1
46
-36
-20
-45
-114
47
18
5
-1
-14
86
18
-35
20
50
-40
14
-39
45
0
35
35
31
62
-68
8
-27
-15
65
1
25
-77
12
77
-13
91
-33
-22
70
2
39
23
23
-55
19
48
-15
-21
-17
0
5
-23
17
-66
10
17
-19
-26
82
13
67
5
-10
78
44
98
95
-76
-58
52
18
99
47
-57
14
34
-27
-76
-30
11
40
56
5
87
-44
33
91
3
-17
-107
51
-9
86
-26
23
11
40
-109
52
60
-8
14
-75
-91
-11
-27
-38
84
1
74
36
15
2
-37
36
-109
87
37
-119
2
85
-67
108
-8
-29
0
41
-39
-69
83
-8
-64
-13
90
4
-6
-76
-55
24
-5
-3
81
-2
18
-6
-35
-85
29
-9
-29
-137
44
50
-90
-7
-28
81
-17
29
-20
1
-115
50
2
15
5
29
-65
-29
-41
19
38
-60
-60
92
3
-6
6
70
-50
0
28
-125
81
9
121
23
48
23
4
-34
32
-6
-49
12
-109
4
42
-36
25
-47
-59
4
58
-23
-70
32
16
40
-37
5
-16
-72
-81
43
-55
35
28
-25
-8
9
-48
19
-21
6
10
22
-38
-13
9
51
85
-36
39
-71
14
59
-21
43
82
-56
128
84
30
-7
96
29
-12
11
-26
-12
52
41
-41
28
42
129
-32
0
-21
-79
11
0
3
84
19
17
-63
15
83
35
27
-37
79
109
-53
16
13
29
9
-84
-21
26
-72
-7
13
-42
-79
-54
44
-62
83
-58
-4
-42
-41
13
41
18
-35
-9
23
6
-29
3
39
-36
44
-28
-16
-58
-37
49
45
-33
27
-74
-22
-83
15
44
2
-30
-3
12
-14
53
83
85
-39
2
-60
-11
-11
-12
81
7
26
-124
111
-45
12
0
11
23
62
-10
11
11
-72
-72
-5
67
-48
19
10
6
99
32
17
36
-20
63
-7
9
-36
55
-96
-31
-56
-17
9
-7
43
-12
-57
7
-56
-34
109
-28
65
-125
-9
-80
48
30
25
28
-9
41
78
28
-85
27
-29
120
9
35
-75
21
45
-33
23
11
-25
-29
28
-6
71
-80
-29
-17
1
-31
-59
-28
-86
-72
82
-101
-4
33
-59
-71
21
-68
-33
77
22
-47
-10
9
-7
13
-48
120
51
26
-41
-13
9
183
-34
9
-44
43
15
17
0
19
21
-58
72
-59
43
-18
-49
33
21
-22
9
-33
105
36
25
31
45
7
0
-31
-88
-31
-37
-25
-49
-18
33
2
85
-11
54
-17
-94
4
-86
4
-49
-28
-78
31
-21
118
83
25
41
-95
-34
-45
0
-39
-34
44
-75
13
-15
-74
21
31
50
107
-82
2
-66
-74
-7
102
81
0
-24
18
0
59
-48
-17
6
-87
4
-69
-4
101
-168
60
33
28
24
28
-35
117
15
-61
-48
18
41
60
40
-34
-21
6
-89
-14
-9
-42
-106
-27
-115
-4
4
-45
-38
-10
-44
43
31
-100
12
16
-32
33
-42
-26
-4
87
20
13
-66
-15
56
13
37
50
24
-37
-17
13
16
24
39
27
22
4
5
-150
-35
33
-17
-79
87
93
-71
48
-27
-18
32
11
36
17
18
44
-62
-65
-5
48
39
32
-43
9
37
-39
-53
-18
123
26
-7
-42
-5
-13
-34
18
-7
30
10
6
-63
-55
1
-40
97
37
-82
85
-4
38
7
12
-15
-55
-30
-28
106
5
-65
16
-56
-27
118
-50
-10
44
6
-33
-10
-70
62
27
-47
14
30
19
93
16
-21
88
-5
19
83
-20
-19
-96
-38
-106
32
26
-8
53
26
-47
4
41
10
33
-65
8
-12
51
-16
18
28
86
54
-44
-86
-57
10
88
-62
-117
-51
-18
-35
42
-25
17
22
64
22
15
-19
54
-71
34
73
-10
20
-35
60
26
2
-96
-16
38
15
-11
8
-35
-2
-48
-46
-34
-13
70
-67
-60
-31
-11
6
93
-53
20
-31
-19
-87
13
-92
-37
-19
39
-6
-37
-52
-38
82
6
-2
-5
-29
49
1
-3
-98
-5
20
130
-38
34
69
41
60
48
-18
22
-44
2
-53
35
-55
7
-19
9
43
-9
37
-6
71
81
-48
25
49
-31
-10
59
-38
146
9
-16
-54
-51
106
-46
-16
-13
-45
-24
55
-16
-4
-4
28
118
61
1
-35
-11
39
19
42
17
8
-22
-34
45
15
95
31
-13
20
42
-13
-7
-42
29
28
-55
-25
-12
52
2
152
8
11
-30
22
36
-78
-2
4
-4
-32
85
-25
42
77
-66
39
37
138
13
-72
9
-22
-6
-6
-21
20
-11
28
-10
-18
48
-11
2
-22
71
69
-82
59
48
28
-40
142
25
-108
-7
14
-36
-45
-39
-85
44
-19
-26
-47
47
51
151
-58
-45
-38
-33
-87
24
11
45
12
-83
-99
65
7
-63
5
-85
14
78
-16
57
13
89
58
53
91
-57
14
35
15
103
17
-36
-43
-13
-83
14
-105
-76
66
56
-32
75
-19
-18
28
1
9
47
-10
33
21
-51
-2
-27
-47
9
-4
13
-28
-85
76
45
-59
-55
-31
26
-49
-29
35
-10
21
38
31
-13
72
-9
-26
58
28
50
-4
33
-61
22
11
-55
-44
-39
-42
-15
-16
7
-9
48
-25
22
40
-42
-47
44
51
10
-54
62
-56
106
-11
-14
22
61
-47
56
25
0
-13
-19
16
116
91
12
-47
-11
82
35
-15
-71
12
-46
32
-62
86
-29
-19
75
-59
102
11
0
87
23
21
123
-26
-49
-18
15
-29
94
2
25
-60
31
70
-26
43
76
26
-20
38
-27
-16
-10
54
82
-93
29
-3
42
-25
-53
0
-17
42
14
36
-41
71
-65
-57
-7
38
83
-5
-7
8
14
-106
-145
-9
52
29
75
34
-49
-45
93
-80
57
-19
22
-81
27
-32
-33
-38
-32
43
-39
-10
-2
-6
84
21
7
-29
-2
11
26
-38
33
-79
-67
88
-45
-14
-75
8
-9
41
25
57
25
-27
21
35
27
-30
-33
7
-59
-20
150
56
-12
-83
-4
104
-20
29
52
60
25
-16
-15
25
-11
63
-3
12
-63
20
46
64
127
-21
45
99
35
13
-86
-80
116
-2
-29
-16
62
21
52
0
3
59
-15
-15
-4
70
-50
80
-17
-42
51
41
7
-77
-6
25
83
-5
-40
19
-15
-12
2
47
47
15
-58
-6
-39
-31
54
-54
-33
12
-17
31
-12
-11
-76
-6
73
-68
23
-59
-13
6
-79
48
27
17
13
56
25
-20
-22
66
-17
69
46
58
82
96
-12
-113
-12
29
16
-25
-34
-193
27
4
59
-66
-16
72
-12
-10
-154
-9
29
-66
-34
-32
-51
-34
-39
-21
-9
-9
-37
88
19
68
79
47
8
42
10
-80
-5
-46
-5
21
-45
-31
-51
24
10
82
14
2
8
8
-36
60
59
53
-52
-61
13
3
-9
-91
-41
-158
27
-38
24
-9
-6
-5
-42
1
-106
103
17
4
-10
-15
-11
31
9
-37
20
-65
5
0
6
-4
126
75
-19
53
87
-57
53
-93
34
57
79
-42
-1
49
-101
31
-34
-2
67
-10
-1
20
4
-65
37
-85
119
50
63
-87
54
-64
-54
2
10
50
13
-113
39
-126
-36
58
-2
-59
36
-1
-25
52
-9
11
103
-12
-49
15
47
41
92
35
-53
-10
-6
92
26
-49
-25
-60
-61
5
-26
-1
-53
15
62
116
39
-16
10
120
30
-50
5
13
-45
93
-74
31
13
-19
23
-18
19
-74
-74
60
70
17
-26
-19
-17
98
-58
4
36
-61
-93
-20
-53
20
-44
32
-25
2
53
-88
71
-23
-23
99
-114
1
99
77
-33
-19
21
-15
-69
-14
-5
-17
35
-34
55
16
-123
26
33
27
34
-1
47
-61
-14
-36
-41
-41
44
-23
1
-8
-55
-36
18
45
-30
5
-22
-28
-82
-32
-26
38
2
21
3
-44
6
-14
-12
-74
42
17
19
-28
-45
60
32
-34
51
-19
-13
-5
7
-35
8
-28
-97
33
36
29
7
39
-100
-67
70
-94
35
-15
-161
60
17
40
93
74
-2
1
12
-30
17
21
24
70
-20
8
32
16
38
-93
-66
-6
103
-56
-2
-34
-29
9
36
19
50
-48
108
6
100
65
-5
-97
12
-61
-9
-4
-15
-1
-15
-26
81
-48
23
64
-26
-65
-28
-82
12
86
2
45
82
1
-80
-10
-31
31
6
51
-52
10
-57
3
-4
-6
20
13
-51
30
-4
0
-66
30
3
-42
107
53
-1
54
-37
42
14
31
21
21
-9
-18
-58
65
-4
41
-82
5
66
-41
-42
17
2
34
-100
-10
-99
-43
-35
-61
-35
-37
107
16
71
5
33
26
-49
15
3
50
33
16
23
82
-33
-73
-1
41
-80
41
48
-5
61
3
0
-58
-21
39
0
-9
115
35
24
82
17
-7
-66
8
-18
6
-43
79
40
33
-65
32
-3
110
37
44
18
-14
-13
-31
-23
-38
88
-5
-21
-3
37
14
-24
-4
105
18
28
7
16
-41
-33
-146
-12
-9
26
95
21
118
-25
34
-41
72
56
-36
-9
-10
5
-12
-56
-75
19
27
23
0
-81
-40
-171
42
-46
-40
-11
3
71
11
55
33
107
35
-2
47
-9
55
-37
-68
-62
-69
16
48
26
26
99
-14
23
-5
-39
22
-31
-46
-20
3
14
-8
-26
-71
14
13
-18
-1
92
-78
61
-11
-36
-26
47
-14
-67
-11
-9
88
83
9
9
-55
-12
-4
-11
-6
-32
50
-42
-8
8
-60
-80
-65
55
-18
0
43
-35
-16
-42
-20
40
-44
31
16
70
-84
-17
-61
8
3
-56
-49
-45
6
-78
-20
-28
-46
52
41
-78
-70
-26
-68
-83
4
6
-81
-53
78
40
-34
-48
-68
-6
-28
-74
-50
-21
-42
-46
-4
39
-61
-60
-48
6
41
-7
9
52
32
42
70
9
12
14
8
-79
22
-64
1
-36
27
-65
-8
-35
167
70
91
69
-9
-17
-27
3
41
25
-22
34
134
-33
-30
38
-6
27
-5
-87
0
44
33
-17
-52
-19
-20
-52
42
3
44
-6
-19
53
-1
-34
63
84
-24
30
-16
86
48
3
-64
20
52
-48
-42
-49
-22
-45
-21
50
28
-9
-11
-27
167
6
-10
33
13
9
5
-33
25
64
-10
-29
50
-17
-44
-56
14
57
-59
6
35
11
83
-48
63
103
34
28
-88
-12
49
141
-16
2
-11
-124
-7
52
-3
-1
30
9
24
-33
30
-51
-84
-32
-70
-15
-9
-19
53
-74
-67
36
22
77
12
-28
-8
3
5
25
62
75
-5
19
5
-21
-25
-53
-84
47
-45
17
56
23
36
-45
66
-24
-23
41
9
79
-50
2
-34
16
78
139
-75
10
-49
7
-8
65
-26
0
-97
-4
-37
1
-70
96
20
-44
-80
83
33
4
-63
-20
47
-48
26
15
-64
-48
73
89
68
63
45
-4
8
-12
-16
52
12
-6
-37
-102
-27
-36
17
39
14
50
41
-25
-39
45
-67
28
-4
25
44
-13
27
10
68
-108
-49
46
-76
-9
8
52
-2
10
24
42
40
-43
64
24
76
72
41
-16
-25
-84
-36
-43
37
-30
73
25
24
-13
9
2
-34
94
22
21
-75
-18
64
63
22
27
25
56
13
-7
-20
-63
-68
-17
11
30
-40
-31
-6
25
25
-4
-68
18
-41
-10
-20
26
38
29
-89
9
-26
-81
-35
-25
-87
-17
-29
38
70
-33
63
4
-6
49
2
63
39
-59
-20
-6
95
-29
64
15
-101
12
-7
114
41
55
-10
6
-62
0
-38
24
63
31
31
9
55
91
-67
76
-58
-23
12
4
123
-37
-3
39
-34
-73
39
-54
-41
-12
-36
-44
-49
-8
55
-55
-8
-62
-37
9
6
52
-35
-14
-2
-66
-69
64
-27
-24
64
52
-45
7
-51
41
-21
47
70
-4
-5
149
20
51
-54
-25
44
-77
-115
-20
5
10
-48
50
60
18
-32
110
35
-58
-25
33
35
13
-60
26
-14
-35
0
-4
-56
-26
1
-46
-19
146
-96
-49
-3
11
-18
-30
-23
-8
91
-58
-16
-77
85
-91
-44
-122
5
-23
-46
-51
26
-23
-9
9
70
-21
97
-47
36
-12
-59
-42
-46
-9
-53
28
-34
24
-11
36
12
-16
31
-39
-82
-23
12
-40
35
18
14
-4
-31
-62
36
-24
-5
-77
25
153
19
0
-52
44
-87
0
-18
40
51
13
-24
27
-19
32
-75
62
-8
17
-20
14
-135
77
15
-58
7
-16
22
-20
-4
-8
35
54
-56
43
36
3
-45
170
-19
-55
55
2
-87
-12
-2
100
9
-120
-15
23
35
-39
31
-33
125
106
-62
-36
-32
-68
83
-38
58
-33
16
6
-74
-41
-91
-22
-3
-16
19
-62
-28
-3
-78
-1
35
-31
-25
-37
57
78
-11
96
-18
-55
-28
34
-85
-55
40
-125
-94
-64
-3
44
-27
101
18
5
29
38
-66
-31
-103
-67
-3
-15
-3
-12
-31
90
-6
-100
-66
-47
5
-66
-27
70
-11
68
-81
11
-69
22
24
8
71
-33
36
-48
-41
-33
-36
-11
-25
-35
-21
-10
-47
-37
-9
-96
13
-25
-114
-2
-58
21
-33
-1
-37
-33
-48
39
-15
-7
-11
8
33
4
-91
-79
10
55
29
106
-36
-94
-7
-7
1
91
-8
60
-12
30
-8
-30
29
67
70
-3
-15
-15
-47
-100
-50
95
-58
-50
-49
-29
-63
-4
-7
-34
0
40
-2
-77
21
-15
-21
-2
-51
-4
-35
6
-86
-18
12
-10
-65
-14
-46
-44
13
-9
31
14
-7
-13
-30
-22
58
52
39
60
-6
-63
12
-49
-77
-36
21
5
30
-59
-38
-47
-65
177
62
28
27
-7
-15
-74
7
2
-65
19
-15
4
76
-65
36
7
-102
-1
34
5
-16
-14
-8
33
65
41
-26
87
-22
16
37
-28
-24
-78
-2
-152
45
24
26
132
4
-25
-26
-13
-3
32
-23
1
85
7
60
-58
64
-20
-2
12
46
-94
59
-2
10
29
-4
15
68
-34
-35
100
15
-20
19
1
-17
70
-54
-1
40
18
-116
-24
53
9
-56
119
-35
-56
25
-26
-26
14
-28
-25
-42
-25
6
-25
1
5
-30
17
55
-21
23
42
-22
-22
23
-77
-20
-2
72
-47
-37
16
-13
17
-17
22
17
-87
-43
140
2
-13
104
20
71
15
66
-12
35
-17
-48
-19
17
35
46
-52
-34
25
31
-31
-26
-43
63
22
43
-52
-10
23
29
-76
-29
27
-40
-10
70
-76
-10
25
-14
56
-84
-65
16
-11
3
-57
50
-15
47
73
66
-27
-64
42
-85
-83
-18
-28
-8
30
-11
-24
-44
-78
10
-25
54
-11
-39
27
-24
61
-69
-38
52
-4
-4
-36
6
-99
-14
-1
-49
7
51
-9
-47
24
-12
-1
-35
-38
-13
43
-45
-121
6
73
84
18
-20
-11
15
-15
-30
24
40
38
-51
-46
40
10
-23
45
-32
-19
-34
-41
6
-20
44
42
-85
19
66
0
-13
30
8
39
-74
72
-40
-27
103
-9
5
-22
43
51
29
-65
13
-10
-33
30
36
-36
-23
40
55
3
20
76
76
-65
-21
-60
95
40
5
10
-67
62
-32
38
-46
29
-78
-9
53
4
1
-18
52
39
94
-21
-3
-33
-3
-13
49
-47
29
92
72
46
-45
-14
51
8
55
-73
43
-8
-1
7
-15
88
-44
103
-53
-33
-80
41
-106
-13
-6
-31
2
-19
42
108
8
-30
7
-5
35
75
28
9
73
-22
25
-24
-29
10
30
33
3
-25
-21
-42
-84
26
114
25
-46
4
47
9
-55
28
-35
-18
14
20
-100
26
1
-66
-38
45
-10
-97
11
-26
-58
23
29
46
110
-70
-60
48
-69
46
13
15
90
-15
3
-69
19
0
86
14
17
3
10
122
-20
-1
58
-14
-10
58
45
22
-21
-16
-61
-2
-8
-90
-53
17
-18
37
78
-23
-12
38
8
-64
-17
6
-47
18
10
-38
-59
-22
-81
21
17
-42
12
7
-39
51
81
74
23
47
49
68
-44
-5
-30
39
-43
-18
-24
20
-92
1
21
31
57
-2
28
72
-11
19
72
-41
-30
73
43
108
62
-34
24
65
-1
72
-23
-42
-35
-99
8
18
-143
-4
-35
53
65
-8
-134
21
-2
56
-11
46
47
26
79
46
34
54
3
22
3
-69
113
-116
49
67
12
-78
29
-14
-10
-49
-67
-45
4
18
2
25
6
-22
-18
62
10
26
-17
24
83
28
-38
30
-54
-2
25
-8
36
43
3
-31
-26
-53
-14
62
-46
-22
-32
52
7
-37
22
84
15
69
104
-32
-15
-16
53
-50
7
28
58
64
52
-10
16
2
-6
20
47
58
-21
-55
70
88
-9
12
16
125
-75
-5
-6
-27
61
49
-45
-41
42
65
7
71
28
-1
-2
-21
4
-47
48
-54
-10
9
19
51
25
-26
1
-89
-44
18
48
-5
-90
-14
36
54
-47
7
-53
-107
-30
-54
-28
51
11
-79
-78
-6
33
51
59
11
-69
-29
47
-61
-52
-44
-23
-98
-14
-11
63
13
26
-24
21
-43
-36
-44
40
25
-29
-6
-77
13
72
-45
-8
2
-53
-46
0
57
-27
67
-15
-60
87
-85
68
91
-8
-19
-5
99
88
-24
-79
76
-64
16
20
9
58
-13
-29
-5
31
-4
-96
-81
-60
49
-44
-68
106
0
10
45
-3
-26
35
45
28
19
-70
-20
-60
96
40
11
77
-16
33
25
17
-10
-41
-2
-6
-16
-8
2
-62
42
-13
-21
-3
-66
23
-32
34
-37
-13
39
19
-10
40
-29
-20
-10
34
-8
1
8
3
1
59
71
11
-36
20
26
42
71
-48
52
13
-4
15
74
73
99
62
-13
42
-22
-10
18
15
-24
15
30
25
-11
2
17
-43
-34
-71
-60
-23
-17
19
-68
22
-42
-49
-2
-88
-67
-3
-32
-84
-41
76
24
29
-38
-18
17
-42
33
27
35
21
-28
-16
-54
23
-60
9
7
55
35
60
55
4
-30
-88
-8
-27
73
66
47
74
-31
40
-99
20
-89
31
-7
12
27
-2
24
22
-84
-134
-28
62
-34
-28
94
-23
-36
26
12
13
-8
24
-24
12
-96
-60
10
1
90
55
-32
90
5
39
-19
81
47
37
13
35
28
41
-29
87
-93
32
-95
-3
10
-72
16
4
-68
19
91
-83
-21
-57
-60
-23
-10
-32
7
-57
-146
34
12
52
-118
42
-85
-41
-33
-68
-40
14
28
-92
36
32
11
30
14
96
-19
-21
79
-43
46
11
-6
-3
-6
3
24
77
-64
-3
44
-101
-53
74
-33
0
-35
-33
-92
-2
15
-17
0
78
-78
15
-42
97
10
21
109
12
6
11
-93
93
22
0
-39
-7
28
54
-43
-45
46
9
74
24
-9
-41
43
78
-61
19
-45
-35
104
1
-13
23
-142
20
27
-68
19
29
-28
-62
5
5
-2
-32
-42
40
-28
26
-32
-50
-8
14
-66
10
17
26
-54
-19
-5
-57
-23
-35
90
54
23
-42
-2
21
-9
59
-64
45
-8
7
-14
-77
-49
-13
125
38
59
-76
50
-2
-22
-26
-11
38
10
-118
17
-29
73
64
73
13
49
25
-21
-38
45
41
12
7
-72
78
30
65
67
71
-17
10
-65
-34
-42
19
81
86
29
15
22
94
51
87
-6
0
78
-15
89
58
-24
-4
66
-23
-3
-21
-85
47
43
81
-34
-43
-92
-60
28
-15
-21
-66
-31
22
65
19
-31
49
-28
19
-63
6
-14
3
1
-66
49
-87
-10
-3
-115
3
-41
-73
-4
25
-4
63
-32
-55
-34
-78
56
-34
-18
7
-5
-4
29
-9
54
-11
46
17
-65
-45
54
-15
27
34
-5
-10
51
2
-80
0
-40
71
-24
-76
-71
4
-13
-16
-85
-79
-71
37
-24
25
-5
-74
-11
37
-33
-100
50
33
69
-29
-14
-12
-5
-24
-50
9
18
8
96
14
-38
47
65
-48
23
47
22
-33
-41
-39
50
-70
30
35
-32
90
10
-66
-7
-17
24
93
-35
7
-22
-75
-57
72
-9
9
56
40
74
17
72
-79
113
-44
-9
-75
61
-66
76
7
68
21
29
22
5
69
10
25
-27
-2
-11
13
-54
82
-48
70
-35
-38
-40
-26
-10
-24
-65
-26
20
114
-20
52
142
30
-17
-94
-79
-39
-76
43
37
4
12
32
118
-38
71
-35
-34
6
21
-51
114
-44
4
-35
59
44
32
29
-7
-67
5
-60
57
-72
-29
-56
96
27
-35
28
53
-67
23
20
-20
-49
91
8
62
35
-1
-90
-12
-17
85
21
-14
33
47
-27
49
0
-6
83
-23
7
8
-42
27
-4
-45
-85
-33
21
44
47
-28
-5
-14
49
-14
-153
-99
-42
-36
-14
-34
-14
30
13
-29
-30
48
1
64
11
19
49
7
17
6
-96
22
-51
9
-18
21
46
9
-21
28
-49
4
0
65
-75
62
-35
-45
58
22
-1
9
34
36
-26
-68
22
-53
-21
-49
38
-69
54
-100
-13
-12
-31
-5
-48
-56
-55
-8
39
-59
-59
21
10
99
-20
68
-36
-25
94
37
-40
-38
50
-26
8
-103
26
16
42
-76
35
-42
64
-37
-79
-14
6
24
-14
43
-18
8
-15
-12
-33
23
-38
-26
-81
45
-16
84
2
-39
-73
-7
-7
-10
16
-5
47
70
-59
-3
13
7
7
-33
-75
30
17
-87
26
-27
57
-64
8
102
-98
35
-20
67
103
83
24
85
87
-64
10
57
-48
13
32
101
5
-29
0
13
-35
65
-40
-31
-73
3
37
-16
-7
105
-9
-73
-87
17
5
-25
-72
24
-38
90
-36
60
-22
-58
-10
11
-84
30
-21
8
23
-131
-103
-50
-23
63
-5
0
-41
-44
-62
31
-67
63
40
-77
16
26
67
28
40
-25
16
-54
19
22
-16
-20
104
12
40
58
4
41
-72
54
-41
32
61
40
50
53
-3
70
1
-21
-103
32
25
-34
20
-78
14
-99
-115
-4
-44
-75
66
28
-128
16
34
39
8
85
-26
-71
21
23
21
33
26
3
5
-33
38
37
28
47
-35
-5
75
42
-84
-94
44
57
80
-61
-4
14
-11
13
23
72
-69
-48
-22
51
33
8
66
40
31
-8
-45
48
36
57
-27
-51
32
18
-36
76
-54
0
55
-18
19
-8
-68
3
19
59
27
-32
-52
32
-6
28
67
-25
-6
134
70
67
26
80
-45
-4
22
45
48
96
20
-32
-36
-26
-71
-41
26
-10
74
-54
-49
27
-46
70
-23
-14
-34
63
-50
-52
59
-15
-23
-12
53
39
68
50
44
56
-55
-46
97
39
-68
-23
32
-26
32
13
32
8
14
3
-104
-28
47
-16
-26
-40
-39
-93
31
3
-53
39
8
-6
-69
31
-9
-11
-24
40
-19
-62
20
-8
9
-16
-66
-97
62
-16
62
68
36
-15
70
17
-51
91
23
16
31
64
-31
113
-30
-5
0
49
41
-2
-79
-34
63
26
-19
-21
-44
45
-38
18
-19
15
-79
-68
53
-17
37
-39
-25
-76
16
-9
-31
-13
21
-30
-45
-1
51
-9
-12
12
-18
3
50
-5
80
29
-96
-97
4
-25
3
41
11
-37
21
22
-53
-1
7
-118
9
53
-4
16
-47
12
-41
-73
-30
-28
37
8
-31
98
2
-26
10
5
67
38
-47
-70
11
-18
15
52
-102
-122
-15
55
65
4
-11
44
-104
-45
-25
8
-70
-65
58
-23
52
50
-12
-39
49
17
34
13
-2
-77
-35
-18
18
-29
-13
35
1
-38
67
74
-137
-21
-11
-39
-90
-4
-16
35
-19
-2
23
-77
-4
-3
-66
23
-90
20
17
58
-82
-38
38
41
-21
10
-31
-11
-14
11
6
35
-40
-33
29
56
-25
-61
57
-57
8
14
68
-49
71
-63
6
-30
-61
-44
64
-30
6
51
-16
35
51
-9
-54
-16
-41
-38
-38
-80
45
-30
68
104
-79
-45
35
-55
-72
-16
-50
29
15
-37
32
-21
22
71
41
16
21
10
45
-48
18
30
-16
-62
-41
-78
10
14
0
11
52
-48
76
21
-36
42
15
-45
27
-36
-52
-80
-16
-45
5
41
57
-99
-114
5
-35
33
-28
141
-3
51
-49
64
55
-10
-41
15
-6
18
80
44
12
-36
-59
62
123
37
-48
-44
59
57
-9
19
36
-39
-17
45
83
-100
-41
-19
-3
15
46
19
71
-31
-29
-79
-30
-5
-31
107
2
2
11
3
-24
54
-80
16
-54
-37
-3
-10
29
-10
-15
-121
47
62
48
-25
-24
22
49
-12
14
-14
17
20
-36
-25
88
-2
-79
17
34
-34
-8
40
-135
-20
30
-98
43
-3
-49
51
30
-6
-112
57
-24
37
18
107
10
-29
10
65
127
-55
-9
-49
-79
-68
35
34
-52
6
-16
1
-2
37
-50
47
-124
-47
-11
28
3
-8
-19
60
22
-9
-19
19
-32
-23
3
-5
-1
-22
88
55
40
-90
50
-8
-35
-53
45
66
20
-61
-100
10
-21
-1
16
-29
-29
1
-7
-18
-76
50
-43
1
6
107
-58
72
-13
-19
-40
136
70
-3
-22
40
-60
67
-47
26
37
10
-64
14
23
2
26
-68
-4
15
-27
1
61
46
70
23
12
64
89
69
46
111
-34
33
-16
-53
40
50
-15
39
68
50
76
48
-49
-69
48
27
77
36
-26
48
18
-16
-6
-46
-6
-114
-60
87
26
6
-64
-58
90
104
-28
-74
-34
-50
28
35
24
63
3
-36
-10
-72
130
-6
12
-71
-19
53
34
-9
-15
-6
67
55
-68
71
42
-30
18
-13
48
13
98
11
5
57
21
-91
3
20
4
-10
-62
-39
63
-9
6
39
14
-48
-69
-9
56
56
-39
-1
57
47
21
40
-29
19
97
86
-13
121
-14
36
-28
-33
-4
43
-6
85
18
-27
-22
-45
46
-44
70
-27
26
11
-100
-15
48
16
1
-12
19
-2
82
1
-39
-4
-37
-65
-55
-15
13
41
-33
-48
2
70
10
