21 77 225
0 2
0 5
0 6
0 18
0 19
1 4
1 5
1 10
1 13
1 14
1 19
2 6
2 7
2 9
2 17
2 19
2 20
3 4
3 7
3 14
3 19
4 10
6 0
6 10
6 13
6 19
6 20
7 0
7 5
7 9
7 13
7 14
8 2
8 17
9 3
9 9
9 10
10 10
10 13
10 18
10 19
11 0
11 13
12 6
12 7
12 9
12 10
12 15
13 8
13 11
13 12
13 13
13 18
14 3
14 4
14 6
15 3
15 8
15 10
15 14
15 15
15 20
16 3
16 10
16 18
17 7
17 19
18 3
18 4
18 9
18 15
19 3
19 10
19 12
19 20
20 4
20 17
29
28
40
51
20
74
14
26
12
68
38
16
44
25
6
7
61
57
11
15
69
31
1
54
9
35
73
0
37
2
42
45
33
49
19
46
27
13
72
71
24
4
47
17
3
65
32
22
39
30
56
58
21
23
59
36
8
43
63
60
52
53
64
76
55
18
34
10
50
70
66
48
75
67
41
62
5
-16
586
-194
-378
189
-313
175
266
204
268
-156
-268
-313
66
58
204
178
-119
92
-249
104
39
33
30
-232
-331
154
346
-35
26
-78
-213
246
-217
-320
-7
-270
-368
178
-147
309
61
531
-142
135
-96
-159
-78
57
15
323
-108
224
-28
-31
402
-275
354
598
-11
-98
-100
63
-288
179
-182
-79
-27
-24
-151
-49
-371
95
-371
-84
2
78
-183
140
-219
-206
-108
79
276
-168
230
107
-112
203
128
58
-96
-162
-290
-245
176
4
35
149
167
-238
-460
-104
105
-169
-277
147
-385
276
495
-73
-442
108
8
-210
-323
-361
-200
-276
9
-49
-226
28
108
334
36
81
-175
79
63
187
399
88
-31
480
-22
-30
314
171
-103
318
-81
41
152
129
-178
-130
-29
-45
-187
259
354
93
307
321
-121
-208
-91
-334
-43
218
89
30
-338
-92
292
-58
-521
486
-63
-126
92
-165
-147
32
-298
-386
-363
-69
405
105
61
-73
93
-14
320
76
393
-90
454
-95
-442
-193
-101
-225
29
-280
-82
-99
-59
-378
-63
-596
327
197
-283
-21
31
-293
145
-153
146
89
-248
-11
-152
-276
208
260
-12
328
257
-432
253
92
-160
246
401
389
-243
-101
238
-28
-158
-168
75
-156
258
-135
10
60
30
146
-97
-309
-192
-107
192
-54
230
168
-42
213
-158
186
9
303
31
-268
-252
-9
-234
-110
59
-301
226
50
-198
90
1
400
-138
194
-79
24
1
-229
224
219
234
263
66
-256
196
372
-234
278
380
-43
-277
-290
-139
-67
-66
-545
-11
-83
121
-93
332
-98
-84
-21
-249
56
-80
72
-175
267
-88
157
259
335
-321
81
-30
287
-163
-240
-331
-291
259
171
236
-220
278
13
221
-94
395
-8
280
216
-1
-193
130
95
-58
94
367
209
-164
-54
-546
122
89
-70
372
-18
-121
-476
-249
-146
65
237
-155
288
87
142
255
295
-92
-165
-484
-76
110
216
-217
200
33
-93
-155
291
68
94
156
-160
-60
10
-85
-225
-120
-131
-37
265
-116
192
77
-147
165
50
-290
31
294
24
503
397
614
60
-355
-176
41
-96
-147
-348
32
-171
-328
29
12
135
-61
185
39
255
162
209
-111
489
-63
-482
483
76
261
-106
-171
-111
-202
105
96
-74
-95
226
155
-436
233
-29
61
-262
830
171
183
222
13
58
44
-222
228
-12
-249
-73
58
-328
-62
-301
-12
-146
-13
-318
-352
-77
-365
-72
-489
-148
-487
273
-292
179
212
-63
112
-76
260
86
-331
161
38
6
200
-178
95
52
-89
190
-28
-250
112
-205
-93
66
-309
-207
-68
485
81
-154
391
168
-82
117
-142
-226
205
-102
-224
-144
-159
-166
-47
301
1
141
-146
306
114
-67
687
-193
124
83
27
-199
-254
-261
-8
-196
-121
-249
78
-241
240
-184
-281
-384
80
-101
192
-643
-650
-219
-3
25
373
61
-244
11
103
-602
384
-112
-232
57
144
93
-19
41
-269
128
39
-12
-205
-578
305
-141
-22
206
3
-306
159
301
-13
233
469
233
-375
100
-157
117
-226
-350
47
-130
-66
-147
-313
190
124
145
512
-481
-399
-154
-231
79
293
43
-68
355
296
138
435
261
-601
191
204
-101
-115
338
252
170
112
23
56
99
-35
102
-304
22
307
-50
323
-162
123
-1
30
-122
-54
488
97
-89
-164
140
61
-160
379
234
-187
-229
56
-118
-379
-71
-335
-55
-50
-78
-97
281
32
-70
-374
351
98
89
55
-214
450
83
-55
417
21
1
-50
97
76
229
-137
-202
222
-249
218
-22
-243
-10
198
-81
-60
62
-85
-277
-346
25
-138
-330
640
4
-307
-140
-298
60
0
75
-153
-44
-114
-74
-134
-3
-68
-16
175
-38
-15
-211
-74
-500
-125
237
194
-284
-189
-164
157
171
-129
-96
128
-68
-78
137
-114
550
-441
118
314
380
222
113
-397
373
-194
69
-343
-41
-318
29
106
-284
91
-54
8
152
-4
24
23
-177
190
-7
151
-72
-165
44
-148
-158
9
-19
81
197
130
-152
385
-791
-165
73
386
-31
97
-24
-88
-345
141
-190
-359
175
-150
-222
156
-359
237
49
-185
-54
71
-47
-14
275
76
-248
-475
252
18
149
-91
-241
67
-125
236
-246
-175
325
198
31
123
-125
124
-159
115
-169
154
108
4
-360
-56
33
184
94
70
-64
-118
-337
203
-114
-71
-143
-5
-179
-112
451
-138
267
-72
67
-70
-192
271
-169
-336
15
-150
-90
270
-105
424
11
126
468
399
-143
-40
32
180
-167
-279
386
3
53
-160
58
-93
-59
-4
124
148
185
-331
188
-230
256
12
271
-632
-340
-93
-123
205
322
-92
-44
-398
-307
-110
-64
-28
-170
265
-35
-234
84
361
-29
103
60
-230
-59
599
284
-208
114
-78
86
-231
-186
-64
-253
110
-288
355
-102
155
-40
-360
135
-407
163
-278
-231
99
162
-154
-123
-33
156
28
-26
33
-26
-277
-85
120
-52
-82
65
3
39
-387
489
353
143
-329
88
-23
74
-318
22
111
-159
-50
186
-136
558
-49
107
-48
-247
-305
31
-56
-187
-43
-296
-1
-16
250
120
-78
-107
-122
-2
362
127
0
389
-82
174
-188
-404
290
-146
-275
217
2
-136
302
-119
217
-617
-430
-14
170
-60
110
83
-265
28
137
343
-193
365
-171
160
-15
136
516
67
104
-82
310
-242
-161
-360
-136
361
-104
130
-126
96
190
42
-484
20
-32
-173
151
-41
-41
-172
-246
-235
48
215
181
352
56
-268
209
-80
192
-61
52
467
-147
-162
8
-117
225
161
328
337
-86
140
147
-120
-182
-376
-120
194
225
284
246
-180
155
-6
60
-318
-114
226
-44
245
-77
-135
-93
25
-160
479
309
108
-1
-310
158
59
-313
-468
-173
33
-557
-169
-437
367
-61
-294
114
-50
-499
-20
-440
228
490
190
-243
554
-168
-120
253
0
45
245
-147
-53
-71
-22
1
-245
171
94
121
-73
253
114
269
-160
-15
-305
-117
-61
223
72
-153
-147
-58
19
-72
-321
369
-198
-504
-218
-23
159
195
-19
76
287
305
-244
-330
203
15
471
-638
-214
454
-78
215
147
-277
33
814
-97
-210
464
409
30
-344
0
157
-311
-29
224
-56
-98
-48
-266
71
330
322
-271
235
287
129
-40
33
36
61
-72
-97
152
-362
572
-316
69
30
54
172
-121
145
-431
64
-52
242
17
-16
-202
241
-317
329
-216
-59
-93
-189
-87
301
71
129
76
-305
-307
174
-47
245
-386
-207
55
-24
-131
241
105
236
-311
231
393
-39
-185
301
185
27
289
401
-38
-91
-97
-613
-309
7
-76
-445
-402
287
-37
72
76
185
245
93
-502
-98
-236
80
-25
144
30
355
38
-425
16
-220
-162
-280
-205
211
147
-62
70
-101
-322
272
-100
161
233
304
78
9
-116
-107
-296
41
176
-197
361
-258
1
-190
62
206
-453
-377
27
204
-108
118
-57
412
-60
39
44
-166
352
-277
300
-150
-384
-202
-295
20
-261
72
-252
98
-232
46
273
94
-93
-76
597
167
-139
-381
-27
-210
92
-264
-121
-175
334
14
278
283
13
245
-153
-53
-186
-668
-154
77
-160
294
220
-53
86
57
52
417
-56
-237
63
217
496
39
-433
277
327
-202
144
265
294
5
-175
-83
-329
225
499
-57
265
-404
-284
154
-171
-401
-333
3
100
131
-226
-158
64
220
-93
159
276
-237
-68
-38
95
249
208
-85
37
-134
-108
-74
-156
64
169
473
-25
77
-271
-202
284
-220
383
491
-158
-103
-281
-24
-154
249
-60
-104
331
240
286
-213
290
-144
-173
95
-165
-187
71
-294
186
-165
60
-80
-420
-263
-427
381
332
-289
26
33
119
38
-210
-35
197
-243
264
-245
159
-485
-119
-113
219
12
-173
254
-435
-177
-299
-287
-140
-371
98
-309
22
30
-148
-311
-625
2
-7
-356
113
-269
153
-58
127
-113
-15
-653
-177
-100
-189
122
471
303
-153
287
431
223
-139
-308
-136
-28
-50
36
-110
-12
183
-230
203
67
74
293
222
72
-230
-113
-126
-26
180
21
-132
290
8
-213
-51
79
-55
90
-62
-127
67
-119
-246
62
-259
-8
-122
187
-388
-247
307
-16
237
224
-40
179
238
-82
3
-230
-85
-31
0
-464
-68
-99
-419
-123
-360
62
53
599
164
197
-382
-321
98
-276
-90
526
-277
31
71
-90
38
340
144
-110
68
223
113
-31
175
201
-116
109
-471
-308
-27
-58
5
69
83
-123
-376
-160
-90
-160
-494
-89
-215
-319
4
3
-35
27
-135
-248
-120
187
88
327
-478
-89
-299
157
285
-88
-193
-68
-325
178
95
161
-269
-171
-12
-107
224
165
9
291
-145
-25
110
-415
-544
134
87
32
-346
94
-33
-187
-100
-293
79
272
194
-294
-157
-134
317
137
220
-117
-28
-335
-56
83
354
81
-229
-314
171
289
-119
-95
276
-305
-74
89
-11
164
-354
281
-198
244
-280
-288
243
299
279
222
-85
91
-199
362
357
-12
249
73
-295
138
218
139
-496
346
-360
123
-363
-105
-85
119
297
139
-379
-30
384
-239
-201
224
53
-158
-100
-144
318
-30
-53
178
410
216
301
182
305
172
-364
-64
101
80
-280
75
-175
223
-94
462
-49
-131
-226
68
-440
-545
71
-215
97
36
20
-109
4
-754
20
-147
301
-78
-306
-64
-349
-372
201
-306
-189
104
-272
-254
220
646
94
18
99
21
194
533
-211
-609
186
-242
37
475
89
-151
259
-153
345
98
-140
448
382
-435
249
-104
-216
-632
145
211
177
-114
-165
-270
-26
76
266
128
258
-45
-513
131
1
-61
229
-506
-10
-175
-138
8
-148
25
383
363
170
59
298
-163
-42
-110
242
-128
11
-133
61
-498
-64
-5
-416
-225
135
-611
176
193
-92
34
258
184
239
-180
162
-213
276
-129
-222
-228
-203
1
415
387
150
37
144
171
-170
-464
378
-49
253
290
-60
139
-425
8
203
463
-20
-51
-271
423
91
-8
-1
-145
321
-228
11
-243
-133
-25
-70
306
-172
-15
-401
-103
440
218
175
-471
321
52
-211
438
288
269
500
-250
229
-178
-210
316
270
-92
180
10
-33
172
-300
-407
27
300
-159
114
33
323
10
80
530
291
22
268
131
103
-113
-68
125
-29
338
69
-8
-210
363
-449
-473
-232
-64
-23
-169
206
7
-152
-243
-133
-118
67
-102
177
416
226
-17
151
232
215
216
-274
-81
374
-16
-308
182
46
13
337
-54
499
1
-62
-282
359
1
155
132
322
-214
19
-409
-80
-17
-155
200
-202
-190
-112
-122
-138
21
92
79
-128
184
-218
84
18
-302
66
-304
-69
-19
-83
148
109
-176
-174
-32
-157
158
212
114
61
-176
-54
223
-6
-334
115
-229
78
82
-203
180
48
-78
-291
-142
-237
-378
121
33
362
-333
-215
-30
13
-144
-420
578
-260
-41
43
118
251
-214
105
83
-414
-422
117
435
270
-416
132
19
-192
-33
5
140
-103
408
358
-113
-255
312
-113
265
218
294
411
-6
-189
39
115
75
14
147
-33
-420
-17
-419
-97
152
200
97
151
126
-132
-85
-74
-87
59
25
-136
216
-91
-264
138
-35
-167
-268
-45
359
-198
-252
188
-71
273
-291
-20
-6
-92
-30
214
-268
-321
14
-180
132
-425
-9
-138
-38
201
-355
131
-598
201
-48
75
-13
144
128
74
28
-345
-96
-188
97
-176
-150
340
-54
5
187
444
70
-428
-46
-11
-390
226
294
87
-59
-105
85
-182
65
179
-192
-185
244
-297
116
-23
-261
100
-118
308
-49
232
-178
-37
-65
-186
-173
-164
47
-150
75
366
-22
74
429
-136
232
105
506
81
-190
-4
-115
110
32
346
72
-39
505
227
-74
290
86
125
329
166
302
48
516
-61
-286
-27
-89
-180
-100
192
113
-172
88
-88
131
-16
177
85
147
-98
-132
-67
156
204
-284
-343
-345
-253
60
-45
-378
75
111
-188
-99
525
-97
347
18
-17
-344
-421
-256
301
244
124
-145
-432
-165
-191
-70
-253
25
-454
141
124
-448
-11
-125
-36
-61
-9
-185
123
34
130
-103
-31
88
176
240
-148
-382
-168
165
-24
-168
331
667
31
93
-74
332
-191
153
57
151
-9
-119
-50
212
-290
99
-153
140
-334
62
26
-71
-215
357
-158
-30
-92
159
-389
225
111
63
-215
190
160
-496
-162
-137
45
-311
-125
100
-531
-123
-123
350
24
-81
-93
83
7
35
-237
318
122
274
335
-287
113
23
213
-114
212
-526
-135
-233
-85
-445
282
-404
-165
-341
186
-149
-211
-79
-428
-371
172
-178
222
-211
-358
28
304
-158
225
-100
126
51
129
-718
654
184
-245
364
0
-391
-53
267
-28
251
-8
-597
15
-205
-61
-162
55
-211
-152
-158
215
164
-102
-3
-111
-69
-145
-85
232
326
-377
-39
-160
-346
-313
-504
-53
290
356
265
70
-58
429
32
56
-354
463
-147
403
-81
-110
-227
442
225
-103
168
275
12
26
7
-87
121
473
-80
-42
-130
-307
-27
-31
-36
90
-287
-60
268
-125
143
205
-18
216
51
-188
-8
105
-327
211
-299
20
-47
-75
-106
339
-493
-257
209
71
58
127
341
-164
33
250
-274
-140
-107
47
172
-236
214
12
-57
-135
377
258
171
-155
99
977
304
347
-40
150
119
62
298
208
168
-362
-66
-448
70
-611
594
358
-703
416
293
-145
152
122
170
-37
184
401
-217
-274
35
-37
139
149
-265
-165
162
-360
90
149
-259
182
-418
493
31
-22
82
68
-11
342
40
157
78
-457
-250
65
-474
335
117
-206
156
-238
291
-10
-139
23
16
-146
-233
-82
60
5
18
-59
-80
-227
121
-51
-146
-51
-221
168
-22
-218
104
362
12
-299
-74
-109
102
-291
-11
-24
195
-353
2
154
-465
372
226
-88
104
-39
-131
228
-84
-86
28
-19
-114
-269
463
90
-282
-26
292
70
-101
210
-122
-27
-182
-96
-142
103
-58
-93
210
-33
-216
-334
-427
-43
91
429
68
-142
87
-46
-8
307
-15
142
-226
151
653
173
162
267
-202
299
99
-24
-222
379
115
22
-273
579
-3
39
3
252
399
-109
25
250
-165
459
-105
410
-91
125
307
-109
-374
222
-74
534
-106
-45
33
-20
-235
-277
-97
99
10
-115
195
-144
154
155
-94
-37
150
181
158
-547
-54
-215
196
-68
-11
240
-30
-59
260
-396
141
1
-13
120
1
-143
125
183
195
388
150
115
-105
101
339
475
193
270
184
242
217
-22
-158
184
-133
-554
458
18
-287
-146
-162
494
196
-389
175
364
-116
-209
-317
-304
80
-169
-112
-147
445
266
638
-170
-28
-121
290
5
-136
-295
110
-339
-118
-289
310
-33
184
-134
372
-131
207
117
380
-298
72
90
185
10
108
-147
102
-219
-193
244
104
-201
179
127
-152
-29
306
28
-145
128
-26
-55
-269
224
-201
-76
-266
65
-338
236
237
10
-108
-546
-127
-144
90
-36
-19
-112
-16
-84
309
218
-4
-85
-89
11
-114
306
281
-67
158
-232
22
-83
493
114
662
-317
195
-164
64
115
-328
-94
174
65
-204
-158
40
-162
235
-312
92
-60
196
-244
51
77
164
274
-138
35
105
18
-241
189
-60
-482
-4
216
-142
-450
97
-384
-46
22
301
143
-51
-118
-342
-98
437
-19
101
-470
86
73
-270
-171
82
5
150
365
74
-110
81
219
119
120
67
-72
-136
-150
-43
9
-224
-81
-326
-10
24
-162
-97
35
-244
377
-239
181
-276
164
-82
181
3
-81
13
311
46
129
-292
335
-201
67
-111
73
-38
-109
182
88
-403
397
-234
-296
219
80
-86
-244
-87
-152
-213
-66
73
165
561
500
-344
-22
-18
-31
-297
13
84
-309
-166
79
205
266
19
132
-57
-345
186
53
-454
-176
173
-158
-31
-127
87
-173
3
448
3
-72
245
-22
154
-229
180
-199
-339
-49
-245
-151
-22
-141
-443
-232
237
-144
-41
-260
-243
157
170
-289
-388
260
37
-565
-139
14
-173
3
-106
-206
10
-107
169
51
-7
-60
180
-244
-84
263
-206
130
288
194
-590
-333
131
-285
196
-84
-57
-165
-186
-627
-248
373
-144
27
255
-139
17
-231
114
-18
-12
-72
-297
-274
123
-470
1
55
-2
-116
-317
-21
-560
-314
78
-290
-228
-256
-312
-140
22
-112
-409
238
-309
-107
281
-62
-452
55
689
38
153
-113
295
-151
-181
-192
64
-144
7
-275
194
-431
431
-489
-70
-222
-313
624
-55
-137
246
121
-115
-13
-212
-217
-99
-50
-56
-233
163
-312
60
-418
160
-70
41
62
44
221
43
-19
403
-372
32
-15
-52
112
-160
-205
134
142
-323
348
93
-203
-256
180
215
-276
-117
76
-46
-373
-306
79
3
110
-94
362
222
-248
121
231
167
-337
270
-60
20
36
92
98
17
193
-24
90
349
195
-267
-220
-161
-16
-287
-138
184
-201
-27
-250
169
133
201
82
-114
-340
-522
-12
-184
-6
-311
125
-93
8
-120
200
3
-54
24
9
385
374
-547
-169
3
-4
13
-147
578
-146
314
72
79
351
-256
297
23
-310
-11
-158
130
143
329
561
189
-38
146
-262
-15
-386
473
52
-198
53
-158
-424
-267
-79
203
-301
-388
94
242
-166
-122
-192
-181
172
129
-80
-177
300
-297
272
-121
-145
-199
455
-14
-276
381
429
-343
-25
117
-58
-139
153
-635
-303
-152
-372
-123
154
-239
197
515
-257
330
201
-232
-259
186
-183
-220
-153
307
-560
317
210
-209
413
279
262
292
-570
529
295
-417
-194
-34
-162
-141
-359
283
318
-472
-67
-36
353
-42
104
316
-121
-37
89
-203
-119
-548
132
11
62
-215
-428
40
-380
342
25
-211
-188
-398
-4
132
27
92
59
-96
55
-183
31
-71
68
93
50
172
113
-317
367
-63
-34
-93
81
-176
-5
-44
292
71
41
404
38
99
-115
-393
-234
263
-166
199
240
405
8
289
-9
236
261
-549
203
-376
-23
-109
178
-8
66
-56
-147
371
-153
-131
-416
-182
74
-190
113
-352
-240
283
206
-135
-136
-25
51
-563
-231
82
307
109
1
-638
-75
-421
91
563
-310
-304
297
133
114
-233
-48
-35
229
-336
-81
101
231
-129
119
-115
-176
-130
-126
-27
261
185
-323
207
-83
-48
49
287
-445
-82
170
366
67
-25
-89
123
443
77
-26
308
-116
-17
537
437
26
-332
-4
-15
-187
-17
113
-276
41
-64
-326
-132
27
121
102
9
-257
345
-217
-203
-170
-191
-32
42
84
-95
-222
50
63
-9
-3
-145
55
21
67
-28
-255
167
-142
237
123
-98
7
105
-379
-483
-143
78
-137
-67
56
-251
16
231
18
82
-35
-342
83
60
-107
-136
42
148
-129
113
375
-149
263
-111
98
-17
-503
45
307
221
2
-33
174
66
-115
411
311
-91
415
202
157
-215
-203
-203
207
170
252
-63
221
236
94
-59
-333
-135
-218
-66
-268
343
-282
103
-153
-96
70
-286
-185
-189
448
207
85
-124
-439
-93
296
-18
-223
410
605
-125
161
-100
124
265
-82
-63
-118
-434
303
80
108
265
305
21
349
-92
213
-8
-91
-52
-291
121
341
21
378
-233
-197
-61
-107
145
-180
87
27
411
-54
22
-177
301
-10
-17
-445
242
85
148
76
-22
-206
230
-449
104
215
-143
197
109
336
-108
-166
-14
-213
143
-329
61
276
-10
-254
-14
15
23
103
63
62
121
-71
-182
74
-198
131
-102
-503
96
-230
-221
371
188
-71
115
186
-309
151
85
47
181
14
71
59
296
-45
116
180
172
113
-361
78
296
152
-61
-157
-79
-108
30
-105
69
-430
358
-139
38
-269
-28
100
-259
-179
97
-22
201
648
-232
-176
-156
-185
18
-69
108
-159
-95
144
616
-91
537
-131
-613
248
-23
-28
-25
-4
-121
-55
-34
596
-314
-127
154
149
38
59
-66
-100
-351
179
-91
-157
143
127
-115
-68
-29
-370
-35
344
183
141
50
-614
-490
-75
102
-90
277
-92
403
-139
-12
-344
82
-282
450
104
483
-220
-2
-487
-174
-203
-75
-150
-119
16
197
32
46
-478
300
-435
136
279
-399
20
-39
164
70
-214
-71
-151
88
-117
-124
-370
-223
-174
-111
-345
-118
263
214
-27
-137
325
129
181
-146
253
-193
38
35
-100
178
211
-181
141
178
-121
298
561
-187
65
-161
83
125
133
71
353
22
323
117
186
-17
29
33
17
-276
38
-109
-285
13
127
-42
-377
-2
-46
593
106
69
-93
41
243
-346
-178
245
142
-155
547
-138
141
-151
243
-9
266
161
-165
-5
72
5
153
123
-240
182
-16
-199
152
-201
28
483
-395
173
28
118
182
-103
193
67
-163
314
294
-171
-186
-119
-44
408
351
16
-202
22
-158
-183
629
-195
-243
23
38
152
59
-368
-121
-4
-225
-349
-312
416
-279
110
201
-151
-235
-267
110
-262
-231
186
-47
-225
82
-307
92
202
72
-304
-382
272
247
-28
-134
-485
-86
32
257
-185
529
-203
14
390
-220
257
18
159
-142
-106
120
53
-91
75
27
-63
168
30
136
-239
114
-270
326
433
121
57
173
-173
424
-113
-100
-515
114
-195
50
5
84
144
-311
58
-424
-387
-147
353
359
-116
612
35
78
228
-172
327
80
-202
312
-100
37
-327
-438
-236
372
388
-10
-121
320
192
98
-77
172
121
-155
176
270
-208
-264
-170
-76
-265
243
-70
-182
-289
-87
564
397
222
-245
182
-105
165
-110
-457
-108
-191
-17
-52
209
107
71
-287
303
96
-60
131
-343
330
105
47
-89
254
-5
-8
-98
94
54
-47
170
-26
376
67
-102
126
-412
-255
146
-228
-345
186
-59
-46
215
-240
594
230
-270
-262
193
271
-282
-26
335
183
-173
103
-255
-206
14
70
236
-170
562
145
-70
-11
-108
-59
-360
209
12
-69
27
298
-149
-278
-72
-226
-339
-38
38
-115
37
145
15
28
3
-114
-39
46
62
218
80
-32
-49
74
339
-12
-90
-101
40
-235
-59
80
369
119
634
-80
-64
-18
-16
367
192
-268
321
-80
233
326
239
33
-338
-275
-149
46
-74
-126
159
13
309
-222
321
113
-284
112
-94
88
54
-25
40
207
-363
87
34
28
-142
-30
139
34
156
-233
-75
-201
152
-104
118
251
-141
-383
354
105
103
2
86
-134
-198
210
113
358
42
74
145
15
69
-75
-86
251
31
-424
256
36
-156
129
-60
251
-219
11
69
-205
31
-22
-416
226
548
-237
158
67
473
324
334
180
4
-22
102
-265
-95
-26
-5
142
-390
388
180
95
-105
-113
-123
-55
121
-300
-391
356
37
44
55
69
168
39
-32
-148
-137
-247
-159
-43
381
319
-131
-280
-110
-151
240
-393
-208
-221
55
131
-432
47
-108
-183
140
212
177
-61
334
-99
41
-199
116
54
-190
649
-50
138
294
-401
102
-36
118
212
-254
-5
15
-69
232
-35
59
184
143
-44
69
-84
8
-9
-195
-109
-65
-240
32
224
243
110
-226
269
274
-574
300
-135
292
547
216
84
-26
222
157
-165
-287
120
-16
-17
-72
-55
-166
161
121
-190
-20
-173
-47
1
-167
-347
12
228
76
-95
-142
158
-29
27
314
229
240
420
219
311
-54
119
147
227
-252
189
-166
151
-7
40
-136
169
-35
440
55
-13
-97
40
157
102
-180
-12
22
-31
435
92
17
250
118
245
386
-200
169
-251
11
-260
102
-71
100
-84
-104
-33
-204
-222
49
-7
259
192
-477
-53
-126
-104
-428
-182
-146
268
-202
132
73
187
-89
148
296
-187
255
-25
-408
-42
-214
319
201
6
42
219
-397
-184
18
-87
272
16
-75
-81
-3
6
72
-269
51
-384
-241
-152
161
-61
328
431
130
202
-53
-522
440
-214
391
17
-300
159
-372
226
151
-27
19
64
89
45
375
194
-201
-9
224
-1
-50
263
-312
-316
-213
157
76
-164
104
-195
-93
15
-200
237
-304
-307
-95
-411
255
-185
141
-260
-276
-146
-26
110
186
-546
-390
414
-96
53
-33
182
20
61
-113
301
-271
277
-39
-543
-33
219
43
298
-165
-79
521
134
85
-260
360
-290
-96
58
-84
-305
-385
-180
29
533
-298
420
219
58
218
-345
130
-16
-208
486
131
202
-211
-86
263
-55
-229
-126
-124
-68
-106
614
109
431
-90
31
-328
23
-196
-9
369
197
-319
179
124
127
-34
-209
-248
-87
-189
286
90
126
-264
36
232
-191
-518
31
-199
98
-191
-371
-196
-142
-72
-189
-51
168
209
-2
-64
196
-189
216
-158
-312
-194
-64
219
-19
-8
-275
1
-153
-171
197
-196
-148
216
-72
33
278
47
634
230
-63
168
31
-111
164
-228
201
233
-172
-122
170
-124
-48
-275
-126
-24
301
193
104
413
-61
123
-62
-172
348
-149
191
161
-159
-74
-146
-280
113
54
79
-117
-188
-177
10
-181
214
274
57
-21
-534
-139
263
-53
-140
-73
-14
434
-169
-169
-26
-295
-476
174
-244
-82
-72
-63
-40
107
299
438
488
-30
-126
-10
299
-174
106
156
-4
-217
239
-6
321
202
-279
111
-19
202
225
-386
-265
-477
-192
-238
131
260
305
-262
407
101
110
94
-92
-327
152
114
137
82
325
289
-101
-34
334
302
-84
-31
440
448
-103
297
179
-38
12
155
-165
120
389
133
217
385
-142
-210
59
-165
59
-492
637
110
-158
295
444
448
-190
-70
37
92
97
132
194
-79
70
-177
86
-159
279
58
253
-68
204
-546
-23
-249
-133
250
200
192
-33
-29
-262
-195
245
-114
382
-460
-88
89
-251
-205
-203
392
133
-433
261
-181
447
15
229
320
553
-109
-428
-274
-23
230
-279
-278
-22
-101
-10
101
-51
11
-88
-43
23
58
19
-182
464
-295
109
-122
43
497
-19
-37
-265
320
185
-8
-288
-264
-64
94
-14
-415
182
46
-271
259
247
-5
409
-117
470
-113
-46
313
-208
-93
-281
79
-202
498
217
-126
115
-97
191
-155
-172
216
31
-225
-71
-204
-282
415
-322
165
-79
-259
-65
277
-27
-67
198
-250
152
327
-144
-88
116
-284
-58
47
277
10
-175
448
-211
-288
-210
-72
-222
-90
-3
-193
-28
220
280
-8
-421
275
-458
106
-336
-145
43
162
-144
95
49
38
68
281
-333
174
-134
-47
-24
50
370
68
-58
245
173
-120
-284
-62
91
135
213
298
425
35
38
-84
-37
159
404
40
320
10
295
-159
-89
-287
81
109
311
-81
-47
243
473
-335
-107
-161
440
253
-218
96
-205
238
-146
-192
-347
-60
37
-278
-36
-58
-6
-108
-31
-334
-222
19
-344
-335
126
-80
232
94
-103
254
110
-189
53
-203
-247
-348
96
230
47
37
-179
-221
60
29
453
143
76
68
-29
16
-242
404
380
-79
-363
309
-20
-215
25
32
-89
-331
291
8
-21
251
-273
-96
-40
5
-74
102
-63
-118
323
-23
324
113
448
-87
71
264
-50
168
-82
-237
-267
126
-104
-43
-9
108
22
190
-79
110
106
-209
73
-263
-154
-192
18
-5
91
6
-241
-138
249
165
-66
81
863
340
-157
167
-157
369
-269
-270
93
23
324
271
247
118
239
7
-95
158
362
38
-204
-178
150
244
241
1
75
44
42
-50
-146
12
-177
110
-128
-62
27
-216
4
-302
-298
447
30
51
177
-230
313
368
57
-1
-73
268
292
4
257
129
141
-6
-98
-300
118
114
-182
94
442
-122
-146
-210
-28
-10
51
-170
-213
105
291
-48
-60
100
259
450
470
-7
-139
-73
-277
-101
-187
-8
-203
-142
-260
-247
397
26
-61
266
4
473
-275
-218
262
-567
-82
-331
132
-83
294
208
-158
-155
-34
9
236
-229
288
-287
165
447
93
251
91
223
-259
-122
137
74
-488
-117
-23
1
110
-12
160
-109
-310
148
-187
-329
-136
-194
-328
34
-112
300
-136
59
-143
-196
-112
-189
137
18
297
-115
610
-273
-168
381
-65
173
-327
-79
-291
-119
353
-173
-185
346
202
-402
-155
81
37
275
8
146
-94
-3
268
-57
19
151
148
-192
-226
41
-397
120
258
-229
90
-281
-202
-138
83
85
-205
128
10
148
-162
-34
-53
-72
230
-205
-223
-778
-189
-5
-221
-41
-92
248
-268
222
125
-287
-143
361
76
-342
-337
-154
-64
103
-213
-68
-148
-252
-676
-52
186
136
-186
212
-354
-157
38
-168
-92
227
7
264
-223
-468
385
-150
-15
-203
-16
242
95
-277
-115
-468
-213
287
177
-194
117
612
248
94
294
-57
208
463
87
-368
-76
77
-39
-58
-443
-5
144
84
-81
-26
344
165
-176
297
-99
-272
-52
-337
389
20
-183
-203
-44
-376
128
49
-45
-59
161
280
-59
-73
86
-24
-76
-135
-404
48
157
-305
165
183
-375
68
97
-226
62
-252
-362
-467
217
-36
-213
29
293
253
68
130
138
166
18
-77
12
53
84
63
105
45
358
-231
-240
-561
52
52
337
47
-227
-134
-247
118
-425
104
46
-297
-247
221
227
33
-407
-27
-243
-208
212
134
-46
-496
-65
-2
-79
166
-131
429
-225
-467
2
-375
-204
-83
509
-229
-125
298
131
-69
355
127
-274
196
-145
1
312
259
39
245
-112
-61
-309
-200
-178
-376
652
-474
-470
-600
-353
-210
168
124
83
37
-378
144
44
-63
325
244
16
-129
-275
26
-393
136
-422
-161
-189
77
42
-19
-237
-103
336
-269
204
-140
-266
567
341
-86
175
-46
-329
103
107
42
159
-495
-297
85
-160
-142
27
-258
70
265
-158
369
-361
-305
69
-48
-165
-59
-46
-335
204
56
40
-10
-65
-23
-470
248
352
3
-136
458
208
-433
-213
54
97
120
-101
271
20
40
235
278
309
57
81
208
-184
-364
67
208
-4
-58
397
-7
-403
-443
9
199
-267
217
-78
-125
153
122
382
53
-17
-298
-75
-14
-76
397
-411
-160
-114
-199
259
29
-247
252
479
59
204
58
-113
-411
-248
43
-106
-254
-306
178
-260
125
142
-143
-255
-207
133
-171
-239
-31
-24
-140
-167
-331
-77
382
-76
60
111
-237
-109
2
-245
55
-132
13
-178
82
48
88
-134
-85
143
220
-35
92
108
335
325
-191
-311
126
-79
129
-15
-62
-123
300
-218
-72
-62
46
-407
289
323
386
63
37
139
-109
-111
215
95
-170
-352
-229
86
-178
21
159
122
121
-18
347
-41
-549
89
-120
257
-78
-34
-314
324
-143
106
-143
-326
272
76
453
-191
-346
-147
-270
328
-41
336
2
366
191
296
-140
-262
-81
92
84
-173
65
-7
-163
141
194
-165
-103
-63
-40
123
346
38
45
38
-159
187
186
-139
70
-240
28
-46
-277
1
21
-313
-132
314
239
49
-11
158
237
-79
24
71
-436
-268
-46
21
63
11
343
123
341
331
45
184
-55
41
-105
-14
437
-73
-10
183
89
-20
283
120
-290
-215
-140
155
289
81
-64
22
16
-304
94
53
328
71
-299
229
111
-136
-7
200
164
-284
350
81
-27
488
-313
71
551
341
-130
137
-84
-211
65
236
-163
-195
-322
-259
165
34
62
-310
479
204
44
-404
136
-7
324
-170
-356
284
-203
140
103
82
-369
69
-360
-526
2
450
-593
-30
-150
187
11
-124
236
-386
-198
272
105
27
234
-219
-316
-132
-419
427
-44
-309
-97
240
-53
-16
369
355
171
-115
332
80
211
94
276
-147
-185
442
269
-256
-137
443
208
211
-57
83
-283
29
-127
16
108
110
139
-31
-165
306
-214
-74
-141
223
68
-328
-206
-279
-100
11
121
281
-378
142
451
8
-13
-24
140
26
-82
-291
104
-73
31
-153
248
218
-17
215
-129
48
1
-226
-405
-253
-31
161
-32
-53
-591
23
68
253
-2
-184
47
-117
63
-164
67
93
9
450
-111
272
137
-417
-333
-144
54
-415
-92
-140
90
-20
135
-216
508
-38
-80
-210
-176
-2
-69
-281
245
-232
-76
-11
-127
18
292
58
-345
75
-192
-39
79
-426
104
240
-161
32
-121
-34
-354
-285
-296
178
-42
-404
155
-11
-113
335
291
295
-202
6
-318
-457
35
-113
132
-48
-143
-57
-105
164
-17
-119
-175
210
228
293
-110
79
127
137
-6
199
216
158
-207
-277
-379
-28
13
-36
-311
-180
-98
187
28
-365
104
-144
111
-48
-315
-100
-278
217
237
-33
302
242
245
70
223
-56
-104
12
-70
410
-146
45
-10
255
34
155
202
-270
329
-23
156
-46
-23
-357
-135
80
-123
87
-84
96
-50
460
159
-230
169
166
-209
-166
5
-100
-72
-237
-57
-293
-432
-71
38
199
-335
599
-449
31
-31
102
-12
-39
-97
-381
-357
72
221
17
-5
431
-201
50
338
37
-453
-231
-49
41
-261
-100
-119
-164
-150
268
-27
95
85
-86
207
277
135
100
-157
-273
25
-133
-301
184
56
29
216
-66
53
242
198
-65
-368
-67
-181
-5
-330
32
225
-180
204
-154
-404
-55
-159
372
281
239
154
-69
128
-112
-179
134
120
-14
-43
-136
-31
139
381
-77
-342
-28
-135
-206
-67
131
303
-147
-61
-269
-31
490
-49
3
342
116
-165
-52
-207
-408
-213
-312
-219
-80
-252
38
36
94
356
26
-150
295
-108
75
28
-89
365
86
91
-210
-284
169
230
-175
-119
96
17
-10
-199
-261
-341
-172
-23
43
25
-304
-287
189
225
-106
236
19
-131
127
415
-38
-294
377
-113
-306
-386
-319
153
242
325
120
-186
-266
-272
123
-64
63
236
-54
558
212
-33
-77
23
146
106
-211
-194
491
-136
-377
-125
-146
-231
-188
-21
94
49
-12
-210
-447
169
229
-66
186
81
-135
107
-267
-264
-103
-412
91
47
98
49
163
413
-244
-129
122
216
-15
-129
-195
-265
-172
-223
-43
46
-63
-158
-135
80
210
-251
270
382
-103
-137
144
421
-96
294
137
266
344
6
-74
125
-450
108
-147
-594
49
79
164
-301
47
43
-46
109
188
-394
198
-245
-58
353
-219
69
-287
218
-263
-216
-95
-196
-80
-186
355
-9
-270
-188
531
64
-129
-140
-21
45
167
546
-115
61
-425
-5
323
117
34
-199
-63
125
167
-124
-245
-324
-244
107
-119
-132
-334
-27
551
-2
259
87
58
-102
366
181
21
507
71
-71
532
-203
53
-35
71
-1
-259
-91
225
-34
53
-47
184
164
292
-222
29
-166
89
-289
-146
22
-164
194
-147
120
-153
67
14
-129
40
403
-11
-399
323
102
-161
367
-86
-26
167
668
104
100
56
132
-189
47
212
-381
343
-69
-182
165
461
-83
-309
164
0
388
-406
-151
-206
18
223
197
-442
141
241
-305
45
258
25
-479
-126
65
4
-280
-464
-61
212
576
-175
-20
-337
103
-294
105
164
123
-315
-64
-213
158
253
329
-167
188
126
134
-514
-189
-161
181
-28
26
-196
273
121
306
196
245
-27
-22
-240
150
130
131
195
285
-82
-328
324
-100
39
-124
-292
156
5
129
145
-230
17
138
-116
224
172
242
79
-285
-162
-500
243
255
90
-41
-8
582
-7
486
154
36
-251
-111
-166
157
-88
367
186
-213
198
544
51
-511
-114
154
273
-176
179
-116
420
1
-405
-383
528
-237
48
-32
-155
471
174
-381
56
-161
28
-93
272
-99
-168
-237
-420
-184
-24
24
-361
13
241
-111
-264
23
27
40
32
1
318
100
46
98
220
183
257
-247
-114
569
-139
-51
321
264
96
-432
204
121
-86
67
-355
234
115
108
46
332
-708
104
-132
313
9
-223
297
73
189
80
-318
253
395
231
8
-291
-72
-76
-322
-95
-196
-138
-384
100
-11
-156
235
-10
39
-227
485
-417
-187
-18
-69
-279
-155
136
265
267
-255
-539
-48
322
-14
-409
-88
155
-325
278
106
-349
412
75
-175
199
-247
-236
-289
-194
-132
-74
-140
105
-134
-114
-319
57
111
26
101
-443
-305
140
-21
201
382
320
-187
169
51
118
-87
203
-423
80
285
-153
-22
208
-175
165
-36
53
66
22
217
-324
-4
84
-38
-52
-4
2
-235
-296
-53
-275
42
5
10
144
-125
230
510
-88
-32
-552
128
262
-19
84
265
146
314
-157
70
-21
100
352
86
180
64
33
-71
-250
-49
-352
-296
29
-418
157
138
-213
17
165
-206
-88
-7
437
-258
150
57
-51
-132
149
-2
-189
165
-137
204
88
193
-156
128
-1
-221
253
-169
-30
12
-283
-214
136
457
-103
41
-49
189
-270
38
123
-241
63
-252
-244
295
415
71
43
279
-50
31
-207
55
123
-304
193
-81
316
17
190
401
523
16
212
-87
256
-50
-487
337
370
393
-381
-33
362
464
-63
-197
364
-80
-240
-156
-64
87
-279
100
-176
-9
20
-84
-157
108
356
587
379
-69
-244
-15
130
34
96
461
329
56
67
385
-170
405
-100
-58
300
-230
-276
-74
-2
79
-112
97
141
9
14
-122
-279
275
-225
293
58
-16
79
-263
291
311
-264
93
173
-32
-537
-182
239
-184
94
-251
-245
182
-245
-219
-107
102
278
-122
-310
121
-123
-17
-247
-63
-48
184
18
-216
-69
-335
-143
331
-437
447
-204
58
254
323
-24
32
304
219
107
-223
-108
272
162
35
-22
-96
215
236
-420
16
214
-188
-69
-20
-374
325
-88
416
-28
-150
-24
215
-132
240
-107
-81
146
265
-486
-163
-222
73
-8
53
586
-157
-274
298
-233
186
-105
-61
-33
255
-159
-36
40
177
175
270
121
-267
-388
-4
-519
342
247
-99
-180
-88
383
-42
263
-446
306
75
358
-319
161
-31
-118
-279
-403
58
-128
-163
-130
209
51
-42
-248
27
22
46
-257
127
303
280
320
-78
42
325
124
-145
-300
218
389
340
175
75
375
-324
-381
122
-178
-116
117
-69
366
-70
199
-441
-137
-10
-227
-47
-567
-332
-296
313
90
305
-118
-2
210
-58
-184
100
83
174
32
-289
36
54
-112
33
-37
2
-114
400
199
-163
-193
660
240
247
124
-355
94
-416
-245
-12
376
-104
15
-366
148
-98
58
2
-30
-100
417
271
-53
171
-119
-373
-113
22
168
141
66
103
85
-307
29
328
117
255
-234
-60
-48
-13
-334
335
429
-46
-152
278
306
91
60
-62
91
-450
17
-127
-126
-160
59
-538
0
-3
254
-13
-98
21
290
78
-594
-72
-1
118
-209
78
86
166
55
197
-123
171
181
23
-207
142
253
-77
-176
-25
-232
-48
-53
-435
-388
311
-268
-323
196
95
32
25
-72
-138
-248
126
-222
-190
-181
317
-317
-123
-139
-19
251
-102
329
-162
-111
61
219
-125
153
99
-114
166
108
-300
55
-3
-164
-46
491
-188
-199
-18
-33
243
524
10
-134
-51
-132
97
303
68
-65
351
435
179
60
367
379
70
-103
29
-168
235
414
85
51
-217
33
209
9
560
141
109
-4
-220
9
25
126
-137
381
133
5
-135
174
80
334
3
-234
-277
-147
360
-27
192
-69
-288
-36
41
278
438
-20
-200
165
-90
297
72
8
53
-276
113
-182
-377
95
-71
1
56
127
128
300
-152
-351
53
270
-169
-175
-177
232
224
177
-109
129
323
-291
-181
-20
251
154
-34
256
16
-114
-67
57
-31
411
61
8
-223
183
178
-269
-137
-76
357
371
-190
-64
-92
-249
-495
-37
142
90
384
52
-147
-43
96
-27
166
-234
46
-344
436
-280
-129
63
-249
-79
-155
113
435
195
-124
-151
30
139
-40
-174
-57
326
-423
-45
-369
150
-82
76
-178
-72
-153
-271
28
38
-155
-152
32
-318
-105
-67
554
160
-319
-266
-128
36
-32
327
-95
-158
253
112
-191
-107
199
-352
21
14
-35
66
324
-381
68
160
170
127
300
337
309
-162
75
-125
233
-379
-158
-385
-157
-24
165
786
283
-55
-81
-185
102
-77
93
-265
-301
-214
-178
140
115
-158
-388
157
180
155
66
-115
150
-16
-99
-89
189
-145
-124
170
-93
-217
-210
-165
-411
279
-73
48
315
-247
37
296
-167
-395
-342
-26
63
-70
2
-438
-302
240
-595
50
-102
118
-212
-105
-278
-57
47
141
-190
-469
-102
-234
32
151
-115
57
3
306
-69
402
454
-255
154
323
-239
-154
41
-461
214
-241
-139
-170
144
-177
153
-615
103
-19
-38
55
18
6
232
190
127
70
-294
213
-75
-124
320
-131
-269
358
204
182
-70
69
64
228
-150
163
221
-254
-111
126
14
-355
-337
216
-135
403
33
543
41
-137
3
-205
22
629
80
-252
250
-301
-267
164
-158
405
-242
-122
113
-217
65
68
-460
-361
-48
370
113
49
-38
153
222
504
6
320
-337
-72
-14
-136
-8
229
-241
70
282
15
122
41
-272
57
205
73
-117
249
-65
33
-74
108
232
300
-163
400
-416
91
104
339
153
-41
1
-110
-294
-72
-110
110
-153
293
58
238
-332
-186
193
30
-272
-87
144
-336
-72
157
-24
-79
172
404
49
226
-75
-59
52
-327
160
254
-102
-34
-161
99
-131
617
-227
249
369
122
-421
-311
334
-365
-14
-118
-190
16
365
4
183
169
-71
32
46
-70
24
4
-596
-202
3
85
-53
-387
-284
25
165
-45
-51
-10
250
171
73
-241
29
-78
155
7
-289
-17
-75
-129
160
-181
1
377
-179
-153
-173
57
-710
26
135
186
63
-554
130
64
349
-488
204
138
17
-405
116
68
-278
70
325
348
46
-8
402
-188
62
-93
253
-104
-205
188
217
-82
53
73
17
246
-252
-150
354
238
282
20
-76
-243
-271
172
420
366
-231
52
-174
-336
-151
239
-61
-48
64
-191
170
301
6
456
76
216
9
87
-166
-330
106
-59
196
140
615
-244
-153
-2
-380
-163
384
-120
87
-428
-346
-299
94
152
-22
-64
69
-227
18
263
38
-149
-95
314
27
119
80
-12
-498
381
-1
13
-84
-120
-229
-116
-142
341
-178
95
-119
371
282
29
157
-485
-219
-3
-174
358
215
-517
104
18
-269
248
120
-183
247
427
-278
-28
316
139
-44
281
225
-98
-4
-175
119
-55
-87
136
540
-15
-42
-509
-420
-451
-352
-27
1
-100
106
-95
261
-33
117
-120
-90
-252
125
357
347
-151
70
-139
177
204
228
383
-21
-3
-81
-21
-32
-441
342
330
366
-734
213
200
76
-90
-118
-345
-126
92
195
184
-112
76
123
-90
248
-258
-78
-44
133
-211
199
263
364
167
-143
-15
-196
-562
-103
101
-234
68
169
231
-5
283
55
536
186
67
-232
-144
18
-329
251
-327
-29
336
-149
-183
47
281
58
-58
-288
-360
32
182
-132
88
184
259
-26
-134
263
-330
-332
-189
-130
-474
120
-141
121
537
251
444
-483
143
-146
-346
-8
103
184
497
129
-152
-82
-516
-46
-8
-97
61
158
-234
-91
-163
393
169
-46
93
38
210
268
85
39
-71
326
-168
-12
-219
423
29
132
49
-110
65
139
-154
-118
-10
-476
-127
-116
-213
-77
-52
-13
-23
-74
444
296
-161
-42
-119
374
-185
194
-177
-113
-42
360
-279
-363
10
528
196
-137
46
-111
0
200
-160
149
-170
-44
34
-290
-285
-58
168
-140
201
155
-213
16
-145
105
-317
-268
-148
65
-154
-125
-150
-233
185
133
-280
-380
-36
87
274
-82
-136
517
37
-598
374
-83
-103
-84
273
91
-432
65
-68
-242
255
-125
3
383
114
-76
-327
579
-80
-142
-95
302
-164
98
67
-502
-91
-28
-77
-283
145
17
273
-312
-183
166
319
-261
146
-11
-227
-133
-227
125
184
-266
70
264
84
127
131
-234
187
309
322
7
232
-337
149
-109
6
-37
40
-324
-121
196
-6
331
29
-582
102
-229
104
79
153
-577
69
142
394
-188
77
-228
181
-17
138
168
-266
322
106
223
62
153
-33
-72
-127
-364
-57
161
149
-252
143
-252
-211
-179
-204
-2
234
69
198
-375
-218
19
-105
-26
-15
-26
397
-170
329
317
-211
70
303
-14
182
-73
-11
-363
-29
-167
194
-111
-114
61
-311
276
111
411
-132
68
-277
-244
263
158
-443
271
17
-426
115
46
47
23
-239
-260
106
21
118
89
-133
301
51
421
-178
431
294
-202
-317
-324
-101
-223
-18
111
-109
-53
-588
328
114
6
-83
130
-130
-224
-175
-229
-361
-31
-159
6
-86
-306
70
135
161
-54
-88
312
511
-261
33
-282
557
-270
111
209
39
397
499
-146
110
407
-107
-201
114
133
224
-290
134
101
-21
39
39
-107
94
9
-238
-309
279
-11
-32
500
33
-113
146
46
279
-122
-355
-68
124
125
-249
180
158
-285
-265
469
-124
150
153
278
336
-377
8
348
-209
-221
230
-33
287
254
43
-118
-130
135
-29
-292
145
-176
5
359
59
-343
157
449
32
-68
3
-403
-77
227
119
-72
24
496
-167
278
-19
285
133
190
27
-327
-396
51
329
-45
166
36
71
85
103
64
111
249
71
258
-33
343
295
37
221
-98
-348
-124
-111
477
-186
-56
-106
-337
-336
-20
252
4
-513
-84
261
-26
-224
-42
113
87
106
147
-327
-42
40
-215
170
444
-238
-216
-141
-120
-7
-108
-40
221
-370
-247
-476
119
180
-46
-134
-83
-9
36
24
266
-142
-125
237
-388
203
-40
4
227
-446
-73
-83
31
132
51
-81
-10
-524
57
-67
-108
-58
225
54
-117
-12
-81
-72
-39
-514
-117
146
-72
-297
12
-1
-30
-33
46
332
-115
276
24
23
-65
157
225
195
44
74
76
306
84
-89
620
-3
-204
-355
-266
141
-138
683
-162
371
13
-44
174
143
230
-549
61
97
-24
-45
-120
-129
356
-75
-208
233
261
185
-334
48
-21
-223
459
-155
131
213
152
-128
90
110
-446
-208
-355
-23
14
-232
176
144
-236
37
17
-268
-203
149
-316
-104
319
-120
-486
111
172
549
272
61
152
-17
229
134
415
558
47
-473
32
-174
68
48
-323
-22
-133
-230
-268
-24
94
323
-326
43
-108
-170
-1
131
-3
-20
218
-53
44
-177
313
93
519
-205
-20
-46
490
378
-185
263
-181
-216
122
-347
330
-84
443
305
2
365
-178
-393
20
-16
2
23
90
165
-243
-124
189
-126
-88
174
-205
-8
62
179
204
-220
260
291
4
30
222
57
-308
-124
-121
-39
-325
-313
-127
375
193
-82
210
-276
271
233
301
-123
-11
-165
367
64
-164
-62
243
-130
-350
188
1
468
226
-445
39
-123
-230
-36
91
52
304
183
-105
58
161
59
117
82
81
249
-307
66
-210
423
229
-274
-283
92
96
185
260
-114
-134
169
87
135
-201
119
105
245
229
166
-120
302
45
-409
237
-302
233
71
120
106
-65
-140
23
42
213
244
-205
-40
-140
-367
-125
-270
44
-56
-680
67
-62
-33
10
47
-21
-224
116
-137
-131
-87
-196
28
-122
-50
-244
-232
-318
259
-118
121
42
392
251
49
-11
178
-59
-256
-303
-283
363
-371
-297
127
123
-192
25
117
-82
-188
-94
22
169
-119
-334
442
-58
-129
-1
-143
194
15
94
-81
-349
-365
-303
61
-29
299
18
-56
-318
-139
497
179
50
256
205
41
120
-358
-165
478
128
-238
81
210
-154
-147
286
-146
-540
-121
186
-11
-22
48
221
-8
-191
-394
393
22
-62
-70
-164
-297
1
118
49
-273
210
-170
162
351
4
273
-217
31
-419
428
-154
-299
-328
-129
-235
152
-411
160
113
-130
-293
-284
240
-16
193
-630
-143
287
-123
74
143
-279
-38
263
-210
98
-159
-84
598
266
167
-385
181
103
14
128
-215
181
-59
-455
-50
-47
-146
-267
-3
60
135
-314
266
9
-127
171
219
-94
-59
284
-362
-86
-55
140
-19
82
-76
376
280
-131
-222
99
-127
69
-262
-479
15
7
-491
172
32
44
-226
-32
132
353
-139
142
49
11
237
22
-374
-3
-560
-31
27
-154
-8
-142
83
360
-364
-125
459
102
-265
-67
-301
182
34
-44
274
355
-554
-309
-412
-145
-213
-177
-390
-450
174
84
201
226
-240
-151
-49
105
210
23
-282
359
-187
-211
289
203
163
104
278
-11
-156
-228
190
-82
-141
14
282
-140
509
-363
-421
-252
176
386
388
220
504
-163
-62
-124
398
-93
162
-220
89
-196
14
-349
-139
-126
-308
172
-80
-54
-238
72
-355
-117
99
-296
141
-298
155
-79
221
234
595
367
-61
-88
26
203
5
86
-202
-247
159
551
-139
-63
-369
-513
170
-374
-579
-191
48
-217
-1
63
99
179
421
143
280
211
69
-302
481
35
-68
-47
257
98
-686
174
257
198
-255
-146
-32
-195
-107
-280
-326
377
-8
-182
328
10
-23
34
-53
77
166
394
-43
17
10
110
-207
225
563
-94
431
-71
-71
50
-88
83
-37
-138
-160
-94
10
159
156
57
279
256
-219
-28
294
151
-41
-333
200
218
-158
76
-73
176
16
-220
166
210
243
-167
1
-117
203
-47
-296
-43
79
164
55
-110
371
244
-310
-193
272
-116
201
98
-16
-222
-315
64
210
84
-241
362
-471
-1
58
65
-119
65
117
572
-34
-32
-10
127
-188
-27
467
220
280
20
-40
421
85
-323
77
272
56
235
166
-82
-64
252
61
-52
100
-48
-95
289
331
166
139
-6
-336
68
-205
-221
81
105
-48
36
595
134
-184
274
-288
186
307
87
361
98
292
-221
-153
-77
109
103
139
120
-74
-99
-173
27
226
82
68
-407
-180
-229
-79
-189
57
232
-254
351
243
504
382
-256
-380
172
7
-199
-229
-283
285
-95
94
-145
-128
-192
-386
183
159
-148
-343
239
139
219
266
-48
-192
-193
155
-171
85
278
-45
-12
-269
437
47
-176
-352
-65
-6
-67
121
-318
-326
-187
-139
27
-107
-283
415
-186
-157
129
-30
-31
73
-606
22
-263
228
92
117
-277
-68
-284
208
-269
-268
87
-351
529
232
25
86
-165
-195
-272
-55
-169
-133
-149
377
431
163
22
53
275
79
-116
99
527
171
6
97
-17
-16
-23
-364
-87
-272
433
220
124
-139
70
-10
-2
207
-170
-202
283
-261
-237
71
837
253
-319
-178
-143
-210
108
-134
59
-4
302
-361
770
121
122
79
-85
-358
58
-23
-49
-174
-416
29
-315
-152
185
570
382
-344
-459
-29
-37
280
-193
59
-187
-214
329
331
-1
10
241
312
460
118
72
64
11
-24
-138
189
-425
-217
-60
-71
-278
-10
-470
-378
105
162
-127
279
-36
63
-51
-417
304
268
-176
64
27
75
257
-49
-120
-114
-379
237
-756
-62
192
-370
-222
-73
115
-773
128
-240
-98
-349
238
-190
263
-69
-125
-145
380
-100
-260
224
-792
-66
-51
222
-68
226
37
-226
-144
80
276
115
48
153
97
28
-24
310
148
-840
-235
272
258
-343
65
-112
113
-24
356
-220
-266
-123
737
-528
24
-34
314
162
-532
-109
-310
-4
-395
-24
-108
-133
-58
56
-355
-386
-323
-174
159
-84
54
308
-381
-10
96
-87
-13
50
-76
417
-173
319
80
-438
-150
229
296
-158
62
297
-57
-222
-74
96
109
13
-31
354
-220
-144
-115
285
108
-81
21
265
-185
-149
76
-93
180
-4
218
-233
78
-171
134
-3
17
-116
-361
-499
267
-65
-104
417
45
-290
-109
76
-389
-221
-30
227
-58
-532
-412
-325
153
201
147
143
-121
-263
292
-65
-179
-47
-44
195
-59
10
118
166
-217
-136
123
285
-40
-208
127
-55
-429
-333
-136
425
-74
-73
-217
216
61
-248
107
272
-98
-98
-78
33
-200
-347
362
-208
-81
-264
-42
6
-170
17
136
-117
289
20
-533
146
436
24
-287
-252
314
-226
-25
27
196
-506
43
-129
-172
283
-228
314
286
-130
289
324
130
-39
190
157
100
337
42
-359
-64
44
-159
-137
201
41
-54
-222
-212
-261
138
-131
252
410
61
169
-45
-236
481
-278
-120
-162
117
196
246
-177
-376
373
326
-88
295
235
386
-104
73
-140
-84
-25
238
389
-134
153
28
184
-54
-321
-43
498
371
151
-210
-70
378
-113
26
-481
-35
-131
-103
35
-406
50
8
66
145
124
-414
143
60
-292
232
525
18
-307
58
-360
-131
292
-169
-117
-204
325
-261
44
15
-152
58
-107
-29
230
-100
-428
124
-683
-5
79
-78
-92
141
75
122
26
-270
-35
-71
32
129
41
463
40
33
6
-443
-65
-93
234
-281
107
167
-14
206
258
27
-28
346
-25
-393
-271
91
78
-451
-113
286
188
-48
-18
197
334
-336
-268
134
-220
-111
125
-203
334
-148
-308
-28
351
156
-269
-343
-189
32
16
103
629
-66
38
261
-57
120
-98
-309
-97
-36
-100
172
-139
106
120
339
391
9
279
115
107
-28
-323
456
-1
-409
-47
38
78
90
-380
194
125
50
286
74
-143
77
-45
162
-150
-122
384
30
-384
336
637
5
-242
-195
397
-290
33
-44
-75
-391
-288
155
297
492
-46
-54
92
171
-35
-386
-5
-57
7
368
4
74
237
-75
-630
227
-152
18
-202
152
-27
-205
360
71
-53
-44
-185
-370
-110
129
144
-576
-51
249
86
98
8
-82
45
235
-49
173
-403
-38
-140
-132
-216
155
87
126
539
-343
413
-146
285
303
-275
-79
89
-95
-11
-47
-258
-33
-101
-216
312
362
-169
67
87
-149
-222
-575
-213
-587
121
341
-123
-254
65
-12
-325
77
73
112
-48
122
41
-132
-96
473
-158
383
60
170
248
89
-262
-98
542
-181
112
-50
-61
488
-29
-321
