23 64 289
1 0
1 14
2 18
2 22
3 4
4 4
4 22
5 9
5 20
6 13
6 16
6 18
7 4
7 7
8 6
8 7
8 15
8 17
8 19
8 20
9 8
9 11
9 17
9 19
9 21
10 17
10 18
11 2
11 9
11 12
11 13
11 20
13 11
13 13
13 15
13 17
13 18
14 15
15 3
15 11
15 12
17 0
17 16
17 19
18 2
18 13
18 19
19 1
19 5
19 6
19 8
19 18
19 19
19 21
20 5
20 8
20 9
20 22
21 2
21 6
21 16
22 1
22 15
22 21
51
62
28
7
39
46
1
6
57
13
34
58
60
23
0
42
11
44
48
12
49
53
16
2
4
10
43
19
18
61
55
54
20
33
32
59
17
31
37
24
30
38
27
5
41
26
15
9
21
40
25
3
52
45
63
35
29
50
47
56
36
22
8
14
-265
-263
153
-123
-443
280
-67
-381
160
188
-488
-294
164
282
-116
-148
-447
657
-280
146
391
245
106
554
212
387
-424
-362
225
386
-323
182
-154
263
-684
-528
-197
-142
-219
-228
-38
-201
283
-124
285
76
318
187
-342
253
24
350
-94
-603
-211
133
-206
312
357
459
77
-271
128
400
98
791
-94
128
145
482
-258
108
226
248
234
-174
-278
-461
319
420
-126
133
-158
-302
313
127
-97
-332
240
546
313
-98
-190
427
-10
570
629
254
-152
79
-3
-162
-421
-432
-475
306
306
261
169
-80
78
-136
-107
0
-51
-541
-42
-320
444
110
-89
35
201
209
250
-208
57
413
-166
-73
123
-52
-134
69
-22
171
-253
-4
35
183
309
339
-601
468
251
-9
344
1
-530
270
434
-62
135
88
213
-98
86
-97
-47
-107
459
-204
-29
109
-280
176
65
202
-166
-303
220
378
-153
-151
-46
275
-127
378
-359
-368
-54
410
111
79
-147
-194
-66
280
105
-114
-74
-342
336
-402
530
121
258
-133
311
512
73
-555
-36
-94
83
-285
-213
27
227
-206
-574
-341
727
562
-387
-529
-76
-371
-318
37
274
-366
131
-272
21
-280
473
-429
-413
-211
-514
300
-118
-457
67
106
620
50
429
195
-200
-346
57
582
-686
362
-7
109
430
285
-326
443
55
384
248
-241
-215
-61
831
-431
-342
-42
-140
-177
26
-148
-229
414
58
154
-447
-251
215
294
32
360
215
-416
-219
-459
302
112
-491
334
191
-665
-168
-136
-168
-384
-425
-209
81
-333
140
-244
34
-149
-487
-97
-144
271
24
-67
-735
-74
-12
128
942
159
-225
-196
415
259
-177
-357
198
-152
498
143
-130
150
16
151
-35
-638
337
55
87
-145
109
751
427
389
-357
-233
101
212
-257
-336
-228
115
-334
628
405
-143
52
-523
462
-254
344
36
474
96
161
123
101
-2
-60
-265
-504
340
614
-83
-270
321
-346
-31
224
325
-122
-13
208
165
729
-152
251
-135
-426
187
115
254
68
-240
-187
335
128
561
609
-262
-289
-217
-335
-237
-207
69
508
-602
-273
280
23
241
121
-350
83
336
437
-299
-619
160
145
-101
91
-313
-145
340
-77
87
39
178
-421
-53
246
-201
95
-18
73
-235
20
152
-134
-292
-59
-207
97
210
3
-61
237
-64
-212
-564
356
182
124
-744
-181
-523
82
-298
-334
49
271
-494
-229
240
284
299
287
-345
171
228
216
-61
-555
354
-49
-30
238
-500
-107
373
-104
267
7
-47
280
-30
79
256
340
-405
28
-24
-65
197
-239
-1
-219
82
-254
-92
65
7
-83
-407
866
-152
-269
-13
-107
-557
-382
80
632
360
166
-634
-120
-107
-197
-688
204
-256
-314
-435
-25
-67
247
127
-401
-224
85
-41
107
-201
234
238
770
49
253
-71
229
54
-30
279
-146
527
779
192
546
116
-163
-342
-141
94
-444
143
250
-501
131
130
-68
26
-217
-482
182
-196
-489
419
-281
-126
-621
-215
-270
175
-7
-234
-326
-47
353
311
322
-655
-374
241
-31
-302
-227
-531
151
-422
216
313
113
-186
-841
-266
337
256
56
-252
-173
90
16
-216
60
343
-483
-185
-202
-209
-576
99
150
485
442
-82
-212
-223
-195
232
164
250
-536
14
-259
-93
70
-21
293
330
85
174
33
-152
59
286
91
62
-341
107
289
368
555
88
51
-20
-271
663
-441
80
-253
-210
-115
-347
-271
143
28
24
-397
14
-275
-245
196
-21
589
-192
-411
-272
-361
602
-483
-371
318
-359
-136
-81
-146
-535
28
112
-185
-11
270
-404
317
-142
209
107
236
517
-255
-339
-54
-435
462
-194
426
32
-237
-35
224
297
-168
-350
-498
55
236
464
445
221
191
-141
145
-90
-126
-275
-271
350
-138
207
170
-106
212
82
66
12
-130
-127
-152
-29
725
-294
-43
-165
387
911
-67
98
101
-52
212
216
-316
-38
-218
46
-85
-52
65
129
-302
-135
-401
-142
-35
330
218
16
10
21
82
119
-15
122
-104
-429
302
-483
-152
-140
167
-7
-260
336
40
184
427
286
-63
-94
-210
125
-164
148
502
460
190
-232
-455
-42
-484
-156
375
-207
324
-54
128
-113
165
364
-26
443
-413
-135
-36
-59
-19
-104
5
-376
-260
212
37
-159
159
-179
-696
-379
-226
129
-339
531
106
-182
-432
154
-29
43
268
-55
61
79
-161
98
-241
-174
-249
634
-24
-253
-79
85
-485
373
-69
20
-127
85
-107
351
243
-95
-260
-151
235
-8
89
132
8
191
-425
-331
-409
508
-142
305
385
-35
-227
212
589
-299
121
237
650
-472
223
-118
483
639
-46
-24
-436
-248
-157
-162
214
-4
563
45
259
-186
-98
89
77
88
242
-37
179
-61
70
-406
217
-297
57
356
833
198
505
392
502
247
-22
388
269
-489
470
155
458
-633
-29
-1
91
-193
155
-339
-465
272
-362
-341
-19
-165
-242
840
191
-221
-392
-58
-18
360
-268
243
440
-50
-313
-239
-351
-164
116
216
-93
575
428
100
-179
10
-322
-190
-161
59
-309
209
-40
-781
59
246
338
-162
-394
68
22
202
-180
-48
375
4
-142
-214
172
25
-294
47
153
586
504
-53
183
72
71
-45
-76
-188
-298
-539
328
-165
467
202
-9
-570
-139
63
174
-56
-104
63
197
-339
230
248
-47
-404
-69
-43
-153
9
162
-72
-278
95
238
82
-685
40
-246
-182
139
516
65
-104
-641
116
122
64
74
-263
-572
-159
230
613
558
165
305
207
309
-442
74
-117
-209
-396
125
51
-139
174
418
139
-129
598
182
-134
-471
3
-135
209
-72
-149
-90
43
28
299
-706
-185
-450
428
-77
120
175
-76
591
-223
-82
88
10
623
-265
75
203
425
264
49
342
177
-458
-95
98
912
40
562
-229
155
60
-145
178
-561
-129
153
392
-113
384
39
-144
-300
293
754
-344
5
337
217
361
258
-122
-134
164
182
-651
-514
500
-142
578
715
-495
401
-498
78
-381
639
-779
3
36
197
-709
-102
156
94
-18
-6
475
-156
219
-124
-373
182
-278
35
-108
169
100
-129
133
323
-334
351
-36
410
47
-101
-47
-313
-45
-160
-267
-89
332
-24
606
242
-52
-137
29
195
-314
25
319
152
160
119
598
156
-81
65
409
366
539
283
-45
-452
259
-332
297
-294
-227
117
245
-378
78
107
95
423
254
-15
747
-855
128
143
361
-93
154
-654
186
406
-557
419
-75
-115
242
194
360
-224
139
149
28
-618
-186
-190
-1
173
-458
-51
-8
-214
83
-51
113
238
361
280
-400
74
-399
368
454
198
314
-1
162
348
-136
8
-426
343
-59
-482
173
-185
-452
124
-479
258
-276
240
-116
392
-241
251
251
204
-436
-145
-278
324
-344
-162
106
-33
293
-135
135
92
161
-299
-317
25
-194
573
102
-306
330
149
-82
-205
122
253
-114
-377
391
-651
51
87
23
158
575
-246
230
139
-62
-68
53
-24
79
34
-532
-96
-212
-9
28
454
-452
255
-359
-99
380
-556
360
-136
-30
314
203
-23
290
-203
667
-234
-130
-62
25
618
-52
-497
-46
120
-193
101
-562
-9
-427
156
-419
-413
-124
-22
-618
-237
410
75
-15
-518
403
3
-131
124
138
193
-482
-23
96
-84
98
112
9
-468
-57
-12
113
-559
136
576
-257
453
-127
121
19
500
168
313
-465
-123
146
-71
288
0
-270
162
-308
35
402
453
-47
1
313
205
-42
490
8
166
-136
-267
521
-290
-267
445
-1
-50
-88
105
163
147
736
-326
-195
240
-295
210
44
-24
151
409
499
-724
422
584
-217
156
-155
71
43
263
-241
-495
-136
813
195
204
-27
35
-252
153
430
21
115
-193
195
151
-212
337
-399
196
-158
197
-444
-443
296
-506
-118
-98
76
20
22
-370
-345
14
-161
-277
-147
-274
184
-520
-381
-50
367
52
460
-45
-31
839
562
108
65
-303
265
146
-276
431
458
-124
-248
33
-352
299
195
539
89
-58
482
55
162
-163
606
108
-353
-202
-40
122
-96
-226
331
-298
-59
-469
-407
276
-277
-247
437
-398
-300
-335
-15
254
-497
-336
626
-16
-659
-326
-64
-94
326
154
-95
-140
-341
91
-371
37
89
-355
-297
63
322
168
154
-100
625
-326
71
191
-260
-90
11
81
263
187
-62
-221
-44
315
-294
-132
-22
-664
177
-320
-107
149
48
-271
-66
618
267
-391
71
-7
19
141
-729
147
69
190
380
451
303
-47
30
24
-10
250
206
439
13
478
-86
216
72
-67
222
-214
-265
-13
-81
223
549
428
-255
-85
-116
16
-83
-77
-75
181
-190
29
-645
-91
-170
-218
317
229
-215
85
-598
-472
161
-176
84
-667
-195
-166
285
611
181
148
131
-233
8
99
-397
223
-155
36
453
215
-164
55
-28
326
290
-207
179
-22
78
-404
255
69
334
-126
-117
-550
-41
-172
124
-515
417
-509
-78
189
43
85
158
579
569
-692
44
-234
-101
163
-564
-141
364
-332
-230
95
23
144
-253
-306
327
-665
-275
-61
-169
-446
-178
260
-303
21
-410
-308
9
-33
21
271
6
233
110
522
-437
217
426
-316
-78
337
277
-39
-512
48
549
272
-89
-740
116
-59
-72
155
-77
94
-155
365
-309
-332
265
214
-187
-114
-408
-266
-318
-263
-224
533
103
504
365
428
-233
-261
-166
222
143
455
-80
69
406
-58
-77
-191
-143
119
-135
247
402
-92
301
-224
-18
-89
557
44
28
-227
73
-67
-17
-394
-55
230
260
-175
18
109
-75
37
432
-211
-476
180
283
161
252
-442
140
256
-276
534
560
170
147
45
-165
-257
348
-3
328
-438
-132
446
-189
-54
-38
176
227
142
-9
-175
-403
-324
-286
-266
80
246
194
6
-13
367
-3
26
-169
-252
185
-20
265
235
-341
-82
-159
-312
-89
-165
108
127
102
-81
305
355
95
559
-304
346
38
10
393
574
-212
151
198
220
33
625
-5
399
-376
-237
518
-210
122
-227
201
13
393
-555
-125
65
-381
-369
190
-78
-199
-81
-71
88
-153
383
-158
-60
149
-132
446
-250
355
-157
-133
127
248
25
-147
82
64
362
156
563
-202
-155
101
61
-418
304
-53
234
186
349
74
-355
-23
6
360
-23
85
-15
24
330
-6
-64
438
555
-176
153
-423
-110
-120
400
46
-288
482
-90
102
-61
-74
375
389
-623
211
-211
-159
-76
-458
258
-480
368
-181
-61
-47
-726
-61
-291
328
372
-261
-46
-117
-303
-311
-166
-395
-221
463
-491
-266
-236
13
337
-721
-274
-197
131
1105
-156
-363
50
368
-64
-102
-236
386
507
-117
-15
-446
-107
25
81
-29
516
570
182
-91
-6
-222
503
-204
238
509
-19
96
-229
92
20
249
113
721
166
378
181
-135
-44
100
481
454
-46
-301
376
-264
-133
55
-55
-115
110
-439
274
254
242
240
-179
138
258
20
181
144
-490
-104
69
-136
562
199
176
-42
65
-193
93
59
-30
-1002
356
-154
622
25
-446
-133
-757
-163
-27
-322
-416
372
126
16
144
-106
203
102
60
-178
295
-111
34
519
292
-24
219
18
-150
93
167
-92
475
-89
170
6
84
54
604
91
-148
-544
396
455
-24
-21
40
-139
90
-155
115
276
-316
201
334
-449
-215
25
382
-300
-283
179
825
42
10
-86
-147
-16
577
-164
-265
263
29
-236
-319
-119
-45
116
275
-321
110
156
-415
6
674
322
-16
-250
21
211
308
-88
60
-273
-81
-508
-321
-375
-381
431
533
-166
5
-22
395
21
59
-141
146
-794
275
139
-53
-192
-108
-44
-295
137
-94
220
-203
-28
1
-441
266
-213
-331
156
-40
166
-324
-105
-46
-340
-479
488
563
-90
372
-189
-701
-266
-500
197
322
496
60
336
195
-299
-268
106
125
-249
-153
423
105
287
-212
-179
214
684
6
110
326
-123
182
-306
-238
-32
-393
57
-246
232
556
-348
-149
157
-19
16
371
-157
-274
2
281
-227
-137
-383
55
432
-376
-42
177
161
-231
234
422
93
-57
-78
191
74
271
308
-224
240
227
68
146
-44
-706
225
-339
-46
185
202
233
455
136
-497
-125
354
-524
212
295
10
-110
-272
-255
387
226
-47
-333
-130
112
-560
-352
-236
-23
-630
-36
-321
41
256
-246
312
110
90
351
-423
-270
-7
306
304
183
-369
491
-683
-203
168
-239
80
-215
-66
267
-523
-214
507
180
93
140
95
-339
-156
-112
-77
390
322
-852
-187
168
-122
-360
192
-258
400
20
290
640
37
-255
-227
298
-331
-156
-156
12
42
146
199
-393
215
268
-415
136
328
-20
-107
267
-427
424
182
-504
-404
-245
54
-165
-36
-280
369
-251
-95
214
-177
-26
-414
-379
-295
385
216
-345
-17
-99
132
199
244
167
418
-229
101
49
-38
-420
116
-28
-435
-15
30
218
110
-19
262
-22
219
-414
277
355
-544
223
736
-278
-196
-280
317
-269
358
555
-303
21
-554
-175
-1
-206
150
200
-424
105
392
111
3
61
-461
-389
393
10
147
40
-254
101
-47
-102
-183
159
-319
43
-62
-131
-138
-186
-325
-595
-21
-269
52
-128
286
-236
372
-83
-339
446
413
-116
-174
-364
-222
-348
244
-20
-342
-410
40
133
-438
-77
-277
-99
-186
108
-57
-5
10
23
333
274
-468
101
-74
134
112
-156
-198
-93
-91
1
224
112
-33
-43
-201
-283
1008
400
-235
120
355
870
-345
-1
-374
221
-287
-260
-61
303
-253
-232
-96
-494
-553
-584
-337
-587
296
-645
-255
-91
-58
536
0
107
-139
-376
343
-228
-536
617
-18
-245
265
309
366
1
-248
68
439
-123
108
239
169
137
507
120
-362
-582
-95
591
249
-331
-306
249
22
-442
-64
409
-112
-92
-606
3
205
203
-274
676
-442
588
-11
64
-80
53
-342
-506
-16
-435
276
286
179
29
-189
-411
-142
-259
-512
-57
-55
-5
-131
570
-111
252
30
-338
-29
-56
474
443
-465
15
299
168
-298
26
90
-538
-14
280
136
53
-274
20
245
-114
-342
106
72
160
161
-3
-389
341
566
-125
-191
-43
-2
203
89
-17
-59
255
22
-368
-305
231
-80
-228
91
-98
161
273
140
-453
358
-284
-432
97
27
-330
71
-119
-104
534
20
265
33
115
456
-88
518
121
12
-244
-115
237
557
-26
151
239
-375
422
363
226
705
85
-137
-14
-64
113
157
-67
-397
55
316
-308
320
-69
140
376
-65
62
84
374
804
274
-133
-212
109
-206
-308
452
397
-165
-426
-667
-190
-324
-264
-188
93
-102
307
511
311
446
583
-356
166
-80
-134
-157
-261
256
181
-672
-2
-601
23
110
273
-207
-179
-336
-120
337
382
36
44
-346
62
275
-48
-353
106
220
-635
266
-114
409
-133
578
274
196
156
-338
4
174
-223
227
-376
-317
-179
216
-58
432
61
488
261
450
3
-544
328
75
108
-138
-28
157
-164
-147
238
-929
-191
-74
524
33
-175
237
52
-270
571
117
-199
37
29
13
-88
298
-334
-417
315
297
46
-171
315
-415
398
-351
524
-76
-106
364
-90
108
306
88
-187
-474
152
27
434
304
-646
-289
227
-221
334
-173
-32
29
-297
-94
-258
111
-173
36
64
749
153
265
-371
-137
-6
112
-637
485
-446
-114
320
416
-503
237
701
82
433
-26
53
-42
-282
535
585
271
125
379
-277
-398
-340
243
-266
-756
-91
-53
164
-169
-401
162
-501
36
-307
110
418
583
-620
107
104
-76
98
93
708
289
-58
736
106
-19
-173
119
-14
549
-321
-32
309
-8
-234
-58
-66
-309
-44
112
-8
-363
-291
621
-544
-288
-15
-41
-119
125
-156
102
-399
59
112
139
-426
-167
21
-34
-230
296
156
125
129
343
92
81
-345
-441
-190
197
-239
341
236
-20
-435
322
248
792
-416
-206
102
-219
-887
-560
85
-45
-152
-390
276
-239
151
-188
113
61
-84
-386
112
-33
173
-803
-412
109
-406
182
-23
311
19
583
339
311
-169
135
-16
100
694
565
152
-410
-99
355
-78
238
-204
171
245
-158
-499
-181
-359
-449
201
58
204
175
-143
210
-164
-181
94
797
463
-257
433
176
-343
-128
-65
-158
153
-42
36
-801
-86
-33
68
215
465
148
-361
-80
-345
175
-55
320
42
-285
7
-305
366
111
17
-200
243
-158
701
55
-13
2
-389
-292
-299
-487
198
-443
-29
223
-616
-353
-147
-186
-19
70
-349
105
-55
-416
-237
379
-179
-403
121
67
-157
38
-299
235
36
-22
515
-352
-149
43
82
206
652
457
117
-196
120
196
-187
361
-101
-134
-203
-444
-144
177
-363
-534
-174
-379
493
-42
531
393
457
-332
-3
271
96
512
-251
209
-43
18
-125
239
-143
48
271
-49
279
-77
-225
36
59
-108
-136
-59
-239
109
-197
-1003
-637
54
-422
99
-15
88
-265
-19
282
-53
86
259
-305
-168
-253
-203
141
399
380
302
-267
-421
-112
-510
556
314
-361
-208
345
387
-273
-95
157
-219
-148
385
137
-221
46
54
-214
182
33
-261
490
552
-516
-159
-136
58
9
-19
647
-123
369
-107
145
92
-134
-163
618
-407
-210
236
-206
316
112
329
-247
-122
269
-20
-7
166
371
-538
-145
-102
703
338
-104
132
43
-484
251
148
-513
-98
-136
-42
21
-166
294
-662
-239
-69
108
-371
225
157
-106
235
-337
131
119
302
326
-19
-215
-481
150
-157
-59
-683
417
-238
344
84
89
-162
587
-151
-17
-149
-227
-19
-169
799
118
-224
375
35
-458
64
-38
-423
128
63
268
235
-30
311
-23
-48
293
-167
996
156
-298
242
550
-183
375
241
-93
-225
-458
-334
112
-114
-407
156
105
-7
424
-428
75
-311
525
-733
-283
-114
-622
-403
67
150
-93
-214
-431
-196
74
326
258
362
-276
88
107
-40
120
-88
10
293
306
-219
325
480
357
311
-37
17
211
-609
118
-268
71
-143
372
325
-144
521
-173
99
-320
482
-52
308
502
-348
235
-606
146
501
-111
-220
-282
-15
-106
102
63
46
-157
130
-224
-145
-177
336
-244
-234
169
-127
-393
150
157
-254
21
-575
118
114
212
-53
-405
127
428
-131
-117
338
184
-311
16
-562
423
525
-55
-267
36
-207
-180
-189
-85
139
374
93
-37
-62
-123
296
-486
-100
-530
159
328
-58
164
-268
-95
-144
-217
-271
-131
-146
-303
-112
584
-172
915
167
-142
-70
426
-20
-70
-24
36
734
-187
454
-57
43
67
140
-663
-143
-145
402
265
239
-180
151
-38
283
-316
47
-445
-122
115
206
-369
-241
91
-44
14
101
273
27
-180
74
-368
51
107
437
254
65
41
259
-12
234
456
-215
-397
-149
-187
-114
-148
-66
-215
58
112
-181
-130
315
-340
-176
-238
-123
203
-140
17
-98
294
34
-211
-401
-284
71
-99
59
-358
-36
53
32
-13
-204
-155
-42
13
-294
224
-133
423
244
56
289
90
263
-182
60
-241
108
426
351
-503
832
-247
-29
-344
556
255
-29
-487
-321
-180
361
-244
61
-78
53
345
11
286
339
-293
-33
34
-75
-45
-223
-185
-162
59
-91
-195
393
-327
148
-349
524
-104
-118
-81
-144
274
-259
345
-385
249
-139
-69
-220
-383
-335
604
254
185
428
112
57
179
-192
201
-312
-79
56
228
496
-524
-176
362
-473
353
104
44
-6
-459
-263
-337
355
-55
178
280
183
519
-91
195
323
-107
57
-299
12
-161
-189
-159
173
-360
277
292
-49
-474
343
183
15
-264
346
-73
-32
13
-52
287
123
-115
-104
180
-251
60
-445
211
163
-202
-69
693
-64
415
-256
387
-423
-112
279
-167
32
-46
25
-385
-144
-85
284
-585
-324
273
-447
308
275
249
138
25
-293
-503
163
-127
86
-15
35
52
152
-149
48
354
-1
261
-313
-39
220
-86
-35
738
215
-201
199
446
-225
-387
-57
-217
-2
-43
125
237
203
78
-98
40
-23
-307
463
-174
102
568
395
-293
18
124
117
323
-210
-319
-336
232
389
179
83
678
232
269
35
-186
-343
-510
-174
396
200
218
336
-272
-514
-80
-374
-241
239
283
476
-189
-579
-210
-463
470
68
-248
199
217
337
61
-23
-241
-171
76
-86
-291
-464
-90
64
83
53
-215
-259
45
-41
367
243
220
-209
-339
312
344
-813
298
257
-170
-242
-60
-58
74
-433
-243
864
218
-217
665
-201
180
-145
221
-60
181
-275
359
-346
-552
-222
-272
134
12
130
-266
-474
-73
1
-367
-78
-163
192
33
-160
-16
532
-479
-184
350
113
-24
17
89
131
75
-52
-152
-553
272
-281
42
161
239
-113
200
8
-132
48
373
-385
-400
329
82
104
-108
114
348
32
-331
186
39
116
-265
-373
-10
-5
-255
134
422
130
-928
-93
51
-190
-143
146
-191
-90
-195
594
-168
325
-40
-206
-453
499
189
-120
-51
-721
-18
333
-290
-388
271
369
-1
-31
-603
-520
286
422
-638
-108
12
-165
249
-429
240
-2
488
-374
-822
-104
500
259
-171
-52
461
-76
18
202
-260
-670
-45
56
-94
-315
69
52
-67
304
198
486
483
553
15
225
67
31
-295
293
472
244
-166
-286
2
147
68
258
172
203
-612
-64
-117
-513
226
244
344
-479
32
250
-518
-41
161
-259
347
455
-39
169
-266
89
173
312
62
-250
45
-8
170
-125
180
-330
-525
395
-265
-197
-228
374
425
144
-393
348
218
242
203
-447
-181
-545
-12
-33
-29
43
-217
270
-146
-92
55
-35
-76
137
435
102
-289
-391
271
-47
-176
-87
152
-333
-640
-52
-365
-137
-437
-17
98
73
-200
-332
-347
-229
182
471
-671
-349
443
268
-28
193
88
-545
292
-91
468
-74
-83
-208
101
-395
-157
-80
-358
88
95
-195
-106
391
208
-625
-270
-99
-204
154
208
-13
77
242
144
-394
-49
424
16
171
78
250
48
80
-180
425
-231
522
-403
-107
-86
111
-394
29
-110
200
-226
-57
300
-451
120
-234
367
138
-73
-367
633
-39
43
-376
-153
-58
38
-31
277
236
-231
415
-269
201
22
-57
386
-210
-107
-417
-162
-96
328
-142
-144
42
-32
-109
211
172
115
167
76
-463
-105
51
-119
-251
105
384
-115
289
232
523
-157
-51
289
63
82
-226
-148
-131
182
115
469
170
45
130
10
-21
156
-463
379
-80
255
-254
-31
-278
420
110
-315
286
-52
273
80
128
83
159
-477
-487
80
-353
137
149
185
85
-241
-242
-25
-286
143
36
92
-334
-296
-529
759
-265
-74
301
-639
-38
-145
16
-374
48
240
-271
525
286
585
105
-138
-357
435
337
-152
277
-295
289
182
410
-201
-62
-66
-234
-131
266
-232
118
-566
-158
818
-103
-287
350
143
382
-146
272
224
-30
187
179
-56
553
-254
47
93
-384
-246
-97
-673
-306
-213
295
-151
124
77
-757
-162
-137
-298
-88
-19
260
-267
32
238
295
-53
242
-17
-119
242
223
123
-392
-113
351
-102
-240
76
269
372
68
154
-720
-433
225
420
-140
-58
346
-122
-192
-205
-325
219
-13
-78
30
887
103
484
-369
10
347
-697
-380
-271
79
19
-263
385
526
-301
95
-137
-72
226
250
175
-11
356
-196
-542
254
240
-355
-90
-127
-151
160
497
-131
-448
94
-393
-139
240
-266
-362
567
-387
184
-19
313
248
84
89
237
273
-231
-130
238
-117
-279
646
115
386
21
53
11
104
-283
415
-303
140
75
-316
700
107
358
123
295
-128
438
154
15
285
35
-703
-480
-325
154
-135
-30
5
141
-387
121
-295
222
210
75
46
-306
229
-151
480
180
-67
-103
-348
-44
77
86
276
67
125
-222
202
33
253
-27
-393
-204
-128
-269
280
-211
-154
-370
-356
-251
156
-5
-125
-113
-98
668
-439
716
-341
613
477
107
466
274
6
-536
-328
242
-132
776
-56
185
-242
-55
-447
-172
8
176
83
341
-117
-154
-601
290
344
-310
19
458
-221
382
389
-450
228
22
-301
161
-603
180
670
-75
-136
203
236
373
-118
52
94
-71
112
30
-279
422
245
-325
356
349
157
-81
97
37
109
-225
353
383
491
401
367
-189
254
164
-777
-616
-240
-129
-73
-131
213
-24
123
-474
-215
-210
150
-328
35
-235
240
278
-215
-190
307
-321
-1097
-42
481
407
-150
-68
-517
-282
-66
-211
157
1
-126
-116
39
-57
-156
53
-155
-278
131
1
214
107
-114
-197
67
386
-114
318
-285
204
-60
8
-285
-182
226
-218
51
222
-707
266
-45
-288
261
-280
-189
23
26
-211
71
-333
-97
21
-99
232
-295
25
-64
-155
-33
-372
-298
164
-29
-87
205
-568
-228
441
-21
-260
216
-590
-328
196
603
-166
383
45
342
-112
332
186
188
218
-324
-314
131
102
201
-516
186
39
597
252
213
306
342
342
12
-192
276
-104
71
-42
227
121
-73
-419
-238
-456
10
644
-166
359
-591
108
-40
54
183
-343
42
370
-510
-228
38
213
116
-122
369
-303
-252
-116
444
172
296
615
-246
199
81
263
430
-176
134
-620
-462
-98
-1
-179
208
-168
15
634
538
-491
-39
120
-38
-255
-557
116
-41
126
-384
10
-504
314
-207
-242
284
172
-525
107
-217
-339
293
179
269
75
26
270
-27
186
75
211
298
-106
441
270
509
66
-346
69
58
72
-114
-179
-426
121
-287
-37
-118
-352
-738
-316
-123
-223
304
204
-598
-271
86
-237
-145
71
628
276
227
38
268
-11
-46
-219
450
437
167
-255
44
-112
-13
-336
453
150
-313
-332
316
-531
191
-50
117
-260
-228
-431
22
217
-349
207
-646
-2
-237
-192
-162
32
-104
18
101
-140
-94
284
-306
-376
193
97
-66
-433
-363
353
-131
103
-47
549
-171
744
21
123
-71
27
-193
379
-32
-102
-5
324
-104
42
-107
-102
-235
-99
-195
-193
534
-657
197
-305
620
556
-468
-101
273
-227
-81
147
156
-120
354
605
234
545
61
216
600
-15
126
137
239
139
-112
-415
41
-567
-828
-319
219
99
-409
156
-366
-331
-256
-517
-298
-423
394
83
168
42
-177
-247
272
86
-143
150
-88
-336
-14
-75
346
-492
-439
-472
82
134
420
421
21
208
483
-98
-11
45
-134
-239
-425
236
38
647
-216
-237
-138
303
131
-269
-208
77
-345
-337
36
405
-265
-475
405
139
175
-238
675
433
-215
108
-474
156
-395
-119
608
-349
259
-200
-69
-117
-365
51
519
-378
158
6
16
-102
185
-493
-1
358
190
-94
-192
-7
107
-221
-207
346
21
63
-25
25
308
-149
61
-85
397
252
27
-430
-584
-57
-35
-209
72
81
110
-20
-114
-322
169
-119
-142
204
-215
560
-654
351
115
-164
255
245
49
160
537
-331
116
-164
92
-446
444
-216
546
-255
-223
117
332
162
304
-121
-105
17
83
0
181
302
524
122
-752
36
207
432
326
-393
-219
-235
22
-300
-50
-7
-118
139
307
-336
-55
-219
-259
-77
-167
57
113
-174
-217
31
-113
-144
-108
108
269
-462
-214
264
-181
256
534
-369
383
-436
-123
168
10
-11
206
-300
-195
35
43
310
-253
-238
-791
255
48
-781
-30
-89
481
-297
361
-33
-277
-308
51
-342
-25
567
-183
219
-96
-133
-310
-270
-198
-168
-439
360
-470
208
-284
32
130
207
-325
-465
-114
98
-110
-595
-342
414
131
-131
-281
-190
-102
248
-511
-229
70
-137
157
170
-105
-276
194
-92
-113
135
-162
389
-370
-914
64
147
196
-463
-287
17
380
-92
-141
-118
-69
397
-249
-877
-62
1
84
-281
-149
80
503
246
89
-426
208
410
-374
-643
-3
149
-32
668
-139
-57
164
159
157
-9
639
-40
-220
380
149
-150
28
438
6
-218
-99
192
-204
-336
-96
230
-210
-222
-308
-532
-793
181
134
2
-260
-254
-196
-592
48
-154
2
-188
-40
-124
69
212
-330
436
61
-473
-536
115
-150
-310
206
16
231
-52
-420
66
536
-110
76
-243
-324
-89
-324
511
-401
-227
-92
-67
-478
-177
187
185
-104
30
161
-177
-164
-361
36
-392
177
-18
92
-277
-595
-168
-387
115
-135
86
-31
55
294
255
-239
119
-38
-399
-152
-4
-30
255
38
-247
44
-83
189
-412
48
219
281
18
-183
25
490
-133
-116
-248
751
-723
-298
44
-46
-258
27
506
-167
177
-98
-268
-361
105
455
163
-69
208
-457
-157
175
-526
159
-11
-178
237
-567
81
140
-344
284
-363
267
47
-408
-14
-86
-227
50
-241
-181
-76
-101
325
179
-13
157
-424
-177
-10
-189
-200
20
-92
142
-129
-49
313
-181
-185
-335
277
161
-498
-378
449
486
-120
-339
279
410
102
-376
207
-79
339
-53
-93
32
355
-114
-156
117
354
129
414
-530
31
40
-779
-246
27
69
337
399
124
-74
742
-148
-374
204
76
-418
1
-177
228
162
108
103
-364
-257
-38
-596
140
-228
509
-34
-57
-74
6
-392
103
-515
-99
339
-193
333
-62
7
-6
-28
247
-391
111
153
-132
546
199
-553
-47
544
-20
393
113
-378
125
164
339
-311
107
101
-175
-400
362
-366
-371
216
169
-324
-225
-312
241
-17
-287
290
-355
521
254
-10
-139
495
-9
-486
306
61
10
376
70
201
-242
-2
618
62
-272
-506
294
486
7
46
-326
-73
495
-153
-367
-58
-225
115
-246
-389
-499
-169
-370
-85
378
-427
-33
172
1
270
133
232
-323
50
84
-81
-515
-5
-32
-166
358
-206
-124
-127
-306
-286
143
181
634
78
-224
127
-47
-663
65
-66
165
278
158
-74
-194
72
286
-172
294
230
-33
344
-281
128
99
-133
186
-47
-404
-163
-366
348
297
-246
924
228
-174
-307
-450
129
533
-19
-410
499
68
-565
56
-192
-267
275
30
-97
-236
113
-199
205
84
-98
-123
374
-192
-131
-97
196
-110
-760
171
32
258
-340
-20
-197
337
225
157
651
-26
-144
-115
8
-76
-173
-3
-175
54
-13
-226
-139
-310
-65
-296
218
-703
-148
320
-230
-456
-83
249
-7
-182
458
94
368
611
133
-61
107
-247
-84
-204
45
3
121
-43
29
323
238
-312
12
-392
5
-99
-317
402
-114
424
286
180
178
-361
-86
-65
-12
-114
-512
144
-457
80
-396
-314
-124
-172
242
-419
305
-80
254
135
-23
91
-109
-227
-102
240
-193
-84
-142
-321
451
-38
87
-44
17
-503
578
443
151
-134
594
-288
-19
442
85
88
-195
69
699
430
-210
253
425
533
-203
353
-357
-474
305
271
227
-75
-86
-268
163
-174
342
-40
364
210
457
-341
-329
353
-231
431
562
-87
-126
212
170
25
-517
-291
123
173
-68
42
-511
-186
120
312
-87
55
208
97
34
300
1
737
-130
423
-421
-704
-242
-184
-41
31
430
-91
-259
-11
89
-86
-188
307
-222
168
363
-156
35
-123
-280
117
409
-181
-287
-409
-136
287
-206
-151
48
475
220
-424
19
19
317
45
418
-301
-421
-5
-383
-334
-302
499
137
-495
121
169
192
40
-247
-583
-246
-317
55
356
350
-225
269
184
-137
209
-202
-123
-171
-193
302
-403
-31
-262
195
-511
187
-684
-484
-426
218
-23
414
-83
-338
239
-123
60
383
43
-122
-576
-188
117
46
116
-255
20
38
-253
397
29
72
65
152
-281
28
-140
638
24
415
110
-206
-22
20
-283
442
-976
-2
263
-130
39
-244
148
-117
93
180
-541
84
-79
-135
673
-131
17
-115
55
30
214
-281
25
-20
499
80
891
215
429
28
-263
12
-257
142
163
690
-191
66
140
53
109
160
-80
-202
719
-452
-110
88
27
-147
-415
352
-155
224
-135
-311
-423
131
128
264
-105
-97
84
31
-289
-312
-453
128
24
-151
-173
-177
-229
62
-198
-368
545
-244
-150
339
144
89
-229
289
119
235
-655
-244
-140
88
-147
-1
171
729
-156
-374
-204
-8
-303
239
-82
-110
-174
142
453
99
62
-239
-142
-113
393
14
-462
633
83
-198
770
-283
-529
22
110
28
-605
269
282
-130
66
-139
23
264
478
-292
211
-109
442
260
-31
87
290
-69
-266
332
498
203
-361
510
-189
375
229
-164
300
-70
20
-250
40
-19
-542
-406
400
-322
732
437
144
281
-297
-114
8
-149
-109
221
-257
160
-168
80
198
-31
-34
239
87
145
227
385
-469
-459
-239
240
204
-248
188
-146
-97
588
-457
219
-718
-419
334
119
13
329
405
-8
300
-199
-118
-9
48
665
-162
517
124
-216
280
-269
85
543
-73
225
57
115
-208
-206
3
411
20
-241
-292
40
239
-64
-778
-69
-466
-852
151
-26
182
-47
-29
-46
368
39
622
-92
498
-301
-317
-268
-43
-423
36
-244
160
7
-414
-279
205
217
6
428
-242
313
-234
78
82
-32
-158
-408
114
72
-268
-246
-443
392
291
-644
123
-98
232
332
-19
-263
-115
58
158
69
-123
-295
472
-18
91
64
33
-194
-314
-26
-170
-239
262
215
-190
159
2
-583
-533
363
-202
-31
-330
-63
544
-67
-70
-806
196
-339
418
-217
-241
-64
9
-114
-46
106
199
-203
-42
309
-119
120
-235
1
-193
-208
-71
202
-324
231
-468
58
58
326
454
-307
-247
168
-131
-340
-247
-719
-19
-211
616
97
207
431
-89
-34
-294
493
-160
83
-200
85
515
130
-164
540
-171
-611
-100
271
-95
-158
167
333
327
-80
118
-58
-76
-145
423
322
-233
110
-25
-17
-384
291
235
282
90
-458
-377
-735
-255
-221
-86
79
-591
54
173
-213
40
-83
139
-367
186
-88
-157
645
-60
-75
416
-629
-672
-392
-321
-330
20
249
-412
153
451
21
272
-120
391
109
-114
196
63
626
260
683
-159
186
-139
15
109
175
226
-242
30
199
388
-53
-38
263
183
-547
32
-209
649
363
370
-249
-44
-95
56
374
-186
390
77
-404
98
165
-282
-300
-52
182
382
-26
-260
-103
-39
398
-489
-73
36
-62
143
102
-257
201
44
-692
-347
-651
-220
93
-181
306
-20
-232
-250
101
-60
-588
-136
-244
312
223
-112
329
-52
-344
-192
68
87
74
-194
229
-287
339
421
34
-239
-428
11
-46
-106
-19
-119
-199
-95
482
118
0
407
-818
130
-237
-87
83
16
-54
48
307
-101
200
-250
466
334
-126
-6
402
-389
110
209
240
-23
26
-63
390
242
-28
345
276
-383
155
578
-205
-293
-164
109
-59
-95
25
399
-224
39
-493
15
-417
-321
487
352
58
-73
10
-255
259
109
138
-43
296
-248
-397
-208
159
-33
51
-449
-128
-309
-28
349
14
-340
-45
225
-27
-270
87
-56
39
57
98
52
-123
-188
-94
166
-278
-13
-392
201
-195
113
467
-367
36
294
-164
424
-258
-279
141
40
-492
-325
-41
-160
-263
-211
-111
447
128
17
197
-254
219
243
177
-117
-245
291
-224
123
-16
344
137
622
286
-87
126
123
416
-476
223
-49
85
-511
-382
213
318
33
286
370
90
55
5
60
-58
28
27
453
141
-159
-391
-48
-222
135
-258
-10
582
-258
-44
39
295
125
-77
-199
153
-59
-204
-482
-154
-153
168
-58
-173
-120
112
880
-92
-20
-79
-269
-164
-197
247
92
-41
18
-39
196
-162
-250
-472
-55
526
59
234
-241
-360
74
59
-88
-350
-157
-166
37
-181
342
969
175
-136
498
-10
-350
1
-185
-178
-458
-35
-516
94
-337
-431
474
-215
346
-597
324
171
-378
165
164
-114
-64
-182
-665
-318
-254
-171
-37
39
274
245
153
461
218
-62
-487
83
447
-45
-236
-250
427
181
-484
-64
-154
-55
261
564
85
105
218
-867
76
-222
523
-97
197
-38
304
327
-62
87
398
427
-71
233
-419
-129
-519
497
-107
-366
42
353
25
825
-261
-160
-108
228
232
357
-155
-192
-125
686
-138
-236
-21
115
418
84
386
-687
-324
479
-93
302
-37
275
259
-403
421
-423
-67
315
-53
203
-72
37
-191
193
-358
276
710
23
-340
96
-246
-127
123
136
364
116
-200
223
-116
12
-159
-175
-502
-478
31
90
-351
-301
-462
-21
-13
245
368
-22
381
-85
486
175
-48
243
168
89
131
-308
20
549
-172
-219
-39
222
-131
276
-161
431
-110
259
-336
-180
-349
70
-316
186
-201
250
68
-402
-37
-35
-182
-309
218
142
415
-481
-706
-189
-309
-25
-68
-279
124
360
-10
248
321
-198
462
80
-69
112
99
-18
-581
-204
-4
249
-439
-184
-501
191
-70
-595
-102
419
2
-260
261
-29
252
311
-37
-346
-69
66
-47
-188
-104
-312
-355
203
-267
-62
-630
-342
-298
6
501
-143
-54
501
-539
231
200
153
71
-188
187
-79
20
578
238
165
346
254
253
114
-201
-401
-198
-437
72
-70
58
286
521
45
-680
-386
-897
97
340
-100
-491
-166
-337
112
310
-197
-436
-118
-428
259
279
-207
154
136
215
138
284
-182
-319
-6
645
441
-292
-19
29
270
130
170
45
-135
43
-33
462
-139
241
582
-317
268
140
-38
321
-41
520
436
335
-10
413
242
488
77
-88
-212
4
183
-327
-7
301
388
-540
590
-38
136
266
-244
381
39
231
-586
-399
320
-55
84
-214
253
255
140
569
278
132
239
-11
-91
244
-342
291
-429
90
41
-380
107
-179
-203
271
-15
-40
152
-240
-327
-57
-1
-197
204
350
14
381
-252
673
140
-420
-401
47
513
398
-73
-610
667
-112
-139
-717
287
-260
107
93
-250
577
5
-143
-275
-327
355
-123
-173
583
-35
-127
-81
-47
155
-114
129
-450
372
-417
275
-105
125
-301
-237
343
-717
633
-420
-271
-35
174
77
209
378
149
-97
265
-442
-56
-595
429
-220
511
286
-263
89
396
-371
-271
-415
-415
44
-130
-314
-346
181
-407
358
-48
37
-569
-241
147
211
-52
189
67
112
-182
-180
-263
0
404
159
100
478
36
470
-305
-244
203
-215
-275
224
-230
167
212
-147
69
557
-163
193
324
-340
102
-2
-225
189
147
115
-24
-157
40
-241
-86
316
-750
236
-464
-153
397
-22
-559
-300
510
70
-123
445
-280
102
448
-320
553
-280
-157
89
408
-198
130
-309
-114
89
-149
-217
452
171
24
77
66
282
619
-195
125
432
286
-119
319
334
26
393
5
195
452
-52
312
230
211
-78
-263
-455
417
-254
4
24
-83
-218
-61
4
-113
-120
-99
159
949
-119
-193
-217
360
-186
-270
53
-61
10
-65
-139
-323
482
-178
450
294
-206
193
357
60
-561
-247
175
77
74
177
-357
-309
17
54
-300
-194
60
-66
-120
-65
194
-153
34
127
-175
-50
-368
428
-189
304
27
162
-338
29
68
195
-262
-256
-312
153
-185
435
-388
286
-376
873
-43
365
-161
118
48
-62
-263
325
-182
386
-444
-413
162
-561
-300
-259
-336
23
-111
-138
-240
-411
296
121
449
362
2
491
-580
-477
-10
497
199
165
354
-16
-269
424
266
239
485
337
-558
-322
-534
-89
-408
-270
-42
-11
52
260
-160
40
-134
-308
-92
495
-16
87
-677
-87
-158
-120
-353
-231
-239
-194
-262
-33
-274
-130
-854
57
-464
210
-8
530
-342
596
-6
427
115
21
340
530
-59
-189
53
229
265
-102
20
200
-268
-96
106
290
-226
226
29
-261
-78
387
483
31
-60
255
-347
-395
-64
-487
-283
-186
177
-344
-111
111
185
215
-202
294
140
21
257
103
420
-102
-10
-147
-86
716
-76
2
-398
-20
86
74
-10
-412
-588
221
-20
-259
-198
339
-118
12
-117
-146
58
-409
167
10
-107
59
147
-106
140
143
134
-49
-91
217
-4
-187
44
-636
145
164
-178
47
136
360
-302
496
39
301
32
-2
63
256
212
-103
203
5
-261
76
222
257
-513
31
179
268
180
127
83
354
45
-97
-117
-240
-438
-257
312
187
205
117
84
200
-254
173
-243
-117
421
313
179
193
210
120
247
96
-37
274
-16
106
-382
-587
96
237
602
371
388
83
158
-163
162
176
18
61
295
60
161
-65
220
-399
-235
251
175
-49
-226
-96
240
-134
-349
344
302
284
229
-430
-278
166
-317
232
80
353
-365
644
195
-158
120
-211
-414
14
254
202
-31
-127
-518
-82
369
-363
136
35
527
-170
-62
110
-336
153
-280
-110
35
-394
-902
61
-594
-83
-422
-28
-175
99
522
315
-357
-226
-132
-300
-71
153
34
-182
-130
39
-1133
-70
-226
-169
-410
103
-276
-135
-404
-255
195
247
-125
309
-62
-18
81
281
11
625
-15
345
-95
81
-287
190
237
149
241
387
-515
246
11
140
176
262
264
-75
253
226
-292
-3
-192
472
-182
-133
-164
-107
188
-94
162
4
-169
172
452
452
239
-418
-369
73
-148
511
-116
-301
-315
1
-320
-593
-56
-139
157
-60
-358
511
10
193
204
-41
493
58
163
112
217
610
295
-491
187
179
523
181
85
-132
-235
202
147
-163
-248
-217
-130
-211
-211
128
170
-118
-140
85
233
353
-127
736
-378
-76
187
-73
378
112
218
27
-241
99
427
-127
233
-88
24
-188
98
-65
734
326
486
535
-220
570
-228
-178
125
278
-341
-95
390
4
132
46
19
184
-71
-93
145
-196
527
-144
530
396
-272
203
-203
166
-10
-188
-279
93
605
258
-342
102
239
173
509
-569
133
-113
23
-86
313
-41
-567
-311
65
258
-56
121
98
-578
-400
57
-330
725
-160
14
277
182
384
21
-290
211
379
-45
266
77
370
192
-17
-639
6
-461
-65
-174
-304
244
-236
48
-310
178
-628
451
244
-76
155
-132
-263
16
449
11
129
-63
-365
-9
67
741
-424
171
-231
-14
-78
-121
558
-166
-536
109
-514
-157
134
-334
43
-684
342
-279
135
308
259
351
165
-148
114
-455
120
44
5
-195
318
-359
-67
-52
40
-811
-333
-28
-236
-41
-158
-54
281
128
-3
-426
436
433
48
-238
-133
350
83
-39
-179
-312
-368
365
-59
80
19
-267
588
284
8
158
143
382
-135
605
173
-166
-362
49
-282
136
96
249
232
36
-37
-204
44
277
176
-19
344
-148
23
-392
-107
-458
-360
113
150
-33
72
185
120
878
-155
242
452
746
60
404
-418
33
-6
297
-130
63
470
338
73
29
-323
-204
246
48
-164
-163
-177
255
95
472
337
336
386
-166
-75
-159
26
-147
569
714
-337
-112
398
43
76
-93
139
-465
71
165
426
-254
-515
-202
44
-246
43
-108
764
-217
-5
18
-149
-213
-88
-27
605
192
-90
-210
-135
-326
1
-260
-413
292
-109
-70
182
9
448
51
-576
169
-133
-35
16
135
431
424
133
325
29
-24
133
-9
-516
284
32
117
-88
118
60
40
-204
225
222
54
-205
192
-34
911
252
156
-255
-35
533
514
446
279
300
-70
482
35
-171
-348
17
-208
-291
-374
322
-167
260
51
568
-206
188
339
-227
58
-273
124
-365
204
-2
14
-230
-195
166
144
-528
55
13
91
220
-608
-109
17
-332
-88
-330
191
-500
-265
-220
-116
429
760
79
-183
50
249
-133
234
-272
-227
8
-86
114
-245
135
241
196
-133
-53
-225
403
-660
-273
-274
411
78
8
-453
321
359
427
80
-352
-30
-261
-130
-46
-421
-336
-5
370
282
-563
-233
460
211
-181
-141
58
-379
277
-101
22
124
195
496
-68
-179
-119
406
-191
-438
241
-299
-31
-343
155
28
-76
230
219
486
339
-124
-201
2
-350
289
-106
136
130
6
-14
12
256
323
-75
-445
-158
-259
300
-77
-103
-120
-99
-67
-368
127
-551
900
-349
53
201
-18
-412
104
-323
-258
243
122
216
7
-146
34
146
478
-348
233
267
288
-140
-214
164
356
-105
-716
-20
-804
-57
197
-99
-181
-473
-425
117
-298
-367
33
416
-43
89
391
-361
-358
-234
140
220
109
484
-311
-240
18
-417
-25
-233
328
-470
-79
25
-346
-70
-292
451
572
-128
-102
-105
492
384
-448
-63
-253
245
-141
397
175
-60
-196
381
-475
-686
497
22
-216
-24
572
-97
-133
84
-386
53
-57
26
945
-603
246
40
-186
201
-33
356
-223
-303
-554
158
-292
-341
15
-159
191
379
57
-39
427
-239
277
39
-175
-11
404
202
-52
127
-343
-14
-509
-190
221
-66
-579
283
-16
412
-342
15
237
-14
-94
255
-512
-152
260
178
-133
115
287
344
-77
-172
-327
178
49
-526
317
188
175
106
217
-460
44
-43
0
486
121
319
-156
177
32
219
-75
-144
-144
-332
-250
-70
-535
290
437
82
-366
169
-189
125
491
-52
-350
209
-135
318
115
-97
-342
220
209
-18
294
-343
634
74
101
-301
-142
-98
-464
-363
195
-122
-594
-385
167
224
-287
-33
343
281
181
-112
-273
395
396
-25
-318
-311
-8
-256
-506
224
-144
-199
-1
-248
-4
-282
280
-374
270
-396
-290
-436
-443
-120
365
-256
399
224
505
-445
-297
30
177
187
127
-173
-295
-314
195
-119
-212
142
-45
227
-245
36
112
311
16
591
251
74
512
388
-198
617
-325
-444
36
76
10
161
-132
360
-21
-326
-382
391
-133
-118
-33
-22
-231
-197
434
328
342
190
60
117
-37
152
-14
398
-91
673
198
450
80
-270
277
-306
-144
-362
-479
-436
547
-558
44
58
-181
242
-299
-46
16
-306
605
-654
-70
183
72
-75
-261
-257
106
88
35
168
147
280
-341
86
342
-159
-183
-287
-94
-324
-46
439
-509
201
-44
-194
215
-564
7
119
147
562
584
113
88
214
518
389
-219
-132
122
-51
50
281
236
-74
-420
192
219
348
336
78
416
-38
447
-221
85
296
253
-57
-765
-258
265
409
-15
-117
411
93
-120
-36
-73
-147
-28
354
-15
-391
111
-376
-648
398
21
-342
107
50
649
109
210
31
-373
350
266
165
-130
25
-384
-93
-463
-13
216
25
-426
148
447
134
587
-119
454
-206
-299
388
-117
-34
371
-237
112
213
-269
16
503
157
-229
8
154
-285
274
122
-74
-147
-449
44
-329
-242
-382
254
517
-125
454
-182
244
-31
-130
-506
-514
302
-151
20
-84
497
413
190
96
-78
-150
33
-19
78
-109
466
114
157
260
169
241
-127
-440
295
-292
-271
362
306
-104
-281
-362
-297
594
149
-14
521
-271
67
172
-225
-216
-436
164
-44
-205
258
-241
-23
136
104
357
77
503
239
86
-113
-283
-801
-415
-128
-22
-61
2
-184
104
476
369
27
390
-153
465
-307
-171
203
200
-260
-545
-29
213
107
-823
-276
-166
-242
-139
188
104
254
-126
-266
-577
-296
38
502
-205
453
-55
-801
-294
99
465
503
68
110
-213
-157
-260
57
446
454
-762
-52
142
-102
-43
236
-349
434
65
283
-356
-179
-116
-546
-442
-41
51
165
5
441
358
110
-38
48
-193
350
60
692
75
-181
-364
20
326
31
-224
-186
9
-563
155
-22
-366
200
-460
-68
121
-32
-235
120
53
5
-109
-64
-377
-34
28
208
-120
4
469
254
-286
165
374
-70
348
-451
136
-239
-158
-71
-43
-206
-33
-236
-241
-109
-118
119
104
114
-395
5
-448
-261
-64
490
98
-7
-140
556
-136
-85
150
418
467
235
-353
-318
-272
130
134
353
32
-466
-200
250
299
-105
-60
-400
461
510
558
-451
11
-516
22
-52
631
110
-233
23
-391
530
-207
107
508
417
128
2
515
-95
-82
348
-289
-207
-251
-25
159
-278
-184
-159
-772
274
87
-423
-136
94
-226
155
419
269
593
-7
-316
208
70
26
490
392
-83
348
-60
-17
-182
86
-68
-451
-13
226
-543
-131
204
-47
-50
-371
-225
-291
11
250
-151
-26
-255
16
-184
205
-854
94
-209
338
194
-160
203
217
-526
-450
-13
18
134
20
-298
152
73
-24
-324
-221
-270
-272
317
-110
77
513
189
-584
-752
1
48
648
-313
-210
-132
-288
-601
110
-285
-637
517
-55
-112
22
-386
100
-230
352
634
22
-113
230
-55
126
-159
465
-336
11
-255
-137
445
-426
379
-242
-53
363
-55
223
-63
209
-142
-163
93
-141
227
-6
256
445
4
276
-12
-183
316
-268
54
499
119
-168
255
521
-445
35
89
342
6
-198
236
-471
-202
53
133
293
-5
-134
517
-538
-306
-132
134
-301
439
-38
-647
-141
-374
-56
59
-114
167
56
-32
48
346
-116
82
-163
-109
-419
229
-204
101
322
327
54
-80
343
-29
381
9
-229
171
-421
110
-249
328
-422
269
86
-208
35
-139
69
13
-26
278
559
-41
-194
239
-23
431
73
-112
-129
-80
-209
-465
55
114
-98
-425
171
75
-286
-441
-233
618
-93
100
-46
-230
-700
125
367
-216
-89
6
133
-194
-9
188
207
-37
-204
48
434
3
-170
49
104
275
30
381
-182
143
-206
-260
-886
-134
327
-279
-56
-248
128
190
-36
-153
148
110
-29
-172
390
237
-669
-124
242
402
-128
-499
-414
-285
-26
169
303
38
193
358
598
-258
-96
-383
429
-642
-8
398
-88
-88
-263
172
-243
208
436
-44
-57
-353
32
-85
-107
37
57
394
-75
156
-350
-49
35
10
500
76
-330
-187
-129
320
188
229
548
-88
47
-69
62
-270
369
167
81
186
-388
-49
332
-321
269
-195
208
584
-400
108
531
-320
88
-90
118
391
-109
184
671
62
41
-60
315
-242
125
-631
-476
397
-177
320
213
128
-326
195
-393
304
-92
-28
377
175
-437
-84
15
-134
50
-24
-111
-408
35
-218
-569
179
-501
331
-68
235
369
-191
418
132
39
175
-317
417
-282
310
20
-293
-185
367
82
-513
258
-126
405
-215
98
-8
-464
85
437
-313
147
31
-278
-761
208
-6
33
242
289
248
-69
-74
63
-205
24
-203
131
461
-508
194
66
418
328
98
-112
-144
-459
-76
-696
-101
-43
310
-196
-306
-422
599
208
-445
-76
-126
428
-111
116
168
407
168
-96
-445
43
260
438
395
-54
93
-513
-155
60
157
-801
-182
57
-101
265
73
462
94
-115
164
632
27
55
215
740
178
-200
-19
582
-211
-20
-293
73
-404
79
23
361
-164
-70
-24
-483
-10
-421
210
15
749
-23
154
-445
-49
232
-134
59
-144
-586
-376
69
-340
86
36
453
87
-324
74
-574
256
-276
-172
-232
-58
-36
49
288
-184
-232
-176
5
-336
-243
-459
-5
-194
-308
515
-167
322
-245
131
-312
-743
-158
-545
154
-132
-520
223
136
-412
169
438
142
71
-85
133
94
252
-224
118
-92
552
-138
-176
271
-201
-81
37
348
-549
-606
142
200
35
256
235
-529
564
-395
-550
87
328
-586
-263
-53
26
-365
98
386
-466
58
-367
269
-5
-47
262
-325
180
-251
-374
110
235
-58
325
126
139
-33
-236
-131
-49
-150
-348
-13
185
111
1113
147
-490
-464
552
-18
-63
715
85
503
355
61
-94
31
-121
188
-180
271
15
-501
20
-130
448
21
426
338
-148
61
-534
388
-11
487
5
80
-484
-637
-97
-93
111
-62
-38
137
-168
-197
-105
-14
-315
10
227
-118
-219
256
72
-581
-156
295
448
14
395
78
355
-421
41
95
302
-39
-89
-22
-14
261
-4
180
291
370
-341
-147
-135
-255
146
36
189
-178
-154
386
110
-358
-550
-187
-227
76
50
66
-2
-51
682
8
-2
75
-106
-89
110
72
251
-566
-64
336
82
213
-137
404
430
-83
395
-363
64
-270
300
-94
-332
-46
742
67
-222
-90
-593
184
-13
25
-114
27
19
-196
252
201
349
-304
99
-14
154
-7
-313
-451
229
163
-188
-250
265
-385
168
12
-218
-264
-61
-150
-88
381
203
-193
-277
42
-59
615
-311
169
74
-153
10
-103
-226
240
-42
-140
327
-620
37
-220
-17
-303
235
-107
-90
695
327
61
114
554
836
-47
-133
40
-225
356
43
-137
175
259
-141
24
265
152
611
-272
-239
31
-49
94
399
254
628
303
-338
-155
-227
815
76
-266
-89
237
-207
332
-155
465
-12
294
-28
196
-70
11
-3
-461
317
185
85
-26
247
-283
-257
36
-295
-103
-226
198
-119
293
638
-166
-90
228
-92
-161
-614
-123
197
34
123
142
541
-146
10
130
219
295
98
-56
-199
-335
-31
171
298
-310
-640
-165
406
-178
10
-17
110
-616
-72
444
175
379
59
285
961
423
-26
448
-25
197
766
459
294
92
-667
-201
339
494
363
155
210
-70
-232
112
262
373
-646
-246
-316
-358
130
-87
-4
132
-133
-160
498
148
-3
298
845
164
274
-195
-354
-57
433
-307
720
125
293
108
277
-246
-210
-178
152
133
223
179
-3
-498
-248
-156
-87
-427
128
477
-220
53
-30
-57
529
233
-195
142
-269
316
292
-29
-155
90
-241
178
-313
235
58
215
-147
-545
574
208
-103
60
-269
25
234
243
672
184
129
-250
-411
-650
-46
-91
-324
-4
-59
-118
126
-86
9
46
50
-95
-263
-134
98
93
-399
255
-158
-1
33
379
511
-160
397
-320
-141
99
73
-64
-190
214
-49
54
212
-406
-251
90
394
363
-28
206
-118
-415
165
-618
84
406
129
-37
26
-298
329
-169
331
272
93
-6
106
-502
-214
390
-292
-75
-502
-201
536
191
436
550
-174
-416
-387
180
563
-136
-38
-240
-200
285
176
-881
-302
-95
-212
-199
33
109
178
723
-445
244
-489
-240
180
-41
-183
-229
370
-93
-381
657
-253
-161
-34
123
-263
-318
-587
-413
309
196
-93
33
-20
133
331
7
-500
-299
321
-186
18
124
152
105
-330
-82
244
-275
-172
-358
-76
-96
454
