39 96 25
0 3
0 38
1 10
1 35
2 11
2 37
3 16
3 38
4 1
4 13
5 4
6 9
7 10
7 17
7 25
8 28
8 31
8 33
8 34
8 36
8 38
9 2
9 23
9 28
10 4
10 6
10 11
10 30
11 1
11 9
11 33
12 6
12 10
12 13
12 26
12 31
13 8
13 24
14 14
14 37
15 12
15 15
15 18
16 25
16 36
16 38
17 3
17 6
17 24
17 38
18 24
18 28
19 8
19 30
20 23
20 29
21 1
21 9
21 17
21 21
21 34
22 1
22 10
23 2
23 7
23 13
23 24
24 1
24 35
25 7
25 36
27 19
27 23
27 24
27 26
28 13
28 17
29 19
29 35
30 14
30 23
30 34
31 24
31 30
32 34
33 2
33 9
33 21
33 33
34 19
34 35
35 14
35 31
36 32
37 13
38 33
54
45
74
71
58
5
73
63
13
23
29
27
70
16
17
8
94
77
86
62
88
31
19
93
60
53
40
47
26
28
18
79
32
72
44
37
25
43
83
50
20
82
7
21
68
84
91
66
69
35
89
22
59
3
42
6
30
15
0
90
52
48
39
61
57
56
87
14
85
49
10
78
9
64
65
75
92
51
55
80
38
11
34
81
12
24
33
95
76
1
46
4
67
2
41
36
10
-15
-59
-37
25
-19
12
1
16
-28
-9
-36
72
-46
-27
-15
16
-17
-44
11
-1
8
-29
9
25
3
22
1
9
14
-47
-3
-71
-23
-11
-7
-15
15
3
21
11
29
17
23
31
-57
32
-39
-37
-26
24
-11
-19
-39
34
-1
5
25
-13
6
-1
-5
26
59
1
24
-22
-6
-11
-13
26
4
-62
21
13
-43
-13
-6
-32
22
-23
29
-42
-44
-2
6
3
-3
10
-27
-46
32
-10
33
-17
27
-20
10
7
10
24
-7
36
11
4
5
14
2
40
18
22
-30
18
-5
16
-23
-9
-40
-39
-23
4
8
-7
34
7
9
1
8
58
16
2
49
-34
-10
-48
-28
-14
-31
35
13
11
-34
12
14
-15
21
-68
-17
-44
31
36
-11
-32
-21
-24
13
18
-20
6
23
33
-13
13
-19
35
65
-42
-20
9
-28
26
2
-23
-7
-11
-22
-7
10
-1
-8
-7
16
-11
-11
-20
-27
0
16
9
18
-6
20
-1
4
5
28
5
-8
-45
17
-55
-34
2
2
-19
-19
9
12
24
18
-26
3
7
16
-18
35
40
51
-65
8
7
19
6
7
21
47
5
-8
29
5
-1
14
2
6
4
22
2
-29
6
-1
-19
-1
-24
20
19
-31
-14
-40
-28
-14
51
16
14
5
-1
30
22
2
14
24
-16
-24
2
11
2
-16
-4
-31
15
-9
-18
-1
-34
-68
-1
10
2
-3
1
-13
0
-8
-52
-24
14
-4
-9
-57
-39
-13
25
-43
-27
23
9
-20
32
-2
-20
1
-38
43
-2
5
32
-15
36
-6
-19
43
25
-44
-18
22
28
20
-28
14
-49
17
6
28
-7
22
-19
-6
46
42
-2
26
12
46
13
-17
-25
-12
1
-7
-4
18
40
-41
-31
-4
-25
12
32
-28
15
57
14
59
-30
-8
17
16
-20
54
-48
-6
-8
-11
37
22
-14
6
2
-25
-6
41
18
24
19
-27
-2
-4
-5
7
16
64
9
9
-12
-17
-7
-10
-9
-27
27
4
-66
21
-12
0
-12
14
13
21
21
-47
17
-4
-27
11
31
25
-24
28
-19
-31
3
-55
28
-30
-8
18
-20
-13
-40
21
20
41
12
1
2
-54
6
12
61
9
-20
1
2
19
-9
1
-26
17
9
24
-48
9
-2
-16
17
-26
-28
-9
49
-40
32
14
21
-55
25
-7
-13
-4
-34
-26
10
47
-30
1
-19
2
49
-2
31
-18
4
-21
50
-1
-13
13
43
-4
11
18
20
-20
25
42
-13
-28
22
-59
1
-15
25
21
-3
-36
12
9
21
-3
29
0
-7
44
24
6
12
-8
-10
-34
4
-22
14
11
-1
6
-1
9
38
27
-15
-8
3
-42
-22
43
-10
66
13
-12
-8
-21
32
-23
25
15
22
-39
41
55
21
16
11
-13
-3
13
-57
-17
-35
5
35
-30
-13
-25
-8
17
-13
-10
20
-12
29
22
-30
3
8
-28
1
-10
16
-3
23
-7
13
10
11
16
8
-2
21
-13
26
-24
-28
23
11
-23
4
-9
-45
49
35
-8
28
20
-22
12
24
-21
4
37
-46
-28
-4
-24
-6
17
-25
8
18
-8
12
30
23
37
-12
30
-13
3
1
26
-35
16
-4
-33
-42
-59
-9
-18
-2
14
36
-19
33
-35
12
-11
-16
21
18
4
17
-4
-15
5
10
7
-27
-10
8
-5
1
-4
27
8
12
34
-13
9
-15
44
-44
-18
-1
76
-3
-24
-16
21
-34
14
25
-8
24
-18
53
-24
-15
-14
84
12
-6
68
-24
-1
23
-17
-43
-10
14
3
34
-29
32
-86
-2
13
29
15
-13
-6
3
-5
-41
48
9
3
14
19
8
15
-8
20
-23
-9
24
28
1
7
8
0
-25
-40
-16
-4
44
29
-10
23
-26
-21
-7
-11
24
19
28
-26
-60
-10
-13
28
17
46
21
3
27
-49
34
-30
26
-39
35
-10
16
1
4
-24
-27
-30
-34
19
-70
24
-7
2
4
-22
-2
12
10
-28
7
-9
33
9
14
-14
3
-14
12
5
-25
17
-44
3
-58
0
35
-47
2
-15
-15
-4
-43
-20
29
16
-3
2
-35
-17
-18
-3
3
11
-3
12
-56
52
15
66
-20
-38
-11
40
16
-33
-5
31
13
10
-4
-18
2
-5
20
24
12
-14
-7
-35
24
-18
45
-35
-43
-10
-19
22
-40
-9
48
8
51
10
-47
-39
-7
-44
-40
-6
40
-22
-15
42
62
-2
23
-25
1
62
-3
31
3
-8
-9
-17
27
-3
-26
-16
42
8
19
24
-10
-15
50
6
-24
6
-19
14
20
9
-18
-19
-15
1
29
79
37
28
-10
14
35
-3
32
19
-1
10
-28
11
-12
22
-24
-22
18
-8
-24
-6
4
-30
8
-14
40
13
5
-5
-2
10
1
-19
22
10
-54
-32
-29
40
-17
-28
-5
28
16
4
12
-37
-48
8
37
-7
-28
13
-30
-28
57
25
9
41
33
28
19
-18
-14
-2
6
-18
18
28
-10
35
-20
28
5
-9
-10
48
38
11
3
-15
-14
-9
9
-47
-9
-26
40
-6
-3
0
-16
-22
-47
2
-4
-4
21
12
23
-3
-19
9
29
26
-8
-11
-5
33
-17
16
19
26
8
49
-50
-7
13
26
-28
-14
14
-35
-36
37
31
-34
15
41
-4
-70
-4
38
-6
10
37
16
6
11
-26
18
3
-20
9
-5
-20
20
-41
34
-21
-26
-14
-20
30
-71
11
8
-33
19
-13
-2
-26
-2
17
20
1
-21
-55
26
-30
-4
28
-1
-4
0
-21
-9
13
24
-6
-4
16
-19
-33
-17
-2
-37
-29
-3
3
-7
36
17
0
-50
4
-23
46
-1
7
27
-5
37
54
-22
36
26
8
-10
2
-30
-4
8
-23
4
0
-8
-9
4
-17
-10
2
-6
40
-4
22
34
28
-20
-3
28
-9
-11
-20
-11
-37
16
10
28
22
-21
21
14
5
-12
1
-74
-65
9
-22
0
-34
29
-16
-15
-39
4
34
-25
4
23
-16
-3
35
-20
52
12
1
-18
10
11
7
25
-6
-1
29
76
22
-6
26
5
-7
25
-31
30
32
53
2
-33
35
8
-39
-17
-15
25
-24
2
-15
16
-2
-21
-6
7
44
37
25
5
-49
2
-27
37
-31
-1
-1
-10
-10
0
-12
-16
-8
-42
18
8
26
28
15
-9
2
-18
14
-15
7
2
-1
21
-9
9
7
2
16
-13
-36
-2
6
1
2
42
8
6
46
57
-26
13
16
6
-15
-26
-39
39
-20
-25
7
27
-19
25
16
6
-5
26
22
-15
-19
28
-23
-28
-11
-17
-32
-30
17
15
23
6
56
-6
20
-19
7
2
-4
-13
-22
-6
-51
24
-7
-18
-7
8
-24
8
2
-44
-21
16
51
33
3
7
3
19
10
-35
-20
-18
-19
-20
-32
-15
-1
13
-20
-11
31
-63
38
29
24
22
-23
1
-29
-33
-10
-17
-40
15
10
-3
-9
3
-22
-24
-3
-8
22
-30
-30
4
33
-16
-37
-18
-37
-22
5
21
-35
14
30
-7
3
2
4
-36
31
-44
17
70
-5
-8
-12
37
35
8
-9
14
-33
28
-8
-3
-50
18
-53
23
50
-25
5
25
10
-7
-37
-10
12
-25
27
-52
9
-1
22
-44
-46
7
-23
-23
11
32
-12
-6
-8
-36
9
11
-20
35
-27
-21
-5
-2
-7
-20
-18
-21
12
16
17
-33
13
-4
-17
-8
25
2
-32
0
15
-22
63
9
7
-17
22
10
11
-38
6
39
-37
-8
25
-44
46
34
19
27
0
-13
6
0
17
-40
1
9
8
-19
-6
-10
9
41
-29
1
6
6
-26
16
-7
13
-24
-28
17
-9
-34
-8
-11
7
21
-6
-44
5
16
18
15
-21
-59
28
-22
-26
32
17
53
-30
29
-22
8
27
57
12
5
27
17
44
-48
-43
28
-32
-2
-21
-24
24
-47
20
17
25
55
-21
-15
-45
-3
49
13
10
6
-26
20
48
-11
8
-38
6
23
-23
-27
-37
-19
7
-13
23
-15
-2
11
-14
-28
-4
5
-34
-4
20
16
42
-7
10
1
-34
24
-18
-68
-18
-40
-10
7
-16
-21
-48
-31
3
-8
-1
-60
28
24
-15
-15
6
1
-19
56
-17
29
18
-20
58
-23
-31
6
-3
-42
39
-35
-8
21
42
48
16
-7
-10
-29
-27
20
6
-14
-6
12
54
3
-34
0
-1
-7
-5
62
31
-55
7
-7
1
33
-36
16
60
37
13
20
8
-43
-15
-17
-43
16
30
17
0
43
0
-40
-9
35
30
3
47
30
35
-41
-39
21
-48
40
21
3
13
35
-41
18
16
19
-29
57
26
-5
17
-3
-4
-11
-4
-17
-54
-21
-24
6
-30
-30
13
11
-19
-12
-17
51
-7
24
15
48
-14
-14
-50
-42
-52
22
-20
-11
1
-21
20
4
-24
-6
25
30
30
-4
-7
-9
25
3
9
-28
-21
29
-3
-5
31
-12
-38
-6
6
-15
-32
-19
-44
-30
-61
-23
-14
5
-1
27
-7
-25
-28
-4
20
-9
-13
-40
7
-7
16
12
-23
2
-6
-5
45
-53
-5
-21
-49
5
9
-50
0
-13
33
-10
-1
-9
14
9
16
0
22
12
-15
25
9
-30
12
-17
-19
-19
-41
18
-9
-26
-6
-6
-20
11
5
14
-6
10
-52
-34
-20
-27
-28
46
27
29
-4
26
-1
15
-5
48
-16
-20
21
6
20
-51
17
-44
-1
-17
-15
-11
-5
-21
-16
0
-18
12
22
-4
9
-42
3
-13
87
-14
20
2
7
63
-29
3
-17
-6
14
37
51
38
-1
-9
-22
0
1
-10
3
-24
-4
-54
29
43
28
-26
-4
18
5
38
-33
-41
-11
23
28
38
-6
-7
21
31
14
-9
7
32
30
6
27
5
20
-3
6
-22
-18
15
16
9
8
-55
23
11
-12
0
4
-9
-10
32
-5
-17
26
30
-6
-41
-27
-19
24
-13
-37
19
-40
-32
25
2
-11
12
-25
17
16
75
-2
1
-11
-2
0
-21
0
15
-33
9
-20
4
-10
-13
21
-22
6
-8
8
-3
1
42
-27
5
1
-6
-33
34
-21
6
25
-32
-4
-3
28
-12
45
-7
17
37
17
11
-13
-22
22
-2
25
14
21
0
-20
0
-11
-37
-23
20
-9
-3
7
-10
-9
26
-50
-14
-35
-5
-17
20
-18
-29
-39
46
23
-12
-6
-48
-35
-15
13
9
-4
-35
-7
-24
-7
-10
-8
-31
35
18
4
41
8
6
-15
-14
5
-15
7
-37
4
7
-13
14
4
21
21
14
-43
20
17
-12
20
8
4
16
-3
-60
17
-24
-43
38
-41
6
15
-31
23
16
9
-9
48
0
2
-13
-12
-35
3
26
25
-10
-20
32
-38
5
29
9
-37
-22
-51
-18
15
-20
-1
31
-18
-28
57
-15
-7
-41
-62
33
43
12
-2
33
-28
33
-31
7
29
26
39
11
10
32
25
16
-11
-35
-5
10
-4
8
27
-33
39
-1
-16
-41
-32
21
-5
60
13
34
-1
-16
39
-23
8
-35
13
-27
-12
6
10
-2
6
24
8
-24
-17
15
23
24
18
27
-17
-19
-24
-23
-22
31
-19
7
17
-10
-14
-29
29
-9
3
39
6
-40
-61
-12
-20
20
21
-17
-17
37
-24
-16
-22
-21
-41
-29
17
-12
13
7
16
3
-8
-32
3
-22
24
-28
-23
55
-19
-40
17
6
10
24
-34
-32
27
16
9
-2
-61
7
-18
11
34
19
15
-22
3
22
13
-18
0
-3
-13
-24
-5
1
15
16
-32
-28
-7
31
21
30
-19
-16
-25
-18
4
17
23
-39
10
-10
13
-19
-16
-22
-31
20
-34
-12
8
-18
9
-23
-29
8
-23
30
-45
-9
-20
21
-7
-2
19
-19
12
-23
4
-15
32
30
17
3
-3
-1
-12
21
-45
-20
22
14
21
33
14
-10
-1
8
-36
-4
-11
8
-20
11
-15
1
-7
-18
15
51
-2
5
-31
5
26
11
33
-48
-46
19
-28
21
-12
-12
39
3
-19
31
2
-30
12
17
-6
0
16
15
-11
6
48
19
17
-16
-18
-69
1
32
-41
-24
-34
4
18
21
-39
-23
-30
-25
-23
20
35
31
19
13
41
57
9
49
-31
-1
-14
-4
-54
37
10
17
33
-47
-10
34
72
9
2
-28
-34
7
-45
-7
16
-15
26
-19
-16
-31
7
-46
-37
-17
32
21
28
9
4
5
-14
-9
-37
-34
-44
-50
3
-13
-23
-6
46
24
-28
60
-23
50
41
23
14
17
-1
8
-35
10
-30
21
-4
-23
-22
10
-1
16
-19
1
30
8
51
9
17
-34
-42
-9
2
-34
8
-23
-16
-17
0
-5
-16
2
-33
36
0
11
-8
14
10
1
-14
-1
-9
11
6
45
12
-37
-15
-6
-44
43
-46
16
6
16
41
8
0
-40
-2
15
-6
28
20
41
-1
-1
-16
-27
29
-2
-17
-42
64
-7
26
0
-37
-22
-4
-19
-20
-17
-11
5
43
11
-25
-5
25
-14
0
10
1
-10
55
-13
-13
15
4
29
-6
17
-79
20
25
7
-2
27
-19
-5
59
28
-2
-27
-37
-7
10
34
56
14
42
33
-26
-15
-19
2
-20
6
8
-1
-6
25
26
17
6
-8
-21
-14
13
-23
21
-6
10
35
21
17
0
9
46
18
-25
10
-2
-10
3
-21
35
15
1
-12
0
-10
44
-28
-62
-20
22
-20
45
-14
-14
9
5
-9
2
8
-15
-8
-25
-17
-19
-7
-14
13
-11
0
1
-43
-18
-16
-9
12
-5
-35
-20
-50
-29
-37
-25
20
-25
-8
21
-17
-27
5
-17
15
6
25
-24
-8
16
38
-14
-9
-33
2
75
39
7
34
12
4
-14
-27
1
-4
12
-29
24
-5
-16
-23
-3
2
9
-27
11
-3
-11
-21
1
13
2
-4
-12
-23
10
0
-28
-2
1
4
-24
-10
-15
-21
-14
-4
7
0
-23
49
26
-34
16
-4
-18
12
-5
-9
-39
-39
31
-8
36
7
-11
39
-6
13
20
-37
45
-17
-11
-11
-5
19
-8
33
44
-65
23
18
26
9
7
35
30
-32
7
72
8
-3
-25
-9
-15
-9
-49
3
36
23
22
8
13
-5
16
-6
45
-80
-14
7
25
14
45
-7
3
-2
1
-1
11
35
12
-16
-4
31
-25
16
-6
-41
36
-21
-11
3
-4
-67
57
6
-27
-14
-34
-7
7
12
7
-3
-7
-16
14
17
-18
37
-1
-24
-43
46
7
-14
-36
50
-10
18
8
-23
-9
-17
-23
-14
19
1
9
-62
25
11
-28
3
18
29
-29
32
42
-9
29
-16
-1
-26
28
-27
11
22
27
-6
-48
1
-15
31
-3
25
60
-26
21
2
-41
10
19
6
-3
13
-4
17
-6
-5
-38
-16
-33
9
-11
31
6
5
16
-41
44
18
-45
-34
-50
40
4
-34
14
-23
-17
13
14
-5
19
-33
-14
-21
2
25
31
4
10
-20
2
14
28
28
49
-10
-26
17
-39
-16
3
3
-8
-8
13
-16
20
-33
6
43
-16
-25
11
15
6
-22
-3
67
15
-5
13
43
12
25
2
-36
18
-91
-7
5
5
-16
-16
3
-17
-24
22
2
22
-31
24
38
-26
22
-31
-8
-42
-45
-24
31
19
-29
6
-8
2
-22
2
-2
0
38
57
18
-24
16
5
-7
40
28
-15
-16
28
-6
-20
6
-46
-44
-27
-5
-53
-9
45
-18
-9
-44
30
-26
-10
5
41
6
14
7
-21
2
11
13
9
5
19
44
-20
-15
-13
9
-35
-18
-20
24
18
-19
27
41
-3
-27
16
37
-10
-19
19
-19
-60
-28
-27
15
-37
11
-9
-4
14
31
-42
22
-34
21
47
-10
-13
-4
-6
27
-48
-31
-4
-15
48
15
6
34
-8
-23
13
-23
-60
39
-18
8
-25
36
37
-18
9
-49
4
-24
-26
-37
-55
3
6
24
18
-29
13
-16
-5
13
30
-7
-19
3
6
-21
-62
-8
15
-45
34
-16
21
-42
11
25
54
2
29
-12
-44
-21
-37
-21
18
30
3
-54
7
-3
13
13
18
2
-26
-1
9
-3
50
-24
-19
13
4
6
46
-34
-35
-3
43
41
33
27
4
2
-45
26
-9
27
8
-4
-25
-33
-19
32
29
-46
42
-17
8
-4
-24
30
-7
19
-10
-10
33
43
21
19
-14
-45
-4
25
20
-41
11
8
-34
-20
11
13
2
32
51
20
-16
-18
-3
43
0
26
9
11
-12
17
6
-41
3
2
-2
-40
11
12
-8
-13
51
-1
0
-21
-22
-3
-30
-20
10
-36
3
-39
8
-26
-57
-21
-43
9
-30
-6
26
-12
16
0
21
-44
-6
16
53
35
33
13
21
26
22
52
-41
-1
-10
-26
72
50
11
11
18
-2
14
2
-16
17
10
-54
-9
-6
35
13
-14
12
42
27
-2
-15
-35
23
-23
-31
0
-8
-33
-4
16
-6
22
34
34
-10
26
19
25
19
21
17
28
12
17
-10
-16
5
-21
0
-13
22
-17
-12
-22
-8
-2
37
4
-17
12
-6
-12
3
-3
56
3
-8
55
-8
-27
47
-41
3
21
2
22
-12
-3
25
-67
32
-24
7
-16
9
33
1
19
47
12
2
22
-4
-37
-10
5
-11
5
-12
-6
-23
-17
-26
1
10
-21
-10
-30
33
-17
-62
-21
-45
14
30
-30
13
22
0
-15
0
76
-28
-35
-19
-3
-13
31
-49
-39
-2
-24
-4
0
-21
14
-16
-9
20
10
-20
-7
-10
-34
33
13
-35
19
22
42
-3
36
17
1
-2
-11
21
19
24
7
-3
-1
0
48
-33
39
47
-47
21
-20
-17
-16
-10
-22
33
-17
4
0
-11
-52
19
-14
-4
21
-7
37
26
18
-15
4
12
-23
9
16
24
-22
-6
-3
63
-15
-15
-7
-20
-34
29
5
27
-24
-13
34
-1
31
-37
12
15
-50
-24
43
-48
23
-3
-9
25
-32
24
6
-27
1
68
36
13
15
-26
3
14
1
-12
60
5
-6
-11
33
-16
-7
4
-35
24
27
-44
-18
38
14
-8
31
-35
18
-24
12
10
-28
28
-18
18
-46
-27
23
-22
1
-1
21
15
20
32
16
-4
-34
18
-13
-5
-29
-14
-23
21
-4
-40
-63
44
-9
-33
-42
21
-19
-20
-16
2
-14
-23
-7
6
16
39
0
12
12
45
-5
28
10
-11
-27
10
-66
-2
-22
-15
-4
21
28
0
18
8
4
12
26
46
-38
-34
3
-12
-57
25
-17
18
28
41
17
24
17
-31
-4
16
55
19
-16
-5
9
11
31
-25
34
-7
-20
14
-20
-41
51
30
28
-55
31
-26
31
21
33
-32
15
4
46
-15
-7
12
33
-37
-3
14
-13
-30
19
21
23
3
16
1
14
-20
-9
-66
-11
12
-17
24
5
0
15
53
-20
45
5
-27
-4
0
1
7
-5
31
0
-27
-5
32
17
-11
-24
-10
24
13
-39
36
63
42
-30
45
10
9
1
-15
6
31
-10
-5
0
-10
-51
5
-2
16
-23
35
-15
-34
24
-35
8
21
-3
33
15
39
-39
-25
-13
26
-7
14
61
27
-3
60
26
-1
-7
6
-13
23
30
30
-14
16
3
26
33
40
-45
-26
-22
42
20
10
-25
3
-7
34
-15
-4
1
8
21
40
8
-33
-14
-26
1
0
-21
-31
26
0
19
-27
-30
-20
6
-25
-21
-55
-10
13
-6
5
16
19
-10
-46
17
-10
-8
30
-34
-54
-25
-17
22
21
20
-15
6
-16
5
35
-4
-66
-45
-39
2
12
14
-34
-19
-17
7
-28
-21
27
70
-49
-32
21
11
34
51
-37
-1
-21
8
-37
-3
-42
35
16
-36
-42
45
7
-55
-19
12
15
-57
-8
31
3
8
45
18
52
5
-49
44
48
-20
-9
-9
0
13
-4
8
1
3
-13
-18
14
1
27
12
-1
9
42
-36
-14
-18
-67
23
-8
-16
-24
-3
-43
-22
1
10
38
-16
-9
-8
4
7
-10
-40
17
26
-23
-2
11
-21
2
-3
-10
13
1
-9
19
-33
16
8
18
-23
0
12
-17
-34
-22
-2
-41
-11
-4
5
-6
7
-34
-2
-2
9
-18
25
-31
23
15
-23
27
-6
0
-15
11
8
42
-28
-10
-16
-46
8
34
-4
-5
34
-18
-64
-13
10
-2
25
-30
-13
-48
-13
-11
-14
28
23
2
1
-32
-33
71
48
8
-6
39
-5
-4
19
38
7
16
-35
18
4
-6
57
0
-6
-43
21
46
-6
-7
-8
6
0
13
44
40
-9
-6
-38
-19
-35
-33
54
15
20
38
16
-12
-15
4
6
3
-5
-36
6
19
-37
22
12
53
23
60
1
37
-8
22
9
-6
10
9
-47
78
17
82
-25
-41
11
6
25
18
-33
2
8
-20
25
11
69
18
63
-6
-34
12
-30
11
7
-14
-52
7
23
-28
-17
-2
1
20
-22
20
-30
-7
0
14
40
0
24
43
12
-23
-29
0
47
-6
-38
7
-1
-21
-15
-22
-19
-23
23
8
-20
-20
-27
-37
-4
21
11
-25
6
7
15
-5
22
-37
-26
5
-27
-11
-16
54
41
-10
20
-9
7
-7
13
47
-33
22
-17
25
-6
21
-20
-7
-15
44
-36
-7
-49
-10
-22
21
-2
-5
3
-9
5
-1
23
-15
-22
39
-29
-3
40
-14
-41
44
-16
-42
-3
12
17
-22
25
-6
-1
-7
-7
20
21
-44
2
-46
-22
-25
-43
0
-10
-29
-29
-21
-16
7
0
-34
-2
-14
-13
-31
19
-18
3
-16
25
-7
-29
41
-15
9
-26
6
-52
19
-3
27
5
-22
-39
21
-42
84
-20
13
-27
31
49
5
44
-13
11
-32
2
-7
8
-13
-32
13
-15
-11
10
3
8
33
-4
4
-26
-41
-27
-11
26
-4
-19
27
7
18
2
23
13
-23
-17
4
32
-23
-20
12
-3
11
40
68
4
1
-10
-38
-3
-18
13
-17
43
-8
-26
-16
-9
24
11
-24
-39
35
-34
13
-43
27
-73
-3
23
23
-9
21
27
0
-7
-41
63
-50
-16
0
-42
-13
-41
-13
2
21
30
-10
37
-18
28
26
32
-58
9
38
-8
-48
-40
1
-8
-43
3
42
-29
5
12
16
-5
-7
-11
-58
33
-11
37
6
-24
17
2
12
8
4
-61
-16
13
13
26
8
-16
-22
31
8
3
8
-17
6
28
-14
-2
-25
25
-37
-40
-20
7
-24
-2
16
-24
-27
39
7
-15
0
-11
40
52
-1
-2
-2
-27
-16
-47
-14
-16
-24
-46
19
9
-2
-15
-30
0
-29
-27
4
20
-2
33
-2
-7
-13
-10
35
23
-44
22
12
5
10
11
-18
22
45
-7
-7
3
-16
34
17
-19
-20
6
-10
47
11
4
6
-47
-28
-8
35
3
43
-35
11
-50
-1
-11
15
7
14
-1
-17
8
-35
6
6
56
-20
-21
28
7
50
-2
-5
-4
-7
20
24
-39
-2
35
35
-5
34
-39
5
23
-19
-53
-6
-6
2
12
-20
31
-6
-29
-15
3
11
-34
-9
-34
57
8
5
-2
4
23
29
-28
-23
10
18
4
-1
-5
6
11
-23
18
-7
-19
-1
-6
-28
-12
4
-7
-48
-37
35
10
-28
26
-81
13
-34
3
-16
-25
-14
-18
7
-25
42
-40
-11
-11
24
-13
4
-24
-19
25
15
47
-24
44
-26
-15
-29
30
35
-27
-33
-20
-5
21
-23
4
13
7
5
32
36
-19
-7
14
-21
-13
24
-30
-7
15
-57
51
20
4
34
34
17
16
-25
45
-27
-19
-16
-4
-22
5
16
33
-45
-29
-23
0
-28
-10
-41
-6
4
10
35
6
-31
-38
22
1
-10
-15
-8
-25
-29
-4
-32
-6
-12
-5
-30
-7
19
20
50
-20
4
-65
29
7
-19
-29
30
22
17
-48
-19
-14
-32
-10
-52
-25
7
-36
12
-7
16
-12
-4
15
4
-11
-5
16
-24
42
-7
-38
-15
-6
3
2
68
-43
-8
44
-25
-8
25
7
7
17
0
23
14
-39
21
-42
43
-29
-3
64
-7
-37
28
42
64
28
-20
-28
1
-6
13
-5
-8
-1
-34
12
-33
8
18
-8
-14
62
-20
-30
-9
33
-18
-59
11
-37
-24
-2
34
5
0
-18
0
-11
7
-15
-39
48
-20
-18
14
16
-18
37
4
-13
-7
-55
17
-10
-6
-40
5
27
12
7
-61
25
-27
-14
12
-67
-9
-48
5
4
-4
27
32
-23
-6
3
20
16
18
40
6
-25
4
-21
3
12
6
10
-8
-19
4
-9
17
20
-34
1
18
33
-10
14
-1
-20
-36
57
45
-22
16
24
-9
-1
2
20
-26
-48
0
-16
-36
-26
-32
50
0
5
0
-42
36
34
8
29
-11
-3
1
13
-34
5
7
82
23
-7
-50
-5
-13
10
-14
8
6
-31
-35
38
-19
26
-13
-38
-17
-34
39
0
3
-22
-25
-21
-23
9
16
11
-26
-28
5
-35
-13
-4
-5
-11
0
-12
4
-4
-3
8
18
-5
7
0
-28
-21
-5
-30
-22
-5
-10
0
-26
-1
-3
52
-6
-12
-8
-16
-12
-23
1
31
-10
-27
20
18
3
-31
-5
-37
33
-26
38
-38
-29
41
30
14
31
-47
-24
-34
-27
8
37
1
6
0
11
12
-41
24
-15
-11
4
20
-46
15
12
7
28
-10
13
14
-10
30
35
-2
-23
27
29
-19
14
23
-17
-22
6
7
-15
-2
27
-5
-21
19
-34
-39
37
-2
-29
-26
-39
5
22
13
-5
-8
36
-34
-18
-17
-1
-1
-57
57
-23
10
16
-13
35
14
-7
45
-28
-14
-42
-16
-37
13
18
-10
15
-30
-15
-6
75
8
42
-4
-27
8
7
18
-10
46
-11
33
-7
14
-40
2
-18
28
67
26
18
46
0
36
22
-45
23
51
-8
5
12
9
18
6
-9
-28
-23
29
0
19
-42
-22
-22
7
7
-29
-13
-3
22
-8
-62
23
-55
-12
-3
39
-19
-13
-20
-14
18
-3
-24
-3
23
40
7
26
-7
20
-22
49
-4
-11
-21
-6
-10
-9
21
-7
6
-7
-33
15
-17
6
10
32
-2
56
9
-11
-26
-24
-21
-55
20
2
18
40
-46
16
30
-47
-19
-5
35
34
26
-16
-36
1
-7
-1
-7
5
-8
26
-33
-5
17
56
16
42
35
-27
62
-10
-9
-4
-60
39
10
-11
7
-21
-28
3
-27
-55
35
12
-7
2
25
-13
7
21
-17
-31
-13
-33
-23
-10
17
-41
16
-32
-13
-12
40
32
-15
24
-36
-2
32
6
32
-25
19
1
-11
-36
-5
-5
-68
22
18
-23
-26
-21
33
9
-22
38
-34
-36
37
30
-13
-4
22
-17
5
20
-19
-32
2
36
4
-3
26
-8
16
12
2
-53
6
-10
-16
0
-24
-13
31
-13
-7
10
20
0
27
48
-40
-7
27
8
37
-23
9
25
-13
-29
7
-28
8
23
19
-1
19
3
10
-1
-21
-30
48
-26
-14
7
-33
-27
35
25
19
28
-40
7
6
-34
-9
-19
-23
-25
6
-42
11
6
-7
-49
31
-31
-54
-39
-43
-34
-29
7
43
-12
-21
-25
10
-15
22
14
-37
-31
-32
6
19
-8
-16
44
16
-41
21
-27
1
-8
-9
43
20
-25
-26
40
-4
12
-33
-11
2
16
-7
17
-20
-16
-8
62
15
41
35
3
0
-37
20
9
0
10
6
-16
1
-32
39
41
-12
-18
-33
23
-12
3
-21
-8
0
-1
-3
40
-5
13
35
-25
7
11
-17
-7
15
20
3
1
-24
26
21
-36
21
12
-5
-2
0
-5
23
14
-12
13
19
55
-35
20
-14
31
-31
19
24
27
19
-21
-62
5
15
-44
-11
-19
-74
4
-1
-11
-32
15
-69
-10
-12
-16
-6
-26
-12
-55
-4
-25
11
-25
-26
-28
-1
20
32
-33
-9
-22
1
-3
-52
-3
-3
36
57
-37
-4
22
-13
-35
-11
21
6
-11
10
28
-3
9
-28
-80
28
-45
-12
18
-55
-25
-30
-21
-27
-16
-45
7
23
-26
-60
6
-40
-12
-27
-3
7
-15
-19
60
-64
2
-17
-28
19
-21
12
-18
-44
1
-8
48
-45
-44
6
22
14
21
14
27
-1
20
20
-6
-44
71
-17
32
-25
-16
-12
36
25
31
31
-29
-1
34
-37
9
13
-10
-37
24
30
-10
21
31
30
-16
14
7
17
45
-24
3
-5
5
52
15
25
35
-20
18
-34
-18
-19
-16
-4
14
10
-47
-16
-4
-42
16
27
-16
6
-6
-19
51
-52
-7
-11
15
26
-14
-2
33
-52
23
18
-1
-7
15
-13
-32
-25
12
-33
32
-13
32
-35
-32
7
7
-34
8
-17
-33
27
-7
21
-9
-16
10
11
-34
11
-10
30
-2
-10
-13
-15
2
2
-3
12
9
-8
-20
-3
-7
19
-6
-6
6
0
-16
-36
0
-7
-37
13
56
33
-17
27
49
-15
14
38
-35
-26
-24
-3
-23
-12
12
45
-28
16
7
-29
-41
5
-6
40
-7
4
7
37
26
-51
-20
-34
-12
-19
-12
-5
-20
2
38
3
-46
-45
-10
-31
-18
-4
24
4
-32
29
37
-23
-16
29
2
-7
21
27
-37
3
-20
1
-8
-47
-7
17
-8
27
-15
-3
-58
35
2
-24
-8
-8
12
5
20
-35
-43
40
-26
-33
-42
2
3
28
27
-16
-4
-22
33
25
-42
-33
-10
-37
12
-9
25
15
-18
1
-10
60
-26
-30
-31
43
53
-47
-22
23
-4
9
42
29
-12
-7
-20
-5
8
14
-63
-64
17
-7
-30
-19
12
-15
25
12
13
-2
18
-19
-3
17
33
4
2
53
-11
10
24
18
24
-28
-17
26
24
-38
24
-11
14
2
-24
10
4
34
-4
26
1
22
0
24
-16
13
-3
15
-21
37
47
17
2
-35
-4
17
32
-5
13
61
-17
11
20
-4
22
-16
-14
18
0
-6
20
3
4
21
-11
5
-4
5
13
27
5
-20
-45
-14
-18
-10
-4
-14
-3
5
38
-22
0
34
-3
-41
21
15
18
-36
25
-8
-29
28
37
-14
1
-12
-6
-20
2
31
8
39
3
33
-63
-13
30
37
-16
-34
-24
-24
28
-38
26
-3
44
-13
-33
-6
-11
9
25
28
18
27
17
18
-38
-25
-43
27
-18
14
9
-8
2
-26
-52
-9
2
-44
11
-16
19
-5
-2
-8
5
14
9
-7
20
-16
8
-15
10
49
-7
17
-2
-23
17
39
-32
-4
33
23
8
12
40
-11
-38
37
-58
0
-8
5
41
22
-11
12
11
31
8
24
-1
-7
17
18
-2
-8
50
-6
21
-1
-6
30
2
6
-2
18
-1
42
22
-4
3
-24
0
13
-1
9
10
24
3
-12
24
-6
-23
-22
-12
-1
-21
-25
2
5
0
1
-1
-20
51
42
-28
7
-52
-9
-4
16
-35
-5
0
-28
22
-29
33
16
-2
55
-61
10
20
-23
-40
7
1
-12
31
2
4
18
-43
-1
26
-27
11
33
-6
13
-10
3
37
14
-20
-4
-18
16
-11
-11
12
1
1
24
1
8
4
-26
-26
-15
-13
-11
21
20
-74
-14
32
11
-12
-25
9
13
-1
-17
20
-34
-24
-13
2
19
-17
-1
-25
-1
51
-28
-24
29
-20
18
-14
22
-48
40
-12
-3
9
2
-20
36
7
9
26
50
-47
11
12
-11
-21
-47
2
23
-12
32
24
-55
-21
-21
30
14
5
3
-7
19
-29
30
41
0
-18
-15
-13
-22
9
-17
-46
27
32
-1
-29
-13
-11
26
-70
-23
13
7
-6
-19
-33
-22
14
27
0
-6
-18
5
-1
-31
-20
-13
-14
2
-20
46
-60
-10
19
-32
16
8
-15
15
6
28
8
29
-22
5
16
6
11
45
-8
0
34
29
0
57
21
2
-65
21
-2
5
5
-67
29
25
18
-3
6
-28
-11
-44
31
-56
19
-25
-8
-15
15
-10
-18
-9
25
-15
-11
53
-8
21
-25
15
-30
27
9
12
18
1
44
6
-7
5
9
13
-53
-19
-25
9
80
12
6
-16
6
-17
-5
-13
19
-6
-6
45
-31
0
2
-18
26
5
21
50
-63
8
19
-1
21
11
-22
-20
-29
-25
33
37
-15
1
-27
-9
30
2
9
16
48
3
-43
15
-49
9
-24
5
8
-13
-32
-21
-13
50
26
-22
-14
25
3
-10
19
8
32
18
2
15
28
-11
4
22
34
-28
-43
33
-5
33
6
55
-22
-30
17
-20
-1
-15
-19
15
-30
52
-6
-45
-26
-45
-5
19
17
-2
28
1
1
27
-31
6
10
15
39
-18
-23
27
7
-42
25
14
21
3
-9
3
-6
1
-49
64
-46
-42
28
-11
5
-1
-39
-33
-7
7
13
-21
-56
-11
24
-28
48
-7
0
-8
17
-15
14
-12
-8
-31
-57
-22
51
-26
-5
-25
-6
-33
38
9
-7
25
-12
-2
7
-45
11
12
33
-21
-1
-36
-40
-1
5
-6
-35
-12
-4
24
30
26
2
-12
-10
-29
-20
20
39
4
-9
-35
7
-35
10
-16
-5
35
18
8
28
-1
-34
17
-7
3
-15
-26
-32
30
17
67
3
15
26
5
19
30
18
-37
2
-23
49
18
20
37
29
5
-3
5
2
14
-5
3
13
-24
26
2
-41
-2
-38
-39
0
0
19
-8
10
60
25
-10
28
7
-9
-6
17
-25
-6
-14
-19
6
-31
2
-21
-4
-36
31
-45
7
36
-14
-16
-19
-9
-19
-14
17
-6
-7
-29
-30
15
-4
24
24
-3
-1
25
-40
-16
-31
6
3
2
-4
13
34
-41
36
-18
24
4
20
4
10
-24
20
-12
8
-19
-25
-27
32
14
11
14
3
-31
25
21
12
-16
14
-27
-4
-28
37
-1
25
34
-19
17
-8
11
-14
22
-3
2
58
3
-24
-17
9
-21
-6
-23
-2
11
16
24
-2
13
31
7
-4
5
2
10
-53
6
-42
19
32
3
-33
-39
2
-20
-10
-17
-22
32
0
-32
18
13
-23
65
-1
-52
-8
-34
13
30
-9
-5
-30
-7
-16
-69
-42
16
-13
-34
3
5
28
-3
14
-14
23
-33
-4
-14
-2
-48
-55
-41
-37
-75
-45
18
11
-15
-40
-9
-29
41
-23
24
11
-24
-5
6
28
36
31
-19
10
6
-11
37
-19
5
-11
13
-12
-18
37
18
8
-62
-11
1
-5
-17
-22
11
25
13
-10
-8
21
77
-35
31
31
10
-14
33
5
3
11
-2
-1
7
-26
68
-11
1
1
-2
40
19
29
-34
-20
-16
10
14
-47
-23
0
-33
9
-20
37
7
-14
5
-29
-21
-20
4
18
47
0
5
-31
-25
-6
-1
21
-2
-6
0
-15
-16
-26
15
36
-9
18
-43
15
28
-45
16
-19
-45
33
-43
-31
9
-7
21
22
-22
-56
74
6
-44
-10
22
24
6
-22
22
-13
19
25
30
1
7
9
-63
-22
11
-7
3
-10
10
4
9
8
38
25
-2
-15
12
-29
-39
45
65
38
12
42
-31
-14
24
41
3
17
-14
-22
-41
13
6
-25
40
24
1
-8
-31
38
32
4
-17
11
-12
3
22
13
-48
1
-68
-9
-32
7
-45
-34
20
8
-35
-12
-17
-10
-20
36
5
15
-28
-2
26
11
3
1
-14
16
-20
-60
-18
20
7
-4
-45
13
11
-62
23
-6
-53
-12
-31
16
8
-16
24
-36
26
67
41
0
-24
-16
-7
-27
-31
15
-23
33
-22
-15
-22
1
31
-1
-17
-14
20
-3
-37
-33
-32
-2
47
4
56
-6
-19
-22
36
31
18
42
-20
-2
3
3
3
4
-50
4
-14
-28
16
35
4
-15
-15
7
44
10
11
42
11
-27
-14
8
-22
7
-27
33
38
-20
12
22
11
-35
-26
22
-12
-23
-58
6
-39
11
4
-23
20
-1
-44
41
-20
3
36
-10
16
-9
44
-54
14
-4
3
31
16
39
-36
10
9
14
-5
45
1
0
-8
-36
16
-31
17
-10
37
-11
30
-7
9
30
-25
0
-13
-37
-24
1
5
23
-23
3
-19
5
-2
14
-18
-23
-30
13
-2
-4
13
15
-18
-4
-19
12
16
-31
18
16
-4
1
41
37
-7
-27
15
-4
-6
-15
-34
10
37
-10
-7
-8
30
-23
11
-15
-34
16
30
-8
21
27
14
20
-29
-10
21
3
8
-25
-14
-23
-42
22
-1
-16
29
-9
33
23
-24
16
-43
47
9
-30
38
10
16
-30
22
-10
23
12
-23
-13
25
-13
18
-9
-10
-27
-34
16
0
27
-19
-28
-1
29
2
12
16
-37
36
-29
37
12
-16
-23
4
-12
36
5
4
-44
-37
9
-48
16
-37
-26
11
7
-3
-1
21
-10
-20
-12
-6
33
55
-50
-19
10
6
-38
3
7
26
-18
25
-10
25
-20
9
-52
-5
-17
1
11
10
7
-17
0
6
29
3
-15
4
-20
27
25
-11
19
19
8
-1
40
31
-42
-12
35
17
1
-25
12
38
-16
-23
-37
34
18
-32
41
33
-28
-17
35
-9
-24
56
7
-15
-13
-5
1
44
-9
-38
-30
-12
-59
1
56
30
9
26
-21
-33
48
-23
-9
-16
57
19
-7
-29
10
42
-46
-23
15
57
25
-22
-2
-18
-26
6
-9
6
-19
-17
55
1
-6
4
26
11
1
-9
7
-3
40
-47
-15
15
5
-32
5
-10
-10
-9
30
38
-24
3
9
19
-41
4
44
-13
-22
10
-45
-16
-17
-25
11
-1
-13
-20
-45
17
-41
15
45
-3
-22
33
-25
33
2
20
-30
-11
6
8
21
3
17
12
-5
-56
-1
21
22
21
3
0
0
-51
24
-28
-4
25
31
-15
-27
25
-16
-23
-26
-94
37
3
8
17
31
23
23
21
0
-10
-17
-14
-49
-8
3
36
-35
-12
-24
-16
-22
-28
-56
10
-24
5
18
22
9
10
14
12
14
17
-10
-23
1
-20
-5
-29
-1
26
9
-6
40
8
-39
16
-20
-47
-85
-18
-47
16
-12
-24
-21
22
-9
-2
0
9
-25
-12
21
-28
-2
48
-32
-33
-64
8
38
48
-35
-9
23
15
-20
-36
5
22
23
-5
4
44
-7
-45
27
74
-4
48
9
-5
16
-4
-1
-17
-15
-23
-1
6
42
-17
-9
-12
-21
2
-21
-14
0
-1
5
-14
14
2
22
45
37
6
7
-3
-4
20
-5
43
43
10
52
-21
-11
12
20
27
4
13
9
-22
33
39
-8
8
-17
24
-15
22
21
51
6
-3
25
-29
-9
-15
12
-19
34
-13
-20
-43
-29
14
59
25
-20
3
-6
-18
22
-22
-28
11
-12
-28
-23
2
14
-45
21
29
26
15
-19
-13
-49
-12
3
-14
-31
1
-8
-36
-39
-22
-7
-31
11
3
9
-11
1
2
-9
21
12
36
29
30
36
-29
-23
17
-29
-16
9
-34
-7
0
77
26
11
9
24
-47
-12
-54
-10
30
21
-44
-26
-6
30
10
-15
-13
6
-26
-25
0
14
19
5
35
-2
-56
-10
-13
6
-39
-9
5
-3
-37
5
34
33
26
12
-21
0
3
-6
1
-39
0
16
-38
-15
-21
38
28
8
4
-6
-34
27
2
35
23
-17
-26
26
0
-8
13
18
-2
-26
16
21
38
-13
7
-39
21
7
17
-4
35
15
-23
-26
-14
-5
11
-24
2
-13
-6
-21
31
-3
13
25
-15
-29
-24
-23
6
-5
3
-21
-18
-34
-4
-14
-17
5
31
32
47
-2
-7
23
6
47
-23
28
26
23
23
-5
-28
0
21
-6
-29
-27
13
-15
-7
4
24
6
-13
-26
49
12
15
-13
16
5
-34
-29
-38
18
0
-26
-22
14
15
15
-18
-4
3
-26
30
-3
-28
-23
6
-22
-4
-26
-8
-5
-26
45
-23
-39
-21
-3
33
15
14
-59
-52
27
48
5
25
28
-7
53
-3
-5
17
9
32
-21
-56
0
-19
23
34
46
-7
28
0
57
-16
34
18
5
0
5
-12
42
-10
5
-5
-25
-30
18
43
15
17
23
-37
6
-5
8
18
15
1
22
65
-20
46
-7
-24
-1
-38
-4
9
39
16
33
6
50
-10
0
23
14
42
-41
-21
40
12
17
60
-22
9
-49
-21
32
-24
31
7
-30
24
34
-38
-48
-23
3
-18
-10
-33
-59
23
-45
-19
3
-42
33
-33
12
13
39
38
13
-4
28
7
8
-4
13
-8
44
13
2
-20
5
6
-3
-6
13
41
28
-23
18
-4
41
40
20
-28
-8
16
21
-7
13
-6
-8
-35
28
14
-7
25
25
10
1
-2
-1
6
14
19
15
-8
4
-18
25
-20
35
-11
-2
9
-2
3
33
11
-5
-60
3
14
6
29
13
-72
16
-13
-14
29
24
-10
38
-1
-28
9
-20
42
-1
42
-14
17
-4
-21
-15
10
15
29
26
-37
-20
-5
9
-4
-19
-12
-6
-12
-40
44
3
-12
8
-16
0
38
8
25
58
-62
-18
23
10
-3
2
-3
-4
29
-24
18
58
27
24
1
-17
-29
-3
-12
18
-3
3
-11
3
6
27
9
4
7
20
8
-35
57
-45
-11
-5
20
0
19
-11
6
-4
1
-2
20
20
36
-4
-17
31
8
10
-5
-36
-33
-23
15
-42
-5
4
28
22
-6
6
6
-49
-17
42
-18
-16
-20
3
-4
-24
-1
-11
4
10
-18
19
-5
-19
21
-31
47
79
-45
14
40
6
36
16
29
4
-17
19
29
-13
-12
-64
0
-7
-15
-34
16
-21
3
5
25
-42
-52
-26
25
5
-48
-16
9
-40
-18
-20
-3
5
13
24
-16
11
5
-7
29
16
25
-6
21
-8
-29
34
-13
-19
26
-13
-4
52
-32
-10
30
35
14
12
14
42
28
-38
-14
-31
-30
-20
-4
-16
-26
-12
-9
5
-15
-37
-23
-50
-34
11
30
-22
-59
26
16
8
-13
3
33
-43
-2
29
-15
-22
15
36
-20
-17
5
-27
-1
-17
-18
-21
-1
24
3
-1
-6
-3
-7
5
18
21
3
-4
4
51
-34
-21
-8
-14
12
20
-17
-50
-22
8
-55
-12
8
8
9
8
-32
14
5
16
-21
13
41
31
38
-2
-41
3
-17
-7
6
-23
21
1
-21
-2
4
1
-33
54
-3
17
-9
0
7
8
-15
-29
-36
-9
5
6
-1
15
19
6
-24
9
36
-8
10
-22
30
0
17
-43
45
3
-12
53
9
-1
-15
45
-18
-1
4
-20
1
34
33
36
-22
-28
-29
-27
31
2
18
26
-6
-17
10
-11
-2
23
-48
18
-4
-34
-29
-7
18
-45
-12
-4
-33
51
25
-42
27
-13
2
8
-2
-16
51
9
-57
41
14
-21
-23
10
-26
-34
-1
0
16
0
24
-12
-6
-8
20
18
-48
-16
1
-1
-46
-59
-9
13
-19
34
64
-9
1
17
5
15
-28
-16
8
30
-36
5
-36
-3
15
-11
10
-3
3
8
76
-23
3
9
-14
-42
36
-29
-6
-11
-30
34
56
-19
-38
-33
-7
14
26
-22
5
8
-12
-8
-5
-8
-29
-40
27
-25
-24
25
19
4
-23
-1
-36
21
-7
7
27
-28
-27
-13
33
-38
-12
12
31
-25
-18
4
-12
0
-17
-26
22
45
-29
-19
35
2
28
-10
24
-15
-17
-11
-28
26
26
-37
34
-7
52
36
-12
8
14
-19
6
28
-4
41
-9
-19
-47
-1
28
-33
68
15
-18
-20
-34
35
-27
-49
-20
-23
0
0
-16
15
12
-18
10
-6
10
-33
-22
-3
-12
-17
-42
24
10
-31
31
9
-30
18
18
-21
1
-26
11
-53
0
21
-7
19
6
-22
-15
26
49
-40
-28
-12
17
-24
-19
-24
15
36
-23
-15
-14
24
-9
30
-6
-10
38
-31
-38
4
-17
6
23
-47
26
-30
54
31
-8
1
-9
21
-13
-64
18
10
41
-47
-44
24
-27
-15
47
-20
-9
36
37
23
59
-21
49
-40
-58
-38
12
15
3
31
-34
-32
-29
0
-2
18
-30
-33
-14
-31
32
13
3
22
15
-25
-2
28
-32
4
11
23
-9
-23
-42
-11
-23
-36
18
11
8
-17
-29
-30
-32
6
-26
15
-4
-2
12
11
15
35
42
-12
14
-6
-22
2
-27
65
27
-20
8
-2
15
-48
-2
-22
-12
-24
-53
-29
6
-13
35
-6
23
43
8
-3
2
34
42
7
-1
29
8
7
-5
-7
-24
-20
-35
-24
33
-36
12
-5
4
0
18
-29
-6
20
-30
22
0
11
22
41
6
-45
-49
16
-8
-8
5
-13
-38
30
29
-7
21
19
0
-1
-20
10
-29
2
-22
1
-11
-11
11
-12
-8
19
30
-62
42
12
36
-4
-30
-1
0
-2
10
-7
-8
18
-30
-65
68
26
6
19
-20
9
-13
-9
-13
43
40
21
19
-27
37
-3
10
48
19
-6
40
0
-57
-17
40
-13
-17
-23
-14
-36
-26
26
-21
-6
48
9
17
-16
-4
7
-19
4
-1
10
17
-22
47
-15
2
18
0
-23
9
12
2
11
-19
-30
-15
-10
40
-24
8
-56
-7
5
30
1
-12
-50
11
19
46
14
28
-8
-31
28
-4
-8
27
7
34
-36
-82
8
-10
-23
32
17
-21
-19
-24
-3
-4
-4
-5
-34
-9
11
-21
21
-3
-20
1
11
-18
22
-2
2
15
13
-20
37
6
18
-3
-9
-6
-42
36
24
27
-4
18
-6
16
7
0
77
-42
-11
-25
5
2
4
9
0
-6
4
-13
22
-6
11
-23
-1
34
-13
-76
5
48
-28
7
11
6
34
4
-35
-12
47
31
24
33
28
7
58
18
-52
-1
13
-21
8
25
37
-20
-7
11
-1
-7
31
-1
-51
4
-33
-12
-7
-15
-19
-12
32
-11
-22
6
6
29
-5
-19
-7
9
-2
8
5
36
1
-31
-2
-53
-12
10
3
-4
4
4
15
12
20
8
-8
2
-9
11
14
-23
-3
8
-4
14
-1
-24
26
53
-5
-3
-17
17
-18
15
35
-29
-13
-2
9
-8
0
-47
-3
-22
14
-16
-3
0
15
17
-4
20
-6
-20
14
24
4
-29
3
-4
-37
23
-50
-10
-4
21
-2
13
-3
14
19
20
-6
66
10
-23
-20
1
57
26
-17
-30
8
-24
21
33
26
25
15
34
-18
-25
-3
-22
-19
17
-3
6
-33
-20
34
-14
12
4
7
27
-16
-35
-2
-15
13
21
-49
1
-6
27
19
54
-40
9
-26
-17
5
-10
28
3
21
3
-19
25
20
57
-53
8
-46
9
-1
-28
27
-22
17
39
1
-39
-13
-28
1
-28
30
67
-50
26
30
-32
-7
-8
26
-3
-14
-13
6
-7
-4
-27
-15
1
28
11
25
7
38
-16
37
-16
32
-8
-48
4
3
-2
37
17
-16
1
0
-19
-2
28
-1
22
15
-26
9
6
30
-16
42
29
1
12
-6
-25
-15
-43
-10
14
10
-69
-44
28
23
82
22
-26
-52
-34
-23
-12
22
-17
4
39
10
-1
-4
-29
5
13
6
-30
-1
-39
-10
24
17
9
-4
-3
-38
-40
26
-20
-4
17
14
-9
35
-5
-20
21
11
6
-56
18
5
15
10
14
22
32
-19
-42
-34
15
11
-18
-29
22
11
-7
15
33
-5
-8
-1
-15
-1
-9
-12
-25
-52
-21
-12
-32
23
-24
-14
26
-24
15
6
15
16
-5
-1
35
1
-20
1
-18
0
1
-5
-6
35
22
43
3
3
26
19
24
-21
-10
-26
2
27
52
-4
-26
19
13
-4
-14
14
1
-73
24
14
8
-27
7
-24
-16
-20
0
-18
-5
25
-8
6
-20
3
-6
-2
-24
-24
-11
-8
3
-18
-11
-8
-8
4
-13
15
-26
-24
-27
-39
2
19
9
7
-13
3
16
15
0
45
17
68
25
12
5
10
-25
-7
-54
12
6
15
59
-4
-15
-18
-14
53
5
-4
22
6
-4
43
-13
14
8
32
-15
-17
-32
6
19
5
-8
4
-29
-3
-12
39
23
0
-1
-13
25
-4
2
11
23
58
0
-5
1
32
-6
14
3
-5
14
-28
6
5
18
-2
19
-27
9
13
-63
9
26
-12
-48
40
11
3
-15
12
37
-37
-37
-32
-15
-24
-36
-7
5
-34
-10
12
-10
7
30
-19
-2
-49
25
-23
-9
29
-22
-11
-1
-15
-26
2
-36
-35
0
-25
-10
22
37
-17
-55
-36
-8
2
-23
18
27
-37
32
-2
18
-29
16
18
-66
-47
29
0
2
-37
34
12
37
3
6
12
-11
-15
-26
-23
-19
30
-25
-5
5
-23
-18
24
30
-26
-55
-17
67
5
-8
10
17
-13
28
-28
14
2
-5
-35
28
18
3
32
43
12
36
-8
43
-1
27
-25
-51
-10
-29
18
-58
-42
-12
2
12
-25
-7
-2
14
27
-16
-4
19
-45
-31
17
7
-21
-14
7
10
19
-4
-13
7
-20
27
38
28
42
9
15
7
-26
20
4
26
16
15
-6
16
3
1
-5
-25
9
30
27
13
-11
-1
5
-35
28
30
-10
-53
-17
3
-12
37
-3
-10
-2
-25
-23
12
-17
17
-17
-3
-22
8
-46
6
9
8
7
3
-10
6
-61
-54
-2
0
-17
-71
-14
14
-1
-1
14
-7
-13
5
7
30
-15
-19
33
-23
37
-34
-67
-10
7
-25
14
75
-7
17
21
28
-22
-28
2
35
10
-50
-11
-26
-15
5
-10
-17
14
13
-11
52
9
-19
13
-32
44
-9
20
44
36
-12
19
-17
34
8
7
14
6
22
47
13
21
-30
21
30
-25
0
15
-3
-13
34
53
-19
-27
-11
7
-33
29
15
-5
-4
15
-6
-15
-31
-28
48
-14
20
-20
26
24
-11
7
-44
38
30
-2
-18
8
30
32
-25
-12
33
-1
4
-10
21
27
22
-22
-41
17
15
11
-9
-40
14
8
-14
2
-30
-9
-26
63
-8
-8
-26
-23
-27
-13
-4
8
25
23
7
-20
-15
-18
36
-8
67
-5
-14
-6
-19
8
33
-7
27
15
-16
21
-16
-32
-50
-37
1
8
47
4
12
12
-15
25
60
21
-2
16
18
1
-18
-31
-3
29
24
3
1
-11
6
-9
-4
-29
31
9
-28
41
-16
-2
29
-22
-4
12
37
16
-13
-15
-3
2
-5
5
-62
46
8
1
8
-29
-29
46
-35
-38
46
16
-38
-15
-34
35
1
24
-10
16
-37
50
32
-30
12
75
-15
-7
-32
36
-5
-24
-5
32
9
6
-15
28
-17
-20
-26
-23
11
14
16
-44
15
24
-13
4
-73
-42
13
-22
-16
1
18
25
38
-15
-3
9
-49
-38
8
-14
-18
6
-16
1
-7
3
11
23
42
-6
45
-40
-57
-19
24
8
6
7
-9
2
3
19
21
-24
6
8
16
16
12
17
-1
-34
-5
20
2
-27
-1
-45
-29
8
21
-38
23
35
9
-28
-24
33
-59
-9
15
-23
-31
-8
-4
-16
15
-40
1
-61
-18
-26
-20
-20
5
-18
5
-7
13
11
4
-9
-31
-17
9
10
-11
21
36
6
6
-29
12
-17
18
-13
-46
-15
19
10
-3
1
0
-21
29
30
10
2
-46
-17
-16
-15
-16
20
30
-3
-11
-17
-3
32
-62
-4
-15
48
-63
0
21
36
-8
-13
-52
10
-18
1
-19
-16
-15
-12
14
-14
1
6
37
-27
36
-15
29
-7
22
-47
-4
28
-10
3
18
16
14
-15
13
22
3
-4
7
9
17
37
-6
9
3
31
-11
-28
23
37
-10
-20
-10
18
3
53
-73
32
-29
-14
27
-23
19
-1
-36
-9
9
-25
7
-10
-32
-16
26
35
-38
50
33
2
-7
-18
20
32
-40
-9
-22
24
6
3
20
-1
39
69
-15
-20
-5
6
-12
45
3
-5
-23
-21
28
-23
-44
-7
-19
20
22
-1
13
-36
-2
1
-20
8
-30
-5
-2
6
-15
-18
19
16
25
-27
41
29
25
32
-11
16
17
-12
62
-3
-22
-7
-41
-10
48
8
-9
41
-39
23
-19
1
-32
-7
-1
11
3
20
19
6
-8
-4
10
17
11
-13
19
-5
0
-4
-31
22
32
12
-34
-23
-8
-11
-20
-16
6
2
-14
-22
-9
28
30
-33
60
28
29
-4
30
-2
-21
-44
9
22
5
-21
26
26
-1
-21
3
28
-35
13
-16
-4
-11
47
-21
-14
-25
12
23
-48
27
-2
-50
26
-25
-48
-12
-8
4
-1
29
5
-29
-24
49
7
2
26
-2
29
10
-6
26
-43
-3
-24
-14
-17
-25
40
-34
2
-23
26
-9
-13
-22
25
-56
-13
0
4
18
3
-18
-24
-31
-14
13
-11
-38
-26
27
29
5
23
3
-10
-2
-27
-37
-13
-34
10
28
31
-31
14
1
