28 67 361
0 0
0 16
0 19
1 25
1 26
2 4
2 10
2 27
3 12
4 3
4 6
4 19
4 24
4 25
4 27
5 8
5 12
5 22
6 5
6 19
7 21
9 10
10 7
10 27
11 13
11 21
11 24
12 1
12 4
12 22
13 7
14 4
14 9
14 23
15 7
15 20
15 24
15 26
16 7
16 9
16 16
17 22
17 24
18 2
18 4
18 9
18 16
20 6
20 10
21 3
21 13
21 16
21 24
22 0
22 3
22 26
23 1
23 3
23 20
23 22
24 3
24 26
25 8
25 22
26 13
27 11
27 26
54
65
29
10
31
45
56
58
22
21
60
2
66
14
42
28
59
46
6
36
15
48
7
12
38
50
61
41
53
25
13
35
8
18
37
1
64
24
43
23
4
5
34
9
44
0
62
39
26
49
47
63
16
20
19
27
3
52
32
55
17
30
51
40
11
57
33
99
712
-209
213
-278
-1123
-666
205
146
145
495
-15
-476
77
-27
-142
-215
-229
119
17
-349
488
296
-34
-114
36
1092
-271
147
625
-212
-92
-308
251
39
-490
168
-1089
-313
-890
-594
-260
52
-177
-944
214
483
354
324
185
-159
251
-518
606
-658
484
43
-2
11
330
-369
-524
-166
593
98
288
159
85
817
422
65
-31
63
-225
624
210
-68
27
375
-379
-192
77
146
-89
88
-423
3
-950
-81
-35
518
94
589
228
114
-186
309
17
-364
570
-135
169
225
18
-61
395
539
-115
-157
-301
360
-309
46
105
-77
-100
178
-430
-128
265
-625
59
-224
15
-253
-68
393
0
69
-105
149
-104
-485
-286
-738
-144
-63
-43
-135
437
85
470
7
-58
182
-473
34
380
-169
172
40
-111
110
202
40
9
-32
283
-343
-229
238
-396
224
189
23
9
-529
112
-87
67
-109
-579
255
-163
388
494
-376
185
425
486
-713
-345
-876
36
-152
-172
484
262
291
-426
160
-432
627
-11
273
255
-455
128
-389
530
269
750
219
-374
165
-88
-270
360
641
-60
613
64
178
-151
397
-651
-37
105
361
145
240
268
29
-46
132
483
-926
276
-332
578
266
84
5
-38
-329
-64
481
-136
146
62
-16
51
7
-35
-144
449
11
133
-465
-503
158
331
-55
-125
-308
-149
423
41
236
-365
-22
-367
-439
869
20
266
378
-185
-531
214
93
-288
461
93
-215
19
258
292
60
743
-1008
30
148
639
158
403
752
255
362
309
545
210
-300
-341
402
-360
88
-123
47
97
100
-329
-252
-773
-91
35
-61
100
169
170
233
-446
73
-37
489
-69
28
223
250
236
227
-233
-71
273
-54
386
349
161
-266
-259
-339
-56
671
483
240
173
225
-51
200
-516
249
215
-126
357
-1193
615
-182
19
78
-527
-314
6
-105
251
315
151
448
787
-683
199
270
-469
-49
-399
278
431
-111
-199
434
-274
-1
293
-10
-169
388
96
-278
234
7
49
-346
663
244
203
-488
360
589
303
-371
-207
314
-126
892
111
36
413
22
545
-682
364
784
-398
-19
-124
68
-224
-459
547
-506
-44
297
-299
-153
663
-118
450
159
2
118
211
77
264
-56
-226
-550
-463
71
-762
-63
760
-158
592
236
-259
46
260
278
61
193
-134
141
168
431
-255
-82
-221
352
-267
-48
-227
-49
190
-446
264
-334
-87
-438
-377
195
26
169
-365
-210
-419
161
-638
383
-79
-199
-322
-628
-115
-139
-55
419
-251
-110
-434
249
21
197
-184
293
651
-737
52
-46
219
-66
170
312
-282
140
-506
282
325
-714
-386
-828
335
-281
-75
-33
-3
-224
-15
494
368
-78
-116
-361
-614
104
51
33
407
568
953
-222
-153
561
-115
-13
-387
-34
-9
-136
40
283
16
248
-242
431
-848
220
-516
-102
154
400
-193
-12
-212
-185
-186
-431
-92
263
-211
-1041
-366
-146
395
12
-51
-370
304
706
-875
-146
-14
-158
-418
-212
34
-605
-155
279
-77
-64
-440
-566
133
40
182
-405
-7
-79
658
-186
-274
-328
-206
-147
-749
-458
143
-197
-155
170
696
274
-28
-57
-179
595
303
-69
-207
-515
488
-380
-53
129
-89
-372
1105
18
-240
-100
-699
423
-350
-180
-247
116
-132
211
36
629
-409
374
85
-58
-113
-602
-407
168
-11
-174
50
41
-305
-562
-256
-584
-27
216
-338
-312
3
-442
39
18
-245
117
56
-447
781
-472
-108
-61
-279
-336
55
-114
478
-326
-267
-568
-336
-200
-350
45
-222
-450
207
538
82
768
-209
132
-362
199
203
261
213
-310
356
83
688
580
133
-151
176
16
99
642
-219
-236
-232
205
-12
919
-151
-301
76
-89
-400
67
318
-544
-413
-377
207
240
112
-141
67
-214
186
223
-620
-230
-133
-728
402
36
170
615
710
-645
-322
793
136
262
174
-439
31
-562
-307
259
-215
-178
-220
-424
-4
191
4
7
-280
15
-209
604
452
-370
-272
318
107
156
-447
-73
-390
-81
200
175
-179
361
-287
308
110
-131
-125
-434
188
145
-595
-374
-362
-378
-72
-71
-262
-168
-88
-252
-39
-85
309
40
221
114
-114
-339
659
-35
247
-110
193
-212
-324
385
-120
412
298
-237
222
-418
871
-218
-575
210
-312
347
-375
-51
34
517
649
105
107
305
-667
-64
195
-383
101
-88
192
-562
144
384
-459
61
-641
231
514
-539
209
-707
-33
38
-24
274
311
-148
-456
-542
234
162
142
110
-721
67
277
92
68
-6
-24
-87
164
-108
358
-241
-398
-147
-12
-402
233
-48
115
-513
-193
160
-419
-602
-45
355
-391
-750
-177
127
130
-285
253
-685
-1
305
-458
-681
-243
-203
576
666
-37
-96
-228
132
570
71
-625
34
149
-235
32
678
461
189
96
-241
465
-24
-294
-423
345
-47
-361
-448
-456
-460
43
-100
448
-232
419
-42
-756
119
560
-37
180
-150
-61
-243
-187
-37
392
78
482
-490
-362
-151
-55
-131
277
365
-319
393
-120
227
93
425
562
295
720
631
283
-61
-240
239
235
-526
515
-126
-204
-108
13
205
342
-390
-234
716
-284
206
-105
-652
-25
467
-231
112
367
-71
355
-162
275
256
-322
305
98
162
129
-652
-127
54
-141
-257
75
259
829
189
20
350
106
-124
138
326
-346
-258
605
-39
-267
-699
135
449
-76
225
70
165
-548
-172
259
-175
-578
202
232
-219
481
331
125
418
-630
682
161
98
605
-220
36
134
-163
105
321
-403
60
-109
132
400
263
411
-544
-166
710
146
35
247
288
244
397
-460
237
-116
83
-480
0
44
-100
589
-263
251
-252
194
126
70
-307
-99
290
-166
-19
117
-374
-321
240
41
428
-321
-337
-189
369
-35
-458
-235
-360
224
-263
-429
-27
101
-102
-173
77
-87
18
263
-652
296
91
275
294
400
-137
630
380
-305
-601
-122
-67
-465
409
30
805
-375
33
84
-254
-452
-229
-283
205
297
-58
-428
227
359
56
123
-245
-430
-79
-165
-94
-170
-453
-867
107
123
-121
-174
267
-378
244
-846
-105
414
-460
402
-193
993
-148
331
336
-196
33
127
575
171
-144
163
-375
542
553
332
-119
-5
432
163
-1087
74
87
-296
-348
39
406
166
-175
13
-482
-250
248
-302
-277
-102
-270
538
-23
921
135
-154
252
-313
-215
-308
-142
-208
155
476
-54
-77
577
-172
-469
-408
30
198
422
-310
-431
-161
-32
-216
32
642
209
259
-504
29
-298
-1
-661
-547
-291
-192
489
-77
-494
572
-57
464
2
224
-15
199
305
427
8
240
418
170
-434
-432
211
166
249
-474
245
-318
-361
-215
24
405
48
-75
-119
-15
-9
652
-679
423
309
-240
364
480
-157
-323
-350
-75
-480
-508
443
220
-30
-365
-163
-470
22
517
-68
-281
-26
585
497
-112
79
-395
-86
-217
27
-33
8
599
-88
369
-72
406
431
-226
-82
37
-561
315
393
786
-130
-422
-388
-275
-419
-357
172
-294
792
-85
235
474
16
114
-81
140
332
-461
-43
-379
4
232
656
423
317
248
360
28
841
-197
491
-297
370
171
203
303
-195
-410
-116
-301
-146
-337
174
246
483
-116
108
254
-123
167
-285
252
-343
-855
368
165
464
75
155
440
-70
-345
-368
177
384
47
266
114
398
-215
179
-126
209
124
37
764
280
-338
105
-166
17
-421
44
-132
792
-108
-340
147
-64
608
50
163
565
158
372
-431
100
-370
434
233
-193
912
-46
-193
-179
496
-236
-853
559
334
475
28
-69
424
595
-575
183
378
143
-778
-536
-6
-83
39
-463
250
640
-239
-123
-137
-155
-138
-111
-124
57
112
86
283
157
-20
652
817
68
510
-218
-186
-186
247
-122
364
512
-151
596
236
337
35
-56
107
640
-262
-239
-148
-73
-22
-328
-254
-122
439
541
-217
-82
0
-627
-194
182
135
-502
-222
-399
292
-82
-318
-577
5
424
73
-201
123
-214
349
413
562
104
-86
632
-253
107
-217
417
-189
-214
663
214
-341
-291
64
-106
333
-280
470
313
412
319
-678
-276
225
102
-47
62
-368
-577
256
-40
150
358
290
-31
-49
581
-329
195
587
245
331
-117
-104
-369
329
-368
-303
959
234
50
190
232
221
-57
-200
-65
185
-400
203
51
-75
-302
124
90
285
-4
275
354
-82
103
-17
165
-17
-91
118
408
794
-342
799
-412
-119
-145
-368
218
706
-203
59
168
54
61
-41
218
1248
418
10
-146
811
-291
-231
36
54
393
-163
-95
-629
721
-729
345
-131
44
579
-50
-167
1229
-968
81
464
259
-878
-395
-230
-226
302
167
888
135
299
-293
-165
-111
-53
-193
30
-292
549
-554
156
-511
-438
-99
746
-21
-116
623
297
174
-201
522
-565
-423
501
318
543
90
127
83
-6
846
9
589
53
918
77
349
112
29
152
-340
280
-204
-267
-344
846
193
512
27
-318
-190
-284
156
18
481
-212
497
155
-398
-337
260
297
288
50
-396
-141
-102
713
90
135
203
69
115
-77
-550
46
289
-62
-248
-209
64
-223
-331
-209
-273
300
87
219
-252
-607
-108
165
-307
-121
-338
109
-576
-252
-126
98
-50
-186
-59
258
-216
-141
-74
70
-198
487
-286
358
384
224
214
-448
-633
-444
379
-319
-86
-558
31
671
265
-292
125
469
7
471
-129
-180
-558
-196
520
-43
-668
54
101
89
164
903
345
-143
358
86
30
-57
-415
-419
-1
-272
-241
562
35
273
-424
11
-69
297
279
-40
-562
-22
-767
-25
-237
165
-577
413
-445
-295
80
-646
-100
-669
-273
-585
-333
-61
294
-178
190
170
-362
-230
125
-582
439
369
-145
-338
-741
-503
-638
68
258
218
-400
642
-461
-85
345
-89
631
-143
242
-16
-261
433
81
-331
-79
-213
-259
-350
204
701
-220
117
235
-222
448
619
-259
-479
-324
134
-221
-162
101
224
200
159
281
205
-150
-285
784
442
-208
-160
24
27
105
-700
620
-257
131
-74
504
-214
121
-94
-129
347
112
397
-160
389
590
313
8
-438
-540
208
-123
-305
-434
196
311
854
-40
-21
436
63
-271
-300
401
205
-194
-124
165
4
160
28
162
-431
-173
-744
-578
-43
386
-158
152
62
-475
-61
-211
-137
-477
-259
-534
-269
258
-117
227
144
-412
179
725
340
590
-501
473
120
281
-270
-52
-71
-266
-433
437
-108
408
120
22
270
-207
262
-22
38
-346
455
121
-278
504
767
-567
-491
0
-213
-72
71
178
-381
-687
212
104
487
163
-124
206
180
554
-133
-13
5
-108
12
388
310
-265
561
141
525
570
-393
-20
104
248
263
195
-249
122
-286
382
-170
-240
-80
32
490
-828
-71
37
-201
-137
138
-30
540
627
-472
-103
-45
-29
446
-360
-539
126
-825
-387
71
-407
374
534
-626
54
-37
44
79
565
-525
608
105
332
355
44
205
304
-207
-477
504
589
413
-211
94
276
763
43
-213
-17
-357
-214
62
-694
57
186
442
-7
-562
21
28
-348
6
-356
-176
208
-329
208
466
-199
-32
401
178
458
236
-82
77
64
-256
169
-186
539
530
-31
133
-476
-220
233
30
-739
230
-730
393
-232
197
116
5
648
441
116
-29
-122
-41
287
633
-242
-78
389
196
-206
56
80
465
148
-164
-68
-51
-445
108
-124
-67
-356
683
-490
-179
638
647
-91
405
-331
747
-179
-16
175
305
21
631
-148
124
61
-2
106
842
654
46
-237
502
-119
189
781
513
104
-2
42
218
217
51
851
429
-297
-47
85
55
412
266
211
171
-357
-78
-167
-562
-711
552
83
-673
-292
468
-69
-373
645
177
42
41
382
59
-360
-78
-103
-5
-113
294
103
492
-27
358
252
458
206
153
-352
-328
305
76
-325
-801
837
310
499
-270
26
-240
-93
428
-83
290
-196
299
-479
91
225
290
81
-10
101
59
604
366
-243
255
48
-32
-150
-53
25
48
115
209
-190
-274
53
595
79
95
463
179
502
-565
-753
65
75
-155
250
-116
-937
-13
-75
317
-167
-619
295
-323
150
-575
523
-690
737
-246
-186
-91
-245
-191
-122
81
-229
-32
-30
-871
-191
-363
47
-289
499
-238
-85
216
480
299
-70
464
-321
89
-390
87
1
-195
258
259
467
-157
-26
339
-78
-173
116
-308
-108
39
258
115
252
-208
-10
-576
134
-437
-257
45
230
38
-23
-123
565
-356
681
62
193
-514
235
200
-112
298
-70
647
607
134
355
24
75
-456
304
175
89
30
-76
451
511
452
-613
403
-161
183
144
508
69
-103
-126
204
311
-141
-569
-429
-160
338
-769
143
-97
-616
849
68
-504
555
73
377
-190
233
4
-152
-310
-570
-53
91
-136
9
424
133
-255
-71
66
-1242
6
169
-156
-27
-519
224
-734
82
236
-4
262
164
162
-689
-259
66
209
-75
371
116
478
-90
-40
-205
-129
-14
-203
-55
610
-208
-769
-264
51
-19
-318
-381
-287
-124
296
155
713
400
82
47
-206
-67
-60
198
43
771
-59
-92
374
173
151
269
652
-346
359
606
-702
42
-491
232
120
-233
23
252
61
-104
84
-61
198
-253
219
797
-157
103
391
532
129
-413
425
292
-7
186
128
-94
486
-23
745
-400
-687
137
-80
-106
34
94
-188
-410
-6
-336
250
252
272
292
-542
-560
-83
-962
-271
-269
-431
38
-432
276
-160
-460
150
-260
-93
317
2
139
32
176
400
-440
-151
-422
281
277
222
110
-454
487
-248
-52
6
-43
-222
341
-213
288
-25
594
-86
25
-394
-933
42
-375
172
-235
-467
-186
48
-294
-77
-235
-279
75
282
-289
126
34
-85
462
579
13
-73
-221
-218
330
-307
189
537
-138
-179
295
229
151
-21
191
79
-5
-587
129
178
407
65
107
-421
-526
-3
-625
-195
518
662
438
57
-288
351
-16
225
-98
-446
-136
-650
-602
-61
526
-73
-465
335
399
219
307
-544
709
438
149
196
-356
147
164
100
186
26
-271
-120
379
-84
177
354
824
-156
-57
-108
99
241
50
787
-157
-3
-193
110
-62
-126
195
237
236
38
659
23
-171
-228
-673
121
178
-402
-196
256
-244
221
495
77
-4
-386
364
-170
38
-384
-282
-318
-292
369
200
2
-608
223
29
451
78
362
-84
-176
-387
-729
739
-398
107
735
545
16
-269
107
180
-43
117
108
-19
35
-581
-139
-444
26
-271
-48
-467
-338
-148
14
-16
152
134
166
-346
237
-54
-517
256
-243
522
-54
-294
722
305
87
134
55
104
-454
620
199
-375
-306
-386
495
-99
232
235
-67
474
23
255
-613
-583
505
-46
-661
-377
210
41
-465
-260
76
-250
5
-191
-74
-207
-320
389
537
-237
-122
342
-314
-174
-82
-2
568
-249
92
-342
73
-200
218
644
-743
-117
207
373
523
-154
274
396
-21
165
21
17
104
-632
-466
502
-55
-100
-106
279
-936
-327
436
155
14
-293
-209
-88
391
90
-546
331
-119
-253
98
54
-121
-264
-162
92
-296
-18
485
-382
25
729
400
125
-446
117
443
-709
-204
-312
-199
-89
333
628
-358
-424
-14
338
-5
-191
-525
161
-595
134
190
103
257
-58
-87
19
219
-138
155
261
-92
-575
-1044
138
-505
-336
-155
138
233
-265
427
-189
-272
28
184
432
-216
500
-49
410
9
8
414
-157
-95
309
17
249
-207
77
27
501
319
254
-36
22
-229
441
-279
-354
57
271
-772
-16
158
534
-139
240
-954
-510
76
281
-423
-47
-139
-315
453
8
-76
163
254
-291
-411
-238
-700
-523
-63
61
325
-832
-178
578
-275
417
158
-599
-178
-323
516
500
360
-268
-166
173
-476
-54
-355
-82
-79
-181
-472
295
367
-282
171
-381
-106
116
-678
-208
506
-828
303
445
576
263
113
-144
139
-769
169
103
-562
54
424
24
-494
-990
74
194
-51
93
-13
-9
-132
-292
-106
-611
-347
-321
443
-395
191
638
-110
9
354
-135
-690
107
-38
-274
83
753
237
5
16
46
134
-120
19
-129
249
76
-222
-161
-453
-430
231
586
-75
274
92
-24
-718
-254
-282
-372
444
-353
-610
991
-180
115
-366
-368
451
-486
489
-228
202
-460
175
-12
-200
262
-115
-83
266
-160
-6
-25
230
-73
-38
118
-122
439
90
-572
-71
32
-17
-259
-567
-87
-438
366
-349
-325
223
202
438
-157
324
-303
-17
211
-87
-383
-299
330
58
335
409
270
587
141
218
64
614
-425
-813
464
-87
-343
291
-16
353
256
-1053
468
12
733
-531
655
-140
576
305
693
258
-596
-181
140
110
318
-199
-209
57
-704
-206
-201
-200
-71
-366
1064
-11
-272
295
-138
-55
467
41
-19
-700
-37
188
-35
-243
200
306
-346
-278
135
-137
60
151
201
298
-110
-60
-310
-556
270
3
-365
-680
-476
-294
-348
-425
-341
184
-257
-547
152
108
-380
-731
-145
50
55
184
-315
328
128
452
199
-400
-161
19
470
109
-337
-330
32
99
-57
-408
40
446
-71
-584
443
33
-7
-256
-22
-855
-357
183
259
292
-7
-105
45
-542
277
904
389
-109
782
72
318
-84
315
34
-82
371
-211
-11
283
-246
-131
-839
-443
-547
83
-393
-191
242
-65
-106
334
-202
-237
18
1089
7
-157
-24
663
549
74
-15
-111
-616
-73
-341
412
74
-45
84
-107
-392
326
-665
49
-18
-257
-293
-41
-310
323
-485
-401
125
356
123
45
176
-80
216
-407
369
226
-25
169
32
-108
42
187
475
537
-222
147
-265
-1
408
447
120
294
340
26
444
-228
-372
-119
-450
506
307
249
58
210
135
-426
-404
-114
-276
-162
63
-553
184
-46
-296
-37
-11
-678
-81
-102
-511
254
59
-858
318
147
8
526
-616
-156
-626
-249
-73
14
376
-71
-564
271
-462
207
169
-131
-282
220
-711
28
-154
109
-126
-526
-295
600
69
-574
-210
822
-411
-170
594
-59
-36
-736
-157
-558
-284
-77
408
-22
-416
240
234
-220
88
417
209
59
-537
106
456
107
300
-535
-1
34
32
-154
-616
-704
216
-438
-59
112
-2
-210
284
268
-113
236
-17
859
-127
-155
87
-162
405
-254
331
340
-267
1
73
178
-156
462
143
140
420
-258
82
-82
131
384
-138
-110
5
215
123
-658
448
781
404
16
999
156
-287
100
422
196
-324
607
574
9
324
-609
99
477
-374
-469
497
178
254
-384
-569
-239
154
553
-392
-59
369
-466
-243
-786
317
-198
609
125
-203
515
192
-469
-260
370
-60
241
-233
95
-338
455
167
-213
-821
249
503
152
398
519
786
-834
-202
-602
48
464
315
-589
337
-488
622
277
-170
739
-270
-447
96
-67
-210
313
-381
-350
-385
704
156
-413
46
468
58
-621
132
72
-285
-633
13
196
143
-476
402
-206
331
-385
-175
-104
328
-277
-396
498
282
-136
-492
-10
457
-639
-218
-481
180
32
281
-501
611
91
254
571
-243
-458
589
-233
-124
-62
-98
271
85
113
-338
180
126
375
413
-517
-290
-62
-418
-152
-605
-392
1018
45
-431
311
-154
354
575
-72
75
-521
286
489
-563
18
-292
103
176
68
-396
-725
343
338
306
32
-51
135
-302
589
242
263
157
-574
-113
709
192
-279
-44
-107
452
17
-35
99
134
161
-1017
731
286
425
-9
756
-50
-486
-332
164
-281
-153
264
198
244
1083
-254
-276
665
295
-407
-208
317
143
-206
308
126
234
209
-364
2
373
-60
-241
-534
-305
-163
-331
-402
84
98
442
251
220
-722
-63
-84
-118
9
184
321
413
179
-175
138
517
-212
-28
-209
-313
455
438
313
-556
144
177
-547
-442
-8
152
72
-275
-165
-334
-99
-152
-66
369
-273
768
-1086
138
333
-256
360
22
125
387
97
45
561
150
-526
-99
-189
220
606
184
21
427
51
-322
185
101
-352
-427
428
50
34
902
-98
-612
-76
321
-144
65
-481
326
-94
-60
551
-65
-67
-15
-69
72
-142
341
-620
354
-255
6
-243
-540
-327
-82
-360
193
260
160
359
542
-43
142
130
-211
-92
359
-647
64
-421
-195
98
-710
232
-568
-13
-164
10
464
-145
129
-358
-440
-172
-209
-239
357
-74
501
216
202
-590
-551
367
-244
-371
-817
-269
-440
-659
-93
234
-491
415
367
703
289
16
199
-688
163
171
-362
-129
-280
-245
219
-43
-330
-222
546
372
32
-130
-262
-403
-192
-18
-378
-359
-125
-135
579
-333
-398
200
-58
-333
731
104
404
-671
675
-200
-500
334
-235
43
-26
-179
171
-311
191
443
-406
384
298
-62
828
878
280
-385
263
-109
211
144
295
555
347
-87
135
-25
-179
156
-49
-319
-340
-144
462
-121
-214
126
128
-146
177
180
259
124
453
44
-21
-360
303
-131
-67
-481
-319
-91
44
-658
162
701
6
284
367
-65
-183
-427
-424
375
-280
667
-49
-98
-493
138
-92
405
341
12
-271
467
-204
-513
-346
260
-1
253
387
424
280
-268
-437
169
-68
294
-238
-141
-416
-159
-295
595
-833
805
-406
368
-52
-360
-142
203
444
-152
469
-233
424
-182
298
24
511
-319
192
540
-209
-195
421
473
139
58
-25
27
525
223
105
-123
-159
258
-199
-309
-262
195
-66
15
-373
123
250
-16
81
122
-206
255
139
-321
-215
-368
-562
-290
-144
-305
-235
-389
244
275
-61
-19
-88
212
96
431
386
-154
-465
-241
-355
-567
72
18
-314
-391
552
428
379
484
453
47
246
-340
-187
-132
261
-571
172
-30
50
-7
16
178
-298
269
-288
-325
393
488
-260
274
188
-581
249
126
-392
30
640
-675
-1
187
-160
-532
-445
-643
168
-218
-283
93
-16
-309
-415
-152
-387
190
-240
-414
884
-617
-328
-611
227
-505
-186
790
-273
128
-555
-595
144
-271
-502
786
112
195
-418
-97
-317
-652
509
3
-52
228
-20
-593
-197
-131
-75
-35
-47
499
-325
-290
81
-396
101
653
-265
448
178
23
149
-129
-600
-55
461
-294
-76
193
846
337
343
5
396
-123
-575
76
216
-316
-141
-412
62
441
329
618
-394
89
-302
-329
-104
-439
382
-529
3
-180
-228
159
-242
-163
327
80
331
-189
444
517
-481
174
212
-183
-162
78
1
-88
-109
341
-168
-48
-375
-391
252
343
91
502
508
-152
-94
541
-212
-177
-178
-236
362
186
733
-192
100
243
-826
236
-145
-41
-320
317
377
514
34
149
41
-359
-309
-206
387
-572
-72
427
753
-22
-381
676
98
209
-86
-26
-451
-149
-27
-182
-404
595
235
-41
-740
-253
307
-413
277
-235
-146
-303
-175
377
361
-238
697
298
-232
71
-158
-309
-260
929
77
156
-193
3
-124
-170
-775
-34
280
-76
-33
-336
150
-139
-24
-430
553
257
31
228
-491
-110
603
-281
211
177
106
-180
-245
-188
539
-99
113
-299
-380
418
-71
-219
-86
474
-541
-268
-112
418
-206
241
565
-174
301
-204
105
-503
66
-187
-158
-139
83
70
38
-211
100
-340
407
178
-287
344
-337
-66
-109
-203
-59
-456
-87
-257
91
-31
-635
497
156
62
-139
372
120
-441
318
-821
365
-185
-493
139
26
-139
182
580
477
-297
-700
-354
196
291
-218
-121
-42
182
325
-123
-8
-22
-320
-99
216
-272
-481
-52
-143
-1050
-213
-848
8
487
399
-432
-880
-370
104
-32
-551
601
-838
-371
274
-323
-254
273
-322
-767
354
-718
8
-617
309
-194
-244
-27
638
506
-474
-186
273
-431
-413
850
-457
-324
32
419
28
-171
-255
448
-82
-632
179
-375
-615
-50
49
-153
-102
378
-153
269
-9
-274
-125
785
457
118
-47
-374
-124
-487
128
310
33
638
189
220
-133
-274
-79
-72
33
36
-245
-1073
-2
-310
4
204
-439
11
-88
201
89
-198
-415
323
-608
-141
-23
209
253
9
384
211
249
-782
116
62
489
-584
-359
309
664
13
450
228
-317
-28
-6
170
449
960
-241
-138
551
65
-80
-352
84
238
-73
-321
-726
376
-778
-161
-443
435
-616
262
375
-189
-30
-270
-186
-210
571
-37
77
31
-181
42
-178
-450
-519
-51
-385
-138
184
-600
290
-161
800
-180
241
132
-184
-315
139
619
390
391
39
457
300
-144
-9
-729
82
-464
-204
-204
-85
-861
431
419
-46
-363
13
-54
103
78
-282
-76
611
-231
173
-333
3
-65
-807
82
77
93
427
40
163
-339
146
-313
-324
863
-155
-214
-336
368
-118
42
370
24
-211
216
-168
-557
-326
192
-351
-655
-42
-445
147
117
554
-853
-384
334
-278
-86
360
-65
171
-246
-429
-113
-8
-165
-98
760
153
508
2
-492
-9
88
-477
-301
806
-539
-976
-33
-28
-363
-651
-358
-208
-395
340
305
457
-346
555
193
-506
124
-246
31
-251
137
496
-151
117
-57
111
-430
340
128
634
307
-275
-244
-244
265
124
106
141
126
41
222
666
-426
-93
476
-96
-202
-89
-85
532
128
33
-136
183
-207
-222
595
-127
641
-398
566
-360
198
-124
-365
427
355
119
309
-446
11
314
-622
364
20
412
-33
325
-239
-232
-356
400
248
322
226
498
-280
-257
182
-563
-545
525
26
-90
602
-208
288
-330
387
450
-545
180
-216
-465
-192
254
282
-588
250
-224
-598
1
-578
-64
347
616
-127
249
235
-302
100
-72
744
74
-44
-147
-210
595
415
-85
-212
431
-517
-544
-381
132
330
341
-88
392
728
338
-128
4
-198
-362
-286
520
-105
-219
469
-229
-49
-430
222
-140
248
-317
514
772
-185
-247
-40
256
-649
12
594
-518
-187
-243
-60
277
-136
168
828
501
-249
-353
120
-24
-101
-275
-242
-101
85
134
415
-263
-170
-390
-272
-646
364
-352
-573
-247
-309
471
-9
320
522
933
-14
165
-24
-2
617
984
307
-69
-87
335
315
153
-326
49
-178
-737
-211
107
-306
-132
-743
268
586
278
461
-19
-356
-594
-380
170
135
-314
-77
-355
335
-46
166
360
-717
663
-77
123
-66
486
-276
-29
-798
-282
299
-619
250
84
-656
-72
158
-84
-384
335
383
579
169
-110
-170
447
321
-43
-314
-162
-35
-501
101
-420
249
73
114
-300
276
-368
1047
-423
65
-265
-187
-251
270
-453
241
569
-574
477
175
276
-10
506
421
336
-263
-531
483
-255
-495
53
268
-97
-434
-441
1
260
-284
-153
282
496
102
29
-360
253
165
-607
-172
-223
-196
-71
444
104
288
447
-164
-357
54
-344
-627
242
-784
422
144
-191
454
-245
-291
-324
-199
-432
-352
-86
172
-244
-88
503
754
-333
23
261
-259
-286
-538
204
-842
-208
-757
35
-374
-319
-244
-479
-246
-440
200
-553
487
61
14
98
-365
-887
169
-628
-784
-428
-417
329
123
-161
323
-379
-166
-684
-505
419
-426
131
396
-134
-445
526
-91
86
-225
-465
-193
417
231
34
131
-21
-72
-50
166
-117
-109
-860
55
622
-275
96
293
-473
110
400
-36
-63
-162
443
-415
-345
-125
179
-336
-134
-291
452
683
105
-418
75
513
688
1155
-166
388
103
50
505
40
-211
193
-169
155
-426
-188
192
547
-70
17
-493
610
130
-282
155
-542
-413
-422
255
226
-185
164
143
387
-463
201
0
-306
165
-321
-95
106
-208
78
-175
91
-358
-13
70
-365
-509
-628
-38
474
141
337
5
-48
803
349
-205
-621
-93
-598
221
351
-67
-357
-88
-274
-24
-520
114
51
556
747
-627
768
503
-12
125
-48
-290
-141
61
-561
430
604
284
-119
510
-19
314
-11
98
105
-183
-196
288
-161
-244
-354
93
-463
-200
210
-293
227
134
-170
-315
-389
-376
-412
-37
457
272
-56
50
-106
108
-475
208
-304
325
242
-311
-93
152
-360
61
-197
-114
-336
-78
124
422
103
1003
-420
-16
647
185
-52
43
289
-613
191
281
-162
-372
294
-368
93
321
420
-382
84
-633
2
30
440
-283
425
381
172
90
244
187
-112
389
-78
597
246
-369
405
31
-1
189
126
748
253
160
-375
316
233
-50
633
356
-612
-364
219
8
-391
674
97
44
443
-148
-97
27
132
-136
96
-392
125
-245
206
-305
-135
274
96
-138
324
-335
144
74
-20
207
571
-133
5
-497
0
82
-455
-18
-177
-55
403
624
-231
-442
-488
-56
-126
75
-170
517
-144
173
517
19
467
61
236
-318
-178
-702
-62
571
242
-304
-192
129
-417
438
103
128
413
-472
-586
-270
-189
177
318
-32
-555
39
292
-285
307
209
1
610
-59
347
-812
-428
261
294
-167
-429
-47
-368
515
-139
-191
-31
-495
-523
-311
14
152
140
345
377
155
445
-227
-572
-303
138
371
-271
62
-342
-139
148
111
246
539
508
-478
77
151
475
153
-792
-103
-318
261
-270
-380
83
-378
460
55
198
-203
317
375
103
174
868
-237
315
-889
27
-457
369
449
189
-210
-340
192
442
-310
482
-135
-20
585
656
385
-35
-32
-143
611
194
207
48
-421
29
-697
460
20
406
-588
438
263
-370
131
-379
828
-658
-4
-372
-234
344
-473
-290
197
-447
683
-30
-553
-613
164
448
-78
-271
-527
-50
-303
371
570
-112
303
117
-21
23
-482
-4
-99
-283
40
-998
-230
138
326
-279
-483
26
594
14
633
-473
38
-471
36
-118
250
312
-27
-174
-112
371
296
122
-249
-798
-240
432
-172
-726
-280
-39
-481
27
377
549
616
595
528
-73
506
142
144
-99
348
-44
-451
-253
-403
-117
-404
71
161
-147
-718
294
-190
-232
81
469
-48
-176
-252
-80
269
237
225
-380
57
-355
-46
-277
-172
71
415
-64
104
63
73
-13
491
775
-91
441
-35
276
362
-228
19
-252
468
-427
-182
-1010
-384
-309
-74
-131
374
-731
-927
325
72
845
-40
-706
-710
376
102
-305
-401
-192
-21
319
-898
342
-416
37
180
86
-297
527
-442
-279
-641
23
-424
-135
-42
495
353
-54
59
314
-570
345
602
158
-81
128
-384
130
451
-17
-66
141
190
233
-336
106
144
116
-82
-78
-266
7
710
-175
112
144
49
141
134
-458
50
215
-195
-430
-172
-91
-265
-194
-294
58
214
-274
631
167
-241
196
720
-121
462
180
195
9
-239
536
-355
-147
-94
161
-405
173
143
-40
408
-306
42
-721
313
-423
348
56
-95
725
-101
-534
-119
-315
542
-15
300
-50
190
-283
-155
-74
380
-409
-302
-390
-346
-472
-479
487
-601
-42
-761
48
360
-81
-463
353
255
-63
183
-217
-183
452
327
174
181
-349
315
-245
204
-346
577
125
355
81
13
-152
27
402
-40
-173
-452
-42
-653
157
762
-120
255
-550
377
-190
450
819
-839
275
-321
274
-1076
166
519
-215
4
-97
-272
-213
-425
-143
94
483
-243
-631
-311
263
-290
-347
36
-332
-513
612
-165
671
290
-15
-166
6
-348
-53
-131
-81
-642
90
128
-491
-108
-369
3
-258
-316
-304
-366
19
-438
-538
-610
372
-104
-293
-266
181
-194
-53
-153
15
-51
-402
-204
40
-200
-343
1076
-52
102
-634
281
43
-460
427
107
-162
-615
-770
488
-334
-317
458
-723
-221
22
-723
-452
423
-374
227
-567
53
2
-89
445
-351
593
39
-916
-348
398
164
197
131
49
226
470
290
65
-374
172
132
588
-169
733
84
696
509
64
-535
353
373
402
-574
498
433
110
542
-413
-74
-353
226
584
26
531
-248
-88
-354
-104
168
-227
-88
252
-286
-172
-224
-253
-370
-337
-550
-140
525
-609
123
-33
385
547
39
267
-541
95
1032
-339
-121
-254
268
214
-701
28
493
92
-166
111
37
37
35
-1
-380
286
-346
-253
144
-700
-170
589
640
-393
432
-291
722
245
-713
282
-71
405
-43
64
-116
576
-35
-7
414
604
-1
-355
-35
-253
-161
324
-527
375
659
224
1089
88
-524
-370
-293
50
-61
537
47
-1021
-249
-73
407
-246
688
-425
473
-95
247
486
-207
-108
557
203
-79
-392
13
-267
139
201
-254
424
158
107
35
250
-233
-233
-182
-91
-193
-768
45
501
-234
332
1059
-200
26
668
457
484
-205
-364
-135
542
-456
180
19
205
-743
-453
22
-135
597
23
-46
44
1002
-102
269
562
4
-982
-536
470
-492
-32
362
-187
145
671
-344
-99
588
-199
330
589
540
-511
-319
318
207
-174
199
262
181
-329
-541
542
294
-378
-252
826
-323
-844
-101
-815
-742
-204
-765
368
-477
172
273
-120
801
-96
-254
112
-848
106
171
-554
-247
324
-303
-409
-365
-284
-488
-374
-389
-405
-37
448
458
50
570
277
123
-40
-54
-683
293
115
80
304
390
-55
-363
-365
-304
-162
26
161
78
-197
-424
-373
282
451
343
-307
-167
212
229
575
-254
-518
-747
543
-329
150
-86
348
-588
314
-194
-378
-197
283
375
-179
596
-112
-472
-430
172
-172
-362
-404
283
-246
-873
227
66
349
-20
49
585
202
-312
697
-341
142
-26
3
267
28
211
-603
2
-227
-107
1103
-166
206
-418
135
1
-584
-638
-204
792
144
133
-419
84
272
316
-584
-847
284
-326
-255
-584
285
135
142
-280
-723
133
-31
-35
226
-76
-145
350
181
-720
-147
-528
436
-690
-302
687
28
-480
848
-404
-53
-292
-549
-32
-494
-56
-26
-173
259
216
60
-360
-274
480
-491
34
-217
187
-571
128
-395
368
-813
-347
166
-32
-810
319
330
568
699
51
379
-542
-40
195
-466
-301
-350
112
183
-122
-40
510
111
7
-138
-169
-51
-338
-142
167
461
497
-229
1038
306
-6
-285
26
-429
-546
-37
497
514
264
-97
297
135
-46
-461
70
-300
989
247
498
712
-328
-185
385
291
-49
-402
54
212
-124
-412
123
-315
86
228
-475
455
196
438
405
261
6
236
-96
391
149
615
245
497
-62
-318
396
-270
-99
-216
54
-240
-504
-473
701
416
355
-849
138
561
411
505
529
-133
209
-324
-195
-192
471
536
288
378
4
321
316
-92
-213
445
52
-249
-63
444
435
342
117
112
-522
-128
-315
-59
-71
702
687
-622
-566
-133
282
163
-118
-573
-1180
-31
22
75
-304
-625
255
-405
-186
291
465
487
-333
198
503
-716
336
-349
-683
-376
-106
-55
435
-699
-661
444
-605
-360
-36
-316
393
-470
-658
318
-116
-128
106
233
365
-11
507
-142
200
-49
138
-784
758
-239
-546
430
570
174
-101
793
-167
-186
403
-557
-788
-46
97
-60
-41
85
-462
570
-211
-253
186
585
-119
582
617
62
-333
19
-341
-87
-420
644
539
-91
577
-134
384
456
329
104
-583
381
343
-105
-395
-61
791
928
-264
-619
275
-529
-438
257
20
251
-209
-75
-270
-66
-660
-214
551
-510
-154
36
-53
-30
-154
-236
-276
-78
63
-347
129
-53
854
165
-95
528
357
428
422
-549
133
-1
551
-312
-652
150
42
308
-21
115
87
180
-515
631
170
20
-177
-144
237
-434
201
343
-34
484
552
-662
-343
353
161
-117
-575
81
75
-137
138
566
185
-814
-19
6
194
-68
173
15
49
357
494
423
197
308
-644
46
-212
202
-241
371
257
-589
-123
-356
-72
-219
-30
297
75
190
140
-61
-433
-329
69
-483
53
412
-6
158
165
-4
-464
57
-11
168
121
-263
-450
-190
51
-263
-420
-308
-1361
138
-89
-23
56
-450
-452
-218
342
265
-142
156
-348
543
1
53
-332
588
-128
53
17
-351
-653
209
31
342
608
-377
-25
-284
-398
-147
-77
650
69
188
-184
-579
-143
-50
361
339
91
-337
-53
637
-312
510
-31
480
713
29
568
-102
-100
-99
-309
-28
159
-392
-274
-138
-362
-240
-22
-340
-772
-112
218
-259
-101
-150
-559
327
523
415
-222
-24
-62
372
-319
-351
274
-313
306
-198
40
854
-22
24
-227
-190
51
-167
448
225
623
-543
461
-243
31
137
526
-98
226
-573
389
-213
309
-96
373
-22
18
458
142
399
-111
703
-363
250
-636
-12
113
390
253
585
-105
-447
47
34
-485
415
379
9
48
753
420
4
231
463
-353
-356
-69
245
79
413
250
-791
177
114
-368
-15
104
372
237
13
-186
-31
605
126
-299
-19
-177
12
-297
805
260
-25
205
-470
9
-177
-483
398
-66
214
-861
53
-491
2
73
205
-432
-248
-453
-482
546
-261
285
78
360
-163
439
508
255
54
225
-382
-475
791
-277
141
-148
-70
61
49
748
-595
401
213
488
449
-36
316
246
245
374
492
-215
-404
-350
-36
445
106
-15
415
468
-69
-14
227
337
-1218
-303
596
-62
-162
383
82
139
289
-143
33
-211
-210
190
-149
172
-139
-112
222
108
-394
-60
-64
-434
-654
-454
423
242
438
28
-131
606
-351
66
-228
449
211
-295
-550
-179
-394
59
-40
509
89
778
307
255
336
-141
311
473
-243
-331
194
-383
339
-80
-714
-61
613
-352
626
-689
-119
-254
279
335
-300
-637
-378
306
339
-67
-414
73
227
89
541
-357
-38
-349
-117
-129
-401
132
140
763
110
-222
-241
10
152
111
-78
-320
13
-222
-480
-275
94
-242
-625
40
-236
-389
-258
0
96
-747
-532
-98
-208
-206
-52
-286
-209
987
219
39
-25
-414
11
189
-709
-168
218
-566
-229
-335
-612
487
-150
70
-285
125
-233
489
-59
-538
496
193
-99
487
-111
-354
20
237
19
-85
36
-46
-29
506
-279
-372
355
-320
-60
238
617
56
-282
658
-311
89
321
-143
-61
-241
-153
-270
92
695
-230
131
-610
-115
96
-809
-5
15
132
68
297
217
597
-53
-128
54
-86
-495
-15
-168
766
94
187
-150
531
159
-154
-83
-18
251
128
390
132
13
-181
-428
173
-326
309
256
218
55
609
152
103
129
-278
-411
501
-215
-84
-391
-413
-456
-184
-124
-452
-55
465
28
-137
-2
-14
-63
12
-362
-122
-165
-153
-767
-434
481
-330
105
-354
18
244
-68
29
-661
-19
13
425
-340
457
410
293
-132
-73
669
187
365
-786
125
-62
618
-80
687
157
90
348
191
129
-143
-23
503
299
216
5
333
-382
486
58
-71
5
153
-106
391
399
505
138
542
-306
-379
-2
116
-111
96
-42
-81
270
-72
836
161
-86
199
-252
-6
-87
-739
-54
615
192
-279
-128
-779
-551
-605
433
-394
96
645
551
-479
159
-434
-99
463
65
157
250
402
48
-370
-638
-595
-24
234
-692
-109
-587
-99
-157
454
-290
59
64
276
-212
-327
171
194
-214
454
141
150
-325
-18
97
-232
41
-24
-519
-11
-74
437
883
-113
214
331
-197
-40
-371
531
94
-794
52
62
137
89
-204
110
145
304
76
-426
105
-401
110
-188
815
-356
433
181
-44
-70
157
113
168
303
-63
202
-755
-237
-175
175
13
52
250
897
-13
-361
233
534
712
-773
298
-124
-438
-166
-363
290
457
-4
-79
402
-99
-532
343
-184
-915
-370
98
127
505
114
-386
-90
172
-482
-95
433
-363
-517
-277
41
-337
76
395
352
-225
-597
-182
99
69
-200
-808
-596
931
-91
337
-504
-1
8
227
31
-7
56
-430
396
-499
334
251
752
-127
-258
-14
664
-255
134
-92
-736
-172
373
96
0
-343
-415
-450
20
-113
245
70
-340
-450
-251
-228
-665
116
397
84
888
-607
284
118
-226
191
-369
221
-148
103
304
123
-225
-208
240
308
-516
-216
-687
332
-285
-781
-92
329
-373
-632
-308
510
119
-209
135
-146
-154
-249
-396
67
-26
273
-310
418
183
-150
-876
32
-6
159
174
-367
66
-368
295
163
-174
-126
312
157
-95
113
270
214
-360
-335
-28
-261
-271
-34
-404
595
36
-363
458
400
-247
-117
223
-349
-47
71
-499
746
61
26
216
-339
556
-115
283
389
62
136
652
7
202
-437
488
263
-245
-873
85
214
-411
-304
-489
142
630
-196
-63
-345
58
-795
199
4
125
-145
62
472
123
154
412
-434
-44
437
43
-106
-224
119
-350
545
662
-492
-182
69
271
68
223
46
-171
354
5
-10
166
-253
230
-26
877
-549
-173
-364
143
-207
119
-8
-56
601
704
-366
546
107
183
707
10
-269
-290
220
-180
-312
749
-199
-601
-524
-92
-116
248
145
430
113
192
-652
60
54
-194
864
-155
24
-386
-17
-715
-887
-452
201
-203
-269
317
994
-165
204
46
523
-319
-466
-127
273
225
66
191
260
-264
-390
-194
-342
-417
120
-32
257
-91
150
-202
-511
321
-192
-611
-109
-105
-305
413
-230
-281
-365
-138
-393
-215
947
-392
285
-435
-735
-531
-120
734
137
-73
-61
-575
113
-55
158
29
-291
-195
-658
-190
-236
-248
43
629
323
-469
-384
-835
80
2
-511
156
-502
-181
127
160
379
-223
255
-56
80
-401
-32
930
236
-134
-59
-238
-349
-930
-304
47
-574
-176
341
201
-156
759
647
-246
-412
663
633
-464
-525
291
161
71
236
-528
-69
93
-274
-145
153
-327
-347
362
210
368
-134
-274
50
-141
314
381
699
-212
5
365
48
17
168
-506
-262
595
-428
-422
-399
90
-168
48
397
-55
7
116
454
-550
85
-309
415
-513
42
319
253
152
-389
-230
227
169
259
50
-88
-72
167
2
-151
643
139
629
-77
-104
1178
-24
-56
-501
-17
-220
-106
-179
-418
-139
13
174
116
-259
638
-381
-279
334
145
77
325
-497
-792
-19
269
-397
-151
-264
7
469
579
73
292
272
-163
100
955
274
287
159
-89
452
-143
205
307
-67
-309
75
-427
-250
-33
608
-521
-130
-165
594
-215
-434
-379
-692
-4
708
485
163
327
-139
74
-199
219
184
-309
718
66
-455
-681
-929
-100
-349
-813
-155
-637
1
767
99
-37
-406
297
-196
37
-171
239
-333
-313
-211
-198
107
22
9
-553
-327
-105
-195
-449
-31
50
328
-378
-357
-159
436
-470
-648
-217
-283
-363
439
56
166
119
27
180
-49
-255
-166
220
131
406
261
66
-299
86
534
-423
-602
240
102
335
-387
113
234
263
509
-817
187
-424
-18
-237
238
-367
-615
-343
248
224
564
-87
-528
-244
560
-749
-267
2
21
217
805
-661
-360
-786
-267
157
-315
135
6
-10
-543
331
216
-12
-56
-532
-163
221
-707
-606
436
272
260
-401
91
-228
-510
-135
65
214
59
-99
-32
-109
17
-212
-285
-187
-137
330
-103
-56
421
-407
-588
107
328
24
-277
174
718
-508
-787
315
300
36
322
392
-64
47
37
-163
352
-139
490
-360
379
365
273
544
203
810
77
375
97
324
356
144
-452
265
643
240
-94
-67
-852
-96
116
218
-500
-146
-75
17
303
-12
221
459
-584
612
317
-421
-368
477
-6
411
-409
-187
86
-347
-247
50
-510
488
142
-95
-273
108
-174
253
134
-125
-185
159
367
621
1128
43
-601
358
175
111
384
-235
-228
40
-321
-18
-330
88
-132
361
30
-374
-99
944
66
-218
45
154
441
-143
-608
522
550
368
27
411
363
46
-520
39
-270
179
1140
19
-341
42
-97
-12
467
41
642
-181
-454
-151
83
324
147
-519
144
-149
-30
-193
-338
-276
-99
-268
116
-619
37
-46
-248
-22
1167
197
162
-410
96
-299
-91
390
283
-110
35
-169
-65
76
-844
39
140
-170
-21
-92
-311
-405
-631
-367
-77
200
15
-257
146
-111
485
-374
44
-270
177
-169
-371
-285
-88
-10
303
-630
-474
-576
149
26
234
-20
223
84
15
-521
-156
-515
-400
-937
194
-472
-118
-82
738
-58
59
466
-599
125
490
-224
52
54
234
-722
-91
-114
-177
-111
-134
-181
76
269
-35
258
187
596
419
-556
0
488
458
66
408
304
471
663
-119
-358
25
92
-696
521
818
22
-485
311
443
100
12
-362
67
-133
-630
251
103
-315
132
588
-571
603
154
-181
83
-377
365
-514
-120
170
-114
20
-83
184
361
208
7
403
661
-102
144
435
48
65
-261
178
-26
-240
51
-362
-88
-350
276
-619
171
29
221
-643
302
-186
37
322
97
520
1120
-7
-62
-214
29
-99
-60
169
482
361
0
-198
-181
96
581
-557
-269
646
-203
-163
590
455
-110
-181
-466
-556
-38
-289
-429
113
94
690
-360
-783
387
-554
694
196
-127
-742
529
-454
-344
539
202
44
211
-478
600
-243
-385
358
-276
-578
-106
111
-381
353
-203
-151
513
835
-81
135
-66
181
250
430
-3
0
257
284
408
-69
-497
-238
352
-226
139
-392
-10
393
55
183
532
-40
157
-354
-163
132
393
51
-316
88
-556
-1345
40
-194
39
-278
65
-522
-150
-338
481
201
-606
420
-47
300
-734
-380
-477
-247
-153
357
-21
646
-1032
-629
-460
168
-16
-422
-132
-169
-420
-575
476
275
50
244
737
598
-160
219
-302
219
189
187
370
264
-254
-581
621
549
-666
-681
-592
128
615
-269
170
-495
-281
-375
-47
157
-508
485
658
-354
-29
109
-182
931
254
-340
-146
-56
-148
488
-255
67
-241
330
-511
-40
-300
426
-412
-86
186
-210
-187
-396
155
381
878
-144
-460
-821
544
-225
710
66
381
273
447
-301
-218
52
-253
237
-134
274
-333
364
96
-179
496
501
-51
-206
766
512
371
-394
373
-352
-134
-624
-137
371
-222
237
-502
77
90
-550
-108
-140
364
-489
79
-104
-33
321
10
529
-134
509
-390
-62
304
42
275
205
-195
99
928
304
-63
506
103
-413
439
-68
526
-826
399
-487
30
-62
263
332
-219
-455
-210
-162
207
520
272
516
-33
90
-776
120
1103
297
-56
126
-119
-145
-149
335
473
-296
278
-147
-974
279
199
-91
-427
456
13
140
262
-217
-283
-199
-232
445
-169
921
430
-128
-198
-1088
427
224
-79
-221
-122
257
-73
-64
-224
379
529
366
-304
913
-741
-171
-83
252
351
173
199
-394
30
-383
-271
-320
34
397
546
-312
87
-242
-672
-190
542
124
191
-37
259
193
-388
0
-205
-400
-214
-122
345
-356
227
246
162
163
-123
-176
-473
-466
-376
-660
-273
542
314
-234
330
134
-18
148
326
113
-7
-702
-88
477
314
-153
-375
122
9
119
261
152
51
-319
-9
381
313
-421
-583
-1304
552
-238
132
138
-806
-488
-1041
218
-261
157
554
-591
-1066
349
331
-479
-138
392
-411
265
245
116
-299
559
187
-345
-230
429
511
744
242
-64
-97
-494
90
640
-340
28
198
575
-26
155
-45
-514
-268
408
-484
-238
8
-387
203
213
-314
213
-160
-7
-339
-36
77
-474
-26
-515
-120
146
-431
-293
50
229
-133
-294
237
-731
146
207
203
562
337
187
540
-310
-277
-550
179
92
470
-498
-288
287
77
465
480
630
-271
41
-95
735
56
-210
229
-172
55
-325
-365
193
-211
-100
-47
-587
41
-221
75
13
364
-561
-177
-30
439
398
719
509
-50
689
-199
429
464
105
-85
-23
-174
50
519
-334
-684
-231
-193
487
71
109
298
14
646
-187
-406
234
238
-210
566
243
-437
168
-170
-242
-646
-330
-379
-50
597
55
-235
-143
-384
-143
-201
194
-510
-307
593
-487
-461
-551
162
-287
-98
-139
-1320
50
138
-297
-61
253
-672
-539
224
-203
358
98
-453
267
444
-212
236
-391
-239
-99
-466
-325
402
-160
-267
369
416
286
-364
35
-143
-118
-210
230
-645
-71
101
782
-396
-350
-65
596
622
-415
349
45
360
350
-228
-24
102
-193
415
99
-561
-324
511
663
-262
120
74
-14
-766
-114
429
-814
-8
-478
-91
-125
-529
-572
-209
457
616
69
-337
-431
534
191
-82
70
-12
-86
-287
108
-453
-11
295
-139
-161
468
478
-158
52
138
-173
269
211
-433
330
-265
-865
-300
1025
-275
888
62
-72
523
565
-259
-9
-69
-483
-466
137
-125
185
-146
-100
609
447
294
359
165
320
-120
75
316
-226
47
-152
-13
231
93
-235
-292
-299
-439
-177
241
-124
631
-178
-208
1021
227
-329
442
-488
282
-305
118
-301
233
-485
-35
617
-286
-183
438
9
792
-540
-263
-372
-571
272
-231
69
0
-334
232
-67
-478
-375
-215
102
210
-178
11
309
710
-174
-309
78
101
516
191
104
290
-420
-408
-355
207
105
70
31
-296
103
-95
836
280
-375
-180
-285
-404
99
591
213
-72
-924
225
-70
234
24
19
-526
499
897
-359
174
-477
-288
-87
347
-62
-50
-402
477
548
344
206
-475
-69
-255
-25
24
478
-320
83
-46
-322
-30
444
-222
186
-328
243
-411
334
-225
523
396
-208
116
266
-80
-164
-391
-22
-857
-517
-622
-674
-341
-512
-67
-430
-385
-501
58
-46
184
417
49
-96
-353
326
54
281
-216
-170
116
191
-749
775
-61
773
-493
-250
-136
-326
189
-468
-79
383
164
-244
355
225
-489
51
-178
639
140
-269
178
269
-181
34
-67
-73
-278
15
527
644
140
176
135
172
183
598
-24
361
312
242
-513
-830
-278
724
-40
-672
538
-349
-218
-284
-503
152
26
102
-285
33
-770
96
-138
418
203
-392
624
-849
210
553
-542
-313
-261
-158
922
-214
344
-60
555
559
179
927
52
-215
-81
189
-154
-491
197
83
229
294
-586
-116
-280
86
298
-317
687
484
-515
-46
206
157
34
571
387
521
-278
215
203
-188
-475
-187
-400
-685
239
887
129
403
263
-275
166
-285
41
-25
-362
-315
151
-124
237
-45
-44
187
-282
311
-210
192
26
787
-43
-438
-249
200
-95
-822
292
109
-53
-278
566
-49
-259
-69
102
-377
-264
77
-567
64
430
709
-209
181
-390
-497
-839
-313
-353
-330
-146
-358
-533
-248
-791
257
-500
-217
-153
-69
-386
46
-562
-326
329
-203
-246
-149
138
30
52
7
92
-54
-31
-368
-121
-179
-87
-421
339
-191
-363
-241
272
94
643
306
-119
455
-283
-161
535
-48
330
175
-56
-80
75
-565
96
-290
-504
123
234
-584
196
624
-581
-117
-277
-144
-176
565
-38
-240
314
-283
-434
-644
751
-350
281
-279
863
117
509
595
341
-305
-99
-314
382
212
-291
-316
505
-378
-271
190
117
-181
-600
-16
281
-81
144
-280
-137
-105
311
4
-752
-370
691
23
-486
624
304
-384
381
242
-40
288
304
68
-348
-182
185
-73
9
-118
74
-135
-89
300
-72
-261
216
-110
-299
-82
338
361
-178
380
-452
-523
78
-1003
-437
-468
404
581
-64
-50
15
160
17
-366
30
375
757
-42
-26
-507
-453
-485
31
-128
-685
-183
-455
-626
-836
474
299
592
-296
206
-644
51
310
-24
405
11
-814
-314
17
-4
193
-160
-248
-717
297
-240
-1
-443
167
305
-162
226
117
-557
-377
102
-332
99
185
-159
-349
319
-295
-241
303
-418
-243
-305
343
703
419
22
-184
-164
5
-15
321
-131
570
-42
-45
189
-435
487
-583
-14
488
77
19
-57
-3
-51
56
491
232
-344
8
-41
72
14
535
-107
-448
-270
184
263
-448
306
-344
192
-70
-98
141
-145
544
488
-75
-24
-187
-377
590
307
620
31
-13
124
-50
168
403
37
170
647
305
-100
-68
72
168
-39
-504
-269
-865
78
-217
277
-192
-533
0
216
259
69
457
204
-165
-221
130
592
-88
-1088
172
-173
-221
-294
-321
336
-455
-83
851
-793
142
-90
451
165
208
-356
303
71
161
-188
-72
756
109
162
376
101
-601
471
1
450
-345
-53
-357
-400
-682
423
-132
-135
407
-435
-79
-110
-458
71
-737
10
284
341
6
-693
-402
321
226
773
-590
284
224
-305
183
-382
35
570
261
-249
544
-21
-62
811
424
-398
206
-125
-345
-223
180
105
-107
232
497
-674
-124
-436
-217
-649
152
56
321
-188
-109
-178
97
14
-111
-124
-103
-303
492
-643
757
443
212
15
88
-725
123
-199
545
-209
674
15
-21
78
139
-579
50
-229
228
249
-396
-219
-114
39
-32
803
-61
-587
727
177
-760
-635
200
-406
-496
189
422
-72
51
-432
949
50
236
172
270
-322
237
-89
114
193
713
281
311
243
-22
32
403
-274
108
363
-175
-230
-231
242
135
365
141
-74
-216
-163
-110
-569
255
-564
-14
63
246
-14
682
-651
-72
120
-363
513
107
-368
37
-139
-541
301
-202
-51
-137
-22
428
-4
68
194
-42
-11
159
93
235
89
124
205
458
-109
-75
192
176
-428
81
-639
-694
-218
-551
-492
-454
-126
280
-161
108
90
395
374
-341
268
-308
-331
61
333
223
131
261
86
-453
171
-322
487
78
243
-20
469
-185
9
351
279
-423
-417
38
252
128
-381
182
-320
162
-112
326
-358
-386
415
-57
49
56
250
-378
-33
-230
-63
538
214
137
-112
605
-632
-102
-311
-371
-205
502
35
-626
-244
334
-510
-330
-20
-219
-52
-184
-131
-243
125
330
-95
-561
127
-93
-18
-135
137
78
-604
177
-431
-196
69
841
207
-414
404
-24
-378
4
84
93
-201
-718
-233
426
-141
377
-431
-603
-144
53
310
328
-246
21
-486
-209
150
455
574
-301
195
328
708
-486
-81
-358
303
213
375
-83
-241
-152
-266
-455
130
-134
-322
283
253
574
-235
-208
-702
-470
272
443
717
85
-60
379
82
166
815
-361
304
-83
215
-462
429
386
248
116
337
153
566
-383
278
-145
152
-719
87
154
658
324
-675
216
74
-92
-788
467
-13
-530
18
-39
-303
-493
-75
354
-136
188
-262
-55
610
474
-193
-530
166
72
-373
259
-149
-202
-375
441
-446
-259
-242
-12
184
853
327
10
89
-540
-70
-393
-279
10
-88
224
-351
278
967
-106
-281
541
-207
-102
-375
512
124
-519
251
314
-217
174
275
608
-375
-421
223
208
433
218
368
-289
302
-435
25
283
21
301
92
-535
108
-274
642
281
-852
-99
482
-799
286
365
468
-701
474
-211
8
-379
586
381
-130
273
-201
266
-364
58
-623
-315
-34
-251
-774
