24 84 169
0 3
0 11
1 1
1 2
1 5
1 8
1 13
2 5
2 7
2 11
3 5
3 11
3 13
3 16
3 18
4 7
4 12
4 13
4 22
6 0
6 13
6 23
7 0
7 4
7 7
7 8
7 14
8 16
8 18
9 1
9 7
9 10
9 11
9 14
9 21
10 22
11 0
11 2
11 3
11 20
12 3
12 6
12 15
12 16
12 19
12 20
12 21
12 23
13 4
13 6
13 19
14 4
14 19
14 23
15 8
15 10
15 16
15 19
16 2
16 3
16 7
16 10
16 19
16 22
17 4
17 7
17 12
17 16
18 4
19 12
19 14
19 21
20 3
20 14
20 16
20 23
21 21
22 0
22 19
23 0
23 2
23 7
23 14
23 22
37
77
35
11
79
75
42
43
10
49
70
20
56
58
13
12
63
4
27
23
41
69
61
74
57
67
64
83
73
44
33
36
28
46
8
1
48
76
54
5
39
40
30
50
81
66
45
72
15
55
25
7
29
16
62
19
60
78
59
32
47
0
52
2
80
38
26
18
14
34
53
24
17
31
65
71
3
22
82
9
21
6
51
68
39
68
20
-78
-58
240
-92
-188
-129
268
49
252
307
106
-16
274
-110
138
83
186
-74
182
170
-297
29
117
-76
-130
196
-6
-69
25
-73
-126
233
258
-297
28
-9
-207
180
20
-103
-83
189
-33
-49
234
101
87
-34
165
395
6
-375
-20
109
-82
8
155
208
-18
37
-129
76
200
79
79
74
-246
9
145
115
-42
44
87
19
-136
-42
-5
-30
-48
188
-158
267
-121
-438
80
259
24
221
84
-270
-23
3
-115
-108
286
-230
-118
-74
275
-232
261
-22
119
2
-73
95
-7
212
-61
-86
-185
-153
55
-71
208
-9
271
3
-37
-31
-30
82
-166
18
348
-122
-237
40
-51
-27
-233
96
-69
-29
-36
169
-66
111
322
-159
-256
-359
144
-18
-13
23
91
47
35
-60
174
-199
-27
67
48
-27
278
99
165
-45
19
-55
-126
-3
34
210
-34
84
-297
-124
449
215
179
9
-174
-43
190
13
-165
-204
-121
274
-1
28
-286
68
-7
286
87
-75
-99
-289
44
-54
-255
-366
235
93
34
97
-136
-37
49
-107
134
0
-300
-387
158
-440
-101
12
144
43
-324
-326
-305
162
74
338
-103
-71
-18
-89
-11
-123
79
59
89
-100
-133
123
-24
284
-329
8
38
185
-28
201
-93
-116
104
-25
-386
-81
-190
139
-137
46
-108
-31
358
308
245
-72
102
78
21
56
-219
33
-83
-160
275
-32
31
-166
17
94
166
57
204
47
21
-32
102
228
339
159
-134
195
241
-178
-15
321
-59
159
-210
-292
38
-201
84
63
55
12
16
137
34
133
96
76
-274
131
207
84
130
20
304
118
8
167
-312
-47
-115
-95
-46
44
65
73
-82
-30
-234
-15
132
-35
60
-115
48
-293
-233
-220
122
-127
-108
89
29
-122
75
-125
76
25
91
205
108
-70
-214
4
254
53
-66
-73
185
19
100
257
-450
-172
86
161
192
335
69
56
53
-189
230
-129
202
-27
92
251
-88
-37
-57
-269
286
11
84
-198
16
101
-196
212
-39
-91
190
-113
97
40
36
-16
206
119
152
94
-49
138
353
-271
-9
71
271
158
94
294
208
89
283
-160
5
191
-291
49
13
-95
148
170
-255
-53
-131
315
-18
-51
72
-5
207
105
31
-93
271
115
-298
-121
173
94
-65
-20
8
-121
-262
-58
-157
-136
-200
-89
-202
-280
131
-56
50
223
18
142
-136
-151
60
27
-146
-46
-21
-140
-156
69
-188
181
199
193
118
192
23
175
7
-15
-131
27
55
-138
201
-160
-50
441
-43
93
234
-2
207
-37
-4
-5
-130
226
122
-54
-87
194
94
-158
-57
-76
83
-313
168
46
71
64
23
-16
22
-95
324
-267
78
-339
272
67
161
239
57
-295
-143
-64
-53
236
165
-127
90
51
81
-215
-260
-46
133
92
-219
-66
-69
-125
-359
-27
-65
70
-21
304
115
-245
-300
-348
69
72
25
115
-11
-109
-78
60
-70
156
213
-242
-46
-99
-172
-148
59
83
108
80
-126
-123
-231
38
-45
-321
-262
-252
41
238
-206
263
355
-83
-23
-76
-249
-144
-170
-174
52
21
-114
-41
315
-53
167
199
-76
317
73
-136
28
244
-200
-242
294
-99
-13
250
77
-211
173
-382
-368
-264
-84
168
-278
-78
-366
158
28
80
310
107
-45
279
144
-21
-137
-96
164
511
165
70
-82
-25
-2
101
-179
-57
-75
-1
242
-3
-67
-126
-130
167
-65
-252
-19
102
93
-118
148
-103
-101
-16
-234
-43
-296
125
-28
-197
88
141
-140
-256
-106
144
-190
-169
-44
77
-189
57
-103
-125
70
53
197
-222
69
-247
17
12
104
0
-39
-428
376
34
106
-128
-81
-258
177
75
270
-42
181
79
-105
16
-245
117
108
224
-46
-42
-144
146
-160
230
40
-59
183
144
98
-16
-70
-59
208
-3
7
-100
136
-33
96
-99
7
-101
130
7
18
-7
-170
-47
-56
30
-327
-35
171
10
-161
-77
-71
-59
-60
20
-161
33
-145
122
19
-64
-203
2
199
163
-126
-209
-325
-59
-23
50
-130
-3
190
238
89
-211
185
202
-142
-81
4
149
122
-100
-141
-196
406
-273
92
-195
42
53
-55
271
-436
22
-87
16
62
138
40
-265
21
-79
-151
16
158
-17
269
339
29
-36
-112
21
-72
-23
209
-75
72
-140
311
151
132
335
-176
-90
-39
-4
75
-54
68
28
-29
-395
-108
56
-88
-25
-198
-146
201
-143
14
-124
-15
260
-47
-37
-17
433
-99
232
183
125
-149
-89
-142
157
-17
-62
-11
-128
-212
-84
29
-188
-59
-49
359
-46
0
-122
130
100
72
290
163
171
45
244
154
0
88
-63
261
-87
-308
-139
-80
-5
115
-99
-3
156
-44
-85
62
-221
77
164
112
-236
-39
-67
-242
-190
-38
27
322
-72
236
-227
79
-201
283
-171
83
88
-226
231
-110
103
-75
-53
105
42
280
-296
-6
90
-228
76
-229
63
-100
-134
-5
-119
-126
16
336
144
216
-445
276
340
163
224
-192
-57
-142
177
143
19
12
70
48
307
-148
66
85
-126
-223
60
-17
47
-198
-95
23
92
182
183
247
130
352
-186
-225
-161
-46
-110
-250
-18
-12
21
-10
-71
-217
-51
104
-60
-146
-78
85
23
142
174
-41
-13
-18
-95
97
4
-244
-150
78
79
196
-156
-37
183
49
252
159
-131
-123
-391
63
-106
157
156
82
290
220
156
-195
221
188
262
-46
103
124
185
-193
-282
-57
94
41
197
29
122
-105
130
265
-16
-389
63
-320
138
-157
-224
-86
310
168
42
-29
240
12
-249
39
33
44
-120
-83
-31
-251
107
58
-48
-79
9
-242
-180
-208
66
-148
-108
34
-236
33
-141
6
208
103
166
-127
49
265
-34
-149
12
55
-28
-352
-379
63
-24
12
-19
71
13
-161
-247
-227
-41
-153
-5
-162
-203
-176
-193
216
-6
-20
251
197
-117
324
83
153
203
-43
-75
-50
-19
150
103
-87
-35
104
-343
-47
-96
-31
50
135
198
-236
235
-174
-144
71
-45
35
-19
-379
107
56
179
145
47
-4
191
-182
-184
-106
86
-9
-89
301
-29
131
15
61
-101
364
433
226
-139
86
151
60
192
112
-156
250
152
-72
138
-31
-497
127
20
22
199
219
98
-231
-187
43
121
-17
-353
198
-152
74
48
26
-41
174
76
-314
-255
-233
-379
137
-71
84
56
403
-200
-40
221
99
-306
-288
61
-57
129
104
-119
-27
-221
81
-16
313
-21
-165
-290
163
-146
-116
-84
-75
-36
-61
-224
-201
86
144
-166
24
-2
-115
135
-176
70
-129
-361
57
243
-97
323
25
-63
-76
50
209
160
146
-230
49
-99
49
297
-46
96
-539
-136
201
-208
-47
219
-129
280
29
-90
12
-190
75
219
311
192
62
28
39
-117
14
-137
-80
-2
53
213
81
132
156
151
-65
46
77
50
16
-135
-248
-225
294
-122
-50
-98
193
115
359
16
91
-192
-291
113
-126
190
146
96
146
-310
23
143
106
-157
238
-111
312
-243
-163
25
-310
-270
-189
-198
-176
-49
184
-29
-189
79
180
-87
68
-251
-23
140
18
-46
84
-232
-198
16
-238
142
-108
48
-37
-95
358
-199
159
-158
-2
14
-141
-10
310
181
129
132
-76
54
-75
100
293
135
-63
-159
11
-411
88
111
-67
342
-306
-198
124
225
87
187
-98
-85
189
-8
248
-78
-110
172
102
-265
-328
-3
-79
65
163
-370
72
-76
-270
-35
75
-120
-89
70
-239
20
-70
53
-156
-100
172
-141
183
34
-115
-55
59
162
227
37
102
68
-104
310
206
208
-106
282
0
100
-75
238
149
21
96
-48
-25
-1
250
-343
22
338
86
17
-142
299
-94
31
220
-139
138
134
53
-205
76
-264
9
-66
-124
61
233
-68
233
281
205
-237
-192
249
274
-180
-293
126
138
174
28
12
-154
240
-47
35
82
125
250
-39
-220
14
-106
80
124
-65
28
-118
-58
-296
-548
-93
-36
-88
151
5
189
-30
208
62
-53
-106
-186
-131
288
-127
103
-103
43
39
19
84
-348
144
-13
128
-121
-168
-155
190
-236
103
32
-83
-40
-171
87
423
44
192
-156
-153
-256
176
-220
68
61
-36
306
-89
-28
-152
1
50
-39
-19
57
131
-41
140
119
-69
32
91
53
-214
-140
29
-38
-270
-45
-214
196
332
-309
-224
-159
194
-29
-52
245
176
-4
-282
164
-94
309
33
111
327
69
129
-264
3
-84
-272
233
-106
-74
60
0
274
-127
-228
-235
67
-182
207
-156
-38
-270
62
68
101
178
77
-250
93
419
-175
105
303
-78
-61
71
26
271
40
-98
315
-139
-70
-77
-363
-119
-13
31
56
-1
124
2
223
-278
139
-168
-246
66
-185
-128
152
53
119
344
-191
172
-1
216
284
49
-46
-89
55
-117
223
-142
194
102
20
-177
-108
143
109
212
220
-23
-306
0
215
-92
90
94
379
-98
172
357
-149
151
-121
138
194
36
84
511
246
-317
-87
110
-88
-68
-87
46
43
213
-11
15
-44
-238
140
373
76
-472
-78
-121
30
-222
19
-129
-260
-195
-262
235
8
147
-234
-233
25
-218
-54
-515
293
-319
-315
-383
-98
-92
70
10
-169
-10
8
-41
23
58
-167
142
-51
-70
-68
-101
-112
-202
269
-182
-367
-26
-155
60
162
-89
178
-49
28
44
-53
-251
-29
343
-33
81
-99
-1
-25
-286
-125
-131
365
134
157
-170
131
-133
256
52
118
-165
105
46
294
-242
16
87
99
242
103
-370
21
-271
-227
-120
228
-48
185
4
407
-171
-26
-325
143
-202
-81
419
-11
-231
306
5
-160
71
-95
-273
0
-111
32
210
4
-61
-149
-125
-75
-25
-241
187
118
-223
151
306
418
200
-55
-186
95
-205
123
89
535
67
244
114
112
-64
32
96
-28
-32
136
18
-30
89
71
-40
-5
85
-45
-213
-93
232
-128
-78
19
73
453
-213
-79
185
104
-62
217
2
-283
8
-248
-79
-367
201
382
159
-320
-44
264
359
96
59
-191
29
82
51
-154
-406
93
330
42
-525
-133
180
-25
-5
257
-225
-113
-167
22
100
7
-21
47
-81
-273
-186
19
-8
-68
126
141
31
116
-212
133
307
-91
-338
0
0
51
68
1
-118
244
-436
152
-55
-125
-182
-134
-13
214
106
-2
31
-52
-37
9
388
-90
373
-136
-43
-236
33
-336
-180
-94
-207
143
-183
198
160
67
-192
328
-143
80
123
-234
-217
19
-87
117
110
174
120
-12
109
-34
273
293
-257
65
-77
48
35
-89
31
-53
100
-33
9
-53
-19
-184
397
-112
1
-167
80
-195
134
-20
89
-116
275
-163
260
-123
100
-366
-199
-35
-88
-260
109
-153
-52
68
195
-96
-165
44
48
405
-146
105
38
-122
63
246
-252
-196
-128
-74
-265
175
74
141
-165
-126
-64
-102
90
-211
257
-20
105
111
-169
68
103
196
-22
-64
-123
60
-120
228
-232
145
153
178
216
52
-333
5
-322
-174
179
48
342
146
-120
-50
409
-227
-52
-360
85
31
-49
-4
-124
121
64
-115
-106
40
-128
-72
48
53
-84
-8
8
-289
150
86
96
274
-71
248
-1
-160
-103
-115
-3
-246
-197
13
299
91
166
-9
-421
-192
70
-235
-120
167
87
-61
-50
54
79
173
138
0
-192
-95
-5
-80
-162
136
-13
-276
-61
-249
-46
-214
-80
-5
-263
62
-75
207
-5
-26
-369
-9
-124
187
38
-105
142
-301
249
-357
273
117
-109
3
-111
24
-257
-135
173
-245
242
-17
-345
-309
-315
89
-401
-48
-128
-390
-3
233
-396
-197
-129
101
-94
150
181
-72
-37
-6
47
-7
164
-30
-170
145
151
222
74
-49
-116
-287
263
-22
134
-76
171
-262
40
-76
200
136
-166
-153
-178
313
-183
106
126
50
-201
-152
-188
-31
292
-226
238
-4
-155
-74
228
122
216
302
-398
134
-286
27
-110
15
284
138
-301
80
-40
339
138
88
-182
167
117
45
-165
-110
24
42
269
-137
-105
-220
-256
-23
117
-24
75
-16
-74
42
-139
103
-269
-199
-101
-74
112
-173
-448
-280
65
-135
-348
-53
25
27
-135
151
192
18
-240
214
-49
136
6
-183
256
240
78
-75
236
-26
61
61
-139
107
28
-110
171
-220
25
28
141
186
9
-183
244
-225
76
-240
-82
-135
-15
137
32
245
-100
-22
134
105
-63
-108
-95
-54
21
-117
148
-67
-6
215
186
64
122
123
-71
190
-166
104
-134
169
21
81
-82
55
129
79
-147
-209
-206
212
-211
83
299
-276
-158
-234
67
98
253
-6
30
174
63
170
-39
214
-90
271
-45
200
69
-184
-227
122
100
-88
101
230
344
-40
-52
31
-2
243
137
180
16
-98
-29
94
-434
196
-195
209
-379
-43
-119
205
-29
-29
-62
173
-18
-36
33
12
128
19
-210
-89
-239
-196
113
138
385
155
240
-89
-191
91
198
41
214
-63
220
138
11
29
-148
7
126
-107
98
244
121
22
-93
11
-150
-125
-54
-51
-135
-62
-108
-15
103
142
116
33
-416
54
355
-50
-82
130
-210
150
93
268
263
-53
102
-274
176
32
-77
-234
-236
104
-33
54
-25
147
18
-359
196
-59
-306
-175
169
-6
57
120
49
-81
-82
5
266
-153
-61
-136
96
51
-258
-364
103
300
-106
58
-251
-77
17
108
-223
-26
142
-131
-37
39
-45
-19
83
-188
-73
12
172
-21
72
-18
-268
0
236
175
-308
-65
-258
-54
46
-180
129
-194
-51
-176
205
96
-274
97
32
-221
131
162
354
-212
87
-124
154
-145
33
-7
-242
110
-104
-81
-21
237
-53
53
31
337
-129
192
-141
-46
-67
357
24
295
-37
130
-103
-29
221
134
-55
28
168
225
14
121
-287
82
-200
-307
-193
-183
-125
97
136
33
-36
279
52
135
-90
174
351
-213
236
292
-106
69
21
-230
58
103
-347
131
74
258
-285
-220
-151
-149
285
65
-7
-210
-147
136
-42
-208
-174
-144
119
14
-122
-106
270
-451
138
41
10
8
-197
8
-52
184
125
40
17
30
-185
-473
-98
-30
-553
290
-11
6
39
-221
39
131
319
-53
96
-67
-66
-155
-132
103
-197
0
70
-66
63
155
69
21
77
-9
40
239
-90
11
-381
-155
89
281
24
161
-216
-54
44
3
-134
-31
22
-116
-95
-72
1
82
80
-38
15
30
104
92
53
70
67
-187
-514
-43
12
93
88
-119
-1
-188
85
-203
-92
-141
-199
261
-204
20
3
-104
7
405
22
64
-33
264
-180
71
-134
45
169
34
-228
75
130
-126
-110
153
122
-23
-21
186
-151
119
182
6
-178
-250
-80
-124
-93
335
-250
186
252
-70
-430
-268
33
137
102
244
-15
63
-100
-252
168
46
-70
-114
-284
354
81
-233
-131
-210
-92
-86
182
9
9
-205
-72
128
34
-60
-113
-269
187
-133
-23
-18
-54
79
-245
-69
27
-84
-41
-90
16
-65
-99
30
-146
114
-96
-73
31
34
-114
-16
62
75
-166
-37
-369
-151
-181
10
75
-61
-70
49
141
-14
37
269
-55
-199
45
78
294
191
133
29
-160
-25
-50
84
72
-78
-127
-2
-106
-39
-36
382
104
-284
94
116
-275
-472
131
-453
271
120
-27
-74
93
33
61
78
-52
141
121
234
-83
92
-11
-266
136
114
-151
17
-22
-259
-17
158
154
10
25
332
-104
287
-336
-111
-22
10
237
99
-138
-44
234
248
169
95
266
-6
-318
-87
47
-142
86
-33
19
-127
-311
-286
91
133
-146
69
-210
16
214
69
342
128
155
-86
7
-208
-76
-105
72
90
-167
216
118
73
-153
-54
104
114
-55
50
145
-278
-165
82
-235
13
-39
-11
104
-90
-400
237
266
120
-157
-89
-278
45
-57
-98
-229
253
-108
123
-129
130
-128
-17
-96
43
412
6
100
227
-23
218
-45
-357
92
156
71
-168
315
212
-41
286
-125
-242
-186
100
-100
104
34
367
-112
-123
-21
9
-420
-141
67
268
-96
136
-10
-162
-185
144
-204
12
-78
-80
17
9
-287
19
-84
-118
-83
-102
-54
44
-58
-30
49
102
-36
-217
206
-104
66
1
-198
-227
131
172
74
429
-208
99
-43
73
174
-292
154
-182
105
-112
59
204
213
201
110
-27
4
123
439
-201
-242
-328
7
202
228
-143
-75
14
205
-262
-20
-111
293
104
13
282
-350
390
165
200
-100
-297
-31
-198
-46
96
-318
-215
3
-339
210
94
-101
-74
-3
155
227
-82
34
-146
-165
479
61
168
235
112
-373
209
-77
-21
86
26
-158
-26
5
194
268
175
243
-363
264
-127
171
26
97
-111
-103
42
90
83
-76
67
-45
-239
7
-417
200
-178
-260
-112
-143
-310
-8
-112
191
-108
100
-170
-10
-98
-46
-102
-249
250
-65
37
-159
-309
61
-234
352
4
359
163
-21
-162
175
-45
86
95
71
40
-115
-18
235
-121
227
-180
146
18
-19
-221
22
-243
48
222
105
-153
100
80
3
-221
-14
328
-50
170
-283
-153
106
-61
96
-23
90
235
47
262
-111
443
-5
366
-172
388
-17
63
-34
138
-218
-85
-226
-188
288
87
-84
216
-176
-256
-13
-125
126
-192
73
99
57
274
18
214
-40
-70
-198
-164
179
-116
-113
-120
-56
130
120
261
-116
-241
-38
9
-76
253
-135
60
217
207
-215
18
337
-68
-184
103
-27
183
109
316
-221
191
-81
-120
-83
-46
129
-143
-166
-170
99
-135
68
-41
-231
-30
-39
260
63
-294
269
313
-86
33
16
168
355
205
-108
16
-103
213
80
311
-265
78
153
-162
55
-38
140
18
-96
-67
118
174
81
80
285
46
108
50
137
22
57
-122
91
5
178
160
-104
-23
133
66
-168
-79
-101
-19
132
-70
59
-13
-262
239
2
-181
142
44
128
-184
-120
-24
144
-220
235
-138
125
-170
-122
5
-55
-149
-59
8
-13
106
-96
122
-98
91
-56
-214
61
130
-137
31
-35
-106
-329
4
-63
-42
247
22
-124
-20
98
223
-254
-60
20
299
-57
120
89
-48
352
172
-117
70
216
74
-169
-33
129
-255
106
363
-226
-198
247
-75
364
93
-81
76
98
-369
-209
84
-33
367
15
-93
93
-90
122
137
-98
108
62
11
-2
210
75
120
-5
-119
25
346
-95
-22
-118
116
41
97
-132
156
-68
-237
-146
-127
-72
-134
-267
195
330
320
-93
-159
-127
109
-197
-34
-28
157
-177
-102
240
5
25
80
-243
-221
199
-178
233
-180
-321
-94
-45
15
-64
-106
103
18
-116
184
-127
-243
4
37
258
-217
271
64
2
117
-90
176
220
-226
-175
147
29
-223
-210
-7
8
-217
-244
4
47
-141
24
-250
71
-98
-100
185
254
148
29
-145
-70
137
90
134
161
360
-84
193
67
102
-20
116
91
-39
99
98
127
-13
71
120
-71
57
75
-128
-101
-62
-83
-132
45
-81
-17
-183
-237
215
-459
87
188
147
435
-195
198
106
136
-259
43
-58
-33
10
-187
-306
-50
113
64
-6
-127
133
-5
-149
2
179
-135
-88
412
3
8
220
-232
-210
8
115
-89
71
117
179
-211
96
211
80
144
14
-161
-15
187
-26
2
-89
408
218
-13
-86
-51
-94
-134
235
186
6
76
17
-1
66
-88
-81
-231
324
-166
66
-5
131
-4
-2
-232
-34
-65
108
-122
31
-13
-75
-105
100
215
6
6
76
-135
-130
-24
-211
-186
-118
-252
-168
-148
94
-230
-165
-197
63
218
-26
49
-161
331
-34
-290
66
-102
137
264
47
-149
-37
-532
124
122
-169
-168
23
137
-101
216
-206
39
-278
-24
169
-15
-250
-196
439
93
63
-263
136
-165
-126
161
-115
65
-195
-123
92
-28
-96
-300
-27
15
-6
234
256
46
-179
48
-109
64
152
-140
-66
84
-62
135
92
-27
53
-107
167
239
128
-106
83
174
199
-67
-103
141
-132
-281
-44
-225
-6
205
9
21
-186
185
97
47
14
-379
23
-126
-259
27
-152
-299
96
21
273
-117
-238
-117
83
-276
-185
-52
101
45
-129
80
-154
6
200
89
-264
-38
198
29
234
-19
335
22
-168
-59
-36
135
71
102
204
-201
145
7
-25
-199
81
93
17
-75
-69
84
386
169
-265
-238
-107
155
-143
-375
150
91
-195
-208
15
70
86
70
-64
-324
-138
356
-156
91
-63
28
-275
-184
-57
277
-51
-82
-91
-160
33
209
-57
121
-104
224
120
-109
-111
-86
-151
190
45
58
-84
-63
27
-188
156
-392
151
177
243
167
-39
-249
194
-109
84
-221
302
-28
25
-112
107
162
-70
-87
22
-93
-240
270
126
151
160
-144
133
79
215
-123
19
-14
198
18
-15
-295
9
-157
-60
162
-477
83
-287
-41
-331
91
-117
115
-128
104
-108
-253
-107
-280
72
96
-235
-148
-288
114
156
-18
-529
-292
-332
115
177
343
-68
32
-77
153
18
-345
412
80
-226
-155
125
130
125
-45
-307
-84
0
140
136
60
-77
55
-189
-323
-246
-2
112
-30
134
-23
-89
-99
-42
-117
-49
-122
-48
130
213
14
179
119
-21
-315
-39
32
152
207
114
190
44
-192
54
171
92
-1
-78
41
-217
253
98
107
36
-28
-66
30
287
108
-32
102
105
287
111
-158
-7
-183
-12
-178
-30
276
-110
188
-128
-26
-78
32
164
-44
147
-55
-141
-75
449
-363
-120
377
183
114
-145
151
-132
-69
194
-174
225
-120
-4
-163
88
242
-134
-212
-215
-6
136
-369
3
18
47
129
133
15
-7
-5
16
153
249
-266
117
83
-18
280
-188
-157
108
-192
291
-165
145
-7
-166
-37
344
-198
-88
253
270
-209
-27
42
-245
-86
237
21
397
70
-392
46
99
55
579
211
-165
107
-99
-235
233
-229
-116
131
-290
55
-23
-51
3
-15
38
-125
140
-319
-274
91
138
-186
120
-221
-89
-251
126
-66
-52
225
149
-164
-109
30
-34
104
125
-123
-27
-46
-5
-233
5
-123
-12
433
-107
-186
-39
-230
152
-144
203
71
186
-59
-67
48
133
-56
-47
-270
343
119
127
435
287
-33
85
-141
-88
-54
29
160
-87
164
280
61
147
-44
145
-23
158
-163
157
52
-39
370
232
-35
66
-315
-109
-146
-171
10
-7
-86
-37
73
284
-158
448
-193
120
-255
37
92
9
109
-201
-97
-80
-66
265
-100
242
110
108
-12
-269
104
46
-301
-92
68
35
-298
335
144
-78
-73
-257
-299
-107
11
-123
-59
-259
-35
138
127
-119
-61
4
-246
220
80
25
5
-27
393
296
271
69
-1
424
89
88
105
-33
82
19
-63
165
-233
-24
-107
-242
-11
142
-215
72
-43
-18
-166
100
80
139
251
-224
3
229
-87
-10
58
76
-222
-184
-48
-63
53
226
270
304
162
97
82
-45
-154
-48
63
-497
-113
-39
-26
187
166
-105
155
101
-97
193
-147
89
77
131
-97
32
89
146
-126
45
-116
-171
-67
-19
537
-114
-96
205
261
132
189
-116
-98
9
148
-228
-266
-191
-158
-393
-110
-61
-89
323
-59
106
42
312
-38
151
80
-252
-27
-83
-156
81
35
27
-65
126
-186
-234
-327
-40
-60
-154
-250
142
26
219
-47
-358
-93
-128
-219
67
115
-149
121
26
-172
97
293
-295
-97
-202
-55
133
233
-387
-133
50
-146
52
-175
294
248
-94
240
283
120
116
155
-344
-196
-162
-173
301
64
-123
8
56
17
-81
147
73
20
99
47
136
-72
-215
14
-142
82
-64
185
-19
-217
121
9
71
63
28
202
-151
-180
-118
-96
136
-181
-134
277
-100
16
0
62
-78
-30
169
102
-88
1
-45
14
266
141
223
129
117
186
30
121
2
420
-70
-18
67
39
238
61
281
-188
15
20
235
366
3
-188
147
-19
-59
106
-43
-38
-186
13
-228
-11
-173
-116
367
-139
-160
-70
80
276
-33
15
-133
21
-63
280
276
86
-270
-224
68
72
-169
-146
116
296
-57
15
-72
-26
-27
89
-168
-74
-84
40
96
40
68
-179
253
158
186
234
-87
44
-72
9
308
-136
120
25
238
-160
-212
-106
-103
-130
-250
-32
9
213
-156
-34
-249
153
-96
-426
-403
-27
97
29
1
-15
-229
13
121
-38
22
102
-187
116
50
184
-4
145
-106
396
29
12
52
-295
-83
84
9
-294
356
213
120
41
-72
269
-176
151
-150
-33
50
107
61
48
-38
-31
-56
-264
-101
-101
-140
-125
-207
-190
-165
-109
-33
-166
-185
41
121
75
-8
-62
37
-98
-263
-45
61
18
254
-238
-60
-214
152
-92
116
194
-237
-101
121
129
-72
213
-186
-223
323
183
258
265
-28
-360
19
101
-95
221
-42
5
-257
188
203
115
189
162
-11
-169
-38
30
-113
-10
135
-38
-148
-165
83
-267
-101
48
134
-138
275
186
-28
-116
62
-212
43
-3
-15
-119
6
-131
-214
-221
249
-38
-309
-214
16
44
-115
209
146
108
86
387
-72
97
-104
-109
96
133
-234
-24
106
452
-196
168
-169
-167
120
81
101
24
96
108
96
-5
72
-171
276
-21
314
-10
343
-43
121
192
-148
51
136
148
-17
-43
-247
158
112
54
67
-60
-218
73
-238
174
-71
-119
-117
-254
168
-140
387
-346
-61
-208
-45
243
36
82
-122
-11
122
-36
-227
-7
-39
37
-88
-253
114
-127
8
48
-188
107
-132
-7
-162
402
74
201
149
-326
198
101
30
-98
259
-291
-172
191
-125
125
12
-305
262
-206
158
42
82
-51
61
-160
127
60
113
-75
87
-260
40
-67
26
-15
-109
201
-272
192
-134
-77
139
54
-58
15
-351
-31
-217
-153
63
240
-189
151
-21
-47
169
-22
39
-71
-525
-100
-225
-87
376
305
-299
-120
-268
-184
-125
222
-99
156
108
105
300
44
191
-174
-100
194
-178
21
-137
-100
0
261
-371
-100
-105
123
66
-254
62
-80
133
138
12
191
-139
-28
22
11
270
144
-225
141
-52
-222
-142
-75
89
-44
-4
2
252
-363
43
-154
80
137
274
-167
-130
-154
-111
-245
16
-359
-116
204
-93
-175
39
-344
249
291
157
-24
63
-26
-10
313
-56
-212
57
64
131
208
-98
-309
-120
63
288
-126
-310
-13
233
-164
-14
-121
-102
234
164
41
90
-269
-22
-75
90
-236
133
-85
416
159
147
-1
-20
39
177
27
-192
255
107
-185
160
139
-21
-292
283
-265
-108
-84
-245
470
-108
-171
83
143
-127
230
-244
-91
-181
33
32
101
187
215
104
71
418
-124
101
181
-247
86
-143
-284
158
18
65
-58
50
-381
37
-314
-322
-375
112
128
-170
-109
203
-1
-86
-111
-136
-29
-303
14
110
128
5
-113
-320
-75
-146
-53
-138
276
153
-103
-27
-256
29
-49
108
-164
-142
145
-182
-161
39
301
94
183
216
66
102
161
-153
184
38
231
-22
-12
-23
11
14
-137
-129
-14
154
109
33
282
66
50
471
234
140
197
2
9
96
423
-399
321
167
67
-93
-262
-146
-143
-16
-38
-154
287
222
-93
-321
151
-162
-94
-319
117
-20
19
-217
-137
20
-470
-100
126
50
-1
12
109
296
51
-34
17
320
-323
-115
-65
-70
112
19
-59
60
-77
-189
63
57
-155
-319
167
38
303
-181
-166
50
-306
62
-248
-244
-125
-82
38
181
-237
-154
61
-252
112
43
107
-3
134
-83
46
-95
-79
28
177
-161
-18
195
43
-105
-4
-29
76
107
-67
509
278
-90
-248
164
313
343
202
45
125
162
37
112
-350
-23
129
-122
265
6
-300
-100
99
177
-8
83
191
-134
-169
-439
147
43
-354
-158
151
91
-24
-62
-1
-155
207
19
-25
-257
-118
-87
-115
95
-185
89
44
179
-28
68
5
59
-23
169
-291
-18
157
79
-100
-59
38
116
41
244
-85
-88
-98
49
101
-150
205
-25
98
46
126
-8
351
66
-21
-205
-169
305
-31
144
-76
-100
243
-458
18
-259
-30
227
-128
-215
41
-86
48
-189
-152
259
-67
-26
-31
-31
67
152
51
14
-88
228
-462
160
-178
192
-11
-7
201
-189
-1
-9
-248
210
125
3
-306
42
-180
-194
81
12
126
-395
-190
-139
53
270
95
268
-176
207
224
127
-146
-68
165
-28
-144
-50
-81
-337
-66
-40
-88
410
-105
42
12
112
75
151
225
-138
-9
-20
-138
-51
52
293
196
-52
-31
-54
-78
149
97
-62
35
307
-79
44
-71
-25
-33
-141
-145
23
51
35
-252
20
-293
-186
141
-98
-194
155
222
-253
-195
286
264
88
-85
-107
-361
209
496
-272
289
-189
-110
154
114
-223
5
66
-1
-187
-185
172
195
145
-29
-200
-80
1
-6
94
-132
-138
72
486
-59
228
-38
-416
-158
135
-40
120
-259
-191
129
-43
-110
152
-210
-57
234
-47
178
-44
482
-5
-156
-105
-232
-213
-139
-158
-20
-255
122
-166
-425
-29
-112
130
387
-220
-158
-56
-6
-156
-43
35
-223
260
-248
297
246
193
-77
-193
-148
-70
145
76
123
11
93
-23
-249
-242
181
166
186
-261
233
-30
3
-19
-67
-232
-306
274
-109
-60
174
357
0
152
-231
473
87
-145
-49
-181
-309
-60
112
-80
-26
-77
30
374
107
-48
-111
88
22
184
66
64
-180
-3
42
27
13
138
-248
239
34
34
-199
-103
272
-77
-118
-188
-294
-49
251
-48
43
158
-56
-17
-32
-158
66
-265
-45
-3
175
22
29
-30
-68
-25
26
140
109
2
68
-95
-187
-221
-124
-171
5
3
220
-91
-160
154
-75
194
-42
2
-8
-46
-65
-166
-45
24
76
-12
-341
61
-72
181
-202
-193
-611
-57
-34
-232
2
108
0
-10
-144
49
-146
189
61
39
286
-67
-84
99
-242
-381
72
-237
206
10
245
-172
172
17
-7
-46
-236
-126
172
208
-5
79
-63
147
-59
-40
-122
-214
-32
11
121
-116
-59
45
30
99
108
-81
-17
-149
-225
-192
98
-42
40
-27
57
-32
-31
80
19
-24
-149
258
10
66
94
178
-93
-30
-293
280
-134
-249
-182
70
254
267
-4
-71
183
-79
-123
271
45
43
-78
-70
-238
-250
-228
128
-128
177
59
-186
20
39
118
-105
-325
-272
79
109
260
-216
-70
86
-185
163
-74
215
97
271
177
-154
116
234
-29
-21
-8
419
103
36
123
229
90
-7
-35
52
154
42
-174
61
-31
32
-182
-24
96
264
28
-53
233
-249
296
-86
-17
153
-236
-251
-87
-367
-71
-7
155
-1
67
290
-3
-26
-74
-203
-229
-37
-80
-171
-86
-156
-174
-67
304
-274
-135
-175
23
-31
-70
129
-12
197
150
302
-187
86
343
-178
15
222
227
284
58
-137
-349
-72
-5
-104
130
-100
17
-246
20
-39
-163
-5
-12
-18
86
-50
25
-523
-41
-108
-40
132
168
-367
-68
-367
-74
85
414
169
-118
269
16
-117
14
120
127
-179
-10
-254
188
349
-270
101
62
77
9
304
-208
134
138
59
14
-153
-70
-15
267
116
106
-146
-226
185
280
126
-131
-60
134
-301
16
-194
123
54
283
-75
-238
78
-76
95
76
112
-42
10
46
-29
-16
27
246
-164
-22
-44
-101
146
-203
29
8
-31
-33
-108
86
249
-74
-361
63
147
146
-191
216
-60
39
-49
236
92
-187
-84
-150
52
122
-206
124
-102
-64
-159
12
-217
32
46
214
190
106
334
-70
85
-201
90
-53
-168
-46
337
220
159
299
135
78
416
-140
-242
124
-319
-157
-164
-181
-72
192
-249
-19
-125
15
67
110
-176
106
-195
71
35
-44
-67
287
-2
5
-144
97
7
10
49
-161
-7
141
13
-186
348
-1
-5
192
-251
-21
-191
-203
65
134
-87
-306
71
145
-24
-110
-95
225
133
-49
320
-119
194
89
-24
135
-26
108
224
-259
-34
156
-158
86
-5
10
149
-99
-83
264
96
295
174
-86
97
-154
203
239
-62
-28
152
-52
71
51
-58
-166
-287
49
-76
-52
29
190
96
107
-133
-69
235
-48
258
-62
-35
-334
92
206
46
278
-385
-37
135
30
-223
411
-151
-94
53
-152
188
76
290
-141
-206
-194
-19
147
-41
-199
-63
149
234
38
-13
230
23
42
-40
-136
2
-119
293
-129
166
-183
161
-64
20
39
-5
218
114
-153
-17
331
-141
35
98
327
440
166
52
-104
-63
54
157
-312
362
269
-255
-94
38
52
55
-28
-7
100
84
-124
-114
-4
287
-199
-42
-32
184
-191
-92
161
56
-176
-50
62
-226
82
-235
217
-31
95
85
9
-53
61
37
93
-469
27
115
-341
-15
45
191
126
3
55
-268
-224
-313
5
-124
-95
176
241
25
194
158
-41
-222
-211
75
104
-34
-39
-37
-114
49
142
-105
56
-274
-24
51
-264
-169
-295
-199
270
-150
66
3
80
70
31
-134
-109
-53
84
11
29
-352
-262
245
11
174
-20
-110
11
231
-196
-23
-84
131
-187
321
149
96
71
-179
149
63
-49
11
-37
14
-47
86
317
241
32
78
-71
-84
-184
-62
-218
28
77
74
-85
-230
176
-199
-178
-183
-20
23
-334
136
-106
65
343
-62
323
128
-11
-13
171
239
-73
-146
333
124
21
159
-193
-104
273
-186
-109
-110
-47
156
224
26
171
-51
-37
72
-159
285
322
-127
-338
160
453
-155
146
61
24
-68
-14
102
-96
-135
246
323
-97
307
181
6
-188
-299
235
83
18
-334
334
156
-204
-173
-2
84
134
-74
79
-229
-34
-132
-7
-47
-199
131
-296
-266
57
239
44
135
85
-102
107
-60
-89
19
38
61
-55
187
-229
-201
91
216
-147
-326
-208
-52
-58
-20
-162
-252
407
36
40
-148
-137
97
-33
-277
-58
202
-135
214
148
113
-162
-31
2
-76
218
-143
36
-233
-63
-176
121
334
-385
22
144
9
-30
401
30
16
-123
-343
66
244
360
-243
-93
-100
-47
168
-39
-25
201
174
28
-11
-208
-193
-219
340
172
-129
-42
-193
41
-346
47
-49
-207
-90
231
-103
-249
-98
-161
-216
22
-28
-285
96
254
-84
-297
-178
-203
-103
-172
-350
-79
119
-261
415
41
-289
-291
256
143
-87
-134
-225
117
-110
94
176
-96
190
-67
-54
341
75
30
44
-144
133
-6
60
-41
-33
39
-40
129
-300
-250
-101
394
-21
-252
-90
96
77
-22
-100
-9
-110
-1
139
168
60
126
-76
113
-219
416
123
59
50
4
-515
23
-39
111
87
-26
251
90
-209
-119
-28
174
-64
-101
94
-237
312
43
344
46
-65
-155
405
165
-275
401
121
397
103
-98
27
26
49
33
-125
-47
73
163
40
353
3
189
218
-99
33
-221
45
105
40
86
-125
-110
219
-134
-76
164
61
-31
-38
-144
-1
-42
-319
80
315
-134
64
-152
1
75
-13
-117
-93
299
-25
-172
-114
-78
-123
-275
89
200
25
-41
-2
-31
59
20
-124
-87
-111
94
20
-7
-54
-266
-124
-49
-39
460
51
124
77
28
-162
-227
-62
-129
118
-240
69
67
489
275
-210
11
78
65
-145
-12
156
154
168
-4
-122
-67
-35
-16
11
85
61
-181
-201
-130
-92
215
-162
34
31
-227
136
-49
-26
-17
-51
-192
115
-60
5
-14
32
236
51
-205
-11
244
-5
-60
216
-35
-100
-76
-223
-42
-232
-165
69
-1
-12
-39
-233
278
14
40
-19
82
-126
-333
-120
269
23
308
124
87
-138
36
44
-19
-192
250
-105
-188
-2
-382
147
29
-257
-100
-3
-15
-72
-35
-7
-175
66
12
-51
37
12
210
-184
86
69
-68
72
-123
15
114
113
-98
47
-67
-157
54
157
92
-127
291
-123
-127
-252
243
-176
196
-79
-227
-161
-117
45
6
-108
46
52
-86
-295
-59
-500
412
118
-100
49
22
182
-123
36
-271
-73
-504
-136
159
-306
52
56
-46
95
6
-101
78
78
77
508
-240
-84
128
43
122
-367
201
220
70
-134
-108
-179
104
149
132
-255
64
267
-292
-116
-28
-266
53
212
156
94
-166
62
-94
30
-64
196
-337
-64
-59
-201
-82
104
152
94
105
-203
27
-298
121
219
124
-76
-78
-284
-36
-52
97
55
-306
163
84
-61
-104
56
117
-105
-148
-133
-182
-193
-7
-125
19
1
-75
55
204
-136
155
-266
38
40
114
-204
-174
133
-176
234
190
48
-197
-74
-110
-88
-553
-309
-58
-109
63
20
260
-13
136
100
-120
372
-129
-66
-62
172
377
1
259
121
369
55
-153
-321
-205
-92
33
267
-127
-28
-318
-168
-5
-30
-455
81
38
-63
-246
-68
304
-314
-32
-229
-111
-265
-97
-197
126
-208
75
-344
-129
-15
69
-8
-71
-62
341
-359
137
-138
-338
320
23
-19
158
127
-192
355
-104
-221
-56
-151
229
-118
-82
118
-169
114
73
221
-311
144
-170
4
-226
4
245
102
-60
-77
328
169
161
-50
-113
93
-247
10
-264
293
-102
-108
-175
61
309
255
101
-112
-41
27
-146
-21
-68
161
-144
217
-68
65
-219
16
-266
57
-12
300
-26
241
-199
-25
421
12
-141
-366
61
-357
-117
-134
308
-22
16
-12
-207
131
-40
265
262
66
150
-134
-76
-83
-43
-62
-163
-61
-114
-225
-211
131
-183
-38
-47
80
61
-65
216
62
67
-83
-251
51
-10
118
-127
229
159
-263
-71
6
-293
-70
147
142
-220
-67
273
175
55
125
-246
5
-7
261
-24
196
272
117
45
17
4
68
144
253
-131
98
-93
130
2
95
184
349
64
-81
-281
324
88
155
-38
-56
-253
28
-13
-15
-420
-110
-230
253
-73
-66
-146
232
96
-214
-413
-25
-81
247
-280
72
15
61
24
212
-111
-60
337
298
-241
35
195
-139
-93
236
-135
-391
11
195
-76
-77
-69
-64
-48
-137
-38
-340
352
31
22
-38
-317
31
-60
-160
240
169
126
-345
-6
-40
58
81
404
-211
61
-112
146
191
142
12
-55
-29
-387
-399
6
149
6
128
43
-129
-117
233
41
174
252
49
-361
-139
-58
-88
-97
-60
56
112
125
75
41
-34
238
-92
8
147
34
223
-84
84
-108
-253
-208
-216
54
-416
111
-103
-76
120
169
80
-363
387
-79
-26
-58
182
123
-261
-82
-46
-190
116
206
63
221
420
-93
-77
-342
-200
61
-405
-113
112
-275
121
-158
-119
-50
242
140
285
31
-201
-43
-197
227
-206
-10
-6
262
-117
416
-118
183
-203
-240
-88
-213
-123
23
45
-295
58
-9
-40
193
-172
-56
15
52
-147
-73
11
-28
-83
-98
49
-205
-160
380
-79
-46
1
51
-162
14
-33
41
-105
-329
225
99
160
-141
-22
152
203
-20
141
193
-41
321
-101
0
239
-36
86
145
37
-68
339
37
-219
321
213
25
216
55
1
-86
-218
-7
182
-45
-120
297
-85
132
-2
-46
-13
22
-175
-148
-227
-151
-62
153
-89
-206
-101
-73
-34
112
-129
269
-75
-171
217
-344
62
11
58
-353
176
54
-30
38
64
-148
-75
83
-116
-104
-150
-135
-151
-29
-181
-59
-257
-114
-142
64
-38
84
-337
-143
-170
103
-75
-1
37
-160
-12
132
105
68
333
-356
-96
-74
90
97
27
-59
-10
243
-58
177
109
100
-281
-20
-134
-83
143
50
130
-197
-204
-62
-318
11
59
-137
19
-343
211
-15
258
-289
-132
72
-69
208
10
6
-213
-72
108
238
283
-90
-103
-57
-166
-162
9
-579
-188
-193
182
-7
192
-85
120
333
-78
-92
147
120
6
45
-32
-1
1
175
307
192
-93
110
-14
-243
-2
42
142
-176
-183
106
66
371
-157
245
322
129
-276
-22
12
332
7
-235
-350
37
-46
395
103
76
239
156
168
137
163
4
-347
136
31
-243
142
200
272
279
319
-23
105
-318
-22
-45
-203
-5
-97
-208
-87
-436
-117
-8
-202
-317
-20
-296
49
59
33
-151
-169
-147
-193
-135
-98
-224
265
39
252
287
208
-37
196
68
-30
47
49
131
7
-174
-165
-180
229
-1
-291
213
-219
59
-106
-396
41
-5
50
135
115
226
-109
207
55
-4
-221
-139
-104
234
-198
219
59
-85
131
-14
-171
-44
85
-77
-241
153
138
-486
231
-384
25
-311
-14
17
-271
-63
49
-36
116
189
113
-76
155
71
165
278
-135
210
-331
-183
91
-225
224
-112
-32
23
29
199
-2
-127
-274
27
309
400
128
-6
-10
23
-157
-151
160
172
106
-85
229
94
77
-9
174
37
-49
-183
-49
40
-249
-18
89
-139
7
137
-33
-178
34
-19
167
-29
-137
-321
-82
-51
-298
94
192
-203
-167
-246
-140
227
-416
-176
16
-45
15
18
-42
66
-37
240
-75
-248
211
-190
-188
2
-83
117
124
6
229
-58
15
369
56
170
-206
-29
23
42
-57
-200
42
-236
-47
-19
-173
-5
-151
173
-125
-512
-49
-368
325
-7
-58
-271
263
-178
263
8
-229
193
-282
-2
-8
231
-234
-87
193
-89
-23
12
127
-151
345
-181
188
44
118
-97
-3
-107
28
-52
-46
-90
-123
-184
-44
86
113
-13
-168
-70
-340
-423
-12
53
-159
43
-262
-240
-49
18
-4
95
76
0
-146
-314
1
-67
224
17
-41
132
47
58
-248
-123
220
69
222
231
-26
4
-62
9
178
122
-428
-386
165
-236
27
-211
116
29
124
465
-289
128
-449
-66
291
135
-16
104
-34
-69
362
4
-198
-137
282
-88
-39
68
47
22
-78
196
102
-240
14
-18
52
-1
-31
105
-157
159
-209
-414
-136
-24
294
-27
136
383
-221
-335
97
-116
219
165
228
-236
-207
96
4
14
-215
243
211
-122
80
-114
42
79
-47
180
-141
385
62
-77
-89
-111
-188
-204
-115
90
363
132
34
-209
-65
252
-96
-92
129
261
283
118
418
21
229
-448
191
-30
213
150
-231
177
-62
133
-101
54
100
-20
76
-47
3
-190
195
43
275
-117
-30
-408
-92
-188
-71
-6
-55
-143
229
-93
160
163
12
-38
-72
56
-82
-323
265
398
-220
127
91
207
-50
-125
48
110
23
82
-7
-74
-247
236
333
-45
127
-57
162
-18
43
206
206
358
77
-102
225
128
210
70
-145
-104
141
-86
92
54
207
219
-78
67
-7
192
-30
-104
-345
173
-147
117
-9
-171
-75
-11
111
-23
111
172
214
98
-40
-157
-133
-19
16
167
-8
147
-25
-178
-2
288
391
328
-299
9
184
197
-157
-198
-173
-184
51
67
16
-248
-215
97
402
148
134
-301
-93
92
-293
-139
77
136
-30
231
-245
-84
-221
64
141
212
12
66
18
-61
-436
22
81
-116
-205
41
130
-41
-116
200
-149
-282
10
-284
293
182
51
-63
141
-122
30
-86
-161
53
-154
123
188
-117
-202
81
-149
-403
-282
54
-93
-271
-20
119
-34
-10
43
-53
-107
20
-158
16
-145
152
89
-154
-396
11
-159
-92
-127
47
-80
-76
403
-102
-63
27
-70
158
-218
45
398
156
-416
-210
47
-19
68
146
-58
101
-138
-19
-179
-353
266
20
-81
-36
88
-158
-226
-149
141
80
-23
298
78
-72
19
-228
118
-189
-147
14
163
222
-246
-80
-75
114
-56
204
4
-149
-358
75
-188
-123
15
-404
255
-23
-158
199
-97
-275
71
110
104
-258
67
-36
-51
95
132
-52
146
6
-109
68
41
8
190
144
-233
96
-162
-98
249
166
-62
15
284
88
152
-30
-246
-51
-140
151
14
27
257
68
26
-217
184
10
183
-59
-4
-54
-192
181
-177
155
47
222
137
106
122
214
27
230
-77
-116
13
-179
-131
91
308
-322
-75
-295
-87
-21
-159
-64
-75
22
-31
-271
220
-164
69
62
-67
-2
-41
4
106
-65
106
-156
47
-13
-80
-82
281
-10
-37
3
-26
-329
-204
-32
-179
115
75
94
-192
-242
-254
227
140
304
-74
-129
79
-78
-44
-151
8
43
69
143
302
-181
-90
46
6
56
100
-72
18
139
-255
111
-128
44
101
-82
151
-267
-178
41
-193
208
200
70
144
62
251
294
120
139
-44
-271
-148
236
-14
17
-53
-224
-22
-108
116
374
140
-259
198
-322
-278
75
251
-382
172
-13
-140
-240
205
71
214
-99
75
188
126
73
-208
-112
-195
15
-378
47
-9
58
-134
43
155
-47
-27
32
-324
110
-89
115
-127
-157
-40
0
-25
155
-131
49
-154
-345
301
3
-152
-119
85
107
102
-238
182
-14
164
-166
44
61
-101
38
-230
217
130
141
165
-371
-127
161
14
-265
-1
364
6
93
33
101
201
92
-122
-311
59
227
-113
-63
-228
99
57
57
-15
-399
264
-73
-117
7
86
74
-124
-26
242
-88
65
-164
-82
-71
-23
-108
128
15
290
-17
44
-165
-37
39
161
-249
-74
189
-124
-335
-275
-2
124
168
-85
328
-95
74
139
-338
95
86
-43
105
-156
522
-257
251
164
103
-2
-60
-101
-294
36
3
-142
186
176
142
-15
-83
-74
-253
-4
-216
-13
-62
159
163
90
-44
-38
222
208
-238
-235
154
-97
179
-235
0
-87
-153
-197
19
-39
-424
-27
-168
195
27
-12
-18
-88
-143
-18
304
22
119
-200
189
-46
135
-113
-75
-55
376
92
242
-242
120
142
-22
-44
-11
150
-201
180
-130
60
-233
267
-107
254
-233
-84
-62
187
194
-209
3
-26
-179
135
56
9
16
98
217
-195
-176
184
-66
-362
278
268
-314
66
236
283
36
56
-186
307
269
-431
-107
324
301
-154
156
188
-42
64
48
39
-88
-39
-109
-197
67
184
99
44
139
71
-33
181
-283
-296
-4
-45
46
13
137
346
127
65
-78
18
-186
-1
243
26
58
-86
-60
161
-256
-138
248
-247
-24
-417
23
-13
-49
-222
-48
-303
-30
-156
13
-220
14
48
245
196
-39
209
19
63
337
290
-119
6
154
196
-121
148
18
86
34
-117
-78
-172
236
-32
-616
152
220
-158
-39
-229
-87
-106
163
79
-23
-61
171
16
-107
-110
409
38
-78
221
35
104
-136
228
-267
20
61
-223
-4
91
49
48
-5
-129
92
-146
254
-22
-22
-106
-84
-31
63
14
2
202
271
-137
131
-45
152
-283
-111
-60
-58
184
-35
53
-13
153
-207
-109
-200
59
312
115
-116
46
-125
-368
65
314
-245
-100
-128
59
13
-232
-196
-188
-104
-44
15
79
-32
-20
46
-118
-224
-163
102
75
169
-50
-44
51
430
-88
-158
-13
426
-73
63
91
61
147
18
-269
169
-118
-120
-343
138
95
-42
-47
-226
104
180
-54
3
-206
-21
22
252
-115
112
124
-54
115
122
-344
-294
-151
-78
123
-7
-440
46
-41
137
-168
-207
-67
-133
59
-201
108
87
90
165
-8
26
-260
0
-133
9
36
30
-118
48
-193
124
-84
174
-141
285
-52
-83
335
-83
-41
185
-344
120
-88
340
139
-16
-277
61
-543
-57
385
-27
-277
-12
-42
96
362
63
85
73
-138
293
152
19
-144
-259
-42
-85
163
110
62
-145
81
-55
-66
-37
89
247
-129
121
10
-97
-14
98
44
-25
169
115
220
-72
-4
254
-372
8
-132
-41
255
-48
-89
-68
-47
4
-80
-127
-111
342
176
12
335
189
-38
-286
121
357
274
-476
-112
260
49
-73
-312
-268
193
104
-133
59
189
-120
98
-163
-3
-152
132
-384
-81
-79
-111
108
170
127
-354
21
56
-162
315
-88
68
-137
98
8
-39
335
-99
32
-60
239
85
-251
-250
31
-183
147
99
59
-21
-134
-328
58
42
-88
-215
262
-285
11
-92
72
-106
106
83
145
-15
-71
-390
20
412
-144
-49
-103
9
133
-275
144
-222
-44
-118
-66
-138
-14
61
226
52
-14
-13
111
48
-226
-27
-33
130
101
308
162
-145
-69
75
-184
189
78
-129
136
123
-38
6
61
-282
-323
322
29
147
166
-297
145
33
12
109
-148
-352
28
51
19
-360
216
232
356
11
-283
-334
-182
3
-410
-43
134
107
98
-151
101
-210
172
-284
60
-203
421
-98
333
-77
24
334
5
-73
119
45
283
-310
-252
30
-15
-77
171
-345
357
126
-41
25
345
113
147
-282
-203
125
-188
-44
-21
32
61
163
73
-346
120
180
58
-210
-82
-18
14
345
210
179
211
69
-19
106
-45
536
100
163
4
199
159
104
-143
124
-224
29
87
197
-299
-68
298
-137
65
167
142
256
-208
-139
142
-4
-151
523
-133
-121
-149
-140
-202
-4
-160
-159
198
239
64
139
40
264
-78
68
24
-181
419
230
72
-60
159
-82
49
-44
82
42
-43
93
55
12
212
-150
5
-11
-129
-404
182
131
214
3
88
-91
32
104
-66
177
-44
-4
27
198
-342
134
-155
-161
-451
-289
299
-39
-91
9
57
159
-120
101
329
-19
-3
-268
141
-111
-199
96
201
-91
-284
3
137
-3
31
411
153
-9
-87
12
67
-105
-40
-91
-8
7
135
-349
35
253
-174
57
241
184
302
-230
-170
-160
26
-80
-28
52
181
-74
442
-114
-103
-131
-106
-266
121
-165
235
-141
-185
-154
36
-312
46
44
-48
94
-137
-83
-94
-215
157
-53
335
-53
2
113
125
-42
-179
364
297
-243
-49
31
-4
-18
29
33
77
-120
-331
60
-290
95
-76
99
-27
185
-225
-116
20
123
49
512
-40
-93
-9
-142
-126
-4
121
60
-231
56
77
246
-191
66
-190
-90
264
122
-61
-324
146
186
91
17
-55
139
249
-256
170
108
21
153
86
-208
-155
-279
103
205
225
83
-227
-204
70
127
9
-185
289
-60
34
74
-98
111
245
12
147
149
-119
101
65
192
42
206
-65
59
290
-79
-151
-170
124
-259
-312
142
187
193
-51
262
128
-103
-22
-23
-301
-36
141
-144
-314
-80
-88
-164
-256
60
-136
171
88
-212
-2
14
-127
166
216
-50
-109
-34
-156
-65
53
220
-22
-134
-98
38
22
-202
-133
-50
11
142
-124
47
54
-323
260
71
-211
49
-5
34
346
12
-237
201
110
50
-63
-76
-41
-12
-157
-41
-200
-181
-225
-246
28
85
68
100
132
215
112
-179
-209
-215
-141
64
-147
-44
-135
-19
4
138
-138
-74
-157
157
22
194
74
-74
-103
-5
-14
-258
50
-71
167
281
-63
-10
-55
34
114
-255
80
-104
-239
-317
-83
-25
-124
21
110
-1
223
109
-107
69
-35
243
-117
-78
244
-262
151
312
-9
283
-331
-24
-266
-120
-58
-346
12
-108
-235
118
88
-31
53
228
-92
42
-281
175
-10
212
168
58
130
264
-3
158
148
103
-1
-118
93
-47
-216
150
310
-353
189
13
57
445
-54
380
-54
-164
52
82
5
-55
31
-182
-126
19
-187
-51
263
313
105
253
9
-13
-33
-184
-100
212
262
-525
56
-297
65
-122
98
204
-18
335
-40
199
70
-323
-18
-41
190
-7
-2
-12
48
265
-30
22
-199
-28
207
143
-118
-162
8
38
-23
247
194
141
-26
-112
-69
-160
-90
50
240
216
359
262
-130
-73
64
197
218
118
303
-85
156
-134
-275
173
57
-5
-222
279
-88
201
-132
108
-44
-197
203
328
186
132
-137
25
99
-89
5
-75
-173
180
-123
-143
43
99
28
253
12
16
60
24
73
-52
30
-53
-99
20
217
-118
11
38
-64
166
-28
165
-55
44
179
210
109
57
-221
280
121
129
-65
-240
-30
181
-113
515
296
-25
56
-114
21
185
-282
-177
10
-209
-3
9
-257
214
312
217
267
-190
52
102
23
-102
234
107
115
55
130
48
288
273
-198
-59
-31
-170
-125
-248
-61
55
9
-155
-233
-284
-69
31
-63
79
-66
341
131
-104
260
-146
64
224
228
11
84
251
53
377
62
194
-79
60
289
67
158
-27
189
59
-6
122
223
114
91
276
247
-198
12
-25
-58
146
-5
-314
100
-59
229
97
219
66
100
-224
-67
-125
-224
-95
-367
95
82
-18
58
134
185
-151
189
-55
156
191
259
-77
-27
170
-99
216
-123
-88
-60
-155
-38
-89
294
-365
-207
138
-43
-219
-237
-215
-34
69
41
-13
40
-301
171
187
-221
-14
83
179
214
124
27
-111
-65
-4
263
17
-153
28
213
60
-187
-265
-247
54
147
-6
-34
55
-39
27
-159
360
-31
174
236
18
254
208
-12
216
301
-281
-198
72
-68
23
412
-87
-210
-254
-23
-198
-81
118
-75
-216
-219
-219
84
-93
162
-147
111
-58
-217
47
201
-17
48
-195
135
148
9
-164
-85
30
318
-6
-42
58
-92
-380
-279
86
-88
-434
75
-505
-200
213
-190
-159
321
219
48
-305
33
-6
249
-52
-387
157
325
187
-74
19
-45
-99
-176
19
-49
18
98
-40
233
91
-110
306
-234
353
438
-41
103
253
-30
-30
426
-231
-127
-95
-35
66
67
168
43
-59
197
-59
-426
-253
-152
-137
-149
-330
78
-232
3
4
53
84
101
36
-108
-38
13
12
-12
-208
312
250
-29
19
-69
65
-94
-111
-144
119
-195
305
-130
-44
161
-166
239
-77
35
224
-55
15
-70
-51
15
37
96
292
3
-186
-273
-215
-463
67
244
165
-107
-146
-9
10
108
29
128
-226
-49
-33
167
150
305
-29
64
167
-42
42
-333
265
-25
-138
-15
26
27
-307
4
82
-64
-96
144
-76
84
-416
-62
136
-102
-189
91
-62
-91
