37 68 196
0 11
0 31
0 34
1 0
1 2
2 26
3 1
3 11
3 18
3 30
3 36
4 22
6 25
6 31
7 24
8 13
9 18
11 19
12 17
12 36
13 13
13 26
14 11
15 8
16 16
18 22
19 2
19 12
19 20
19 36
20 1
20 3
20 7
20 35
22 10
23 3
23 24
23 28
24 9
24 29
24 33
25 2
26 11
27 19
27 26
28 12
28 18
28 36
29 11
29 23
29 29
31 2
31 5
31 14
31 23
31 28
31 33
31 36
32 20
32 27
32 36
33 4
33 12
33 27
35 18
35 26
36 6
36 30
3
7
46
1
33
45
38
49
50
47
25
6
23
8
22
12
31
54
62
13
67
56
15
44
65
63
41
19
42
34
66
4
55
20
30
48
27
35
28
5
14
51
40
16
9
29
64
18
10
36
53
26
52
17
2
39
24
11
0
57
60
32
58
61
43
21
37
59
52
180
49
-397
377
-169
-173
-46
-99
28
-61
-80
98
-93
-115
-158
133
138
-326
-8
77
-228
177
195
263
-209
-13
261
-188
-228
66
-279
210
321
288
339
-55
113
181
-109
-136
-6
134
90
18
139
283
-127
33
-30
181
-224
-86
46
-128
315
-36
-135
485
-192
69
-304
236
-70
-138
78
192
235
215
-10
49
183
-61
-109
100
192
115
-14
72
27
-2
-322
-79
224
35
-247
93
137
-418
97
157
-257
-179
456
186
-301
-149
100
-354
280
32
228
-49
26
-37
178
50
27
-65
45
-172
-123
159
-55
144
9
-227
236
-299
-86
148
149
-151
177
-308
-135
-276
-282
412
-97
40
-8
267
448
201
66
-262
-2
-137
528
197
-60
-423
141
-50
-157
-158
274
-7
387
-69
-206
-467
182
-253
-24
-24
-181
40
-51
114
-186
117
-234
-129
34
81
27
35
-14
-86
-408
-25
-14
33
59
200
28
-172
-216
87
29
-184
270
-127
17
18
99
-96
99
-23
27
9
200
275
37
-222
-287
114
384
22
-208
-14
-48
145
606
-45
-247
-178
48
-108
-264
103
-227
-461
92
155
57
144
-185
-116
-169
-196
-207
-196
134
-198
68
416
118
170
141
193
-183
158
-468
103
-5
-484
-175
-168
-236
-223
-132
-145
-180
162
144
-142
-50
61
-243
329
-239
-228
87
405
-125
-81
291
-193
-236
231
-107
62
181
28
-173
178
216
-31
-144
375
-234
64
27
150
-34
416
-28
-229
-80
-158
-227
110
300
-392
-252
-337
-513
71
-33
78
-74
-145
-334
74
-66
314
106
-294
26
77
133
6
242
-71
-86
-219
130
458
-60
-106
-336
-223
-94
152
42
233
-156
-207
-376
-21
-240
-305
223
-367
-73
-183
285
-39
-392
-30
-269
219
-163
-51
-28
81
-79
139
61
-5
-2
-201
48
-82
-407
-107
-68
-44
-136
252
177
159
351
166
-70
-316
-46
323
-211
263
-64
99
193
-70
-165
80
-232
11
216
-113
55
-325
-374
2
-214
-102
-275
-135
-65
-231
-103
-265
-223
186
152
-72
-69
72
94
162
-153
-46
206
153
-7
-284
178
158
-89
-82
10
-133
-459
99
42
-161
-259
263
45
67
43
-133
232
73
126
-97
-35
116
-139
-91
-480
8
-90
313
-262
77
386
76
38
334
206
-154
-251
355
-40
27
-68
-321
26
-102
14
-330
-173
120
-125
48
-339
81
192
341
-8
39
-239
203
63
139
-9
-125
8
-276
-116
140
115
51
-299
-312
-46
-209
-203
-388
-63
-219
-121
7
-252
-285
30
373
93
131
-82
184
-239
-404
-209
45
263
17
-390
-258
-164
-80
394
-48
-136
242
-237
-357
-144
123
-20
-151
-104
573
321
82
461
-44
272
85
-222
87
247
330
-38
158
150
60
-380
-5
-102
-109
361
-69
-359
168
-45
-89
59
-153
117
-269
-168
106
209
-66
383
144
161
-180
64
82
-309
-249
-66
-453
-32
-82
199
-123
297
-77
38
-163
354
378
-167
178
-151
64
-15
281
-55
50
223
110
-358
-25
42
92
-60
593
-169
8
-20
-201
-123
21
20
-354
-2
-300
16
-91
3
72
65
-73
-222
45
-282
-153
-152
-222
232
-3
29
81
-79
38
80
-9
100
-72
-117
118
-277
-382
-155
142
-234
88
-118
-57
-240
67
144
-14
-175
-124
366
156
122
-1
419
-128
72
-91
-223
-5
-59
25
-257
-128
-201
152
81
-114
155
266
-194
209
142
233
181
252
-471
-421
-11
153
-103
197
-365
299
-9
108
148
-100
-5
-82
-54
170
-386
-166
165
-26
-322
112
-537
-88
-257
-316
58
-142
-234
327
-49
-343
92
21
-262
46
77
-198
-174
143
125
-309
-405
-286
339
-313
-413
-127
27
119
408
155
8
-179
36
89
80
-262
244
133
-62
28
-109
-113
215
360
-237
275
372
110
235
-139
-45
93
156
-367
106
-170
88
-138
45
-40
-28
-232
400
440
269
-79
244
22
77
-185
79
327
64
-312
222
133
67
-186
-347
81
22
-40
-286
-35
190
-181
-58
77
-291
-191
55
298
-187
-73
12
-93
-189
-247
169
-274
111
273
15
-615
-13
342
125
82
141
50
-336
-30
391
-113
-123
115
53
260
146
96
175
-160
226
-301
15
142
-192
-118
-84
-102
51
-77
148
-84
13
386
334
-67
-679
-274
94
79
46
80
78
-121
98
-550
135
78
-83
-224
390
-35
-30
174
436
78
-30
263
-95
60
-39
107
-52
-190
-556
105
-296
-217
-51
146
-204
133
-239
-48
-30
-48
-295
64
21
16
122
73
20
-274
-270
-80
13
124
65
-161
-282
-174
73
171
-26
249
-481
-199
-554
-345
90
116
-86
201
396
254
326
244
160
-162
-196
5
-211
67
-171
-62
-365
-235
-63
-392
-278
9
77
-135
220
32
-163
-30
-79
-44
313
145
-131
285
-233
-156
-185
-242
23
-12
-78
-39
-152
251
-26
-101
-87
-172
-134
127
148
232
-142
-61
-60
-46
341
-131
-82
-88
-139
-289
496
107
-42
203
160
56
169
-192
124
172
-100
253
173
-249
105
-17
213
138
368
174
-278
251
56
-223
44
-272
88
344
-216
-50
24
-177
149
-82
-180
329
-18
-19
421
323
-179
-208
-22
-42
-179
121
-74
175
86
-121
1
-53
114
-119
41
-82
-234
-70
-226
-55
-189
-83
-243
134
-303
-18
-216
229
-102
32
-61
-10
108
171
141
-19
-156
86
-3
156
-435
-327
-188
175
218
106
450
142
-14
125
-85
-188
-49
379
36
-18
-16
-233
14
-273
-143
-65
80
-90
-152
122
-125
232
-57
-95
-2
-215
-1
-163
78
159
-150
162
-46
156
3
-382
432
-133
-182
-89
46
-105
196
192
-125
-291
123
37
-93
-322
190
-36
248
44
228
138
45
-139
-258
-115
210
-81
82
-3
294
32
124
-177
238
-26
-118
20
-312
-240
-244
-31
172
0
-196
-222
-59
-172
286
-249
13
-118
-68
388
151
-62
58
119
37
-75
-254
-250
124
-145
-27
-156
377
-331
-141
-102
75
55
31
-147
401
39
-174
-105
-159
-218
152
63
101
316
-172
-274
229
-80
-51
-93
-252
-134
-97
-190
89
-589
-114
-95
-153
-157
-32
-1
-247
-134
88
226
-2
-13
-137
-245
-145
140
329
-369
-191
224
11
32
-99
4
-182
38
36
372
472
60
-236
456
41
-401
-359
100
142
-156
-110
323
28
-74
-15
-132
94
-156
-427
98
-67
30
181
-270
327
-261
-38
0
-134
-143
54
10
380
184
419
20
323
-22
266
-381
-78
-143
-203
74
129
198
150
159
-267
-51
-91
-218
15
-143
13
-277
-30
-192
567
-51
-17
-113
-88
117
-199
218
12
321
247
72
167
-114
130
17
-34
147
362
-43
-51
-83
-186
67
-223
18
262
175
124
123
138
-290
-311
-179
254
420
-322
-13
-316
174
-121
1
-68
48
-29
392
47
-3
77
-216
24
-148
-13
-7
-259
-152
44
-240
96
-64
-34
-131
-82
383
-57
-267
-137
-349
-72
280
-241
-23
60
138
42
-205
-88
108
-382
-80
-461
-42
-81
242
11
96
468
-123
-241
-111
-309
-231
-104
100
-16
-46
238
-283
157
-44
-129
-28
177
-116
-218
325
-56
231
-49
-197
124
180
53
-513
-134
-219
296
96
-315
59
-106
-123
-80
-160
144
7
134
-20
-33
17
-74
517
-167
146
188
6
102
105
5
418
182
-356
251
-169
90
-301
-246
9
281
-369
-160
134
-78
-144
161
-21
-142
-292
-13
83
209
59
-151
116
323
-103
11
-16
-395
-87
-152
6
-118
-11
181
149
129
-134
322
-158
-350
-73
114
33
467
-171
70
162
177
179
169
-108
53
-161
-44
-334
-44
53
-36
-14
197
92
93
-90
230
174
-100
128
129
-230
113
-44
130
-41
269
19
-76
170
-8
-250
12
-534
-83
-138
429
-87
-186
-338
-345
-52
-8
30
129
215
190
44
-18
160
-185
-39
-214
-132
54
168
-23
-18
19
-324
-165
-52
-128
49
-251
-319
-203
-145
-39
128
-112
256
-86
-161
5
47
-109
-74
290
-6
132
209
474
-54
-209
11
120
-36
-374
-184
-29
-50
24
250
137
101
70
-405
-155
-173
36
137
332
-120
140
166
-183
-21
51
90
-142
188
101
-353
122
-79
223
-184
375
-142
-93
-43
-5
87
257
-61
96
282
75
19
-49
-291
62
-209
-171
179
-179
-94
110
-22
288
160
-258
66
44
228
-141
131
296
-78
-115
-94
-143
-254
-54
-67
105
68
327
136
-104
-47
216
-15
161
176
85
164
-190
229
-122
35
-29
-26
-104
305
-22
232
-198
-304
-145
145
278
57
149
853
100
204
30
517
-260
112
18
-70
14
249
144
-480
267
-238
106
-37
-39
158
-130
74
-226
-270
286
193
165
308
-123
72
43
206
12
26
-231
-339
-110
-123
-6
62
-359
-139
-78
-77
69
-327
-307
-339
121
166
97
124
-108
393
347
35
-179
139
-268
80
-63
-248
-56
48
-98
-147
245
-136
-87
26
-103
73
228
555
76
42
209
-255
151
160
27
2
-242
298
-189
-185
-49
276
-316
-389
-106
179
132
-27
389
84
107
258
-19
-302
332
-85
150
191
-85
-228
-145
310
-195
-89
112
-102
207
126
-120
121
-241
-36
20
81
100
-305
-85
21
-156
232
463
89
377
-267
81
251
-121
-31
-602
-558
40
24
335
-59
232
80
-103
-317
263
29
-601
161
-84
-32
109
-133
61
275
60
127
-7
245
153
-35
-84
133
-38
360
-33
198
394
221
-415
427
-143
-192
109
-148
-95
-174
188
-47
148
-226
52
14
166
-64
-265
117
212
166
-210
-291
-176
-89
-157
559
360
11
367
-373
-48
153
-232
-397
122
61
-1
-88
-117
74
418
355
83
-149
37
-65
268
208
-177
204
-29
262
-65
309
-68
176
175
240
-172
275
-76
-12
73
211
84
-84
167
-209
-218
-231
-101
136
221
-251
137
75
-75
-224
-60
23
3
128
-55
-202
178
323
96
311
-206
0
-268
-131
-46
52
60
-339
-125
170
44
-24
157
17
-311
-428
-258
87
-251
15
-69
147
-31
404
-201
-111
130
-467
-27
-198
152
-134
61
-236
7
60
284
-59
176
-331
-23
242
-301
-10
-48
-203
-24
-64
257
-23
225
-71
-46
-197
87
-208
170
-365
-132
83
-119
-64
-266
-84
-272
-70
65
114
-56
57
117
286
54
158
-62
-68
-87
-161
185
158
-21
-144
-217
-84
-493
263
-66
-230
97
-4
-441
-101
161
185
-228
29
-87
-145
290
-63
-131
-264
-31
301
-61
-20
46
-86
-216
385
105
47
-146
457
337
-261
449
-28
244
-73
367
166
-65
104
-170
-212
37
-188
-177
413
413
-391
158
-244
-132
-273
-116
436
-19
496
-20
-104
161
-142
-52
-129
-238
-194
-39
251
-5
215
-76
244
-47
-306
9
-169
-21
-94
332
67
-89
400
-13
48
-10
-208
30
55
359
54
556
60
-53
-31
-31
-194
-42
150
309
146
9
-33
45
57
-243
-57
-192
141
68
29
-345
-217
-184
-182
-107
26
415
346
-578
134
-164
25
79
-90
-29
-6
-99
201
-159
-234
-87
-11
144
-493
58
-38
-93
315
-126
97
227
-90
217
172
-27
140
162
217
37
249
537
-106
-181
-8
-61
-127
-229
328
-131
223
530
-28
118
-100
25
-348
191
34
-108
-314
-99
153
281
-249
-60
-192
219
-259
-190
69
144
27
85
455
-69
374
201
-196
-313
-128
209
101
281
-264
-343
-385
-161
-5
137
29
-272
-26
-266
-310
407
-178
113
153
-100
9
166
209
-124
-290
64
24
38
-35
-148
-41
41
161
-28
-267
5
72
74
45
-384
-237
219
-122
29
89
-293
116
52
-287
169
167
-214
-45
-255
165
-211
-24
-236
-296
42
-74
82
30
52
283
-23
-304
-35
-351
200
392
-43
-12
-12
-37
-78
-252
-203
-146
91
133
-110
214
-50
-54
-262
327
-421
39
138
-28
-208
108
117
-13
-391
-101
-360
66
29
217
-43
-221
18
-46
130
343
219
93
60
-368
-272
-12
-14
3
266
301
243
120
-393
49
171
187
-195
226
152
29
220
-202
39
-132
-180
-277
417
48
-246
-137
62
317
218
-54
-187
-261
134
-145
-290
239
-259
532
15
-67
-80
-98
-241
-256
230
-61
42
468
-103
248
94
184
133
-437
-276
360
80
102
159
78
-185
86
4
18
303
-131
134
6
126
277
-63
161
432
-11
-50
171
466
19
8
-341
-116
23
31
272
-543
138
-77
-46
296
203
47
228
-418
92
-73
-86
-150
154
15
48
-61
273
108
-233
-134
-219
-21
323
21
-153
-53
-48
137
198
-305
-407
-46
-158
299
-184
171
111
229
-284
-103
158
-113
274
190
-81
-39
-165
-78
224
107
19
43
-172
-157
47
-530
-33
109
43
-3
22
149
-142
28
-369
39
-275
-23
-253
20
193
-239
-260
214
-20
-399
22
112
-101
97
-175
-173
164
-128
114
31
-252
-98
176
84
125
220
-316
205
95
266
-49
17
96
-63
-95
-169
-119
369
239
-102
-10
173
-282
37
-4
-276
-15
-69
64
159
-202
-35
-9
255
49
-22
-176
104
-164
-80
363
18
-256
-309
-376
198
83
-179
380
94
85
-305
209
-67
-43
150
-249
239
-138
-194
542
269
-56
-168
403
-89
-327
51
105
142
49
-351
250
-89
2
-16
195
99
156
-138
110
185
-183
84
61
-57
142
9
291
62
-194
-86
94
226
62
207
218
-46
191
307
-6
-389
181
92
305
147
-79
-157
135
-95
-199
270
255
183
413
-290
211
-126
-364
109
121
-28
139
-170
-9
-35
268
29
94
-2
-25
-667
126
-43
207
-323
24
-238
100
74
241
25
134
196
-48
-14
-116
-159
-89
-58
217
53
15
-107
-252
261
-5
255
290
-621
411
76
492
120
91
-426
-509
-426
-36
331
142
-381
3
-285
-361
148
-121
1
36
90
-90
61
-142
145
-329
138
-68
43
55
302
440
111
-34
87
104
-112
-41
-91
17
-455
-7
231
-223
-14
80
70
146
-47
72
-21
-267
15
72
-179
46
-64
193
125
-20
71
164
-313
-41
-133
196
-384
-11
-242
106
24
361
86
97
19
177
-15
-57
-44
94
-252
-208
-340
135
-286
-355
219
-19
-48
24
-8
-132
6
-82
-137
-428
-287
-82
-172
109
74
136
-57
-70
-233
232
51
-248
-60
-167
61
32
-146
148
190
-80
-127
176
-74
-182
-271
-165
-224
131
330
-33
125
-122
119
-97
90
106
19
39
-214
-67
176
-299
-67
-57
64
398
-185
-87
-50
4
-50
-112
-270
-318
-39
-101
22
71
29
-381
-330
26
-92
123
-434
-122
-153
90
-149
-33
-529
-179
49
-245
56
-27
353
-78
268
91
41
-141
-140
-277
-311
36
-227
-223
-149
23
204
65
50
-329
-9
-77
-127
-155
-115
-527
169
-316
-410
-167
258
-234
168
-27
121
-113
353
-56
13
34
-186
248
228
222
38
11
197
-196
346
74
-31
-208
-16
-167
-364
27
-190
-258
419
-177
-146
138
-179
19
13
-45
274
-126
-122
270
326
210
-200
-52
256
-35
-251
79
146
-208
-415
233
-47
105
164
87
-10
218
88
-87
-136
-236
553
184
155
29
55
99
319
278
-254
189
237
-316
-70
-99
32
-73
-75
-116
126
-74
-56
-206
212
128
-249
258
-113
-141
217
-67
14
164
-201
-239
38
30
-180
442
-59
72
55
-600
21
-31
-36
-383
150
21
109
-188
-26
91
-15
-348
-170
-124
-147
-20
-282
-83
24
115
-342
-299
-89
142
88
-5
-20
139
-47
194
-285
311
43
34
191
56
104
482
-132
-72
-245
-104
212
71
373
440
297
-364
112
160
-116
-24
-93
-467
-152
253
-291
-275
-42
-214
-172
211
-91
38
3
-61
-42
-131
-137
83
-22
110
42
-112
36
-179
45
-312
27
169
-266
-9
122
-287
-193
149
122
-407
-332
-78
3
31
28
202
-178
319
93
-283
130
-216
286
138
-231
-20
-259
241
-127
102
148
-73
74
-41
219
283
278
-27
240
-109
-82
-71
59
76
-354
298
173
408
76
82
-26
-400
-144
-271
331
222
28
-151
26
-263
130
-174
-117
-1
79
329
112
75
-274
189
254
-131
134
-210
657
14
-135
21
-233
122
-397
135
-188
262
-72
373
-107
-317
-144
199
12
296
0
347
-40
-14
252
-158
55
370
443
-28
-334
-33
-83
-114
43
51
360
-141
126
57
-180
-160
-439
183
202
34
-149
-137
-134
46
-49
-132
39
221
229
-442
47
-274
-35
-14
-87
-25
74
40
365
-84
210
-203
-134
119
-339
-17
-59
193
9
-107
-267
157
328
82
-131
36
56
191
201
-2
-99
106
-148
37
14
67
260
155
30
200
365
-159
232
110
-384
463
252
-7
294
-53
-239
-26
98
-136
138
-330
392
214
-51
-78
141
180
243
3
241
-39
-50
-340
-282
52
-4
0
115
-14
-64
-72
-204
-219
213
-210
365
0
-464
198
7
256
187
-133
63
80
-31
-59
250
459
-94
395
68
309
-232
-66
-66
154
-108
-5
-144
-396
-178
226
-156
-228
26
10
79
177
10
79
-320
103
-121
26
442
-116
337
213
-48
-238
-167
170
-152
275
11
124
-246
-51
-194
-69
298
102
-139
-57
-195
264
6
-396
142
-252
-146
85
233
11
50
72
-50
295
-170
248
-233
-86
177
250
201
-11
24
-205
156
-40
6
187
-182
-92
-3
62
-152
103
-471
-126
112
-85
261
228
-154
154
52
374
241
-28
-179
106
-82
292
-231
65
318
1
-57
-22
-22
-157
-68
21
-33
-237
-319
55
142
121
317
-80
208
148
74
223
-116
-187
162
-93
231
39
-222
-35
108
203
94
24
-350
-9
126
370
-71
-56
86
-17
232
29
-22
77
-178
-81
-114
-32
-26
222
164
-279
-116
-37
-219
-22
174
22
-83
79
-64
88
62
295
-275
108
-116
-112
-107
-58
525
488
270
162
-73
50
-81
-234
-93
-342
-54
22
-156
-78
-120
132
-261
-90
-147
233
166
-90
-121
234
80
39
101
-33
400
54
272
148
-58
184
-29
-71
116
197
-59
-193
85
481
-345
-633
-61
166
-71
-117
64
39
-222
-121
29
39
27
406
255
-47
-11
62
-24
55
-331
400
50
87
-184
-50
-64
96
353
5
190
349
72
-165
-145
-65
202
364
207
-178
-32
79
-128
174
88
-146
-117
198
402
-61
-585
46
21
-221
-23
-73
45
190
-224
189
45
65
-138
11
9
-225
-66
-8
-49
-41
-87
-87
-135
-19
224
136
186
295
-225
-173
158
-321
49
27
-76
155
75
12
-44
102
238
-96
-368
164
-290
-428
-8
-27
-281
-202
-191
-411
-60
50
-121
89
-74
-73
211
-203
-145
-38
-114
162
238
-132
196
-167
240
-146
131
73
182
13
242
-127
-184
-63
-43
-164
-147
-42
156
52
-117
-346
115
148
-79
249
-22
120
117
-118
-43
-58
-124
158
-233
-60
58
57
-195
185
-205
401
-334
-178
-238
-145
-89
302
-35
273
-404
-281
44
388
243
-246
-96
52
58
53
-425
-301
31
174
94
-245
-2
-230
-156
-161
-79
-43
61
-204
-64
45
-98
-155
100
-68
17
36
292
-61
14
-85
96
-107
-152
-60
339
335
203
-45
-1
-139
-60
-152
18
57
345
-187
195
31
-127
-260
88
-188
-193
100
-94
94
128
-60
159
-58
-51
168
-102
-48
-157
-81
-132
72
-400
99
392
150
111
-24
125
-25
288
-224
-81
28
257
156
-295
117
75
9
-5
-30
-26
105
224
133
-128
12
116
-296
397
-13
348
-57
293
224
-191
163
-111
-116
264
75
-143
-194
-2
-114
-667
183
-269
1
-178
295
-30
-128
36
471
183
60
109
37
102
112
108
-129
-33
-77
-87
-179
-254
23
111
52
-559
-13
155
54
9
164
-8
-65
31
-84
-141
207
207
-162
210
-307
-179
125
-31
-5
2
-84
-287
110
-183
-214
2
449
296
-336
-225
-9
149
172
216
88
309
400
-210
-216
-140
20
-192
254
-339
14
75
-18
-396
29
-81
187
82
209
121
-133
31
357
-33
77
-222
189
304
263
74
163
-224
-183
18
143
130
-140
18
-133
-49
299
-38
-260
-171
41
-112
-154
-266
309
-172
0
-26
-144
-193
599
183
-37
-135
230
-113
-376
23
119
-433
-52
23
85
-319
-98
303
-405
330
198
-73
4
-72
45
-44
441
-159
562
-153
358
109
-136
227
-84
-103
-81
136
-252
-190
222
-17
71
119
-278
-132
-150
374
-483
-91
-71
292
108
211
182
206
265
84
46
-82
-381
419
9
34
-70
248
17
-114
-240
-43
-5
124
81
191
-263
-80
-166
-50
154
229
-485
102
-456
-283
-261
96
202
-274
-125
177
184
-292
-167
-38
511
-122
159
102
-27
-37
276
-220
-137
255
-158
20
-111
-254
94
34
87
53
-162
165
-76
1
70
-354
228
-134
-157
303
-220
-237
161
93
115
163
25
190
-163
17
98
95
86
-39
236
-49
-55
-241
109
217
-199
-79
-144
-501
-78
99
4
228
181
-336
90
403
-76
-177
-295
208
-117
163
311
-132
-174
69
-45
-225
-162
-131
131
408
-45
320
-203
-24
-25
-21
237
398
135
-201
-3
96
-24
-161
197
-325
-87
-118
213
-253
196
92
235
-18
-7
148
-342
65
311
59
-259
-27
75
-364
-361
-122
-199
-30
285
-97
-71
129
49
-81
-67
-27
156
342
-90
128
288
-187
-114
-144
-143
-76
113
151
-237
24
286
199
455
5
72
-14
2
-208
292
18
61
267
239
-141
-21
93
74
-157
86
296
278
-37
342
-26
-17
-96
145
20
-99
97
-309
422
-31
-31
439
-144
201
-84
-254
39
-159
189
-124
358
-16
209
-67
-144
-156
-187
-94
-48
76
148
-27
21
-230
19
56
-339
194
-131
-231
98
-84
-119
-211
-231
98
95
-254
-33
-46
-318
-159
-21
-216
-18
-308
421
-207
-44
-4
-103
132
-253
-78
56
-279
-8
65
-120
-369
-176
-126
8
-123
125
-37
-382
-28
131
-78
83
-689
-32
16
81
-129
-143
302
231
-91
-290
-215
-136
-135
-35
-95
-40
-117
-87
0
-253
360
191
-255
-139
-320
-155
128
-46
150
19
18
492
120
72
77
172
-43
243
95
57
250
10
-238
-80
224
272
-87
-114
67
-274
-64
-230
53
203
-186
212
162
-100
73
16
81
28
-407
114
63
421
127
71
303
71
61
-139
71
284
49
238
-92
26
35
-7
-263
17
-7
304
-100
209
-74
-1
190
63
-79
85
162
-38
-137
62
125
40
308
366
237
133
-426
192
-174
-321
46
128
168
-263
-14
-2
146
-43
374
-62
-311
338
-90
31
-95
-36
234
-54
278
-38
403
-13
-13
-52
34
-131
-477
-300
239
-153
-114
-257
-176
-340
-37
71
137
-30
67
71
-187
-213
-17
-179
-52
80
352
21
-69
-207
-223
-16
-167
43
21
166
-164
-161
105
264
206
-155
33
169
190
-145
-94
304
197
-87
-87
181
-191
-143
-620
411
-48
91
217
47
221
-153
-111
91
161
279
-303
338
-193
87
-45
-253
64
132
196
160
-154
112
64
60
-3
-306
234
278
47
222
69
151
-287
89
176
242
163
222
285
28
215
5
384
195
431
-131
242
-37
-267
-238
165
-39
228
-33
210
298
-271
-148
223
176
275
171
-18
406
57
131
85
108
316
181
-25
-266
-158
-155
150
-145
129
-97
-117
-87
-187
333
91
-146
318
-113
123
-29
138
-104
-63
143
-85
87
-114
160
-48
365
106
69
74
290
-92
-132
-9
-119
93
-125
68
-229
-162
209
81
-222
-1
-71
-36
40
-185
87
-97
-222
-398
-142
117
-25
-106
335
146
-81
138
176
204
-190
296
35
211
-80
330
-285
-92
-65
-235
-13
-67
326
-288
217
79
-34
-9
-550
-135
-24
198
-41
-105
-218
-399
-367
-31
-109
49
38
-155
141
289
1
56
-130
-60
208
-124
-167
33
-160
189
114
-61
-67
-51
37
317
-210
-12
184
-150
-60
224
-46
115
-305
225
426
-169
-49
-191
-156
-144
-52
269
97
-29
-147
45
22
-222
73
365
327
349
-5
443
-61
272
-283
18
-77
-28
38
126
140
7
-43
242
28
-228
-357
-47
17
-45
-99
-83
190
132
252
23
-454
-275
92
-122
76
33
161
-69
-372
136
-156
136
0
35
-10
-231
66
-172
37
123
-65
-157
-40
-252
-357
-27
175
-31
57
72
-187
144
-114
393
201
11
78
-379
-107
-6
263
-210
-146
-250
-21
31
283
-57
-156
-407
-217
-6
64
154
-168
76
-102
223
-111
160
-359
-60
95
-358
102
28
-141
128
204
-33
13
-145
-34
-43
291
-345
33
-153
23
0
-375
-42
48
32
351
-26
282
-348
-152
125
-231
-46
-221
60
-144
-113
-128
152
-166
-39
-62
84
3
-150
281
-73
138
18
-155
42
-55
61
10
247
-213
-223
-25
285
-286
75
-181
187
319
-142
-234
59
44
207
52
374
29
-176
-402
-243
-12
94
5
446
-144
213
-109
-159
-87
264
-219
84
-190
-236
-57
289
34
372
7
-135
121
121
-260
160
-107
259
-141
269
47
572
87
187
-165
262
-19
-105
133
-240
71
191
76
352
-28
-249
213
70
-18
197
-348
53
219
128
156
-328
-346
114
89
-10
-203
127
-84
-22
-153
-36
2
207
18
-177
29
89
92
-106
-111
-152
-65
-356
205
-143
-188
-141
-111
-117
30
-2
416
-1
268
-113
47
292
373
-241
-236
70
-68
-245
4
-251
291
237
-74
-121
276
140
8
121
211
-5
-146
225
301
-131
62
81
248
23
-68
-70
-252
245
-162
-16
-83
248
51
422
97
-20
140
-185
-108
37
-137
150
-24
-10
9
-67
159
-21
-28
33
-52
78
30
-35
61
-141
76
-103
258
44
282
-66
-20
427
-26
-118
-63
-157
3
2
48
187
277
109
-355
-72
-5
-191
77
-39
-206
-47
330
-325
-230
-68
297
74
123
87
3
166
-66
-32
65
-347
-104
147
-160
97
-12
244
319
-284
-280
39
-281
-207
9
56
-74
-62
-43
-42
-82
89
-238
-75
238
57
-53
-335
-159
-209
-1
51
-71
155
94
-148
-14
-165
-366
84
-64
-88
115
38
-62
-225
-453
-242
-121
473
9
78
158
-235
184
-87
303
486
-425
-221
-322
-69
253
76
80
-159
-208
-232
35
11
186
293
51
-76
106
372
71
105
109
412
224
6
237
-199
530
-89
45
-27
-77
-102
-205
-178
-216
-99
244
-36
-343
-70
118
-102
-233
-211
313
-12
-47
-99
268
-31
7
143
-102
-17
11
-44
168
-176
-75
-256
-116
82
-239
-109
-164
-152
7
250
393
-45
20
98
-192
-151
-446
-232
44
106
14
-2
175
-161
368
-105
-89
-77
17
-307
102
556
186
105
196
-151
-21
160
-103
61
197
133
0
52
-236
-211
99
-120
-15
-203
-94
-174
107
32
-172
-30
22
-133
-305
48
62
46
480
18
-30
-222
-4
221
144
111
257
-286
110
44
4
3
-125
-360
55
16
161
-42
202
-11
268
227
20
-252
-147
-197
74
-281
-312
70
123
-20
248
-97
127
88
0
535
196
-7
193
43
-153
77
323
63
-317
-273
179
56
141
64
116
252
214
275
-50
167
293
150
226
-609
-130
85
-58
51
161
81
-34
137
-118
25
-158
-462
63
157
69
198
150
143
306
126
-278
122
220
-76
321
-91
133
57
-231
19
-61
239
33
63
-87
376
193
-234
-37
396
-38
-311
-132
200
127
-140
-48
258
-86
86
-174
288
-198
265
-145
-22
76
50
-56
35
394
212
-283
228
-16
365
-527
106
-224
180
-144
68
-328
109
329
209
341
208
92
3
-100
-117
-312
86
-169
0
-99
-133
81
-325
-120
193
20
28
-235
-394
4
-85
-103
308
-107
73
-158
-39
-282
229
-93
349
-258
161
-259
154
-204
-19
-31
-190
-130
-487
110
5
-250
-48
159
104
-8
30
245
-173
-59
467
25
170
16
-115
-63
-178
2
-43
-184
341
0
-33
204
123
436
243
264
-290
50
-3
-7
-461
174
-21
66
-360
-31
-436
-205
199
-62
-48
-282
-117
-4
-223
-273
149
-7
142
201
8
193
24
-231
320
-177
-36
-233
144
-48
-33
158
-207
-314
-68
78
33
-193
-27
-269
-243
421
57
-251
-89
361
271
561
-413
637
128
-104
-244
-67
178
-55
-540
-75
-194
184
509
83
-27
-216
36
59
58
39
221
-125
64
144
-279
64
-145
284
-77
221
366
18
-406
206
367
-202
-68
287
-209
347
25
24
-75
-265
213
-67
238
77
75
158
100
150
-87
-7
-209
-192
51
277
-287
-75
-322
-111
-196
-12
-223
-11
-216
-23
221
-48
-71
-12
471
84
250
-233
-130
-16
-74
34
-185
23
-237
186
-303
-76
-56
6
-90
143
-62
-172
-163
-17
-72
281
182
-135
-119
35
-74
-254
195
-51
-189
120
208
78
-347
-279
333
-257
-64
-194
-350
-185
-56
-236
150
96
-342
203
-66
-27
236
-149
58
37
238
-136
-119
-69
205
80
17
-210
-136
-150
21
-217
0
-230
289
86
347
149
-319
115
133
282
125
23
-50
-182
45
274
112
-144
-81
-24
-113
136
57
-19
182
-166
-59
231
176
-262
-50
158
38
-1
-395
282
-132
-220
-79
27
67
482
-53
409
-156
-9
208
-228
-163
-28
67
-58
-97
-155
-16
212
0
-16
434
181
-160
163
44
-351
-234
192
-179
315
-355
-132
136
191
-54
-73
91
-255
-8
-154
-139
-581
-14
21
-190
356
34
-75
61
259
-206
-121
-229
-209
33
90
-350
-79
-149
-210
325
-248
-208
38
283
-267
226
-173
38
-251
-76
-29
323
-51
111
141
0
39
178
64
-35
-82
4
140
217
-188
128
-32
-34
0
-325
-248
420
-77
-112
-86
324
202
36
-50
-252
-243
-24
-265
83
-2
-308
-362
27
-23
-36
-324
-244
188
17
117
-116
108
155
-186
60
-43
-119
-109
-163
-223
-196
206
-17
-171
-80
-522
-142
0
273
32
-95
-104
305
-136
-255
302
235
132
-44
-270
-145
-45
-86
216
-180
-29
-328
-320
-187
-295
-18
39
-42
61
-34
-8
-99
-75
238
77
198
153
-96
146
-267
92
57
397
-18
-202
454
415
236
-168
101
103
-231
-6
-207
-158
-160
67
-77
466
257
84
-259
-4
158
201
5
84
213
-1
107
-113
-47
150
178
100
-175
324
-15
-314
6
-82
94
-59
43
334
78
-8
28
49
100
-13
-109
-426
146
-60
-74
303
-17
-208
-112
268
-53
-72
-87
-86
-437
139
-187
-38
32
-133
-67
-95
-309
-99
351
-316
-7
-105
63
167
-107
6
93
-107
-7
-122
133
-39
-56
-162
-171
25
117
171
128
-31
-257
-465
187
-60
-192
-310
91
-75
171
-19
115
24
-88
-192
153
193
-96
-38
-40
-14
-470
-33
-141
-129
-266
-143
291
251
108
-127
-191
-71
46
72
220
-83
391
-100
-13
50
76
250
-114
-192
201
-35
107
285
-116
103
109
-554
-66
-340
8
-150
199
102
-296
-89
-43
301
-82
24
-106
29
-250
92
220
87
155
-13
-139
191
-234
15
63
-290
234
-240
80
66
-43
227
-43
-19
-82
162
55
-70
-24
179
212
35
228
-34
40
-164
48
-173
-482
-346
-166
321
196
298
-352
185
-219
-170
13
-142
-434
-105
-331
-310
175
117
-86
-34
-381
438
-170
134
314
-50
26
-243
-217
398
-202
118
160
74
31
127
-473
-168
-131
177
-204
-217
-145
-254
-65
141
230
-245
-176
161
32
-217
133
-200
-57
-187
158
140
214
308
-141
-74
-37
-14
-69
-114
-375
-106
106
119
10
107
348
-335
-65
-245
-410
65
-239
-192
-315
-237
-299
20
89
-179
-44
200
59
-9
375
60
-132
50
40
25
45
233
-275
-176
-668
-38
64
-89
-374
-35
284
-19
-200
331
-385
-234
-86
185
493
55
194
-120
180
-7
-187
-402
251
81
40
-287
13
-145
107
143
-94
-178
29
-57
-62
-52
157
-212
-244
-54
-44
113
-95
-130
200
-246
-52
153
60
180
-52
-459
-125
-356
196
-64
-64
572
143
255
-261
-61
23
292
214
327
166
82
-3
-201
-11
-80
221
117
-393
129
212
27
9
-104
-9
190
-30
20
92
190
-175
81
-145
30
-273
-238
-211
300
19
-217
181
-66
314
31
-186
-593
27
-39
-219
161
-88
-137
-67
-147
-194
62
-60
124
299
-101
82
124
235
-96
-9
-288
-208
-113
193
-238
-206
-156
-305
-112
278
17
178
-64
35
246
-77
175
-288
-358
-11
20
91
317
-284
258
329
-154
218
-185
-288
87
-464
214
369
4
47
-173
-246
573
-98
8
-181
-80
-111
-103
2
-198
29
-280
159
-84
65
-449
85
24
75
24
4
168
-243
-502
-86
38
-27
64
7
376
-165
-72
131
81
175
262
101
-143
186
314
-310
12
147
320
-175
-235
160
286
-87
-193
-125
13
-56
-49
237
194
-102
-283
-13
246
-174
213
472
18
-23
-246
141
137
227
27
-69
289
291
201
-100
-250
79
-65
-51
307
173
304
-241
-68
125
159
183
81
-181
185
88
162
256
-161
143
-102
-233
149
-292
-28
57
-89
-121
-288
385
60
-146
145
208
-181
-13
220
-43
-90
255
87
-18
-85
367
-338
121
174
84
172
206
229
240
-348
-63
32
-264
-372
147
-152
105
223
-60
-236
-70
-27
118
126
-162
82
160
114
72
-44
145
-189
111
58
-319
212
199
47
71
84
-22
305
267
291
152
-227
101
-525
-65
-15
59
-269
229
270
-122
205
-114
-1
87
94
-282
-76
-116
-160
3
-116
248
-25
-263
229
-405
-213
-66
56
38
79
-202
154
-375
174
96
-132
-141
-145
-99
164
45
-136
-213
193
-51
60
13
216
-103
38
-113
-55
-426
-339
28
-232
198
235
-115
112
-43
47
-64
-125
-300
-53
205
201
152
-84
16
-280
-158
-10
130
156
-296
-9
143
209
53
109
311
55
59
-57
-240
15
102
149
141
-180
-410
132
310
-68
-342
-99
-205
-102
35
-14
86
-61
135
-108
22
57
138
-19
-67
-69
27
-186
-84
73
-203
175
81
125
276
4
47
103
337
-272
-356
125
-51
171
308
105
123
90
63
120
95
-339
-16
-287
62
164
-365
115
-172
101
-131
-42
12
-45
-204
-48
272
264
-47
109
-305
142
176
39
258
-212
-43
69
150
-74
118
47
-270
-192
-102
-262
199
-95
-190
-203
-308
-136
0
-16
134
305
-391
224
119
35
-162
-33
-42
-309
-39
-119
276
-90
-280
92
204
-247
-78
61
-57
-213
-564
-85
-137
-134
100
171
-41
-131
384
120
49
-5
11
-63
143
-52
401
183
124
37
97
90
-71
445
-142
-229
216
285
-216
280
141
-111
149
252
-275
-16
270
-5
192
129
-244
-26
66
-79
35
311
-73
135
56
-7
-26
327
-16
-121
-84
-57
279
-172
-124
133
-319
202
-241
248
-15
312
28
-77
87
340
-133
245
78
-76
-161
-105
198
18
169
178
143
70
37
13
-203
235
4
-72
298
-164
-135
-29
-174
7
282
35
-37
-48
-28
-354
-6
-29
-178
185
-171
95
-281
37
224
-55
-105
-27
103
187
164
-107
582
-300
-127
-109
-58
-36
170
-6
-328
-347
-244
193
-183
-24
128
-139
-106
-145
-134
128
254
202
452
83
94
111
215
-84
-20
-247
12
176
-538
155
-334
58
202
208
-48
-53
-44
106
411
-55
12
-76
231
-44
-222
33
-20
278
223
-73
-81
107
169
75
84
-113
-184
-213
-77
51
103
-249
77
-89
-235
-378
-78
-309
112
294
77
188
46
-163
-152
38
347
24
311
86
90
-102
78
279
126
-145
-146
176
33
192
-15
-1
324
254
-99
-19
95
462
127
-267
-87
-87
-278
248
-161
-413
103
37
106
-21
-292
-610
53
-270
202
132
446
-222
136
169
-405
-167
282
-170
144
-409
3
97
-95
-175
-278
-215
318
195
-422
162
143
-198
430
-410
-309
221
223
-282
199
199
20
159
-90
-139
-43
-263
118
114
421
-366
-309
-23
-86
141
-155
364
396
-26
85
-110
-132
-260
83
-165
390
-84
44
-130
76
-118
-210
57
156
-309
-214
-26
-444
-16
-130
-43
11
274
42
-31
-350
-377
-64
89
-146
-156
132
-160
-68
-234
24
-331
-11
-15
116
183
224
75
235
-63
-59
88
214
-408
57
69
-97
91
-193
-182
-63
-255
111
239
-41
47
-216
-127
-204
83
316
43
-76
-96
353
27
-194
23
-106
330
201
-70
138
95
-44
168
313
-53
10
-31
121
21
-222
-354
119
-269
165
-372
-513
168
-169
274
-7
63
30
26
-287
-32
-2
-204
116
-221
11
-97
313
-177
181
151
-74
205
-249
285
169
106
137
82
296
-211
44
-58
130
-116
-10
-77
-18
-171
200
207
36
-229
281
-265
339
-94
-54
-277
153
12
327
192
-303
238
350
-133
-99
-141
279
-143
-90
-172
-111
149
353
143
-126
-71
-262
-158
-112
197
-242
-66
205
-289
447
110
200
101
161
211
-164
-88
-299
161
-54
53
-38
76
209
44
98
46
-183
71
5
-101
-213
145
-158
-105
-232
135
-130
30
110
-314
-211
324
-26
-5
-179
-158
236
3
101
257
91
-46
-54
-175
-102
-64
131
218
-149
-158
190
-208
170
263
47
-39
294
-74
-275
-93
-313
-34
-167
-7
320
181
-37
-234
23
287
-62
44
-40
140
-30
-246
57
-16
284
202
-39
371
-116
335
-234
-285
-219
-283
60
-86
10
36
197
272
176
-91
-52
32
314
177
114
298
-130
216
29
192
257
116
-404
59
-40
-122
-144
226
309
-135
-93
-63
145
-52
180
-185
122
167
-46
411
-38
78
-744
-128
315
-3
-20
-270
-188
-12
-183
211
34
146
-45
148
-219
-101
-84
-97
18
242
-179
-180
-386
446
-109
28
-121
74
-92
205
-318
295
206
-289
313
-9
-310
119
142
-147
66
189
91
-95
156
-234
-159
201
102
15
-271
11
-80
-368
37
47
216
271
375
40
234
-286
26
32
42
163
15
51
479
270
62
151
-149
-83
368
-311
-330
17
-335
-142
120
-98
44
-12
42
-225
6
-67
154
52
359
34
-155
-124
-186
130
-23
-71
88
111
-79
-192
267
-139
260
384
42
-227
159
51
-141
77
-268
106
-24
-115
-68
-1
-58
195
-165
-119
157
198
-22
4
-95
-97
245
57
92
-134
-47
337
-113
102
-189
-94
-159
-86
79
-119
-367
-234
-240
-32
-43
-130
-283
10
-417
-18
-404
92
-37
23
84
108
42
16
-218
105
55
28
-17
136
257
107
-200
-438
117
258
471
123
24
-161
21
187
25
-33
-238
-75
8
-44
251
179
94
271
-75
-239
-267
-13
46
-68
-164
168
-21
-125
-79
35
76
-279
17
209
-240
56
25
18
46
-19
-248
-96
117
74
-43
58
-142
365
-167
-149
-91
54
-265
-94
503
-26
277
51
-117
108
-265
-153
292
185
97
202
-588
-71
239
-80
209
279
136
-186
35
124
-5
89
-124
-242
-122
-5
28
282
116
223
-132
-42
53
259
-90
-293
78
187
79
-28
-101
-2
218
133
19
-161
-138
-249
-124
561
-25
-45
-66
16
151
-113
341
95
-186
335
144
-340
-134
-58
194
-168
123
-158
90
-168
-95
319
-4
330
284
176
78
-196
299
37
-217
-172
197
-9
81
-49
-6
216
458
-92
266
-104
12
-162
-178
-215
-58
50
197
78
73
107
-107
-129
-43
-10
98
-132
92
308
-216
27
265
-54
367
-244
-4
-316
85
200
-180
-64
-38
-21
-139
-212
-48
-278
-135
-430
-18
-121
-219
-122
246
55
-84
-317
-83
-47
-125
-36
-132
208
-108
227
235
-362
220
155
-201
-49
-123
103
-321
-45
13
1
374
247
301
-69
-61
253
-293
-96
189
157
160
-15
4
-226
-151
217
52
76
18
-39
46
91
270
-230
40
-97
-43
-80
82
60
-426
238
73
391
13
-4
233
-26
206
-53
-180
0
320
65
84
107
-46
-252
-255
-90
-166
54
-177
-176
415
51
55
254
-357
-130
-24
20
662
-109
276
154
200
-143
-433
14
-171
215
-171
37
1
57
-115
-255
147
-151
-502
145
-177
-20
-230
-336
-8
18
105
-25
-130
180
199
-109
243
216
-46
-132
-259
177
101
216
101
217
-20
-52
-300
111
32
78
-72
116
-108
144
139
230
-36
-76
-58
172
102
62
-63
-148
86
60
79
312
78
-88
223
-184
349
154
259
2
-241
226
131
30
-147
-411
-165
-16
166
42
-196
123
176
64
34
152
176
87
93
-228
277
151
129
-66
183
-25
323
140
-351
173
-306
-17
-155
-28
-237
13
162
-164
-80
94
-37
-94
11
72
95
293
90
11
-97
-152
129
-301
-148
519
196
378
-58
-137
-218
-187
-119
-487
28
-216
-452
209
-191
-299
99
404
-426
222
-162
-155
337
288
358
-151
77
-18
59
172
-163
9
-121
-456
-195
253
-85
-270
-423
-183
-383
238
119
-164
-137
202
-224
1
-171
509
377
-18
93
-313
157
-233
-72
68
60
-211
295
-149
53
199
-414
75
-31
42
211
-19
-82
-85
211
-198
-3
513
-59
-160
-147
-103
-51
44
-274
-259
-134
90
169
18
-219
-261
300
-100
140
-249
95
-96
90
-131
-132
-7
-55
27
68
158
-70
228
37
-121
-339
-18
38
159
-6
-55
10
148
-227
313
-80
-333
-185
-339
150
-35
292
-184
-213
-137
98
146
-33
106
67
10
-200
11
233
-198
297
-15
-79
-264
-64
-67
-177
58
141
-39
159
-201
473
-112
-101
5
60
46
-142
-169
230
271
-130
209
171
-112
269
17
14
-72
-287
302
-240
-116
249
241
241
297
-174
124
-235
283
107
115
203
188
74
229
-54
-340
60
626
61
347
255
36
-53
-4
-228
-90
-42
102
55
-163
-172
-52
-69
-250
-183
43
-272
-14
-9
128
-66
-284
-337
72
143
262
-126
-150
88
182
156
-32
-137
241
-31
142
44
173
-146
65
-6
234
-99
-218
-424
-28
281
306
-59
-161
-104
-43
227
-37
-419
-9
43
-285
88
-277
-156
-59
-17
-74
-187
-91
405
186
-9
-132
-109
-157
146
-168
-20
-264
-104
20
-42
-37
-97
216
23
-62
-179
-57
-178
-184
63
-62
73
-14
-68
139
-112
28
-510
81
430
193
-187
-152
69
-264
-344
-261
315
-102
6
87
340
-112
27
193
-137
108
-272
-324
255
33
110
194
-236
-49
158
305
117
260
-117
-316
329
231
-120
190
-146
-263
225
70
57
101
-135
-4
-41
69
293
-324
5
-192
80
166
-59
-154
-124
36
-80
140
96
-68
-36
64
156
224
84
32
86
133
126
-50
37
70
-165
-87
-43
-524
76
245
292
186
53
33
101
-174
-28
71
-59
-159
-126
202
164
347
-592
-132
-151
67
-67
-585
-94
-123
-130
-359
-88
169
-45
92
53
130
-329
-11
-229
12
59
-314
84
-41
-117
59
51
-150
4
-123
-221
-24
-132
-64
107
-247
-218
-94
48
133
-261
208
116
-24
-275
366
-323
-167
85
98
76
63
298
-405
147
-112
-33
342
-5
-72
62
-213
185
188
173
-212
24
75
-9
27
-64
22
-167
139
-89
-401
-135
50
76
64
-190
-129
21
-233
195
-62
305
-70
17
193
-214
26
67
-108
-189
216
33
108
139
-204
-161
-50
87
689
-165
-161
-40
32
27
4
194
-308
359
-55
-108
197
56
78
-67
56
82
208
-131
-56
144
-123
-136
-251
-451
-232
83
-177
-218
-220
-3
-2
171
36
74
-169
-87
70
111
63
82
73
-156
34
-62
219
38
-366
-233
194
37
11
1
234
-10
184
179
494
-269
158
-119
260
-105
338
81
-134
-138
-196
371
57
188
156
48
56
374
209
149
273
449
208
354
83
-519
356
8
-223
-165
218
277
-201
212
-20
268
-328
384
132
134
141
-50
-231
624
-171
44
-306
5
-13
108
-373
421
44
45
224
115
-187
40
152
198
250
85
137
231
-296
215
51
-275
40
-153
-173
-219
411
257
-235
77
79
282
-164
197
-61
41
-97
-131
386
-24
-132
-131
-188
212
246
-280
-645
-55
89
-252
127
-338
-125
225
235
192
-33
100
-167
-578
-189
-73
-191
-274
-343
111
-210
243
185
-222
-150
-123
53
-70
114
-43
-10
-193
-20
0
-444
10
-81
241
-209
-173
-121
-217
-34
-436
-129
-67
-296
12
-66
-88
-38
-3
-185
-82
-285
-186
63
-201
-139
-317
-21
-193
-182
-99
230
127
-306
-15
173
46
-259
28
-32
-8
33
-140
-44
-104
69
-92
50
60
19
-499
-88
-364
46
-351
-127
-55
-51
-231
-144
84
373
-264
207
317
91
40
-370
185
64
133
-94
45
221
-158
-101
-78
-109
-35
341
180
-97
213
-194
129
-164
-195
217
-202
-311
19
249
84
71
90
147
122
-34
-254
9
345
-165
-76
-93
-24
-3
139
-221
99
-20
363
-166
-145
150
113
10
-249
0
316
321
-228
-79
123
1
421
-77
-306
155
-218
-75
189
209
-11
-27
-82
314
112
-168
-124
69
444
-29
-82
69
-174
-298
50
-51
-223
-117
279
301
-447
-30
-205
-46
-180
23
-326
33
119
-303
-310
171
205
148
30
-15
202
-35
-96
208
111
-154
107
583
178
317
52
-216
9
99
-45
119
118
-169
-25
301
146
-212
-249
190
-283
-20
237
-168
342
171
268
15
-251
167
-385
107
-2
78
-193
311
25
35
214
21
13
160
226
-92
-72
37
45
84
125
-154
271
-106
-186
-184
-296
-264
-136
-79
10
-64
-3
289
-26
400
1
16
-137
13
-28
-241
77
132
-58
-242
-167
-445
151
216
-384
-83
-204
59
-213
-58
41
-330
-77
-217
181
-42
240
8
37
-306
152
107
118
205
82
218
38
-110
-32
3
459
-246
77
-284
-155
-122
-76
306
72
-2
-371
63
-218
-172
-7
-70
328
-439
25
295
3
53
71
238
1
325
-143
153
-158
-95
192
-122
209
-83
503
279
-227
227
84
-148
-96
250
246
-106
-332
-5
-89
356
-17
-240
-39
-409
32
476
186
38
-197
69
222
-205
-256
30
208
229
-122
161
45
151
-92
-160
-151
-107
31
35
-105
50
-102
53
-181
-364
56
-237
132
238
-13
24
46
52
-56
-88
-161
298
-101
82
-124
-82
227
192
41
-151
-295
-226
-146
-9
-35
68
-277
-148
-186
175
-380
-438
106
107
-165
119
-113
211
-199
-216
-281
-37
100
385
-171
-287
-296
111
82
-128
-200
-286
371
-5
226
-96
-57
-34
22
-134
-157
71
242
190
-300
57
-243
12
159
52
-53
193
-110
-33
127
-109
153
94
96
201
-61
-48
-197
289
-121
79
-30
221
-39
-45
-74
-41
-142
-72
73
56
-530
292
120
134
369
-122
231
178
-190
179
-172
-134
-44
-168
-84
-92
-501
-15
-393
44
148
424
-79
-8
-134
63
-250
-273
218
-147
101
200
-36
247
61
-191
17
341
164
-252
-84
-329
273
-3
235
-142
-106
-161
112
82
94
-29
-424
-30
85
-99
-351
140
-54
-154
300
-126
-356
293
-277
-19
209
-192
394
-415
-188
117
-11
11
-102
137
101
-37
296
437
429
96
-431
-62
26
-105
-274
124
-44
-233
-209
-53
-392
-164
52
-99
115
39
-59
-254
-206
-155
-35
-176
249
10
95
-78
-8
227
-182
-195
331
-5
63
-28
263
111
-265
-129
-327
81
-98
-3
-177
-413
-9
-164
-395
-11
-56
27
45
-126
-116
13
54
-87
222
69
165
-58
-113
-375
284
127
88
-89
-208
33
-31
42
-179
152
-161
-82
-227
-336
-8
28
159
-328
-202
386
-164
-261
-120
161
144
13
-291
-43
-51
-324
-128
35
287
90
-91
-114
299
226
-118
217
-101
342
-240
-95
229
-316
-29
-148
8
-430
123
121
472
40
-226
-240
-87
137
116
54
194
81
-95
-70
257
21
-110
-333
-68
-257
326
-139
254
223
18
-52
-221
64
340
24
-13
46
78
94
191
-216
363
-100
-68
383
-157
381
86
1
92
179
12
46
133
-152
169
-62
125
-22
84
-167
-233
263
-362
86
74
17
-3
-127
196
176
76
-85
-16
-69
183
237
115
-325
75
30
-71
220
-109
-226
-232
-203
-190
45
-241
-205
-164
-199
57
-146
10
471
109
16
244
24
-77
42
129
-187
0
-625
-60
245
29
259
84
-95
215
-506
-60
-114
-113
40
17
-166
28
-202
299
186
308
-470
65
-216
119
171
165
12
-58
-276
-79
445
355
260
-42
-58
393
-39
182
-281
223
-181
-37
-56
82
193
285
344
189
338
403
-310
394
19
241
200
13
-23
132
58
-206
-201
-300
276
124
-27
-136
238
3
217
102
238
-266
-30
-399
-331
137
-261
-97
199
10
216
91
222
177
-355
-387
-237
46
-167
-240
-78
-298
-130
-41
187
-241
261
-8
247
150
-172
-324
-6
91
168
-14
101
-176
-14
30
40
661
384
420
340
-248
181
518
-179
-13
-62
-49
-248
-300
91
102
-287
267
129
104
-13
-106
43
429
-8
152
91
-9
-267
-3
-180
96
-121
-320
9
-26
-156
236
19
394
-197
143
38
-125
313
479
28
381
192
-1
-195
21
127
95
-75
-177
35
-404
43
-181
-101
-376
172
214
60
-33
-193
-75
-92
191
-155
313
294
36
-79
-144
-166
120
102
-197
18
-469
-295
134
31
129
79
136
-86
239
-7
-321
99
335
159
-141
222
48
-6
236
142
-74
65
148
-203
98
26
-201
-305
258
-41
-160
-73
278
125
66
122
75
571
-49
-78
20
-112
388
-239
76
-67
62
241
-391
0
-282
-41
185
20
-97
204
-202
-78
-376
-143
231
-17
-693
-219
-55
-118
-503
174
43
-108
-117
180
208
226
-248
-279
217
38
66
148
-65
128
23
226
171
114
273
-143
-72
88
318
-319
486
-27
237
276
96
59
79
-76
104
23
-177
60
285
-63
17
63
375
-322
157
-66
103
-270
196
-293
-7
192
-180
-387
-23
67
6
-344
15
-158
243
87
201
-122
-53
-34
102
-49
401
111
-59
-210
-173
75
192
65
-89
-239
375
122
-97
-258
-165
-131
15
-158
68
-50
-108
-155
14
101
17
-61
102
171
-140
-188
-358
-2
-142
157
17
216
-33
37
-215
100
138
50
-24
16
60
-169
213
265
69
-89
187
-176
-16
-225
214
237
-188
4
30
65
355
-114
-16
-69
-57
307
-218
-105
-16
-260
67
-104
-228
218
-209
-93
334
-510
-138
120
-21
86
-353
247
53
121
-140
-234
-149
-90
-8
37
-161
-14
-6
-133
-358
-105
-72
6
-149
674
78
462
-35
-29
2
-190
292
-138
63
-224
7
176
-151
576
131
-53
-342
237
207
-82
-526
223
-243
147
304
49
477
-261
61
-313
230
188
12
28
-123
-234
249
-42
-168
-228
-25
77
21
-110
187
162
229
-118
91
26
65
87
359
-39
-151
365
59
-182
43
100
211
122
145
148
32
-187
233
-24
-94
-117
140
98
-223
60
67
143
18
-154
27
-165
-199
-17
190
182
-5
132
133
98
45
112
343
-89
68
88
-52
-38
146
-457
95
90
-75
397
182
83
-72
-3
-275
-207
-42
-16
117
-97
391
115
-109
517
47
-152
-3
272
201
-163
37
-188
81
-36
149
-278
-279
261
-23
30
-214
-251
22
-240
-109
-138
-178
-109
-5
15
-91
-233
-300
-9
106
313
21
-224
28
-90
6
-260
-10
-202
-157
145
336
421
-260
202
-448
-224
0
-231
-60
-124
-90
-34
110
48
182
-111
-161
17
-9
96
337
66
-48
-285
-143
302
-153
-126
218
222
-248
-266
79
-183
-34
35
-11
-435
86
515
-139
339
62
-41
-68
-16
-196
53
-220
283
47
-134
59
216
297
265
19
-124
-233
5
164
196
-232
-227
-352
6
-279
21
37
-24
97
48
39
-337
143
-20
-220
-87
195
-105
121
-161
-362
85
-24
-48
-52
450
142
-72
-35
268
113
55
-117
179
156
145
-172
316
-41
408
167
-166
-400
-147
-165
-159
-4
168
-105
128
36
96
126
-162
307
250
-158
-111
-162
147
-210
42
28
301
-387
-2
162
21
230
-129
-50
177
-150
85
-23
-26
-86
153
6
146
8
-136
-325
-114
48
-155
-94
-35
219
-36
482
73
-194
93
149
-373
-418
366
-374
522
-457
46
-460
44
-20
-264
215
-115
-162
-66
300
165
484
-110
-125
-57
-85
-178
230
45
274
-467
196
122
425
-21
-370
-164
-230
59
-18
-223
-163
180
-213
99
-115
-10
133
292
-114
36
-114
153
102
239
-334
-164
-26
115
-216
101
609
-153
-176
461
201
37
-131
138
-171
68
-160
19
-198
-30
178
29
-192
81
-31
15
-115
-150
154
249
186
202
-41
-40
-279
138
157
61
-181
-169
-60
-209
-116
209
18
-133
-251
-207
-471
64
-409
281
91
51
-172
-81
180
-156
-209
376
267
100
31
-160
116
100
333
-214
-249
166
300
161
20
112
141
27
-17
122
41
-210
-14
93
-484
-157
-54
151
52
135
-16
-67
-87
210
-52
288
67
72
-439
261
56
235
-21
249
-413
178
-24
-153
129
-103
61
110
-75
31
161
80
-153
384
-1
-83
-328
-100
442
97
-117
-199
-144
-432
-95
168
28
72
160
-380
-97
396
86
-87
-120
-6
-115
-49
95
61
199
160
52
44
-14
143
174
208
322
-35
202
211
321
-43
-262
96
-176
-50
-128
-200
149
28
-77
-60
