33 61 81
0 0
0 3
0 15
1 2
1 17
1 18
3 4
3 26
4 0
4 10
4 27
5 8
5 12
5 29
6 15
6 17
7 3
7 32
8 17
12 27
13 24
14 7
14 20
16 4
16 27
16 30
17 2
17 11
17 19
17 30
18 14
18 18
18 30
19 2
19 6
20 3
20 13
20 23
21 13
21 20
21 28
22 32
23 5
23 6
24 7
24 10
25 29
26 27
27 7
27 31
27 32
28 2
28 21
28 28
28 29
29 20
29 25
30 10
30 24
32 4
32 25
38
9
16
40
1
54
48
43
37
0
18
31
58
13
32
52
14
28
47
39
12
24
2
46
29
7
6
51
22
50
15
20
4
35
23
21
25
26
41
59
11
49
60
34
8
44
17
42
55
19
33
45
56
27
3
10
30
57
5
36
53
76
-70
-32
-6
-75
65
108
51
-49
29
-32
100
93
-8
71
38
48
111
44
-116
-211
24
-8
-81
-69
64
-114
-14
-52
41
-90
-46
43
-46
-88
2
33
-208
-45
19
-51
-12
161
44
37
-20
-51
50
90
-46
-56
166
95
-48
16
-56
-129
19
22
71
223
83
-45
-24
-26
19
59
-102
-12
-33
65
-41
131
26
-61
23
-84
-41
-77
-85
69
22
60
-137
-28
89
-116
-24
36
-83
45
-77
-208
78
-1
-34
-110
119
-43
98
20
-24
26
-154
-70
69
-56
65
86
4
1
37
-4
3
-47
-50
94
-71
17
25
-100
-25
38
-45
-65
42
-17
-155
-32
-111
-7
15
40
112
35
41
118
-16
-181
105
16
49
72
37
133
105
2
28
-54
-3
-76
3
-53
-101
57
-41
-84
-51
-193
35
73
-41
6
-10
-14
-143
-87
-105
88
42
50
-87
-72
16
-68
-16
-37
40
79
148
-5
-92
72
59
-113
-45
-120
139
-85
24
-126
4
-30
-24
-86
-53
-53
104
102
-108
1
-20
-15
13
-79
-37
-31
-9
6
29
61
84
20
64
42
-20
-37
43
34
34
43
61
60
-59
-66
108
-67
32
22
36
19
-83
-45
-62
-112
147
54
29
-24
46
21
171
33
-119
139
-35
63
-145
8
-26
88
38
48
72
16
-69
-1
-33
37
16
105
5
-89
-65
73
-211
-231
101
-62
41
-53
-68
35
143
45
-189
-94
100
94
33
-55
-44
124
17
-37
187
-49
48
-38
-91
-66
-62
34
-118
-36
46
-142
57
14
27
112
-2
76
56
-4
-94
-157
-37
-44
96
-132
-60
-16
-40
83
-43
72
80
19
176
-13
-42
178
-19
-14
203
-5
-7
77
-14
-74
137
4
23
88
-71
-43
-167
198
-96
87
-71
42
22
26
47
43
54
14
157
32
-46
33
-23
-39
-87
81
-75
-34
-17
63
16
-22
61
-13
-107
-61
-1
-36
-19
151
53
0
-97
-143
-194
22
-167
111
-250
250
14
-99
-45
6
34
-20
-103
-64
-100
161
34
46
120
-92
61
-49
73
-20
-34
-111
-116
-59
60
209
28
95
72
-17
62
-28
-198
71
109
37
-73
-34
-56
45
144
65
189
-121
-89
-61
-12
18
-4
-37
-155
136
-39
-64
151
17
79
43
87
-182
3
28
-82
121
40
-23
-155
50
-83
-182
-57
-67
-38
46
-31
-47
-2
-9
103
-8
55
23
98
-48
-61
-118
27
89
-27
64
-25
-33
-74
233
-95
-14
-12
-125
56
36
-2
32
-112
-126
-51
-15
124
-150
31
123
-58
26
38
-79
-156
-53
131
-50
25
-54
122
-120
-86
-57
-41
-16
-20
-81
-61
30
-20
-66
125
-27
-38
123
-105
82
31
-45
-134
-17
84
10
-126
-39
-153
-72
-76
-16
8
-61
-191
-39
-7
76
-10
3
15
-172
-104
-22
92
-31
55
-39
-23
-147
-23
57
-111
6
12
22
-44
13
23
34
-34
-71
-23
25
-34
-29
-36
-26
-119
-53
66
-27
-145
144
67
-128
-19
47
26
248
-130
-142
-6
39
5
-265
-68
1
89
-89
-117
24
-59
162
61
162
1
85
33
-23
-15
-25
-43
16
-109
-62
-12
30
106
-225
105
-119
-57
33
63
61
43
24
-128
-90
-12
-44
-61
116
-25
-68
111
-107
28
-34
-115
-50
114
79
-19
-31
-92
3
-1
-59
-91
-43
-124
-28
-113
13
21
-49
-25
17
-17
16
110
121
104
-36
5
-197
4
48
-31
-85
150
31
-14
-164
64
-76
-93
71
-81
-37
1
-74
-4
32
-85
-26
-11
28
-22
-58
46
-102
-67
-112
-150
-136
5
8
-125
-24
57
-48
60
30
-45
102
-16
-19
104
-3
57
100
35
93
-42
-38
101
50
28
-82
91
64
58
-26
-72
-33
56
-132
-29
127
-2
-33
-22
55
-5
47
24
43
-113
106
-66
148
6
-47
-108
-60
8
0
1
14
-90
-57
38
-88
-19
-26
129
-21
53
134
88
-165
24
-3
-144
-104
49
-25
-91
69
-82
43
-58
19
-145
186
40
163
177
114
91
27
38
94
-3
-100
-60
-37
-15
82
-19
-20
96
89
102
86
-65
31
75
-32
-24
-76
145
-167
153
141
114
18
123
-85
88
55
12
187
112
22
-100
73
11
52
-158
97
38
16
43
97
-24
15
5
33
-25
25
7
123
-80
-59
206
10
-27
96
-13
-3
64
-41
44
-115
12
-114
70
43
193
7
-21
-265
65
-188
-87
3
-17
-166
-127
9
191
6
-12
125
-1
-26
130
-27
-94
4
-3
-47
50
37
38
-67
116
-43
24
-111
-23
94
-79
92
-75
56
86
-98
37
26
-21
-28
19
-20
49
6
-11
-40
37
142
129
-5
2
-8
-63
-91
-94
44
-44
-65
126
-1
79
-40
-62
-58
-41
-2
47
152
35
-8
-85
19
43
-48
-86
55
132
-97
9
-122
104
94
-44
40
-151
3
-46
-23
-66
-7
53
-70
-30
-2
-16
-25
18
107
-137
-11
-148
-35
2
-126
37
-123
-88
59
-74
43
-95
66
-69
-99
-75
17
46
-22
-75
11
138
-108
-74
29
144
15
-62
-7
-85
-75
-4
187
-32
48
5
-115
6
54
-26
-56
17
213
1
96
34
107
-75
-84
5
-47
-88
-50
86
50
-46
139
73
-61
-86
-134
-15
40
34
-9
13
-145
-1
132
21
7
137
-29
86
-33
-79
-52
-1
64
-50
103
-106
-16
-152
-72
6
-104
91
-111
-17
21
-41
119
-71
38
71
68
31
70
-41
111
102
11
-51
14
36
73
-169
4
63
-82
-71
15
41
49
-39
119
157
19
32
62
-122
-12
64
-44
-49
-93
-2
-38
-132
5
-125
-66
96
-11
10
-128
28
20
85
72
191
55
-5
-53
-40
-137
-36
14
47
41
-73
-47
-166
16
-173
-124
2
-94
-79
79
-49
29
31
-239
-120
-77
-84
-44
-46
-59
103
-6
11
-15
-110
-23
-44
207
1
-55
-174
26
-14
-34
123
135
-49
192
88
-3
-42
5
-70
79
87
-67
15
-127
78
-38
-104
-102
70
89
14
-1
14
-123
-14
-106
-171
34
39
22
122
-87
87
21
-29
-46
-83
19
40
-18
-48
-123
-59
-20
97
-1
-18
23
25
19
-26
45
11
-201
-142
40
-59
-101
-54
37
121
-37
58
1
-44
79
73
64
103
-45
57
94
148
-32
-96
142
-89
40
-170
-50
115
-75
-13
-89
170
237
34
59
-65
81
-35
-61
78
138
29
35
-64
15
18
-102
-17
-37
144
-13
96
104
7
83
-25
17
81
-11
6
-214
-56
87
72
0
-6
125
11
-45
-38
26
60
-44
-97
-10
-45
-40
83
60
63
-11
-133
-8
-20
7
41
-35
-75
-98
31
-22
49
65
-70
-40
24
121
-86
-75
-35
-102
51
-86
86
74
-37
95
-44
-93
-1
-63
-163
-11
-181
-69
-27
97
-5
101
-86
-32
-68
-62
-74
97
75
9
-36
-38
-54
-30
-116
-21
-36
-11
-146
-32
-50
44
83
-5
20
92
-30
-6
149
61
115
61
-98
-20
-36
-10
-56
44
-3
126
-51
50
-18
-60
-43
-65
4
70
23
-35
-96
-102
7
137
73
102
-128
31
-3
-17
-20
9
45
-27
29
9
-73
-30
-134
-40
-15
111
75
-84
24
-101
-4
45
5
4
52
81
115
37
-74
-111
215
-106
-22
-155
12
-39
68
-24
14
-76
48
78
-9
53
133
31
5
10
-274
44
-28
-51
17
-219
-118
-128
-116
68
164
-1
-1
-2
19
71
-144
-11
-55
26
84
-34
-67
5
-133
158
153
-17
-14
34
79
63
-145
95
-142
-134
-45
-18
-57
43
47
23
15
21
123
-14
-146
-73
39
-22
5
-12
60
-54
-5
-121
-39
47
74
33
-230
147
-32
-4
-4
-57
9
15
-57
24
-56
104
-118
-37
-32
6
72
31
-141
142
-66
-142
196
75
97
167
-17
31
30
27
139
-129
-15
118
-16
-21
-65
47
86
-55
-67
-21
-170
-135
67
-245
5
-83
-52
-47
-95
65
-76
86
119
38
80
-150
-13
-47
-108
-37
108
165
111
-26
-26
-45
154
-39
-69
73
42
65
-98
110
24
74
8
3
60
-58
48
-1
-97
-139
77
-118
-122
14
-9
-53
163
-69
-5
49
89
-116
40
6
-22
-63
80
-3
11
128
199
-55
-103
-54
-28
85
116
84
-112
121
121
-25
45
38
63
-21
-31
-8
75
24
-29
40
-96
-36
-298
20
-196
102
-48
112
25
32
28
-53
3
-110
8
-138
-55
-94
-19
-52
7
165
-12
-145
-28
79
118
92
-10
-46
-1
38
103
59
-100
34
-57
-46
97
29
-37
-46
-6
-48
-7
-130
-124
44
72
-43
-6
108
14
-135
50
61
-32
-98
-29
151
-42
152
56
-45
-10
-18
11
61
-74
-45
162
21
-12
-12
14
39
34
-20
85
75
161
38
-47
167
-82
143
4
37
55
56
-62
-14
1
-23
85
107
168
-22
-102
-30
81
84
-15
-72
59
64
14
85
-35
-206
74
48
5
-2
11
18
51
-102
-45
19
45
-80
-56
-36
40
40
-32
54
173
-32
42
30
-21
101
-23
-141
29
-101
175
-59
16
-154
-32
-46
-146
82
-2
93
-271
37
79
35
-106
147
75
10
-77
45
74
9
-50
-16
-121
22
-96
92
-17
-47
22
-42
13
95
-14
15
95
-56
-113
111
54
64
-67
65
132
96
84
-25
43
-81
-158
-4
-59
-63
94
-15
143
18
32
-72
-67
57
-43
114
75
68
-16
121
-37
190
100
29
34
17
-195
-31
-114
20
40
-47
6
40
157
-18
83
-125
-18
10
-55
-70
-36
156
-93
-56
46
106
28
22
49
-43
10
-24
-86
-58
109
48
-61
-112
0
-111
19
-109
-100
-15
26
-35
-22
-67
15
64
-51
-18
-6
42
15
69
-108
-157
-126
86
58
20
23
83
113
-60
86
-54
33
64
-40
12
4
-62
-106
19
-139
-159
83
-46
-74
-285
-33
94
-59
-160
0
40
17
63
-70
-125
-37
-112
92
5
-23
-50
-168
11
55
-140
-51
159
79
126
59
-70
-192
9
18
-33
26
64
93
23
-22
-49
-5
94
-25
-21
46
-48
-54
-97
-108
-21
0
116
-68
3
-77
95
106
104
22
-13
-18
-34
-254
80
33
-193
79
8
-51
-7
-30
118
54
105
185
-17
36
97
51
27
-50
16
-59
-88
22
-75
-50
97
20
-39
-23
157
-15
85
-103
53
20
97
29
51
56
-28
49
83
43
6
82
-14
-94
-62
165
-40
65
-126
-140
-105
-38
106
207
-76
9
49
-92
152
51
-75
-58
27
55
9
72
39
-27
165
184
73
90
59
9
-66
-4
82
7
-107
79
55
30
95
-28
-25
18
32
-79
-52
-101
32
-29
38
-2
13
85
81
-42
-107
-28
8
-211
-24
-38
-120
-105
115
38
1
-122
17
-109
19
68
-55
-38
-36
67
-44
-146
-56
54
47
105
-29
-149
118
70
121
-133
19
-69
-70
-54
-3
46
-86
-3
-111
72
-117
-32
80
29
3
-17
61
-27
58
21
-133
-182
163
12
98
8
-61
-22
161
-9
231
-62
52
-190
-165
-132
-44
37
-100
28
-13
51
7
15
23
110
-41
100
-67
-62
42
-8
97
52
-35
72
117
-33
73
39
-28
21
29
-144
-11
-48
-91
-48
-76
-34
-95
108
-13
34
135
23
-19
79
-82
-197
31
66
41
75
106
9
130
-32
36
115
-61
-15
-26
51
87
-83
-91
22
-79
156
38
-105
-114
-47
119
-37
-1
-59
-3
3
136
58
108
-61
10
-37
100
54
68
97
-44
12
-90
91
59
-61
40
-14
-31
-106
4
10
56
61
119
-7
43
-3
-5
36
36
93
28
-30
-43
59
97
-35
-5
-41
102
22
-88
52
-97
-36
144
-62
-140
-48
49
46
47
23
-21
72
-90
-55
30
-156
22
-87
18
-106
218
-61
29
-16
41
6
-128
-139
12
-93
135
29
-109
9
89
-94
21
-1
-47
12
50
13
-57
-20
-129
-56
70
-24
-78
-163
23
-88
120
102
56
-110
74
-52
-108
-75
122
80
19
-50
59
89
-92
-99
220
144
-55
-6
-8
-100
72
14
34
-131
-103
112
23
-80
77
86
155
-58
-44
85
-57
100
-67
45
57
28
-89
-72
-103
6
73
10
197
54
-106
-41
20
23
-128
39
-4
114
11
3
-31
-54
27
-85
-79
-20
-17
48
52
196
63
23
-43
26
21
-37
61
-24
-139
53
-17
167
39
11
113
11
-85
40
-44
30
54
45
92
-64
-74
-42
207
-119
-181
107
77
-118
-116
92
78
6
93
53
-102
12
-86
-51
-3
-31
143
12
-6
203
127
15
119
-81
50
88
47
-2
-101
12
-41
131
105
104
36
58
92
28
42
109
193
-110
114
168
112
-18
36
80
-74
3
70
-91
-36
7
145
182
23
-11
46
-19
49
101
122
-47
-95
-20
45
-46
39
-54
5
-96
3
29
59
38
-94
-38
123
30
-70
-119
18
-154
-81
-56
36
-13
-25
58
-15
57
42
-119
21
-27
9
10
-79
-39
36
-52
-84
94
-62
-47
121
-30
52
-3
-44
-112
-67
42
13
-78
-171
137
-49
126
42
-53
167
78
22
-67
45
54
-73
49
102
9
-122
159
120
-67
-9
-129
-15
61
-66
-69
-143
0
81
49
45
-44
-37
20
91
148
-4
162
-102
61
-116
-17
90
-31
117
115
-27
-120
136
97
-131
34
-19
-74
118
-20
46
-144
-102
-23
68
19
230
162
65
77
128
-21
-154
99
-59
-195
-123
-52
-49
-77
-155
34
115
-59
-61
1
-101
-44
130
-121
45
-154
-74
-1
-19
-38
-130
-27
-5
69
17
89
-8
29
-7
-23
106
-2
-101
-5
2
112
-72
-86
98
-106
4
32
-4
143
80
6
183
80
2
-18
-146
-86
-25
37
-80
1
62
2
-105
60
-50
35
-2
-69
-31
109
50
72
-15
-11
-5
41
65
-3
83
58
35
78
-37
135
-70
69
-55
12
1
44
-69
-93
-39
-36
-45
1
-88
-31
193
-42
23
-1
27
45
-22
-9
7
-6
49
-24
-223
36
-215
-11
-66
117
136
-140
81
-128
11
34
14
-43
-100
109
55
84
-73
-29
-116
6
-76
32
43
-61
155
29
55
-31
-162
120
14
-2
-127
0
-26
24
-55
-34
-10
-20
-62
-97
10
5
74
6
-23
-76
-25
80
77
114
-134
58
96
84
24
-46
35
72
59
-1
-67
-8
-120
-10
81
-18
4
39
35
-145
-12
-95
155
-152
21
51
122
12
19
8
66
4
-75
-154
65
-51
30
81
-32
-57
-114
-117
133
197
-147
83
1
61
-22
-17
79
17
120
-66
112
79
-87
142
-58
91
87
-30
-24
-109
-87
-75
-2
-199
-52
-12
43
36
3
15
-88
-18
-27
165
-132
-108
-139
-13
36
29
-37
-127
-87
-15
24
-37
-187
66
93
-125
-45
-98
47
-20
-144
7
85
6
42
50
-15
30
-86
-110
-40
43
-22
10
6
-103
-28
-76
17
63
139
50
-73
17
-119
-100
-125
13
123
-108
57
-97
-136
-22
17
101
105
16
95
65
11
77
-94
-52
0
-21
-104
27
-104
-121
58
158
-18
-177
13
-48
-14
-34
-53
134
42
-56
53
125
-125
52
-7
-104
-49
4
126
-126
-43
34
138
-1
135
-23
-27
-64
8
-66
5
57
-109
16
-112
49
-3
-35
91
29
29
-105
20
-29
-105
-97
45
49
-21
19
-100
-25
67
115
-5
38
30
39
5
101
34
-77
21
97
-94
13
97
-35
-74
-146
0
52
72
-73
-100
-3
-59
-111
-63
14
-69
-52
-31
132
13
-121
177
-99
-119
30
-88
-83
-85
183
-96
-84
-88
38
-13
27
-75
-116
-101
-16
222
-44
31
198
177
-59
-64
54
-117
-46
-97
85
-71
-44
-48
15
63
72
-23
8
1
49
61
-53
19
99
-169
-105
-38
27
-53
134
-146
40
238
-73
-48
56
-75
18
76
35
-67
-74
-17
10
44
-90
23
43
13
70
104
40
-34
-99
-2
82
-48
-38
30
69
-34
144
40
2
45
-9
42
145
-11
-29
-14
30
-26
-33
17
-12
111
27
20
177
-156
-148
103
73
11
139
-20
-18
-60
-13
-103
141
-71
-52
-17
-32
98
176
17
40
-45
-41
60
-99
20
-81
-39
-39
-109
-32
-19
81
131
26
34
-23
7
-63
110
83
-11
-77
-18
114
120
11
-51
23
-216
-102
-139
-44
-83
-135
18
109
-134
51
57
-21
-82
-106
123
-36
-28
-10
141
-42
10
-40
73
139
-44
42
30
-85
-108
47
117
34
52
-58
-86
-42
74
-37
-14
-156
37
-91
88
-25
-25
-75
157
-10
-6
72
125
-43
209
-36
51
47
48
-24
-20
-60
26
5
111
-71
6
22
134
-179
-111
-84
-42
-31
-80
-106
-133
-31
34
-126
39
-90
-21
-5
-33
-56
19
-163
-126
62
7
-52
-5
74
57
-98
127
164
36
-84
28
-67
85
-112
4
107
130
-49
4
-124
53
-74
-38
-85
45
190
75
1
104
-58
-74
142
-67
-146
15
65
171
-20
117
53
143
-1
-140
23
-86
-19
62
82
14
-73
-162
79
-33
126
-17
44
20
44
211
68
-52
-9
-25
134
71
2
-155
35
-71
-6
187
-24
68
84
86
-131
-5
72
33
48
129
32
-38
-51
-124
16
-113
99
77
55
148
88
-13
-22
-103
83
28
121
-8
-24
89
-99
4
-98
57
17
-21
9
-103
40
12
-7
109
-131
-65
-26
47
-38
26
55
-86
-52
5
-79
-24
-38
-45
-89
-102
35
-78
-60
88
-7
-8
178
87
-30
12
50
-76
84
-150
-45
60
-117
-90
18
-149
42
-47
-139
114
-104
-101
114
-4
-71
-65
31
-24
51
-99
41
6
7
71
2
63
63
4
22
-76
81
-102
-56
47
-129
-63
-24
-39
-203
-71
21
78
113
-43
95
-95
-39
-74
-78
-40
133
67
106
-95
44
60
-77
-8
22
55
-154
-182
-83
-28
72
-36
-83
107
-154
-6
1
-56
-43
49
-5
5
-48
13
-72
-65
33
-123
3
-19
53
8
21
86
-1
-132
-26
-43
-45
-53
-48
76
-43
-23
-42
-223
71
-108
4
-23
-55
69
-75
52
69
-101
-62
3
-13
39
152
179
6
21
-27
105
27
-57
70
-15
163
-14
-4
113
-77
-73
11
42
-123
-33
49
-182
147
-122
46
-23
136
-113
-10
234
30
-22
10
34
36
73
133
-145
60
12
20
-41
-130
54
223
38
69
-27
4
50
-44
-3
73
-23
-120
-82
-9
99
11
25
16
89
119
-41
-2
27
-35
75
-22
-76
13
8
26
135
18
-33
-142
-44
84
22
59
-155
185
101
0
18
94
-35
3
-83
93
7
83
49
-93
-38
53
-2
204
103
-68
38
-13
26
58
11
74
-147
73
53
136
10
-24
-58
8
-42
-32
112
-120
-60
-61
85
-31
129
-5
37
-132
-142
-112
-38
-49
118
-47
-64
83
-32
-12
61
89
-2
198
-54
68
-118
-23
16
103
61
96
-13
46
-11
56
86
-66
5
-74
87
-16
40
139
-131
-24
82
-118
-116
-86
-25
140
-139
-76
-59
25
66
66
20
29
-40
-68
-25
49
-91
-130
11
65
44
-52
9
83
25
100
-72
-71
-95
85
106
-5
-162
-22
79
14
-53
-150
151
-34
139
58
-39
12
-80
162
-78
-69
-50
-71
-214
35
15
-4
-48
-100
61
-37
-30
-79
28
-5
-2
8
-42
91
-50
-20
-14
65
17
-93
-75
-25
68
-121
-39
-10
-36
57
-21
-6
-90
-11
127
10
-17
-49
75
-34
144
-77
25
123
-22
-4
37
-7
-101
-71
17
-130
-14
137
-36
1
-72
-160
-22
-8
-67
90
77
48
44
25
65
-51
162
-89
-19
82
24
-228
-154
23
91
-122
-3
-5
9
-29
141
-138
89
7
74
-42
-21
-13
-38
90
23
-127
31
-4
-80
-28
79
7
79
8
107
-93
69
86
17
-60
61
-87
110
86
207
-140
95
-94
-42
95
56
53
-55
-34
26
62
-105
90
20
-82
51
39
-192
22
-59
-102
13
18
111
77
14
108
-23
-10
39
89
-10
49
32
33
66
-133
91
-70
-59
-6
9
84
65
-1
84
-26
40
48
-72
-87
138
-85
-4
26
-46
101
-4
-12
-11
32
90
-7
8
-18
-4
22
69
52
35
-59
-27
-58
-22
14
-143
33
-93
-3
92
-87
112
-60
93
-103
-100
-65
-120
-49
60
132
116
-74
87
141
-64
-107
95
73
6
-44
128
107
-23
127
-67
-89
-28
-152
94
50
-137
14
14
47
-34
30
3
-54
-98
-89
6
-50
100
65
114
84
59
-51
81
65
-57
24
151
-51
134
38
1
-109
-64
-128
86
-12
6
-37
-13
98
-55
86
-48
37
44
9
5
-78
-23
75
25
133
-107
11
-21
-16
-148
-20
-115
1
78
21
142
72
38
29
16
29
-19
27
-73
-86
-48
-107
-27
116
8
16
4
-15
-39
-145
118
-25
-114
-39
112
-49
-4
-113
-61
-133
88
81
48
70
-76
-15
33
46
-30
6
-64
16
14
-28
112
-47
-16
28
124
74
-116
75
-152
25
89
-61
-27
-115
76
21
-56
29
-120
55
96
-53
66
-18
-89
59
8
-36
93
-145
12
-59
78
-73
24
41
-29
86
10
15
-3
107
88
27
-23
-43
43
103
25
-96
-68
66
68
28
-57
-127
-57
192
26
-1
27
63
106
-78
-15
120
1
52
-69
110
62
-137
26
104
-42
-86
8
40
-26
31
-46
-25
86
-60
-10
-39
30
173
41
42
-60
93
-90
-29
37
-13
-21
-64
-130
2
116
-23
-91
98
49
168
17
186
-161
117
39
206
-55
-79
45
154
14
-66
-47
3
47
68
113
174
-28
-8
-4
-29
-34
-20
149
-101
-9
-19
32
-23
18
2
-137
37
3
-28
-129
-103
-1
42
-35
31
-225
-78
-50
-25
-298
-59
59
-71
36
53
-30
-14
76
67
0
-37
18
-61
97
-1
-57
-3
-118
-29
-136
15
-56
164
139
61
27
95
-38
-97
-38
82
51
-107
47
129
91
-28
48
125
110
4
-61
-40
-109
47
-114
5
13
35
-72
-25
-6
-61
135
-40
43
-202
75
1
-42
-38
57
62
-34
88
-82
65
-56
32
-111
-61
-104
61
-85
7
-126
-91
-40
41
238
-67
-84
-209
-28
-21
114
83
-78
-35
117
-89
-75
121
10
-90
37
26
21
14
-57
45
201
19
-5
26
51
-97
-49
-47
81
121
14
-2
-46
-27
79
-24
-29
78
2
-13
45
98
-90
-71
-56
-217
22
60
25
-23
-31
31
63
71
-158
-47
88
-201
-133
-48
45
33
106
-227
-5
5
-191
10
-63
148
-55
-59
-51
2
-152
29
-118
82
-18
12
-62
76
-66
-17
57
179
-84
-10
-26
103
23
75
68
-32
-74
-15
1
-58
-49
52
45
134
63
76
64
-107
27
-4
-24
-84
-7
-49
-133
-28
-38
54
127
52
30
117
-32
25
-38
100
190
70
-47
-16
-130
84
79
-67
-111
42
100
-28
-9
74
29
79
16
-17
-7
37
154
-60
134
-7
-4
61
61
-84
-107
41
40
28
-122
4
15
24
-76
-83
-33
-24
-42
16
161
47
-17
-36
-47
33
-24
104
-13
23
0
111
-23
-106
116
102
-20
226
-81
1
125
-35
-85
26
35
44
47
-78
176
-3
-115
-50
20
-72
26
-50
48
-16
12
49
-100
-31
-4
-64
-28
-11
8
26
10
-218
149
-15
18
42
22
93
-2
15
29
72
209
-76
102
-144
36
-132
-63
96
45
27
-79
32
79
12
173
20
179
19
-9
-20
42
-101
-19
-38
57
-90
30
-32
6
-103
-191
75
50
93
-103
-160
-63
24
-49
-22
-34
18
60
-46
-51
94
-13
2
-6
180
-185
-55
23
120
-69
-37
61
0
-94
32
9
26
153
-86
26
-114
95
320
-113
-34
49
58
-27
94
-86
-22
36
95
49
22
70
155
-84
-89
36
-75
171
-39
-59
-199
17
-35
32
21
143
-25
-116
83
-83
-1
113
122
29
-48
152
-66
59
-33
108
38
23
156
-28
110
-83
-8
12
146
-41
-181
-6
83
20
-45
-102
-154
30
-109
-71
81
-135
51
-57
60
-14
82
-7
-6
-103
29
-108
104
0
60
23
13
-33
11
110
7
125
-125
-8
-62
82
125
125
96
-111
-90
-60
127
111
-33
60
86
83
153
-108
-15
24
17
4
155
11
41
-174
68
-10
59
1
68
-50
-23
19
-73
36
100
27
98
-23
67
-4
59
-22
-64
-31
-6
95
13
37
168
-117
37
-49
-69
-9
37
65
106
-122
-21
25
40
47
178
5
159
0
3
-88
-68
12
-22
118
-28
-16
-23
-118
-89
76
-3
131
-94
-49
7
-27
-15
-46
-155
87
-125
-50
-69
-146
-110
-27
-41
61
96
85
-21
-47
-3
-83
-96
56
-98
6
48
-90
58
22
-15
-30
-96
-90
66
23
-11
16
129
8
-86
-65
185
93
94
-4
-25
-7
116
93
8
-85
-78
-6
62
-24
18
-98
43
-39
-46
-85
-79
120
-85
74
-104
-31
-67
-2
44
36
57
-91
53
-16
5
29
195
-19
68
140
41
-137
137
-133
5
158
-44
-79
-11
-17
-44
-45
14
-61
36
51
87
-110
-26
-79
-263
-5
-112
-61
2
62
-83
82
43
29
117
-45
-4
3
63
65
-88
-113
68
54
24
-114
-84
49
38
144
95
-181
-3
89
-28
49
-110
-4
-21
-87
-163
-84
12
132
102
-26
-46
-31
-79
-100
-84
84
-81
-22
-46
42
-69
71
29
98
40
73
27
23
-199
39
63
-105
-32
22
-61
-171
-69
169
-14
101
-173
-95
38
61
86
23
-49
-120
-44
-5
20
1
92
102
32
-37
63
17
75
-5
3
88
-146
146
38
-24
-111
98
28
135
-85
-16
-134
-70
-46
76
-47
167
51
87
34
18
17
52
22
-20
-101
-29
12
51
-191
106
27
-96
-61
68
-26
-120
-89
-63
-69
-33
113
-53
158
45
56
25
-94
-78
-61
146
-171
72
29
105
-56
46
117
-37
-121
117
-21
120
-7
-39
59
-35
-90
-11
-22
16
19
-3
-66
-56
72
-11
146
-58
109
125
23
-23
-48
-9
42
85
-51
-46
70
73
-109
-27
-8
156
-96
-155
99
16
-31
62
-63
-25
-57
154
-76
-3
50
53
4
-14
7
111
29
87
150
41
-13
-72
-66
69
105
-79
-45
-45
-130
143
-10
48
-112
2
-59
61
60
58
-29
95
-75
-72
113
1
-16
-85
4
16
5
-35
-104
37
70
0
-82
32
77
-149
82
-68
-33
63
109
40
-94
-142
11
74
-87
88
79
-24
-153
-160
29
-110
27
-36
-136
-20
-206
105
-77
9
-14
60
-96
192
2
14
-68
62
9
-65
69
19
76
74
-111
-21
-40
10
-96
-13
28
17
40
-115
64
-31
-66
54
37
-81
27
-149
156
46
-79
54
16
114
132
20
-104
-89
-11
-31
80
64
-113
-97
-73
1
-94
69
14
-86
30
-26
22
49
-106
125
66
-138
-69
10
-40
16
-65
-1
-116
41
-114
63
1
-52
-113
-26
-44
-88
-15
4
-29
139
65
-35
47
20
-88
-88
-60
111
-57
5
180
108
-22
-85
61
63
-72
-15
1
42
-3
49
-105
-101
50
1
6
-77
126
30
159
-37
96
-31
138
122
124
59
-77
40
-48
-100
-34
-7
41
-26
11
143
148
9
88
-111
145
38
-110
39
113
-12
-64
37
-53
30
-91
49
-38
-89
-134
-90
10
65
15
31
21
-1
94
29
-6
10
-44
-65
82
-72
-39
140
-70
-175
-77
8
63
-76
63
29
89
86
-82
65
-145
127
105
-82
13
21
138
-52
-50
84
-14
37
-76
-24
-13
-99
-19
-58
175
-55
68
129
-50
-13
-88
-35
-20
-11
-57
55
-32
-26
100
48
-36
-32
71
-58
105
82
36
92
90
0
-54
105
89
16
-101
-180
35
-42
9
-81
-101
21
37
-154
-108
-77
83
-74
32
21
69
18
27
-131
107
7
90
-163
24
25
-200
-106
-25
-16
102
-48
-74
-66
24
159
30
96
-133
38
10
123
-29
-147
-25
-48
-66
-32
129
37
-81
-113
-102
-106
13
100
112
-18
-65
-5
-33
53
3
27
-104
129
63
-50
-45
51
147
-2
4
-34
-48
115
11
89
-48
-135
51
-1
89
17
62
17
-47
66
-95
36
-154
-39
-101
71
-67
178
-46
101
-24
-37
9
58
-172
97
-61
45
-65
56
79
15
-20
105
77
3
42
-23
82
43
-130
67
-21
-26
-10
-45
-35
-86
-192
35
-113
60
-81
110
16
-17
-5
-69
25
32
-7
-31
166
9
34
-72
55
49
-26
-166
-177
-124
118
120
39
-13
0
177
-1
-129
111
4
-2
-9
25
-49
177
-97
77
-23
-54
115
60
-56
-114
77
-40
-115
-12
-36
-82
71
11
6
-107
-85
-108
-108
42
87
-124
26
-23
8
5
-165
-33
22
6
-149
101
-46
83
60
40
-97
-24
-78
25
-67
-47
101
31
47
-31
45
58
-14
19
-17
-112
-104
41
162
136
-169
-3
-117
7
-21
-94
23
52
-65
-74
31
-79
-139
-30
3
94
-113
6
-41
114
37
24
-74
14
-9
65
-89
-16
142
-36
-96
71
-206
-81
32
-79
-49
99
63
-164
83
6
-46
56
7
45
127
-87
-79
-29
-33
-23
31
-39
-136
37
-125
40
-52
-8
48
4
55
65
84
70
-47
-50
30
14
14
-44
73
-64
-91
23
22
41
-29
51
146
-88
-71
-111
116
-146
-96
6
23
137
-56
108
20
-25
-45
32
42
76
34
-19
46
-7
-88
-155
-58
112
29
-50
25
33
-48
-40
60
-38
-55
28
-55
-80
98
119
-179
-69
8
-98
54
29
7
33
48
-56
54
7
-111
-3
23
109
-86
22
-179
66
41
116
22
17
-133
-35
-60
-140
-10
50
-13
-74
102
-14
-80
-82
88
132
34
71
77
-88
-105
-37
-46
-119
-47
-127
-30
-59
-171
65
-47
-115
-18
-41
-120
6
36
-8
-76
34
47
45
-10
86
-134
-67
-130
-99
-169
127
-58
-100
-31
-146
43
109
-23
101
-91
148
-85
62
13
-28
-73
10
14
23
-91
59
-81
-128
38
101
-21
-145
-88
-107
-71
-152
-92
-69
-100
-99
90
100
-14
30
-7
-36
-65
-32
51
88
20
-95
-7
-21
-75
77
-85
-21
-11
-95
258
114
-98
-87
140
105
3
-64
-136
42
57
-97
-12
52
-25
10
-84
4
12
9
-12
46
-13
-169
-58
16
146
-20
18
80
70
68
-177
147
24
-190
90
51
-1
137
-39
130
-138
66
15
-208
-58
103
-107
42
-90
-57
7
-45
157
28
-90
148
57
-1
228
90
-39
2
83
9
-110
25
-103
18
-22
-78
91
64
-63
-52
-67
-93
-132
89
23
93
99
63
-108
-50
83
38
-127
27
-96
-16
-4
-51
-157
-113
6
85
98
-8
116
0
85
-93
29
-73
-57
-14
-10
56
79
9
16
-80
-31
61
-107
-70
63
30
26
-15
110
-46
19
302
175
-33
40
-60
-101
-67
138
-118
85
-23
92
-57
192
36
-191
88
95
46
-53
18
34
-123
-86
0
52
-80
-49
18
-36
-37
18
-22
195
46
-62
-43
-74
68
94
-53
-46
-262
168
1
-123
-5
52
46
138
82
-163
-51
-80
153
-130
-54
7
-38
34
42
-16
-50
62
-137
-131
129
4
-28
1
87
3
-106
-35
-107
85
24
140
16
50
21
130
58
17
12
135
-32
29
-30
7
62
-21
40
77
37
138
-9
89
-37
-14
31
6
46
-37
78
-6
-58
141
-169
115
104
-72
-3
54
95
-47
-41
-46
22
0
-61
-94
7
58
-119
74
-51
-8
44
50
16
-18
176
-88
0
-56
-86
107
68
-130
190
66
5
32
-79
-7
-81
20
1
-17
-56
4
8
-108
14
-61
-53
-91
12
17
-11
27
77
-97
62
-64
141
82
15
-166
34
-8
153
37
-4
-2
-128
10
-6
-50
12
26
-83
-106
21
148
82
88
-54
68
-48
39
156
54
-16
-76
112
-100
-81
13
-55
97
-23
-16
17
-54
3
55
16
-253
75
119
-16
-1
-12
44
105
70
66
-143
65
10
25
36
-24
-38
-64
-26
39
-86
112
87
58
14
190
-24
52
-36
-14
-15
-33
-5
-67
-31
-56
34
27
52
96
66
33
29
-38
-221
69
67
-29
-140
16
64
-82
-28
109
-24
-27
-80
10
1
28
46
73
7
-42
86
76
-114
-204
46
-129
-28
-5
-20
-76
16
-74
93
105
58
41
-88
11
-80
-23
-46
-124
-50
-24
-96
138
-86
-101
-26
-116
-53
104
-134
-119
81
29
157
39
0
-20
147
-20
26
-53
21
-43
-3
-59
95
122
102
-114
-14
71
-91
34
-10
-31
41
-60
54
47
-28
-72
9
-55
119
15
-189
-46
88
59
18
29
15
-159
29
-123
-7
20
12
211
10
-269
141
10
114
12
-58
-18
5
60
-50
-34
155
-117
103
-8
74
-26
87
-62
-7
132
34
-65
-31
134
16
31
54
73
-17
175
21
47
53
28
94
-179
5
33
76
76
154
-96
83
3
-77
112
-20
17
129
54
100
-24
-66
27
-45
-7
95
71
-58
65
43
65
-14
54
-28
46
79
-127
-50
-94
-78
-7
1
-91
-229
-88
178
58
-17
-64
50
-24
38
24
19
-10
-74
3
-43
-24
149
137
-121
25
-89
-41
-97
-83
-90
-25
115
62
42
-133
64
21
152
47
-14
63
54
-102
-168
82
-88
-53
60
42
-34
-42
18
116
-93
73
40
99
218
-15
70
-42
-93
134
6
-114
0
160
28
129
-60
50
-14
-96
-61
165
-13
11
69
19
116
-11
54
-33
-103
25
43
-52
10
24
188
-75
-32
-34
59
77
-69
12
-23
73
50
19
-3
22
128
127
89
-65
-60
52
-100
72
112
79
-122
0
25
-47
30
-29
-5
-28
116
-149
-54
-3
88
-80
18
95
-4
-77
-76
-35
36
-53
31
-71
166
-80
104
66
56
-140
-56
85
73
-110
54
33
45
54
30
-16
-222
70
-210
-26
67
88
25
-98
64
63
74
-50
59
-24
14
-100
-15
41
-174
41
32
107
10
51
12
-20
-23
-87
65
66
199
-41
-7
115
-99
2
46
-88
105
-67
88
121
129
-33
-58
59
109
-3
-197
44
-91
47
-2
69
-47
110
90
-3
-19
-122
-11
-20
44
41
107
-40
76
65
203
56
22
-10
171
0
58
-26
-178
-89
-62
188
145
76
-116
-44
171
-26
-134
6
160
14
18
148
-19
-6
17
-93
-88
-22
37
-56
8
-13
31
70
-13
123
134
-156
17
20
-20
-105
-142
10
133
-87
2
-123
-6
-76
79
124
-1
63
34
53
-99
-50
-169
-36
-128
-51
79
-86
10
85
-47
-53
77
-156
7
-162
-44
-11
-94
-8
99
98
-28
134
53
-52
-61
96
42
23
-181
-131
259
-14
160
-34
41
-49
-91
50
188
18
15
11
10
86
-45
-94
-79
-10
-9
-111
-34
-36
-87
-99
-54
5
110
-56
9
-186
54
72
-21
-32
91
26
-33
-1
-13
-82
-163
67
-8
-168
102
27
-40
108
35
145
-58
130
-15
12
26
82
17
-33
65
20
-16
157
63
-35
-69
9
-87
-81
-37
-139
-34
-83
-22
-80
84
-82
-1
-23
6
44
4
-62
46
-52
-59
-49
-41
-13
80
-112
-33
2
86
131
17
-2
-26
-50
74
52
-2
30
-41
93
11
3
-64
-52
-35
114
0
78
0
52
-52
4
31
-201
-65
-45
-10
-158
46
73
89
-12
-42
20
91
-50
-38
32
-10
8
109
18
-1
-110
28
29
-22
-11
-64
-36
52
-87
-19
13
9
35
81
-68
48
-121
-44
62
34
28
181
48
-12
-71
-76
-113
56
4
39
-93
89
-62
41
-40
83
-49
-157
1
-86
19
83
6
-119
71
-16
-21
122
-38
86
-4
29
-63
69
-72
-76
46
-123
24
104
-324
-12
-6
16
55
29
-77
48
42
-79
-6
-45
122
-114
-51
6
65
63
-27
-50
79
-113
71
-38
11
-194
6
48
78
-1
-30
-77
-64
-3
-36
-85
-63
-74
-196
-45
-36
67
-104
-28
-79
-136
120
77
-52
22
-24
-9
62
-50
93
72
-35
-175
34
67
-106
32
27
119
-105
17
-140
60
83
33
74
-24
74
-29
-50
-67
-58
-83
72
-19
-121
-18
20
-65
132
-56
70
57
118
-125
-29
11
-45
-33
-75
38
36
-26
53
84
19
8
309
-58
88
-41
-21
-41
83
107
-123
0
-129
-28
37
-6
67
-25
72
-168
-89
22
133
-91
48
-108
103
-147
18
-145
-77
-150
-110
-173
80
-22
-78
-53
101
-103
-131
-78
206
-114
65
-230
36
14
44
-83
47
7
-88
10
13
4
117
120
-162
-74
-27
63
-32
66
-34
-80
-1
38
-137
29
-55
27
-18
111
46
-14
76
167
5
-74
154
208
-36
20
5
16
105
87
-6
-50
-25
-33
-34
-28
-46
-98
82
30
-55
101
-77
104
122
23
-34
-41
-128
152
80
31
-94
13
-115
-7
11
-114
40
20
-89
5
9
-29
-81
-42
106
10
9
-62
80
-41
75
-81
182
-25
35
92
85
-16
-14
105
-145
-23
-46
56
52
42
-120
-11
-5
108
-94
71
-38
-67
114
52
-53
100
-29
-110
-55
-14
48
-87
-124
27
52
-6
-67
3
-42
110
8
74
24
83
30
-202
-65
-64
30
106
-58
103
-13
80
-118
20
78
11
-33
41
-111
104
-35
-13
90
-33
-28
-89
31
-37
-103
62
86
135
3
45
69
98
115
18
-159
106
-34
64
56
66
79
-68
-63
21
34
83
-138
-37
57
35
-31
-110
-51
-120
-17
47
47
-91
-4
78
23
125
-164
119
-1
-1
-91
62
123
-66
88
-85
2
-117
-37
17
-35
98
-11
84
92
-17
-29
-30
95
50
-87
44
-53
-126
24
-51
-105
95
83
49
46
41
9
-156
12
-40
17
-31
132
0
-42
-39
-27
-35
-30
-5
9
-15
43
-5
-37
-32
-56
42
-13
-7
-97
-31
99
-52
-47
-56
18
-44
28
-186
-34
-59
-26
-35
-67
37
-63
84
5
16
-117
23
-111
-55
-80
68
8
98
71
-140
110
-82
-82
41
73
55
-175
7
-18
2
-90
-38
-23
152
125
11
29
11
4
-186
93
-110
66
-103
54
-28
-7
79
-87
-175
-16
-95
8
-15
-41
-1
29
-176
144
-58
-2
21
113
-55
-7
-104
-25
54
-1
-60
-31
-123
5
67
-261
223
-12
-10
43
-58
68
53
-36
-68
144
124
75
78
-67
-21
-8
-73
-52
-47
116
49
30
-133
-147
-156
9
205
13
36
-145
-75
-150
-139
106
-30
186
-59
-99
169
45
69
22
-52
-44
-86
-9
-38
108
-12
-34
90
-136
-21
66
-68
-64
-42
2
-36
-159
-117
-65
-21
24
-105
-13
20
8
-105
-2
-23
77
-65
-22
-36
79
-53
-70
61
-2
81
5
32
16
63
-23
-6
-48
22
-57
-83
32
96
-48
180
143
-13
-14
-30
54
-19
6
77
-41
-18
11
136
5
131
-106
59
-45
-5
-26
-81
-52
0
-30
74
30
-59
-127
69
64
114
-44
100
-88
50
2
-208
-90
116
32
-5
-10
93
-43
-143
-82
28
-106
69
-42
-66
-62
-72
-163
145
-70
-104
-25
-47
-98
30
56
4
-6
-97
-26
-137
60
61
-79
-178
126
-178
-58
-49
51
-39
-96
111
70
-29
-15
-134
-28
75
-132
78
-43
24
50
-54
160
5
16
33
53
-41
37
-74
-98
159
-74
77
-34
-74
-112
9
33
35
-53
-114
-133
-2
1
-111
-76
-56
80
-77
-81
-99
16
128
-127
86
140
64
104
-26
66
-66
83
21
47
-40
3
138
-93
77
-62
92
-128
-36
-120
13
116
97
-1
-63
-5
-102
-6
-24
-6
-73
-11
240
-22
-149
-46
-7
208
-31
33
125
-91
-95
-21
44
46
6
-90
-6
62
21
-65
-57
46
41
-74
124
53
-112
-18
-67
-116
-22
13
-136
-51
-36
120
47
42
-1
-18
74
-57
62
32
-23
-133
105
-39
25
20
-66
38
57
-20
-10
52
-74
-69
17
60
-67
29
-21
27
-8
13
50
130
-91
13
-70
-50
-45
136
83
-9
110
128
-9
101
38
-80
-36
45
9
-50
-25
27
94
-24
-61
0
-29
-21
-48
-19
-71
-78
101
-2
-22
145
27
-173
24
127
13
66
-80
-20
-92
35
99
95
-62
62
223
-73
-70
-86
57
57
84
-37
30
77
11
-94
-121
-116
63
-20
10
-15
-163
-209
-61
-30
-68
-47
59
-8
47
-134
26
-6
-167
64
142
-155
-6
9
-33
-116
-14
-123
-76
213
-48
176
53
13
45
74
58
-19
-91
10
124
66
-43
49
168
-99
-98
-34
66
43
-120
-78
93
-1
-98
120
43
8
24
-141
68
-33
34
39
232
-43
154
23
-142
-11
-12
9
133
53
-54
35
-19
93
-87
77
4
-92
74
46
-23
52
-50
-35
-44
8
-39
-11
-68
-101
48
66
-63
32
126
-1
0
-31
103
-81
-88
48
-89
18
-39
73
192
-18
-141
-177
-22
-30
63
80
-68
-38
89
36
-34
142
31
-2
56
42
10
123
-38
-29
110
-11
-74
-23
125
-88
-129
-108
119
96
86
-68
-20
-83
7
-20
84
103
10
-181
23
3
10
34
-42
-17
37
-49
-2
106
-85
-97
49
-34
80
16
-32
-88
145
76
-124
190
-52
43
101
4
4
16
80
129
39
44
-76
71
187
5
11
50
13
201
34
-161
-2
-54
-128
129
5
58
-99
107
0
-61
1
31
156
-72
87
23
116
-173
-179
61
-61
-1
-29
29
-51
-108
112
-46
48
-72
-26
17
223
-103
76
41
-36
-100
45
-108
-45
-63
48
-156
-30
-14
114
30
-30
-1
-103
128
-88
-132
-49
-60
180
-80
71
-33
-46
145
98
76
80
177
69
-64
88
84
-93
145
-57
14
32
18
-89
-118
84
32
-63
-92
-32
147
20
35
-134
-85
-57
-32
-70
-137
-41
-108
-51
-44
44
-34
97
71
75
-40
-147
179
14
9
-79
-50
47
-29
41
-54
43
105
60
64
103
13
-9
-64
-1
-27
-54
-5
107
-127
-173
-1
49
45
-31
2
-126
65
52
-41
72
-4
-12
-122
-132
-95
29
98
-25
58
-5
60
-185
120
57
-50
-17
67
-35
87
-87
-28
-47
73
25
26
-77
-69
75
48
30
-63
-75
102
-153
5
-41
-75
-90
99
-48
34
-46
12
55
-83
-51
57
-48
133
-29
29
-80
-28
10
44
117
-63
-20
-154
78
92
122
89
-43
46
-1
-57
97
7
-81
71
82
78
-40
-78
-26
10
111
21
20
-26
-30
18
-127
-68
-138
-58
-59
-3
-47
27
-66
-118
-25
76
-20
92
-16
107
-158
42
132
-37
-115
-39
25
-1
-3
-23
15
-67
49
-52
79
-20
-51
21
50
-98
20
106
138
41
-94
-23
-43
-28
-23
108
10
19
52
1
101
26
-23
110
-122
57
-34
-10
-65
54
29
54
-87
51
-55
15
-18
29
74
21
78
-57
-42
-46
-121
-45
-61
34
-9
-10
96
1
109
94
-8
105
-118
12
-43
16
-55
24
-74
-56
100
-149
-22
-109
81
-137
25
56
92
29
5
2
-93
60
-50
4
35
-79
-76
-101
94
90
-100
-82
26
59
-125
59
29
84
-99
20
21
144
6
-2
113
-82
-122
-8
52
43
90
109
54
36
-72
131
-100
35
-32
43
140
81
-27
75
57
-8
18
54
-15
-78
-65
-89
-1
-34
22
112
-5
-22
2
12
31
56
45
-18
17
-115
-150
96
1
2
-36
-7
-108
34
77
-46
-79
66
-113
158
3
-82
-79
-70
27
-90
-38
41
15
-83
15
24
92
-1
4
0
112
-79
-62
-42
24
-114
98
-71
108
-45
58
-21
-82
135
-20
18
84
-19
104
33
104
-47
-97
92
140
-56
101
-96
26
-50
25
56
-180
-40
55
-10
-53
-243
-11
-87
16
110
-11
124
-16
-21
-6
51
-4
-71
-10
-172
-1
-9
-8
-26
-137
8
51
196
-69
12
-47
-139
-64
-55
20
104
7
18
103
-9
51
12
12
-23
-110
-70
87
-84
-110
4
90
-54
-93
33
43
81
15
22
34
-113
-94
-100
104
-90
80
-90
26
-13
135
-98
207
65
49
-67
-37
-129
4
-24
-30
94
0
8
34
-10
23
63
59
27
-131
-37
5
-57
15
-111
65
-36
28
47
40
-140
37
22
-96
17
-177
-5
-34
-102
-112
99
46
42
96
100
-78
-110
-8
127
164
-35
3
2
5
1
-22
48
30
-68
-132
-80
43
98
171
-40
9
19
24
33
-19
51
-25
45
38
18
-159
51
-76
-58
59
-97
-99
-48
21
-40
-78
21
-13
-137
-25
-106
53
172
-29
27
7
-41
54
-1
7
-41
-1
-25
16
-112
155
76
132
-28
-8
17
97
-15
35
-28
-94
-27
101
-24
-56
54
21
-42
-34
156
42
-4
-105
108
-46
0
26
-6
-18
56
103
45
-192
45
88
112
40
30
-72
26
112
118
-14
-61
90
40
51
167
-2
-47
14
-108
11
-29
52
93
-5
83
98
150
39
71
78
-3
-8
-60
-166
-76
-47
46
-27
-53
82
-146
77
-9
68
-150
-8
-29
-25
-98
-21
100
49
-154
-3
81
8
-168
-54
-81
-9
-52
-92
47
-55
80
29
145
56
19
12
-109
-116
-19
151
-36
19
-87
64
-10
-112
88
118
113
-111
27
168
-16
-6
90
45
-108
18
27
85
16
122
-22
-143
207
-6
-75
29
14
-44
14
-201
9
-51
74
131
2
74
-86
79
97
-40
44
-53
91
-130
-90
42
198
-30
115
55
80
28
-60
-1
-12
75
-57
182
17
6
41
-69
-28
-82
-75
-5
51
-48
135
84
-40
92
-51
1
113
-154
-6
-43
21
-5
79
108
166
-54
61
142
-1
164
-153
126
-35
59
-94
-63
33
112
-60
118
-109
44
-44
2
9
-5
-58
57
75
10
-90
30
43
-57
111
35
168
-20
165
101
-73
-48
73
17
-69
86
-60
-237
-12
68
54
-46
17
-150
-16
97
-118
3
21
-71
42
-35
95
-35
-81
27
68
29
-7
92
-11
65
-75
79
37
-79
-146
-74
-3
-59
83
45
-5
-10
-95
23
-56
31
-37
-63
-142
114
20
-84
23
83
158
3
-34
31
-23
23
70
87
44
-22
0
-86
-6
-144
127
-76
8
-64
-173
36
40
58
13
38
-79
-80
30
88
-11
127
-65
59
-162
3
-15
-152
102
-18
78
81
5
84
-64
141
-44
-64
-22
-137
-73
-216
-213
-34
56
95
22
-74
37
-36
-93
78
-19
51
-88
26
-26
-133
-18
93
18
30
59
22
-16
29
162
-107
-6
-16
77
-17
35
66
2
-21
170
-158
26
-50
-95
89
56
-20
-95
-96
-106
-38
-47
-175
-34
193
56
-3
75
41
-2
94
72
59
58
-132
-3
-66
-2
33
30
61
-94
40
35
-96
60
-80
-109
28
17
-67
-105
-32
-87
-39
27
-107
0
-55
48
91
72
8
-46
151
33
-15
131
-10
120
-41
42
-64
-73
49
-146
8
-85
20
135
91
30
21
9
-86
-28
41
-46
-90
-33
32
109
-62
118
121
-31
167
-22
-91
-59
-32
37
-238
36
-31
6
-46
29
-16
-28
-120
55
-203
7
-115
181
-93
34
-78
-33
-168
-43
-118
-103
-56
7
-100
-141
-41
52
-155
-26
9
-9
34
-48
-85
59
-42
-118
-90
50
14
130
143
-31
-102
94
94
0
135
98
198
83
88
19
117
-28
-150
-98
-42
-31
22
46
-29
112
-142
165
69
55
-53
-11
-47
-80
-108
-111
-24
28
30
-11
-23
-62
-48
-49
18
-109
-99
-120
82
-26
99
-16
61
28
-11
-39
-52
-107
-26
9
54
-116
71
202
178
-61
-185
-55
-44
-78
60
98
24
-164
105
-252
42
43
25
112
27
-56
70
-232
62
63
18
-56
-22
-36
-34
-71
56
-78
8
63
-16
-105
67
-5
51
50
67
91
-21
18
-21
-73
-6
19
-67
-232
-13
140
120
83
-157
60
-75
-78
-84
-13
-99
-49
33
53
43
-6
-72
-81
109
62
-10
-22
-70
-36
-6
-111
63
-105
113
-11
158
-183
35
29
-7
-89
66
71
-131
138
45
-31
45
-27
-72
89
68
63
28
-31
137
-28
-95
84
155
2
-46
-49
-128
-90
-51
48
36
24
197
119
92
38
31
107
28
227
115
36
49
-206
52
-150
49
-172
16
-79
-99
-114
12
106
-7
169
-109
-41
-65
14
77
6
-35
-13
25
-135
-13
86
-98
-7
-152
21
88
118
-120
-56
22
-220
30
-36
146
-154
4
90
-63
104
-21
86
34
54
26
18
322
115
-3
-35
53
-111
-24
50
-44
177
-4
-23
123
-123
-82
124
92
-51
23
125
-20
52
-113
-98
162
56
187
-83
48
-74
-10
39
2
57
48
178
98
-42
-52
-62
17
57
-71
127
-59
61
96
-57
151
-67
-55
-101
-94
-63
-134
95
-70
100
-79
211
30
22
24
-58
-3
140
-16
-47
56
-68
-141
199
65
12
183
31
-49
46
-38
-37
-26
45
-17
18
142
-4
-51
-44
10
159
48
42
101
61
50
-17
-80
-3
59
2
18
15
-6
154
-10
81
87
25
-26
89
-53
-188
5
-11
127
-58
-10
0
254
43
-32
-7
9
17
38
-41
25
9
179
-9
13
87
-4
-72
68
43
-122
-120
-6
29
174
-10
-66
77
-42
-83
35
-58
-13
-43
-46
-33
119
64
152
122
34
-56
-50
204
6
19
11
83
-48
20
-105
76
101
46
177
-50
61
6
-65
75
49
141
98
-149
38
-84
53
-179
-19
15
16
-57
-68
99
5
79
-41
55
-3
8
-10
197
-70
91
168
158
41
160
-73
-52
-11
-7
-69
140
237
-14
66
-4
106
-127
13
53
-84
-35
-109
-145
-39
115
-11
48
-10
-80
-19
150
-9
31
-32
-67
12
92
11
36
-10
60
-28
-110
61
-19
49
-46
86
60
-20
-22
-163
-2
-153
99
-124
-18
-171
127
-57
58
-91
118
-41
-9
-31
37
-24
34
25
-46
50
110
6
9
14
-257
-82
-73
-54
-39
3
-66
53
-157
-9
-27
-15
191
68
-88
8
132
-25
15
71
-80
-69
17
1
26
-37
46
-56
-1
80
-244
48
-14
6
71
-28
-26
17
21
28
60
85
78
7
-94
-24
-95
8
175
-29
-89
-65
94
97
-89
3
102
-56
162
-34
-54
39
28
56
-76
-4
33
-56
9
-32
-72
74
42
-70
-43
-29
77
-41
50
-46
139
77
52
-7
33
-51
151
-63
15
36
34
94
55
36
26
10
47
-11
83
45
-96
-86
201
-14
54
20
-56
119
78
-105
153
22
11
30
-44
-42
92
107
-128
150
-22
-11
-34
-138
4
-118
118
34
44
-28
18
-141
-80
-96
25
129
47
21
-55
-36
40
45
16
-135
105
61
13
47
28
-86
-98
46
61
-43
90
-79
-122
73
67
-20
-50
-37
-75
-72
64
-171
-70
203
87
188
-86
-125
-64
-159
60
-61
-66
-88
97
-85
-120
25
-39
20
-113
-64
18
-71
-8
-99
158
-42
-63
13
33
89
87
-59
-11
-55
16
-12
-28
-78
170
28
-4
12
-109
-157
0
18
-47
-44
-116
149
-98
6
-110
-116
65
52
-62
-106
31
-203
-35
157
-18
-168
38
-44
-14
-26
-126
71
166
-81
71
-48
31
42
45
62
68
67
-71
52
-65
-49
42
-32
18
61
-7
115
190
143
-45
57
87
65
-5
-17
-53
5
11
30
31
25
-24
-98
109
45
-159
-3
37
99
-3
-67
83
19
26
-49
28
-94
-122
-20
89
-31
22
4
101
-62
81
91
14
25
-100
-22
69
-66
-4
48
-80
33
-58
-47
24
-107
-52
-90
14
-23
-24
79
34
-73
-10
-6
13
-123
38
-188
-47
51
8
25
56
-26
-39
-59
61
31
-56
32
-84
50
-89
56
35
30
81
67
23
120
56
15
-26
37
-16
85
-31
-1
49
-26
-64
22
33
156
-82
-10
4
173
-49
10
-66
86
36
17
-22
0
74
-138
-15
118
-32
-61
-76
-79
130
-9
52
68
-56
30
-43
131
27
-38
21
46
-42
88
95
-9
-125
-18
110
-44
-20
-107
-104
12
-34
-174
-14
126
22
-72
51
-149
92
166
27
-21
194
51
-46
165
-15
94
81
29
-50
2
-15
-40
-1
-9
-80
17
16
-67
130
126
-24
-19
14
9
-78
13
134
-25
171
-40
-115
26
-54
-145
95
-5
-82
-144
-92
-21
130
-28
-19
98
9
-79
101
-96
-1
17
-172
104
-3
-78
37
-25
-2
112
-167
-96
11
27
9
-12
122
98
-8
34
-207
78
-122
57
60
248
128
