31 77 256
0 1
0 19
0 21
0 24
0 27
1 0
1 4
2 19
2 20
3 8
3 22
3 23
3 28
4 9
4 12
5 17
5 25
6 11
6 20
7 6
7 13
7 24
7 26
8 19
8 22
8 23
9 26
10 2
10 5
10 17
11 2
11 12
11 13
11 23
11 24
12 1
12 13
12 14
12 19
12 22
12 27
13 25
14 18
16 4
16 27
17 0
17 11
19 1
19 4
19 16
19 26
22 7
22 10
22 13
22 14
22 17
23 6
23 17
23 26
24 4
24 6
25 5
25 18
25 28
26 12
27 2
27 12
27 13
27 14
27 24
27 27
28 7
28 25
29 2
29 20
30 11
30 15
75
43
65
26
13
17
29
58
7
1
39
33
0
63
48
61
23
41
67
34
10
40
73
51
44
64
50
24
60
4
31
35
32
22
5
30
16
20
2
8
53
70
66
19
42
68
27
52
54
25
62
28
55
74
38
18
72
37
21
46
9
45
3
76
6
14
15
36
49
11
59
12
69
57
56
47
71
-293
-180
-336
-466
-2
-10
-377
354
-365
-146
293
211
-595
41
-124
-149
78
-267
242
-190
42
-315
226
286
31
-197
35
-340
558
201
-520
-232
8
561
-38
-314
-176
-213
-289
250
-30
-294
-186
180
220
200
145
112
-297
498
-129
343
122
-334
378
186
344
-91
-538
-160
-366
-17
-278
-402
226
-114
-190
-70
59
-207
-149
181
-555
-338
448
67
81
193
-261
253
-464
-122
100
333
184
-425
96
170
-157
-9
90
-178
-73
70
-127
-51
44
-38
-65
178
-149
-116
93
-3
-8
285
474
22
-735
91
20
246
-181
28
-89
-25
-249
-688
-89
-189
-43
-214
348
-8
-433
481
-166
-72
233
-73
-203
437
328
98
-24
-80
118
139
-232
18
-424
-299
218
144
-64
-398
-600
3
-399
752
-107
500
3
169
589
310
744
-267
-230
135
207
137
-465
-220
27
-24
559
303
371
-285
95
522
400
-93
20
-21
278
-306
154
-298
-339
541
104
13
-299
-538
-18
-249
349
83
269
-293
50
-377
-244
-383
-51
162
-24
5
302
-27
83
-141
394
30
-110
214
140
42
-49
38
-20
-260
-283
14
545
97
289
-229
-79
351
-205
-52
224
610
-652
-153
572
140
42
-33
-125
-274
-165
-296
-74
85
-89
-53
-252
-257
-257
285
160
197
186
-154
87
208
-227
-65
-335
-49
365
209
159
-162
170
138
-301
47
179
-276
172
-101
167
-128
158
-107
-16
-100
-8
393
258
172
-378
-368
104
49
247
-252
186
-533
-411
-484
158
142
-201
-73
-289
53
5
-151
16
304
423
-133
-254
-73
394
-39
60
339
-74
-262
-45
-129
-83
-372
-165
-148
-542
-274
172
76
-275
9
-322
-69
-68
83
373
-197
-58
208
-301
-156
308
47
-351
267
-144
-192
228
440
-180
239
-248
43
-381
-146
657
188
-144
-43
510
-48
145
-469
-40
234
-512
36
365
-223
605
194
158
217
96
61
-450
622
12
138
233
-458
579
125
-61
-25
134
-312
211
467
212
30
31
-282
-69
-346
279
66
-259
-766
128
-284
-500
-9
77
-29
19
129
71
372
10
-258
-147
319
-70
230
34
347
150
12
-72
21
41
-47
-197
109
-318
-345
338
-451
245
468
-17
122
41
204
-100
215
-343
-492
-334
317
-90
376
365
-42
161
492
-14
229
128
-24
-21
43
-280
132
146
131
171
-353
-223
85
-180
-336
228
346
94
386
-166
-251
-356
19
124
88
84
475
89
69
-4
151
340
493
-159
-22
262
343
-374
-159
208
77
112
-733
406
-188
329
-433
226
-300
-557
303
349
-384
140
110
-160
204
272
14
-211
143
18
235
-64
-208
4
6
-198
46
526
160
-355
533
34
-47
-27
163
-111
99
-168
-408
181
-62
-51
59
-142
-62
345
-21
175
235
-104
169
-106
-582
-75
40
108
155
394
224
-190
376
353
453
522
-72
-129
409
155
-56
34
611
-184
-110
294
76
169
535
222
-83
-391
-44
703
454
99
-8
-25
348
-156
-124
-49
660
-157
336
237
471
-84
-15
262
262
-233
5
-212
542
52
-123
154
211
-183
357
-333
417
-92
107
51
23
81
344
-276
450
-72
-205
-153
391
178
-12
96
-153
277
-60
-239
173
-140
-378
3
50
303
400
-8
-685
39
79
-158
-76
-415
-156
-95
-16
-117
-531
-28
-3
-269
-90
222
-197
-171
-610
180
79
385
-243
-50
417
-185
-140
44
-626
-44
57
-217
290
-221
22
100
-180
-530
-435
378
175
85
10
200
49
168
9
400
-173
-37
204
293
124
134
-117
458
-415
130
-89
-269
-169
-162
-124
62
-321
-324
-131
547
-289
-212
62
137
-353
35
256
-78
-265
-13
19
-280
384
137
79
119
403
-126
-648
-189
180
-108
334
66
-243
370
263
-268
5
-124
368
267
181
451
283
238
-209
-629
-621
44
418
-399
482
-6
-156
179
-276
244
88
-97
-128
-125
77
-381
-50
-184
-87
125
-294
135
171
-249
221
-216
-103
29
-75
-149
-75
-306
399
520
383
-326
-65
-252
147
564
6
61
150
-345
188
499
-19
-87
40
245
110
19
-521
-229
-5
-219
22
-202
357
-404
43
-148
-54
-182
-352
-179
457
-3
-26
375
79
445
191
-596
-193
-115
-331
288
107
112
43
-110
-314
280
48
-307
255
-114
-163
-96
26
346
664
-203
-67
128
135
-91
239
-249
118
299
278
-161
-342
258
508
-30
-399
84
380
-101
159
-86
-12
-31
131
-233
201
203
-35
46
-38
-182
-278
8
-57
-28
243
-309
98
121
-242
-360
-379
30
127
181
-35
44
149
-152
-14
298
-83
-310
434
131
-69
497
177
-733
-140
-215
134
-44
95
-180
-87
439
143
-271
-133
383
-198
-198
42
195
262
-9
-169
-70
34
-65
-73
-121
-187
444
-57
-258
399
34
-1
194
-502
-137
-85
374
531
599
835
-198
210
102
-205
-113
-210
-5
68
-82
-231
367
-73
-380
13
-402
-30
175
352
-192
75
-144
-390
-102
-33
-360
270
335
-136
-158
-413
-386
-7
-443
-574
160
642
-14
-303
-47
441
229
29
-68
184
87
90
-137
-238
208
132
-66
-160
349
-115
246
-110
-32
104
-274
-123
209
200
137
-299
-383
203
251
126
-55
-289
-194
15
-248
107
-90
245
422
-352
-411
-36
-37
217
-302
-200
-150
179
463
172
147
-468
-335
111
-31
12
85
-83
180
15
-157
-109
-2
77
-190
293
197
245
-15
-73
209
343
-119
30
-277
522
68
-369
-80
-20
-10
-41
195
101
39
-111
-78
125
194
271
-100
121
-57
-120
-158
-470
350
-471
216
-99
160
-2
-442
302
266
26
-317
109
108
-298
-300
-226
-20
7
294
-585
97
36
-134
-588
-355
-87
185
209
127
-118
122
-86
1
-90
-264
-138
6
332
-259
-30
-362
451
31
645
279
46
-722
-361
-247
-168
195
-148
-558
112
139
144
-29
128
341
210
249
-165
-241
400
-227
77
22
-179
-102
118
45
-67
52
170
191
110
-44
-46
170
506
-29
-390
-190
203
145
188
-25
-230
375
262
-46
80
-261
95
30
-514
-638
-80
412
-513
-218
-281
-475
465
165
-135
-49
237
-618
-234
303
-71
6
98
-398
255
179
385
-398
-126
-702
323
256
265
264
-336
308
41
396
138
382
8
162
101
79
-300
-106
179
241
291
-442
385
511
405
-348
-104
404
217
0
155
-295
-434
192
597
374
-33
-89
-244
-320
-240
73
-156
-415
-137
287
114
-60
-96
-309
239
-234
302
-253
48
-354
255
-213
225
-188
-159
795
-228
3
-186
179
366
-134
-81
-166
164
-331
81
512
133
-49
328
70
252
-388
286
292
99
-260
396
-105
28
268
-285
215
-112
252
217
-604
-29
-228
-133
-45
128
-23
240
356
-447
-194
-9
154
-267
324
-383
24
207
252
356
-176
-242
-118
285
-67
23
164
-366
114
192
78
-199
411
-98
181
-344
85
-69
313
-359
98
109
-126
-3
12
-55
-56
243
34
-308
-24
120
-128
773
-365
-124
-250
45
31
227
-75
-391
134
42
-216
-170
-115
124
-917
-533
1
-67
-158
-277
61
-759
188
491
19
250
-187
-189
17
-3
-495
-380
2
-81
-416
106
247
-275
-55
-124
-59
-436
415
49
218
-320
-89
181
411
-302
-71
14
-129
-180
-14
105
-15
-83
152
-227
279
-162
368
-38
265
403
-213
-205
411
-7
-447
-134
336
-61
260
35
400
31
98
-162
13
-279
-382
-354
341
-392
-123
23
179
217
-473
-323
-250
616
10
59
-185
-184
-305
-174
-162
-84
-59
331
346
-376
82
208
-66
365
273
-326
-7
95
119
384
146
94
499
399
-151
-59
-97
54
-234
-155
111
-83
101
206
-284
-66
82
57
-65
270
229
474
-92
344
159
-163
49
-381
318
-717
44
-400
-275
-2
-368
-35
173
-334
-246
18
-503
95
448
415
82
353
-27
-198
153
-3
9
-65
-189
128
-169
316
74
34
59
-297
-321
-522
337
-20
247
-424
-205
-84
-284
4
-281
-71
-227
246
395
-116
-286
371
-118
414
363
-387
40
309
540
-8
65
182
-369
530
272
46
360
22
-281
146
-196
-261
-60
-253
-355
292
215
221
34
75
1
-393
-207
49
-350
-254
380
230
306
534
-163
-127
-139
-50
-101
-149
-18
105
-124
226
-181
193
336
147
-273
-64
558
-128
-401
-187
-276
309
-530
-34
-350
-122
77
10
-395
142
20
-160
-206
-35
130
-65
95
-19
35
324
-1
-454
-190
-8
165
-230
-186
-5
-204
135
384
-21
230
329
-241
316
-183
-148
372
-138
-401
254
-223
-291
88
-267
151
288
-366
-248
132
175
206
-279
-6
287
-134
-582
-93
788
-20
37
413
106
311
-100
-385
-490
745
369
-71
180
-251
426
185
-402
126
120
100
221
244
-431
380
-700
331
61
120
198
563
378
-387
-421
-66
-52
-2
-7
-332
400
-471
-155
162
-32
65
-162
-265
-30
-512
-29
-414
-10
66
232
-353
-202
-217
272
253
-153
8
-246
-37
-102
-232
-230
390
-68
-76
133
-179
400
103
-145
305
-210
-94
95
-298
164
-132
89
-159
-207
-686
391
-98
-244
-194
-65
89
-25
-62
-91
-202
408
-128
28
297
144
-48
403
93
-9
-391
-229
135
-115
177
-461
71
-76
-350
-231
545
56
-242
158
-456
215
467
185
331
-107
262
617
91
-195
-478
-185
-654
-379
-526
20
142
172
328
-256
224
-316
125
133
-129
-91
165
128
-88
220
11
8
324
341
175
142
-384
171
252
-128
449
-102
150
-124
-43
13
-691
344
-149
-255
-218
191
-49
168
72
127
234
-88
-89
-398
-112
-159
260
106
-147
-62
214
-287
-285
77
-10
78
326
-663
116
81
14
-229
122
-120
-60
213
-8
-12
-78
-211
7
75
-105
-355
-321
289
-160
-246
207
88
34
-354
-289
185
-426
-200
-130
214
-12
392
-231
204
323
162
-18
424
121
103
185
613
743
-294
-394
-170
-271
248
126
275
-137
242
56
26
-203
287
210
318
-270
-240
-200
-353
-31
-430
-232
-319
113
176
-56
-11
-203
85
27
13
79
150
291
-305
-344
-208
33
270
-21
-21
74
-116
210
263
-48
150
-287
-207
368
84
-36
-78
-372
4
21
-740
-468
-89
-307
-248
235
330
-88
224
-98
-71
21
546
44
41
-221
96
-320
-259
72
-500
586
9
-291
456
-168
97
381
188
-607
-301
25
-181
11
-485
-68
-31
15
33
401
-421
122
393
556
298
47
-89
-144
-5
-2
-310
305
172
-19
-53
-139
-226
-38
-247
-31
-3
297
46
189
118
-113
-116
-256
-9
-145
-267
-167
-323
-132
163
-216
71
-117
492
-85
-3
-45
39
517
424
238
606
453
-105
-281
-126
389
-130
142
-34
35
-189
-233
324
248
3
-108
-179
267
-103
-361
65
-181
92
540
56
-265
-306
-334
7
16
175
189
85
-447
187
85
187
155
-524
32
216
18
-65
107
-18
137
181
64
219
-100
224
-102
261
252
81
86
-62
142
-695
23
-170
-2
41
17
-577
-82
-159
34
-391
-61
-513
170
371
28
167
-58
-156
-152
-63
-728
160
115
6
-232
-99
328
163
-343
-137
-101
32
132
243
172
-167
-161
273
-399
138
-130
-319
63
23
-25
-30
-311
-282
398
250
-67
107
-310
147
-92
-9
-358
-390
13
-108
-87
-80
-142
296
-58
428
71
158
-300
270
-503
-238
-288
421
-410
-169
137
-72
-112
-209
-407
-253
-583
412
168
-145
27
57
-486
109
244
-129
-42
229
33
147
-73
-113
43
250
-11
-205
154
-344
-236
-392
34
316
25
190
275
-385
-211
-232
138
401
-138
-328
232
105
154
160
-96
439
-39
350
-209
-491
269
-46
-92
256
578
-147
25
-14
400
-60
-5
-307
71
-451
64
-186
204
587
178
135
170
116
-143
338
-192
146
-225
-30
-94
218
-73
301
34
391
397
-210
-622
-87
-253
-56
-75
253
-50
256
-271
-76
-612
324
38
117
-2
248
-253
-60
-200
27
-283
467
-161
388
148
-382
159
-48
-106
115
-39
-158
95
-96
-191
84
-90
-226
-421
375
183
4
-117
-128
262
-252
-89
176
-145
289
-103
165
201
321
485
-236
-132
35
-4
-582
-123
-246
307
-100
-195
-139
83
-419
4
272
197
-353
-116
195
339
-163
181
-236
314
-15
-182
130
91
-113
-562
-99
35
-43
-256
-106
-330
-8
-42
64
489
345
-105
83
-366
82
156
-158
-7
-125
-127
244
-166
-56
-174
156
265
-346
-171
41
-430
415
275
230
-83
288
180
-35
430
119
347
-22
-432
-94
-110
211
-6
175
-16
42
-277
-234
-26
310
-223
215
214
372
-29
-187
-136
-26
-370
38
21
167
23
-224
204
4
47
337
-87
-31
-51
-171
-57
-51
-560
-427
-614
-229
-145
-313
-293
177
-194
480
-244
120
279
-158
45
-289
177
-54
-177
-21
115
130
149
64
-104
-313
242
-215
-375
-308
-173
-125
192
53
547
199
139
224
-88
442
291
-29
-257
-7
271
21
145
29
84
-25
92
-122
159
-26
259
-75
-94
-517
98
-97
132
-47
179
-384
168
-34
274
-120
267
422
15
-274
-20
-281
-468
54
-177
-427
-266
146
42
507
-99
-255
-32
136
-590
-504
228
22
-102
-162
-25
208
390
-302
-88
-75
-233
-184
-37
-407
45
-42
-185
192
-71
176
-226
-208
-86
-228
25
49
-355
-74
249
-36
514
-399
274
-19
468
-80
-394
233
29
-38
82
104
-258
-328
65
77
549
-144
-55
-339
-265
-67
318
360
-100
-162
-140
217
149
112
-335
125
-91
-180
-85
59
593
218
-162
33
-98
15
591
145
-1
190
333
-560
191
272
-156
-771
-139
17
-372
54
337
200
442
-54
181
221
198
156
-385
-137
63
-115
-152
54
258
-41
-21
-493
-88
440
-283
-454
-593
-8
-269
-429
232
-131
-197
214
-72
74
59
486
175
-367
27
47
-163
389
-324
103
-162
252
62
-193
220
181
-201
-105
-27
-6
-4
342
25
-33
361
-289
-118
430
65
89
-543
482
-127
-385
-26
380
-501
372
324
-242
-126
-214
-17
-153
349
-167
-192
73
-156
-279
149
3
-378
-169
424
49
-14
-185
289
-277
215
-316
325
91
-1
242
-17
138
-171
103
-228
261
12
508
-429
4
-523
-58
141
45
-374
-218
-448
-162
258
100
73
376
-86
401
-490
209
-546
78
110
203
141
-311
-350
-53
260
-152
59
361
-118
-64
372
155
370
-99
175
285
274
-168
-37
219
83
319
73
-101
411
-29
307
-411
-338
224
-399
-76
99
-200
695
-154
-318
7
-91
-225
-538
46
212
130
131
-581
-74
193
50
-34
142
367
-138
254
-127
-302
133
2
-12
-89
321
-48
-88
61
-210
-155
-442
172
-201
-111
186
-91
271
-300
-49
72
235
-17
396
-332
-54
109
-249
220
606
-397
-304
-186
-32
328
172
-475
65
-172
117
-130
-235
103
-96
-381
-26
-232
55
171
288
-107
-112
-101
-364
338
165
155
391
-293
62
-208
-114
165
120
94
-56
192
-28
-151
-313
236
-190
70
42
-355
475
-1
-328
510
397
-306
335
-211
-48
37
-43
-104
-239
244
116
32
-651
-362
438
16
-375
-214
-141
-438
124
354
16
-381
-171
-554
-54
-8
68
-516
-253
-88
172
-260
-473
-52
-332
-549
174
-252
-301
327
297
164
-374
-411
-416
-210
5
411
-199
-22
70
-115
42
147
29
180
177
-295
282
-25
170
34
-22
-127
71
-67
117
125
-5
-598
438
234
62
203
49
-442
-254
336
290
91
57
263
131
70
-132
114
58
-35
-463
508
-158
17
701
-200
456
294
-14
302
33
-137
576
171
-7
-402
93
134
-235
121
313
323
-313
-282
-20
473
357
-134
-263
133
53
169
-129
249
87
-10
94
-155
79
-278
-245
-243
-372
114
-208
-35
-91
-146
-34
253
133
-361
-353
-267
-224
-187
-212
295
450
64
-762
503
147
-371
-56
502
-9
261
-97
69
-327
134
98
75
-16
0
-98
-106
128
544
121
-502
-67
-99
-333
305
303
-262
264
140
-121
542
-372
-239
90
264
248
41
376
248
-29
-25
184
-301
275
170
-149
118
3
-111
244
-214
-191
-246
-164
-413
435
30
-36
86
-306
-39
57
300
55
112
318
-195
115
-195
77
-10
-260
-62
638
-294
45
143
98
-11
-108
73
-34
-282
64
-644
-393
29
321
-163
297
103
320
102
225
418
-79
-155
184
-212
-191
-347
83
267
143
-6
173
266
-80
98
-110
-310
-298
-358
268
97
-198
189
167
-199
-212
-134
160
-325
-99
100
-372
23
-21
468
-403
-373
282
-130
1
317
-121
320
-276
75
-478
219
-106
-249
-193
-249
-67
229
425
-6
179
-379
-477
157
-280
-59
581
-302
-147
203
-287
-119
-797
-18
-291
-201
378
-121
219
-180
211
381
91
-6
116
437
-7
103
-293
462
122
-401
-35
146
-230
27
-97
-168
89
-250
-452
-222
111
155
38
-81
120
205
-14
-392
127
-138
305
-13
-248
29
289
18
-14
-83
102
219
-27
-505
-68
316
524
265
-16
76
-335
-107
279
372
-72
-135
136
235
431
251
-23
-79
450
-108
-11
-120
-11
66
-40
-204
135
250
186
-78
23
-111
-317
-2
-427
-219
-344
-10
100
170
-337
-258
55
368
-297
686
-328
-311
230
367
465
-447
247
534
-572
-22
-161
88
8
95
-152
-357
284
-181
165
-100
391
83
49
-320
-300
-15
219
52
232
35
-55
-404
183
-222
121
103
84
62
175
-178
-329
-2
-324
-330
-219
-28
-214
-395
-210
411
-145
71
-272
-86
137
-197
115
21
-165
7
-481
-339
-386
-122
48
-278
155
730
-63
188
60
-68
-46
-320
112
-128
-219
-628
-145
143
-163
-586
-329
-119
-592
-187
-360
232
266
130
-99
147
394
-46
264
-5
295
104
-206
265
-283
-86
-113
-242
-361
-14
-200
-507
23
419
62
120
222
-62
210
427
213
72
-103
-458
-22
147
-121
-288
-318
-620
274
188
-114
-476
348
85
-141
-41
-394
-349
-221
80
-77
-18
20
257
112
157
-147
-133
517
135
-35
383
11
-94
-385
101
-230
293
202
84
-180
-86
239
-112
252
337
112
38
40
251
90
-151
36
-45
57
-110
-159
115
-253
199
29
-77
-160
-215
428
48
-202
128
428
338
74
146
-172
-44
-497
186
-23
1
747
177
165
40
194
1
108
-352
166
282
357
370
-149
-173
-98
195
29
-58
-98
190
302
197
-19
-135
24
52
-491
18
39
-292
114
288
33
177
-36
-33
122
-190
-349
-313
-160
-175
-208
-137
287
-59
42
59
171
-187
-20
12
395
0
-269
-18
-245
-68
-195
412
198
280
642
-391
-667
-222
-30
-223
-510
9
79
167
-132
-194
104
-124
197
-203
215
-113
-47
520
395
72
-279
-70
-179
-11
494
19
156
-118
257
-134
-143
-88
-150
6
-133
171
-62
84
-165
-533
90
90
190
84
-447
23
359
-84
175
-305
-91
-492
113
216
-77
-206
446
161
172
-285
197
-211
-90
108
-64
-138
-159
-4
-276
-59
-63
-419
-239
-192
-149
109
300
122
-40
80
-81
199
-118
291
53
-396
-89
270
108
82
-115
-97
-596
8
-44
196
195
-163
-87
-332
201
-51
24
280
238
136
-238
-200
-184
-235
-323
0
-68
430
202
-21
-390
269
294
-372
59
437
-136
-199
-484
-91
476
244
-202
19
135
-539
-91
209
34
291
-104
-116
-53
127
274
-166
-519
136
-60
-211
-176
-170
1
-343
216
-79
121
144
-83
249
-91
-351
-332
86
-113
-242
63
-68
-14
-426
-78
102
121
-104
-232
549
485
200
-309
467
105
313
207
318
-260
-449
117
-221
-55
83
-110
112
-277
18
221
-175
85
186
-431
155
-213
261
46
-58
-82
-7
225
390
-262
392
-133
-38
-18
-91
121
326
-300
-177
-583
88
-57
-101
12
200
417
-28
47
109
-327
222
259
8
-157
205
246
377
-549
-442
52
-24
-258
-223
260
-33
-48
-30
17
161
153
43
-199
374
111
-91
14
-136
96
-167
250
-81
239
195
-575
-281
-46
338
256
102
155
93
-157
-161
-37
-599
292
167
59
-214
216
-9
209
-114
-64
-469
259
-117
135
75
-160
-59
105
91
506
-158
-105
-185
-122
-125
-16
-48
-332
135
308
441
477
125
221
79
-545
-78
-407
-359
-247
-81
-42
345
-120
-15
-251
141
-196
-220
-114
122
295
-254
108
151
486
3
-267
321
-285
90
-195
-332
-290
478
-298
80
64
-136
88
-107
132
214
-20
-236
-361
150
14
-17
210
88
287
-253
-415
100
294
250
29
-52
359
84
289
46
103
-43
-417
-112
-135
-172
-211
21
-172
-29
-8
-98
305
200
38
287
67
-10
-43
-11
-298
219
17
-169
157
-32
123
-290
452
-204
169
67
33
-157
-338
-193
35
-185
238
357
267
-264
73
419
68
216
227
-451
135
266
-61
-216
-240
185
245
-432
182
365
394
206
-21
321
-217
266
-428
17
30
-2
-182
-97
-11
-209
-218
-230
-58
106
126
-299
223
122
-633
42
379
219
191
-94
611
45
836
69
416
65
-272
72
-11
-20
178
127
44
48
74
302
40
265
83
243
-112
-313
-184
188
-230
299
363
-173
59
-311
107
23
-21
258
236
-37
232
66
275
220
43
120
-412
-420
354
-236
-108
410
-248
38
-123
217
-114
69
31
349
-111
-4
-96
-254
-30
98
-448
308
326
209
355
-39
149
-46
-216
-135
91
215
162
202
315
-132
168
162
347
-77
-367
-133
168
274
557
-41
444
-111
-455
211
321
-369
1
318
117
-82
-2
-267
9
19
278
-179
66
-70
-140
75
295
283
-688
142
-42
19
499
151
3
-10
253
-173
-77
-494
186
281
125
-503
-412
325
-150
-113
95
194
-319
-521
-186
69
-318
23
-323
-278
-257
355
175
-416
-42
-202
-110
-345
25
-397
24
-85
-210
178
521
-53
-65
-270
139
117
28
-147
132
-11
-124
-76
-211
-30
-423
-287
-20
-12
-359
-153
-471
60
179
-414
6
-335
-291
-486
-209
-231
-414
-56
-290
184
226
-578
-308
-107
63
-1
-137
-28
194
-13
28
32
74
-187
-148
411
-137
256
79
31
63
643
-178
-489
-180
75
-118
-185
21
83
502
-197
325
-129
-450
-203
-27
238
-9
149
324
117
489
-294
307
216
185
249
-472
-53
69
-248
362
449
-208
-206
-79
497
484
445
-250
-243
-49
301
335
419
325
38
-198
86
-176
-308
-13
279
129
-193
-22
340
-111
69
206
-326
-5
-210
-20
-211
125
-372
-718
151
11
-519
-165
194
-47
409
-339
239
-171
-273
317
-68
-447
-334
96
202
-11
-283
237
40
90
328
334
133
68
125
14
-520
413
395
-41
219
-423
177
-174
-130
710
21
249
-263
-315
57
154
-188
-89
-168
-90
204
53
696
-366
-233
-125
113
-205
195
335
-316
-17
58
596
-26
134
195
383
223
-7
-31
-347
274
9
15
0
-179
267
-651
-156
143
490
-151
-66
55
338
52
-21
628
-164
-180
117
104
-524
500
-44
-16
109
-377
421
-133
79
-154
-283
16
179
230
212
-538
-215
-26
-116
54
50
-339
-30
-215
-147
-21
-196
-282
16
-209
-68
-22
-240
382
-230
167
-126
52
-69
-226
-96
472
120
-173
-211
-306
524
-171
93
-270
42
-118
151
-83
-250
-180
436
-8
-332
34
87
526
-173
-153
-339
10
80
-249
333
-93
344
-155
34
-76
407
-160
9
-108
161
8
167
234
-390
-75
157
-238
141
-125
522
118
-8
184
-1
292
654
171
-358
33
258
247
301
-178
-61
288
-72
-22
22
-217
-149
57
232
219
2
-149
-1
276
-266
-262
220
-9
-50
53
-62
328
-402
333
91
21
-30
19
27
170
11
-355
-136
-71
-407
15
205
265
-46
-162
110
158
151
-98
183
-79
196
238
-46
238
-218
-276
97
-100
-50
17
198
75
-476
147
566
-93
-275
-160
155
10
-98
1
-141
-32
-50
0
-51
162
-238
-202
-317
61
-76
-120
-214
-161
63
392
-221
-123
147
88
-289
-100
152
-18
262
-374
292
-245
135
471
-77
368
141
188
226
368
-264
-144
155
-96
264
-352
-35
252
526
494
105
359
-205
-81
144
-79
105
71
319
-538
-108
9
-42
-1
32
246
65
560
90
-519
-212
97
227
164
-203
-65
436
-292
-229
323
215
-212
-152
-13
4
-244
237
-227
-80
138
63
248
-261
-39
-137
-51
-637
-103
-129
-684
22
-129
721
369
471
378
-144
62
-12
32
200
-289
65
366
51
-157
335
-199
-10
-220
155
-172
-14
-241
-590
-38
272
-107
-290
-285
-78
25
141
-179
-449
92
250
145
-32
-173
300
-32
-45
316
63
395
326
-167
84
42
-140
49
100
444
82
52
253
-462
-353
-57
-245
381
51
76
389
132
-364
189
350
-247
-441
-66
-252
294
-72
-244
-103
-5
-13
355
-109
162
256
39
-307
72
-147
-41
189
-201
88
255
342
514
133
-49
368
-281
-31
-152
-417
305
94
53
253
-286
411
341
-497
-612
-54
-129
95
-91
52
-258
-4
-31
93
-342
-69
331
-247
-145
379
177
-511
482
-132
69
-100
-137
224
-70
143
-305
171
-66
13
224
-96
455
371
-292
-59
311
-295
325
-473
158
-308
262
-311
-8
193
-457
-5
73
115
-270
-59
-67
-4
-338
-390
-254
-509
-145
-359
132
240
45
440
-84
-337
-274
-238
306
187
29
299
-513
75
-274
118
82
167
48
40
115
451
-298
285
563
-122
255
-820
-97
-318
255
-123
-688
92
4
13
-14
349
660
409
213
-67
-481
-183
-283
-65
-183
1
-41
99
-163
-127
-317
159
-43
532
-272
-58
-109
-190
93
-119
-169
118
0
71
-42
64
74
-34
-10
-123
-230
-253
-235
105
369
-256
193
-27
-74
-271
-59
151
-130
-306
482
204
-129
-142
111
721
360
40
-118
-249
604
-168
-36
-249
273
337
177
303
-164
-728
395
167
145
-425
73
253
-88
-359
12
90
-110
-181
-230
-181
-476
-329
-640
211
-253
251
36
-13
-6
24
489
-430
-304
-162
-54
74
-38
44
-108
352
291
-72
-446
-7
157
-36
-75
34
-52
-320
-472
-600
7
295
-38
-263
190
307
-116
-318
-415
71
361
-385
-63
23
179
-36
-618
-77
187
-209
-70
83
-182
-154
-147
1
239
-229
138
40
148
-153
-212
404
109
217
-180
67
-23
-47
208
174
-33
-115
-163
-73
-188
68
477
-220
84
-654
-49
-267
106
-80
44
83
-345
-226
-240
64
189
57
-229
291
-115
252
-80
-54
-449
114
137
136
229
102
79
37
72
62
-184
-311
271
-547
199
66
-361
293
37
207
-565
161
73
-91
145
44
-190
-537
137
318
-311
-227
1
169
-163
235
240
92
183
-92
115
-475
92
23
-169
-148
-271
27
-308
-144
-276
126
-39
-133
-652
220
-164
-255
172
130
-20
-3
400
-396
158
-237
1
216
126
-153
142
98
-57
-157
-2
-513
-482
73
-119
-106
198
183
299
10
24
307
-287
-85
203
-117
48
-201
-55
30
43
-293
228
270
322
-6
-68
169
7
-209
21
349
-410
-324
-321
204
-87
-194
-545
-12
184
81
-337
-387
-221
554
-40
575
161
-6
350
-174
-111
-208
123
-316
-25
33
-304
-460
13
-86
-270
195
14
-455
164
-13
263
254
278
-118
121
-215
-101
-329
162
-166
50
140
-486
-178
-71
-183
-150
454
-278
200
333
499
142
-108
-27
493
122
-114
-95
64
-181
-693
-82
-333
282
238
183
400
-103
34
-104
-193
-14
-325
160
-296
-11
253
172
-220
243
119
-306
316
54
-178
-256
25
75
515
98
199
339
-395
240
-227
226
208
-78
-39
-186
-2
-337
-195
-15
376
16
263
303
150
603
-121
-394
-141
254
-113
17
148
-471
-486
-293
-69
226
146
-79
558
64
292
-384
-172
2
-53
292
248
321
195
269
115
-97
171
23
111
426
-159
140
-156
122
-297
-129
-87
-281
196
-425
-182
101
-237
-267
-101
154
207
127
-295
272
-105
154
-61
-76
-309
53
180
-138
101
-57
237
-236
181
-356
-109
-258
-659
412
107
366
27
59
202
-302
84
-420
-187
-156
177
-146
557
-225
95
364
-430
54
309
-84
-113
-10
-252
-81
-142
-14
-187
229
328
-212
-82
-105
82
-174
235
-27
294
-85
55
236
-12
159
91
190
313
44
-69
-178
-402
544
130
-47
-134
182
-175
-162
-170
163
-93
196
-169
52
-191
-82
-167
-186
-279
503
57
6
264
-434
279
302
403
106
17
-627
-454
-301
263
401
-17
463
367
143
105
-245
326
69
314
217
118
-192
339
181
116
58
-362
185
78
341
-401
-449
398
73
-68
-166
-336
-520
-71
-7
529
29
-263
62
128
-32
267
302
-149
356
-101
17
10
108
339
293
18
-457
-197
262
-370
441
-563
295
-279
230
-148
-79
48
-131
-6
340
-208
179
-71
-111
-22
240
159
21
-336
-500
397
279
-56
-445
-126
486
134
430
-269
-97
-273
-375
232
-91
-182
-184
142
351
93
-144
-169
9
146
-1
-89
69
-146
-228
91
239
268
155
189
80
621
-252
-354
-230
-203
-173
115
192
-49
-160
33
69
23
121
383
-834
3
-185
51
-221
352
61
461
-132
55
-380
154
105
-32
-22
-22
-1
-80
235
-274
367
-243
-143
38
263
336
476
402
-485
139
-155
165
165
75
174
-264
203
785
-253
-343
-193
227
355
194
-60
51
-42
-231
288
-92
-262
259
98
-197
-107
485
-258
-183
-149
90
194
-52
111
-226
-619
-2
-148
54
292
94
-234
-112
-120
82
-55
-130
-234
236
-250
264
-23
-452
329
-58
145
412
348
-65
-134
-411
169
264
593
-64
258
84
496
66
-42
106
-676
308
-195
260
-69
-70
-217
-180
-26
341
-380
1
-89
424
-76
87
-70
44
-30
565
-150
14
176
25
101
175
-154
126
217
54
-261
176
49
-327
-73
129
294
135
343
-420
112
-127
-310
-11
-317
36
-251
425
315
-202
270
-256
98
-8
-77
92
-46
72
198
302
317
-263
-287
-239
521
-352
-113
-426
-174
-283
165
-333
-208
37
-143
-114
-70
-19
-291
102
-156
155
-27
-27
-158
-305
-274
294
114
65
-267
420
-365
125
-174
-14
-1
286
-272
52
4
378
-277
189
-137
411
-111
-111
207
-258
-137
76
-121
-139
107
-44
14
-200
-681
-181
-63
269
91
446
158
-105
212
-592
-297
-130
-385
-74
216
285
-29
274
-332
145
-554
-169
375
-297
-13
125
-37
-234
-354
64
-158
-40
126
-132
-193
186
14
538
-449
-479
-331
-384
144
-10
-119
267
-87
-205
395
27
-70
318
436
-206
159
-15
187
-238
-81
80
5
226
9
-167
11
-526
-540
-80
88
234
72
-157
146
203
-470
264
-156
422
-14
136
-186
208
-207
61
-88
204
146
280
162
532
-235
381
-477
528
155
183
96
156
287
344
319
-74
-222
27
-190
-10
-20
132
-165
-169
-395
-223
-89
439
-66
-193
206
-102
260
-103
-154
-46
69
-178
-513
48
313
10
406
-175
8
-408
-370
-40
48
-150
-155
-255
-204
-28
229
186
-38
-282
-273
-216
-488
-105
-411
-155
13
107
-180
397
235
-493
14
-63
165
428
-147
429
226
255
222
80
-243
-231
226
193
699
-235
153
-52
-112
17
76
-401
24
171
536
167
-32
-357
19
524
25
-470
156
26
426
-164
255
-332
-189
252
98
-77
-61
182
-164
109
-18
-211
343
-245
108
-372
126
-412
163
187
-150
-376
116
-182
-136
-102
-241
346
-305
8
146
-319
-147
199
-308
-146
-130
-324
16
-28
-32
130
-89
-89
190
-258
81
-325
173
288
235
-48
-342
-125
220
-106
-245
542
189
-74
1
35
7
240
31
76
-93
-134
-28
-88
-394
-159
140
62
476
-344
381
-265
-249
-79
129
152
-185
-176
1
166
-24
-50
466
-341
-210
424
270
-266
-15
86
-56
-32
88
127
-229
214
-214
47
247
120
187
56
-275
90
415
-381
176
294
124
-22
-57
100
-96
-74
-301
416
66
120
-271
247
275
-259
20
184
-185
113
111
80
-140
-215
27
444
-124
363
484
190
-149
432
61
427
247
-397
62
36
-22
-52
-466
151
296
-105
-197
-209
19
-270
-229
197
100
274
141
-139
-388
81
3
-243
-252
-19
-206
129
84
-298
-34
48
100
-164
215
-231
-287
-614
129
-212
-233
31
-332
81
363
-311
-222
88
69
-13
561
131
-320
-362
370
-584
-44
-193
26
479
192
87
-60
281
-43
145
378
-145
13
131
215
10
289
-95
-207
-280
-43
10
62
351
-101
-105
-143
295
185
-630
-187
-311
4
-140
99
-111
-100
-221
-26
193
140
-8
-272
-98
72
-246
308
228
-147
-175
7
-24
65
-134
68
-46
-58
83
407
-55
-92
-94
48
52
-527
293
453
6
10
-98
239
297
42
-232
373
59
50
106
-114
-27
149
-89
101
52
-216
93
-198
77
-3
208
-755
57
41
126
-34
-11
96
-177
157
177
205
-379
393
-406
38
136
188
-122
161
-73
-1
-484
232
-82
-184
-11
-91
-247
95
251
644
-71
-197
-226
406
-263
462
-122
-37
-339
-113
106
-114
-440
-128
142
-98
-140
197
489
-492
321
302
-264
279
131
-220
-306
-182
737
20
154
-122
81
-268
-34
-107
-1
-37
-198
-50
19
-44
-170
364
-471
-206
149
102
29
-300
-58
206
-262
253
83
477
81
-434
-111
-532
-56
189
333
413
-61
208
-22
197
-380
9
72
428
-78
375
160
-392
-127
-516
-107
-74
145
-12
419
242
405
-316
-40
171
-43
85
-338
96
-153
227
269
235
93
259
69
100
-283
473
13
15
-160
-229
270
-190
-489
74
119
109
12
-74
129
135
322
58
490
-258
136
199
-58
-213
-90
-57
-178
-51
4
-131
-165
0
144
111
-89
-227
-144
248
-405
139
515
447
-114
219
105
8
50
-10
-222
-119
33
135
-274
291
288
308
-520
290
19
-91
291
221
155
-205
-184
-737
-42
294
-325
155
148
49
101
443
-259
-163
95
-1
-324
450
-3
95
-425
23
174
-241
-29
-243
182
-56
18
259
-12
-423
36
316
-288
200
-90
-329
-416
-164
-105
-85
-296
-174
-121
-519
-211
-301
94
249
-56
250
230
263
-42
-186
261
-70
-323
169
-302
-44
133
203
330
-118
71
97
52
98
-224
382
0
30
-140
554
-91
-8
205
49
94
-142
-279
-219
312
33
-201
-281
-93
303
203
-322
-135
196
246
-94
-500
-88
194
-117
346
131
31
-254
-79
115
123
133
23
-379
-341
-428
-123
52
-81
85
-57
177
159
25
108
-152
350
-162
-223
182
-558
311
-57
96
-26
2
254
-103
-360
101
-213
-170
-205
-44
-191
-31
-100
-7
2
-365
-495
-192
-566
302
-164
-319
411
75
47
-226
103
-495
1
-46
513
-300
103
413
380
414
203
-183
129
59
-3
-169
-176
98
132
-161
396
-552
74
9
-86
-158
28
-177
114
-102
-405
71
370
82
-169
207
-864
-101
-548
-532
170
3
-262
-298
26
221
116
-401
-76
168
-140
577
487
388
183
136
260
539
470
335
31
-92
-57
13
84
339
259
-199
-199
292
-296
177
137
-16
60
186
580
-290
-363
258
-404
218
-161
124
184
63
-729
252
158
-40
224
-188
-6
-123
39
521
45
599
31
54
233
178
-13
-92
137
-109
-58
285
-29
262
57
-28
-91
382
633
620
236
94
-20
-59
260
186
-156
162
471
429
-56
-208
-50
-204
-266
-58
186
198
797
214
-335
-75
-362
115
63
329
181
-105
139
219
-91
229
-51
-456
-35
305
-157
455
-95
-118
8
50
-280
60
27
-190
-167
-465
-124
-659
297
36
-355
-142
272
190
109
-478
244
39
-382
475
158
51
-114
307
46
-97
-16
318
2
-367
14
116
14
-261
77
181
-104
-566
199
-251
-364
189
789
-280
132
-380
-96
-124
233
614
-75
-379
134
89
-296
-66
-295
123
-154
52
-39
623
98
-276
66
133
75
220
-688
56
87
-69
-246
-248
78
-50
138
-396
-240
253
-703
329
304
-65
-173
11
46
-182
120
114
-224
-221
153
-147
190
12
5
141
116
-59
-370
-273
-370
486
-26
85
-129
83
296
-85
-126
-302
-305
98
-259
360
-122
83
-406
123
144
-118
316
97
-239
202
213
15
-276
378
-60
-42
-226
134
-135
-9
196
-96
-71
-66
574
-204
82
385
29
105
-122
-159
-208
-90
120
-56
228
110
269
360
-44
-332
110
463
422
-36
-141
-300
568
43
-47
153
493
-158
40
-460
32
271
-378
262
1
366
-326
168
486
47
-312
38
-479
55
96
181
331
294
-46
-165
-4
11
-198
-36
-161
-71
14
-288
-215
-48
-710
-293
-31
155
-118
96
-22
-402
160
56
327
-229
-177
55
-195
-139
-132
-290
-27
-131
-282
229
-51
81
45
-337
-346
-62
-162
358
-198
131
-108
367
-227
164
675
15
-108
144
28
-370
1
-242
615
307
288
169
-196
210
-43
-25
492
66
447
147
152
595
175
217
138
57
-120
248
97
-425
58
10
-37
-193
-167
447
-414
-262
-83
-197
199
142
-282
318
268
365
-107
105
-123
-306
136
262
-315
-203
313
-20
-126
79
-156
270
-519
38
-59
51
82
-473
-58
400
-104
238
173
254
352
21
-10
47
-283
247
294
60
-27
218
169
-91
-180
189
-481
199
92
326
77
-625
30
-256
101
-171
-210
489
451
384
-120
78
-16
-259
576
-619
-161
-151
-498
-607
575
598
20
-228
549
-76
327
264
-221
101
345
195
274
-276
253
166
136
-225
-175
453
-118
-359
-464
146
307
282
-297
135
-268
-95
-248
210
311
-271
256
230
-98
96
329
429
-339
-252
-538
-15
-700
-345
193
116
37
25
-144
-44
-162
8
118
-343
-181
26
-250
-248
65
572
137
371
21
144
58
-380
114
327
-423
181
215
150
-285
391
337
-226
134
314
-193
3
154
269
56
94
344
-125
-114
155
42
265
-411
231
139
281
-94
69
23
-226
65
-212
231
-339
297
-321
120
148
-203
-74
-340
-239
118
-63
9
309
327
343
312
20
200
-29
-67
-75
120
289
250
-40
-189
-314
279
120
324
256
-131
436
74
284
-155
151
-378
-145
-32
267
-61
11
47
142
-661
-386
257
88
452
256
43
-382
-112
496
6
340
237
-206
188
109
170
25
-948
211
-358
0
108
181
-162
-194
256
-222
147
-29
297
-26
238
-499
-165
224
274
-45
8
355
269
173
552
35
705
-270
-314
-174
164
280
-187
411
-87
5
-131
138
72
458
-53
283
31
433
150
234
-253
-241
143
-379
-124
-327
-175
18
214
165
-344
-61
49
-331
-430
-93
-681
319
90
10
72
166
462
-301
-377
296
203
191
159
-232
-801
-273
-148
39
41
-95
-201
-18
-363
-398
215
357
218
-322
119
-91
28
204
342
-366
152
-102
30
18
-43
-66
-132
-1
-640
130
134
-43
85
172
-392
248
80
-65
-408
244
-259
52
-187
140
-127
-222
209
16
191
-208
358
-183
476
369
-563
-471
-262
200
311
-375
242
58
-192
41
4
23
17
75
-575
339
-544
-451
358
317
-248
-225
119
-343
-84
-875
197
-68
-136
39
-184
443
-87
-128
-145
-359
-4
-532
351
220
91
205
-132
445
141
289
-262
-140
-380
139
-531
-71
-75
-173
-65
-80
-800
78
-517
220
150
-212
91
132
-215
-292
-556
276
-153
516
-207
317
-7
46
-473
-83
239
-263
87
117
49
-156
67
399
-191
9
-178
-56
66
-222
-20
201
-5
-133
109
-153
-539
348
16
-280
-15
684
-53
444
-9
21
68
-91
232
-121
-81
172
10
55
508
185
253
297
8
-460
-380
-148
102
75
-510
-76
-116
-369
-148
50
85
124
475
-108
-91
126
-305
-466
111
114
52
92
-126
-251
-3
78
99
27
-154
-12
-19
-102
-37
212
587
-379
-307
262
262
-205
231
-49
-46
-6
129
-41
66
316
-153
-173
-114
-272
-207
791
45
132
91
282
163
-17
-111
2
-33
-218
-179
385
176
-417
-575
-247
-406
-170
49
-121
-52
48
-101
-365
-264
359
-536
114
-391
-187
447
13
157
-58
13
60
256
29
-164
170
244
150
-390
-282
121
165
218
-276
119
-138
192
139
-216
261
-59
272
-128
85
-221
299
38
-70
231
43
-115
-176
664
-354
-276
-262
-472
311
-45
-180
-321
347
157
-170
46
-178
-161
-535
-14
-860
530
104
-99
-5
-168
66
104
-116
54
-401
12
382
32
181
-299
179
329
228
-206
-501
-331
379
411
-281
-607
-250
-320
-266
293
-260
111
234
-92
-535
176
-339
318
-499
140
200
153
614
35
459
343
168
-108
-194
-9
-239
344
-352
-37
438
-43
11
-131
-237
187
-122
236
-204
-18
370
106
-40
316
-272
208
-384
-289
72
-385
147
-276
498
293
-439
-53
172
-327
289
280
250
-67
414
101
-8
-274
-17
97
-262
268
243
108
-460
64
488
166
60
878
352
-318
-190
-195
-236
-202
178
637
-254
-79
496
-544
193
66
-232
-284
-490
375
-145
-213
-471
-300
84
-606
-140
-12
40
-299
-224
82
407
43
-105
-267
-476
-14
-108
-321
35
-119
-33
180
113
62
-68
-444
-177
-322
-241
634
76
0
-7
36
568
-356
-83
91
313
-159
-88
28
166
236
-42
-359
-4
-382
-145
57
-35
-9
-386
120
-281
-306
-19
385
134
-317
-91
226
-70
154
-341
117
5
238
125
-115
150
-213
-246
-23
53
296
245
-26
185
-101
-166
-169
-487
277
-135
-443
-23
-339
-240
-277
-113
-2
108
213
-319
-86
-59
84
353
12
397
122
124
-622
350
216
104
347
-186
-99
77
-1
168
133
339
-41
-99
-277
-387
-282
58
-83
-79
-238
-22
38
-333
173
95
351
166
181
-373
194
131
577
-331
304
456
244
-75
109
394
262
-168
231
-527
94
151
-64
100
201
-126
161
-464
63
-229
183
75
305
-147
-125
300
-312
147
-383
-375
667
-192
-244
150
-96
18
649
-56
243
-35
426
218
363
2
-257
67
373
191
161
-570
-347
83
274
272
-237
-103
354
-225
-495
-94
-27
-159
-81
332
5
-57
280
-182
238
-361
141
28
-176
272
-99
-115
156
268
0
334
-99
206
-384
-216
-73
162
282
-105
-98
-49
70
447
-256
134
-117
-9
-398
213
-101
136
-153
336
-458
464
13
-181
-404
101
-74
15
152
166
201
19
-247
-171
82
-210
-293
-25
132
530
173
139
182
-136
203
51
-77
-130
-167
-266
257
-35
-296
-159
257
121
203
-131
11
-186
31
-138
49
96
-83
137
320
227
-231
-74
204
258
-319
267
240
-308
202
-41
781
291
289
94
454
-72
-419
261
-91
-381
238
721
-521
-88
172
-221
159
42
160
228
59
7
209
443
118
121
216
39
-324
173
-95
-414
-340
-778
-441
-274
-274
-187
-79
-426
-55
-404
-204
-153
-170
380
85
-313
163
323
-35
359
26
52
160
363
-487
247
364
145
39
435
-114
108
153
-309
182
-74
-51
-769
19
465
-125
-697
166
-144
-283
193
-380
-31
53
-331
394
129
161
-117
136
530
98
227
-84
-413
38
140
236
-217
200
-296
-460
-105
-136
-157
10
-177
-96
-164
102
165
270
-186
-113
-366
7
797
18
58
41
-462
221
-97
-93
-82
-338
-461
134
251
71
117
6
200
-407
-233
84
-131
326
-150
-14
-252
182
-134
216
258
125
-187
-276
-180
158
-222
496
147
-148
-466
-398
-128
212
-191
-119
-99
336
106
129
280
-528
245
385
-267
300
-97
6
103
-102
5
153
-96
-175
303
-179
-365
-116
-95
125
59
165
152
-506
35
-186
-175
-137
58
161
-46
156
181
147
126
-315
279
-17
258
-199
84
162
-46
40
-38
146
268
-23
-404
-160
223
44
127
-210
466
434
-220
-73
196
85
-49
153
170
-68
10
80
120
-225
-277
259
536
235
72
-90
-158
-159
576
-108
615
355
-370
-123
63
-435
-102
244
450
93
-12
170
-41
323
213
199
-199
-190
-92
-91
167
216
202
-225
-390
307
180
-636
19
20
-292
-67
298
330
117
-134
151
12
171
573
308
-80
225
207
562
85
-64
-207
152
25
222
362
-454
-47
30
-365
-442
45
-102
-125
-152
-283
162
-357
-285
-229
458
245
416
85
-215
-190
-175
283
89
-257
-95
96
61
-322
200
-170
53
-48
18
-120
-208
648
-95
-78
-544
299
90
-574
199
-134
-130
-564
-104
-139
450
110
114
237
41
22
-212
-181
147
10
6
322
163
140
414
431
63
-346
-222
30
122
-225
457
-212
248
97
-23
125
214
245
-119
328
166
408
18
-312
77
-55
-291
-15
130
356
-109
240
78
-98
-313
26
-43
17
121
-149
60
238
284
-275
204
-277
23
-62
35
-337
-38
19
381
-9
-106
56
131
46
-34
-38
126
-272
58
-349
-89
290
187
54
-70
472
279
323
-59
19
62
199
-407
-81
238
-12
7
-527
-198
5
-242
117
-203
-65
180
-12
-299
94
367
125
-11
211
-474
219
165
97
-210
-256
-331
-221
124
-346
323
401
-146
-352
210
-187
-18
-230
-82
-198
-108
164
-345
262
-208
-135
-358
112
-251
147
-400
372
26
-54
148
94
-351
455
-127
-61
-254
-141
255
-195
-154
-288
97
170
189
374
398
335
-58
101
314
7
-383
341
-6
343
77
384
177
737
102
303
-146
-111
468
-601
13
-498
-464
187
-2
-12
202
-271
-6
-84
276
210
182
-204
-135
-97
71
6
24
41
248
-116
177
-68
26
-400
255
-145
-390
420
167
-57
-304
241
-86
-23
-239
-431
-63
193
244
-252
292
-106
45
-68
-25
409
-47
-59
-392
-186
-34
272
466
-327
-1
-19
-372
-150
-473
-462
595
162
64
694
365
-45
616
282
129
-32
-424
-479
-281
126
-55
125
312
15
-398
86
-224
-242
-101
-23
31
160
-84
389
-337
-145
144
-403
-406
279
21
-228
219
199
-187
-236
335
-41
175
-264
-326
-487
-428
211
-35
345
360
332
-112
51
-194
43
202
-99
89
-46
212
146
-128
-103
-8
-59
188
-204
-361
123
-262
-442
129
246
-172
-185
-62
-141
259
-34
-78
-37
-209
-94
-384
-41
-237
192
-389
52
547
535
183
413
-121
-106
-246
-289
207
75
151
209
315
351
171
240
86
194
-94
309
311
127
-307
-145
-259
-105
49
-102
180
-141
191
330
449
12
-162
216
-379
-139
-533
68
-647
-272
31
315
128
51
158
33
324
-64
-258
-661
139
-168
186
323
199
64
252
96
217
-369
187
172
146
70
-146
-132
63
-343
198
-144
274
646
600
-564
231
-516
33
-13
59
-172
-396
393
-352
51
-216
-278
35
-396
8
-252
-227
131
167
-233
-314
-75
-441
300
-145
-250
361
-547
-359
-18
366
91
369
-38
-435
-68
-20
228
-112
-88
86
-3
205
2
941
-241
-260
-127
256
273
-127
-84
-231
-189
-47
-38
474
-204
22
131
339
-20
327
-178
180
463
332
-609
186
387
-153
-86
122
502
-428
-140
-136
-127
-195
-151
533
149
-202
570
-300
-108
555
-206
217
9
-66
116
-342
234
116
-412
194
-70
-126
26
208
-507
-414
389
-115
-192
-173
282
427
-265
55
20
107
-218
256
-6
-323
37
-183
-222
-387
-394
-77
469
334
128
490
-317
-156
-243
328
-3
142
-65
42
305
119
-135
65
76
-267
-24
-211
-83
-405
-340
192
-46
774
50
41
-317
108
108
233
95
-52
-540
824
113
211
388
17
-380
167
117
-65
286
326
443
-287
-124
-123
-41
187
-160
-3
2
85
476
276
-346
273
159
-134
-80
48
-72
-140
-204
-14
-112
331
355
343
-108
270
-539
-180
-143
-480
143
-120
388
77
314
677
32
-224
112
156
194
-249
-251
-329
-591
-19
153
62
-442
-319
241
-32
-288
-26
-266
343
-91
517
-350
-216
30
58
-184
176
302
-399
90
133
-234
372
-139
-209
48
-762
-48
49
-6
218
282
390
-111
-191
14
-22
-296
-423
-100
456
80
190
204
-360
-107
-121
203
189
204
101
-680
268
180
-340
-244
-34
102
-143
326
-38
259
-306
356
421
-169
433
130
-233
187
196
-88
40
-205
-73
353
-344
-99
-126
196
90
24
-235
421
-379
-479
378
-251
-150
147
122
-317
-2
-163
244
-430
38
161
63
-305
365
-548
147
423
182
-354
-371
541
-13
-337
-545
96
71
269
-151
-204
120
-73
6
-218
-92
70
-683
156
-353
-226
-116
284
-65
-76
-296
1
-261
31
286
-481
-396
-82
-621
82
325
146
-32
-413
79
-188
22
-406
-324
-91
-626
-50
-66
-207
401
177
-267
79
52
-213
-2
73
173
-204
117
-66
-434
60
-63
77
285
332
-263
-32
683
173
160
468
78
316
-81
25
446
-94
58
-52
-302
261
108
-387
-345
188
176
-258
393
126
356
-197
-227
-287
-448
-74
-201
10
0
-51
100
520
-337
-246
-330
-44
-242
-530
-156
94
-11
290
16
-151
180
85
109
63
357
21
34
-395
-81
-316
-120
352
55
139
-253
71
-421
-277
-227
-290
-298
-434
303
-205
103
-113
174
115
235
80
-531
267
160
-17
-124
408
84
-49
-232
-52
111
36
-65
-234
-46
-103
-39
57
30
345
-11
105
186
346
77
-118
-643
-65
-310
205
88
300
-153
350
-217
-99
489
-191
117
124
82
-131
387
112
-384
-342
-303
402
298
29
472
495
-70
-12
-16
-18
139
-377
-282
219
-126
43
-190
78
410
-51
13
-65
-217
50
46
422
-95
318
-304
69
-70
-67
-686
457
-3
-325
22
-66
-31
84
-225
243
37
-171
-203
335
194
66
100
-106
-137
-214
185
377
618
331
594
-19
210
-53
350
-373
-130
-121
-515
-53
-366
170
-190
191
-368
-50
-431
126
-449
-43
-308
72
117
-176
30
33
230
-43
-528
-430
-276
400
136
-37
-100
46
-20
52
154
-398
322
-350
111
-206
379
-108
11
-58
-673
44
-22
-567
-214
331
233
457
-209
-46
84
-817
-314
35
-29
-86
-522
221
-669
152
-176
209
77
-72
63
-199
99
-206
124
161
165
365
-427
81
-27
43
254
218
-284
-263
-84
244
64
63
170
-22
38
544
141
-51
298
-31
21
-378
281
244
-377
-78
-257
162
94
-41
190
265
-105
-107
-458
26
370
202
132
560
-129
-409
-9
310
129
-130
-585
37
-443
234
-5
-321
-321
75
-193
-153
7
127
285
211
-256
84
49
15
-206
-156
393
-110
-149
-228
-184
215
54
242
15
124
-75
-328
-36
348
75
162
52
331
-259
-14
37
191
-304
-30
-225
-187
275
-231
-303
21
47
131
-258
-342
-630
257
-384
-310
38
-58
33
-453
409
164
382
274
209
127
-151
525
86
260
-204
-81
-357
-280
-166
291
13
310
-51
-90
-488
37
163
-213
179
-115
184
-36
-402
560
-388
114
46
-180
-230
-80
57
-229
-524
-303
-99
-146
-117
-118
-282
283
364
-154
425
-127
-63
272
424
-254
-274
117
-204
110
117
-193
36
37
-45
22
37
-135
126
-46
-200
-430
24
-387
-309
-422
61
141
-372
80
364
-290
-180
18
-143
-5
410
172
196
-310
172
-127
138
98
-258
220
-516
-222
-166
468
-108
142
83
-69
301
145
-429
-375
-63
18
-75
283
90
245
-143
229
92
-139
97
364
57
320
490
-239
248
111
360
-243
-609
189
163
195
64
-83
67
369
-571
90
-50
-211
-60
-229
206
-63
7
-66
322
-51
221
-175
-219
-260
-162
205
442
-148
302
311
232
264
130
-551
-508
-646
68
-167
42
117
341
182
22
-287
-208
-148
49
-95
272
-33
-310
141
4
102
-114
-440
-208
-219
-64
-192
426
-255
-164
149
-176
-94
-78
385
34
-86
-237
-24
-273
-33
73
-193
-157
153
18
-253
-299
321
318
97
309
-73
-184
11
-7
295
-105
-9
293
167
503
-86
84
-325
323
-173
-200
-47
-26
-70
-32
-309
-167
363
100
-236
-707
16
232
-216
-396
471
266
-317
-331
233
-352
82
393
149
181
-292
-347
-59
60
259
18
472
370
180
206
-230
58
66
-159
278
-327
-381
545
116
-269
-471
-110
7
-435
266
-571
25
-145
540
391
-147
80
32
205
377
-4
-42
58
87
615
-36
55
-114
32
-39
505
184
100
468
-153
133
-246
100
135
-79
-157
46
-257
217
134
-440
19
-298
-164
-108
100
52
568
27
29
45
-228
-48
-79
383
313
-406
68
-69
252
375
354
46
330
-1
-273
176
-64
34
366
369
378
33
-298
-442
134
21
289
162
-323
-371
499
347
-94
-210
-154
-489
93
-154
802
54
-173
12
129
234
415
-306
4
-82
118
-149
-39
-255
385
72
9
-218
-151
-254
181
-143
-152
-103
-453
53
252
544
337
42
-117
420
22
-5
-88
-67
-366
9
71
68
-158
86
-151
-201
290
-178
-352
26
-374
48
305
118
-493
-119
-53
257
-110
314
-56
-120
429
115
118
-190
132
117
410
217
380
-600
404
312
52
-74
-352
-62
-45
-245
-178
177
240
593
-121
220
-92
-165
-117
-484
-380
168
299
103
-63
273
-133
47
-122
-168
-449
88
244
-173
382
-33
29
-359
503
-242
67
-30
-54
92
-367
-31
-154
-390
-223
681
60
30
-76
-173
403
116
369
-423
410
-31
-38
4
60
-218
-8
-671
-262
-33
-139
26
-360
182
-197
95
27
177
-8
119
219
-26
316
