13 76 25
0 0
0 1
0 7
0 10
0 11
0 12
1 0
1 7
1 12
2 0
2 2
2 7
2 9
2 12
3 2
3 4
3 5
3 6
3 7
3 11
4 0
4 1
4 2
4 3
4 4
4 8
4 10
4 11
5 0
5 4
5 8
5 9
5 10
5 11
5 12
6 3
6 6
6 7
6 9
6 10
6 11
7 1
7 3
7 5
7 6
7 7
8 2
8 6
8 7
8 10
8 12
9 3
9 4
9 5
9 10
9 11
9 12
10 0
10 1
10 4
10 6
10 7
10 9
10 12
11 0
11 1
11 4
11 6
11 11
12 0
12 2
12 5
12 7
12 8
12 11
12 12
30
31
50
62
6
56
28
71
1
75
19
20
51
72
59
73
66
47
5
9
7
2
42
32
54
33
17
69
35
26
18
27
21
22
45
65
53
8
74
14
11
55
13
48
3
16
34
57
41
24
52
10
44
29
15
36
12
70
63
64
25
49
46
37
38
0
68
40
67
61
23
4
39
60
58
43
36
31
19
-4
42
-7
27
-16
-9
-29
-11
-26
-75
-19
-5
36
37
3
8
8
-22
34
18
20
5
12
-20
-25
-17
13
38
-16
29
4
-20
39
41
7
-38
-21
37
-45
7
28
9
36
-3
-40
27
1
43
-37
-44
-31
-28
59
-11
-1
7
4
9
17
-9
28
1
29
18
-21
-63
39
25
-4
-13
-21
13
-4
0
-55
-2
-16
9
1
5
-2
-61
-24
6
-7
0
33
22
15
-16
-12
11
-22
22
-7
-5
16
8
17
-61
-12
6
23
-1
-24
-7
-6
45
-22
35
6
8
-62
6
-25
23
-19
9
20
5
-8
30
-15
-22
-1
-7
-24
-9
7
-22
-43
-20
2
-22
1
-10
19
-46
3
-42
-16
63
15
-12
21
40
-31
-10
-23
3
16
9
-48
48
11
-17
3
-6
23
-13
-26
24
7
-17
-23
14
75
-54
-7
10
22
10
31
-18
2
6
-13
-1
11
22
25
-23
-6
1
-22
11
15
-5
10
-21
13
-4
-2
0
-51
-8
-13
-4
-4
25
14
-16
-30
-18
-14
-32
1
10
6
12
-1
-5
-18
-5
30
9
35
30
10
-20
22
3
9
-6
12
-16
-18
-7
6
-8
-43
-20
-7
-23
4
20
-4
-5
7
11
2
32
-26
-8
18
14
-21
36
-37
3
-11
33
-31
-39
-38
0
35
-4
-12
1
40
7
-21
-19
21
-19
-24
14
5
-15
-3
18
-2
-15
5
31
-5
-21
-50
-38
50
33
-13
-5
14
49
-16
21
19
53
-23
-3
-34
44
0
3
-34
-52
10
-29
37
14
-10
10
0
57
3
-25
7
44
4
-63
-1
37
-44
48
52
-28
9
-14
-31
1
-16
2
30
-23
21
50
-4
-23
-31
-5
-43
53
-21
42
17
5
34
4
-34
62
-5
-84
-10
36
-2
-11
-13
30
29
-24
-30
-79
-31
27
-15
-30
23
-23
55
28
2
-29
44
34
-2
25
25
-37
20
-13
51
-6
-13
9
86
-7
-4
-21
36
-56
35
-19
22
-39
25
17
-35
-30
-39
21
37
23
0
29
-7
-3
32
-11
-4
19
-34
-2
-15
50
-51
-17
18
9
-38
11
17
-47
35
28
25
-17
8
-2
10
6
11
-49
7
-7
-24
-8
34
-12
6
-4
11
-28
6
10
34
3
25
20
-50
-2
4
37
45
-27
3
-24
19
-27
8
13
-27
6
-29
1
11
-11
-25
30
-23
22
31
2
-58
-36
-2
25
-12
-22
11
16
-23
-28
33
19
1
-6
-7
0
-12
34
12
-6
-36
-35
-2
13
-16
-11
-19
-15
38
24
45
-6
-4
10
-10
28
-11
4
-68
-31
6
11
9
5
9
-6
-15
-26
-33
10
21
13
0
12
37
-2
-20
2
-21
6
-14
15
8
-32
6
0
-12
6
-10
-2
13
-13
31
11
-1
50
-7
-1
-29
-31
12
71
-9
17
63
14
12
-13
-17
-12
-41
-4
-17
-19
-15
-20
-15
-6
7
-7
11
-39
19
6
-31
3
12
-38
15
-4
12
-67
-16
-14
12
18
3
-8
-42
-3
-20
1
-31
2
1
-4
-32
34
-9
15
35
22
44
-3
9
-5
-11
7
-17
-17
16
-38
8
-17
6
23
51
11
6
-67
3
41
-11
-10
23
-30
-37
21
-8
7
-11
-61
-18
18
-4
-4
-22
2
71
13
-11
52
4
42
-44
19
38
-7
33
-54
13
-15
18
16
-7
-12
-40
20
-1
-21
31
-30
6
36
-7
12
-18
34
20
-9
0
-9
3
-36
34
-51
27
-17
-23
2
-2
-1
-16
10
3
-4
5
-37
10
-18
37
20
-10
-47
5
7
-26
23
38
-4
-14
-9
7
-13
-4
-23
-42
1
-7
-24
37
-39
-16
31
-22
-11
0
-20
-20
37
38
19
2
-28
-10
-3
-9
28
38
-48
-13
42
23
12
-33
3
-30
26
50
-15
-24
-21
21
0
18
-17
5
65
17
-35
48
37
-20
-4
35
28
16
-23
12
-28
-34
35
-54
27
19
-12
-8
22
34
-16
-41
-18
-37
16
-5
4
-4
-61
-36
2
-1
-36
21
-22
11
-5
-39
-16
44
16
8
-13
-18
-21
40
26
55
-18
-2
-32
27
-10
-28
-11
-11
-6
28
2
68
14
-23
-20
-20
-2
-28
21
-23
20
16
41
-39
15
-28
-3
-26
-17
-13
11
-56
-21
-3
43
-11
-27
7
-29
-19
-10
19
12
0
11
0
11
3
-2
-26
-4
37
-21
-16
24
-35
-2
0
13
-37
-5
31
-12
31
56
-8
-16
14
34
34
15
-5
-36
-16
17
-2
4
15
-24
11
-1
-2
8
14
-6
15
-27
-28
58
-12
11
-5
-19
-29
-8
3
-33
-27
-29
-42
11
19
16
31
-25
4
-13
-7
-50
39
-49
7
-7
15
-21
22
-1
10
12
-23
28
14
5
29
10
13
0
-19
3
11
-8
38
4
6
-13
-14
26
24
-35
-4
-19
1
15
63
-14
-8
-33
-7
15
42
-45
21
-39
33
25
9
-14
10
8
18
10
64
-29
30
32
-2
-56
-25
26
41
27
-1
-31
-1
-24
-18
-13
3
18
-20
-19
31
-1
-23
-29
8
15
-22
-1
57
-21
-10
26
-55
17
-20
22
-1
-12
-5
-2
-27
4
21
-18
13
1
13
-10
43
0
-8
-16
1
-5
-27
-36
3
21
-19
-25
49
-7
-18
-16
8
3
56
-6
-38
-4
35
-54
-23
-37
10
-11
-7
38
-47
19
-19
-7
0
-33
51
40
1
19
26
-34
-10
5
-25
30
32
-23
37
-1
4
26
30
-10
15
25
-3
31
37
7
15
23
-15
-20
-23
19
-24
26
0
0
-3
-24
-50
39
18
-12
57
6
-33
16
0
21
-1
-27
-36
14
-29
-32
32
11
0
-3
0
3
-67
-48
19
-74
-3
-16
10
-21
28
5
-3
-39
-86
-1
-31
-10
-7
14
26
-23
-4
1
24
36
-10
-6
-20
-13
31
-27
-39
4
-17
-19
-8
-26
33
-23
-11
29
-31
-31
22
14
9
16
44
1
3
2
9
1
31
-21
20
0
-28
18
-4
-27
-5
14
32
5
30
13
7
-43
-38
36
42
-22
-13
-26
-30
-5
32
31
-24
-10
32
-14
-16
39
-2
17
13
12
14
-8
-26
-3
31
31
-21
-9
-6
3
40
21
2
-8
20
48
0
-23
-3
25
-17
-7
-1
-24
-21
3
24
9
-41
-56
17
-15
-3
-3
-25
-10
-20
-13
57
-34
1
15
45
9
8
-14
-7
-80
-28
34
6
52
-5
5
20
19
-1
-53
-11
10
-21
38
-23
-2
-82
-9
17
12
13
-12
3
37
24
19
1
-18
-26
-17
-12
1
25
-7
0
-39
3
44
-18
27
31
-13
14
-55
-73
64
10
44
22
-11
-16
-38
-6
-40
-6
-4
-40
13
24
-22
-48
15
9
15
-2
-18
3
4
-7
-22
22
8
-16
33
-16
-35
6
58
33
-5
-27
23
12
-35
-43
10
16
22
-14
-28
8
-25
6
-28
13
23
-12
1
-18
-16
3
16
2
22
21
20
11
1
10
23
-35
-22
10
-39
39
-3
-51
3
-9
-42
-30
-13
1
-37
54
-2
11
25
9
-13
-14
-34
26
14
22
26
-16
19
-8
29
35
-11
-30
-53
-3
3
-20
-22
20
17
1
2
-6
-37
-4
20
-1
32
-19
16
57
5
32
-13
-30
-43
-34
12
-1
44
-17
4
3
-20
67
3
-55
-31
-8
3
-15
10
20
41
-2
-10
-18
4
26
-10
-13
8
-17
-28
9
21
-27
15
-26
21
30
-46
3
7
25
-11
1
22
39
-9
3
15
-14
-5
-3
33
-7
-31
-29
-8
15
22
-11
12
61
5
-26
12
-43
-36
0
-33
-34
77
-7
-7
40
60
-11
22
-15
-22
-1
-11
7
-17
-14
-39
-9
-25
-44
1
23
-13
-25
-14
-12
-27
7
-20
42
20
-63
-5
-11
-10
0
-19
-9
-41
-37
0
26
-1
34
7
-16
-5
9
27
-49
28
19
-14
17
12
-7
49
-10
20
6
-11
23
-14
12
2
8
-8
-16
35
-5
-18
15
18
25
-22
-1
-7
-45
45
12
6
7
-12
-73
10
-4
-32
4
1
48
40
35
28
-6
-23
32
28
-35
-10
16
-24
1
0
23
12
11
-12
-11
-18
-38
-15
0
-19
21
39
20
-23
-4
-9
-26
17
-4
53
-35
-22
-1
-29
33
8
-17
-35
-6
-4
23
-19
13
-31
-19
32
0
12
17
18
-16
8
-56
-2
-34
-24
-1
28
25
25
-12
-39
38
-15
2
-18
2
-27
-27
28
20
-19
-22
-10
20
48
16
3
10
4
-11
-19
-3
23
1
7
12
15
-2
10
-20
-24
-32
-31
-32
-29
9
-24
-4
-5
3
33
37
34
19
-10
-19
14
11
-16
6
-3
-5
-14
-35
-5
17
-40
8
25
17
-5
4
33
8
-18
-16
29
26
-7
6
15
-51
3
3
11
6
-12
32
-1
5
-12
7
-1
-4
-12
-30
46
-46
44
-18
-55
-12
4
28
-59
38
11
10
20
-13
-29
-16
-66
40
17
8
-30
0
60
-17
21
-15
-35
-24
-10
-33
-30
-4
21
15
26
16
-47
30
-32
24
23
-20
-50
15
12
6
1
-24
17
-16
68
-41
-26
7
-13
-14
22
-14
-12
-24
-12
-6
-33
7
-2
6
-36
10
2
-16
-8
-5
-31
-11
-15
16
20
-4
16
-54
5
-2
10
5
-46
13
15
-26
29
-2
-39
-11
0
25
-11
8
20
-12
44
-24
-4
-30
-25
14
-3
-12
3
-40
-35
-32
6
30
-27
7
-21
-19
10
-24
-10
3
-10
28
7
28
32
6
31
-27
25
-32
-11
52
-12
-6
6
7
11
7
18
-109
31
21
30
31
-9
11
-18
-22
19
11
-9
3
-13
10
-25
51
-2
-23
27
-18
23
-13
-14
-22
-13
25
3
47
3
-5
8
-19
9
56
-4
-28
-7
11
-43
-8
-19
-34
11
-26
-10
6
30
10
-2
-19
-21
-17
-28
22
-9
-22
4
11
17
-20
22
-60
-58
31
6
-8
11
15
5
-9
-48
8
15
11
20
1
-6
12
-3
-10
40
-8
11
-53
33
64
16
25
-27
6
-17
16
14
9
8
43
9
9
-70
-25
-8
23
-14
-36
-38
15
-20
44
2
-7
34
30
-17
-8
42
38
30
3
-50
-37
3
-7
-13
-19
-11
-9
-49
38
18
11
-8
6
6
1
5
8
-16
-5
41
22
20
-7
-32
-1
19
1
-8
20
-3
4
11
-16
-6
8
10
29
-1
-22
-11
13
-28
10
-2
-47
36
16
26
26
26
14
-8
67
-17
4
0
-3
11
15
12
-18
20
-31
-14
-8
51
12
16
9
-43
48
0
19
-18
14
15
1
-3
-15
-22
5
-30
-27
25
-19
-7
-23
-12
-12
-70
10
-23
-22
-10
-30
22
-19
-2
30
-14
3
46
14
-5
17
-49
32
-19
16
-18
2
-17
0
11
21
-21
-2
-45
-38
-8
-8
-17
-14
-31
30
-35
27
18
4
-12
-14
20
56
23
6
-16
19
38
-14
25
16
27
8
61
-25
4
-19
25
-8
0
39
-26
35
-18
45
-39
4
13
-69
-9
-9
32
12
-24
24
-23
21
21
-32
-61
-9
-28
-31
-2
-13
13
32
-5
14
-19
31
-15
42
28
45
30
-28
43
35
-18
-19
6
-2
-35
16
-34
-26
-26
7
-1
-5
24
7
3
-4
17
-14
15
-4
8
9
-37
-20
-21
-8
-15
8
17
18
-25
-19
-6
32
-26
-4
-2
41
-2
-4
-7
6
6
-6
-44
-16
15
-35
14
-18
20
-48
18
39
-1
11
21
-51
32
-4
-51
30
15
16
31
-24
-10
16
8
23
-32
37
4
19
-45
-38
-2
-15
12
16
46
-13
3
11
12
-7
33
47
-2
-7
5
6
19
-32
-33
-39
37
-27
-19
-2
-28
33
11
-6
-1
9
28
35
32
-24
17
-20
3
-47
-16
4
17
-16
-9
-14
23
27
-3
22
-24
-2
11
23
16
-8
0
0
32
16
9
13
-8
-23
22
10
3
-3
6
31
38
-19
34
-21
6
-20
-53
-34
9
18
-33
-22
-30
59
-18
17
16
-9
-29
-15
-28
11
15
7
9
22
-5
-4
32
-31
-15
-1
-56
-7
-15
-5
21
-3
5
3
11
62
34
38
34
11
64
18
-10
15
7
-18
-45
-11
5
-12
6
5
10
-6
1
-43
49
21
-10
-18
8
0
-10
26
18
-2
10
-16
-29
46
21
23
16
6
-3
-14
-20
1
28
-6
11
-4
20
-9
6
47
-16
38
14
-5
27
-41
-23
38
37
12
-31
-31
-8
-9
-15
-28
17
-2
30
-1
15
-21
3
-12
3
-41
-10
-23
55
-22
39
14
30
-19
-5
37
-5
-21
24
-9
-4
15
27
-8
-5
46
9
-26
18
-27
0
4
12
-25
47
-12
-7
12
7
-16
-34
28
-20
-31
-2
-3
13
7
-7
19
38
39
29
-28
14
23
-20
6
-30
-25
5
15
-5
15
50
-32
-3
-15
-36
-15
-8
-6
6
-25
51
-19
-46
30
45
4
29
-16
8
-18
-54
32
-17
-9
-4
-3
19
-17
-9
-2
-9
0
-2
-10
-29
-28
30
-23
21
-42
16
27
0
26
28
4
13
5
-5
-12
13
-7
-12
-25
-32
19
6
51
-46
28
32
-15
-35
-22
-1
28
16
20
35
-30
-28
4
26
24
63
-30
-14
-23
35
2
20
15
-9
29
-3
16
-27
35
-28
7
-38
-32
-9
20
52
23
35
18
-24
-6
32
-1
2
-8
25
-14
-31
65
-28
-3
24
31
52
-22
3
2
-44
2
-6
38
-19
1
12
15
-2
-27
48
-6
-40
11
-12
-45
20
-17
9
-28
28
-39
-34
26
-7
20
19
-19
31
13
2
-20
-9
7
22
-4
-37
-20
71
5
23
14
-46
54
-12
-32
-8
-37
36
-3
-2
18
-15
-22
-10
13
7
8
-30
-35
6
10
-24
-26
44
16
-12
1
-4
-20
8
-17
-38
-59
-5
-7
1
39
34
-9
-6
-15
-9
-18
-28
-23
4
15
-31
20
-7
-20
-6
2
0
17
-12
4
6
3
-30
-16
-41
27
-1
-27
-5
-9
-38
33
-11
5
64
12
25
-12
12
-9
16
50
-11
6
-11
5
28
-27
-24
31
-6
-22
6
1
17
-18
0
25
35
-7
-10
-4
-19
36
-41
-3
23
29
44
9
-42
2
20
-1
-19
7
-11
2
29
-31
-31
16
34
28
34
42
24
57
18
36
-42
43
30
31
-8
-15
43
32
-19
-26
-71
57
-4
23
-4
-3
-31
66
11
-9
11
-32
4
31
-23
0
9
24
-9
6
11
31
12
-30
42
-41
12
-16
26
17
-22
16
-12
25
-17
1
8
19
-16
-20
-51
-21
-21
-31
-33
-19
-22
9
-20
9
13
-35
6
36
18
-3
5
43
-6
17
-25
-48
-13
21
1
-26
-43
-15
-2
-10
44
10
14
39
10
-17
5
55
23
10
18
15
33
4
-4
-6
36
-22
-1
1
36
1
48
29
4
-7
-22
-18
-19
33
13
-26
-2
-46
-27
-25
-16
3
-24
-15
23
17
-47
31
-12
-7
16
12
-25
34
-30
24
31
-1
0
2
3
-9
-17
-64
-12
-25
-14
-9
-13
-27
34
14
11
0
-7
42
-77
-17
2
-24
14
4
10
7
-17
49
19
-23
-14
-17
0
6
9
-44
58
36
-44
39
0
4
42
-7
-26
-2
-31
20
11
45
22
3
43
12
-7
8
33
-19
42
4
19
-11
24
-21
-12
-19
-29
-7
1
25
-11
-25
18
-36
18
-30
-59
-32
-25
22
34
-60
-35
-32
8
-24
-43
16
-15
-11
-5
6
45
10
9
-29
11
0
-15
-13
-27
6
6
14
31
-31
-68
-11
-52
-20
-22
31
8
-18
21
-3
-31
4
-35
15
-6
15
14
-29
-14
36
29
7
-19
17
-13
-7
2
-33
1
17
-16
27
20
6
-4
54
-44
-9
-6
-7
14
-24
28
-32
13
-11
-2
9
35
-5
19
43
-9
-43
-32
-9
-34
-55
2
6
-33
34
8
47
-15
21
4
-10
-39
-27
-2
-16
-30
23
10
3
-17
7
50
2
0
-26
20
15
13
-19
-12
-45
-6
0
-19
-2
16
-51
-20
-29
2
25
4
-8
-45
24
-24
-19
19
5
-23
4
-29
-5
-1
16
-6
-18
53
-35
-7
9
-18
24
-11
-15
14
25
21
2
-41
-7
-34
44
17
-9
28
-10
22
-2
-13
-3
-13
37
5
-26
24
-13
11
14
-24
60
7
14
-33
2
-1
-28
-31
10
-57
-53
-8
12
16
-9
-26
-6
14
7
15
30
-10
-18
-49
12
27
40
31
-12
25
-8
0
-12
-30
2
-50
4
-3
3
12
-2
-22
41
34
-20
-30
8
14
22
-7
11
-35
-28
-4
12
14
-15
-20
-21
-22
42
17
5
-31
11
-21
-17
-15
-57
-12
21
24
-21
43
30
27
-1
-16
8
15
-47
11
-15
27
-9
-7
23
34
14
19
55
9
39
-8
-29
24
24
-11
6
-16
-19
-7
-25
37
34
6
-18
-9
-21
-36
24
21
-9
-17
5
-41
-4
-39
22
-16
36
-32
0
-17
44
11
-32
27
-17
46
45
10
14
5
-20
-1
-11
22
7
14
-12
1
-37
-5
21
-23
-23
8
13
6
6
-26
-11
14
-19
-35
22
-32
-28
6
-15
31
-3
-8
26
3
26
1
37
7
-21
17
2
-2
16
5
5
-29
45
-15
18
-24
-28
29
-30
-16
-29
-1
-1
6
22
-19
18
-6
32
-2
41
25
10
-27
7
19
0
7
-19
33
23
-19
3
-10
40
4
-5
-11
56
10
29
21
6
1
-38
-23
-13
-22
17
5
-29
28
8
3
20
-4
-28
0
-11
-3
8
-26
-6
16
11
-29
35
6
-67
-2
-22
-28
-11
0
-11
5
3
51
35
-12
-3
1
6
-3
8
47
-18
29
-40
-38
16
-3
41
-39
33
19
-13
-6
-8
-15
9
27
4
-33
-4
22
11
-10
17
-11
-16
5
-44
6
0
-18
13
23
23
24
2
25
-1
-38
-8
1
15
18
22
6
1
-12
-18
29
-3
3
38
-42
-21
-3
28
21
9
27
-6
-7
-19
7
10
34
2
26
-30
-7
37
17
-45
-10
-29
-15
-26
0
11
-13
46
44
-35
-31
41
9
-28
10
6
-4
-21
-16
-58
-22
19
-14
12
-4
19
-24
-37
-1
-9
-16
32
6
-4
-28
-7
-15
15
3
42
-9
8
-15
-40
66
38
-26
34
10
-33
-12
30
1
5
-15
-16
-10
-58
25
28
-15
-4
-8
9
5
39
22
17
20
5
20
6
56
60
-58
23
29
8
-6
-46
15
12
24
-9
-8
0
-14
0
-7
-37
-18
-58
10
-10
-23
4
-12
-22
-16
28
-16
29
22
-53
6
-13
-39
-34
-11
12
-3
43
60
45
-22
-12
39
1
-18
-16
1
-18
7
-37
-14
37
25
5
-38
-15
-33
27
-8
19
-13
-29
17
10
-3
-31
-12
14
-3
38
-15
30
4
-15
-4
-8
14
28
-17
10
-22
-32
4
-67
-11
18
-31
16
8
24
-8
-20
-14
-4
-22
-4
-25
-33
25
-5
-15
28
19
-22
22
35
-14
-36
-23
-1
6
-13
-26
44
-19
-17
24
-6
7
-41
-37
-57
-18
9
7
12
21
-8
8
-29
-33
-48
-26
32
-4
-20
29
-7
-10
44
16
-41
-22
-37
-14
39
-23
-22
5
-11
-2
17
7
12
-23
-7
42
10
-5
-4
-16
3
22
-25
-2
-57
-35
-46
-25
24
-6
-14
2
-42
-15
0
-30
-2
2
9
-14
-5
-14
-6
52
-5
15
54
4
-32
17
-6
-35
-17
35
8
-38
-4
36
-6
-83
-23
53
-31
46
-7
-1
-26
22
8
4
60
-22
1
-66
-19
-40
-55
-1
-35
25
36
-13
3
1
-30
29
-25
24
8
16
-1
19
-3
-15
0
-45
5
-17
85
-8
16
-28
31
18
-19
15
-45
11
37
38
-35
-67
-10
6
8
19
-37
48
-7
21
14
-17
0
14
5
-48
-37
-36
12
-10
48
-8
11
48
2
3
27
10
45
20
-21
16
-43
25
27
40
-51
-14
-3
-17
28
-38
31
-22
-38
16
7
37
52
3
-32
14
16
7
15
-24
36
-8
43
-5
-8
35
-33
-15
-29
26
-12
-31
15
20
-1
6
15
-50
22
-37
37
70
-15
-41
8
-19
-30
-8
-2
65
4
9
6
-36
15
21
22
-25
-10
-22
13
7
26
-35
-5
-46
35
-52
33
30
-19
0
-17
-34
-85
15
4
24
-6
-15
41
19
45
1
1
-37
2
28
6
34
6
3
36
-38
-10
36
-16
0
24
2
1
31
27
-25
-2
11
-4
6
-41
-12
-15
-10
-16
-13
3
22
-23
2
-21
-2
4
8
-36
37
17
-13
5
9
-35
21
36
-5
1
38
17
-6
9
3
6
17
-9
11
-13
-26
52
20
-1
58
28
22
-38
-30
9
-15
-22
4
12
-24
24
26
-51
-22
22
-15
9
-2
-10
-8
-14
-3
-3
24
38
-13
-18
-23
-10
29
27
-5
12
-9
-27
9
-7
8
0
34
-7
-6
5
0
23
14
19
-39
56
-30
25
-4
-3
-33
13
-2
-30
39
43
22
24
22
-1
10
10
5
9
-26
-2
14
16
-24
-18
-3
-6
21
12
9
8
19
8
0
28
-9
22
13
-24
-24
18
25
40
0
-29
14
-22
-13
-1
-13
7
30
2
-17
31
30
-11
-2
-46
14
17
24
6
21
30
28
-29
35
-1
19
8
6
-28
4
-28
9
13
8
72
18
-9
42
-28
-14
-5
42
24
40
-29
9
5
-33
-7
11
5
9
38
-13
-5
26
4
-13
-15
-69
-9
-48
8
-10
-21
6
53
29
34
-29
-19
12
9
-7
16
29
-36
-52
-20
8
-5
0
-74
-43
18
-51
-9
1
-22
35
-6
10
-26
-2
-22
-3
-14
-47
-26
2
11
43
7
-33
-54
56
-3
19
22
-23
21
6
26
13
-4
15
23
-9
9
-25
-66
-24
-4
-16
-14
-14
19
29
-45
-7
12
-10
-12
-4
-28
-24
-6
9
21
-21
19
0
-45
-2
-42
-9
6
-14
5
-22
-9
-11
26
-35
-3
-18
-14
-46
-9
-14
-10
36
27
21
-30
14
4
0
-8
30
17
-20
-14
28
-16
-7
-54
12
36
5
8
-17
3
-24
-21
28
31
-5
6
18
-25
-12
0
31
3
9
38
29
9
10
-6
-40
22
26
48
25
3
4
-55
0
-16
2
11
7
24
-5
20
47
-2
-5
-6
-1
-22
21
7
36
-2
-21
22
21
-17
-35
-12
7
-10
-2
7
12
-29
37
-3
29
-38
-28
-3
-4
28
-8
-1
-17
19
7
20
34
6
-23
-22
-2
-13
-2
25
-11
9
1
41
4
20
12
7
-14
-19
-30
-10
-26
-11
38
6
8
-2
-40
26
-24
-36
20
-30
28
6
2
-10
21
24
0
4
-25
8
58
28
-13
-61
-2
-41
20
-26
-51
34
-12
6
-10
-23
7
20
21
-14
27
27
-7
-22
-39
0
-20
7
12
-3
-1
-4
-32
-33
-9
29
29
-41
14
-9
23
-56
-20
-9
8
-17
-45
-59
23
-14
-3
-23
14
20
58
22
-9
0
52
5
-7
-10
-50
-54
-20
42
11
-62
-33
2
14
-1
-18
-1
16
-41
14
38
8
1
29
-37
23
11
12
-14
-24
-24
-37
-53
47
4
-40
16
-3
-22
13
-26
-16
-15
-2
8
-25
-36
10
35
-31
-4
8
-11
24
-48
0
-3
-21
9
9
20
27
-11
-2
20
19
-18
-37
-15
-26
1
4
-8
-7
9
-25
-62
-35
-34
43
36
10
32
-27
-1
-3
-36
-10
-3
3
-18
-43
-4
2
-10
14
44
54
4
1
7
8
27
46
-3
30
-38
17
24
-50
5
15
35
1
10
-8
12
13
5
-36
10
-39
-6
-5
-29
24
30
-37
-3
31
46
27
1
18
-10
0
-26
58
18
-29
20
21
57
-15
5
-39
-13
10
-19
22
-21
33
-20
47
13
-2
-38
-36
-20
-29
-8
2
20
11
46
6
-17
-51
46
22
-12
14
-51
28
44
-13
-3
32
28
-15
3
10
-25
13
-53
-31
-10
60
1
15
-33
15
-5
3
30
19
24
5
-44
-4
17
-12
-1
1
-29
6
15
5
-25
10
-80
29
8
-56
10
56
-3
-13
7
-36
5
-50
7
36
-2
-9
3
-21
23
-44
-18
10
-29
0
-6
-8
16
-24
12
13
-14
31
9
-20
-36
-5
2
-55
22
-9
-13
-16
0
-2
-43
51
14
-18
12
19
13
-5
1
7
-30
-54
-33
15
13
8
-30
-10
0
19
-3
-24
-17
-19
-27
-1
7
-18
-18
24
51
0
15
4
18
-19
49
77
-15
50
6
-2
-23
36
16
33
7
-20
-5
-21
40
-54
29
-10
-1
25
45
-11
0
7
5
-35
30
15
40
-21
9
-16
-11
10
2
-98
-5
-34
-17
34
16
8
-20
25
-28
-16
10
-39
11
18
58
-1
-11
-1
41
-37
11
-18
-30
-48
26
-12
29
-22
24
4
27
6
-5
5
2
-9
1
-1
-6
0
-7
27
-9
-1
-1
2
-34
-14
-10
-12
36
36
32
-4
-31
-21
-1
-26
13
-6
-1
10
-20
13
10
34
-45
21
3
-17
-20
-13
10
-10
69
31
-23
36
0
9
-4
1
6
18
-18
6
22
10
3
-17
-5
3
-2
-13
-40
24
41
37
-29
17
6
14
23
-53
-4
4
2
-29
15
26
-5
-27
-1
1
-36
-16
-22
30
10
-21
-55
-23
-11
-22
-32
-5
18
-44
-49
36
27
9
-12
22
23
1
25
62
-18
5
27
33
-26
-11
-43
-23
7
-27
33
-34
-10
-14
-47
9
-23
9
43
13
4
-2
19
36
-1
10
71
-31
13
-24
-12
3
35
27
13
-12
-5
-26
15
-34
-10
-16
-34
-19
-68
25
-12
14
-1
-44
-1
-42
-16
41
-10
2
-10
15
16
-4
5
32
24
14
24
-2
36
-28
1
23
4
-2
42
23
-48
0
-9
-31
-14
25
-13
3
-18
56
11
41
-18
7
48
21
-23
29
-40
-18
-43
-3
47
11
7
33
46
7
14
10
-3
-52
-38
-59
-6
31
-2
-30
-2
25
1
6
16
29
-29
-3
2
11
-24
-6
-15
5
-12
0
0
66
27
-7
-16
-20
68
18
-30
-14
48
-23
0
23
-22
13
14
-21
-9
-21
-18
7
-1
-4
30
5
-6
-27
23
-18
-28
2
-27
1
-31
53
-39
18
7
48
-16
20
12
10
9
-52
11
-13
-33
14
-4
15
-4
-10
-33
-2
-37
22
-26
15
-29
-24
26
9
-9
0
17
35
-5
-16
2
22
35
35
24
-1
-2
13
4
-3
22
27
0
24
1
48
-27
-7
26
39
36
5
-13
-23
-19
-13
39
-20
-1
-11
-36
0
-8
4
-21
15
-3
35
-29
36
9
3
-7
-31
-16
9
-18
-9
16
-13
-48
51
-1
-42
-12
-13
-17
28
11
-12
-48
-5
27
52
15
50
-5
17
40
-29
-69
-58
9
-18
19
-23
32
1
-61
-24
-2
-11
-10
-9
33
1
-46
27
9
4
4
23
6
-2
19
-19
42
39
-13
-45
-16
37
50
-15
-34
-9
46
-19
-16
-12
16
-19
2
14
-13
51
13
32
41
4
-13
21
33
-32
-16
42
-7
45
-17
32
-32
10
4
-14
-12
-6
15
31
29
2
10
2
9
-27
-25
11
57
43
-47
0
-2
-5
-7
-32
19
47
57
24
12
-14
5
-20
-7
35
-17
-14
27
37
28
18
24
28
-32
-22
-11
-32
-32
22
43
-12
21
-6
15
-22
51
-19
6
14
-16
-9
27
-70
-53
3
-8
39
0
38
21
17
-35
48
-33
-16
-5
-12
16
39
-4
-25
9
-29
-17
16
-46
0
11
4
-13
-6
-11
6
-11
-41
-7
25
30
0
-51
-16
22
34
4
2
-19
-10
5
0
2
-19
15
-2
-29
15
-19
5
-14
-28
-54
-52
-13
-24
15
37
-37
41
-15
47
-19
7
-9
-37
-11
-18
15
-30
-13
12
16
21
18
-38
-8
-7
-40
1
36
29
8
-4
3
39
37
63
56
-1
25
13
-3
23
18
-22
44
29
-19
12
-39
12
-3
1
5
-35
4
-67
3
38
-39
-11
-40
-16
-20
-52
6
-20
-44
-6
-25
-49
26
-31
50
-70
1
-35
62
47
26
-10
-59
-47
21
-22
-47
-48
24
-25
-16
16
-17
-1
0
5
-19
12
35
-32
13
0
22
-21
26
-6
-21
36
-42
38
11
8
6
-40
-14
-16
4
13
28
-14
41
-16
30
27
4
-5
-22
-3
18
-27
-6
0
8
-5
12
-11
40
0
30
-6
58
-64
-14
-38
-30
-3
-4
3
31
-5
33
-7
-19
4
-19
-2
16
0
13
-8
37
1
24
41
-59
0
-34
0
20
-11
25
6
-11
-12
-5
23
14
19
12
0
14
-37
-53
38
-15
41
15
-44
8
45
-17
2
20
53
3
15
-18
-6
-17
-8
0
65
23
-13
-12
-18
44
35
-22
-61
-61
40
-37
-21
60
-4
-8
-45
11
52
8
-60
-22
-37
41
-3
16
-39
43
-2
38
-38
43
18
61
33
10
11
-23
0
-23
21
-27
17
30
8
5
-21
35
0
-18
-25
-23
28
12
-59
-13
-1
-43
36
36
0
-12
10
-2
-2
35
-35
-24
-36
-19
-12
-18
13
-30
-6
35
28
7
-5
-50
-6
-30
-16
-13
-1
-26
-27
-24
13
-20
-5
-27
5
61
-32
20
66
-34
-25
7
10
-8
38
2
19
-26
56
-30
-13
-8
-3
-20
15
18
-11
-41
-9
10
-2
28
-62
-18
-48
-10
-1
-22
-43
17
23
-17
16
-44
20
6
-16
-34
-30
21
9
-41
-46
-37
13
-23
-21
-3
-28
9
-11
-25
-6
-51
8
10
11
35
5
6
4
12
10
44
-23
12
3
-9
-28
-14
49
-46
-30
4
-11
7
25
23
-21
-15
-7
23
12
-10
-10
12
11
-10
-36
13
56
-16
-72
-15
-8
-5
-5
13
-26
-22
40
3
0
11
38
-25
-1
23
12
54
33
-32
-28
54
-20
-8
59
-11
-38
19
-15
3
-10
-16
1
24
37
-10
-45
11
2
51
58
-14
-36
29
84
-8
-10
2
-3
26
-20
21
-42
0
-7
-8
8
-7
-41
-8
17
-23
34
-33
-53
-31
-11
4
-11
-12
-21
27
26
-24
15
-13
-27
11
26
17
22
-1
-49
-53
-13
15
-12
27
9
-8
13
-9
-4
10
-44
-14
7
0
-24
-11
2
21
64
5
66
7
26
-45
-36
7
-47
-33
13
-20
38
48
15
-14
-54
18
5
-39
-9
-1
2
-15
8
-3
-10
-15
4
38
-14
4
44
15
-27
10
5
15
-60
0
6
-20
-22
-4
-25
-31
-22
10
7
-28
-33
3
-5
-30
0
2
-33
-20
-20
-5
-12
-35
-4
9
32
-34
13
27
-66
-25
21
29
-4
-16
22
-12
-1
-22
46
28
33
33
-16
34
-16
4
-50
0
26
5
54
29
-33
15
-9
2
12
-4
-24
27
41
-57
1
21
-54
-3
-11
-37
21
-25
0
36
-29
-1
8
-7
8
-21
5
6
20
4
-2
-65
-10
13
-25
4
29
8
19
-49
2
-2
18
-23
11
22
8
-1
-2
39
-3
27
-38
-15
-11
15
30
-19
-49
7
49
-2
-3
42
-7
-13
6
-12
16
-27
26
60
-10
-18
60
-19
-7
-5
22
-33
25
-70
0
10
-15
-22
-29
7
15
-17
-14
18
-20
16
-30
20
16
-11
41
35
-8
-25
11
25
-5
-22
37
26
20
6
12
54
-19
10
-44
-18
-45
11
-33
23
6
-29
9
8
47
-2
-16
-28
-6
-8
-37
50
15
-21
5
-9
23
-22
37
19
23
-30
23
8
-2
8
32
48
-8
7
27
34
19
57
4
-71
10
-8
22
-24
-21
19
-6
-1
6
24
9
-1
6
-3
28
-32
1
35
25
12
23
3
16
15
-64
-16
-26
-34
25
7
16
-7
-32
49
-25
-13
12
-59
10
28
17
5
-23
-37
33
28
-24
26
20
-26
3
-11
47
-3
-37
42
41
-1
18
11
-15
7
30
-2
-9
-23
35
-2
13
4
14
-1
-35
23
-6
-6
2
-13
-21
-2
-14
-13
-30
-32
-12
6
-40
18
5
-28
-4
18
-1
4
40
-14
2
-4
-31
35
7
-24
-1
2
9
10
-25
-53
-3
-27
38
7
9
18
-36
-25
29
-25
-30
-12
-36
20
32
-5
-7
-32
57
-4
-1
51
-11
-11
-33
41
-6
2
-2
-7
-8
20
37
-35
-6
14
19
13
37
16
-13
-5
-10
11
15
-2
9
-1
-37
-7
-2
-23
-16
-10
-12
-11
28
0
22
3
-7
6
-15
0
14
12
7
-12
-19
0
-15
16
-25
-31
11
3
-13
-23
28
-9
4
-21
17
2
-9
11
-44
-2
-28
4
23
-65
-4
23
-38
-11
-10
-6
-11
41
12
-18
16
5
3
3
5
0
51
13
-79
6
10
-3
-7
-21
42
7
37
33
5
13
2
39
2
16
13
-22
45
-21
5
-30
-12
-41
-2
-14
49
-30
-8
-10
9
-27
-8
22
46
-15
-50
-32
25
11
13
-1
28
-7
4
-25
25
26
-18
-10
-15
21
23
31
4
23
-15
-1
16
-22
-9
1
-38
10
13
2
21
9
21
-9
-27
0
-63
7
-23
-35
56
7
55
-16
3
22
23
47
-39
2
11
19
18
12
10
-1
8
7
-43
-35
7
-24
-9
-22
-54
6
-25
-60
-10
-2
4
17
-11
29
-8
-10
-21
-27
0
8
2
-5
-9
14
4
30
14
26
-17
-19
-20
-30
22
23
-40
29
-4
-31
-44
-12
-26
27
-42
19
29
1
4
-18
38
19
58
-28
16
7
-51
6
11
-9
12
-16
0
-17
-19
-2
10
-19
-18
17
14
-15
-26
-4
-13
48
-21
-22
-43
18
0
1
24
-9
24
6
23
16
9
7
10
-4
-43
-25
-30
7
66
28
-20
-23
-9
35
0
-38
14
-30
28
23
-27
-13
5
-37
-9
-4
17
13
-13
-20
2
-41
-3
34
41
-6
6
10
5
-13
2
-4
14
23
-36
49
-1
43
8
7
-9
1
2
-9
16
-1
-29
-26
-3
12
2
-66
3
-1
-3
11
33
-44
9
-23
18
-50
-14
-39
-2
-23
14
1
-33
7
-22
25
15
-17
-14
12
-50
19
-31
45
-7
20
-15
16
-22
22
-6
-1
26
43
2
16
0
60
-20
-15
19
-11
9
1
1
9
-4
-30
-10
7
6
37
-16
-11
35
-1
-6
29
12
-33
35
36
-8
1
-19
22
-19
24
-11
20
-19
-26
-27
27
-17
-2
-16
35
-18
13
-15
-25
0
31
10
13
15
57
-26
-33
-29
29
2
-34
-17
-27
-6
-12
-46
-12
3
18
21
-18
25
-9
1
1
-22
-10
-19
-25
16
-3
25
-2
-11
13
-6
-7
40
-4
29
19
-41
-6
-6
-6
-5
-19
34
23
-19
32
14
8
-40
14
50
-17
13
53
19
-6
-55
17
23
-21
8
-22
-34
-18
-1
12
13
-15
-32
37
-27
2
22
53
3
-6
-32
20
68
17
14
-10
4
-3
-5
81
-31
-26
-30
-23
-29
-35
-47
23
-21
1
8
32
14
19
-9
-21
2
-24
7
34
0
-13
4
-14
0
6
30
5
23
-26
-43
-4
10
-10
16
15
4
-8
-34
-18
-12
56
-9
-1
24
-14
-66
10
-26
-18
0
-26
-30
3
-13
-30
-10
2
11
34
-9
-11
-27
58
13
24
8
18
-7
-3
4
-27
-24
13
13
27
31
14
30
6
4
58
46
12
35
22
8
4
15
32
10
18
22
-42
22
22
-51
6
-44
-60
-13
-4
-25
-10
1
3
43
-18
10
-45
-29
65
18
69
0
-36
-28
-11
-4
2
-6
-2
-10
-15
2
-10
22
-22
47
-9
15
-15
-1
54
-8
0
16
65
12
21
22
-19
5
-32
16
-11
33
3
-13
-24
-12
19
-9
-2
12
-29
-14
-7
18
-14
38
23
17
-7
21
18
33
53
-2
0
-23
-6
39
35
18
28
15
-6
26
-11
40
20
38
12
34
31
-8
-43
-31
-6
-2
41
6
3
-3
-15
24
-24
-8
-12
-6
-13
8
16
37
-26
-16
-30
-20
-22
-26
33
41
-40
5
53
11
36
14
-57
12
-13
-25
-19
13
27
7
37
0
19
1
5
16
2
19
3
-47
-11
-19
-36
-10
-18
8
2
12
27
-31
-2
-32
-9
23
-2
-14
-14
17
-38
-11
-28
-31
22
25
-24
-10
3
-15
23
24
-82
19
-12
-34
-29
4
59
7
12
25
-2
-42
11
25
7
-68
13
13
12
14
-54
7
2
13
-38
14
7
35
-11
-38
-16
3
-17
13
-19
-32
-26
-24
-10
33
-29
19
-49
52
-38
7
43
23
-25
36
60
-31
-7
36
-33
18
-19
10
27
-35
-19
-34
44
27
2
9
-23
27
-15
17
-39
6
14
-17
6
50
-11
-6
-19
-2
2
-3
18
-34
-41
-3
-5
8
-18
-33
5
-5
14
-18
-46
-15
-68
27
21
7
10
11
-25
-13
-13
-31
34
-23
40
14
47
27
-4
-30
39
8
7
-6
2
-2
-20
9
63
-21
6
-39
19
-7
2
1
-49
-22
-33
-15
-6
10
62
-37
-2
-21
2
-8
3
26
18
64
-7
5
11
-8
2
-4
6
-14
36
-29
8
-33
18
3
4
-22
27
-8
22
-1
2
23
-7
-21
-6
-4
-15
40
-23
30
-15
45
-6
-33
-22
-19
24
-28
-1
-25
32
-25
-33
-22
2
7
1
51
-34
-27
-30
6
-31
13
-37
-8
3
57
-16
0
33
38
-27
-20
-5
26
-10
-3
-8
15
-6
-35
34
-10
-23
0
-5
-20
-13
3
-59
-15
-10
10
4
-17
-23
-14
-13
18
-3
9
15
-11
3
3
-2
39
19
75
43
22
-9
70
-23
24
36
-3
-21
2
-23
46
-2
6
-20
28
17
-5
20
2
23
-35
-36
-32
31
-1
35
-25
-2
-38
-26
-10
-6
-70
-4
15
46
-14
11
25
35
-25
48
20
26
28
-37
48
1
8
-23
5
31
-16
9
21
-54
-36
2
-48
9
1
-14
-14
34
14
9
-2
20
0
-8
-15
3
-17
7
-25
52
-48
35
-47
31
-7
34
-24
-13
6
18
18
-2
-15
-9
-12
8
12
35
33
-4
-17
-33
10
18
-9
-47
31
-9
-5
2
-13
-12
-7
-58
-12
-2
27
4
29
13
-4
-30
10
19
15
-41
37
28
14
-8
37
-12
-16
-29
2
28
-35
-49
-12
-16
19
12
-29
27
-17
4
-10
-9
-55
38
42
10
-25
26
-58
-5
7
45
-33
-8
-16
6
-18
4
29
43
15
-35
4
13
49
-23
50
-12
10
28
-3
11
24
14
-15
23
-21
53
-17
-18
-1
9
23
17
23
-14
3
6
-34
50
-45
14
25
17
-11
-3
-14
-5
-23
-2
-19
-7
60
-32
73
-40
11
12
6
5
19
-7
-36
-38
-6
-31
9
-15
10
-18
62
25
-25
15
-6
-34
-27
-5
-44
51
37
-17
23
-24
-43
-47
16
-10
-16
14
-7
6
9
56
-34
6
0
-7
16
2
-30
-53
0
-3
-2
-2
-11
-14
-26
-34
-9
0
-47
22
-13
10
-10
26
3
-52
-17
41
10
13
25
1
-10
-3
18
2
14
-8
5
11
-35
-29
-3
-10
9
-30
22
41
-79
44
-46
20
24
-14
-5
2
7
-21
-15
5
7
0
19
21
16
33
-51
4
26
16
-55
-28
-19
30
50
-21
21
-30
12
-26
6
-8
-49
-15
7
4
-3
-3
20
9
28
-13
41
31
-25
13
-32
-32
47
28
6
21
-7
-12
19
27
21
-35
33
-3
-31
20
43
20
-31
-22
24
-37
3
-4
16
-12
19
2
11
-14
-11
20
29
-56
55
-11
35
37
30
-18
34
53
6
7
26
-12
24
-13
7
9
-1
10
-10
2
13
61
13
10
-23
-10
34
-15
-1
19
-6
-13
-23
34
-12
-53
14
-6
5
15
54
5
24
12
54
0
2
19
23
-43
2
1
-7
28
6
-35
31
-42
-2
-13
-16
-3
-12
12
18
5
-7
-4
51
-20
32
-9
38
43
2
25
-31
9
1
-8
-15
14
14
-49
-23
-28
-3
-21
29
36
10
15
-43
-17
15
1
-26
-1
-27
25
-17
-2
43
-23
-18
-2
-1
19
-25
0
11
5
39
-31
-20
-17
-22
1
-17
-2
-22
11
2
-23
-24
43
22
-67
-5
25
41
21
29
-10
-12
-25
-16
-38
1
-34
55
-17
28
-22
-26
31
-1
-2
46
13
-28
-9
36
5
-27
7
15
10
-13
-32
9
6
3
-11
11
-11
-15
-8
-32
-46
26
-12
3
-37
1
10
4
-12
7
-7
20
-18
10
9
-5
18
12
11
9
27
43
-27
-26
37
11
-28
-39
19
10
-14
-12
31
-18
-61
-3
-15
-3
19
-15
-27
5
12
-4
-5
-3
-37
-5
3
26
34
40
-11
24
36
19
-28
-14
-11
-18
-16
27
21
9
52
52
40
-3
-13
14
11
39
29
29
5
8
-7
10
-29
58
-37
17
-22
13
-14
-9
7
-18
39
19
38
29
-19
24
14
-1
-9
3
8
-3
-35
-22
-49
25
58
27
-21
-27
3
9
-10
28
10
-5
33
-6
31
-6
-23
2
23
-4
-10
-32
-26
-23
-21
-13
14
-11
21
22
2
-21
-21
-14
-14
0
10
14
13
13
-52
-21
21
25
-26
-46
21
-56
-3
-32
2
-8
13
33
-48
11
12
9
-24
-11
-10
1
2
-6
-19
-15
29
16
-29
10
-31
11
2
59
-63
11
1
1
-18
1
39
-52
33
8
36
-16
20
-18
0
7
23
17
-18
-14
-27
-20
28
-3
-39
17
-2
22
-31
74
-24
43
-42
-34
-14
-22
8
13
11
0
25
21
6
-26
-13
-2
-19
44
1
11
14
26
-17
12
-36
-8
-23
32
14
28
-25
-3
12
16
-5
24
28
-28
11
-13
11
18
10
24
-17
-44
-34
30
-11
25
6
15
4
-21
-35
69
-41
-3
-16
3
-19
-1
-78
4
-27
28
6
-8
33
36
17
-35
-30
42
16
-10
18
-21
-26
-21
-11
14
17
6
30
18
11
-37
47
-11
-7
24
-12
15
-21
3
21
14
13
-32
-61
-17
1
14
-8
0
-3
17
-7
-7
10
-6
12
9
-11
1
20
-4
49
-26
-28
-21
24
0
-9
3
56
-7
30
4
36
-25
22
14
3
39
25
2
-27
15
-23
-30
14
8
9
-9
-10
-46
-1
16
1
33
-18
13
2
-12
4
12
-26
-1
17
-11
8
-23
-25
2
31
-12
-11
15
43
-28
18
27
-23
2
-23
5
-27
0
20
2
-42
3
-10
-10
22
14
-41
-12
15
19
-4
30
9
32
4
-20
-15
5
-20
-11
28
34
-5
0
3
33
22
30
18
16
-7
38
-13
-23
55
24
-6
23
4
-14
-50
12
-23
-3
4
-36
-35
-35
-5
31
21
20
56
3
-51
14
-10
8
-22
-11
12
-27
-2
-11
-20
-11
14
-52
5
6
27
8
-23
-7
6
-6
0
-40
20
-11
-42
3
-52
-14
38
-15
16
-5
19
43
31
3
12
-23
6
-14
-55
-14
59
26
-37
-4
3
33
-16
27
24
-35
-13
-36
31
-33
10
6
12
-38
16
-2
-19
-5
3
16
0
-59
-29
17
30
17
-18
-6
7
-2
-10
-20
-14
63
11
-11
-25
-3
0
-41
-34
2
-33
8
-31
43
10
-2
-66
17
-28
-2
-14
-38
-25
-13
21
-37
-32
-7
9
-12
46
-2
-6
31
-9
3
-7
-47
-2
4
7
-42
2
-12
-32
11
52
23
-12
-7
-6
-20
2
33
8
-10
-8
-8
-39
25
30
-17
1
1
-30
27
-42
5
26
23
25
15
-8
-63
-56
-14
-13
55
14
16
21
44
-21
-19
-8
-15
19
-48
-12
36
-19
23
10
-10
-31
-33
20
-10
-9
24
34
-12
-6
22
-8
-24
-11
101
-14
9
-8
10
-15
17
-2
-3
-7
-29
-12
17
-8
-57
-41
-25
-8
41
14
-10
-26
-8
-46
-40
-32
-32
1
17
38
16
30
12
-12
-17
3
15
-3
29
2
33
-47
-52
12
36
35
-19
-15
-11
17
6
27
-25
28
69
-11
68
-17
-9
3
-1
32
26
-23
3
37
10
-10
8
-4
-29
-3
26
-10
12
-7
5
17
-20
-36
5
-35
-48
-6
6
-11
-11
33
9
40
-37
-17
6
-19
4
-4
-26
1
7
-16
-19
3
-8
19
52
-31
-12
8
-32
-3
34
-15
-17
-19
22
18
-12
-15
1
20
-37
-17
-19
2
-9
-3
-45
-36
36
-7
21
-15
42
-6
14
-16
-7
-4
18
18
-7
-16
12
31
-9
9
-1
-17
-23
-10
68
14
5
-8
5
-27
-29
-2
-5
-11
-3
-19
-11
-20
-1
-21
-33
-1
38
-21
-5
-1
-22
26
-4
36
-17
10
-9
4
54
21
13
-17
3
-42
-35
7
29
20
25
43
7
0
-12
-56
4
6
23
-10
-24
-4
-3
-3
-53
34
-37
39
-6
-19
26
29
16
-18
39
12
-21
4
-1
18
5
30
49
-9
19
-16
20
-19
8
20
-23
24
-14
-30
-19
14
-19
-1
56
-11
47
28
13
-18
26
17
-11
-18
-7
-25
12
-41
-17
-19
-10
29
-6
1
17
9
32
16
51
31
40
-50
36
-20
13
3
4
28
31
24
4
-8
-19
-53
-4
-15
10
26
12
0
-1
14
26
-21
9
59
-26
13
-12
-27
4
-8
-38
47
-4
-51
-1
20
-4
-13
21
2
-4
-48
-4
30
-23
-16
11
-6
12
6
-12
-32
16
-43
62
-30
41
39
-28
-21
-10
23
7
-15
-30
-8
-3
-35
-24
59
-6
38
1
31
19
26
18
-11
-31
14
-5
34
26
-7
24
-43
-18
12
28
-9
-5
-7
-13
-6
-1
40
26
25
44
5
-25
-26
-29
-29
-16
22
69
-2
-7
3
39
13
-31
16
0
-13
-6
31
5
7
22
-16
15
-13
17
17
37
-2
-25
-10
30
5
13
31
-6
-16
-5
9
16
-17
17
30
9
3
27
14
23
-19
-26
39
51
-36
-10
22
20
18
24
-46
9
50
2
35
51
-7
26
1
-23
-6
3
7
6
-18
-12
-43
60
-1
0
-10
-7
-10
13
12
15
-17
9
-16
-14
43
15
17
-9
13
-67
16
1
-36
-24
30
-14
46
-54
8
-14
16
-9
3
12
-24
-43
-25
-1
40
-28
30
32
-18
-67
-41
-6
-3
9
-29
-38
-27
-12
24
-27
10
-6
19
56
-2
36
14
11
-5
3
0
20
-28
78
14
-20
-76
-5
6
-36
-11
20
20
1
5
25
-22
17
-6
-22
16
11
14
10
21
10
-8
-3
-19
-4
32
-2
5
15
5
-10
-16
-18
27
-68
-30
7
-5
37
-36
11
-3
-7
33
10
-7
9
-39
-53
-23
4
-68
-14
-12
23
4
12
72
7
8
7
19
16
6
24
31
-3
24
10
-11
56
-13
-10
-34
-11
-6
11
-27
-52
16
17
10
12
21
-4
7
10
-10
11
-46
-8
-3
-45
22
27
-29
19
-3
23
-28
14
0
-8
20
20
-20
22
13
-24
1
-33
0
4
7
58
-1
-12
39
6
3
-22
-21
-31
47
-4
14
27
2
0
11
-16
33
-29
14
9
4
4
-27
23
-23
-18
20
7
2
28
33
32
-32
33
3
17
-60
-5
54
33
11
24
4
-20
6
-14
-34
-33
5
-15
-29
2
26
-17
-34
3
-7
6
57
-14
34
11
-14
-27
11
41
21
-3
-65
10
20
-24
1
13
43
-2
-1
-2
9
21
5
-14
48
19
-2
-20
-38
12
28
29
-21
-18
30
4
-35
40
-5
7
-2
3
-34
-5
-29
29
37
25
14
-44
-1
19
9
-19
-9
-26
-17
2
4
-21
-49
4
2
-68
20
14
4
-18
5
-21
-19
-31
-6
-8
-18
-12
23
-8
-25
-2
-5
-40
20
-17
9
0
34
-8
-36
-21
21
2
-27
30
23
-22
-4
-18
13
-12
30
-16
-40
25
-13
38
8
-20
2
10
17
33
-14
-30
4
0
-8
-17
20
20
7
-17
-36
14
-5
-10
11
-27
15
-31
-9
3
10
6
-33
-49
-15
6
-18
49
-27
4
18
5
-35
-30
-33
36
6
-6
-6
-5
3
11
20
29
-14
2
12
9
38
8
18
-36
-16
3
-37
3
33
-48
24
18
6
19
-21
7
28
0
-18
-4
-5
24
31
-8
16
11
4
-30
6
15
18
9
-8
19
39
-15
-63
-4
-32
-6
-1
25
-25
-17
2
-20
-58
-17
-4
-17
-36
40
2
29
10
3
22
-59
31
0
-7
-36
20
16
3
-9
12
32
-42
28
5
7
-25
-24
-18
-29
2
-9
-39
12
0
1
-28
9
-22
19
27
-25
5
-4
-3
-10
-6
-6
27
-11
16
33
36
-23
3
4
25
35
10
-6
26
-32
9
-30
18
8
55
7
-29
-7
22
-15
-19
-23
-41
-12
-20
-52
5
-13
-4
-1
-10
28
12
21
3
40
18
-5
-38
-33
29
-8
-2
13
39
-31
-1
23
27
61
16
13
9
-9
-14
-36
4
-1
-16
8
-18
-1
12
37
21
-12
18
-41
-8
7
-23
12
-2
38
-17
8
33
-9
2
1
-31
36
-32
24
-40
-3
61
-2
25
5
-40
-19
-41
-14
-12
30
-24
17
31
21
-24
-34
-43
-33
5
-51
-35
-18
7
-24
-1
19
34
-22
54
-24
20
-11
-31
-42
26
-13
24
71
-4
22
-18
18
58
-23
-18
27
1
2
-26
8
20
4
-27
4
12
14
10
15
1
-25
38
39
18
-14
31
1
16
-9
-29
17
0
-9
24
-31
-49
60
-1
-20
17
-34
10
41
53
3
33
-24
8
-56
-23
4
38
-32
-18
59
-6
7
-34
2
-26
-16
20
-17
32
-39
18
-41
16
14
-15
56
-1
-31
23
-18
-40
-10
-36
2
-8
7
20
43
5
7
42
22
-1
-55
-11
-37
38
-5
-2
-38
-18
-3
9
11
-5
17
2
-24
-10
35
7
6
-34
0
-36
-4
25
23
23
4
0
-32
11
-18
-13
-1
24
-7
36
0
-7
-11
20
-67
11
-41
-5
-20
12
0
19
-11
36
13
20
-7
22
-4
55
13
19
12
0
33
-44
-25
31
28
-12
-16
4
17
55
-13
-30
-22
-53
-13
32
7
10
4
-2
-31
2
-79
11
10
20
-6
37
35
8
22
12
22
4
39
14
-5
31
9
-42
-26
-31
14
36
12
-43
13
-28
-19
-19
5
-30
-17
-13
26
3
5
-4
-4
6
30
-39
36
-10
40
32
-41
-32
-2
12
6
-44
-19
-10
4
14
-18
-28
-4
-66
21
29
-46
6
40
2
-7
8
5
20
9
-20
15
22
33
60
30
-21
12
9
-35
40
-18
24
-10
-78
-27
-30
4
6
-5
-18
12
-7
42
-5
-22
39
-2
-20
-30
-28
9
-8
-18
7
-16
-14
9
-29
-40
35
-10
19
-31
44
-3
-2
-13
-23
-6
11
12
14
-4
-24
-41
2
9
18
9
-31
32
-10
-24
-14
-44
0
-8
14
2
-3
-21
9
38
40
-18
-3
39
34
11
2
3
-38
-45
-14
7
9
-37
21
-6
-3
21
-11
-32
-19
21
4
-11
2
-11
-26
-12
18
-29
-2
20
4
-16
-13
-1
-15
-24
14
11
13
18
-41
-10
-29
6
19
12
11
-41
-16
24
5
-27
-17
-4
21
31
-41
15
-63
-12
-1
15
10
14
-62
-3
9
-17
19
11
-31
1
4
21
-26
-12
-26
14
-21
21
-30
13
65
26
31
0
14
-2
21
10
-29
44
-24
-5
-17
31
9
-2
-41
34
0
-41
-27
8
-39
6
-4
-17
8
6
18
-67
-3
-53
-20
-27
-26
21
31
-24
38
-4
33
14
-15
17
-12
40
-1
-22
-69
-8
-5
-5
5
13
32
5
10
-3
-42
-1
43
16
-6
-6
-19
-28
23
56
8
-10
-14
-26
2
-14
-12
10
30
-3
2
-45
5
-4
14
-10
-8
-27
-6
-23
-47
16
34
-1
18
-31
18
3
-28
-6
-39
-20
-35
-5
-5
42
-29
-18
-3
-40
0
19
-9
-34
19
18
38
-4
0
6
-35
-4
14
26
-40
-47
25
21
3
-14
-28
2
13
39
-44
-8
-19
