11 76 36
0 0
0 2
0 3
0 4
0 5
0 6
0 7
0 8
1 0
1 3
1 4
1 5
1 6
1 7
1 9
1 10
2 0
2 1
2 2
2 3
2 6
3 1
3 2
3 3
3 4
3 8
3 9
4 0
4 1
4 2
4 3
4 4
4 6
4 9
5 0
5 2
5 4
5 5
5 6
5 7
5 8
5 9
5 10
6 3
6 4
6 5
6 6
6 7
6 8
6 10
7 3
7 4
7 5
7 7
7 9
7 10
8 1
8 2
8 3
8 4
8 5
8 6
8 7
8 10
9 0
9 1
9 3
9 6
9 8
9 10
10 1
10 2
10 3
10 6
10 9
10 10
8
1
71
10
63
45
75
31
11
6
62
7
30
59
18
35
52
37
2
55
66
39
47
22
42
9
53
64
58
49
12
36
43
29
48
3
70
27
44
17
14
28
57
38
5
73
24
54
74
26
33
23
68
4
61
13
0
16
34
65
19
69
21
67
15
72
56
25
60
51
20
50
40
41
46
32
-1
63
-12
-12
23
13
35
17
-33
-39
-34
-54
-61
-10
29
9
9
40
-22
30
-21
21
-29
64
19
0
11
-43
21
-36
-6
7
-5
13
14
-52
22
16
20
-51
65
44
-12
46
17
-13
-21
66
-32
-40
35
-38
-4
30
34
48
16
-6
2
51
29
37
2
-16
-11
16
-11
21
-46
-14
-14
14
49
24
13
11
53
-32
5
4
-43
-57
-29
-55
-26
43
-17
19
9
51
34
-3
3
-20
26
17
10
-10
4
29
-6
-21
37
1
-16
18
13
-10
4
17
-14
47
22
-10
14
-46
18
-14
78
-46
24
-30
-15
-29
26
-29
55
-6
-28
13
-35
-3
-7
-25
31
8
-8
8
50
25
28
58
-14
13
3
17
15
49
5
-39
28
-3
28
-68
58
20
20
35
10
-15
-22
-3
-15
33
21
26
-79
11
-25
-14
-11
-20
4
-42
-20
-36
21
10
35
-53
26
19
-40
-12
2
-5
27
-20
24
52
-6
-3
17
59
27
5
24
-9
-63
-41
18
-25
-48
6
-56
36
105
-49
7
-41
79
-54
-3
-60
-1
23
23
13
-35
-8
-52
1
-18
14
-34
64
17
-33
13
2
-46
-12
-13
40
-7
37
17
41
-37
60
-8
-77
-19
-3
1
66
-10
16
19
-15
34
-90
50
-15
-11
-10
-59
-36
10
37
-14
-2
-14
5
17
32
-58
36
36
4
-6
10
-19
34
14
9
2
24
30
2
-16
-30
53
6
17
-6
59
43
29
38
8
-48
2
23
42
51
45
2
-5
-42
39
-82
11
-57
39
2
-42
-37
-37
-12
59
-5
-10
2
-21
-69
21
3
24
-10
51
-25
23
104
-7
4
20
60
36
-2
4
5
-6
41
22
-10
89
24
55
-71
-55
-31
5
-35
-20
1
-1
-6
12
-52
12
-26
-17
-25
16
-93
6
-25
-56
-30
-45
-2
0
27
-26
-48
65
-4
6
-33
-24
-4
10
25
5
-20
7
-1
-54
-10
27
27
-44
-30
-1
7
50
72
-23
3
-21
-61
-26
30
2
-42
45
-49
24
-4
-2
19
46
51
3
-18
-60
26
48
-2
-24
-11
-26
44
17
-55
1
35
-19
8
-19
-12
-28
57
43
8
24
1
3
-2
-45
-2
31
-55
-40
10
-4
10
53
46
-22
27
-12
10
37
-41
-18
9
63
13
42
-26
-26
18
-40
-23
27
11
49
-1
-42
6
23
29
28
25
-37
36
-31
-1
-1
116
-23
73
7
28
11
30
11
-9
-28
-12
15
8
16
53
52
54
11
69
61
23
79
-8
-98
40
-14
26
20
-90
-7
17
-18
-12
-45
9
9
-18
44
-86
-13
-42
27
32
27
-28
71
-54
-23
20
23
66
-42
5
-46
-39
-29
-14
-66
34
-35
41
76
65
-13
-22
58
-19
13
-2
75
31
4
-30
-65
-6
-26
4
33
-40
-45
38
-26
-18
24
-22
-6
25
7
7
-69
-14
46
6
-53
37
-44
27
33
-31
-78
42
44
-35
-20
15
-71
-14
48
52
-18
49
19
-2
55
21
21
-23
81
67
7
-71
-59
-19
0
-13
18
82
-28
-35
-19
16
31
-68
-23
-39
-38
-2
38
-10
-15
-26
-76
10
-19
-47
16
17
-28
7
-45
-13
-10
49
63
59
-69
-67
-6
-24
-52
19
68
-44
15
-2
-30
10
2
-3
-44
-72
33
12
46
11
-12
8
-46
-17
-27
23
8
14
23
11
26
-13
26
-31
15
31
39
-3
-19
-57
-26
-42
-31
5
-18
-3
14
-8
5
21
-17
78
-14
32
-41
10
-8
38
-46
-25
48
-8
-20
-12
34
1
-8
50
-22
-31
-21
-92
0
0
38
-32
107
22
-4
-35
-85
-44
32
-3
-25
28
56
-35
-3
-28
-4
-51
34
26
6
8
67
-55
61
-3
-9
-7
11
-17
-5
63
48
-18
19
42
25
39
-86
-75
-62
63
73
-16
37
49
15
-2
-5
8
-24
23
-36
53
5
-34
-44
46
-65
-24
-31
32
14
70
-12
-7
-32
41
19
50
-8
-64
4
-6
-22
46
6
24
-4
49
40
55
2
-34
17
79
-48
31
-22
4
-1
-19
-5
-27
50
-7
9
47
4
7
-9
30
29
10
41
-9
16
-36
-45
75
20
-13
-19
-31
-1
13
16
-25
-13
40
29
42
-9
-1
-46
-37
-60
18
-9
28
-3
-36
-40
14
-63
-73
38
-55
-32
50
-21
-39
26
8
10
-22
-72
43
-16
-11
37
-6
-11
22
-10
-9
53
-19
4
63
30
-11
19
39
-13
-5
2
-25
-2
10
-25
-5
-79
4
-4
-72
-8
60
-12
-26
-14
17
35
21
-74
0
-6
42
0
-6
2
-46
5
11
20
-19
-53
-64
-20
-3
-9
-23
-52
-12
-9
-2
-93
9
32
17
36
-14
-11
-7
-8
29
19
-13
-23
11
-54
87
8
0
-17
82
14
-7
-44
23
-10
-32
55
38
-42
35
-40
-54
-35
4
5
-24
9
-15
45
9
-77
78
-62
-47
29
0
-33
27
-25
17
8
47
68
-68
-27
14
35
-18
-49
41
19
-13
-26
-32
19
63
-23
-33
-83
49
-52
2
-7
-6
0
41
35
-41
-3
-28
16
14
-25
-2
12
38
-41
-47
-43
0
-14
-1
3
-5
-39
-1
-6
-31
-8
38
-57
4
51
36
12
45
63
-11
-52
-5
-48
46
-10
-56
27
-61
-27
-40
-24
-4
23
36
-4
-22
12
35
-15
-9
-61
1
-11
65
-10
8
21
4
-31
-14
25
18
-17
-66
52
-21
12
-69
70
27
-26
-30
48
12
69
47
-27
19
1
25
-14
1
50
13
-49
-29
13
-28
-8
-6
55
43
24
26
-57
15
16
7
-48
10
-19
40
8
12
26
41
10
2
0
-93
-10
19
-16
15
49
17
-31
59
-19
-6
-18
-17
-13
62
68
2
72
44
-62
-34
9
-48
-53
-34
-26
-53
-10
45
9
8
-1
3
42
20
-4
45
33
-12
-47
-30
40
-31
76
-58
-10
-1
-9
-63
-45
19
50
44
13
-53
-4
4
-8
-63
8
32
27
15
-4
21
35
-30
25
30
-6
-13
-51
26
2
-50
-6
32
4
-17
71
0
-5
33
31
-6
26
-27
-4
46
25
-30
44
-2
-67
14
37
23
70
-33
-36
-12
13
-45
17
-16
5
-20
-11
0
17
15
-27
-11
-29
-19
-28
24
26
66
-29
-32
-9
32
-18
21
21
-18
18
-14
-6
35
31
-60
-10
56
-10
-50
-5
-6
-78
-41
9
1
49
-65
35
-28
69
-27
0
47
63
-12
-34
52
21
-40
9
-28
59
-33
-62
21
9
33
-31
12
-23
32
-28
16
37
-53
64
-21
-4
-55
33
35
-77
-26
33
-107
32
-8
-43
10
16
-20
-53
-29
17
4
-28
30
-6
53
-40
16
-10
32
59
-8
-28
-82
-37
5
-11
-37
34
-47
-27
32
36
-78
-12
-94
-14
65
32
-48
8
-23
-31
32
37
24
11
-10
9
-27
8
-87
12
-63
1
-9
-28
10
55
-40
-15
14
16
-22
49
6
27
66
32
61
51
20
11
-36
54
4
-34
-6
9
62
18
-33
-52
-3
-2
63
17
31
13
-26
62
-70
0
15
-3
5
-47
7
67
-17
51
75
-38
22
27
-22
-8
-2
-32
-16
37
69
25
56
15
112
-7
0
-47
12
9
4
49
-64
-37
-68
-55
-38
35
-57
-58
-39
-40
40
-17
12
-5
-25
-32
22
-53
36
-20
54
-35
-28
23
-31
-15
24
-26
-38
-101
-142
17
19
-21
-51
-45
29
29
-13
-36
49
39
-27
-33
-40
-53
-1
62
50
9
35
-14
-71
4
-24
45
-6
45
-14
27
-2
42
-37
-3
14
-25
3
-3
16
-3
16
11
48
54
22
-24
-25
-31
-24
-58
31
-31
-72
4
-22
-12
9
45
55
40
-38
-2
-41
33
27
-1
-33
6
2
-51
13
4
7
-72
-28
11
-41
11
-57
24
26
66
47
38
-14
-27
-32
-39
-28
31
28
-6
23
13
-75
-100
8
-67
7
-18
0
33
26
15
-3
-101
32
26
35
-46
-38
-5
-29
-34
61
-5
-13
38
22
7
21
96
-8
50
-4
-7
77
-42
5
-31
-5
-48
27
-5
-42
-12
-71
-64
-38
-7
35
-40
-79
33
14
-44
-4
54
14
6
15
62
-31
21
-48
-13
-27
-9
-29
-57
16
12
-27
-14
-48
-10
-1
25
16
-44
4
-31
-22
-63
19
-2
9
-2
36
0
-46
8
-25
16
-3
-9
20
-4
42
-45
-31
41
32
5
-15
-15
14
-36
45
-55
-36
-19
-7
18
-37
-11
-46
33
22
6
-25
55
11
21
-58
-4
21
-33
3
-64
-8
32
-73
44
-42
-1
-13
44
-10
2
-37
31
-5
-10
-7
15
-19
37
-50
39
-26
37
3
27
25
12
28
59
-94
-40
20
-39
-20
55
7
22
-14
40
0
-16
62
-53
62
-24
46
30
19
-37
-12
-43
27
51
25
-24
18
17
51
-17
15
45
37
-31
53
-12
26
-33
23
-5
11
22
-20
-52
-18
-23
61
48
59
65
-79
-14
-47
42
-42
37
43
33
-7
-25
16
-33
47
-13
36
-40
-42
-2
-11
-73
-16
-37
58
65
25
48
43
-39
21
-25
56
-31
-26
-22
-6
-34
-17
37
-40
-45
-21
18
33
44
-24
-65
42
-3
-21
-54
-44
-45
19
-74
-23
-45
26
-14
0
25
47
-49
-34
-19
34
38
53
24
19
-9
-53
67
-55
-3
-21
-5
-8
65
25
-2
-3
-8
-33
31
-8
6
-19
50
17
-17
49
16
14
27
-59
-5
3
-1
-11
-35
-62
-44
-2
8
-86
-51
36
-35
-13
3
10
22
-71
-5
-15
46
-2
-21
-12
2
7
38
-16
21
29
49
-8
-72
-22
55
-53
-54
-80
-54
26
29
-23
-1
-23
-103
65
94
40
-25
3
-17
7
-17
-48
3
-45
-71
-8
30
-9
-17
19
-30
20
-5
50
-4
31
-27
10
-31
28
-26
-80
19
-18
35
-35
77
1
-40
-15
-35
-30
-6
-11
-20
-20
89
32
-14
49
-47
-6
-21
-18
-17
-25
-35
27
14
9
14
0
-44
14
41
6
-39
-25
34
-4
26
23
9
19
36
5
-17
48
6
8
-78
-49
-24
28
27
-27
26
37
-5
-89
-1
-7
-37
-46
11
19
-27
22
8
-26
16
-35
-12
-19
8
42
34
2
36
-7
-5
9
39
-22
32
43
-7
55
-39
47
-102
14
-38
-8
32
-10
59
32
23
-28
-13
-13
3
24
52
71
-49
6
-11
53
21
-46
-44
1
12
11
-30
7
13
8
-37
61
32
-28
-36
-59
-5
-13
4
-39
-22
7
14
-33
-22
-46
8
-19
-36
-10
-24
41
-20
5
34
-34
-8
-24
-7
-21
47
8
76
-59
14
-39
-8
4
11
-42
-31
-21
14
-28
32
-34
-70
-25
12
72
28
-69
-5
-26
-83
-30
-71
-52
-17
61
6
-4
49
67
-3
-37
29
-36
-32
-31
-50
42
-12
-122
-35
-4
-10
-2
-34
15
28
23
-12
30
-20
-27
-70
1
22
3
-56
-68
-68
-16
-1
5
35
-13
-17
5
-6
24
-81
19
15
37
-1
-64
20
-12
-38
-1
25
-26
-18
-25
34
-24
-4
56
0
-50
-25
-68
-37
-25
12
27
-13
10
-66
51
-28
-28
2
7
-32
12
18
22
-9
-4
21
32
23
-67
2
10
9
-115
-68
-26
34
1
44
-34
36
-19
-4
8
-32
-23
38
-14
-36
-57
-10
15
62
59
12
-9
29
-45
4
29
2
-16
26
-11
6
37
49
-92
-30
45
25
18
20
23
-50
-5
56
30
29
-63
-8
-23
-35
-11
53
38
3
-91
15
-81
-2
64
-73
11
42
55
21
-1
6
16
21
39
4
-16
11
-30
16
-13
9
-8
2
6
0
-6
52
5
17
-16
-9
4
23
26
8
-36
15
-9
-33
-16
-11
18
10
67
-24
53
-35
-19
38
-1
-77
-48
-70
17
7
-31
16
24
-66
-5
-8
-108
-21
-18
5
11
-18
-3
17
35
-19
-7
-39
-31
-44
61
-80
39
18
-15
26
52
-78
-56
18
3
-56
19
100
35
-15
34
20
-4
-20
-6
7
25
23
42
-39
71
-55
50
-10
5
32
9
-37
-74
5
-31
-15
62
-2
-54
20
45
10
-11
24
29
-13
20
-18
-9
-12
-6
11
-38
12
-77
17
-33
16
29
-50
-10
61
13
-41
-17
-2
58
57
-43
-26
-17
73
-69
-48
29
24
21
17
-12
-25
-47
18
31
-26
-43
21
-29
-20
23
-52
35
44
-14
43
-32
6
14
41
4
17
-89
-19
-58
-41
-11
1
16
50
-21
-1
64
-8
6
-20
15
40
20
-68
-35
-50
-6
24
35
44
-38
32
53
52
31
5
-44
22
40
-50
-47
25
68
-42
93
42
41
13
-86
47
17
35
-30
-65
-19
-5
22
-27
27
-47
-17
7
10
-32
-15
-34
-49
28
-52
-13
33
46
-52
11
3
11
-45
-7
-7
79
-4
-61
-29
28
-76
-14
25
8
-3
-8
-25
21
-17
-32
-19
56
35
-19
19
6
22
26
40
72
9
-47
8
48
16
10
-4
-27
-33
-29
13
26
5
-15
5
13
29
60
-27
6
19
-18
-17
13
-12
1
19
-17
3
48
-37
-27
-40
-64
-52
11
-64
21
53
6
10
-45
12
-10
-19
-1
31
-10
-1
-25
-53
-24
35
-5
-31
-3
56
8
-15
-62
30
-89
-63
-8
-20
29
-33
39
-16
-23
15
31
23
-51
34
42
-15
-53
-12
-81
3
85
3
-43
-27
1
-46
-21
22
11
19
26
-3
-39
-21
89
28
39
19
-13
29
75
9
47
-34
-8
71
19
-19
12
3
-33
-58
23
47
-58
46
43
-6
21
13
41
43
1
-7
17
-12
-27
-13
28
32
-38
-22
36
10
-36
-12
-10
-23
30
22
-49
38
-32
-52
31
1
-18
27
46
15
-2
34
-77
50
4
-6
66
-11
-5
-29
-72
-2
-20
15
20
5
-1
30
30
41
-1
-42
-24
-61
-10
33
8
-11
-85
46
-54
10
-8
1
-54
8
28
13
-46
29
22
-3
-45
-17
-42
-29
45
39
44
-3
-19
-37
6
-23
21
18
-30
36
41
-44
38
-26
-26
53
24
59
12
-5
-13
-8
-63
-1
-6
-2
20
-44
7
-25
-8
-24
12
-72
37
-11
-1
-64
-58
-2
9
-8
-20
-20
16
62
-2
-42
15
24
43
-40
5
15
-28
11
98
8
-20
48
-44
-13
-46
49
5
-37
49
57
6
10
1
-17
30
-29
72
62
20
-46
-46
-28
0
29
-13
48
51
-11
55
-31
24
2
0
-2
-8
-24
-20
-45
12
21
-57
-21
-16
51
-30
-9
-23
-30
-45
-7
34
-42
-35
9
77
-45
17
-9
21
-9
-3
-46
3
34
-36
0
-4
38
30
-10
14
11
-38
-25
20
16
-42
30
-13
20
-21
14
-28
-20
-33
-52
-18
-52
33
-57
94
11
10
-29
-41
21
-24
16
32
-51
-5
29
-1
-63
-25
36
5
-63
-44
34
-64
34
42
54
-56
2
17
-3
21
-49
-17
-35
-47
-28
-47
6
30
60
-24
-20
-18
33
25
3
12
-41
-24
28
50
11
-44
9
16
-65
-12
-1
-10
-24
30
-54
19
5
34
27
3
79
5
-11
20
-61
-12
-39
-41
-48
-18
72
-40
16
45
-39
-33
5
79
12
-27
41
-17
8
7
17
30
12
-59
61
25
-13
69
62
-57
-35
56
-21
28
22
-59
-33
-89
33
20
55
45
-11
0
-45
-38
-18
1
19
-20
2
16
-4
7
-11
-1
-23
33
0
-17
32
-6
12
11
32
24
73
12
61
86
22
17
28
-27
0
-34
5
-17
18
-5
-44
-10
38
-22
20
11
-9
-18
-4
59
9
71
40
54
-33
-13
6
20
17
7
-5
-61
-35
-1
23
63
-16
131
1
-43
-3
68
44
52
-57
79
-12
-50
-12
27
-33
9
-41
38
-2
-8
42
-57
-7
-4
67
-18
31
-45
-19
-9
-62
22
64
-27
-27
-5
35
20
-22
-69
15
-7
-12
-3
-38
-30
15
-31
47
8
41
19
-1
23
52
-33
63
1
-31
-6
-9
-12
45
22
6
26
20
8
70
21
-5
62
-4
-47
17
0
-1
15
24
-3
-25
25
24
18
25
-5
-24
15
40
-11
30
-25
94
16
17
-22
26
-97
-72
-39
-57
5
17
28
-21
62
17
45
-4
-28
-7
2
-28
28
46
18
76
-4
25
-3
-8
-29
-39
-13
-35
59
51
-2
-5
117
2
-2
63
24
-38
1
-27
28
11
-29
-53
6
16
67
52
30
11
-16
3
31
14
12
-3
-22
31
12
-32
-68
21
38
68
36
-7
-23
71
-26
-18
-25
7
-14
-41
29
-29
-56
-47
-27
-13
-12
-14
16
-10
9
-50
15
-20
-6
-35
43
20
-95
44
1
-8
50
-18
7
-66
38
20
54
70
6
-12
-30
-30
-42
112
53
45
-23
-66
-9
-8
-12
67
26
-20
-12
13
-1
84
-13
89
24
23
-25
9
41
34
1
-15
-94
80
-28
32
-8
61
15
-9
-20
9
-60
-47
-36
38
-40
-44
14
-1
44
17
-18
17
7
-52
3
15
-12
-32
10
30
-4
30
-60
-66
-12
1
53
-45
-40
-7
55
43
5
-29
23
-20
94
1
64
-5
52
-50
3
25
48
-11
-18
2
-7
92
-7
-19
61
77
-9
-8
16
61
-68
-78
50
-21
-69
-12
-15
-10
17
-61
49
-42
10
-49
8
-72
13
-34
-19
12
12
49
13
27
-21
36
40
8
-37
-19
63
51
-3
2
-17
37
52
29
-56
-3
21
3
-50
-13
-17
22
72
-33
6
-30
31
27
-7
80
-21
-49
-12
-4
-48
22
-5
-11
-12
-8
13
-5
26
73
13
35
-19
6
21
-3
38
2
51
-16
-62
2
36
-27
18
43
-7
-19
16
42
-48
-14
66
5
1
24
38
42
-57
-4
-95
25
0
-15
-40
53
-28
4
-51
7
-7
-25
39
-12
1
6
39
9
57
-65
0
68
-24
35
-30
-80
-50
0
-24
90
56
-8
27
-16
-18
-35
40
58
-34
-25
3
-68
2
-25
39
46
43
15
43
0
38
-9
91
-47
-38
-31
-38
15
-13
-1
-24
47
19
38
30
82
-29
-7
-36
39
-35
-59
-43
-8
16
-39
-48
-25
-53
17
2
-5
-29
16
0
-56
78
-28
22
19
-41
23
-20
-1
67
-25
15
25
19
-19
2
-14
-40
-93
-30
-39
-41
16
10
-3
20
20
-40
-17
2
-39
-46
-26
-42
-2
-56
-22
-1
11
39
-15
4
26
-13
16
31
-39
47
42
-20
19
32
59
59
8
35
-29
9
3
-19
2
43
24
52
-29
-34
19
-3
27
32
-31
-12
32
56
10
40
106
-73
19
-30
-106
-55
-29
-72
-21
26
-34
-70
-3
-45
6
-16
4
46
-3
-1
-15
79
-53
-63
-63
32
-11
-67
-1
26
73
-70
23
40
15
5
-20
-29
75
-30
-12
-18
-1
-18
65
44
-4
61
41
20
34
45
-30
-14
-87
-48
48
-46
-20
44
-2
-1
2
-18
-10
0
-7
-34
49
-52
53
45
-109
37
-16
-11
17
-56
1
-28
20
82
23
-23
-30
-27
4
-53
-15
-31
64
-26
19
-30
5
30
-12
-45
36
2
-10
-3
-37
45
-26
6
-14
-40
-39
28
-71
-69
-34
77
-3
-26
-4
14
-29
-16
2
13
3
66
-58
30
-3
-26
-15
30
-25
-19
38
-6
-30
-9
-14
3
56
-24
46
-21
7
13
15
0
-16
9
8
-34
-43
15
19
25
19
-5
18
8
-58
44
11
-26
17
19
-8
-16
71
-22
21
-16
14
8
-14
-3
-7
19
-52
49
-12
-28
42
-11
-28
-28
16
4
-7
64
19
-20
-17
15
15
-15
-66
-40
-3
-16
-24
11
17
37
16
-3
-11
14
-38
20
-41
-21
-10
-14
19
1
30
-17
87
3
-96
-12
28
46
-71
-14
11
-52
14
6
42
5
29
1
-42
5
-13
-107
-18
-54
26
-5
-15
0
-2
-10
-19
1
-47
-18
31
-46
-21
24
24
24
28
23
-16
59
-29
61
-28
-35
5
19
11
6
7
19
31
-10
46
-18
11
-3
-70
-22
-34
10
63
20
-44
-36
15
90
-47
-37
-3
-4
3
-36
-1
46
-12
-25
-25
-80
-6
17
-1
49
-41
-45
-3
-25
8
22
41
-21
7
19
-42
6
3
-20
-19
-21
78
28
-1
-53
22
40
-19
-58
44
-80
14
-11
44
-57
-19
-68
46
20
-17
57
-4
-28
29
0
47
-12
-26
7
10
44
32
-35
80
4
-13
-68
-31
-89
42
6
-6
8
-21
17
6
-66
-2
10
-40
1
73
-12
-15
-28
-22
-25
-30
41
41
-14
4
54
16
62
65
-8
-37
-13
67
-39
-34
-91
-2
-17
34
41
-27
78
7
14
31
-70
14
-24
90
23
-30
-18
-10
30
5
-18
21
25
-25
11
21
31
21
-70
73
50
-30
12
-38
27
10
23
47
-37
12
-28
10
-39
-36
-53
58
35
-14
-42
18
30
13
32
23
-24
-34
-5
-36
11
-19
0
13
37
9
3
-18
6
33
-3
8
2
-29
5
-50
27
44
4
-20
40
21
-17
1
-54
4
10
-58
37
17
-54
35
-49
8
45
-5
-5
-54
-31
19
-33
-35
-5
-21
-29
7
22
16
-38
13
-31
0
-15
5
13
-24
-12
1
69
29
-69
-32
1
-38
9
67
-41
-22
21
15
-13
-46
-1
-35
-14
-9
42
51
58
-4
25
-41
-25
18
25
21
-11
-13
30
15
1
-52
-16
-5
0
27
31
-36
-4
-46
18
-30
-45
29
33
-2
-66
-8
54
2
-18
34
-39
-59
-34
-26
-18
31
25
32
71
-11
-8
2
-37
-38
-26
-7
32
-24
18
-19
-20
26
-35
-5
64
-8
17
7
60
38
-5
66
-1
21
-44
-12
-55
3
9
-3
46
13
-56
-13
-8
0
27
-22
-22
-15
56
34
4
26
-8
1
-22
-12
19
-35
41
21
-33
-33
-27
25
-54
-40
-68
4
-9
-50
-43
55
18
-13
-14
-27
-21
-71
56
-30
6
-30
-51
57
68
24
6
13
-15
19
27
-39
58
7
-12
-8
7
33
-17
-28
-34
54
38
-14
31
37
18
-9
45
-4
-33
24
-5
5
22
-27
-5
32
39
3
7
-12
57
-70
28
3
-5
9
-38
-14
7
33
36
-59
-36
-12
-28
-52
34
-73
69
-19
32
40
-20
28
-12
37
45
64
-24
-59
18
37
-58
17
5
72
-23
30
0
62
42
36
-16
-60
4
6
37
-27
5
-11
48
-1
-25
-4
0
39
-24
9
-67
7
-4
67
-5
47
-43
-137
18
-20
-31
-13
-19
-19
43
-44
21
14
-45
4
-24
-21
-14
15
-96
-31
42
-19
-11
9
-12
-24
-20
-51
-46
1
-81
0
19
71
18
-1
29
-1
-3
-16
-22
19
5
-9
-10
-16
66
1
3
15
37
-5
5
-29
5
10
-28
71
32
-60
-21
12
2
49
83
2
11
-12
-5
-29
-10
-10
-35
-84
-5
32
30
19
-22
-41
-1
27
19
27
3
4
11
29
13
-18
64
-54
36
-43
-17
30
-2
32
-50
-19
-26
-28
31
34
-45
53
0
26
24
31
14
-12
-90
7
-17
-48
13
30
11
-8
-1
36
37
-12
-43
-24
-36
-9
9
51
12
-54
63
-9
-10
-38
-51
-42
-21
-17
103
-12
-43
-36
-46
25
-38
-35
-50
11
2
-28
20
50
-2
-77
-38
-6
-47
-4
-25
10
-16
14
-37
55
18
18
-7
-30
-16
43
28
16
-44
-19
17
3
25
28
-34
26
21
-32
-48
-45
-39
-44
50
-12
-1
31
24
4
35
30
17
45
-21
-22
19
-9
-19
-60
-32
-75
-28
12
-39
-30
7
46
14
42
-22
-38
-43
71
18
4
-54
-42
31
-56
-5
-38
32
85
40
-52
-71
41
30
36
8
21
-37
-2
-2
-7
27
-8
0
77
4
7
-2
29
-6
-45
-76
42
43
-39
-1
-41
33
-2
-22
6
-7
-33
3
-19
59
-24
14
33
-45
-55
64
-53
-9
-9
11
-13
-36
-21
38
-12
19
-65
23
36
-22
46
-31
-8
-19
42
12
20
46
0
28
20
22
-27
-35
80
59
-28
2
9
-25
-16
-61
-47
-24
7
-61
16
-46
80
-45
-15
2
-8
18
-59
-19
-34
24
-1
27
-44
67
-11
-4
-57
-44
-32
71
10
-6
-46
-46
-12
51
-19
-19
-43
17
-73
-35
-15
-16
10
21
-21
9
-34
-23
15
44
10
-2
-43
45
2
49
-12
5
9
46
-30
-47
-6
5
116
53
50
19
-17
17
-22
18
4
53
40
57
60
-8
-47
-36
-14
-16
-14
1
-58
13
32
11
4
-57
-3
25
-29
-1
52
6
-38
19
12
-15
8
-14
-18
0
11
-28
-5
-20
20
-14
-20
-63
-40
-15
-36
13
6
20
79
46
52
-4
15
-18
-77
33
47
-16
40
56
29
60
118
-34
7
-10
-16
-4
-48
37
10
74
41
40
-21
28
28
-1
33
58
43
47
-29
-27
-43
21
-41
63
-10
-13
-61
28
13
9
45
27
43
48
-20
-22
-15
-66
-48
-12
0
15
-18
34
-6
78
43
71
38
-62
-28
-24
13
14
-4
13
-21
-87
-10
-114
40
-50
-55
23
10
-33
-42
50
-15
18
-9
92
14
-25
35
-9
-7
18
74
56
-7
4
18
4
-16
-60
-14
56
-33
-11
-33
7
41
-32
50
-21
45
17
-29
19
-4
20
-7
-14
37
26
43
20
-10
10
-19
65
62
27
18
2
-74
-8
-21
13
66
11
40
-36
8
-32
-9
27
20
-47
-50
-14
23
74
-14
-35
23
2
20
-4
-18
20
8
25
35
93
61
36
-33
-46
41
-32
21
17
-48
28
-26
-15
-7
-12
-27
-17
0
-35
13
69
14
-24
-9
54
-93
-7
-10
-4
10
-44
-40
-5
37
-32
-66
17
32
26
29
35
9
10
29
-65
52
-12
40
15
45
42
-29
-53
-4
1
13
25
-46
-41
-56
5
-17
-29
46
-5
41
-28
-10
63
34
20
65
-58
-48
-37
26
-56
-36
-18
43
-2
-16
44
-19
31
-45
6
19
67
51
-2
-41
42
-25
-18
48
32
37
-30
47
-61
50
46
-17
-19
-38
-34
-20
59
9
47
63
12
-13
17
62
26
-64
11
32
-40
-53
18
-58
49
-82
3
15
24
74
16
1
33
24
-9
4
15
-17
10
-24
27
4
-13
-8
34
19
-58
-24
20
-33
23
38
39
7
-30
-33
2
0
27
-8
20
-5
9
-35
-10
-2
-7
3
-60
30
-21
26
-3
7
32
52
-36
5
-13
17
3
0
-14
65
2
-47
63
19
1
0
46
-11
-10
-9
-57
-24
38
35
-60
20
68
-12
-52
-9
-22
11
-13
-9
-33
-52
25
18
14
45
-16
22
-54
8
-13
-22
-8
33
-19
-2
6
2
-16
-3
47
9
-20
-20
-37
-2
-11
29
66
-10
-48
38
-6
-14
-14
-6
16
-38
-34
-38
49
-9
-31
-7
-7
28
0
10
35
-4
-83
22
-22
15
34
33
-36
-15
-43
-40
-7
86
29
7
62
5
-48
-36
14
-16
-11
84
10
-20
-32
-22
-48
4
-49
5
-17
-86
-26
26
10
-40
-13
21
15
-4
-43
40
-1
-42
14
-46
38
83
85
-5
-37
31
-21
11
11
12
4
-13
43
-12
-13
1
9
-61
20
-22
27
-34
1
-1
-45
-5
45
44
-39
-44
-41
-25
28
-22
27
-23
-1
-29
6
6
16
23
-19
-10
-30
37
-2
18
1
-20
-47
2
-16
1
-32
4
11
-47
17
16
62
-27
42
-27
24
-17
25
-20
-22
11
19
11
9
4
18
-9
-75
61
-41
-37
-32
17
21
32
-67
15
33
-14
-30
5
48
28
-23
45
35
-14
14
-68
6
3
-11
12
-26
17
28
-36
97
-41
17
28
-45
-9
-8
-6
2
-21
-9
-16
-39
10
-52
80
-27
25
19
-14
9
-36
36
-3
-6
-50
-3
-40
-48
28
-51
-62
-55
-34
-75
12
-21
-3
-54
-42
33
-25
-20
31
15
3
-30
7
13
34
-4
-18
0
27
23
42
-22
29
22
-16
8
20
-4
30
-41
-25
27
-20
2
-25
-68
21
-8
35
-1
-33
-21
46
27
12
34
-27
12
69
20
-60
-51
-44
-53
-33
14
-29
11
5
24
-8
-47
-41
13
15
44
135
-48
4
9
-55
0
34
0
30
-14
62
-55
-14
-34
8
-4
-12
22
62
-43
15
-30
3
7
-13
50
44
-7
-8
-2
24
-67
-42
0
-19
36
-5
27
23
1
-31
-46
-26
68
-11
38
11
-10
7
-42
44
24
37
7
43
-34
51
3
30
16
7
42
-24
-10
-67
-14
24
37
64
-35
28
-42
-21
18
-29
-26
17
-20
3
-33
1
-12
41
6
-7
24
-35
-31
51
34
-25
-27
17
-38
9
32
-61
-57
-9
-22
47
62
73
20
-2
3
-33
-55
65
8
3
-61
-27
-22
21
12
13
-62
38
-61
51
-15
-24
77
22
6
-31
64
26
44
-38
27
-31
28
-8
15
-17
-18
12
-5
-22
-26
33
-17
-40
-43
-6
-12
37
-24
-28
29
14
8
23
-52
64
-40
4
-51
54
2
13
5
-13
6
35
-44
-59
4
0
19
39
-22
-40
28
24
-6
-17
-53
-22
-24
-58
-28
-5
10
28
3
-4
31
-19
-12
-32
26
-55
51
13
-5
29
27
-78
-14
27
-22
26
-21
-7
34
-42
21
-29
41
3
-11
-26
-39
1
53
7
16
9
22
-69
2
-20
66
-59
11
-87
13
27
7
-10
-17
32
40
46
14
-16
19
49
-6
0
24
-3
-20
15
-7
-2
49
-35
-3
-60
-43
4
-6
-49
-50
57
-66
-14
15
-35
-11
34
29
11
-52
-14
20
-10
-31
-37
-11
-35
-46
-44
1
-4
-12
8
-4
-49
-23
42
-4
22
26
78
11
33
57
-43
-31
18
-37
78
-22
7
8
11
53
-21
13
-49
91
61
-3
-35
28
-25
-7
70
26
3
78
0
60
-11
-44
66
-20
-7
-11
0
-28
-4
-18
3
42
72
-33
15
-6
-10
27
-56
8
-18
-39
-3
20
-14
-50
3
-29
32
-35
25
-29
-34
40
-58
17
-51
-16
-2
-87
6
-19
37
8
-33
21
-29
22
14
22
-1
-69
32
41
-41
-1
27
94
29
-17
-55
44
-17
-38
-6
-30
-7
15
27
12
-33
15
14
-38
-24
18
12
-5
-14
-22
-14
-23
50
-28
-13
44
0
25
-25
-32
67
37
24
-105
-25
20
-14
49
-32
-8
13
44
-98
18
40
-45
-31
-21
-4
-56
31
-15
-13
34
84
-37
-48
5
4
56
70
14
19
2
-16
38
-44
30
-60
14
-6
4
28
22
25
6
-96
8
38
12
43
44
-34
2
43
-6
48
-40
77
-3
0
-42
-26
14
28
38
-50
-11
-6
-19
10
-13
0
25
-26
-21
48
29
-61
-25
-10
18
61
29
-56
-58
-55
68
-12
64
-30
-36
-60
19
-42
45
58
4
-44
-22
34
-50
54
53
16
13
-65
-18
3
48
38
6
-56
-39
0
-27
-2
17
-15
-11
-31
77
1
-11
-41
-18
30
25
-37
15
-53
1
-7
-12
44
-37
25
-20
43
4
6
34
46
12
34
18
4
-15
38
-1
-25
37
-48
-64
35
-8
-10
23
-58
19
43
-15
0
-39
52
-11
38
-90
14
8
-48
-55
-91
1
56
-26
60
74
-17
53
-40
-3
46
0
-4
-13
40
62
2
-13
13
-45
4
-38
-4
-5
-31
6
-40
-76
9
108
8
52
50
-1
-39
-23
-43
48
84
-8
-7
43
25
-16
3
-5
6
12
-1
11
8
-12
33
-32
-17
-20
-7
-25
28
54
-1
63
56
36
31
75
-29
-49
46
-2
3
12
-52
4
24
-26
-20
-16
-29
-37
-57
-21
-33
-12
8
16
37
-20
-43
0
24
31
-39
16
-52
22
-25
-1
-38
-36
-38
-42
-31
-31
-17
-17
-4
92
0
-42
-81
18
51
-5
6
-67
-38
18
27
-11
-14
-60
43
58
78
25
-11
-45
-58
-9
-4
6
4
-25
12
7
39
-83
32
10
-93
53
-51
-68
-49
49
21
-45
-4
-9
18
25
-5
-52
28
-16
50
27
24
48
11
-14
22
0
46
-13
24
-40
-27
81
-26
-34
22
23
-47
-78
-21
31
2
-5
-16
63
81
39
-33
-31
0
21
2
27
14
17
-20
47
-23
6
80
-64
-7
-37
-8
-24
-20
-29
-42
-30
13
0
-21
54
27
-17
-19
-37
38
23
40
38
-4
21
10
-36
46
-21
-33
51
-3
25
-7
-13
-52
14
6
52
-42
64
-24
-8
-27
-34
-19
-37
6
-12
-23
20
-1
-28
-24
36
17
-17
70
63
-28
-55
-1
-10
20
4
-54
-2
-5
-32
-14
20
6
38
-3
17
-60
-60
25
4
32
16
-4
-5
19
-6
34
13
25
-11
-48
-18
-22
37
-5
-50
15
-39
19
86
-37
50
4
63
14
-26
17
3
-13
-52
7
33
-5
12
-6
53
31
-8
-21
47
29
-5
-49
77
4
21
-45
41
-24
57
-39
-13
70
-35
-61
4
-2
-47
-35
-48
5
27
45
35
18
-41
-27
-18
-67
-7
-90
3
48
-51
-24
-12
-50
-49
12
1
-15
-8
27
45
-3
11
-47
11
-24
1
-1
-54
-19
24
12
23
-33
0
-49
4
-44
-36
-32
-72
-30
54
-35
12
13
-8
-17
9
56
-27
11
1
58
83
-4
-1
-51
-7
33
-19
-1
-6
46
-10
-1
-12
86
35
5
-49
56
-33
-32
-21
-2
36
9
43
-25
-19
9
-7
20
12
20
2
30
30
-26
-22
-22
-30
41
-4
-7
-8
1
21
69
-17
33
-36
-31
-54
22
13
-9
-34
-7
22
-6
-19
13
23
30
68
-21
-1
43
-15
-77
-70
-53
50
-6
-34
-22
37
-8
3
-3
-64
-15
23
-64
-15
-24
19
28
-13
-49
-33
47
-23
-20
-20
89
-25
-17
13
33
-30
-10
-25
-21
-51
-7
-3
2
-6
49
4
-10
-1
-15
-8
-33
41
21
13
-38
-35
31
6
15
-35
-59
37
-36
-19
40
10
-31
-68
-14
43
-24
75
-31
41
71
19
21
-8
35
1
-32
-18
-4
27
38
-82
26
18
-51
-10
11
81
33
24
20
32
-56
-57
-46
-30
18
36
-30
-44
-21
101
25
-6
-5
16
6
26
55
-5
35
45
16
12
-33
-10
65
62
-43
13
-14
22
-23
-35
-6
-11
44
-49
35
-10
51
69
-8
-27
3
7
-32
-139
-36
-32
5
18
-8
25
-14
-68
-1
18
20
-2
-13
-17
-6
56
-16
40
3
9
-41
38
14
-14
-88
-27
-3
-25
-31
-19
49
-11
34
-29
5
7
-61
-12
-42
-26
-3
-53
-48
9
32
54
22
-24
-19
-28
14
-54
-15
-63
-1
47
-47
83
-33
5
-53
-70
32
-7
80
20
17
-8
-28
-4
-22
-51
-8
13
-14
25
-38
-83
37
13
23
-20
57
-64
-21
-9
-16
12
35
7
5
-26
26
29
39
20
-18
-41
45
29
16
20
-28
-39
23
35
57
-27
12
-41
19
20
35
-26
1
63
-18
-70
-52
-1
-29
-8
-31
-35
-3
57
33
19
-11
-14
-17
59
-15
-24
-48
14
53
61
-37
77
44
-27
-11
-20
-14
-19
76
27
-28
-1
35
-54
-12
67
-14
-18
45
29
27
58
-33
5
22
-25
12
57
-8
-67
-22
54
-20
74
-21
35
48
28
-42
-31
-13
13
50
-4
27
-13
26
4
-3
37
29
-69
-15
-64
-6
19
44
6
12
-63
44
7
4
-18
58
-61
-31
23
-46
23
13
43
-32
21
3
55
-6
-19
-26
-29
12
31
46
-29
30
-21
31
-9
-38
31
14
-7
-11
-26
26
6
-35
8
-4
-46
39
-61
90
-37
-17
7
49
63
-6
-21
8
13
-53
-27
-24
30
-17
-19
-16
49
-24
-48
26
-57
-6
61
73
38
-42
47
-6
38
2
-36
-33
46
-44
58
4
33
14
30
-23
46
-44
-26
-46
11
-28
12
47
50
30
-50
8
22
34
4
-15
22
-28
60
-16
13
-22
3
-37
28
-29
79
-4
12
37
1
37
9
44
-11
19
4
22
-70
-2
4
2
-76
-36
-9
43
-30
28
-128
-7
20
40
29
-36
1
-15
-6
-8
-42
-17
31
-2
-2
-43
-17
-50
27
-40
52
13
15
-33
5
-13
-57
-59
-87
10
44
-61
25
11
8
28
-58
3
13
101
37
10
-38
-13
-13
-1
-28
3
12
-105
-10
8
23
8
-5
27
32
-55
-51
67
-2
-43
-25
-62
-54
-7
-43
4
2
23
-2
-25
-11
20
-25
7
-29
55
25
-10
4
13
-25
-8
-12
-39
4
52
-4
18
10
23
-50
7
24
25
-43
-42
-21
2
-13
7
-6
-47
-32
-43
67
-33
34
-9
35
44
24
16
16
22
44
-73
4
-13
7
13
-42
-39
60
8
-17
-54
-79
65
4
-46
-2
24
-3
1
21
6
-4
32
40
-1
-12
-6
-30
-28
-74
-15
-6
-15
24
37
13
23
-41
-58
28
-2
34
-12
28
-14
34
35
-2
30
-34
14
41
50
-23
1
-79
23
23
-26
-26
0
54
31
-41
14
-5
-76
41
-67
-50
-8
57
-16
-55
-8
-10
-3
-56
16
-18
81
7
70
21
-12
-52
24
3
59
-28
2
54
-56
15
-26
-8
15
-32
75
-27
2
-98
-12
-2
19
-29
31
96
-39
-8
13
45
10
14
36
-25
34
4
-17
-10
-12
35
55
-20
11
13
-16
31
35
-7
26
14
21
30
11
-52
9
47
-10
-35
0
-12
55
11
-54
18
-7
-29
-22
54
24
-15
49
14
10
-38
41
-31
-101
72
16
42
-32
-50
-8
38
-59
0
17
-37
-1
52
-30
-83
-4
-11
-11
10
10
50
-44
14
-72
-9
-64
-16
-80
-39
-30
53
-29
-18
20
-2
45
-53
33
27
52
-23
-5
-9
-4
6
6
-15
-83
37
3
-41
-33
38
-43
8
10
6
9
-5
33
6
-13
29
-4
45
-18
-16
3
-4
-34
44
-10
-22
-48
-1
-29
30
29
-68
-54
-41
14
-9
-13
-11
-8
54
-22
-34
-37
-65
86
-36
-19
41
15
30
8
-76
32
3
9
34
53
-15
52
37
-8
42
3
30
-2
-10
25
-29
-39
55
46
-10
42
-29
-42
3
29
4
17
43
20
23
-10
-26
48
-10
35
6
-70
54
-3
17
-36
34
9
34
12
-33
26
31
16
-6
-16
-40
-105
-71
-2
23
8
7
-64
19
-5
36
21
-39
78
-12
-14
-35
-16
-23
16
18
-71
-19
20
-18
-23
7
0
-10
-9
-36
54
76
-65
-40
46
2
46
-5
40
12
12
20
12
-4
-62
21
42
-21
35
6
16
-6
43
-18
-24
-46
-69
-14
31
57
-17
-25
46
33
9
68
42
-7
-43
32
13
-17
-12
5
72
10
8
-6
26
-21
60
-36
4
24
5
-21
-3
-19
-8
66
13
37
2
-22
-34
-8
22
-13
20
12
82
4
-47
83
-8
29
-12
4
-35
-59
-34
-30
-3
-30
20
19
52
5
-49
-9
-12
59
34
-14
100
31
57
67
42
-36
26
-12
-22
-26
-4
9
24
-14
-19
-8
3
-65
-71
-91
1
-5
13
-35
-13
-15
0
2
-76
-30
32
29
12
55
-78
-9
-33
17
54
-44
6
0
-10
5
27
-39
-26
-73
40
15
-8
-1
-4
41
38
25
-49
1
-58
-14
-51
-42
50
64
-13
-3
-42
-2
-58
-66
8
21
37
85
53
22
78
54
16
13
-9
54
22
30
15
-20
-14
-8
-46
-43
30
62
13
60
46
9
44
45
10
-37
29
59
-50
-16
-51
112
-17
-36
5
15
15
-17
27
-55
28
-36
42
7
-51
-9
-13
-8
17
8
-5
-9
11
-21
6
-36
45
-22
-22
4
1
-2
42
-50
-6
23
10
33
-36
-23
-42
25
2
-8
12
15
-50
56
-22
77
-8
-15
5
28
-6
-10
27
16
12
-4
1
-59
10
-3
0
33
-3
52
35
-61
10
-27
-16
0
7
8
-51
-17
10
-4
-11
-5
-3
37
36
6
-129
-13
-67
21
-28
-62
40
-2
36
-95
25
11
39
-44
-22
-98
-28
-8
27
6
-13
-43
-43
5
23
22
-63
4
7
1
9
-44
-40
7
11
15
9
-10
38
5
-43
-10
-37
-31
-28
-1
39
-76
-16
6
38
88
-14
-24
34
1
-10
51
28
11
44
66
80
-35
-28
44
11
-44
38
9
22
-47
29
-49
-30
-7
78
-5
6
-18
-20
-89
-85
41
-35
21
-14
-31
-21
-23
-43
9
11
-20
-42
-51
44
17
-31
-9
-23
-26
-43
8
-36
-21
26
-11
-15
5
20
52
-68
-18
38
-52
-13
18
-18
-26
-67
-5
25
12
-73
15
18
37
1
9
-41
32
-8
62
-9
40
-10
-42
-18
-62
-21
8
11
-51
37
-44
67
-48
-2
-29
-13
30
-36
7
-14
19
32
-28
-4
68
-17
53
-26
-5
-31
-7
-22
-11
-2
37
-13
16
15
-24
-24
-9
-15
-23
6
17
18
10
-12
-27
6
-21
20
83
11
-52
-16
73
-6
51
-5
25
-59
32
-44
34
-33
20
20
-38
23
-44
18
-39
27
33
38
4
38
-28
19
-5
84
13
-47
23
24
-19
-33
0
-36
-15
41
41
19
-37
22
-8
70
-103
-12
59
-27
-14
16
-52
-19
-58
-64
27
-30
13
-24
-43
14
72
-13
8
21
-37
-71
-23
3
-26
-49
14
-27
-41
39
-41
53
-20
24
62
-74
-68
8
-1
5
-39
1
-17
-11
-18
-56
-53
39
93
56
-37
-9
23
37
33
16
136
5
-22
-40
-38
-26
29
-15
-78
-40
22
-38
-55
34
54
18
17
5
-15
-28
-11
-75
35
-47
16
76
-17
-5
-3
8
-36
-22
-50
-23
-35
17
20
-84
23
-24
1
-18
-16
-9
-38
-56
-6
-19
17
-58
-58
-36
-14
-62
-39
-50
-46
17
-93
21
-17
2
75
-10
-84
66
-44
-52
-15
47
-40
-36
14
14
-3
29
0
-28
64
59
-18
-59
-48
11
-53
55
22
-28
-23
16
48
2
-3
-70
-8
4
38
-32
14
-55
-10
22
28
39
-10
-1
34
78
-43
69
-56
23
-21
9
-10
-10
-64
-14
-4
17
21
-61
13
39
-21
-3
-24
-45
26
7
2
27
32
31
-39
54
68
35
9
-53
-17
-16
45
14
-3
45
38
13
35
73
27
-32
-18
45
28
-21
-5
97
-30
20
-74
33
-9
-27
-34
10
-53
4
-3
8
13
-33
90
6
-24
5
59
-40
25
16
11
19
12
56
17
-19
-50
30
3
-13
14
2
-39
37
0
8
-24
35
-21
-37
30
-14
39
-37
-34
-46
5
-7
25
49
16
-1
9
-52
10
7
-13
-1
80
16
-45
-22
38
-8
-28
-10
34
-40
-67
-14
76
-43
-48
-52
25
33
1
59
-6
-56
9
-54
-33
-17
-66
4
-23
11
28
-26
46
61
-57
72
-23
31
-10
21
2
17
8
7
25
-9
59
2
-43
50
-37
-33
18
-1
3
-12
-42
0
-34
-21
10
-29
42
-38
-89
97
-18
6
42
-53
-8
11
-20
-71
-15
-17
-13
-9
15
-50
-49
24
18
-10
37
13
43
61
-21
-13
-7
-38
42
-3
-87
-24
-11
45
-4
44
-27
-30
2
-4
10
0
20
-5
32
-36
45
10
47
16
-19
2
10
62
-24
43
-23
-10
21
-12
-28
-44
-1
-36
-53
-21
-24
-33
37
-34
86
31
67
46
-8
54
-37
-5
3
-35
37
-7
47
1
16
46
39
42
13
22
44
-21
4
41
-48
-114
-69
61
-37
13
-1
38
45
-15
21
4
-22
-23
26
-44
4
37
-6
-4
-33
17
90
34
19
-14
-48
-18
-19
-9
47
27
-14
34
-21
-7
-8
-38
-34
53
-11
-1
41
17
-9
-135
-20
53
44
64
21
35
12
-1
-9
-74
35
-32
10
47
13
14
-5
25
-78
67
29
-3
57
-15
-25
40
-34
-14
7
-59
-55
-48
14
39
25
-64
-28
52
-12
-20
33
4
12
24
-9
14
29
25
4
-1
-2
3
21
-31
4
58
18
17
-27
-17
0
-5
-45
22
43
-51
-6
-24
-38
-70
-7
43
-2
30
-34
66
-59
29
9
-76
22
-63
-29
9
-22
-45
41
54
-11
-28
-29
40
30
39
-30
28
62
81
25
-38
-29
-3
0
-42
-16
-74
-43
19
-6
17
7
-42
12
-22
-15
-10
3
66
64
-60
42
-11
21
-24
27
25
42
8
13
54
-20
-39
-6
-27
-67
-4
26
9
34
73
-44
44
-14
14
-45
-29
-22
27
38
17
16
-32
-31
-23
35
-17
46
14
57
8
-4
9
-10
28
-53
-33
5
-29
7
9
-36
12
5
83
13
-21
37
24
-2
43
8
6
-38
11
5
14
-32
-23
18
33
-1
1
18
-1
11
-54
-17
8
-28
74
5
-16
16
-75
-18
-4
-61
26
-26
17
20
59
-13
-48
49
-72
-30
61
-29
-9
-59
-20
62
-84
-3
-21
-3
-75
19
-3
-13
-82
65
-4
-43
-40
46
37
-21
-5
57
-4
18
-33
-41
-10
-50
1
-33
37
-17
3
-87
-20
27
-68
-38
26
19
-2
25
-56
-48
30
-58
-11
-32
-51
-21
-34
45
15
43
-25
-44
67
37
-34
-19
-14
-15
41
-1
-44
-74
46
-1
43
29
-29
12
-7
33
-28
20
26
-35
-46
41
-28
26
-31
-2
-76
54
-30
11
-11
16
27
27
15
52
-5
-86
-17
-4
9
-13
4
-11
-36
20
-38
25
43
-18
-62
73
-48
-32
-9
-31
-41
-2
-62
34
36
53
-3
-26
15
10
-22
-19
-24
-19
71
13
-37
26
-21
28
-17
25
70
-28
35
-37
-19
-20
-38
-9
8
23
0
42
3
-22
30
-30
-51
-32
26
44
33
5
-42
49
68
-12
9
-5
14
-11
67
48
-5
-25
-62
16
-52
-5
63
38
-4
-41
-29
-74
0
47
0
29
43
14
-10
10
26
5
35
1
30
-10
-26
-20
61
30
-22
28
-37
26
87
-12
-24
-10
13
-21
-65
36
12
29
41
17
35
-4
14
64
5
48
-37
23
39
-35
-40
23
35
-26
-4
11
51
14
7
59
-25
-2
20
-5
24
7
27
24
19
-46
2
32
-37
27
37
17
-31
10
21
-10
-58
9
-5
0
-33
-27
48
30
-9
8
71
4
-9
-27
-24
-13
-28
3
-4
61
27
23
2
16
-35
-81
7
-53
73
-18
45
56
12
52
33
-12
14
-1
-18
-22
40
-125
-7
-21
-9
9
-14
0
72
22
-43
-26
12
42
39
-21
5
-6
15
-18
-34
34
-36
-16
51
-31
23
15
70
-31
-15
22
-23
14
-7
-100
-39
-24
20
-47
48
-22
-33
4
42
-23
11
-25
-50
-38
79
-35
-31
21
47
20
-5
73
76
-79
62
-60
-37
9
22
33
-23
-36
-33
49
8
9
13
23
29
-63
-22
10
-39
-32
-12
13
17
14
-31
-30
11
-8
41
4
17
-45
48
26
-12
15
-44
10
2
-10
13
-5
83
-36
-22
68
-22
20
-1
-35
-76
-10
-8
-42
17
82
-43
22
-47
44
5
83
-79
-67
-6
-20
19
7
-18
48
-34
-59
-85
33
-9
20
6
-36
37
7
-12
24
54
24
8
-52
-16
-26
-11
55
-33
14
-56
-26
43
22
-13
31
38
-28
8
17
37
2
13
60
-8
-35
29
-70
16
47
-24
-107
44
-18
41
69
-4
5
-16
-18
-10
-27
15
-9
-9
16
-30
55
5
61
-13
-3
11
15
5
37
24
-36
-8
-116
9
-27
-24
50
25
-22
23
-17
-37
-39
13
-71
-15
-33
-16
-33
-10
-45
66
0
-33
57
-27
-99
28
-12
12
50
-57
50
25
6
-39
-67
16
14
-53
7
-88
51
64
-17
22
-82
95
-53
13
-19
-1
-41
41
3
5
-15
50
59
30
87
4
-12
-47
-15
71
0
46
74
-2
9
12
12
-51
-21
10
45
59
-26
16
58
-13
32
-105
34
57
10
10
-29
-53
82
34
13
13
49
6
66
3
-74
26
-79
-9
-36
-51
13
-65
-54
-13
-28
-54
-6
8
-10
-82
7
22
1
29
111
32
39
73
-48
-60
-5
2
-8
-3
-22
7
9
-6
-4
12
55
-45
-32
-62
-12
21
-54
-9
-5
-21
-11
-13
-1
23
-19
-36
-28
-31
-17
-68
13
2
42
16
31
-2
-1
54
-9
58
34
25
44
-8
26
15
16
18
6
53
-5
2
33
-56
-32
17
-3
3
-10
-18
18
70
-32
0
15
84
-11
30
13
7
-18
28
52
42
-78
-39
-84
5
33
18
38
7
7
-5
-6
-35
-1
-7
-17
-11
-36
80
22
20
43
19
39
-3
32
-40
-46
52
68
-19
-42
31
-35
10
28
10
-55
6
-25
-42
-31
57
4
17
8
10
-11
25
13
-4
-23
-61
-65
-22
-40
45
-79
77
-49
3
-48
-3
52
5
-15
-4
65
2
21
-30
-43
0
28
-22
6
39
4
72
11
74
-10
-26
65
18
53
14
-4
-54
-43
2
-6
-27
-18
64
70
17
25
-1
33
-28
-4
-36
-11
14
-2
-35
10
38
-17
-51
-20
-43
67
-10
-2
-4
3
-1
53
-44
5
-42
-70
34
8
-10
-80
-21
-2
34
-7
27
30
27
-31
26
10
-20
-8
-55
-24
36
52
-33
9
-39
-9
20
6
12
3
21
9
61
33
-17
73
-58
16
11
-4
-51
65
44
-2
5
-90
8
-44
22
44
24
29
17
27
57
-44
30
0
-16
-12
12
20
-17
-47
17
-15
34
35
-31
-67
32
3
-13
-28
-69
-59
31
41
-12
-25
30
-16
4
-36
12
15
-65
-18
23
4
-38
-2
-75
-1
-20
10
22
31
-68
28
40
-63
-31
73
-53
-38
-28
-64
51
-40
-21
-42
29
-88
39
-22
-5
-17
21
-34
-18
67
58
9
-41
-25
-32
-31
20
-54
43
32
-25
-26
26
70
15
-36
7
8
-29
29
-42
-52
-12
-12
30
-24
19
94
30
0
-57
-36
-14
27
28
12
-8
-54
20
-31
51
2
-84
-4
-6
-73
-39
-2
4
-83
-40
-1
-28
-21
-6
-4
-17
20
128
-3
-22
22
-5
-34
-29
-8
6
-26
24
33
-11
-55
83
-72
30
-13
35
25
-22
-46
-13
20
17
5
-4
-4
2
-35
30
27
8
0
-40
-13
13
-57
-17
-87
0
66
-34
5
33
-50
6
-15
-21
-41
-9
-24
-5
19
2
64
21
69
-27
0
62
19
57
-48
-35
-10
-45
44
-18
19
51
40
-42
0
23
25
19
24
-26
33
-20
10
-11
45
-30
90
-54
-40
-10
14
-27
0
8
15
0
-14
-23
47
-101
104
-31
70
16
-107
9
-29
38
31
-49
-31
-59
12
51
-19
68
-26
-3
-37
45
5
1
37
1
10
4
18
66
22
-7
39
8
52
-23
-19
45
-7
11
17
-3
-6
-64
-18
22
10
37
-20
19
-37
32
12
10
24
-59
-5
10
79
-28
-96
82
-23
-15
-8
16
-36
40
-5
-8
15
-11
6
50
-11
-6
-12
8
1
-71
-15
-70
-102
-5
-4
27
37
10
68
-32
10
54
36
8
-12
7
-12
-48
66
14
-27
19
-29
-70
9
-9
11
-28
60
31
11
9
17
19
43
9
-42
46
62
-38
-36
69
27
15
-29
2
-29
1
22
-13
26
12
19
19
-85
1
61
-61
22
-6
57
61
-77
5
60
8
14
-20
-31
-2
16
43
1
-22
-16
-24
52
61
55
35
21
24
-7
14
20
16
6
1
-40
2
69
-6
-17
-8
74
21
34
-35
-28
39
-20
28
122
16
-3
2
-47
16
13
-35
-45
-31
-79
64
5
-24
39
-4
59
15
-42
1
-31
8
6
-5
-2
-33
-5
78
-25
7
9
0
-24
6
-38
-51
43
-31
-78
56
-52
9
52
-57
39
45
-41
-19
-7
5
45
-10
-1
-7
69
66
8
-38
-65
4
25
-7
4
23
-47
-39
-38
-81
-27
5
-23
42
19
18
14
62
30
-58
1
22
8
29
73
8
0
-35
46
-26
7
25
6
93
-6
-103
-25
6
24
-18
-28
-50
-35
-39
26
-64
-13
21
-14
-72
2
-31
14
15
15
-3
64
38
35
-3
3
2
20
-2
25
28
1
20
10
27
-7
-14
-29
-43
47
-57
-41
-4
35
-1
-15
34
7
-42
