17 64 289
0 6
1 5
1 6
1 16
2 4
3 0
3 4
3 6
3 11
3 12
3 16
4 5
4 7
4 12
4 14
4 16
5 0
5 1
5 2
5 13
5 15
5 16
6 3
6 6
6 13
6 16
7 0
7 1
7 5
7 7
7 8
7 13
7 14
8 4
8 15
9 0
9 6
9 9
9 12
10 6
10 7
10 11
10 15
12 4
12 6
12 8
12 9
12 12
12 15
12 16
13 1
14 5
14 8
14 11
14 13
15 1
15 10
15 11
15 16
16 0
16 2
16 3
16 5
16 7
51
54
11
7
60
2
61
53
50
16
40
19
28
8
3
41
21
57
31
63
30
44
23
24
13
59
34
45
22
15
14
35
20
26
37
25
55
4
12
10
33
32
9
47
18
58
62
6
39
5
17
1
29
56
42
52
36
48
43
0
46
38
49
27
280
365
187
68
-290
-187
-603
-234
447
-246
-43
-556
-299
534
276
-54
169
150
-139
-556
3
487
223
-241
-319
-39
-386
-166
654
321
-123
-796
478
58
191
678
-993
192
325
245
56
362
719
307
209
414
-286
507
-557
-367
644
-213
157
-346
203
-221
-144
-551
-146
110
324
-464
-106
140
-296
-364
499
4
-363
237
381
63
227
61
-352
-363
-483
68
58
226
181
-229
103
-553
344
359
-31
205
341
-81
-299
-89
-83
379
360
-309
475
-22
487
-399
-147
-395
-112
-550
-135
227
-154
68
244
-8
199
-362
370
151
368
146
528
-296
88
-297
-263
57
209
602
834
-311
-147
-161
243
577
-12
-124
238
695
-49
185
35
-319
15
-79
115
-18
91
204
332
-171
319
130
-183
110
181
275
55
251
-89
201
-165
-152
-216
-221
281
-419
-74
-127
-154
-316
172
319
189
143
-468
-91
266
-166
272
178
71
117
340
65
-223
-1
-27
205
-185
-317
-106
264
506
506
348
-66
-34
-30
-87
271
-511
173
-112
-174
181
-311
513
226
-65
-225
-437
-176
-76
102
129
-53
7
730
-419
85
482
-444
-56
-432
483
-239
101
-151
506
-114
-2
293
-106
-106
106
-416
341
-308
-277
269
-237
-79
-294
257
415
-107
-298
177
-28
356
-452
166
265
271
148
-193
225
-183
658
132
-249
276
-141
-172
258
-228
-284
69
-257
544
27
-3
-116
303
-197
471
-105
-17
296
-509
192
215
-134
695
436
-131
-365
40
-235
-118
41
-222
232
159
174
30
155
71
393
-668
53
267
-53
55
262
202
-575
121
137
61
84
342
-68
-171
-183
117
-569
-270
-25
-178
-95
94
134
35
-676
49
-364
271
-55
-164
156
0
-140
133
483
-266
-130
-172
-603
177
-563
48
232
354
-361
-416
-583
-202
-90
114
352
-70
-482
226
-488
147
-105
-47
43
-85
-45
95
-430
-389
-259
387
215
571
132
251
149
653
-96
217
-201
801
-303
35
181
-175
-137
-619
-881
-284
-286
-253
-321
-363
-424
-119
49
-128
-102
108
-17
-398
521
216
149
-52
266
-53
115
363
-544
-411
-391
535
240
489
-167
44
-96
20
514
881
-191
290
292
-132
-588
314
-114
256
22
-352
-268
28
408
154
145
-155
-10
28
-404
-204
223
143
-328
-390
276
-213
-83
-83
-168
107
-212
-130
57
-143
-714
4
-98
17
-54
-144
136
48
-157
-430
153
-4
526
-333
-372
-310
280
220
142
-362
-205
-207
223
78
-26
187
-453
9
313
51
285
21
122
-541
135
123
39
-44
157
13
-256
19
277
-304
-239
64
-168
-66
216
-92
78
-238
-56
629
-136
18
-94
91
-118
-4
-270
-452
-129
-289
433
-98
204
-21
-461
94
-63
49
-48
-263
37
-51
117
-305
-506
-25
54
-669
20
153
19
-143
-671
-219
144
434
193
224
-564
186
-122
129
536
-143
666
-20
-171
156
-625
34
178
-249
243
-208
130
-330
200
-364
1006
410
-115
118
194
-406
-475
368
-92
-78
89
-289
1
255
495
274
-19
307
19
22
293
-391
-29
520
-99
253
31
148
118
-220
-143
-90
-347
-255
-370
153
-68
-86
-505
-154
162
105
-115
422
-92
-52
-387
-29
235
51
86
358
-212
-300
469
-203
-191
-105
-73
-382
7
297
255
-393
-42
-313
478
-171
552
-214
298
-205
-356
-385
-207
116
-785
-189
493
-361
-259
145
-82
98
427
-410
535
-116
-355
376
5
-486
-777
202
3
-254
-98
-78
-26
82
-172
66
71
6
228
-75
-92
190
666
-24
15
291
362
-166
-494
354
214
-274
-241
-391
24
186
702
-295
-19
628
200
515
-97
-450
79
-525
-56
-145
560
-563
-287
531
-341
353
-456
-432
304
-476
-151
450
-307
192
348
-4
-355
107
-81
129
-85
-202
173
392
-120
1
-327
361
68
-386
-166
104
-669
103
-357
30
-312
-178
-132
-155
115
-239
471
-64
-562
61
-177
338
-254
-121
-218
464
89
45
-88
370
155
650
-496
632
-19
-117
487
207
-33
-121
-293
219
-20
-336
-210
-182
583
206
313
390
41
189
139
364
-175
-27
-114
-184
-288
-363
-336
-560
221
394
-72
-456
28
191
238
284
-21
262
-200
554
558
235
97
17
506
-18
127
215
-339
-205
-242
161
151
-122
-7
242
-166
174
-91
72
22
58
244
-88
622
-2
364
333
70
-453
-320
-443
-5
153
47
79
-207
67
-228
204
-378
26
-118
-133
-525
166
-416
138
261
-26
480
53
-65
-372
-17
295
-22
130
697
-639
1
494
-393
191
381
54
94
-212
-104
473
262
-128
254
42
515
37
-274
147
200
139
200
122
178
-195
-62
-440
-83
63
328
-387
192
60
-144
112
46
-163
84
149
-224
402
383
-244
120
307
355
241
-174
-384
251
698
181
383
314
458
-110
417
-261
312
220
-62
90
-310
554
205
-398
-82
-344
-264
-383
291
103
-105
284
-292
102
3
603
-99
30
-441
31
-198
-119
-303
146
-164
488
405
-236
-452
-89
467
388
87
117
-41
-65
-231
153
244
290
69
-297
458
263
-37
-145
119
513
340
-54
126
-284
310
-406
318
-437
484
484
157
-505
10
-674
-68
-358
-686
-4
-110
-120
-498
-564
-151
117
263
-620
196
-100
-213
-244
668
-401
155
-144
-248
-116
72
237
-44
-631
-210
234
-387
568
-65
-355
-397
-1
271
-326
-69
57
318
-35
243
90
-124
461
-420
-172
13
-112
-95
585
-236
-227
331
-137
103
-348
-114
-465
-78
228
-163
310
95
-124
-480
-502
-276
284
161
83
214
116
-29
-582
-99
-49
-266
336
350
66
-148
51
45
199
-180
203
141
135
579
-591
-482
20
-98
-125
101
259
-285
89
93
326
81
-726
-98
61
-155
460
-418
432
11
215
-289
16
-292
316
-45
565
154
-305
83
165
-549
370
-150
-194
-13
3
-252
212
-291
274
-9
-119
-456
79
365
65
265
133
-314
544
-505
242
392
483
-109
98
233
-298
-308
424
-178
-202
-194
-233
-280
367
22
-385
183
95
26
-41
47
303
219
603
394
362
-351
70
29
67
-71
-12
41
116
6
159
433
341
-56
255
210
248
293
-170
-275
111
244
-284
-271
297
-506
76
-334
-256
-179
109
28
-174
38
216
235
603
-550
185
49
15
-475
130
-52
-5
120
-430
451
29
-285
454
129
51
-147
96
-266
460
-809
40
-73
284
93
-153
282
157
-150
-150
193
-314
186
-62
-702
-190
133
-263
-40
-235
-141
-417
167
-142
-51
-89
156
75
247
-28
275
-193
120
312
-555
-158
161
-156
-108
7
-137
126
294
-68
-334
-537
-382
533
56
-155
-39
-205
-339
418
60
-177
-458
-25
-10
-45
-56
40
-129
-25
385
723
-46
-326
-3
-78
195
-9
98
-533
151
-186
619
259
294
34
35
-33
395
137
154
226
-196
68
398
-345
135
161
-174
103
269
221
-139
266
383
449
122
-146
-143
-218
-365
158
-458
268
-439
164
-172
107
341
-395
-582
334
-182
-94
100
24
253
26
-76
103
-36
105
203
76
107
28
177
-223
-294
-287
243
-343
-71
50
110
-282
187
-349
231
-305
-390
152
-60
-240
140
-469
42
-486
-331
-539
-49
638
-544
-79
357
-424
-26
-148
-454
685
235
47
-524
-408
-394
-49
528
-207
-3
-809
-398
105
-5
-255
-152
168
266
88
129
547
63
402
-18
-40
-226
331
-122
143
484
-261
517
65
105
114
-73
-292
-4
114
426
256
-402
109
-175
-362
-416
-102
-180
-132
614
413
-584
121
-203
-81
-363
-91
218
112
-261
18
71
84
-96
-112
82
-118
46
242
51
-318
-371
-74
177
349
356
398
75
-316
-359
56
110
-322
200
621
-409
-74
146
18
496
-399
239
-84
173
-142
-446
84
248
66
161
-602
165
323
667
-359
148
-155
-57
101
-248
40
-216
340
36
-146
288
265
-140
-174
-262
-351
324
82
55
443
-163
-282
491
218
-507
497
6
-246
199
11
237
558
83
420
-54
-111
123
134
400
166
200
22
394
317
16
93
-111
446
-334
-469
317
347
339
-229
-138
-88
-244
-29
-93
-166
-304
-35
-314
-251
-421
100
743
311
-430
-357
189
-396
-101
-481
363
-853
489
238
-451
-711
-192
84
-379
-52
258
259
575
-100
-650
176
203
51
412
-454
-166
220
433
-596
-81
-413
84
216
-108
-25
547
12
-167
-303
293
243
133
-8
-534
35
-58
26
91
-401
36
73
46
407
121
234
-84
65
-243
116
147
97
-74
-199
2
486
696
-16
118
-119
-81
327
10
-116
-137
-228
341
155
-309
-170
16
607
426
-93
-172
-594
-62
-91
254
-69
-45
-124
6
-365
536
-152
-210
273
261
11
-103
-186
73
-131
-443
-47
-580
-144
22
-235
-2
-105
-234
-289
402
431
76
517
-156
-254
56
177
583
-135
223
33
-337
-143
70
481
154
-232
-55
-280
-415
487
288
155
-170
-33
-255
64
287
167
112
108
169
293
116
291
-504
98
-315
448
-383
130
247
-488
477
-237
48
67
380
-173
15
-129
19
-467
-742
-265
298
-269
106
162
-152
128
278
-281
68
-811
-148
1
-215
133
492
-358
271
3
-102
-159
146
-8
-264
108
-300
186
-167
-44
157
209
3
14
12
-487
90
54
-63
-136
-146
-261
408
-522
-35
380
-374
-222
-223
179
-90
131
-417
150
35
27
193
-119
86
54
-250
-117
-177
-94
75
135
-850
40
-88
-214
16
393
-350
643
535
-648
360
-110
243
-459
238
-257
-233
399
342
-131
495
112
-180
-271
176
-205
-251
116
-1
18
27
-356
489
63
-234
-313
86
161
343
-603
-195
83
-334
-196
-93
308
215
-296
244
-19
6
-340
-36
-126
552
-74
-25
-46
-305
-222
-74
-238
432
-44
389
433
-276
208
323
-470
124
153
-624
-312
37
176
139
265
649
478
-482
-240
85
175
-340
-92
110
-81
-251
86
40
-40
18
-204
-769
-52
114
568
-160
57
-216
384
-418
35
-95
316
47
247
-272
-13
11
-402
3
-424
-120
128
205
-275
537
-58
269
124
-118
-56
125
171
-231
-149
380
92
442
-230
367
-10
124
429
-446
-16
-41
-107
273
-487
235
-242
131
295
169
-131
314
194
-264
112
-113
-225
351
203
265
-248
-186
-546
-339
23
-72
-33
254
-414
-198
-50
-109
362
-467
-684
-134
37
-361
-267
-670
117
509
-249
55
129
13
73
-435
40
37
366
-5
-427
-96
310
-157
2
236
-124
-27
437
30
-9
67
-144
259
121
556
164
228
522
340
-422
-199
467
373
-246
-115
106
-234
81
141
107
77
-112
207
338
-379
72
369
-782
179
-516
-306
-268
-501
-235
-319
-413
-407
-550
-429
-244
102
86
-679
-531
493
-53
127
-176
298
-27
52
59
16
185
-27
-233
337
13
-122
-390
-318
-249
-29
-536
-252
-469
-195
136
99
46
-42
286
-255
50
557
409
449
229
389
-52
373
108
98
166
13
-615
3
-210
-142
324
13
-285
-453
-325
-355
312
673
275
-557
356
34
-307
274
-307
296
-287
96
-353
-243
-47
-75
-370
-180
-285
606
-428
771
-18
319
239
-25
93
174
126
71
68
419
-232
265
44
-422
288
399
51
-158
98
-266
156
249
256
-86
-339
-196
-325
-402
289
-182
69
-81
-142
-225
-493
-398
-286
-227
-54
-208
-177
64
179
-81
222
-204
171
277
29
161
-80
-407
266
-52
-106
196
-31
-30
-239
-84
145
225
-111
-47
491
236
-97
36
120
113
57
-53
-131
-61
-210
220
-60
397
-100
156
-22
-34
-134
-174
36
238
-536
274
-3
389
-340
-284
339
-18
190
128
-119
115
3
184
237
-121
732
164
234
-417
-519
-479
117
472
-567
115
61
-330
18
28
166
115
305
223
132
100
76
-354
-281
-23
-271
232
-52
-76
39
-260
-168
-361
80
-380
91
-244
657
437
30
-243
29
-208
-433
900
98
403
126
377
-195
463
-278
-211
51
-352
58
-397
-190
421
-242
567
147
-164
-372
-247
346
524
-13
-296
265
318
296
-147
-179
174
-119
152
159
215
-425
-174
-47
-154
-425
327
264
-305
-254
-166
-132
-496
274
179
-278
432
-2
-241
-307
-184
-105
-19
-41
83
-201
367
1
-95
-570
605
-247
228
415
540
68
51
407
-205
-235
40
156
248
-388
75
-221
274
228
-101
49
73
133
425
180
-107
-297
31
-22
-722
168
74
641
287
80
107
-58
-100
393
300
-131
-268
-733
-16
-218
-314
477
304
-217
-5
198
-405
74
360
-604
-117
216
48
-119
489
-35
257
9
241
-562
393
-41
252
295
152
-486
-594
127
-280
-179
-209
172
184
148
71
240
7
259
282
-115
336
-301
116
-33
-461
69
-207
-129
-325
230
306
-611
213
203
-168
186
77
-223
580
-436
94
401
-260
-203
-75
190
-116
100
-134
189
-270
209
-198
277
-253
47
-206
-213
-107
65
-306
177
335
-679
-97
-212
-459
-417
-248
82
57
391
-176
176
-42
465
-87
329
514
-134
135
137
-172
-439
6
-564
-766
-564
-269
5
156
101
-244
241
234
-18
-104
-95
24
40
133
326
-275
-273
11
-226
197
488
-74
-91
-3
-12
164
-447
-32
-369
-95
-32
-145
706
6
39
78
59
-484
494
-620
-313
-162
-19
60
915
-82
-177
266
-183
2
-385
169
-262
260
-136
269
-267
442
292
-124
495
339
-178
-621
88
-94
-52
155
43
82
-171
658
198
232
-252
-675
-319
327
372
80
-102
269
-457
281
-142
160
-74
-437
680
-324
38
-62
129
-371
-513
63
328
-87
-151
-376
-46
-200
-187
-320
-206
-214
-192
-286
186
-8
35
-87
-490
458
212
466
-314
-231
-50
-232
316
-512
152
250
-15
-148
47
-179
-198
-272
-20
-241
574
-221
295
-36
-312
288
556
73
-294
152
452
159
452
72
-191
-156
-232
556
395
154
-351
-519
-405
-314
167
-419
-52
416
-465
-384
-125
-60
309
375
-91
-124
-687
799
137
-91
622
565
-379
-39
397
-158
-56
321
63
209
-264
-95
21
177
-171
193
-537
364
-576
-121
-147
-160
3
167
228
318
522
475
181
-67
-1
525
-351
36
102
57
273
128
-157
120
-207
-304
-119
69
-188
-198
82
-124
-272
-343
545
-197
229
-31
-110
691
-89
247
-135
448
-443
13
-374
-287
-242
293
-23
-62
-304
-269
53
-166
45
-320
-165
-235
-506
-294
-322
-87
134
358
254
-17
195
8
53
-107
-195
401
229
106
381
529
226
24
-179
-305
-160
622
-133
465
421
-214
-302
435
-56
-50
-191
399
-86
466
-141
404
271
401
-598
631
-233
155
204
-168
11
-168
-363
-40
23
-109
353
237
8
-653
-277
-353
-487
77
-193
192
-157
93
-247
355
84
55
48
94
160
14
-74
266
-235
31
50
262
-477
-516
-77
390
622
-370
-62
-404
216
8
-137
-152
-515
47
-215
99
172
-187
577
546
-193
-470
408
-229
135
-324
472
305
9
511
0
-89
-138
194
190
126
439
100
-108
502
357
-279
-59
-307
153
157
203
302
115
272
-34
-420
58
-366
68
177
156
10
-315
-275
-273
578
488
352
-163
-234
-147
47
96
-546
290
-299
694
-60
-469
-647
206
269
-170
392
-298
624
669
-177
156
196
119
369
185
-36
-342
-67
43
-612
-25
-192
168
-85
-69
211
21
324
8
-66
-251
794
-50
-180
-68
-165
-190
249
389
-309
289
-350
237
393
492
-247
347
-30
-155
-458
180
-17
-535
369
132
-319
9
-130
254
100
283
189
-68
136
438
-374
-341
-86
-46
-172
-136
-392
-502
-57
414
-187
195
16
636
-604
-480
-74
143
-373
8
-71
-272
-427
-331
593
356
262
588
-85
-161
-342
-134
37
-216
32
334
-175
-161
-242
559
-285
137
203
426
-242
178
196
466
-88
-210
175
92
-337
-368
-61
-389
562
327
-322
370
-156
-59
272
10
21
-56
95
222
134
177
-62
237
-38
124
253
-26
-225
80
39
-312
298
-75
412
58
-251
206
-172
-252
493
-429
95
324
497
28
143
220
-528
128
-210
-2
-145
444
301
-78
43
-424
308
-268
34
-309
160
-85
714
103
113
-142
467
222
-15
-464
174
92
-190
0
162
-382
298
-178
336
51
-568
-532
658
157
292
437
-587
-133
-357
54
446
597
108
258
612
161
335
104
-225
-391
93
198
-110
57
186
-354
-214
61
131
-577
34
305
185
260
-98
168
-182
115
689
244
-175
-191
248
-395
229
-25
-138
167
-64
-123
197
-220
272
318
-108
-437
334
502
-321
-225
215
-89
81
-289
277
482
4
385
-62
-303
282
371
-9
50
349
364
671
-112
83
-316
211
-191
107
-21
115
320
-483
-290
-435
23
-62
-107
-119
438
164
256
-284
-379
246
97
-188
-456
512
197
341
-135
215
412
-57
183
43
36
509
-414
239
198
-60
75
-578
-119
257
-46
-32
82
-277
-351
124
-114
43
-318
-412
719
-904
-147
-38
-119
132
407
-140
-268
242
-139
156
-101
-264
91
-71
232
42
306
401
-201
59
-140
360
-285
796
-129
-27
6
89
147
449
-290
77
-229
90
11
-162
-120
269
-62
-114
519
-110
-25
69
162
-406
143
-203
-6
179
-410
102
321
-36
367
30
258
115
542
-122
302
236
-251
-532
438
-292
-323
-73
-207
190
26
568
97
-260
-51
-427
-632
241
-293
928
63
-413
-37
202
46
-621
-19
35
15
339
475
-204
-109
400
-263
-11
-186
-30
-191
563
48
228
-72
-240
-671
267
-449
-394
35
105
-239
111
-120
93
-487
602
-567
-157
-272
180
-14
-193
-383
-154
-423
-20
493
373
-249
126
170
-322
-271
-38
-34
138
-289
-248
-160
-462
-210
-330
-110
-102
-650
534
-210
-346
-73
206
-158
462
22
-280
404
86
-286
-244
-92
100
119
-46
-505
-102
380
-73
120
106
-123
-248
156
315
-156
410
-10
-146
-100
-265
121
288
-64
-23
-147
586
-537
-9
-205
199
120
-373
53
-79
-119
59
126
-548
-57
189
-252
249
139
-136
214
28
-116
78
386
-117
224
261
62
-254
67
62
-349
369
114
656
-150
-396
-405
-351
-19
-330
-340
-201
-250
-2
-82
175
-332
-249
137
114
-264
57
267
124
28
-111
-414
-245
-240
374
-278
-267
-366
-209
-303
25
145
147
-231
174
113
599
394
456
128
131
34
557
54
162
-21
542
-92
544
270
139
125
-210
-319
-294
-200
-271
-75
164
275
170
90
347
35
-268
135
-282
192
102
41
-56
55
-205
-19
149
-36
220
78
124
-171
541
-82
150
571
65
-113
28
-166
-131
-291
57
380
-219
-277
343
-90
-255
-435
-107
-18
299
205
-295
-224
-103
631
-189
-34
-546
-200
736
-664
811
129
231
-69
582
-214
277
-293
-266
-183
42
-116
-303
-225
-137
-531
410
-542
56
-397
-194
336
560
-139
225
42
-246
-206
-204
-371
-135
132
465
-494
-224
-41
-269
228
22
355
291
-302
-335
-199
-401
-296
-352
84
137
-344
-332
537
-60
-101
-229
-62
-103
101
-296
248
535
105
-110
238
124
70
-126
248
-35
-177
-162
544
-49
18
119
-112
-194
-71
-364
-391
4
-95
154
225
293
58
-535
-67
-304
350
-93
109
-255
158
-230
-422
-213
191
200
-176
-17
548
-368
650
-459
536
-103
-26
-212
-2
-35
-280
93
109
-217
-269
-67
208
81
-294
291
242
523
-200
-497
376
-224
39
19
347
207
37
106
-383
528
117
276
20
243
76
386
-130
-283
-267
4
243
384
-74
-806
40
-556
-163
87
28
-400
177
-343
-128
-139
3
-468
-148
-20
362
-163
414
552
176
-179
-175
184
-215
-31
143
-272
30
66
-56
183
5
144
-266
287
-174
-365
-719
-72
19
85
-212
356
782
28
32
-12
-294
165
-201
29
-15
102
196
-31
124
130
336
425
746
96
144
535
190
-334
434
283
109
-58
-190
897
-330
-708
-220
-389
-53
-52
-45
-23
315
-37
-318
316
493
-57
24
49
80
-322
205
-175
473
-31
-704
45
-331
-284
154
35
-120
542
69
552
97
400
-169
-134
-708
212
192
317
146
-104
545
194
92
-65
377
530
53
16
-54
-34
480
6
-292
-51
-160
26
95
-313
15
83
-256
-117
-148
-197
165
-252
-131
203
33
241
-483
159
-51
-297
-60
-67
25
-638
-304
-587
223
164
-325
-94
-50
247
-39
115
14
177
-11
402
214
-638
494
-194
195
62
-67
-189
222
26
117
126
-478
-175
-200
-255
-11
-91
-437
163
282
764
-377
-121
-23
301
56
19
273
18
-74
134
-384
136
98
157
-243
-16
168
170
-322
598
-345
343
59
-161
421
95
437
-110
99
446
-23
123
-241
-144
249
-164
-435
-145
-37
370
-54
-226
311
-226
-116
-147
-29
-268
79
-272
18
6
-515
-62
-203
191
-282
-251
-182
-252
109
-18
-85
-382
153
-149
-280
-189
51
-436
-268
186
-124
352
-143
358
227
209
-333
-146
285
168
146
219
142
-115
-578
-146
-508
262
-232
107
-108
-164
-13
215
149
-207
-131
-351
-275
132
76
-283
-162
4
285
-210
211
198
-381
223
330
-218
190
115
-62
-262
150
414
324
25
180
28
64
-55
-64
284
153
189
61
-12
3
248
-515
97
-95
-307
-261
-98
-316
-69
307
119
-42
75
539
-237
-309
177
-274
797
-394
643
79
33
230
-236
-420
248
328
113
-410
-21
-169
-140
-502
-412
-132
-354
-48
367
166
240
45
22
6
434
-532
78
134
-554
40
-206
623
280
-353
149
-213
559
-263
-380
130
-44
143
-3
-15
321
67
303
310
-182
14
307
101
51
-158
189
-155
-247
-23
72
-19
24
381
-134
273
-10
542
-321
296
208
-434
465
-455
-219
446
-243
65
-218
251
-173
57
39
-321
497
69
404
35
246
-125
71
120
-234
-475
133
-278
547
381
89
209
66
-33
-387
-317
93
-238
283
-7
296
304
324
-271
-425
-9
-482
-201
-301
408
-271
-59
-30
488
-110
40
151
474
-192
36
-227
148
-45
447
50
433
-70
-163
-95
-174
-64
3
-209
124
-137
-597
-75
51
311
225
-295
-115
-189
817
-126
-115
-396
15
-319
881
494
318
71
311
507
139
-118
-51
212
-209
277
317
277
-229
-145
138
-282
-149
231
-367
137
-255
87
-36
103
204
-388
312
124
516
304
-168
190
596
-98
244
637
-712
-271
157
197
-13
414
-160
-312
-25
-140
-251
170
328
-7
463
431
631
-381
293
-217
90
258
-1
135
-362
415
-113
148
42
-31
-549
287
577
109
147
543
-477
-227
-236
139
-61
-587
-580
-334
-168
-146
405
-341
-477
8
407
241
-387
-89
-486
328
92
295
629
-279
-9
-184
-127
326
-373
-415
331
-417
537
-286
497
-116
-72
-305
-21
53
254
-31
-337
-10
-105
-234
55
-207
441
-4
-13
-207
50
183
53
-61
92
121
253
377
-29
-148
-91
-184
-415
418
-40
386
-287
229
20
452
369
-121
62
123
409
-474
-77
158
276
-554
-363
-113
-22
-250
121
-125
-39
184
-133
-16
166
142
222
73
74
306
-79
214
-184
-252
-71
-110
-23
339
-80
115
-286
-14
183
122
344
152
110
-170
144
15
61
-213
175
-342
496
122
-69
-166
324
30
-143
465
-65
248
-167
201
-439
-286
-159
403
92
338
156
-126
22
163
-12
391
-140
-127
6
222
237
360
187
23
-573
21
-24
-81
715
-439
-324
215
-411
-343
-129
-31
-29
-430
15
-182
-133
-253
343
-295
-461
-642
80
13
121
-214
78
25
-52
495
263
-123
533
-123
287
-132
-235
693
-536
-95
-104
154
3
306
110
285
482
298
23
340
475
501
253
237
139
141
272
430
353
-118
-90
289
-92
-53
-5
363
478
406
-258
456
-148
-177
307
185
355
241
238
270
-231
16
-315
-324
30
-6
-230
428
160
320
-53
-79
-32
-34
616
-127
559
-276
-158
12
-44
-284
-358
-56
145
-170
-209
74
-317
-82
-177
258
-500
-145
426
341
-159
121
-359
255
-436
216
-223
35
229
290
-336
-203
320
255
71
256
15
-2
9
248
-93
149
525
166
70
737
-310
254
55
54
241
-615
-140
155
220
-400
-75
126
341
135
-89
-301
362
-433
-66
105
-37
526
-161
-72
193
-421
58
-81
-199
-374
-310
295
-355
91
43
161
251
-372
132
581
624
421
-344
-290
327
-694
9
88
21
-397
-65
-257
-361
457
-168
63
45
72
-70
-27
-537
-281
146
-155
350
-339
-42
-175
-168
147
172
-42
69
102
186
-349
-566
116
99
208
222
-80
305
55
-309
382
-80
114
242
-171
31
-68
187
-50
-112
174
-31
452
425
-65
132
288
-73
-97
-78
-27
80
39
331
717
56
-103
150
19
-518
-33
-483
-98
369
-160
-570
-11
-219
334
120
-248
-12
600
233
415
142
-140
-541
44
117
216
161
-12
73
412
-116
90
-512
27
34
110
-42
-553
-590
0
-510
253
117
114
163
625
-74
426
-21
-23
-199
-305
84
175
293
171
77
183
-164
219
-227
-339
205
451
-150
-12
-356
10
-258
111
174
-1
470
304
-448
-352
256
-157
222
1
221
-419
-93
-69
794
-22
-385
-49
-143
225
96
-221
-99
267
83
22
-236
-116
-123
-503
312
-80
-230
266
-347
136
-53
259
9
-338
247
360
74
-13
-93
-186
-446
-275
98
360
249
381
134
-133
-387
34
-170
224
30
-5
-167
122
-116
-207
-33
-242
-180
253
401
-281
-519
-342
-16
340
-308
38
90
223
-140
154
88
-82
-367
-324
-563
-447
269
121
-122
-19
36
100
156
-150
325
33
-2
-339
-291
148
254
-97
613
-52
-318
-214
164
347
291
-13
116
111
100
198
165
-58
-165
112
-133
527
130
0
-211
-270
279
394
-140
-249
135
114
-8
125
152
55
-83
390
-135
249
13
-75
-241
-328
-197
539
-158
-110
-124
69
152
158
659
21
-108
221
-228
192
-490
118
-302
-176
-496
-183
421
-215
-428
225
25
-186
133
-200
67
-171
-69
39
-131
-22
82
-325
-143
-161
-81
-46
29
-419
-329
232
-512
-293
591
-36
262
-108
-113
-163
-267
-126
109
-369
206
253
155
-116
124
29
83
264
-207
-124
207
32
-133
412
2
472
13
182
-407
205
78
510
415
654
-9
378
-50
612
-533
219
-507
106
479
-225
-5
639
-397
-45
-254
-175
473
51
-67
537
-344
635
-706
-245
199
36
-267
-56
374
363
273
377
-119
-212
-14
72
2
-254
-245
326
-459
8
-250
-168
47
-441
-418
-56
149
4
26
78
424
-591
-18
-183
-133
-310
-64
46
-110
-823
-352
-212
91
-97
-95
382
-172
408
60
67
-114
258
-401
-173
245
-84
259
131
123
-323
143
286
-128
-206
195
-325
159
-101
298
-197
-58
396
205
-134
276
-159
-60
-549
-290
-102
-246
107
-289
405
-397
159
195
238
-626
-119
267
114
160
-197
192
326
208
553
-172
142
-507
-16
-98
150
-184
-214
405
-42
512
-24
109
538
-383
28
-487
6
416
-303
187
-445
-22
-56
-13
-135
-37
-485
220
-195
-413
157
-201
-47
147
-143
-289
46
123
20
993
28
-281
-580
-930
310
33
-225
144
-3
-145
86
271
358
139
74
-117
274
-3
-76
-294
-87
100
-32
40
-5
139
20
-336
-75
-77
-830
-156
322
-69
256
316
-118
-119
457
420
34
0
195
143
483
253
-38
-32
333
152
228
105
138
-134
468
-278
-60
128
-9
614
138
250
607
-131
-64
-315
294
-148
-182
58
-231
17
-445
436
-512
73
271
-44
-435
-46
10
-11
-587
106
3
826
438
154
-326
-449
-561
246
-293
-357
-331
75
222
-537
-27
584
-182
-412
-140
430
-39
502
-38
-380
-130
-270
45
146
279
584
488
-247
-63
-298
166
166
-617
502
81
290
-143
178
89
395
327
-151
115
-712
13
-525
-511
431
-35
311
283
-95
239
134
-200
64
-76
240
-107
-217
38
-82
167
-49
8
364
-195
411
118
191
-560
-164
-196
476
121
-361
-367
151
-278
617
1
-285
114
193
-372
75
-395
132
-517
213
166
-176
275
8
344
-160
77
-449
-374
-761
-390
97
-249
279
379
23
548
-80
-51
-199
-451
151
188
579
208
121
540
158
-188
-129
-190
45
-6
77
-84
139
-87
163
98
501
-205
89
55
505
442
218
-42
-230
394
485
-197
72
-234
186
-93
195
-181
-210
-47
-131
227
319
-306
-143
-76
-178
188
129
-48
-550
-25
-304
422
-169
-321
200
653
359
105
-254
-91
304
-11
196
155
-471
-69
-88
-262
-85
233
-411
-367
45
-252
-277
-212
7
-340
-110
208
137
-544
-214
238
162
-79
-199
58
-431
267
-374
-5
85
143
434
-189
-66
309
85
352
232
-106
496
582
-552
183
258
291
221
-39
-136
439
185
-1
-402
9
661
-269
3
-43
-116
-259
722
-169
-602
365
364
183
-86
-213
-146
-249
-208
-328
-100
-512
95
-351
558
121
86
282
707
238
162
209
17
-273
-214
-66
247
293
58
225
-91
-194
-318
416
203
-89
471
151
-12
271
619
-23
-313
270
-29
222
18
44
-272
370
463
499
-286
-161
-313
-158
-207
-297
524
81
-202
-227
-152
-129
-592
-84
487
-112
-177
-147
380
-666
194
58
619
4
649
-66
209
106
50
65
-234
130
-254
-315
-261
194
-81
370
-273
213
-174
-109
157
-114
-258
68
480
128
-170
-51
384
-294
-43
280
-183
-552
227
200
-346
91
-164
-205
-482
61
226
-175
-695
-126
-172
348
-385
-157
-426
126
514
-18
-48
449
129
-52
286
84
-371
213
-334
27
-944
646
615
-349
-196
473
-286
-345
-397
603
-224
431
177
140
249
278
167
-94
-484
-4
747
-168
-189
-619
779
4
71
-71
78
-389
-402
-547
-189
110
34
52
266
860
-269
93
-5
-35
-523
-343
79
-10
-42
-587
177
279
-136
685
-380
113
173
45
-442
801
-135
106
344
406
-11
-394
54
-188
106
388
38
190
-150
-117
10
84
-233
136
-215
379
-15
-167
92
-120
-76
-386
426
-450
60
-441
-223
-137
180
-132
-289
79
165
71
-92
-144
70
548
-89
190
-60
297
-75
-63
124
-82
-291
177
-474
-154
87
163
45
-83
-583
-152
-187
181
420
122
213
450
-220
-88
-88
71
160
-245
-282
58
493
-464
110
-359
-83
-302
-71
-589
20
-28
65
102
50
-413
71
-214
-166
-386
88
533
-553
108
-314
-122
212
99
165
265
-286
-28
138
-572
38
331
13
379
256
-208
93
223
-370
-73
-29
921
-319
-322
111
-542
172
79
-31
216
-238
68
-270
-226
-14
114
219
249
364
-287
-259
284
619
503
273
-51
-254
-204
-287
-12
-818
-162
-298
246
-41
-119
292
116
-92
-202
-158
443
-622
-513
409
132
92
147
64
-359
90
55
86
-182
275
54
-484
320
-167
30
18
809
154
129
80
180
260
-259
239
-254
94
12
679
715
426
-10
226
222
-455
-312
-314
265
139
70
-167
609
-121
-170
-47
258
-638
293
106
-78
-277
63
350
-153
221
-312
-382
-37
133
-191
47
116
75
-326
-118
-33
309
-129
-227
-183
183
138
-199
-192
193
-133
-339
-68
-155
89
-21
-237
-98
243
-552
-66
444
71
-27
17
-53
-270
69
280
518
266
141
-439
463
453
59
-15
35
-251
-316
195
303
11
-287
-221
423
-499
284
288
110
283
-74
205
-402
-779
-330
-35
368
-158
-421
101
110
63
294
170
889
-28
2
11
283
-203
29
-116
195
-67
132
-221
415
-276
-566
-276
-543
-141
-360
-215
-128
-26
-64
192
-217
166
170
361
69
10
-239
503
-16
73
165
333
-129
286
109
39
343
-197
89
-118
215
-85
-524
-36
534
-77
-96
-194
366
177
240
-573
215
-11
-313
-497
-311
142
-423
-571
327
201
-138
248
-79
-49
301
377
-228
12
33
186
216
119
-126
212
285
-649
369
-41
-62
424
-260
518
-342
-85
-241
304
52
-16
-156
-64
84
-262
61
448
396
43
14
-285
-176
-444
-14
60
38
-554
377
69
-48
-11
-178
-361
-99
-37
40
51
-97
50
289
-397
79
76
428
-139
-78
-318
148
-325
551
-13
2
-471
263
386
218
180
-53
-68
-67
-107
246
297
-172
18
233
-493
-244
-126
-276
-54
-229
211
-229
309
-318
-52
531
-544
-49
167
-31
112
117
0
-263
-125
439
232
-22
48
-52
-119
174
-17
195
-106
-246
743
-412
195
-76
93
572
76
-443
40
-111
222
3
-304
65
-552
-445
280
252
138
-20
73
-197
-293
474
53
12
137
-120
50
507
-656
-303
443
161
99
-703
-152
-611
-64
-326
40
641
-86
121
72
299
334
-258
-393
-324
210
422
-134
-56
32
-157
75
75
234
-102
218
-247
-402
-32
-222
324
-32
-451
693
-450
-69
-91
-262
-85
48
-425
769
448
-218
101
-420
-79
-15
771
74
-483
-100
208
95
-39
-645
-507
380
174
-247
123
-834
-45
201
-133
325
-195
-29
161
180
-158
-83
-168
166
-428
361
272
103
89
-90
-427
-4
-478
-53
-255
-65
453
-36
53
227
-89
203
-52
-112
135
-565
-142
-118
485
-411
-168
-147
181
134
-173
164
729
-51
-127
-405
-484
-244
-796
305
285
-62
-63
-219
126
627
-178
443
-211
-76
67
131
-211
-374
98
-495
-207
471
-208
241
30
-231
-511
525
-155
-360
-193
221
457
117
-310
-112
-499
110
20
370
303
-470
-314
215
164
123
318
388
-93
-467
204
-321
192
-405
174
375
-272
192
704
-545
127
202
31
86
-75
35
175
41
-10
168
154
300
116
23
-87
-318
-167
-32
73
-263
101
-236
135
174
-174
410
-37
-99
-422
273
446
296
-489
315
14
-72
-285
239
289
-164
170
-9
363
-86
-48
-477
458
-127
54
209
59
-282
121
295
-86
101
459
175
-95
-116
-305
396
-146
216
-339
-97
298
-222
134
-542
281
-27
7
-65
24
-75
336
452
31
-13
-103
-363
212
-128
-111
-374
318
-54
276
409
-236
-97
-223
-140
133
63
71
-370
-96
-65
118
-208
-54
-16
191
62
68
222
-83
315
-175
550
197
362
-544
33
241
220
146
180
237
79
226
-193
42
-32
507
169
-433
120
-90
-76
-291
244
23
-363
160
865
-302
-264
44
200
-344
-121
772
-150
-422
227
36
-271
-22
-120
-546
265
-168
-336
263
247
247
-112
261
-78
-78
-11
-310
132
-210
269
121
-163
40
39
337
19
1
197
357
343
-498
-65
-591
-600
-74
-97
596
345
-357
135
97
69
16
-202
210
-69
165
-152
78
383
87
67
-526
194
-231
-382
297
102
284
324
-42
-360
-163
127
-356
251
41
730
-54
133
275
-33
83
-556
-202
-158
-425
-275
-245
567
782
-97
170
239
-251
-169
396
-50
208
-248
133
38
-4
77
-78
671
-457
-280
-22
351
-604
-123
357
-518
73
379
-148
407
-255
217
618
348
375
437
122
542
-129
-110
144
53
-80
342
227
-234
136
-17
87
-705
176
-294
-297
-40
-244
142
151
71
-317
104
89
155
429
661
-407
-549
-145
-21
-295
-31
290
-519
433
45
258
82
87
-113
343
-109
388
520
334
435
-244
-119
-473
352
-359
114
-492
19
-210
140
-610
135
586
-334
-36
-361
288
724
-322
-217
72
30
-174
62
-148
10
243
530
-98
-6
-651
-348
-570
166
-60
-471
52
368
369
7
265
-317
-411
406
-85
-189
-110
398
-592
193
-98
54
235
92
-117
36
-56
109
397
-659
-79
-104
39
-284
81
-275
46
113
186
457
435
621
-184
-321
235
227
19
406
119
179
168
-49
410
-355
195
-13
3
121
-533
-78
-136
131
392
-275
-165
-136
-86
-380
131
-22
-79
117
-223
-206
277
-50
482
105
485
155
-469
43
-208
-118
99
190
582
210
-10
359
0
-69
284
240
4
-187
314
-66
771
-334
280
-4
422
249
70
495
40
-41
453
-312
-571
-32
-297
44
-279
-386
-141
-129
251
79
29
66
-145
29
-654
-113
595
576
-26
1
-786
558
-4
-116
-155
-309
-430
399
-439
85
-136
108
196
-87
78
75
-6
-410
372
252
317
184
31
10
249
14
-25
-480
221
313
21
220
119
86
-319
-139
-283
-87
-310
161
-127
266
270
-21
147
212
49
17
100
84
148
-195
268
-180
-183
-335
-149
123
-545
78
140
-79
245
-9
-84
-36
85
-668
296
86
-209
208
100
47
112
-120
320
-111
-360
-999
533
-177
8
-113
-29
293
67
119
31
-5
-61
-357
-201
-91
-7
283
422
-387
-324
268
211
-250
595
118
-333
-347
420
-562
-463
-228
-28
-28
136
-56
280
-412
-77
-255
262
155
-282
-47
5
282
12
-64
-98
422
97
400
-118
-322
44
-99
-295
335
231
314
119
-215
136
480
98
-32
-242
75
340
-459
691
460
-478
430
302
81
911
136
-28
33
167
-196
22
494
-58
226
-532
191
-121
290
361
-158
243
-82
-197
83
191
-155
-352
287
-173
-172
71
-30
198
126
-592
-270
-426
-316
-282
138
116
-643
254
91
-30
796
251
96
115
523
-163
305
135
553
-191
-4
-105
-312
-113
-122
-99
247
-162
-203
97
-600
116
111
446
58
460
471
-75
121
185
116
-174
27
220
-209
140
-150
-165
531
-413
-30
-19
282
-264
-104
-39
-219
254
107
79
193
-325
251
570
4
-262
-129
-1092
-6
384
121
-189
2
91
105
-42
73
146
466
230
116
-271
113
152
431
546
-151
-141
351
-762
29
-259
-477
340
-359
-109
-343
471
183
84
375
127
202
-1024
-71
-335
-204
269
-33
294
-412
-29
188
190
-550
-109
320
490
405
-98
-795
218
266
54
9
210
331
126
493
-394
246
-107
-192
-173
-336
-375
360
-13
-633
-116
-141
-45
-44
450
-112
129
-286
18
-130
5
-563
167
-180
-168
203
-78
-155
626
-220
-91
-132
308
-7
95
-476
305
294
-507
-98
591
256
-274
307
302
245
-80
-98
-272
-180
-172
43
-340
49
-47
141
359
-423
-160
-77
-132
-270
-327
150
373
-511
125
60
-53
-240
194
-219
91
-155
-556
-217
-25
-128
-424
-105
-131
122
-85
-219
-336
392
21
-416
-41
-194
-273
-97
-401
86
97
213
324
180
-83
278
176
110
-242
-275
-143
35
169
-74
-34
-235
-121
222
-563
49
-333
-543
242
134
-18
-12
-122
-248
2
73
-60
-3
-387
-287
177
225
-712
37
-633
-372
-51
181
212
411
-171
304
118
-23
132
0
-408
-21
-603
225
-270
-149
-49
116
58
83
4
491
-30
-56
36
-138
-439
352
16
134
227
-9
-263
250
-319
101
118
256
531
-108
324
346
-7
-9
-705
44
-213
-396
-296
654
-73
-35
492
-38
-401
504
-363
-68
411
153
251
346
-266
274
-11
-121
281
-53
-350
480
-137
354
-28
-426
-133
-310
-169
-4
2
-52
-404
532
420
103
-156
157
-266
-204
358
262
153
-232
-159
-256
-375
143
-377
-355
173
-374
-151
443
307
44
-148
12
-537
-342
-314
67
-38
-92
-133
-48
-169
339
-384
-262
-324
-313
-180
-11
-410
415
-581
-122
-48
262
219
-528
-437
-457
-233
-369
254
310
-105
-305
-482
256
-372
214
285
159
-392
-254
455
-5
100
292
110
-175
114
271
-261
197
126
23
-167
-61
-48
104
-707
197
32
-436
225
220
396
-368
-388
-158
83
-100
-592
122
-243
555
234
-112
332
75
-257
-546
-33
-30
-51
-251
-203
-265
-140
-224
-74
-349
419
212
110
272
-427
-383
254
191
-170
202
166
-219
-165
-495
249
59
-61
-57
162
-226
-318
-62
-246
-181
-167
57
-111
852
-74
650
142
240
349
115
-612
-188
-256
260
-393
11
-133
304
94
82
23
-264
42
-15
-316
152
109
-260
-322
-229
-101
131
99
164
54
269
314
135
-419
-263
27
143
298
-201
-345
-62
482
-294
394
-336
-361
-330
-57
-177
627
11
-24
61
-352
-387
-210
-153
-655
276
133
180
59
208
94
620
-289
64
-135
109
283
268
203
-28
-301
222
29
-37
-244
170
269
665
41
-204
64
-202
-118
278
-29
-189
109
-29
-12
-592
-201
-56
34
-330
167
389
-161
38
-294
-284
-334
165
-310
439
-7
-206
351
53
497
-39
163
-239
400
199
55
301
-84
-18
-157
145
303
266
-159
-213
-380
-451
3
86
-331
108
300
-224
342
-39
59
-167
240
-265
-229
92
63
-398
205
-437
-215
-2
-375
64
-123
174
361
-8
-487
1
178
387
-234
109
-169
-139
244
-65
521
-454
-450
695
-60
527
136
-123
74
43
-483
-342
299
377
174
-160
-423
156
85
-418
624
-201
367
-363
197
-489
271
-69
445
136
-176
96
-108
324
-86
-83
-334
-115
-505
-389
-142
111
-206
476
292
7
102
-93
-169
130
544
226
12
255
-217
25
-190
155
-104
-339
-230
277
-332
-281
-80
165
146
-49
28
-11
312
67
455
-611
-266
260
351
144
-35
-112
-365
105
76
58
-180
402
535
353
378
-261
128
6
-164
52
-53
-317
-163
519
-384
600
-58
314
-25
11
-325
-145
209
-89
-124
196
407
19
-387
-139
-355
-428
94
265
143
500
-86
585
-104
-35
-153
473
-228
100
286
-127
95
-142
47
-291
-486
304
353
-276
-368
-211
-280
252
-65
174
161
-120
-666
-121
-785
-85
-43
-222
513
549
52
-122
50
356
681
-509
-328
0
380
-102
429
-13
13
103
-162
96
-123
-143
-419
453
239
88
517
108
-130
131
253
-68
221
82
-413
-9
246
148
44
-92
-626
-108
-747
132
200
158
-26
-185
303
100
77
-626
286
-118
469
-392
-89
-299
-309
-170
-284
218
-467
-393
299
-387
-413
155
139
-35
182
559
-138
-139
-183
279
5
-291
608
-281
74
-454
-649
443
-432
736
-46
110
-17
-502
177
-121
-263
165
-594
-144
-32
218
124
-183
452
518
-180
152
81
-93
-99
151
-347
1
256
13
-285
-79
71
-439
-324
-304
-322
254
-709
-130
-20
-189
-237
-42
286
-153
376
270
-178
-418
-132
-52
169
123
-17
-236
14
222
156
-195
-61
-173
173
-321
34
-408
-119
-145
177
-329
-142
214
9
255
46
-347
-137
69
-209
-164
-84
4
-87
338
399
147
-245
-293
-20
226
618
-348
517
-435
184
26
89
443
157
-203
-222
-489
-191
-248
-24
-75
416
-215
-70
52
-34
132
-97
-223
-161
230
-97
-244
-228
69
-149
-183
-161
-131
-391
-74
102
268
-371
-102
-421
89
-466
-300
-158
-25
-260
35
-262
-147
-437
-176
362
-106
439
230
-78
248
-28
272
-43
249
-595
-280
-93
-106
-276
198
513
264
-401
-357
149
223
-223
243
-141
-215
-398
105
-72
20
-316
-95
407
-73
-162
-221
301
-188
-683
545
346
-105
-407
187
424
-97
-252
134
385
-97
86
-329
-194
290
-341
491
-93
45
247
317
-203
-172
-76
-189
-289
351
85
455
466
203
353
-59
-562
106
292
-341
-35
-676
27
-303
-29
-325
114
-53
-387
47
172
450
121
18
-526
259
-481
-3
596
-205
389
242
-21
73
-562
38
491
587
6
75
116
-390
558
618
135
509
245
-282
0
-279
-63
65
31
-611
-304
162
-135
72
-32
-96
292
-28
430
92
-300
218
-202
142
-206
-471
-388
123
57
497
-213
-65
201
-181
328
9
117
-333
-244
-162
-266
-302
-260
133
47
-514
-44
126
180
-263
242
-247
108
-243
378
-39
-118
-127
297
-274
-152
139
-498
-99
-347
-393
749
156
-179
131
400
-482
-551
-227
-210
298
134
222
-91
-316
-70
31
-16
-102
64
-87
-184
442
351
449
145
-4
333
630
-287
-265
-477
-325
-105
662
-105
-618
-303
190
-416
167
-245
144
-68
-183
-470
357
229
510
-404
197
39
80
85
-22
287
-19
-77
172
-29
-135
-73
493
-340
-92
265
201
63
-305
-404
385
-313
884
48
-463
352
-47
15
61
362
-289
-197
204
355
337
722
-84
221
-367
148
-47
-209
409
298
30
-123
498
-210
-460
288
67
-325
129
225
819
254
-211
-291
48
14
-179
-440
-104
148
72
-208
766
131
-463
170
64
-501
-17
143
211
34
-178
-365
228
319
-88
-333
-310
71
-279
-212
232
-140
-797
-320
133
-172
-384
334
-449
482
-16
36
-300
-153
-171
-157
-338
-398
643
359
-92
702
-147
-20
143
18
18
-216
-17
28
-197
160
-295
29
246
154
-138
-655
224
-142
102
-139
286
-285
523
-380
-821
61
58
323
388
-18
179
-28
99
-72
-373
-132
-538
-211
-19
136
412
-8
-227
325
-197
231
140
44
-255
413
-261
27
-279
-242
-228
-85
-42
215
-410
-363
-586
-120
-572
-25
191
20
694
-449
128
16
212
82
-28
239
77
-52
-148
171
293
59
214
-289
65
101
-12
-185
22
136
-253
138
88
-82
-181
392
63
-472
441
627
-348
-4
-46
376
495
21
382
229
620
185
-428
47
-378
-43
81
-167
271
178
-79
-59
28
98
17
-58
-500
-40
393
256
239
-91
333
361
-109
-48
-320
106
104
150
-99
303
137
179
3
-320
-389
-522
-406
-207
30
316
102
359
-657
-235
-696
-401
262
469
-156
-242
-244
611
-401
193
-8
-3
198
-114
227
-534
-23
29
-266
18
-115
-93
405
23
-103
-245
110
31
-135
-343
251
-215
137
-212
51
-301
454
-326
-407
-396
229
-128
-108
-98
-30
130
-20
-534
-23
-203
-203
176
-354
-129
394
-50
-277
158
-515
-222
-420
165
-343
-482
-499
-101
20
120
-115
264
196
-44
22
417
-256
-155
-321
128
-220
195
62
-177
-382
-83
162
-72
-459
-9
-99
344
-136
127
512
898
-42
155
-235
67
181
63
364
-345
-308
-15
482
97
95
-120
532
107
-182
258
-399
-668
-261
-197
-324
-293
-92
598
-275
-164
-108
-89
62
-222
-225
72
-189
190
-355
-970
-224
322
-60
77
-63
244
-311
-207
292
-272
473
100
-98
202
-456
132
470
136
288
53
274
-423
435
-156
-192
129
-40
-468
-307
151
-305
-299
-78
179
166
-296
-90
-523
172
-163
-68
-229
-286
211
-150
17
-791
58
12
-433
18
-5
-150
-159
29
-395
-158
475
63
-819
184
-324
149
-127
13
13
-271
163
119
-88
-315
75
15
542
15
-366
251
154
-493
-552
-390
28
344
249
-100
169
270
-130
402
-369
62
-221
60
-393
-227
200
-153
14
434
-158
456
-228
-40
228
-528
-47
-7
-200
-230
-65
-41
-47
-585
-50
254
522
22
-311
588
-267
152
-479
-443
244
137
251
-133
-458
-348
-305
-264
267
12
462
-189
-126
34
91
-277
58
-15
585
-383
266
158
-611
28
-75
-172
359
352
-203
303
-157
90
-10
-197
-72
-487
194
-512
-65
443
-11
21
501
-477
-495
190
-317
40
71
-189
-273
102
372
-332
274
265
-53
142
323
-187
596
-111
-565
3
-73
-117
399
-122
-2
-219
-226
-210
370
-81
-33
465
245
-117
-32
67
-99
-754
374
430
-273
68
220
0
-208
-158
-571
-222
-14
-419
43
-234
182
-246
254
-334
-296
178
-389
210
-140
278
220
-32
462
104
408
-64
-119
106
-119
-336
370
-429
-431
318
221
-290
236
44
-32
-114
-2
546
-178
692
-453
659
4
-44
130
-326
554
84
-11
81
-227
-200
-532
-414
-59
-455
-27
389
-89
-220
17
-281
51
139
412
18
295
-280
109
-408
130
-384
-199
-567
-360
266
413
-223
-242
-165
-17
-284
40
-724
-222
-7
-159
-636
-126
-346
-207
358
-190
69
470
-161
-347
-380
239
-412
219
-198
-127
634
-431
309
-180
-84
-67
-180
229
-1
126
52
310
-181
-141
201
-115
-55
-48
378
-126
-549
-133
263
278
305
200
52
82
210
-296
589
161
109
-45
81
166
385
231
-415
43
418
-35
-251
-302
130
-299
432
-446
205
220
732
60
-139
-46
-3
166
-437
-321
96
875
224
-360
-190
-246
-214
126
228
420
-685
-734
-337
271
-231
-94
-587
-298
-155
-54
355
108
139
-405
423
-348
53
-584
290
-231
-146
-108
-71
-518
-6
-223
-80
-140
-511
88
-335
72
44
-622
354
247
-186
70
-119
166
3
-286
276
39
162
436
-139
-118
162
-113
43
160
-279
372
-39
145
95
-58
-285
238
-106
264
532
2
266
28
-187
679
7
-227
-34
-11
-82
420
-76
281
223
-140
525
-423
-625
-6
-296
-114
163
50
-238
188
-95
329
107
85
-666
-65
-26
175
283
-53
156
-418
72
-617
58
-282
302
-262
-7
287
-205
155
459
-233
124
33
-183
-357
181
-183
633
291
-232
12
-256
-122
186
-227
536
-97
39
-291
155
362
-91
-354
123
415
-306
-183
-461
-258
54
-86
-270
228
-131
136
-196
199
10
-357
182
-159
-3
257
613
-154
330
-353
-106
31
-21
-148
334
-574
297
-330
-253
249
436
148
-85
-28
344
-159
-704
-11
-147
348
-730
-148
-49
-57
45
72
-150
29
-310
-376
451
291
159
468
-151
31
-348
102
575
70
57
-549
280
356
585
129
-55
415
118
156
-610
344
266
359
144
-242
327
198
139
-95
11
-406
-319
-210
-318
93
297
12
-87
-458
-199
-217
122
76
-56
53
210
510
-245
734
-138
-177
322
82
227
59
-678
370
255
-170
-491
359
556
-30
-769
434
273
770
25
-196
66
181
-14
112
-51
51
-123
-137
33
-47
311
200
-116
-18
63
306
-93
-230
-137
141
296
68
-322
87
235
-147
-471
-12
725
77
138
-236
736
-149
-14
702
352
15
-719
-84
-39
-344
-257
19
-221
260
355
96
300
61
-305
-146
14
-702
1
435
156
118
196
139
-413
117
-155
63
-10
437
-53
374
-329
329
607
184
41
257
91
-500
0
-75
224
58
267
93
374
390
93
109
-646
372
-249
-222
-365
-33
316
281
88
223
-777
-211
17
-347
-286
357
-246
25
-30
-236
-184
278
-190
-211
429
142
-152
-335
212
-143
202
-32
64
28
-175
-56
-74
-228
-329
52
297
14
-355
-204
-1
-25
-218
110
275
-20
-18
292
203
50
-252
727
-859
-497
-63
-77
-45
719
-696
-45
-23
-109
-368
138
-264
-102
66
114
-9
-659
-260
71
-103
-519
-554
-208
-523
227
-103
-15
-166
92
-460
150
220
205
107
-514
78
94
-207
-153
362
-134
-166
261
-333
174
106
361
89
-3
-375
-275
-669
-187
-63
-223
-117
56
91
197
-442
-350
249
-77
-16
497
-74
63
-576
-519
21
-293
-271
340
2
-390
303
160
-3
-35
-599
-212
-135
317
96
246
142
-3
-406
120
335
82
-377
-88
114
23
-159
-97
-518
168
273
-109
150
122
-231
-179
-99
-22
-73
38
-332
112
-221
-272
-80
481
73
67
-128
-857
-169
-112
-26
272
322
470
-464
-47
492
337
-263
107
-305
-601
-805
104
-196
-261
-51
161
128
288
-531
-113
455
-137
-46
98
430
293
-393
261
695
318
230
239
-322
-222
-35
-399
-168
-428
-38
-408
-189
31
153
280
-293
-269
-51
1
-197
-230
407
319
-242
46
-220
-429
-103
-579
396
-37
602
-559
472
202
-285
-133
-249
-258
442
-108
213
-406
-98
-28
-175
266
-463
170
-874
109
-86
213
-439
-194
-122
-520
459
327
329
608
-259
-17
88
181
6
326
16
533
417
-20
-303
391
370
-192
173
260
-151
472
77
-134
-203
661
312
16
-112
207
446
-176
389
289
235
506
346
-33
-349
-20
161
-53
287
137
-112
116
266
-390
-344
444
125
7
503
84
409
-66
-145
306
-152
8
-373
14
392
36
-82
-28
461
425
-285
21
317
190
-159
-161
-254
60
-16
222
362
-512
181
-22
400
368
372
-17
-48
-863
-256
-244
127
-338
317
181
-609
-171
-231
-160
68
-673
-32
-26
336
5
316
-354
-38
15
351
-27
-185
-91
335
-377
78
134
-411
658
176
-183
-153
278
-234
355
-548
129
211
554
160
-254
-67
-102
125
31
38
-51
-502
-144
107
-332
-565
-64
361
-95
132
-224
-57
387
391
-23
269
165
393
-90
-27
356
307
-421
-252
271
151
-147
104
-364
192
-55
-83
-38
8
-17
-551
21
-57
-391
354
222
-280
-249
142
437
71
381
-371
8
-459
-66
33
223
60
-58
-202
-764
-326
116
-92
552
415
-102
448
-304
371
-39
-272
-305
-488
143
407
-122
-316
-36
-99
149
-36
263
-475
57
-284
-224
12
-16
-192
-128
-135
-3
13
206
-387
-249
470
148
-129
-386
-371
459
263
-229
223
-338
169
-472
131
-44
342
236
-348
143
-144
-150
103
-719
-140
479
-325
-54
88
332
44
566
155
-248
197
-123
-96
630
-53
-29
245
-19
-342
-57
634
128
330
112
-194
357
287
9
-146
446
-556
310
256
194
186
-424
42
162
117
26
-342
-136
8
-116
187
-176
-331
-139
37
-177
113
182
-327
-167
197
-616
-14
-167
-276
422
-79
-391
82
339
-118
-122
-151
-302
204
375
224
-192
-79
408
84
-79
-96
595
-319
-497
-332
372
-210
-126
-177
-164
-22
-515
106
-107
17
125
-543
-220
-399
60
-252
244
-302
-68
123
-273
-442
204
-207
386
-298
39
-119
-343
493
879
-18
-652
59
339
137
-141
95
-275
-143
-57
-362
276
-436
493
215
-478
-192
-87
-484
134
-152
-531
-297
-5
229
-449
337
390
275
-101
-166
179
-201
-549
72
-534
-218
-345
-59
-114
314
206
-240
202
-383
345
281
702
25
85
339
2
740
292
-357
69
-107
275
39
-140
441
-299
-274
614
-497
282
235
191
317
-5
-36
301
-276
