22 100 361
0 5
0 11
0 13
0 16
0 20
2 6
2 8
2 14
2 18
3 1
3 3
3 7
3 8
3 15
3 18
3 20
3 21
4 10
4 11
4 15
5 6
5 16
5 18
5 20
5 21
6 2
6 3
6 4
6 5
6 20
7 3
7 5
7 15
7 20
8 5
8 9
8 10
8 13
8 17
9 5
9 7
9 10
9 15
9 21
10 1
10 17
11 4
11 5
11 7
11 14
11 15
11 16
11 20
12 0
12 5
12 11
12 12
12 14
12 15
12 18
12 20
13 6
13 12
13 14
13 17
14 4
14 9
14 10
15 5
15 9
15 10
15 14
15 18
16 2
16 8
16 9
16 15
16 17
17 1
17 11
17 13
17 16
18 3
18 7
19 0
19 3
19 4
19 5
19 16
19 19
19 21
20 7
20 11
20 13
20 16
21 7
21 9
21 13
21 19
21 20
16
48
69
75
44
61
21
91
78
96
17
99
7
52
57
95
40
87
64
12
60
73
74
19
68
5
24
59
4
33
23
55
97
31
28
35
39
8
89
72
77
67
20
94
82
93
43
51
15
98
10
58
36
41
27
3
90
50
70
65
11
80
83
71
32
26
46
1
9
49
2
81
63
86
45
34
29
53
92
0
47
62
22
25
37
79
88
85
42
18
13
54
6
14
56
76
30
66
84
38
-571
-242
-83
642
284
160
-121
574
-419
-573
-227
196
276
-372
-96
50
167
219
356
298
417
-285
633
97
311
159
-401
-203
-173
0
417
275
453
-109
-459
80
-211
329
-619
-146
-628
-15
-468
550
79
-794
109
-328
-405
157
-17
397
-634
149
329
-300
-411
-114
-336
-405
5
882
881
-141
-562
-395
104
346
134
-314
-304
419
-27
-67
-571
-639
200
73
-450
200
231
60
419
-378
47
242
279
-179
164
-54
540
-335
165
-286
246
-158
107
306
97
160
130
-294
-443
94
-46
297
-3
-478
707
-200
-152
-42
541
-2
137
638
-665
329
97
99
-23
641
-475
-1242
-263
217
-480
-3
-274
15
-295
-484
354
318
348
-184
-130
94
-73
-255
284
494
607
215
246
159
40
190
-153
-113
-67
-176
-197
333
-113
126
-145
-242
22
55
-663
32
129
580
-276
-70
-81
-726
-376
205
353
312
52
-603
938
114
460
97
115
-13
238
-183
425
-72
115
-528
-223
-317
-235
178
179
-111
59
-472
194
32
387
100
-212
86
-225
120
398
846
358
112
-243
-241
53
-267
-164
107
-500
484
109
95
75
-588
-501
-126
107
-201
-37
587
-520
388
-430
199
107
-128
-48
169
-243
73
173
514
-139
111
-49
-283
356
71
206
17
-403
-391
-154
-153
243
952
-316
666
9
270
438
465
-217
18
694
-569
-39
-291
-43
-29
81
-765
145
24
-159
351
1
113
-126
573
579
-217
-294
29
76
-183
143
-5
-386
2
287
351
289
159
-370
-88
503
-75
216
-326
208
32
705
-358
394
-483
334
-136
38
259
-59
-331
-615
387
206
260
-54
642
-67
-214
-369
538
162
602
117
141
-249
20
-214
362
-666
415
-442
465
73
-359
-888
196
90
483
269
144
-293
214
-135
-460
-93
190
-102
-158
356
184
187
-242
-334
203
-229
214
177
14
472
-9
333
-277
-253
-518
-221
875
-668
-715
-149
200
-37
1124
-105
-224
-426
177
-817
508
111
155
737
57
427
-179
-33
39
-292
-82
7
-494
727
-299
-571
252
-75
-196
167
331
-63
-165
537
27
-731
-363
411
-202
-818
-527
277
438
617
179
665
264
-109
364
-581
55
701
-232
-33
-486
-563
642
-666
33
345
-85
-48
-75
-65
403
-300
-534
398
466
124
469
-708
223
336
-77
117
-240
76
-211
83
-79
-759
-231
889
69
-103
176
-292
-599
44
-278
351
185
-78
95
-58
-56
-220
417
160
590
66
-62
-372
-153
-781
-294
-57
192
107
-264
611
430
-11
-150
797
-212
123
-394
232
-863
244
-600
-277
-98
-53
-634
-705
205
375
-50
280
185
-46
-466
-23
-121
-21
-846
118
425
-536
-159
436
-289
-602
189
28
-261
342
-274
367
-1002
-193
-323
266
-94
-155
-230
207
-268
410
52
707
-500
416
-357
-440
-92
248
-254
68
98
-16
-675
-316
-238
806
-27
538
-116
-354
167
-106
476
104
110
-112
184
-579
-16
231
-130
-291
-492
527
251
338
-207
-32
-650
114
-212
75
-1092
-263
-382
96
338
90
-140
-278
-667
490
-33
406
-340
224
176
395
460
-559
-41
-81
203
-410
-461
175
419
195
92
-332
-514
278
-721
499
277
257
-112
976
232
-215
-401
422
514
727
-367
183
260
352
436
120
337
-8
26
-22
-269
-325
-153
-22
100
-429
200
-139
93
37
72
107
-170
55
46
528
-126
129
-492
-292
326
-97
758
-261
-409
-400
-73
-165
27
587
-525
158
-94
-1048
-71
-102
-70
75
-390
217
-151
232
137
81
134
460
-278
218
438
269
709
-55
68
125
-266
-188
318
116
-248
-13
339
333
172
369
140
216
-198
-230
-353
342
-191
-62
-253
-648
-12
-149
761
-408
-113
280
172
539
382
-13
268
-329
-515
55
358
-287
427
625
569
-645
11
-126
495
-475
528
-239
-54
474
132
446
137
843
296
-193
-209
572
144
-285
-374
139
-746
176
221
-102
611
631
120
-216
183
630
456
990
17
-10
-565
-41
282
262
-128
267
-219
-217
46
-654
-178
-807
188
528
-489
-134
803
297
294
-411
75
-573
-123
-304
-485
-428
492
-287
4
862
-304
-62
-631
-125
-298
399
113
-412
-430
219
969
680
74
176
-252
632
-475
312
140
-269
59
-398
-405
-327
197
225
60
-849
-79
-46
-468
312
649
195
305
-285
57
8
709
43
452
422
-343
792
-96
172
258
-289
67
-705
138
-314
-33
-201
-45
28
-17
737
278
-518
96
-87
367
-332
-95
-463
72
-194
206
204
-566
-226
263
-693
652
-125
-458
363
-312
116
24
-273
-336
-117
-293
203
-212
62
-250
193
236
376
-316
98
150
-169
-136
664
415
147
1071
86
39
-690
218
-73
-598
490
-382
-329
910
150
-169
34
-427
79
-646
-126
-327
66
120
228
-286
-630
91
-49
188
-294
-588
-348
210
-252
335
-615
-132
98
-150
97
23
2
664
-724
-210
-256
-509
10
-307
-94
346
-195
21
368
245
318
-186
-144
-122
-2
502
510
-839
-623
-243
212
-100
-462
-278
-641
-239
232
459
251
434
-75
-507
166
17
-20
449
329
-24
-407
541
-324
-349
513
31
215
-518
251
-193
-514
31
158
514
506
-54
168
-15
643
105
73
307
3
412
-104
242
-429
-401
88
174
-303
-388
-48
-632
-328
-324
108
-216
313
-12
164
-212
-378
-246
768
110
352
-297
352
-343
-623
-49
420
-281
-67
269
354
-570
-435
16
502
-74
543
119
13
-408
708
59
-50
-702
59
-155
242
59
429
-488
741
-590
-28
-82
303
130
356
-77
256
297
-82
-40
80
220
-104
-495
-168
-623
-270
80
281
91
-627
254
178
-348
-169
74
-43
-1014
263
155
218
-256
-88
161
350
29
8
118
-444
25
255
-631
437
-320
406
788
541
-203
-133
326
607
-469
275
208
-215
-134
-239
-436
-79
-131
-25
-337
-23
414
307
-567
601
-206
54
-595
-551
-364
-247
-159
119
34
-124
-771
-204
680
313
684
-222
434
221
-397
558
-331
136
479
-288
-328
-267
2
-21
-30
112
-657
-430
392
-489
-490
532
258
-176
-130
217
-250
-1049
-303
405
441
636
59
143
-56
187
-135
89
-239
-225
-208
342
-56
-364
75
5
848
149
37
109
66
-143
73
177
385
-364
-129
-430
-446
655
51
256
-202
277
271
-722
38
-9
126
349
340
457
298
13
-75
625
542
-60
498
-14
193
-607
-327
-573
54
-14
86
-178
104
-79
293
226
-408
-54
162
-582
148
-442
-337
272
-401
-167
-396
142
-220
240
678
-748
381
-30
322
-37
-409
212
-495
551
423
176
33
-132
555
88
-203
-177
-108
-50
213
-348
235
720
125
195
-336
-199
-357
204
540
280
1199
116
-355
486
189
-360
111
27
-236
-636
-642
-270
-109
214
300
-500
-427
134
508
466
6
206
-36
827
4
336
-42
-200
13
-78
-426
157
-251
-58
258
-148
-329
169
368
-49
-144
-221
293
625
72
409
-599
101
343
-204
134
-290
-18
10
436
-418
457
-5
897
530
362
60
-81
-83
402
26
463
-36
338
-630
-38
539
-218
-62
331
376
-200
-356
-44
547
8
-340
372
146
86
307
40
106
510
-670
237
-31
-187
-732
512
268
78
-429
212
350
356
-333
712
11
-415
201
472
-126
-854
-281
289
164
568
-194
182
67
103
-589
257
-266
-186
802
-63
-137
111
-137
-100
-342
159
-173
726
290
199
-38
-162
268
72
-26
138
249
189
372
93
-114
-449
-314
-116
219
-250
398
-129
-64
-148
593
129
597
92
-227
28
567
233
-224
-155
765
228
-8
106
-267
-119
613
-129
610
-191
-208
-647
299
147
144
-642
41
279
642
67
-487
266
-51
116
-341
688
-131
-756
-295
502
19
321
-99
-385
211
424
-327
-68
277
-28
486
263
700
-154
30
-362
-49
-475
760
-652
-86
-596
-594
142
-461
-349
-54
543
71
364
390
-176
-245
38
-206
-363
-561
-261
-9
-419
-457
-47
399
-216
-283
208
-322
-6
-388
-624
271
555
308
-440
-216
-559
-147
-255
76
77
282
413
186
90
-452
440
169
-358
54
362
-41
89
629
-241
100
195
85
141
-34
149
149
-651
653
82
-87
-93
-70
349
-283
79
75
-351
228
-345
629
-123
36
-31
-192
-158
-158
-143
157
-339
-235
-255
459
-79
-47
468
137
5
525
101
586
574
63
-567
-195
142
-66
-375
-313
-474
-211
-835
-479
-264
2
-126
-615
-146
-285
-46
-3
-10
-194
-289
250
317
535
431
351
40
-144
423
358
-31
142
139
145
30
353
465
119
68
788
43
445
390
365
355
-494
49
-298
-215
-555
-586
770
-138
185
419
-184
224
-265
373
-102
574
-292
-159
24
-1421
259
-132
-13
62
153
-61
75
256
513
-132
-603
-136
-41
-78
-459
-241
430
37
-397
-82
441
-454
516
-166
-90
224
44
-86
236
57
-256
394
-221
44
291
-140
472
281
235
581
180
425
-459
-409
-516
-212
579
262
7
-12
-568
2
270
4
-220
33
-177
78
364
-42
-287
45
-1225
236
273
-298
389
87
-68
-112
301
604
-30
-71
-47
754
-70
-459
-660
534
72
-39
-234
-50
333
558
-386
-655
-57
119
314
149
-477
45
-142
120
-134
574
-401
322
43
294
-185
-344
-5
-522
102
1078
-120
-386
1406
53
96
-269
360
505
325
420
-152
-215
607
-355
-192
-311
-54
-415
281
-464
-155
-117
649
-351
-438
767
196
557
37
-313
137
-180
-95
54
303
-747
-473
-14
-176
-127
511
338
-546
50
214
-149
45
-285
276
115
-560
391
198
-380
-58
299
146
5
407
119
300
393
-541
-138
-215
211
402
-579
-623
621
405
454
-507
3
-725
543
311
-835
-55
788
124
30
22
370
174
465
-525
-264
354
-173
136
-541
580
437
123
501
584
81
717
321
11
-709
417
-269
-33
237
-168
-406
154
41
-418
80
464
-96
591
402
-295
255
-199
-212
-185
422
716
-778
707
937
-566
499
-438
572
-52
-223
-203
156
-612
-331
524
-907
964
590
-426
-196
112
467
102
-98
-300
161
574
525
775
-103
30
-244
-335
-187
109
471
34
-555
-263
-669
615
-270
449
-531
-22
-142
-405
-575
-378
63
15
298
674
120
-103
-556
-667
-61
-605
-415
-251
-201
215
237
-638
314
-412
570
323
-88
-717
354
102
-65
286
-193
-346
-99
235
-551
-285
157
-131
1010
-160
-673
226
-11
131
-196
679
-101
300
-469
489
282
18
794
-101
434
373
-298
110
-49
31
-178
232
-108
-471
-337
-250
-105
-453
-501
-141
-40
-81
-283
224
77
126
-8
-87
226
-219
80
697
352
-19
-503
-61
478
85
-288
-124
203
-46
-381
428
555
123
475
328
13
297
399
19
-160
-279
522
-144
-483
-2
202
430
-26
146
-296
-142
231
271
-75
-519
276
-274
-74
651
791
48
426
-176
200
-132
-392
-633
615
-339
-69
-313
341
-131
211
328
-745
91
158
-499
73
-20
-508
-41
300
-237
-136
246
492
226
-291
-187
-30
-371
470
218
300
-121
-476
295
-1027
85
-253
156
-427
1117
-218
270
38
-28
-153
7
11
-204
459
-8
896
-429
248
84
-182
152
-400
-732
-187
48
-156
404
277
14
-305
-566
-287
-244
30
109
91
765
68
-783
660
449
-65
-78
19
396
-137
-188
-524
-1
-56
-202
534
-61
-10
294
245
523
34
337
462
106
-425
-698
-999
-510
557
-410
-51
110
674
-438
344
388
-370
448
536
-432
11
-101
94
21
23
-6
-193
-456
-288
917
71
322
-714
325
-16
101
-483
58
367
443
-43
-290
-234
23
-76
-161
-84
-254
-5
64
-137
728
-275
493
-389
-509
-74
257
-192
-295
125
-684
-262
214
72
544
-82
-436
-407
637
9
-425
310
65
372
-105
27
-350
91
-426
547
144
237
480
182
-532
-414
-142
-153
177
-50
-90
25
21
349
-26
-570
-457
-28
30
304
-541
285
227
-211
-111
41
-325
-58
-198
-183
-258
-260
-986
-153
-77
387
-268
-813
-54
-80
6
-236
96
-70
-619
-301
-166
357
748
-605
-140
127
274
432
-370
-202
-558
643
-26
-252
731
273
-207
-825
311
151
-25
-204
-397
-94
-377
-645
-478
229
-281
197
362
62
-326
168
-262
-461
50
-185
-144
-68
-169
-707
214
23
-152
-113
409
76
-515
255
664
142
505
-337
439
-414
-482
76
289
445
-16
-96
-56
-128
756
8
241
-120
-208
-12
-365
84
163
-238
248
-319
-55
-205
-863
-297
-218
487
133
685
-30
521
-361
-882
-1237
-717
227
375
-452
-187
-149
202
-430
-605
-92
503
630
173
-300
-636
528
98
-205
379
408
270
1021
-105
-9
29
-43
-119
21
461
492
-101
-288
13
-88
-768
-57
238
-284
252
-85
208
-886
-100
99
69
-162
94
641
-487
-49
-582
461
222
115
-229
234
-296
-11
-352
294
-27
-220
44
-24
-879
-44
-248
-81
297
-250
372
234
105
-200
-232
-174
296
-90
-296
-120
-264
84
-333
-419
273
524
-706
867
-213
110
80
-351
-117
131
178
96
174
68
-261
-216
-491
-433
438
-167
393
-186
469
-305
369
408
-156
-574
-526
-290
190
-82
-155
33
-141
2
338
256
-92
-221
143
305
0
571
156
104
203
-138
332
-297
-267
648
209
273
-173
-48
363
-845
322
-10
44
-174
51
-121
848
161
588
-91
452
97
-53
-257
187
-150
-166
-561
99
-52
-330
143
78
-475
167
-277
178
468
-716
45
-595
-186
-712
-63
-100
-562
119
-473
226
-689
-145
-147
27
-514
310
71
-283
167
-688
-207
-221
682
-838
-360
245
-63
-283
-740
50
150
-94
174
656
-153
262
-187
-199
-438
-598
-356
21
122
406
-32
168
-34
806
460
-60
679
6
-593
189
548
-660
-114
-266
-5
-748
-632
-35
205
38
-150
595
-316
-308
175
301
87
-254
218
-615
210
-1043
-392
-858
-106
36
-526
295
-110
157
335
-438
269
545
48
-644
299
204
181
-243
463
-178
-700
-369
-203
121
-243
-750
567
515
-154
-4
-332
601
-142
-49
-460
-306
-95
428
-561
97
321
606
16
-878
133
-241
298
-439
-150
541
-443
130
-158
499
81
234
-78
-270
-247
-8
-109
-114
-238
-69
161
-92
434
72
-19
-141
419
180
127
-393
-61
437
-363
32
-304
-46
154
488
-17
-238
298
157
63
-268
860
37
375
17
-593
-139
313
-1076
282
-214
-425
12
707
-80
357
-505
520
-270
424
-11
247
234
-522
-617
119
-121
-1063
377
-307
49
-295
-142
-133
195
-437
24
16
-78
-9
-70
239
-459
240
186
159
-70
38
11
-692
-182
863
-31
-411
-6
416
532
8
-116
353
-842
564
-170
590
155
788
968
177
-584
-450
-913
-149
513
1056
-483
25
-280
-108
-294
-109
-648
4
226
145
112
-212
-657
-165
-80
-286
-247
158
430
-596
-465
487
-649
-337
33
342
-122
-470
-141
-284
328
107
310
-7
217
90
-425
-156
-536
147
405
-306
-50
170
-361
152
370
711
-81
452
-214
-99
-289
-82
-721
589
-363
364
-162
226
-79
-300
-151
-541
391
467
-624
-559
462
539
-82
-277
13
577
-279
378
84
-307
170
-155
557
373
-149
-129
79
468
-292
155
-192
440
-297
-206
-384
-25
-276
-228
274
-33
-81
133
34
314
-20
120
-293
734
180
73
135
-8
425
-63
-99
-559
403
-123
452
107
953
-171
-503
-419
235
26
108
-256
164
-346
121
-815
-42
144
-302
-500
-378
-49
605
278
327
82
154
-427
-484
312
439
166
227
-206
-228
64
-81
-348
-209
118
290
-575
393
75
326
295
875
214
-335
-375
21
292
186
132
201
155
-16
287
-311
-150
-67
-648
-288
-170
-217
-78
210
-347
386
-144
-335
-174
-239
-490
599
209
-451
-269
-157
194
-83
-98
196
-173
-167
-9
-299
-422
-124
450
-50
434
474
231
762
462
115
-288
-384
-34
-173
412
-270
46
-678
293
-147
142
-232
-197
-352
131
-288
89
-641
-171
-96
-50
59
126
-296
90
431
547
-176
164
-125
-539
270
683
3
-629
371
341
-356
-307
571
692
-279
-668
-616
-376
-63
-193
-583
387
670
139
782
565
-194
-549
-45
332
-449
-210
-86
726
-109
61
200
-225
370
66
175
23
438
122
763
324
260
-443
-396
532
135
-340
-832
171
-337
92
-235
-652
-172
580
35
615
-37
121
-418
69
749
-87
59
237
-80
-199
484
236
-558
-250
-25
-205
-728
23
-473
37
285
22
-51
-37
-464
-259
-509
-443
-276
138
276
79
-52
584
-340
421
432
-968
-139
398
329
-49
286
304
-310
-675
-136
209
567
76
73
-159
401
236
433
-2
-56
-427
88
744
-299
-474
145
750
-180
-177
527
820
-258
139
120
538
-11
-400
-389
-22
253
-43
331
110
145
-103
-324
928
724
31
-239
-205
-185
426
-8
538
-555
823
233
432
153
-85
121
-102
136
289
123
-494
-156
-569
-584
-153
-279
-620
-309
-275
-463
-7
-210
549
-347
-296
291
108
-141
-84
-595
-320
-286
-453
157
-159
-813
485
367
131
-374
-517
-527
144
217
-167
-365
-110
78
376
349
416
-54
426
-311
-389
-195
-304
141
-481
55
-427
119
9
-83
-699
-185
-490
81
-305
296
42
736
14
70
363
187
-230
212
805
608
672
227
256
93
-759
-235
-318
401
-102
415
323
-514
212
-548
468
146
-64
653
-203
-49
-298
199
-107
-306
585
161
-102
-4
416
171
-398
35
-235
-481
467
-57
332
-184
-294
-426
-137
-151
80
46
286
-506
232
-759
-562
209
-114
-272
308
-533
66
-159
798
-446
-58
-126
389
-321
-455
794
94
363
414
-206
228
-523
-403
100
249
294
-200
307
-390
-659
-162
-92
-173
21
-163
351
-7
-505
-742
-230
386
523
682
53
241
351
115
-197
180
-101
-225
-263
-288
268
-149
-215
652
-405
-348
173
377
107
772
-15
196
233
-741
-377
871
343
-74
113
8
-713
-186
-411
12
-63
-113
539
-553
-209
-425
268
488
-365
-22
237
-124
0
257
233
166
563
213
45
-684
-222
-821
181
217
381
544
150
254
348
-109
-579
-114
279
-115
-698
395
229
-453
636
260
-375
139
-52
29
291
257
-794
-484
336
161
78
-717
-418
-57
48
130
819
98
68
-269
-203
-252
-490
19
-135
-728
-20
-200
-567
125
260
1021
-86
-11
69
-357
121
-274
-985
-197
-72
-270
-677
104
244
23
68
580
-223
-405
307
-183
-758
227
323
-26
-14
-1180
-331
-482
774
180
271
59
-415
529
-355
-535
1204
637
-75
188
-790
-286
153
-461
273
-13
-438
-31
-188
-127
-448
57
-136
776
-79
-368
-340
458
-381
-579
32
-634
-128
-354
-18
489
-30
-473
-117
-81
-92
534
170
-255
-779
-91
-147
-101
702
-36
-313
-238
146
-38
733
483
-708
-332
50
125
-503
-348
-292
-126
-375
177
222
-278
116
182
316
-30
241
-689
-128
82
-534
-458
50
128
-138
-324
524
-350
-284
269
46
508
-6
42
106
-1103
-223
168
-633
-94
672
-496
-451
208
-346
-387
-367
-246
98
70
110
-88
680
-75
657
336
-219
-606
-51
-594
415
-621
558
18
-260
269
501
565
488
312
-110
-200
-614
-722
472
-137
544
-429
-223
35
-28
-69
314
174
505
103
153
-79
-308
107
-182
-81
-33
-288
-580
-1
-181
399
12
58
-473
730
-263
125
-96
-296
-10
135
-249
-370
373
-228
179
-162
-3
393
-172
-202
155
24
112
-123
-303
288
282
-657
219
94
86
-627
265
288
234
-402
113
243
641
-275
81
123
31
54
306
399
-174
-187
-552
-454
43
135
-14
-525
181
-13
-35
537
-221
418
571
-201
-141
359
-51
688
-42
-493
572
-215
712
577
-52
44
-132
-391
-71
-472
-199
-437
-248
134
76
-123
610
-43
60
178
430
-303
-147
177
-333
-574
-264
-861
174
179
-241
-1234
-371
249
-416
-92
-165
-65
-294
225
-188
212
386
23
276
188
-166
152
503
-880
401
306
-69
365
289
-62
82
-213
98
681
361
252
489
620
-377
8
-349
-604
145
94
-471
22
-477
-136
-182
763
315
501
128
-119
216
45
-217
-334
94
476
279
392
-341
-82
-875
76
-5
-181
-387
147
-100
-192
15
923
272
-19
15
253
108
-539
-471
-354
-150
-269
434
-179
397
-280
-186
-193
-654
-128
-370
-87
-58
-589
-85
433
220
88
-117
-95
-605
-489
-338
-291
501
412
327
52
346
-430
-813
13
-408
-10
871
202
293
101
7
190
543
424
-59
122
-200
-345
-195
7
-262
-525
-842
-16
-380
397
418
420
-328
98
16
-323
495
-438
-24
332
447
-492
-455
-228
814
66
221
-726
-304
99
80
-560
525
186
-347
-581
40
-776
-442
324
-64
-479
117
-132
-316
-413
227
217
37
-145
80
831
-117
275
-601
-206
-39
285
167
-343
357
25
373
-331
-467
-168
-208
-112
-27
-152
-177
44
-121
-542
-349
-324
4
336
318
-111
710
767
-121
-206
-530
-416
700
-461
235
-71
475
-231
-59
-354
514
198
384
457
-287
-295
-259
834
-117
-129
223
-139
-438
131
-236
-13
867
742
-222
92
-381
-409
13
-243
-561
407
0
-54
-322
226
-259
-306
-349
509
383
-733
-463
-234
-795
-776
-946
-232
237
180
-85
18
41
-237
-114
85
646
610
-507
-858
-158
186
38
30
-90
-809
376
39
-187
-239
272
28
66
326
21
-547
11
-217
81
704
141
60
-199
57
222
-232
352
-101
-390
415
232
-126
255
106
24
-162
-296
-5
-64
-305
165
23
-756
-54
264
218
204
-182
308
10
-56
1
-351
-77
516
-144
-738
-654
-83
-190
120
433
93
260
213
-83
-24
661
-342
202
337
328
-329
361
153
248
-355
492
205
4
112
821
286
387
4
610
55
389
-816
426
135
-301
471
135
198
530
72
-251
18
-296
256
134
799
-698
471
169
39
-166
-144
-382
-235
206
-121
196
306
-375
169
-1
-128
-758
87
-396
254
126
-551
-1068
-378
39
-305
410
-941
-73
338
43
350
-118
138
151
-411
-342
47
79
-212
-237
-480
-322
361
521
-291
271
-47
-421
-725
-495
519
-28
-314
101
-209
42
168
-547
-400
-282
-194
-21
-308
332
253
-25
141
-318
332
479
359
597
-315
314
484
333
81
-323
54
-50
-578
-368
433
204
-563
-447
40
-434
519
-64
152
265
239
-77
340
-94
289
-105
-168
-232
-253
-409
6
-403
-990
4
-118
-119
347
209
-288
365
290
487
-44
86
34
-313
358
135
-170
55
154
-122
234
12
129
168
-209
-766
-195
50
-172
634
7
318
513
-2
-266
-326
-74
-135
-49
43
179
206
96
146
76
534
-282
536
238
-216
-172
388
-472
-88
336
-34
-142
-763
1
470
276
297
198
274
459
-1012
457
-175
-35
-292
-319
425
12
-345
-128
239
-411
-391
238
175
-562
-63
84
-261
-536
-187
-102
-117
107
-447
-653
-35
-279
-154
-142
0
-262
-548
-137
-299
484
-164
254
-205
-161
251
-441
349
493
-121
-155
308
-275
-105
-381
459
-409
673
130
-366
90
-576
349
-99
-261
-177
-108
-152
-199
-122
-439
-165
-851
-377
-177
-504
-773
693
-129
-96
46
372
16
322
-223
-145
45
-532
-854
-100
-329
598
-70
-84
-83
144
-489
131
-267
309
714
-261
502
-637
-38
-186
273
496
-446
-163
-383
231
-406
-132
178
-214
314
-198
-622
-123
427
-623
-395
-85
-262
-89
-81
703
474
-781
-223
183
-444
139
289
-135
196
-63
378
26
-4
-179
15
-531
120
27
-255
400
-178
311
613
-640
722
-444
-336
-248
-591
-135
-25
-330
1020
-235
426
517
-47
-622
-287
-201
149
68
228
9
562
-243
518
241
109
-1126
245
-295
-222
-7
-257
-374
-541
93
469
204
132
-598
304
-526
309
86
-76
530
657
-73
131
-353
353
-216
514
1123
-485
-387
49
-75
749
-58
-490
-595
118
74
-374
-268
-108
-2
-143
421
476
-173
-448
-159
46
497
-298
-25
-360
-419
123
-273
388
-50
-366
-563
354
146
-161
507
-192
255
23
-497
-240
-57
-201
271
45
438
381
62
-734
44
4
-102
340
392
977
388
618
46
-147
239
-115
-463
-504
378
-454
-399
-316
40
294
274
-10
136
54
-156
389
-169
151
214
292
-156
-433
-486
496
-15
-160
-255
-290
134
-97
-612
31
-21
-594
-308
-428
183
420
-339
-343
-75
-223
257
-55
-85
267
74
-279
-40
429
-436
166
-1
-91
219
-764
-54
-360
101
115
-370
-183
-185
-231
-219
-212
452
-215
-28
-104
165
341
47
-274
212
249
170
-67
6
-269
-321
147
-235
561
-216
-58
-607
340
212
-289
-134
-828
-1033
-329
28
176
312
-752
-247
19
121
104
-110
-560
326
-81
407
-174
125
438
397
593
134
-599
-92
-98
465
375
110
-310
285
-612
787
105
127
-13
-133
-113
227
234
-123
45
-337
87
594
228
-519
870
454
148
482
199
-41
-162
-85
396
112
-41
-9
-284
65
-114
390
399
-45
202
835
120
-173
363
200
343
435
-1
79
-285
612
507
-148
151
-613
-270
-530
-376
91
-523
-322
44
-581
-466
749
674
-232
997
160
51
-189
381
708
383
-81
-506
-557
-42
230
-781
613
-192
-112
-475
334
-611
169
457
39
76
273
-59
378
573
-59
-235
235
-161
-411
422
660
214
-95
-443
-611
472
-341
254
30
-77
221
233
201
100
-157
-333
110
481
108
119
458
-103
-475
548
17
-122
-163
-126
-90
387
588
-23
180
-91
-328
-455
-280
-133
-237
240
483
56
213
394
244
-747
-175
-81
458
-422
-289
729
359
459
532
686
-522
72
-129
530
168
323
68
799
-434
-14
-148
263
552
529
755
-78
-206
-181
-214
253
307
145
-211
238
-252
88
-303
-550
8
519
307
-138
24
-112
-314
564
274
373
653
333
515
531
-166
-168
269
-118
-287
-24
217
203
176
-137
-426
-504
228
-302
-390
212
384
-143
-1137
-234
-560
94
255
-432
246
478
515
-174
-334
492
658
199
186
95
-214
-64
-156
429
251
450
252
-454
256
468
-330
127
56
-15
199
267
162
-327
-118
285
5
70
193
-171
-214
-605
-749
-205
-954
249
305
434
9
-282
395
369
156
-289
-420
-371
-542
-237
-321
-432
-297
-129
181
248
32
174
-415
127
-222
214
245
176
-664
81
-441
-176
531
-392
409
-462
293
256
515
-478
666
-68
-123
-323
-187
-228
-49
-401
120
-4
-175
31
356
251
581
178
-657
129
-281
-33
53
27
97
418
-154
632
502
-330
477
664
481
25
-526
-261
-273
-392
-116
-775
22
162
-192
-60
255
-172
-802
197
181
364
140
439
-67
481
19
-192
-43
218
8
-305
-232
-64
339
-103
495
-230
425
-312
-379
-86
-151
-843
-403
803
169
-38
185
-132
-389
-345
-517
-209
234
-43
55
304
28
-91
91
-83
395
-291
-79
147
-375
-731
-222
-506
200
-6
-41
83
496
-397
48
-294
195
247
-439
7
118
209
-22
310
150
52
474
-148
-83
-254
148
-210
652
-56
-339
136
1109
-229
-754
-536
-413
-68
131
-117
8
-128
-608
539
17
31
-415
104
-73
-476
-221
40
207
-440
-284
189
-196
832
-96
-448
153
-445
319
-251
509
-317
229
583
-91
761
486
-503
-337
-800
198
-45
-430
238
503
-34
297
429
272
-69
-154
-108
-3
449
-806
18
64
-777
-148
-12
-74
24
-490
117
-86
-692
-285
100
-149
-398
249
-63
76
199
-283
226
433
-323
17
49
142
36
-115
149
-494
-525
-223
10
437
-162
105
-548
-39
221
114
-278
30
664
-313
25
-538
-216
228
-299
26
-221
-131
-177
-108
131
236
-9
22
49
645
-346
-940
-90
-615
205
70
-182
-588
-17
-263
-168
-216
202
70
161
97
-165
-401
240
63
373
-632
288
-485
-36
676
-338
-173
-557
60
-384
270
69
258
77
183
605
93
62
566
209
-318
633
-302
-106
542
436
301
52
-564
-600
363
244
217
920
651
-472
502
88
38
112
1039
202
-48
87
430
322
-200
91
-185
203
-321
-281
-162
-292
209
-68
-105
317
-639
-273
316
-45
-214
-406
437
-105
164
155
-578
-268
-313
-369
173
-44
-444
80
96
324
237
-372
1021
-927
-519
-294
-193
-21
207
-71
-283
307
-83
276
-198
-931
266
-48
234
-31
341
240
139
-446
-151
-25
-452
-124
-129
-287
43
-513
-75
350
-663
-175
214
-125
183
108
-178
-226
445
364
226
-14
135
-154
237
106
-342
177
-111
-270
-318
-64
-251
62
636
743
-404
69
-19
28
504
-640
-307
357
-571
675
61
346
-527
-234
188
-71
-502
331
252
-1023
266
-172
570
478
-461
-78
376
-270
57
-255
367
0
-461
560
119
-35
1024
245
-102
-243
-574
-136
282
75
-410
-313
166
447
168
67
-68
-7
92
-204
605
-181
-651
302
-297
95
-330
76
130
108
335
-472
-192
4
-302
-32
117
-750
-375
-33
39
-442
-306
-302
-197
-545
223
89
66
-240
-264
-163
369
332
-149
-366
177
490
-170
-172
-46
-226
151
113
147
67
110
96
351
-96
-61
70
-266
330
15
-628
-430
512
203
-241
-48
481
437
-228
651
-113
197
-13
-13
-82
61
32
-295
-59
429
461
-397
41
-348
-57
-873
-24
-321
60
-367
557
-33
-81
-505
-351
-42
-393
-508
-676
328
-140
-129
-103
543
258
-65
629
506
-351
554
285
684
511
-221
405
163
-580
-36
557
-70
-106
-323
-293
-670
-49
-529
-807
455
39
-238
90
-825
45
293
354
-352
275
-35
174
-524
-194
120
131
102
378
-365
49
-63
79
-239
119
353
-702
373
206
-310
-784
-353
-151
-356
43
-214
195
-84
-148
-334
350
-321
310
92
-843
-246
214
410
-431
61
-78
-275
28
315
567
-12
680
480
-602
-834
77
-68
-508
-43
277
-145
-60
-292
328
-115
-445
15
-338
86
-378
107
371
270
-263
-243
-474
444
-985
-40
-293
-599
535
-194
527
65
270
141
23
135
-275
53
98
-299
503
-262
266
-598
22
-80
-108
-7
215
-262
82
393
12
40
-260
83
-654
-271
-186
18
-217
-288
135
138
611
-5
358
111
-192
346
-361
253
102
1
153
-423
415
99
98
76
-278
124
178
-731
662
-373
-109
-439
519
1
280
-22
-153
252
176
200
-83
46
-442
375
19
118
87
-681
500
168
99
721
20
-117
-92
109
134
-63
-286
-13
282
54
-822
98
-600
-555
137
-433
208
-292
51
-198
92
721
598
-33
-61
-75
971
120
-583
-438
-268
521
-240
122
-64
167
-134
-53
-13
454
498
-206
-552
-60
-45
-261
448
66
1
118
846
-594
-706
-212
660
-61
255
-255
-179
518
-383
127
395
-286
20
-338
-306
425
-171
398
165
3
-42
139
116
-150
-81
-107
-521
-440
-175
-160
180
193
236
47
146
24
252
-139
-472
-14
-728
-53
166
455
488
164
135
-66
773
-264
-223
33
-51
550
42
-238
329
269
-206
-178
-251
-344
-248
275
120
732
-22
280
-173
289
-209
495
-305
367
-481
42
-217
163
-208
676
-707
-769
301
-326
296
22
12
-287
-306
-482
390
247
84
-149
-393
52
164
-507
116
55
513
311
-326
-194
510
-219
672
355
-127
134
-185
245
-195
115
854
443
206
-31
85
12
-697
-520
446
-25
326
139
-226
-207
-384
-338
213
158
472
199
-521
354
-17
-875
-25
227
290
-156
-115
514
120
285
-456
231
872
-312
521
-634
517
493
-68
120
121
-332
322
-180
106
159
38
361
248
-13
-166
-561
-19
16
57
-1
-495
288
-15
-121
150
874
12
-482
127
-405
165
93
-379
263
-219
-359
-512
535
78
450
514
-59
249
-207
-234
348
4
-269
-326
-145
74
384
-233
98
-69
52
-95
619
-137
-57
-245
31
436
-459
407
-113
-311
-15
121
582
329
219
240
-265
580
-104
-356
488
-85
31
-701
-78
-90
-143
207
191
-291
265
74
-67
-532
-21
-25
707
225
-193
-273
138
-264
-31
550
-287
284
333
-130
16
-87
215
-280
-170
-458
472
0
-61
174
876
-182
-353
141
-431
787
342
244
32
-732
320
540
126
-385
-219
218
210
415
483
185
573
-436
93
557
-472
253
-209
-721
-193
284
446
-182
-559
-103
793
-2
-267
-114
312
-217
976
232
-186
-420
131
233
-224
-177
-321
75
-178
-451
-19
-235
218
-702
234
-182
465
-76
-527
447
645
-165
-17
-217
90
310
152
441
419
370
33
322
310
206
25
-599
380
448
-89
316
424
446
-128
-255
-59
-95
882
705
-479
-151
-52
-680
-376
-113
-220
119
-6
35
29
219
2
244
73
-448
-226
-232
326
108
-196
571
-52
-61
-71
574
-740
388
-418
-93
321
561
46
500
-303
-618
-235
34
17
-644
-620
-202
-141
35
-74
-163
-563
130
-55
109
-176
999
-269
79
145
138
-162
-372
-847
460
-22
-241
-495
125
-18
-120
-49
-117
-414
172
-447
59
-337
-180
-283
-205
-99
-49
-266
425
-49
536
467
271
483
-496
-350
101
-331
-95
820
571
340
-39
-135
150
-293
-642
-429
-415
430
484
-445
95
339
-55
418
-599
-785
-199
-250
-467
-100
-515
-221
548
547
376
255
668
467
-614
201
182
333
491
81
277
-136
655
-424
208
422
999
-427
44
284
138
-129
194
107
271
684
55
146
297
-687
-361
-144
-236
133
191
166
-186
132
655
-74
-36
-39
-154
79
-404
13
413
-468
208
-572
18
-56
519
618
50
-467
-301
-699
386
319
-508
275
-51
-144
-390
747
653
244
-149
111
-366
298
-560
352
-765
-190
-161
-260
-196
355
150
13
-471
115
-117
-13
633
13
303
-494
-199
494
127
-212
170
-66
-1044
-464
-759
152
-216
-190
258
-544
372
169
-315
200
287
-214
595
-364
334
333
134
174
57
-347
-349
-226
-649
-166
144
-131
73
-396
34
328
-215
244
185
302
-85
333
-728
-776
99
-33
-454
665
298
326
-259
106
-131
139
-11
-335
108
720
82
-331
247
290
-153
682
554
-129
-175
415
-333
-356
61
296
142
-94
-91
50
-304
283
-175
-237
-62
33
-117
145
-339
-48
145
422
-89
-23
40
557
-730
254
-99
-157
-457
-13
-86
24
473
342
86
-307
-200
-67
337
-193
310
-68
79
-69
-174
-283
-610
-362
396
320
161
-93
281
-175
48
162
479
20
79
-162
-50
490
-251
-509
-133
309
275
520
-157
-426
103
-384
233
474
-259
-519
102
-142
-514
-195
-90
421
-90
836
139
-56
-398
691
-287
102
719
442
530
-208
77
-292
-252
149
199
-711
-948
490
-542
-124
-276
-213
75
177
-242
269
-520
319
679
-254
57
-198
-555
-147
60
-200
43
15
83
-190
326
328
595
-518
407
286
75
-77
-266
68
-762
822
-257
-136
463
-242
92
-25
-198
161
-340
79
-319
546
461
-386
557
231
-461
244
-254
550
-92
-941
92
-126
169
694
370
-86
-3
-548
-68
-106
-635
134
-158
242
286
538
594
-58
39
163
55
-271
209
-208
88
-242
-672
245
372
140
111
-34
257
-232
605
-432
432
-160
-101
275
1070
-111
259
613
183
354
422
242
748
-19
65
-67
-227
431
623
146
839
350
7
479
480
21
357
72
-426
60
-418
90
561
-221
-29
-262
-182
-10
-586
284
-147
632
-673
95
136
443
-260
387
174
-128
455
-522
-296
207
-986
13
393
-198
-583
54
-31
-469
46
-362
83
246
-592
438
-164
100
-820
-467
-632
241
-691
-688
265
-551
153
-350
-603
-125
225
123
135
-348
274
466
-396
-300
-399
516
-281
583
-283
452
391
-322
-504
-613
1
198
191
701
-335
-23
265
-105
-328
132
-86
-131
-476
-211
370
-276
-197
-158
-372
-157
402
14
-105
-146
-278
185
-290
-177
674
-515
-23
-32
-127
170
-685
65
487
-659
-21
-39
-399
-47
-5
141
-282
885
53
603
847
-510
-131
476
326
265
-267
-243
-277
64
-134
-217
-43
-18
-105
-723
-213
188
624
39
-212
-118
25
75
433
-88
-334
430
-634
269
-83
126
6
108
-812
330
-27
187
237
-322
388
240
-618
125
-30
163
9
-603
165
15
-618
58
412
2
-287
417
207
64
-875
-152
481
143
304
25
211
-44
148
199
688
301
262
-402
-235
281
71
73
238
822
88
-218
-114
18
-248
-117
-144
308
-512
-158
-424
-573
54
111
-572
-125
-26
141
376
8
-910
180
-40
178
-344
-405
211
35
170
-150
-311
169
-116
387
-246
-55
116
539
260
132
102
-248
-88
567
334
-144
-322
119
276
4
-81
43
-76
-341
980
258
-261
-324
-39
-222
5
-740
100
-668
456
-409
438
305
10
-313
-690
-139
323
259
91
83
-185
-64
-97
-621
-441
252
293
200
-250
70
99
326
266
-387
-344
-455
139
-228
-237
396
12
-747
-416
180
-524
206
45
269
346
-243
-153
-671
336
-504
18
67
141
417
43
368
-507
4
-315
496
422
355
124
-33
297
632
-281
105
-383
-341
34
89
403
-163
280
89
240
-480
110
-195
-385
488
216
-23
-155
47
-23
419
-86
561
247
116
331
-84
214
-135
111
30
-85
-664
-126
-153
47
-203
-141
519
-301
120
38
-327
777
404
-272
-363
277
370
297
412
-207
162
874
-36
427
-40
-139
128
-482
43
-330
137
23
-140
-378
-75
270
24
-343
49
-231
-45
345
-267
-268
-456
533
86
380
469
214
-58
-738
338
28
-146
491
-48
-625
246
-189
-353
411
482
128
162
-689
-194
983
-28
626
-140
-106
178
529
-154
-135
-183
-277
318
-376
138
138
-111
126
-31
-50
1173
-222
85
103
4
173
224
36
430
-448
192
184
666
-200
23
-326
-839
-29
-847
-599
528
182
355
199
-514
419
363
-569
-524
-291
368
227
509
579
464
331
175
305
-125
167
72
-652
98
172
-583
467
-269
692
81
493
430
450
210
-118
-503
568
14
224
209
238
-249
2
-486
-205
634
-159
392
-176
619
-221
125
654
-252
617
146
549
643
522
-158
143
-506
-286
358
-393
364
130
258
10
-510
-489
-441
497
-132
217
-375
218
59
-513
161
-68
206
202
-474
555
17
-412
-683
72
206
932
-657
138
-166
375
-47
-652
553
87
-281
130
-131
-16
500
327
114
835
-333
-24
368
-254
93
294
132
22
-292
496
-148
-113
94
-322
497
-425
482
285
-475
234
351
15
228
187
-568
149
-295
355
194
-341
-96
183
-325
-518
314
585
-164
533
-318
115
733
43
-212
-54
286
-608
-380
557
-369
599
346
72
90
-805
-440
-191
159
-255
-337
434
269
97
-79
117
-300
-181
106
-23
-109
-83
-322
233
-121
517
-167
-537
-697
38
-361
195
213
642
-168
119
-288
319
170
-361
334
133
-221
51
57
246
492
10
-288
463
-52
71
43
153
-479
-452
-241
-657
269
309
-583
295
65
-253
-421
154
-224
-643
343
-150
-290
-406
88
72
384
-438
31
17
-300
112
33
-127
-381
274
878
32
286
-263
53
251
35
-120
-470
345
-425
-132
-168
15
188
-132
-13
438
807
-245
-817
134
-286
189
-135
-234
-472
-664
-336
139
-254
6
109
40
-220
69
193
437
-308
-131
-479
-618
-43
-290
234
-276
110
369
-406
-23
479
-127
-408
-357
-623
491
-14
-531
-477
-380
-402
-363
-170
-324
268
185
457
190
312
640
614
44
-424
-258
385
-111
-8
199
-133
72
-267
-431
170
152
-231
-262
261
104
-854
-616
114
171
78
221
581
675
-438
-283
200
-108
-128
272
-254
-244
-411
-324
295
406
146
-419
-137
588
320
3
-91
108
309
323
74
-233
-110
-99
264
452
-92
-124
630
-173
457
-133
365
203
436
222
-661
123
-117
-74
-207
95
-693
635
-210
552
-630
-251
-373
-465
117
-610
198
-7
50
-25
-579
17
952
-771
-116
174
139
-93
289
-91
90
-5
-313
-60
-298
-100
30
-306
285
224
-213
339
-162
-696
-132
-415
-644
623
-222
-248
-289
-638
164
-181
-104
-222
100
-684
380
275
269
-286
-206
-419
-78
511
458
106
111
21
183
278
54
-161
134
-129
145
239
-311
141
169
152
115
-637
-54
368
-414
-56
229
270
-351
-20
820
-157
-248
-701
364
-645
-96
277
66
-8
-3
-106
-17
-45
-298
-225
50
-377
-172
-242
386
-354
491
-313
-615
381
243
-811
-312
-770
45
-164
204
121
29
60
-340
-92
306
-723
-191
-311
-817
-689
198
65
-109
-241
-337
-421
481
-187
418
80
-296
268
-808
-337
3
-241
-605
-574
326
571
385
661
41
-158
256
371
6
649
-118
-37
-59
290
135
8
-373
151
-53
-212
-26
-274
-681
136
283
387
-651
-249
2
-149
16
-745
-328
-703
160
-166
-4
-620
-160
-514
713
714
57
121
-145
-131
19
597
352
131
-399
-349
347
-538
-38
-9
-103
-223
40
-6
119
-464
-262
454
318
169
-494
175
-33
-222
146
347
-184
-376
-267
355
-307
-143
-366
-294
-831
-103
179
-61
476
-145
-349
-156
-101
-104
237
163
505
-194
272
-272
-52
-144
-246
-33
2
-618
-81
166
-188
115
-181
129
-287
103
188
-305
-231
238
170
-13
130
-615
135
-528
34
105
240
-173
158
-374
283
249
470
530
-31
599
517
-863
-375
314
260
319
-932
-380
-94
16
-511
-61
-266
-88
59
142
-525
201
20
288
380
227
79
587
-90
-577
91
-564
43
375
-68
396
-36
177
-15
151
-178
-178
-78
60
-127
159
-1
-256
242
-115
-274
-170
22
-435
-402
685
-352
79
-147
-529
-62
-445
28
69
202
448
115
-365
-645
-417
-255
-253
721
-311
-200
312
510
319
503
317
-284
-202
965
-366
-540
-93
-192
44
-60
-572
406
88
79
247
-657
-191
-14
298
287
-9
-9
672
-273
-98
-1
94
203
-428
-427
-829
-82
-243
27
519
-224
-96
510
-65
-399
65
-80
-83
-259
-24
-334
-351
67
25
557
-40
-325
-188
-764
174
4
-55
-337
-123
-62
271
137
559
-32
63
152
-542
163
-295
896
-335
155
-266
20
-129
-165
107
436
330
-16
225
587
311
-335
-367
-134
-272
471
78
552
-300
167
-641
241
169
-137
-498
-7
54
809
343
-197
721
367
393
440
520
28
-72
-333
235
8
104
-174
683
-40
108
-92
-316
-47
-363
192
-208
-28
830
1193
-87
778
383
-266
105
-408
87
-86
93
157
386
-131
-82
-225
230
-654
278
146
-135
-207
-139
183
-14
-206
171
-462
-442
426
135
-317
-94
33
-34
-173
-114
109
8
1
-260
-368
34
-292
109
300
67
-781
-495
-56
-403
686
596
142
387
58
-265
140
-465
-127
81
-214
-255
-269
128
-154
265
-195
95
-61
339
-105
-142
45
198
-226
-214
361
361
-146
-233
204
-668
-294
-35
-404
299
152
52
-330
-440
506
57
-711
308
139
-460
101
-50
388
-159
826
647
-262
749
11
-41
954
-12
-534
-213
358
-96
653
221
326
-32
107
110
294
-267
-315
-1101
-76
98
555
-535
-322
-27
-414
11
-146
3
6
-33
-277
447
-268
102
-47
-183
197
133
26
48
-320
257
-583
20
283
136
-104
-89
429
-160
96
-134
92
-549
613
91
99
80
535
-119
44
391
347
125
217
-4
-14
-248
-419
-162
470
603
-326
-681
402
-183
45
-181
-242
200
-46
610
-64
-341
-812
-65
-127
177
334
-504
209
21
425
341
252
294
472
203
120
153
7
6
165
-125
281
577
100
-330
626
-3
-204
93
197
98
-1129
358
-19
299
141
519
126
77
144
602
289
-779
31
157
-188
235
-358
258
-54
194
-479
-433
712
-288
-308
-187
262
518
-202
365
-502
-221
-383
-148
-30
13
216
235
332
57
-238
142
-166
-69
470
-379
-523
502
-396
-374
492
214
390
-33
-316
-473
-113
-575
-101
461
222
-334
166
269
-30
-34
506
-83
55
66
-588
-282
364
779
61
-403
-275
85
59
-658
-69
-440
-627
737
263
25
-115
-17
332
-261
69
-677
177
134
117
262
-568
10
351
4
217
107
570
627
-597
-455
-311
-34
-329
881
-634
-107
-563
195
-232
-488
-389
143
-368
39
508
260
-147
-228
1015
-186
-35
-119
-1080
448
-71
-33
-783
-276
-438
177
426
204
383
50
-252
551
94
356
230
-373
-198
-245
-545
-771
-157
-316
11
218
-148
264
377
-433
-217
424
-459
236
424
-572
530
-743
301
156
-90
-235
55
48
-806
129
419
481
267
7
2
49
-87
-715
-498
-389
190
-187
144
371
10
-366
79
-194
136
-413
-40
-340
3
311
-195
186
-265
163
-581
516
197
-90
-130
-189
69
38
359
569
254
-413
-73
108
-520
348
-659
461
-757
-324
-502
-279
173
502
-538
52
662
-119
-745
325
352
-517
-140
12
240
-393
-668
-11
-267
-250
93
-627
-100
-493
-181
-286
99
41
-372
-314
-439
-99
-244
66
466
14
158
-261
307
965
-204
582
-106
338
168
-65
395
-321
212
67
-15
-435
772
254
-64
642
-691
437
115
-280
690
-88
504
-166
172
-386
-515
77
-854
324
335
187
78
-215
-1076
-156
446
-120
81
-284
296
-540
420
-66
-271
109
332
-73
260
-417
840
-418
85
420
221
-36
701
164
-625
348
-612
-378
-497
-431
230
-453
-91
-258
29
-110
-245
240
596
457
97
-136
-540
-589
549
-510
229
59
-268
-150
462
4
-557
-344
71
859
-128
-12
-241
355
274
149
658
-489
-419
218
713
159
175
384
107
203
-63
126
436
-147
205
-30
504
83
-330
200
-411
-155
-295
-766
-128
140
-711
-598
-274
-193
-208
-12
262
-129
1
-545
626
134
256
302
-169
-255
-221
191
70
190
-889
100
-457
385
534
43
-760
-215
-182
152
-156
-255
59
-631
-376
75
141
-213
-773
118
-586
756
75
70
-501
152
595
125
443
136
-248
-71
270
602
278
-104
576
-590
-623
-726
185
-37
-113
-249
444
-209
-250
-46
-442
-36
-270
-184
-399
-262
688
242
-19
478
325
5
204
-119
-69
755
-149
203
-538
-632
-81
-364
54
-307
-1183
-516
-47
-134
92
-256
580
-277
-603
62
490
-115
-117
193
-446
860
14
255
655
-496
164
51
-234
706
-292
-70
593
156
416
-234
650
-389
-38
-54
47
919
-355
420
-572
243
19
-42
-142
-309
648
57
476
6
1001
-107
176
-71
431
400
609
62
372
-142
-78
251
335
157
471
176
57
362
-595
363
11
387
-768
681
41
163
-51
304
-399
-145
-76
90
149
803
139
381
44
-103
-272
472
258
401
624
338
322
-135
-565
80
-355
-330
-679
-403
-230
77
-99
472
-543
460
351
-357
480
427
-314
-277
447
649
-251
361
64
8
-47
101
24
391
-209
-389
-398
118
-367
-61
173
-384
-407
10
391
170
17
-584
-589
-356
-239
-309
242
201
-281
295
364
153
704
-72
259
52
323
-272
-566
225
-179
213
-562
235
636
203
143
522
-473
57
575
-609
394
-21
-155
91
-46
640
-230
-508
-83
-177
401
-221
-161
513
105
-10
387
202
-150
-354
-277
21
-150
-25
-297
-647
445
46
139
-126
-582
-97
60
293
170
-348
-628
-133
330
-569
-508
191
-361
-667
16
392
335
-779
-692
-625
94
21
-190
377
-355
-44
310
-219
-224
-225
746
180
267
64
373
-79
-315
465
61
15
739
49
493
9
629
-532
474
-555
-462
-420
-107
-13
41
675
-87
31
117
-78
-157
600
-282
1113
142
138
40
20
473
-425
-106
-155
-564
187
555
-329
568
249
-302
-408
-337
-544
-209
155
-563
-134
90
-482
-422
-87
-290
-45
193
218
-443
291
-266
12
-405
-9
501
192
198
130
299
508
423
-88
45
80
-176
370
712
259
174
-303
314
468
-242
-107
139
-507
1
-77
125
-329
703
348
-339
-410
-429
-176
23
538
133
15
-467
643
229
-852
491
578
343
178
622
191
19
-510
-739
139
619
221
553
-23
-417
-214
-135
-74
-329
-753
-96
-54
-199
-445
18
-518
-121
-260
448
886
-247
-445
238
-337
493
57
400
1162
-61
426
-429
155
69
515
-10
976
-301
113
126
237
363
839
-220
625
-3
100
-109
794
615
-266
182
872
-431
-95
348
-452
211
-762
146
-472
-256
75
-346
159
-219
-438
-291
345
159
587
-326
-400
316
-665
220
461
-367
533
-720
334
930
-165
661
-330
403
144
251
455
3
113
230
989
68
154
-322
132
-222
298
131
82
466
636
-313
310
-406
-356
41
172
-334
115
-245
191
-117
26
-215
409
-565
-131
-576
-497
-152
466
390
-569
381
-134
-197
429
302
-521
-89
186
145
-204
671
867
113
-466
162
-550
617
-26
149
552
463
216
754
-276
197
97
-1
-119
-396
-99
145
45
38
-453
158
-35
160
-686
-277
-368
-78
44
-825
223
-458
-148
1198
58
162
-221
658
172
-56
313
598
-520
51
111
844
-22
896
173
-219
673
-688
365
161
677
-38
650
10
-390
116
-1012
462
-615
-465
-131
-276
170
495
202
-64
-137
13
305
73
-19
-725
531
42
-478
-58
-290
133
-91
93
372
65
-92
-622
-238
-411
144
-430
-330
399
264
718
-393
-214
-494
-151
67
835
225
-26
118
545
510
-709
703
0
6
-51
-136
95
-44
-357
117
393
475
-91
-176
14
29
90
499
355
72
-635
-104
-123
-201
494
-227
10
-101
66
248
11
429
-2
507
-152
-734
126
206
282
464
-3
73
114
153
911
670
-309
-76
-488
288
308
318
-113
424
115
866
194
-168
-551
287
-209
-80
275
418
-375
630
382
156
-143
-259
235
-271
296
56
352
-323
66
-87
498
-447
105
240
-291
-239
-206
-488
263
-9
100
-428
-375
-579
287
279
8
238
-629
-147
482
64
-154
475
-118
556
-53
-419
-140
99
-249
375
-102
491
-56
226
-459
-54
-154
208
-66
-319
258
-358
-113
612
-117
-366
-858
-445
-622
682
-393
558
-568
133
-32
-19
-245
169
251
-309
3
640
65
101
675
-208
267
-406
371
-17
-724
123
-29
353
-782
170
203
131
-302
-139
-178
79
317
107
-123
311
-265
-264
-348
-566
-167
-187
-461
200
422
-435
-23
-58
396
-301
30
205
826
-67
463
-393
7
-263
-64
147
-672
3
146
-584
-488
-605
273
825
-280
345
541
85
215
-486
270
559
650
-592
-295
-304
-614
-213
-225
-296
226
78
98
393
349
134
-353
-246
277
125
-537
-305
-492
-27
538
-287
-169
-581
-495
390
-313
181
-630
-287
492
-2
319
-70
454
-41
-4
549
-286
-624
-325
51
-341
52
-96
560
162
262
-534
413
-173
-504
949
489
-18
411
-62
264
855
-253
263
4
-504
232
209
203
153
135
-193
343
-16
4
-206
-6
-97
-56
12
-465
-194
295
-163
-150
122
106
27
138
595
390
322
-466
351
139
-167
-148
-364
-237
340
13
38
-624
-68
173
-422
-167
-533
165
365
207
-189
-370
697
-320
421
271
-68
-600
-174
-96
-188
-269
-990
356
221
-218
393
440
-541
95
473
-42
165
178
-142
401
-443
202
-149
517
252
-224
-87
-744
722
55
86
-409
215
574
-446
11
270
-80
509
-203
597
-401
519
-98
183
384
1
-295
-131
-59
-286
-122
-347
-393
185
-359
-117
146
-417
547
501
-65
167
716
274
-35
259
141
404
172
156
106
-364
-704
71
422
-247
332
617
107
-869
174
-246
672
81
24
-14
56
304
-182
-374
-228
-540
421
-252
86
-403
-171
171
-661
-262
287
-258
-444
187
113
266
193
127
176
39
1185
-168
618
-285
319
-20
-239
947
310
72
221
-131
-380
-234
210
-71
-171
-192
393
46
-257
94
671
-578
154
318
25
0
160
-359
-57
-66
-40
-91
151
-154
-196
-328
93
17
-29
102
-101
-9
-25
733
-7
-110
-299
281
336
144
381
58
439
-401
128
256
647
61
26
342
10
425
316
216
-146
229
457
-164
250
655
-182
255
420
-58
-699
487
66
-677
296
-93
532
-418
-556
122
-462
-174
414
-684
-338
339
-102
-264
46
-276
45
277
45
1044
1003
326
-132
-290
-194
-576
1
-501
-688
-471
-75
-111
40
83
-410
471
-1064
104
482
-51
675
491
500
-176
331
-648
148
61
237
42
-266
224
477
-96
18
-389
76
144
-823
369
-432
383
101
-93
-902
558
211
568
293
-18
112
-609
341
-252
122
-250
-217
373
80
-779
638
-45
370
23
-58
-853
-501
81
48
-60
-545
-310
-483
46
95
199
225
496
341
-129
117
-670
-65
322
184
699
-6
-574
35
418
28
206
-128
62
351
395
-239
-348
635
156
237
5
56
712
-61
-111
-142
-57
61
-299
-465
9
192
402
-395
-110
-369
-3
271
-90
-236
561
-346
436
-393
77
-270
-45
130
375
345
312
-325
133
217
-398
101
521
-382
-194
-350
366
108
104
114
192
-130
246
-78
-375
-493
92
-317
-635
156
499
393
55
145
437
-603
80
-242
-865
125
-357
262
-212
60
172
25
-228
-149
-235
244
97
219
109
193
112
-570
34
-167
226
403
-318
-141
-199
303
-55
-143
-341
-463
-80
200
618
-8
272
-129
-356
-104
574
-17
-469
264
207
1241
-134
-444
-388
-299
708
-414
926
-143
663
-244
-362
79
-372
254
-460
-227
473
-20
14
-179
540
50
71
413
-371
-314
28
-622
131
-172
-69
-120
403
-418
532
211
160
-268
-124
256
-672
-82
-66
-540
665
13
-477
-588
-347
502
-36
686
301
216
169
206
712
488
-149
-194
-327
80
-14
88
351
37
-264
-49
810
-584
-300
384
389
311
-94
-344
-94
140
-168
-521
-91
140
85
519
-369
-212
-201
-41
35
1044
