30 5
505432250304010404350051100204
015002411300005050510034000003
132030420252104010550200000052
504004530410232122023300055212
101030150550540533200000144100
201000500130005420002104140300
230102003400101151300121003502
040002400021010503100410134500
010004054030031025150253340320
154203221504040000200530130000
000053404505202423420100011504
232023032004010030040000023302
113500000130403520304121045000
000032240143234004050300210055
035450353304355001232210305004
135031100030102003010114020444
301403231403040205300010041000
020400024030150544500000400000
020230000015140201254024003044
030520105540055201005053001013
403500040550110400000045054133
002450000210020000100525340400
435210540051340001310100442500
013001005203410044210554420020
002351040203050050502002220200
131051035000020020220440010301
550010000343000005144005024200
500020003020233300020040130053
500440401023250032000015533330
045140015202430300420230515044
