30 5
305013202104533100030000024400
001101010320204204123210210332
200420440042042020440302001440
040131100051054403402340401452
402050050050510404105240010131
500000433050005012100503014312
000301220022000245053004105500
312010411000000400400040503000
230022001030000150000001020014
242330022220050401230000203040
304201040152315015251032401040
152000030000500543240400233335
300042041500040050000010400305
043050552502010554004121331045
325050505445331110422030015001
240122010301415350005000510031
252003030534321200050245540502
235000415340050105002200004531
103405004033153000005013143000
430400000202050003000550440400
100050000320100531020000200443
314553003250040105300514040010
030004001015250200001050525320
042105351033400010511403230020
001040320035012321004540032150
210300020100040330504343331001
550022000000402400202203354430
010500003440200450350504002010
301253100135005032030040004030
024004050200200520050140512115
