30 5
503243154345322403103500054300
403410002050005103200230110100
020052204050210011300040000034
200040142004003003405002000401
540311203025012042301010002104
025034002003040010501312045130
511300005000321005500103014014
510024304404010350011020001122
401000201024102030130050530001
025135500050042021400405343200
520000400015040202500242050350
031003000120340200120005105533
045315540050404000200052115000
311122115354000000443100024020
031011402503250030005500300033
500501030000302303050201003310
204450500344402535422325422030
404042343114004002401010000425
055000100024540530011030352303
100251010535300555003302225000
003140000140050340513055003032
210005100440005022000330401000
040050514050051000100213041310
000524530205050002242010050330
034300300000400130054200532425
232400010510301500002424225455
035050300004434020004352441031
400051200200200423000150000143
014004400130305520100124041000
002000302240300104130204045022
