30 5
025000400022035244024400424040
405050112340210101005400000334
130250124410031043101020010502
543001524302034004500052005000
301202000340055042035003220000
031005053003100033050335443300
204043500200152455551230040212
400110230100201202051505300055
120022241104051400430010140051
000000240050201110454504030050
053031002545424550003020041000
312100502013332210031000504020
151450045010024000504400533100
020320353015103000010200102000
401210231510144000024040035024
402405242135000322240540503124
031223003050004212200305133000
041400304013200030000105003301
003025000403304053004220055050
040330540405035000043504240000
000030450540010105040005032303
305520012201002351315003241141
203041302000401020004325010105
031530010301000430030000405302
000410535202004032003530531010
031030000214010050000010050040
500101351000002514213024050000
102311042020013050000035000003
043050040420251450224001440304
235055000540012220140005020104
