30 5
343002100453310002211102030503
504154054202022145035441040031
501400300402021154352033204353
004100054030055450000300432300
000100404200040330030440500400
000012530403100000013540140530
000135050000040012224120030003
040340000050453001025000000013
551403240520000305423530542202
000320054200000425044435054000
051200005030553002030230121020
235001324434330430004010510400
024501002004141240032031000040
511004322425114032411005235522
402242004300021241155031004005
510545034205503033055305024020
400304001303340120020020452102
500200453221103500404000334553
040020051510023310030135040254
002503112020150130530410200300
010102504200000000102252135000
200042000500043200300552000410
052000451100540150010100500005
030100040203042140004100400310
002103023050501002001000013304
052200554000120000300213050031
043201051210011011510050021111
002533002030005100510054002430
000002200534134000400014055000
010303440002004104130532015020
