30 5
151100550030105150501200441422
054000110544401145010000002345
003000404420325323012034040030
042510120234210430425405045002
000042302002100440003504204033
530400243550040114312150005312
020005510030001115054300005500
230000000044234100003002105051
013030003050500030113402530140
402030555052023003101301402122
433120000430200030500250002153
022005021114003003100343000052
000020033030050004503430020003
252021013313000054141403014000
504003024304035401500410141100
020000040000504340410104331440
130345300023005004020005050020
403542000000020302013540302102
400050000301544015334000000000
000302002004502052011502050010
005400300001453300140300502420
520244220121125300020025045550
101405121032304552400005000253
055333004000205250000135000220
133000000005030050450013300112
010052501001010100323300050010
035354200013101000001101114000
100440320404220241200504321025
443210200021504055540245202540
300201024544035400530102230200
