45 5
005000000000100020005123005500005030200000000
000000020000000400000000021000510000012000000
041000500000000240250004000200004001000000400
000003103501050040000500400004003200000000001
023000000000400000010001000300400000300000300
000000050000000200403400020043000500112000300
050010000000510000000500000100002002500000000
504000000054000000000100005020500200000000000
000100400100004000000530000250002020000014400
015140201000000033002000000000001040302000000
000042040000200001100001001000002000030400205
200000000500300045000000000000300030000000000
050443100000050043300030030000000002420000050
000101300300000003000300542340020330000000000
003000400000000000000000000000002200405500005
100400000000300000400005000040100500000000000
500000004000004000300050000040003000000000000
400000001000000100000051002000121000002102200
050100000000020104500020000005000002045004003
000000000040002005000000040000400050000500040
100000004400000404000500000001505040001550040
500214500500250000003020100004040500310000000
000000000000130020000004000000510000300003000
200000000202040010000000000000010000403014050
000050200005004010200030400100420000050003050
012100400030000003000000000000500514400300000
020050000000030000000000000000510000010004540
001000002300000000010003020030000000300000000
300000000400140030000000000000000001000010000
230000300300000000030020000000005000000103440
000420400000500100000050000000000000000000000
050403030403000001015030242000002300012250020
002000000030000000000000000010001000033000340
010000000000045003030000000000000050020040000
100100500000020023500015203301000000540003003
000000030000200000010005030000053200500100000
111003510030002130205000000000202005045010000
002000004300140000004000400003005050200000002
000220020020000020000000000400030002050400230
050000030000100000020000000200002200000000000
000000000003005000312000000505000050001000000
400001331000000404050000500002004000340000000
000000000000001000000044310023010000050200300
000010043040105300000010000100202050400012000
000030034000000000000300050000020100000000000
