45 5
004000040000200000000000000000000000000000005
004000000020020400000000020040400011000000040
100003000022050000003000301003005005101503200
002000100000300005000100000000200000000000334
540050002000000000000000040020200310030203001
003100200000000300500003003100000500520000002
205050502003000000010000000050000012030000000
002000000500003110103000001010000000003000020
330000000000202005040000000001401100300404000
000005010050000000000000000000051000000000301
000002100104000400200000000020000000020010204
000000400000020015000400000000000300004000001
000040350004000010030004000000005000350000331
025000040040000300004100030002402025030054040
400000100005000000001443543503003000020001003
200403000100000000400000400000000050100040050
000000002450500004004000020043000000502203500
200003000000010300000400000000103040440300010
003000300000000000005000000030300000300400000
001020350000000002000000002401001000020000000
040000000041100000000020200050031050200000000
002023202050403000020020000200000400000000003
001300020000200300043005520404000000010504200
000000000000000000400000000015000000304030010
010003000000000453251003052000000010000402054
000020424000011300000500000000000000000040000
003230000035000020000020000050000054000500000
440000101500000000000000040000030000000055000
000500000400500000000000000050010000020040000
030000000040051000010210000550000001000000005
040240530000012001000000000000500004000001350
000001000020000300300353041000040003500000300
000000000000525010005000000000000300000000053
004100000440000000055220200000050000201000010
000203001000210010320000000020000400000000004
005203050105020502020000400000000130040000000
500403050014002210050000000000005000000000003
001004000050004000000000040000100000302000000
040040000010000000550000000000040033010000030
100000100000110500002550004000200000000000100
000000000000040230110011050000000000040000000
000030100030302000000030000005000010030000000
000000010000002020000505400100000010000400005
500004000000004210000000052001202000033500300
000000040000000003400005025000004002200030100
