45 5
003301000000402200004500000420000000050000000
000000300000430000010000520400001000000040002
125000000000332050000000000000400205200000000
250000000010000143003000003055000300030020521
000240050050000400005000000030200040042401000
000000000200000305004000000000000000030005000
000113302050000010003000003000550001053000000
001401400504200005000050001101020000040401030
500004400020000200240221000240000000405400500
001004000402000000000000400000053050000000000
005004004000000053000300400040021500000000000
130000000000400005400343100005410000020002000
040003100500054030000233300520000003000000005
001001000000000003020000304004040000032100004
000400100300020004503005000050200000000005400
000000005000000400200000500000500030000000000
100500100000000000000500000400003030000000003
000000005000000500000400000020000002500033350
303000000000050000145000000000300005000450102
004000003003000031005000000000010000350003002
000005030000400000000020001101200010000540001
000000002402200000040000000400020000504000000
000002002030000305000200000000001000001000004
020000000010200005000000000004005040003000000
000100010300000402500000000000000050120004000
000000020000012020020020401000050001502000330
103000000000000000000000000302000100000000000
200000043000000000005032000000402024000002000
300300000012005010200004040101000005000000141
000000304000000020000001000000003500050000000
021500000005003202000201104400002503000000030
030000100000010400100030000005503030011000000
000050000000000000500000002320000200050000020
000000005040000200010000100200000040015000001
005000003000000021000000304001000000004000400
000000000000000000000500000440020000500000401
240200000000000100032100000025003000000000000
000400100000000000300030050000005003010030100
032200000500002000201100000003000040040040000
000000400050045000020100000450000050020300000
000010000300000000010000030020000500000140010
000031300005000040000000101030030300000300010
500040200003015100103002000400010000001000413
400001404012120000300300100004050002000200500
000000000005040020300500014020000000000000050
