45 5
300000004550000000000000200000040000105430000
300005400000000001001000000000400030100003030
210000000000000000000000002000100500000000200
040400000010400402000001000050040010000103002
300003001204000041205000230300010002005000000
000000100010000004514000300104000100004002000
000000001000300050053200100000054000201000030
014020000000004000000340000500003020000010300
000400000051000005300020400000000004004000100
000300110000000400020010000300500000000010002
400004042030000000051000002500001300010351200
003030020000204000000100000000302002000300250
000000130020000000000003040000000000000100010
000000000050002203003500050002005000000000550
000000000300004000001000045004001030000400020
000005030450000000000400000000040000000000000
100300320020000031005330005001000000000000054
003000300041004000104000102000000000000000002
000034000004440030000000000000001040030000420
000000010030135000000000000100000050000030003
000432500100030040003000004004501000000000000
350002050200000000000100045000000000001300000
400504005000000500242000000330003040042005000
000000502045005005350010020200000000000010050
000000000000000002000000400500200301013001000
000000000010003005300010000000001004200005301
010000000022000030000200010040200000300200000
030300002002003000050025005000000003000040000
000020000000400000000420200000040540050000010
000000002002000000050000000005000000200000000
000004304000000030030000430000100500000000500
030020000000000100520040000100000000523002300
550020005000000001040000300400400051000000420
052000000000500540000010030000102200000000010
020010055020000502000000000000000025020530200
001000000000300000000500020203000000100000040
400000005001000300020000000000010030000001000
002033004005440002000000300000002200500000102
000002500000400001000004005040000200000003500
000004000003000500000000010045001004000400000
000350043000020012510055041001000000420014500
030404000000005000010000001005000000000300520
000000503300101500200200000004000300022050210
000000005044101002040050100000100020050000050
000000001502000303402000000340010030001304000
