45 5
400150000000103000020100000002300000300000050
000210000403402000000100010004000000000000002
204000000200050004004000000000000105400103000
000000020010320500033005300040031000020240200
000000100000000130000000000502050405000002300
000000000530050240000000454000050002020000010
520030000000000000000050050001005000003000003
004105001000400004000000000010000002045400430
050000300503000000003002040001000030200005000
500005000000020050000000503000000000000340301
024000000000000040004303004550000000000000030
500000500050000000050002001020000004035340000
000000005114010003120000000000005510000050100
000000000102000031000000030200000300100000000
300000400052010204020000131000020024000000500
000300050400004100000100400000005030042000033
000004013000403000001004000000001000300000000
000001000020000000000100500002000000000000050
040000000000000404000005000000100020402103000
050000000004500020100000000030555000000120020
000030000000500000000000000200000253000503000
004001000000220000000000000230000120000000000
003312050000000000020000000000002034100000000
010000004000005005000410050544000050024040001
000300000000002100050500000000005400040015000
000000000020000300000000002013020001020000000
000500000000000000040000000000000200440000003
000020003020005005304000200200020101000000200
330000500000050030401000420300000010200000050
020001000031000200001000200000440350000000200
000020000154000000001005005000004050200300000
200010000030000000002002000005000000000200000
030000000010045030400100030300000000430000420
000041010504000503000000010005000002003001000
404303000200000000042000000010002000040100000
104040000010400053004300000040005100300000420
000000030000500000000000102500000420000035003
000130000041000000000000043000030150004000102
000200000000423000053000050301500100101010000
000000000100003000041003300002030500000000001
301000000000000100002401001000000000040053200
000000000004001000200304321000000000500030100
000000000031004001000001300004050500000000203
000500000440000500052000005302000010202024000
000000004400400030000250020000000105040400525
