45 5
000050404000001000500300000304000000004003003
000002300050000000400300031200000300001000100
000000300500000400000000000230252300000002240
020000100040500303030000000000100000040000030
004200000400000000000002000400010004000030150
000000000100035040000040000300000010000050000
005410050303002003000001000000300500100000010
100002000530000050501000001000000000402000000
000000400040010000000000005200100224000000000
000001012000003052420400000000505000000300200
002035025000000000000530000000405000005000340
020400004012000301021140004450000000542050100
003003000003020030000000000000020030500040030
000015000000000001000015002000000040402010005
030000500020030053040200102000000000000000003
500000000002000000400032010504002002004021000
000005000000300001300440034400004030055005002
000015000002000520001000000000005031105000040
000000440400000030302000001000000021000050300
050020020002005002000510200000000212050003000
100000300000000000005000000032010021510000000
000010404000000000001002000005000200005030000
000000000005000003500001000000000400000011300
000000040040000000003140003000000000300000400
005003020000000400005030000000100200000001420
000000000003400004035030000003102530000305000
000004000002000000000002040550000100000104000
000004200000000025002015403100104000000300500
001040440503502004000000000200000000030001053
005002030000400000004204000310000004000000500
100000005004000000020200500000410000000000402
050000000000500100000000040000500000001200001
040000000020305000000033500051000000130000000
002100550000000224000001003020020000000000000
000000000040000000000000000000010000200000002
001040002000000500400000000100000000020001300
000003000000030004150000100001020000003035000
003000000000000000000000300000000000015000002
005020000000010002000000030004000050000415053
000004005004200000400500100005000000001032000
040000005000425004001000050000000030002002000
000000000003100004040001500030010000304000000
104000400000100220130010000100021301030450314
000021200030524000400003001500002000000000000
000000023405000000000240050030000053100021000
