45 5
004040000014400040000201000000000004303000042
000005002031530401000000000000001200000000000
020200154000000020050000003000100030020040000
303000000300040300000010000050002034000220000
005010010400000100000000000000000000000050010
000304000000000004002000000002300102000100100
500300004000030000000000005200000003020000000
010103500000004000000000100000500003005000300
000000000300050005300050000500500002400001004
100000004000040000000100000000000000043000040
000000000000000540025000010000300104001000030
000500225250000000000004000502002010010001000
000300000003010000000040000040050000000000000
030002000000000040020000002220300000100000040
000050050000040200000001200100000014010002230
033504003050100004004002010003000300000500000
000000000300001055004000000003000000003004004
054003001000050020004200110000002000003550000
000540000000050050010050020010010000001000000
100050003000000000020000000012010003000202040
000000010010040000010020350000500200000004220
000305503400030000300000005000000400000000053
000001025050000000015000442000005021000050404
000000000020000400000005005003000000400010000
110000000000143000043040201300300000000000001
023002101040003000001010000000300000000200031
000000102001000300052000000000004202030001410
020000000010002000000100004220000000000003050
505020000535004000000004000420440500100000000
001002012400200000040000305014310000002000000
040033020000535000000110000001500300000300043
320003000055000005000000000000050200200003000
000000050025055000000002000005000210000000002
000000524000300000010000000010002500040551030
005000000050000001000000000043000302000200040
300010000200000340000003002322210000004500000
200000000043000403100000400305004500002004000
300050000000010000400000000205000000000000050
003000000100200005000330000300410300040005000
010000000000001020003205330000004040405000014
000004000350003040000000000000005500400003000
010005000400000010010004002020000000010000000
050030000300033000003505440001000005000000020
000520021300000105000000200000004041000040000
000205200004000140000000020002000000004000000
