45 5
000000000000400000203050000000100000000000500
045005320000000000200000050000000010002030000
000002000050000400405000300040001000000003100
000004030002241000000230000000110000000000200
000001403530000000003000200010000202000400040
034020001000000002040400000000110000004050000
004000000030000004002100000000000001000000030
001000300000054100020000000000000000000002300
000000020015030000000000020000300000453004000
000005400005100400000232004000005000000210300
000000320000040000035000100040000000000002031
300030003000000010400033000043000032003000050
000000042320200014000000005000200000000000110
002000000005000500000003002000004040020000000
010000000400050200201005300200030030200300500
005300140000010000303000015000100141004010020
004000201500000010000200050210000001300000000
000410500000400114100000000000000340000020200
000004050000000000005100050000004000055003501
005200003004250003000100000000001000000100000
305000100000000504300004030300011020001043000
004000005040010001000000302035000024000004040
000000000400000015000400005002050002025000000
400053400000120150031225003102030300000210003
000015010000000000000004140050000000000500000
500010505015200023400000004040000030004000000
055000000000000050003050051000035000003000200
140000010000000050003440000400050000000000002
012020000000000100000005000010000000000013000
002500335000200000002020001004302000000100500
004000005020200500000000200000201001000000003
040000005000030000000050002000001000000004000
040000000000001500400001000000000000000000300
003001004000000400425300002510003502200300044
002002000000000400000000000000030000000000000
540000003230001303010000000000002000000000000
003000100004000100000300000000050003400000000
002050021200001020000050003200200300030003010
050000010400000053050000001014000504000000000
400000200000050000000020000000053045033052400
004220000000000100004000000504001010034000000
000000020040004001500022003000220000051000000
000405020010050000300000400050100000100000003
421000001400000500000050005030404024000000002
300005005055000300000030000040300000004050200
