45 5
005040010304000000000005010300000000000200010
524000053500040204402500300202440505000000000
110000430050000000000500000010022000000003000
020000005044010010000040403030050000020000005
003200404000000040050100000030004000450000010
000003550200000000005020221530000002000000000
000005000002000000000000005000010000000004400
001030501050023000000200030300201003500000001
002000010000000005120000005000140000005030323
030000000000001340032000000000500105000000000
030500200020000020000000020000005000000420513
040040210050000000000000200401000000000100000
005000400303000000050000005405000050000000030
010400000200040100000001000000000300004000000
303000040200400000300000000000030000000200053
000000102020400000000000401000000120000050000
001000000000001000000320550034002005000005000
002004000000300300000002000000050000300024000
000300000000000000000000005300100002000000005
000000001010000300200000000000200000000030300
000250010303002035051304403020000200002500000
000300000141000000100020000200020001000004000
400000301020003320023000000045020050540000020
250003000000000300002001050000001200030000004
330003000000010003200000002030000000005040100
100134003030000005000000000030000440001010000
500400003200000420220120020013000010000000030
000100042005000404300130000040000100000000005
040502040000000000011000003010200000000000000
000200000000400040003000000000100201000050000
001000000000000000002020000000005000050100140
000050000000000100405000054120000005004000051
001503100300003200010500004050010000000010000
000002000015000500200300450000000000500000040
000050040002005304524004000000052400001000000
030000005010000314045004004304401000000100001
001300000000001050003044000000000000000000032
204010000300000000000005000002000001513100000
004000400000200000000050100000003200000330000
040000001042004050000000000005000300000000500
000000000000031040000000000055030010034000001
250420200440200001000005004001040110000300000
000400000030000034233100000100000000000000010
000200040400020220000000400050550500000030000
000000000004300200000000005004100000020105000
