45 5
000000204030200010000030025003030005000003000
000500000010000050000000000141005000000012000
000100000000410000212000000400000000500001420
002000010200001130103000000020004000000000000
000025000052020000413400000000000040522004140
005000002000200500003000520000040000001004000
040000003050100005002000500000000004002102040
000030000030004020000000300200030000000001002
141020113000000000000003005400000004000004000
320000055000000000020550000000000000503300000
003005051500040005500100000000002010110020050
050101000000000035000000040000030000000010030
000020010004000005400000000000104405004003203
010040040000300200000000500300023000002002000
000304000501000000000040000000545000000030000
020003020420000000000000002400005200300000005
000000020000000000000500200001500000500001010
020000140000330002000520500100300300000002140
000002000000200000500000000000000300000050050
000000020004000001000404003300002000000030000
000000505020000005000050003500000004000040505
020230000000003400000000000200000000010040200
000004000250050003040000000010000000010030330
300030200500000000303000300000000000000000000
031330020000200050000000004000015303000050004
000500000004200000100430003500302000000002300
300000050142000000000000000000010050000000004
020100004000003003040004001000005220020530000
000000033010040000000000020000312001000000000
000300000000000001000041101100035000000002100
000000001200003004002550000000040000013203000
003000000300010003010000410000004020005000000
003003000003000404000000040005030000100300400
300000100015010341001040140303440500000000000
500000000000205345250500205400002030004430012
000005000000500050000510001000002000052045004
400000000003500000000000000000005000000100000
000504300000002050010000040020200004000000105
050000400000540000024011203500000040000200003
000501000020401005000000000300040310450000000
000021000100000004000001005100002013000000000
112402000020000001020000004000102302500400002
000000000430400000301000000000000220000000004
000051001000000000000004000000000000004040000
043000400010050350000141000010000020005000000
