45 5
100000000000000005030000000100100003004000003
000000500000000053040000000000500023000030320
030000000000050053500030000001000040100400000
000000042000000002002401002000000400500000000
000301002405000200000002000000030050000050000
003043020000003030500000000100002000020250400
000540000410000000002035002053000155300030010
010050000413000250002001000000045500000001000
000000115000020000000000000040204000000000032
000300210000040000030000500200000020303400403
000000000000300400001000000040200054500003000
021130200040001400005030040000030000000430100
000000400130000500010420200000000024052030000
001005000000000000505000020440054003000400000
000000504010000001050000001000000030003004300
200000500000100000000020000100400133003000000
000400001100003500000000000000050000040000000
210030011000003021000000100025000034000002005
400040000000000010002002300000000040215000020
540004201000043200000010000000030014050000010
021000000500000000000050304050000004030002430
304004231005000000000000000000010020020100100
005040040000010000105100000000005000010500044
000000000000304100000040045002000105000500000
000000100000000000001004040000050004005301000
000000000300000000500000000002000000000315000
100002014000005042005000050000340000003000002
030000000000004030020000010000000000203001200
000000301000001003000000002100200050200000022
000054000000000030002152000510000000000321000
005002000000001002502020430010000400402000000
000003000040354000030050500000004001201000004
000050000553040350000200302000004004000000000
000000130040000030000400000000501500150005300
000005502000424000000000405000200000003042002
025002000005000400000000000000000201200000025
110053000333000030000050040040000001200002020
500004003000000000002000500000020300304040030
001022000100000001000003000000000000004003001
000000000045000000001200000010000000005400003
004000000200100500020400002002000010100000150
000030000200000100000020200300003450200000000
100000010002003000001000040005000010500002000
000000000100500030004010300000000050100000030
000414405400000500000530030000000000030000000
