45 5
000010000000000003010402000000000000000100540
400200530001100042300020030040000030315000000
100220003300005000020400010500000040050000000
400004002000000000000000002045000003000101000
010200000321000410003300000023030020000005004
000010000005000310003305000004003003000020400
000224100000030500300300000014030000000100100
000200500240020000000000054000000000000300020
000000000020400002000001000200020200000020005
004013020000100000003312010120004030100040303
000400000000040000000000200030000000000000504
000000000500001020000000033000000005003000000
004050200000003000004000400000540400023010000
000051002002000000052000000000004321002000000
000000030000100000001043000023050000000001552
004000200000040300000000000000000103000000000
000200020050000050000001002030500000030434001
005010104042000000000002000000004020000000004
200400300050250002000003005000020003100500000
040000500003005000000000401003001003200000001
100050000000000000202000020000000000000000002
400401030000000000300000000023001400000000010
001000002000000200000000505010000000050350000
000000030400000500010050000000000040030150000
001200445005000000500000000000400000050400130
004050003001002100000050300000000000310400010
000000000004500500000000013002000300400025000
005000102000000300002302200240000250400205000
000001000000000000040420000300000000000005501
000004010200000000000020000000000400001300100
000541100050000020005010500030540010400301504
020000500000010400000000000000003000200000000
000030400010001000400000005300500004000020010
050000000004015010005020000100000200002000500
000410010020000003000030300000000005003054300
000000253100034000504102100300000101200001103
003100000050500120050000431110333000000000013
000000000400050001050010000002004000000004202
100000400000055000000500004000240030200240000
000000000000000005005500300000004020200030000
004000030004002000400000050050000000000001010
000004405040000005000044055000003000305200000
050000000000202030010000003440010000010030050
040000000050054200040250000000003010000000000
000305005014000005500000000040003300040020000
