45 5
003000000030100000024030000000400003000000000
000100005000500004400000003000003005030100403
001120000200000450000020300000040200000000040
000200000000000410000500000020140030001004000
000002040000005000000522000004010020003000000
005200000000000110015401030040005110000000024
000000000302100000540040000000000300502000000
001520004405140000000003300020040000050502000
403300000010015040000000001000000010000005003
000403000450052000003330002000000004300005045
003020000000003000300000043050000040003030500
000000000005050000230000000000125010000050000
400005042210010005000003033000000000001000000
000500000000004222000000002400001300025300000
000500000000000000500000000020201000200003000
001030001055000030340334000000200005000000000
000105000043000350000400000000400000410100000
003000530003000002015000000100000040003000053
300000000000000010000050000200000300000100000
040510003000000540001000003502010020530000000
300004000001100001000000103030020002000000000
001000010000504400000000000040000400401050000
250020230220000000305150003022000430005012000
000100000320000000005204000004200504003000400
020000014500000000000000001200002010000004002
020200040000000010200000300300020000005000000
051010000001050000204000500000001000002000500
000002000000005004030030000000010005000210000
000005002000100000000414400034000000050005000
000200500000040033303001300300000001200002040
000000000000000004000000001000000130030400010
002101005000000000000002000000000500004105000
050000000005002000400000103500205003352011000
000224000000010000320500051000002001350500002
051040000200004004030000000210120100044000000
000440005040020314000000042050400400020300000
000020040000020000103000000300020000000001000
044400200000000034000000020000140000000000050
041200300000000500000000000501010000030043000
003050050050000100005000000001300000030040000
000000005000000205010000000005400004104500000
340000300500000000000002000000000420020000000
200040004001002004020000000000000503103015500
100003000002000000000400001320000000001000300
000001205021000050000000000005000000000000000
