45 5
040000003130020000001000000050200000003040024
000040001002040000000502345505000000400200000
000005001020000500004020000000000500000004000
000000000034000000000040000000000044000000001
300000000500040010420010030000001000001410000
011004120500003001000040014000000000500000000
200330535004000003010540002510040000300001000
110000000000030440000000001220200000000400200
040000000500400000030003000002000002000030000
030101100010501000000000400000003040000005000
020100002000500414000000000300004004005000000
002000000000001000303500000400005100000040000
004011053402000000050000550000020015005020100
000040001000500000201003000002100050000000000
001000000202520000000004110000000020000000000
021001012000000501000000400000200000003000050
000000000000030000003004332000000005105001020
240010500300010200004250000000100202000000000
100030010005040050025000000000000020100000000
500500000000000000000030430330050000050002002
002020000303000000000000000000000000000100000
031000000200000005300035000100002050000005000
040000000400000030500000004000001300440000050
504000540005000004000000000020001000000000024
010020005000000000004100000030000000200000000
000005500253000202000000200300004000033000000
020005400331020303050000300000003040542142002
005000200000040001003000000042443000000004000
003010051004005010002000030000550000000000000
220040100200100004000000000020000000005300302
043005003000004000005000100000002340001000005
041000000003000200000000000003003000010055030
103403300203000004000005000000030012000000000
400000050000100000000000003504100000012101000
323110000000004000000002020204000020300054401
000001020030000040000300102000000004000003000
022030541000000045005040000000041330041300000
000105000000050000000020000400000000000000000
000402404050000453202000000000004000110000000
005300000150000000023400050533000050030032005
000102000000000004000500040002001050300502000
000050031000031100000020000000001000000500020
030540034112200000003020000005000000000040000
000000000000030000000000000000000025000000050
002003003100000005103003000000500000000524000
