45 4
100002000000000102000000002000000000003200000
030000010424000003003002000000002000000000002
011030000000021000200000300000002000400103000
000000013003000000000000000000400000000000000
000300000001000000010000000100120000030000401
000000000010000000000020000000000004000000000
200003000000004400000000000000430020004000000
000100000000000000000000030000000000020100300
004000030001000000433000000001400000002000000
020020200003000010000014000000000000040003000
040000020000040420000000000000200000020000000
000201003000000000000000000100010000000002033
000000000000000000000000000130301003000100004
000000204000032000000300003000000004000010000
002000020000004000304000102030000000000004040
402400002300003000002000000144400000000000000
400000000013000410000000004000000000031000004
400010000000020000000021000000000002002310000
000000000000000000000004000100000000324400004
000000000000200012014240000000000000000000230
000040400000120000210020030004000320000000200
000000000000000040000000000000000400020000401
040000000000000300013004000110400230010010042
000000030012000000400040000030000010300000000
000000410000040000000002000010000040000040024
000020000100000000000000032030000020000000400
100200200003040000000000014000000000020004100
000020000001000000000020010001002000001000100
000302000404000001003030000000020000000300000
000000000000400000000020000000100000000001000
000033030000003200020203000011000010000300002
000000400000000004100320000000024040203020030
000004000310000440400100230000000000000403230
040000400000003103030000403340000000000000300
000000001001000000100100004000000100000400000
220000140000024000000000000300032004010000020
000003020000010030030043000000300000000030000
000000004000301302140000000400020001000000000
100040000040010001010002000002100010004400000
000400200000000000000000400400002000002320040
000000000030030003000001030003000000000000000
103230200000000140001003000100010000000000000
033002000010010000000030103000300000000300300
000000024100000000002000003010022000001001000
003000000000002200000400400000000012000400000
