45 4
241021000001000000000030200004002000000100001
000040000300000004020001000000000030002400003
000000000000001000030041000330400340000000000
023100001000000000000003000010000420000000010
010030000000004000000002000000003000000000003
000000000001000001043100410330004000004103000
020000000002000001000004000202000000000003000
400003000002000300020000000000004400001100000
000300000020300010000020010010130400001033100
400004200000403000000300042203000000000000030
001000000003002010000000000002100000000001020
000000000000300000000400000000000000000000014
000304003000200000004000200003104210003000301
042000000000420430000000000101000000000020020
000400000100000100003000000003000000110000400
000340000000200000000123002000000002024000020
044001000001000000002003300002000000000000004
000003100000100000100002100000000040000000000
400032100440000000000000000000000000000000400
404000300203000000010000220000000400000004030
200400000001000300000003010020000004100002013
000001000000000020204041000000040000000000000
000000000000040000004020000000000002000000303
300000000000000030010000001000400000000320000
002000000000000000000110001000000000000000000
400144400010000320000000000000000000000000000
020000030000000000002000200000001002000000021
000001000000023020300004010400040040000140000
000000000423011000000200010000000000200000003
000000200110000300011200000001000000030000000
000023032040000000000200000000000003000002000
241000000000000000000400000000030000000030102
020000000003000402030400000403000000441000024
000000040000010300000000000100040000000340000
034001300000003000004000300000020000000000020
040002000020040003030000000000004010000000304
000000020000001100001000004000000004000000200
010000020000002010000001000000300010000000020
000030200010030000000000000000032000020000000
000000000000000040000003000000000000300200000
030000300000002004000022000000000000000400032
000000030000000002001002004140000000010000000
200303403000240000000000000040100003030020000
201400003000300000101300000000000004010304000
004000004001020200000002000000400040000000000
