45 4
100003000400000000000400000010000000100000000
000004000000400000002000024000000020030000004
000140010000000000010000000003200030022010000
000000000000030010002000020203000020004200000
100000000002000000000000002000240100300400030
003400000000400040030100000010040020000000000
000403000020020000000000000000000104000000030
001000000000100000000400000000004000100020000
003300000000020300000003000100000010400004004
000210002000000010010000040010223020021000000
000000400003100000300000201000300000040000030
003003030400004000003000000000000000003000002
400020000000000000300000000010010000030000000
000000001000000000010000000000100332000200000
020000000020410100040000000000030000100000000
010000004000000000000000000000004030000030000
040001000014000000000000000130003220000000000
300020020000000040002200140302120000000000000
000000300000000400000000300000002301300030000
000000403000001200000000000200040301000100300
000300000000000010000000000000000000040000020
020000313000001030000000300200000000003000200
020020000000000000000400402000001400001200000
040400204330400040000030004044000000000000020
000100002000100242000200301000000000000002000
000000000010000304000000004000040200000002000
000003000000000000000000000300000020202000000
000440000000001000240000000020000000000000400
004000000000020400000000000000400000300301000
020000040300200000000010000002200000004000202
000200104001000000000010000100300033000000100
000000400001000000020100000001000040003000001
000040200000000300100010000000013001000403000
000000000020100024004000200001001000004000040
002201303100000400000100000003240000000000020
000030440002000000000000403000000300010000030
000010000000000200000300004000143004000000020
100000000001100030000000010000100000030003001
000000030300040200000001002001003000000010010
000000000300140000100020400020002000000000000
000000010000030001000000000000000040000000000
300000000440403200203000000000400300002204020
021000004020004004010003100010003440000000000
340003300030000300000000020000002001003000004
001000001000000400044032030000041000300000100
