45 4
000000000320000000000000010000430400400400410
201000000001003000020000000000400000034000000
003000000000400002014100000000030040000002000
000004000000000000000041000000020430340000000
040000000000100001200000100000000310003000001
003202400000010000100002000000022000020300020
040000030040400000003000004000000000001000210
010000000000001000200000000030401000010000000
400000034000000004000010003300000000020000003
000200200000000010020000010000300000300010000
000100000000300000000000000000000000000000020
000000300200300000000040000004000000100032000
000020001200200000000000000004000100003000100
000000000000201000010030300000000000000000031
020021000000400000400000010200000001000000011
030000040000000000000000000000001000020000000
010040000400000000000030030400030100000003004
010020002003001000000003200001000200043000004
003000000000004430000232400100000004003000000
400000040000000000020000000003003040000040003
000202030000000003000000010000040300000000042
030000000000000402000000002001203100000000000
401000010030000002200000100000003000000002010
000000000000000002000003004000030000000010000
002000400002000002202000002040000000000004440
403002000200302000004322040000300301011000030
000000001000000000000000300000002003000100000
000400000000000000000300000000000000300010000
301000000000001031400001000100004042000000110
040030230040000001000000000000000000302000140
040000040000000000000040200101000000000000000
044002001230000000100001000000040000000000040
200000002200000000000000010032004300000000002
020000030010000000040001003010000001000000020
004000040000000000200100000000000000000010000
003200002004000003000000001000003030240030030
000000030400000000000400100000000000020020000
000000040100001000000000000000000302030300300
000004000004000000020004010003010004000000000
000000200300200000040000400000000000002000401
104040112000010040003000000000000400102000104
000000000000310000002000033000000010000000301
000000200000000000002000000004101030020000000
024323000003000000213200000000000300002300004
000040400022010002200030001320040004000000400
