45 4
130000040013000000300000000000000000011000000
000003000300000000320000000000200001011010000
000004000033000000130020000020000000003300100
030001002000004001044200002200000040103004000
000001040004000000003300010033002000010020020
000000000303002000000000000000000000010100340
000000100100000000000040010000420000001400300
200000020100003000100000000200000000000000000
000100000400034304020000300000000010400000000
300000000000000001000400003000020243020000000
001003000100002000210000001000000000400000400
100000320000000033000000000000000000020000020
000000030200003000140020040040000000000002004
000000000000000020000000000104020001000001001
120030000401000000000004000000000000240300000
000000000030000000030000040000000002104001001
000003300000000000100000000200000000040010000
002000000010000033001000000400000000000000000
000020000000000000000200000010003200030404040
000000000000200000000000003000000000004200010
000000000400000040030010000000000000002010000
010000000000000030300300000100000240202000200
000000000000000000000002010000020000000000000
000200020240034004030000000000000002030000220
000010031000000300000000000000401013000000000
000000023200000130000000000400000000420300030
000040000000000000000001000300100000044003100
002010000000200000000000240001020000010000040
000002000000000000004030020100404000000000000
000000000001020000000000300000000020400003400
000000000000000100000000000402300003000000300
000000400004004010000000000030002020000000140
000031000140002001020000400000402043000002000
000030000000000330030010034010000100000000000
000001000010003004000033002000004020000400423
000000100000000100000000033040004000000021000
040040000040200000000000001000000000000013000
000004000004040000042204000000004000003400000
030000100000100000001010000000000000200000000
100000000040000000000000000000230040003001000
000030020003000000000340400030200000400000100
200000400202000032000430003000040230040200130
200000210000100000000020000000044000200010020
000001000000140040402100000000003000002000100
000003012000000400202340040200400301030010200
