45 4
003000000010002000000030300003000000001400000
000000000024000000000004000330300000000000000
002000000000000300032000014000200000020000000
402000000100000001100023100000040000000002000
400030200000012000300100000100000000200000000
404040000000030000001040020000000000000000001
000030000000010040000410000000000000000010301
000003001040000000204300040000300000000100001
000004004000000000003000003000200300000030000
000000000202000300100030000020000000000004000
400000100020300000002010000130040000000000200
330000020000000000100403000000210000000000000
000000040003001000004003003300000000003000100
000212030000000000040000000000024000000000102
000110300002001010000000000000000300000001000
010200102000200000000000004100120030001013000
020003004002000000010003000030010020200000000
420042000401000000003000403000000000400000000
001002002000000040110000003000000300200000000
000000000010010400000200000000000002000000010
000000000400000010000000000000400000300300030
000000040000000200000000000000004200003003000
000020000000004400000000000004030010000000001
020020330000000033000020000300000000100004010
020001003030000004010000020000000000000122000
000004004000400004000023000000000300020030000
000000100000010000410202001000000000000020000
000004000304003100030000000000000000410000020
100000001240000300000000004000000002000000000
032000230000100014000002000000304040000000000
201010100004004000030000020000000043000300000
200040000020020000000000040400004300000040200
001000040000040000400300010000002000000003000
020000000000000000000000000000000040003010000
000400001003030020010001031000000030000001000
000000020100004000000200200000203000000020000
000001000000001040040000001040004000000003012
000043000000000000003430000440020000300200400
040000000004001040002002230000003000000000240
001000000040000402004000024000300000003000000
000020000000000201400100000002020000000440000
020302010001001000000310021003200000114000030
000003000000200040200000001010030000404100003
010200000000000200000400000000200000440000040
000000410000000030000000000000003000030010000
