45 4
000100000340000000010000003002000000300000000
000000000000410020000401000000020020000342000
004030000000230430000000004020000000000000000
000004000124030040000400020000000040400020001
020000000200410000200000000200000000000030400
000000030000000000201020000220203000020000002
002040040000103004000000000000000130300203000
000000040000300010000000000010000010000001000
003000100004000000004000100000000000200000000
000000000000000020002000020100000000120001000
000000000001000420000400000100000002000030000
000000000000400000002300030100000000031003000
000004000000000000230100400300000000000100000
000000000000020100010000200010000020400400000
400004000000000000000004000200000300000000031
430040204400002002000040002000000002000000000
200000000200000002020002010004000004000030100
400000000100000000000000210003000010200101000
000000300010040040030440000400004040000023000
000040003002040003030400000003010000200000000
142000000000000013030000000000300000003003000
020000000000000100020400000003300000000034040
000000040000004101000030000000030010000210000
000000000040000000000000000000000000030000030
002000344000002000030000000000302000000000040
000120000420000000010000302100010000000240000
002101000000000000000000200010000300004000000
000001000000103000000000000000000000400031104
000000000000000003000002000000000001400000000
210300040000000000000000000000400001002000000
301000340003000000000044000300001000000024300
000010000033040200322000410000000040020000000
030300000000000000001300040000000110000300402
000200020000303230102000004030420100030000000
000000000000000000000200000200000000010200001
003000000000000100003014000010003004000000022
000001001000002000002002000000200100200000000
400000001000000003000400000400042404004000130
000000000000040040000100002031200130001030300
000010034300140001000000000004020000000033000
103000000300003000010000002400000000003030000
000000002000000000000021400000003400000000010
000000010000300040000010000300000300000000000
000200140000001000000000001000010000000010000
003010140000000203200023020040100000400300100
