45 4
001000000020010002400013100400000000003003000
000000000001000004000200000000000010000200400
110244000400001000000040300000003300210000000
041204000000022000000201000003000000003020002
200003000040033200040200000000000200200000000
000002441000000004000000000000000010002004030
000100000000002000003000000000000000000000000
100001000443020000000000000000101000000000114
403000000002000001000403000044000000000010110
000300040003000000003000020040400000000000120
000000000000400400000000000303000000000320000
000002030000000000000002000000200040000202000
000000010102100000040000000000000000030000013
034000000440000000000040300020000001000000000
000004204004000100000411100004000003000000000
000100000000030104000000000400400200000400000
100302100000000020030030340100000230000000040
000000000030400010001001400000300000001100000
130000000020000201000000040400442000034000003
000000010002000000001000020001001000000000034
020103002003400304000000003000000140000000100
000001401304302000000000001000040040000000020
000430004000040000000000030000000220000030300
000000300002004000000000000200000000000101000
000000000000000300020400030010040003110000020
004000034003001000000400000000023000103300004
000300400030000010000100034031002000020000000
000400000000003003002001000030000000200400002
000302300000200000004302000000002000000000400
000020003000000040010000000020002004000000000
002010410000000000200000000002000000000002010
000001110400010000000000000000020000000400000
300020000000000000001000002020032010030403040
300000000200000000000000003000000000040000000
030002030000000000020000400000000001030000000
000000000000000000400002000000202000000000100
000000001000000200000000001000000000000000000
400014000000300033000000000000430300000000400
033000000000020000040000000000004020002000000
300000200000000300000000000000000000000000000
001320011000004010000004401000000002000022002
100200002020000000000034000000000301000000000
000000000010003010200030000000010020000001010
000000003000000000000114103330142400000000000
000000203200000000000003400030000002010020000
