45 4
000000004000002000000000000000300000000300000
030030040002010000000000000004022000030000001
020102000000000000000000000000200000000200000
200001000000000040000020000332104002004000044
000030010000240000000000004000123000000000040
000404000003000022020000010200004000000100000
010000300000010000000004003000000000024300300
300400010000000033100000000400000000000340012
000000002110001000010000000000420430000000000
003040300003000030000000000000040010004200010
000000010000000000000043000004010000000001001
004240000004000000003000000000022000000404000
204000000000000000000000000000000000000400000
000100030012000000100020000100000000000003030
000030000002030000204000000003024000033000010
000000000002001000010010010000000040000000000
010000000000400000000001001000040030044040020
003000000000040000300000003230000000020001200
000001300300000202000400400004000020000030003
000002000342003002000000000030000000101000000
000040000000010000300000210000000000000000300
000010000000000000000000000020000300003030000
020001020000010000000030042100300000400343000
000140000000120100004000300023000400000000002
020000300001030100200003200000000021030000000
203400004000001004010110100410000040000000004
020040000030000000000000000003020000000302300
000030040430030011103000000400000030004030403
300000140000000000000000002000000300000000010
004030202000000100000003000000300010040000240
000000003002000000000000000400010004100000000
003400000040020000100020004000000200103000024
000000000040000000024000000330000001030000400
000400000000000000010400000000000000000010020
000200000002000002000100010400000003000000400
300000000000001020020040100004010200000000400
010000000004000000000000000020000230000001000
000000000030040020000000000000200000200000000
000002010000010001000000000120000400030000002
002000000020003013311040000000000000004000000
000100040000230000200040000400000002000030000
020000000200000000000010000000000000000000024
000320030000000010003000030000000100221100004
000000000000000100100010000030000220000300024
040400000011024000000000012010300000000100004
