45 4
000000000000300000000030000000000000010000004
220003300200400200000010002110304000000040000
000301020000020000000030200300200000200001000
000013420013200300000000000030000000200000001
000040024000000012001000020403000000000340000
000004000000000010000000010400000400000302000
004000000100102000000000000000020010000040000
000100000000000304004033000000000004002000000
000100000040400000000200000000000030000003400
030300100030000000000020000000000000000000000
000000000000300300004000030003000000000300010
000004000400400020034120004000000000002031000
000002001000033000000000000000020004200000000
000000000100000000030000010400100000004100000
000002100000430300200002001033000420300003000
404400000002001000001000003400000200400010000
000000020003000200030000000000000322000410403
000000000010010000003000000002000100000000411
200000000000000000004004002000040020000020240
400000440200001000002000000000000000001000000
002010403300000000400000031010000200030000000
031404004000001000000000000100100300100000000
010000400004000010001040000000000000014000030
030001000000000000002000002000400020000000000
300000400010200000200000000400002320000000000
020000000000000000440210000000000000032003000
200000004400111010040030000020000000001002000
000300204000000000000404000000300300000041020
002000000000300000000000010000000000000000010
010020100000001004220030003000000000001002000
000000000001000000000020030030000021004020104
300000010400000000000000000000000003003004020
030000030000201000340000020300004420004000000
004000000000000300032002001000000000030020020
000320000000030010020000003000000004040000000
300000000100000400200000010030000000000000040
010000000400000000300000000010000020430100001
200042302012000000000000000004000001000300100
040120012000000000400001300000002400110000000
200000020004000003100000000000000000000000003
030000000000000000000040000010010300000000000
000403003400000000000000000400000000000000020
000011400000000030001000000001130000000002020
003003000000004010000000020000000043000420024
000101040001030030000000300000002004000020000
