45 4
002000002003000000000100010400000400030100000
000004002000020020000000100100003000030402040
004001300000300100000003000210000001004040003
100001000040014000000020033000020000000000000
000000400001000000400000040300000000000000000
000000300000004000400000000020000000000004000
010000040120000000000000002040000200000440000
200000002003020400000000004000004010000100030
200000000030000000041000020000000000103000000
010020000000004000020000404010000034000000000
000000300000000042200000101020000103000000000
100000040000000100000000000101040010040000000
030004100000040210000000000001000400000000303
000400000000000400000003400000300040000000100
004000000000200000300000000000000001000000000
001000001000000220000000300200302000000000343
000000030000000003004000100000000000002220100
000000200100000000340043000404040000020030000
000000010000130000220000000000002100000000100
000000303000400000000000000000200000002000000
000100403000000000000000300000000000000000003
000010000000040000000030000002000000000030000
000000100000000400320030002024400004000000010
002000024000100000010010000000000000200000432
000000000000000003000002000220040000000000000
040000000002004003040100020040000000020003000
000000200100200000000000000300020022000001100
000000400000001000301000040330200000030030001
300102020000004201010000000003000002004000000
000040000000004000010000000000004003021000000
200320400010000000000200300300300000000003100
000030400000000330000000410004000400200000000
000000000100000000000000000000100300200000320
000000001000000003404100004240000000020030100
200000003001010100000000000000002000001003300
030020000140000000010000000000400100000000000
000202000010300020001000300000000020030004000
040004400100000000100000000000024010300000000
030002000002000200003003030004103003000000000
400000100021032000000230000112000000000300000
030000000000000101000000024000033000000000001
000000100030000000430000000000000000200403020
010010000040100100300000000410020104030002000
004200402030002000430000230040000020000000000
034300000000100004000000400002000002300002141
