45 4
010400000004000000000003000000200000020002000
000000100000031014040011000000000000000000000
000000000400002000000000300000020000000000000
000020002200000000302010004020300300001040000
000000000300400030000010003032000000000200000
000000000000200000040100000000002100000010102
000000001001000030020000000000310000300100000
000030000400000000002002000000000002000034010
000000040030003240000300002000000004000000000
200000000004000020301100010003000000000000000
200000000100040300000000000000000400000013000
002000010000000000220000100000040013000030000
300000020000000040000400030000000000100000000
000020001000000040003203302000430400000003000
004103403100003000010000400000104000040020000
002012102001133000000400043000000010020000043
000000002000001200400300002000002000020400000
000030030022000000001000000004000002000102400
404030000030000300034000000000000200000002000
000100000000004003004120000004040013000000104
000000000000000304000002030300000000000020020
000000400020001001020000410001000000010000002
430030001000000300004101000004240000030033000
100004000402000030040000000020000001400000020
004003000000000000000003000000000000000042000
000200004001400000000000000000030400020300000
000400004040000000110000000000320200000000000
000000030000030400003000000043000000020001001
000000004000000000003000000000000000000300000
010002020000020000000003200001430000020002121
000010002100000002003000300000003000000000343
010000140040300000010310000000010000010100000
000000000000000000000040030000000330300000000
000000000000020220020000000000000040000000002
100200014002000100100000000400000202000000000
000001000004000012200000000100000400021140000
000000000030030001000000440000000000030002000
300000001400000001000004410000000000030101000
020100340200000000234000200100000000000000400
000000000321000040000000000300000030000000401
000000400000003210000410000000300000004000000
000000004000000001000000000000000340010042000
000000130040000200200000020000030000030400000
000024000010103000000400000002000000000000000
304042400000300000010000002400001000000000000
