45 4
000000100010000000000000000030300000000000000
000000001001203000000000400030400002000000040
004003140304001000030000040003000300003000000
001001000000000010000000040011000000200044002
110002000030000000010000000330000103000000100
000330300000000403041200001002040300000400004
000000001000000000000022000001000004002000000
300000014000000000004000000100200000000002000
040000000004000021000031000000040000010002010
300000030000000000200000024003000000000000020
000110000000000000300420002002200000000010020
000000402000000030303000000000002140000012200
003000010000000000100020011000000440000000000
000040000200400000000000000000000000000000002
334040400002000030000000030000004030000300000
000000000000000000400100000010000202000300400
000000000100040000200020000000000410000204010
000004001000311004000000000000420000200400001
002000000200000040000000300000000000400002000
000010000003000000000000030000000422000040410
200000030000000040020000000000200000000014000
000000100002140000000203000430000004000000000
230230000000000000002330010000000000000000000
000000200000000001400000000402003020000000000
000020001020002020000300100000000000000003300
000044200000004400002003000000000002000200000
000030030100004001000100032040000024300404300
000000000003002000000004000000000400000041010
020100000023000200000000000020010020340000400
000100000000000100240010111000003002004000000
200000000000000300033000000000000000000000000
000000000030030000000321100000000300000001012
000002000000000000003004010000003000420000200
000300001302000400300104000000000200300000000
204000000004004000000000003200000300020000004
000000030000010000400034200000000140000000000
000000000000000340400400000000000004300100400
000030000000200030000030000003000000010010030
202000030100000040001000000000300002000001400
000000001001000010400040201402010040000003000
010000100100020200300000110000000000030000004
000020000000000000002400000000020000000003000
100003000040003002000000000000203000000440000
004001000100000000000000000000003020000030100
200200300000110300010040001000300030000204001
