45 4
001030100000001000000032000200000000100131004
000100040204200000002000000104000000000000000
001000100304300020020000003100000000304000010
004100100300000000000000000000000022202000400
001300000000003030000023030300000040300000000
000000100010000000302000000000000001400000000
300000000302003002420000000000300000000300000
010004001000100000003000010000000040000000000
001024000300000000000040000020000304200000001
000000003002400004100000040300000120004010002
000040300000000100000000001000000000100000000
402140030040020000003000010030020000000004300
040000004000002002002003030000310001000040030
400000000000000000000000000000000002003100000
000000000000000002000000000000000002300400000
020100003220000010004000000000100000003000004
300000000000000010100000004000000010020001000
402000000020000000010000020002000020000000000
000000040000000000300000040010000020000000203
000300040020000000400000240000000000030000141
000000000000221000000000000000003000320000200
000000000000003400004004400000001002020000000
200000001000300000400200010030000100001000000
000000003400002000000000030301000000302400000
000000000220030000000000000003000010013000030
000000000102000000003004430300044030003002004
000000004034000000002000000001000000000000000
003000000030000000000000000440040200000000004
001000044310000000000000000300000040000000000
000140001003000400400201000040001000032300000
304000402000004400001000000000000401000000300
002000400000014000040000200020000000012400000
202000002000001000000000004300400000020300300
003004040004000010400300000020100000001210000
000000000000010000003040000000000002000200030
000312030000002000300000000000420200000000000
300000010002000000001010400300000010000000000
000300001022200000000000010001000000400030303
000000000000012220002040000000000001000000000
000000400100200000010000200000003000001003010
000001000000304003000004000000040022000020040
000300400000000000000000411320000000100400000
000000034120103000000004400000200200300000000
000002410200002010010041000000000000000100000
040010300000001000000030000000034000000020000
