45 4
003301000000402200004000000420000000000000000
000000300000430000010000020400001000000040002
120000000000332000000000000000400200200000000
200000000010000143003000003000000300030020021
000240000000000400000000000030200040042401000
000000000200000300004000000000000000030000000
000113302000000010003000003000000001003000000
001401400004200000000000001101020000040401030
000004400020000200240221000240000000400400000
001004000402000000000000400000003000000000000
000004004000000003000300400040021000000000000
130000000000400000400343100000410000020002000
040003100000004030000233300020000003000000000
001001000000000003020000304004040000032100004
000400100300020004003000000000200000000000400
000000000000000400200000000000000030000000000
100000100000000000000000000400003030000000003
000000000000000000000400000020000002000033300
303000000000000000140000000000300000000400102
004000003003000031000000000000010000300003002
000000030000400000000020001101200010000040001
000000002402200000040000000400020000004000000
000002002030000300000200000000001000001000004
020000000010200000000000000004000040003000000
000100010300000402000000000000000000120004000
000000020000012020020020401000000001002000330
103000000000000000000000000302000100000000000
200000043000000000000032000000402024000002000
300300000012000010200004040101000000000000141
000000304000000020000001000000003000000000000
021000000000003202000201104400002003000000030
030000100000010400100030000000003030011000000
000000000000000000000000002320000200000000020
000000000040000200010000100200000040010000001
000000003000000021000000304001000000004000400
000000000000000000000000000440020000000000401
240200000000000100032100000020003000000000000
000400100000000000300030000000000003010030100
032200000000002000201100000003000040040040000
000000400000040000020100000400000000020300000
000010000300000000010000030020000000000140010
000031300000000040000000101030030300000300010
000040200003010100103002000400010000001000413
400001404012120000300300100004000002000200000
000000000000040020300000014020000000000000000
