45 4
400100000000103000020100000002300000300000000
000210000403402000000100010004000000000000002
204000000200000004004000000000000100400103000
000000020010320000033000300040031000020240200
000000100000000130000000000002000400000002300
000000000030000240000000404000000002020000010
020030000000000000000000000001000000003000003
004100001000400004000000000010000002040400430
000000300003000000003002040001000030200000000
000000000000020000000000003000000000000340301
024000000000000040004303004000000000000000030
000000000000000000000002001020000004030340000
000000000114010003120000000000000010000000100
000000000102000031000000030200000300100000000
300000400002010204020000131000020024000000000
000300000400004100000100400000000030042000033
000004013000403000001004000000001000300000000
000001000020000000000100000002000000000000000
040000000000000404000000000000100020402103000
000000000004000020100000000030000000000120020
000030000000000000000000000200000203000003000
004001000000220000000000000230000120000000000
003312000000000000020000000000002034100000000
010000004000000000000410000044000000024040001
000300000000002100000000000000000400040010000
000000000020000300000000002013020001020000000
000000000000000000040000000000000200440000003
000020003020000000304000200200020101000000200
330000000000000030401000420300000010200000000
020001000031000200001000200000440300000000200
000020000104000000001000000000004000200300000
200010000030000000002002000000000000000200000
030000000010040030400100030300000000430000420
000041010004000003000000010000000002003001000
404303000200000000042000000010002000040100000
104040000010400003004300000040000100300000420
000000030000000000000000102000000420000030003
000130000041000000000000043000030100004000102
000200000000423000003000000301000100101010000
000000000100003000041003300002030000000000001
301000000000000100002401001000000000040003200
000000000004001000200304321000000000000030100
000000000031004001000001300004000000000000203
000000000440000000002000000302000010202024000
000000004400400030000200020000000100040400020
