45 4
000040010304000000000000010300000000000200010
024000003000040204402000300202440000000000000
110000430000000000000000000010022000000003000
020000000044010010000040403030000000020000000
003200404000000040000100000030004000400000010
000003000200000000000020221030000002000000000
000000000002000000000000000000010000000004400
001030001000023000000200030300201003000000001
002000010000000000120000000000140000000030323
030000000000001340032000000000000100000000000
030000200020000020000000020000000000000420013
040040210000000000000000200401000000000100000
000000400303000000000000000400000000000000030
010400000200040100000001000000000300004000000
303000040200400000300000000000030000000200003
000000102020400000000000401000000120000000000
001000000000001000000320000034002000000000000
002004000000300300000002000000000000300024000
000300000000000000000000000300100002000000000
000000001010000300200000000000200000000030300
000200010303002030001304403020000200002000000
000300000141000000100020000200020001000004000
400000301020003320023000000040020000040000020
200003000000000300002001000000001200030000004
330003000000010003200000002030000000000040100
100134003030000000000000000030000440001010000
000400003200000420220120020013000010000000030
000100042000000404300130000040000100000000000
040002040000000000011000003010200000000000000
000200000000400040003000000000100201000000000
001000000000000000002020000000000000000100140
000000000000000100400000004120000000004000001
001003100300003200010000004000010000000010000
000002000010000000200300400000000000000000040
000000040002000304024004000000002400001000000
030000000010000314040004004304401000000100001
001300000000001000003044000000000000000000032
204010000300000000000000000002000001013100000
004000400000200000000000100000003200000330000
040000001042004000000000000000000300000000000
000000000000031040000000000000030010034000001
200420200440200001000000004001040110000300000
000400000030000034233100000100000000000000010
000200040400020220000000400000000000000030000
000000000004300200000000000004100000020100000
