45 4
000010000000000003010402000000000000000100040
400200030001100042300020030040000030310000000
100220003300000000020400010000000040000000000
400004002000000000000000002040000003000101000
010200000321000410003300000023030020000000004
000010000000000310003300000004003003000020400
000224100000030000300300000014030000000100100
000200000240020000000000004000000000000300020
000000000020400002000001000200020200000020000
004013020000100000003312010120004030100040303
000400000000040000000000200030000000000000004
000000000000001020000000033000000000003000000
004000200000003000004000400000040400023010000
000001002002000000002000000000004321002000000
000000030000100000001043000023000000000001002
004000200000040300000000000000000103000000000
000200020000000000000001002030000000030434001
000010104042000000000002000000004020000000004
200400300000200002000003000000020003100000000
040000000003000000000000401003001003200000001
100000000000000000202000020000000000000000002
400401030000000000300000000023001400000000010
001000002000000200000000000010000000000300000
000000030400000000010000000000000040030100000
001200440000000000000000000000400000000400130
004000003001002100000000300000000000310400010
000000000004000000000000013002000300400020000
000000102000000300002302200240000200400200000
000001000000000000040420000300000000000000001
000004010200000000000020000000000400001300100
000041100000000020000010000030040010400301004
020000000000010400000000000000003000200000000
000030400010001000400000000300000004000020010
000000000004010010000020000100000200002000000
000410010020000003000030300000000000003004300
000000203100034000004102100300000101200001103
003100000000000120000000431110333000000000013
000000000400000001000010000002004000000004202
100000400000000000000000004000240030200240000
000000000000000000000000300000004020200030000
004000030004002000400000000000000000000001010
000004400040000000000044000000003000300200000
000000000000202030010000003440010000010030000
040000000000004200040200000000003010000000000
000300000014000000000000000040003300040020000
