45 4
200100100000000300004004000000000000000301000
002000000120042000200001010200000010000000010
000000000103003000000000000100000020110200000
000004100000300000000202003000300020000240200
000000000041004000040000100000000000420000400
000031000030000000000040000002240000003100040
000030200000000000000100000002040000300000000
020400000000001004001000000000003200100200000
000000000300240200400000000000000000003040000
000100402220400000110000004000030404000000004
010000000000020041300030000030001400031440000
000000040000000001040003000000000410403000020
010002000020300300004000004000030000000300103
000000420004000000000010000400020000000004000
000000000040103000030000000040010000000000000
000000000000030000200000000400024004000000000
000000000001301000000400000000000000000010400
000000030300002000040000020000000000000001000
000420000000040100000000100000001000010000003
000210000030000002030004300000003011000000000
000011000000333030000110000003000010000002040
300040401000020040100000022220004400000000000
000030003000000300000000401000000000000003000
000002000000043100004000040031020000010000002
000300340300000000000000000000012000200010000
020000003100000200000000000000000001100400000
000000000000000003000010000300040014403030000
000300004040000223040004021000230200430004000
000000000000020000300000401420000002000400030
400000000000000000004000200030000400002000300
120000000000000001000040001023004100040000300
000200400030000300200000300000000000001003000
000002001300000010200040000000300000000010000
000001000000000000000000000002000001200004010
003003000003300000020000000020002300000000100
010100000002000000010000004000000402100440002
000000000000000000000020002000000000000002000
300003040000000300000012000000020403000110024
100000022202430010000033320030000030000340001
002102000400003003000001004000000040100000300
000032000000000000001000200000300000000000000
002002000000000000000000020000001000000000000
001000003000000000000000400000000000001100023
001002000000020400000000000000000004000002040
000040000031000000000000020000000002300010301
