45 4
001001003100000002000120003004030000000002003
013000030000030000000000204000000004303000042
000000203030000003000000100000002000400000440
000040000000003000004030400000001000200000200
004000000011000000000000000200121000000040040
002000003400010002000001430140200100000000000
000000010000200040040100000000440040000000400
000040000030000000030020000000303020000000000
003000330004000001031000000000001030402000000
030030020000000200000033000000001000200200030
010002000000000001101020320200000000004020000
000000000000000200000000003030000000400040030
002040001000004000000000002000001000000220100
000000100030000010000000000120000004000020000
300000000000040300104010000020000001000000000
000100000000000000000000010000001000000100000
400000000000000000100000000010000020000000000
200000000200000040000002000004010000000000002
423000000000000000002003103000020004000100000
000000000000000400000002000002002040000040000
300000001000000000010000000034030020000000000
300000030020000000000002002400000000004020010
000000042001000000004000231400140000000000000
000400000000003000000100000400003104430400003
000010000400020020011000000010200000003000010
040000020002000000000200000021000030000000200
000000002000000000000000010010000000000400000
000000000040000000030000000000100000000000000
000000320000200001000004000100032000004000200
033000000300000000000004300000000000202300000
000010401000040000000100300000234400044010030
040000000000200000000002002000400000000204400
004300030000403000000000010300000020000000020
000000000000000000000000030000020000320000404
004000014001030000000000000030000100003030040
040000030420000000000200000004010100043000000
001041000000000000000003000420400100020003104
010010000004100000000104000000012000100040000
000000042002000320000003120000000001100000000
302000001000300000403000200031124011030000334
010010002000000000020000000023043304000040033
100000100000000200230000003000000000003010000
000300000000000001000030000000220200000000000
000000040000004430000000020000340000000020000
003000000100000300100200040010000000000000010
