45 4
000304100000000202000000000001300000000040000
000000040000300300000000000000000000000030000
000222403200020002000033100004001000000200000
000000001400000000000000030000033004020200220
000400000002040020040000003000000001401000000
040000003001040000000040004002000000210400000
000000200000020200000300000000000000000000012
000001000000100000000000000040000000000320100
000010000400000042300000000004000400000234000
010000000021000021000400040401000000024020000
000200400120200000101044200000000030000000100
000100003300000000000200000000004000000004000
004000400000002004244000002040010100000000001
000000000000000040000000000404000000000031000
020010020000000000000000200000000003000001010
302001200000000000420000000000001000020003000
030000120001000000000000003010040000000000100
000000000021200000004010000320100003302040000
002020034000000003001000000030002300010100010
000020000300040000103040010030401000000100300
000200100000314030020000000003000300000400000
011000000001400020000300000000100000040400014
000100000000000030003230030000300000300103003
004000000000300004030000002002004000200000003
000000000004010010030410004400000000030030034
000002030030004000002000000002030002000000000
402100040000100000000000000000000020003300000
000000000000022003000100000300000000003020010
030001040000040000000031000000420000044000000
000000200000034400014010004023000020010440002
000200000003002400000202000000000000000000003
000000000000000000030002000220040000002440001
000004003200000000000000003000140000101000003
001000100200040002200000000000000000000000000
014003010000000000200000000004000000000100200
000004000000100000000300004000002000000000000
000000000000000000304300300000001300300042000
030010000000020000030000000030000000120000200
200000300000001300204000000000010000000200000
000002000000000310001000000000034000100003042
000033000000000030000000400300000041400003010
000000030030000000001003000001014010000000000
102000000030000000420040000000000000000003000
000040000000000000000000000000001000100000001
000001004000000001000000101000000000000200000
