45 4
000000000304000030000000000023004030000002001
300000000000000000000000000000040300000000000
000024300000020101000010000000000100002000400
000030302000030002030400330400000300001000000
040003000101000000000002110000000010234000030
001100000000002000000020100000010000000040000
000002104003002001000030200320000000000004000
000200000000000000300002400014000000000044000
000000000004000100001003030002002000000000200
000040300402100000000000021000000100001000043
040002040100000000000000000400030300002000010
200000000000000010234200000000000010000020030
003341030000040200000000000000010001000000000
200000000004000040000000000002000000004020000
400010000000000000020000040000000000000000300
300000102100000000000004000002000000300400000
302000300004000100000002000300000020004000000
000000000002010000000013000124013000000020230
000000022302000300000420001020010002010300200
034010000001010000000000000000003000000000030
001000000000020002000020000021101004000000200
201000002000000010000300002000000000010040000
404000003403040403010040000000100000000004021
000300000000000000000000000300420002000000022
000400040004000000004000100000100000400000001
000000030000000000000200004000030000044000300
000200000000300000040000300000000000000000002
002020001400000400040400000000102010010000040
000223004000400000000000120000000000023004000
000003400010000000000000204000000300000200000
300403040010100000000030000000002020000000000
300340002440430001000000000000000040003000100
000100000000200000000000001004040000000000300
000000000203001000000000041002100000020000201
000000040030031000010100030010000000000000000
000230010023000004141000000340000000000000000
000000000003012020000010030000000000000003000
400020001200000030000000040000000000000000000
000200200040100000000000000200004000004000000
000000000000300020000100004000003001200040040
330000000000340000400300101010200000000040000
000000000000000030000000000300000100040043000
000020010003004000201003000000020000000004040
000100030100003000003000000010234020000300030
000000000000002040000000000003001014001000301
