40 5
0401450030200003010130220300110004030000
0000002100000000000040400020500503023040
0202030011000000050000000002002230000004
0000000000002000000400530405430013512000
0200000003420000000301000020334000001000
0000540000000000405002010000000401020105
0200500000400000000030000003303200134520
1052010020400000000030005000500400500401
0000105000420000032000000000403000500011
0000040350040100054000550000040002004000
4000400004000000000513003500000020004040
0300300200000000000040000000000000553220
0210000000003000410000000040040200000002
1052232425000005100031400100000002001000
4000000000010054005141000004001302002150
0000005002200035000000004000300040200020
0000000000050501410303230003521000000005
0003402000301000300002005000051005001000
3010015000020025000000050001003050000000
3433020002012000010000000040000500535400
5200040020000343002010020000050110000401
0000005200300005000000004000300001040015
1010301002501000320000400020000403030000
2001025052000000000320040445401000500340
4501045400000000000055055004500200001000
0224005000500200033202000000220103045400
2103000050150200001010035000003003031010
4010004043100400001310130500001000010432
0000300000000000020000202000000000000001
3000000002000000000000405000143030031000
0000020000450100500205002052500003002004
0001015130550001040000000000303400000000
4000100030500003000000034501000002350440
5005000000000010042404052100051040000003
0000002005000002400530000000002143004001
0000000000400540000000000031004000000040
0202000005000050000000305103010000251002
0000003000003005000125005300000300301403
3400002040033001020200020000000040000030
0000000040500000004001000500100100000000
