40 5
5005000000001000400043030551300010000011
0000000100010030203054003050020400021000
0300000400053000340023054000031120000022
0000001002005010005400000010530430002000
0002002000000500010000000540000045003000
0005000500005200500000000000050000001005
0021000003004002400340000000000200000000
0000000005005503200200000000004025000004
0000550100201502034020215250000000050041
0003054000000030050300140000200000123032
1400000004000000020005000001451003003041
2404053005000100211000040035010200004004
0000000300000000003224420000005053030000
0000010000000055000004000200401300001200
2302005034500002030000000400210320100000
0400430200200100000101303440000010000000
3000000040042000503005004055000040003250
0105020000022014044500000240000031430000
3420000010000000000000000000000050000000
4000000300300000003521000010201000100405
0050501000000002000050523420000044300500
0503040040000000340000002001032020000005
1005000004000303000004000000031000405005
0002003030000104201001030004100010000100
0003110003000000010100004030020000000000
0500000540300000205005400500200000000300
0400050300000050000000000003001003002000
0100010500040040005115042000000005000000
0305000232050000200400000010000000000350
0001000430202000050500200340000100050050
0000000004300001201000030040200200003010
3000300550000000000004310400300000004000
0000003002002003000000200000005400430005
0005220033000000200500000000045100000000
0002100104030014100004000050033050000020
4022100400000000014000000000004001003504
2000100000002004010000033302013000005500
0001011214005220000200005000101220130010
0205250401210300400002003045050014410004
0000400000020130340003230350400100112420
