40 5
0240300000050020000000400020050040500442
1000003000023000105012400300300000500303
0040000202000001040052005002000000300000
3000001000010103505010000401304555000003
0050000004500502002202003000000000000300
3310005020020002000044010050000000530031
0200012024030300030003202440204000033500
0100330000043000000103000000105000000002
0000000000300013000000004000000500000000
3000002252000110003000004003040001022000
0000400220000200000020202000035315240005
0000000310000400030400000044100030000005
0000050005002005003204050351000000200010
5040410004033050000501050400001040052500
3230003010005045200020000002500000250110
0052020430503000400000050004000000000000
0200021000500002005040000001012000050100
1200533000001001003001002000000104201200
0200000004000040000010050000000000400510
0250030210101000200000000041200000000300
0410000320002500000000400000340500001400
0300203000040400500000005020005000250010
1000005000050000050000105005500000000004
3000020000002300000000042000200000050040
0000213250000000020000000000035010103004
0000013004000004000001400030000000000400
0205100400430000003102012042003010505000
0023540001000000001300005000300004200400
0030000004000000000024500010040000100000
1043000005510000300300004000500000125000
0000000000000003003000000010000003045020
3000350304005001140430014005300043102004
0000100005010020200010000000000000050200
5000400050200000000020100000005000104050
1150400000450011320050003000010130030500
1001000001000004030050510000000040040222
0101214000020100003300010003522434502000
0000000450000300000004000020050003000000
0040000054010020130000304044000300050241
1450400030030050100003040024100410400430
