40 5
0000304103550044000011000000131000150010
5100002000002302000001400032003000000100
3054200101004000000100050200051333040041
2000300300000202000000005000003040000000
0000022100000000310023050100000400000000
0050040300050100540050110031200100010004
0002000300005350005305514000001000100004
1000300040001000210005512000000050005000
3000202100005041040400020050000040400400
0410010030020024400300000000240005340000
0050003000500004003002034000004003040051
3004021030000000200303220001050000402004
0200300000001220052000030001500050110000
0005030100000000100302000400000000300000
0000200100000103444220305300100400030000
0300000000000004233002350405000510000400
0000100005302500442000500302030000100320
5000330005504102100000000000001400004040
0100304401000400404400503000015205003000
2030100100300050000000003001003320240000
5004422230130000044020040004050210040500
4000501020000240000000030120041050020532
0000000100002002040000040100200045300000
4000000335000030000000000200005000021002
2000000201020000000000400000052002000550
5002004320305000000000150000505230000040
0000030000153000500001200000000020010030
0000002000050050440100003504001010030000
5100004000050000000000200000502001000000
0245030000405203000000000030000050000002
0150000400200000000002100000000050204030
0300050003000005050050000500404000200030
0512000005400001000000144054000001100030
0000000005400040500000000003000100000000
0002400010010003020000000004050500000000
0040000000000400031033000102302450005000
0000505000504003000035000200250000000000
0120000004030000025324010130002030000001
0000220050000000024040040001020100200010
0003020050300100001143000000000000001035
