40 5
0015100502000220030011000005102000000001
0000003120021050000000004000034020300000
0004000400001200000020023400100000040000
0400000000000004003000304002000140001010
0101014004002522000400050000043250001005
0000000020000153000000000200400000001525
0000050020003000500000200000310000200001
5000400300420103002000003020000305420000
5000005000035000004040050022000023353000
1010004530100001000050004403000030531000
0000035011022000300010010004000000100030
5005001400040523000000003000145003000100
0500001002000002400200240003204001020303
0310034001300020300405310005003041000000
0000305500000003031000002000000000003110
0010050000000022040005000020020041105022
0005010400055003040050000110022300000400
4005000410450000000430000540030030045000
2000040000005050240000300003210104002040
2400010003000001200040014000100400000030
0040000013542000100004030000500000402000
0000000000020003005045500000002002140050
0000000003033004000501003000025000040002
0200300000005010003040303005000020520400
0001005002505000205510004001502010502050
0000000010000000000000100000000240050030
5030422045020000040540000300030010005000
0000400200310500100420000052405000000101
0004000500000030000250055041005000000050
2530000030003300001000000000000001031000
3050000000000010003004010502300100003000
0230000030143040000230035000002003000021
0000010520000304300001000014300005001003
1200000000005003000000000050002000000301
0000104000221040123430004000000001025004
0000000012000000010403005001445400000300
0034000400120005000022005000005000100004
0500505020020300000000400054000033012000
0020020000000005420440045000002000000005
3000040000000010001200400000404000300030
