40 5
0043002000400410000000500000035005000520
0002000000001003432000011000002000000005
0040000023000000010301001043000000000310
2040000001032401000000505200001001000050
0003250020000140002000000030420000001000
2000030031050000000001002040000000440010
2020200105043000005303000103100000300000
0000032200000000040400000005500000030150
0300000220000100010250000001000000000410
0230000001020210500020000015020300000005
1203300002000000035000020050000500013052
1050030000050001000005050000401003000020
1005300040000002004300200040400500024020
4005541100000000502000100020040004000030
0300000000000000000000030300000500045003
0010000210300044034030100500040000000050
0000020030000050115500010000025021352154
0000151002033300000414000000000004000100
4002504003500345240004500000002000031500
0001000004321425000000000000020400000003
0000000000000040000000000000001100050045
0000000500020000130000004233000201000001
0000000444020000020040050012040000200000
0010502000035005400000020020501004025000
2030500030011000240002000005000050200402
0000000000000440054040000000030010410055
0520030000030312000004000000001005031510
0000001500000302002050200000050230500000
0000000130400000400010000000003500305000
0000500100010000305000000400200030110000
0000000110000423000020520002100010003300
0000000200240303400005300141000005053000
0002000302000230010050400003000003030003
0303000200000005030031024005300355005000
0000100000003430041000400120040240004000
0004020450000113200004004000015540100443
0204003300100502550000000000004000202401
4105402200405000505000004100140000000000
4504000005300050000210043400010000050331
1230402300040000200530400001000030000042
