40 5
0002000034003000030001000355200000000000
0000000000000000000000000000500003300000
3000030130000040051000103000200050004020
0003200500500000050000000104004502050041
0200000000200002000000000500044053022243
0230000014002000140203040000004000050045
1001001500000000031001400041003200050200
0500303000000030501100054100520000030300
3000002105013200015000000002304000005030
3413000002511005400020001040002401000003
0405003200300002040002000000400430000440
0500000511020030301040030000100000030000
0000000400001000010001000004040500002004
4020200102002004000100000005020002030000
2000012020034231031100100030003255011502
0002040425230000003010005000033205213000
0050000000130000000000000001023020000000
0020040000020400002040000000000005500015
0000201504501020500203002300000000041005
0033000301001000400033040500000002202000
0200530000000104010000404400000002050004
0000000000014510030304530400010044003040
0004000003402000100000000400010002055015
2000100000000002001000004240003000000001
0000000050015010050250320001100000010000
1000010305510000040040544500203300000000
0000020032041000000420003000000042044020
0010030020004005302040003510000310500354
0000000014002030032010000004005050500040
0545000000050000005000501312000202005003
0000000000005100000000004500020000400005
0000001101030000000000000000000040001200
0230003030040350020010340030100552004005
0210300320205420004502004001000205020003
0001045050300100050500000004200000505000
0031230000000400100000000050000004000000
0003000000001104004000300001001000000300
0100000430002030420000200020550000054000
0500203001030000040000034000400000415100
0000000000405500030000000050500502001000
