40 5
0005542000210010240001401000004204001342
0410000001000000020000000000001045030510
0003231000500000000400004340000003030000
0350040000003015002040000502403002050000
0420030003002000050000100005010300005050
0350200000004500044400000034003000302030
0002200000000002100000204100222100030000
0000000401034000000003300000200000020000
0500200000100053000221004002000305300000
4010020000000202100005000550000024005010
0002310050050404000033000540003000220503
0500030040000030000000000001202100002002
1023004002250000050000535000401200002000
0000000000000100300000350205000405340000
0000000030540045005000000253010000501000
0002004000003234010000200000443200004004
3010004040001003000010200100000100000000
0550000000000042000024000003004003003005
4000000000000401015000002500000000000250
0001000000500000002004200050005044355004
0050503011020003000040301005530001015000
0440220100005302000400010200000000000030
0000001000004001010004500040150000000040
0000004005000000543020000002003000401001
0001300314050030010005040030005000000420
5100000205000000000024050405004000055500
0000250103200000501100000110000000305000
2314033004000101050022000103100050340000
0000000000010000500245000000002010000005
0500000000002113400000301400520004330001
0005003020410203000030001000200453001020
0001230040000100400200000050034000052004
0040003050000200000000000001200010003001
5404000030500001000000000120010004010002
0001005000000010002030000003001100532000
0000150325230200300002400000010400330000
1010000020330000000540000020140010000000
0024030004023400003004013005050000001000
0004000300400000000005123301203040500000
0001000050500003013500002042040000050000
