40 5
5110011000300350014000000000100200410330
4015030000000000050201054000000000000003
0222000000200100040000352000000001000013
0040432030005025200004000200041000004440
3145010012002030305400000101050000000442
0420003050305000000100100420000000010004
0000200005001005000050451000000020015003
0002502200000000000300202240030501000300
0005323000000040000001004000005014500200
0014033440053000054000200000000420000000
0400205045430200051310000000022000003300
0200000001500000405000005300004052000000
0033000000000000000200250300500500045000
2000000034000000200000010000000001000020
0000000000000200005000050000000300023000
0000020040400042020000002031000005300001
1000000020100050140000000500300000200000
0030000100505000002010140000001000001100
4000202102002020033000000000002002000201
0000404023002010000100000401000010030000
0300040005050115000005000030000040300150
1001040300000003000040000500300313000000
0030500002520000010000000053200005000004
0000320000100000450300003004404000000002
0200425040000545300050000050500551000000
0050000011102000044000001000000300030004
0000000550140030000000005505110540030500
0200100000204200040002205100101043200004
2003000004000030005100023002000000000403
0001001000000030005040404005405000240000
2500000403000015020301100300300020042200
0000200000530010000013040400500000030500
0403000403000400005000015300000030030100
0005405000004200000000000004100001000000
4000000320040040000000003000250054050004
0400130302004000041120300010013410501012
4515315022424000011300003001300000002200
0000045003000000000050050000000002000030
0000001550000200000000020140533200010434
0003024013050123000003030500003000000520
