40 5
5500000000002002500000001035250250004100
0500000001035331000000000001003103020110
0000001000000021302401000000004550040202
0000000010040000500000000310010053000500
0250000150040002410301304000000010005005
5141050004000013202035000000030000020000
3000000505100020100543222131002055030250
5500000000250000000000035000000000134000
2401000510000010000000223500011503005340
5450203000002000000003340000500200004000
0041200000000500050000400024000430300030
0000500000021020500000050050500005000000
0500105000000305000000010431000010000150
0000230000230000002510000003000004000333
4005004000000010100522100000200204000403
0004000050010000004000335200000000400210
0000450000040005400000205000000000400000
4000000220010201300000500300020003000000
1202000000000003400000000000001100000400
2000220000145000300000000004004000110110
0000000341300000450300000000000400002500
1003104000030034000400110215201443020000
5140302001001050030020404300100002421140
0000445431002035200010025050000000000000
0100002305201000000040000040033500002000
0000100000000040020004045003005035300000
2003000023000020350010000040025330200005
0104000000040000000004033000100150003000
0440150200204002100344000013004105000200
0020040404003300500000000040000000000000
0200023403500000040000000300300000000100
0050104000000005001100000004000000000003
3000432010240210000010245045005000020000
0500200000005000000200000000300050020044
3003000030210300001000040000040040400000
0400000000003020020100002500000205000010
0000004302000000240050001000201300400032
3000010400000000040300220335040020030500
0504400201000210000500334000000100000000
0004000005000032000100300000000500051105
