40 5
0102001042000021300003000000303200000500
5200001020100202000120351000000003530013
0051040030500455005020010000000100000000
5000002005125450000001040500400104000115
0504000000250030000030104000002004001044
0000000050000003040000004042330000100000
3000010000004000520034000240000030545401
0044002000400500020124001050000400005050
0002550040031100000005110020000000000000
0400300001025305003204020000000000020000
0311000230005030005000000040000011402000
4000300130000000500040000020000240030434
5430000000000000003004005000230000040300
1000204000500200000310004232205000001000
2000500000550000403040000500000300000000
1524030000000020200004330002000040020431
0031000050040500000220130005100005203000
0000200000300005005200230300000000500000
3000202001003004400100502001000000300000
1000000040030000000004050400010002001300
0100000000030000000231010021001205051002
4210000140100040000000030000000000100054
0000000004000300000120000040100000020054
0005000044200501500004000005000000005050
4000552030000030000000000000000002500350
0000120000020315000300000004000030020401
0100100000000500000000001050005141035005
1003054300303040420000440050000002010040
5000000553000000420200001000025300005000
3002005010030000401003021040400005003000
3421000400000004400000000040004204000000
0001103004004024000500000000000330000400
0004100003303000010003000100330001002003
0010003340000200000050210000000000000020
0000004005020002020000204000510300100042
0000010005202000000450320010003400202050
0033200100002020000550200000000000520100
3200045001500003000000003031014003050000
0000001201000000000000010022030550000400
0502103500105005140050002331440000003100
