25 2
1220210020000000010000202
0002010100000010000000100
2200002100220200100001010
0210102002000120200001110
0002120000100010020101200
0222010210100100000100100
2022000020100000022002000
1000020010000001020000000
2021000202102000000002210
0200110010002202010101200
0000220000100000200002010
2110001000110000100000000
2220000200002000000000000
0000002110001000212212002
1002020002202001000000001
0001011002000010000100000
0121100201100101011000110
0000110001001000000000000
1202020000020000201000000
0010100020000000000000002
0000121000000001001020011
0000000100101000100010000
0000001000020002000020210
0200220110000222122200022
0000001120000020022001002
