25 2
0110001000000210010120020
1000220201000000000020010
0000002000010120020201012
2002201000010000000000200
0102000010000002011001200
0200111200102020012022200
0000120100021000000100002
2002221010000101010001000
0000000010100012200200120
0020210100000000001000000
0220001102201020000110100
0210022010000000020202000
0022000020010100001010001
0020200001022001100020010
0200020110001000000000000
0000100200021102010020101
0020010000200010020000000
0200110100000000010220121
2000020010000200020211000
0000000000020000000001120
0000000100022000100000010
1000000120020202000121000
0200012200020200002100000
0000100100012000000012011
0000122110002122000002000
