25 2
0210200010022000200000112
0002122002001021000000200
0100002000122000000000020
0002000000210012120110001
0000000200220000022010020
0220000000101001000221000
1110020000000000010000001
2000000000101010000000002
0120020020000200000111001
0012100100010200000002100
0000000002100001002002010
1210221221000010011000000
1020202001000220002200100
0000102200200000020000001
0110000220000001100100000
0002001002002000000100001
2000000002002000000020020
2000002200201110010201000
2002001102000000100001010
2002200002002000000001201
0121000100211000100100002
0000000210211000100020020
2000000120100000011201000
1010100020020002000101101
0011220000202000000001100
