25 2
2002200000201200100000201
2000000210000000010200200
0100021000200100010000201
0102001000200020201000000
1001010001002002012210000
1001211000000110202000000
0001200000010100001001002
0002000000011102020020010
0020110000012020220100220
0012002210001200202210000
0000110020200001022200000
0200100211020120000100200
0202000200020211011110000
0000000000000001010200000
0100000000010101000010001
2001100020001200202022000
0200002000000000010000001
0120200000102000010020000
2100120000200002200201100
0002211012020021000000011
0011202002012000000010000
0000000120000002000000011
0201202000200200000001010
0000000020010000000000000
1000110011102000220100200
