25 2
1002211211000020020000210
2002202020000000200100000
0001010020010000020001001
0210000000020002100000000
0101200001010021120000120
1220120002201001001000220
1020010202000000010000000
0201000020212120020102200
0200002122002200000002002
0002000002001002002002121
1000002011000120212001010
0020000200000001000000001
0010000001210101000002001
2001220000000202000210000
0021000100011012100200220
2000100000000200000001000
0010000000010020020000200
0220000002001210020100000
0000002101100000100000100
0100001200000000102000100
0010000000001000120011000
0000010000200101011221000
0000100000210201001000010
0100001000000002100201000
0220000100100212012220000
