25 2
0000000000100200020200212
0200001002001200201010000
0000210000110021001000100
0000200200000001000000120
1021002202000200021020020
0000120000021000001000001
0201000002021000000000000
2000101102002000010001200
0110000001020002210002001
1100000010001012000202000
0020102001010002002020000
1222201020001110012000122
0220100021012020000020020
0001020221010002000202200
2000002010010000002000000
1001200011000022000000012
0200000000101200000120000
0100020021020101200000110
0000000001010000000220002
0000010201010000000010001
0110020000011000002010010
1000200000200100000020010
0011002202100010000002000
0020120110021010000000002
0200002101100000102100200
