25 2
0000010200000000001020000
0000000002202002112000101
0211000000200000202020100
2010100010000002020200000
0000100020002001200000020
0010010200020201020200012
2020020100000021000111011
0000100000201020201000002
0100200120010000011102000
0000200000010021022000200
0020200021021200201100110
1010000201001000000200010
0102012111100000211002102
0221000200011001000000201
0100000010020020010000000
0000020101012100000210220
2010000000010001100000000
0000002202000200110001100
2100000112000020000020220
0100102200020000110002001
2220000101000000000002012
2100002000000121020000000
0220000010000200200200000
0000000002001002020111011
0001000000120000000000002
