25 2
1000202100012102210012012
0000102200121221001020000
1002000010002000000022102
0110000000002100012001000
1000000000200000001010100
0000100011000200200000210
0202120001201010002202100
0101100001000000000000111
0020000120002001200101000
1000001010200000002220002
2000021110000020000200001
0000220002100002010120000
0000000100000000100100020
2000211001100000200220000
2000100000000002000000100
0210102020000012021000010
0020001212100002000000020
1100201010000020001201000
0120000100010120020000210
0022020022002000010202001
0200000020000000021020021
0020000000100000002000120
0000000012000010100000000
0102000121100121020021000
0000000000000002002212010
