25 2
0100002000001000000000000
2200201002210001100201010
0002010000020020010001021
0100000022000210102202000
0102100020002100100000100
2021200001012012000010001
0000100000200000021201000
2000201000100000010000102
0021020002001000000001002
0000200022000201001101101
1002002111100200000000210
0000020210000002212020020
0000000010010002000010001
0000002000011000002002010
2110100000110000000000000
1010020100021001110000000
1202022002121211000200012
0010220000000212210100110
0000000020020010102100000
0000000210020002220200120
2010010001002020000000210
0102000200200002002020000
0000000201200000000000211
0022000000102200000000011
0010000002100000200000100
