25 2
0002222000100001000000001
0020020120000000100012020
0201200000210010100000000
2010001002000101002000000
0010200000010100100000000
2102220200200021210010010
0120000210001000000100000
0200021002012001011000010
0000211010100100000021010
2000000000021012021020001
0000012001102000210020010
0000010220202012000000000
0000200220000011020001020
0020000002110210010100002
0000000002020211110200020
0110001200100000202012000
1001000110002000021000000
0002112000100010012000000
0002002002100000020200001
0200001000002202000000001
0010000020000100020200012
0002200001110002102001100
0000020000120002010001000
0002000200002000012000201
2000010020000221000012201
