25 2
0012121102000110000010000
0111000220000010020000000
0000000010011002011220001
0220100200001000101200001
0210011022200120120220000
0000201000102100020101210
0010000000121010210000002
0100000010000020000200000
0002000100000000000100200
0200100000000201022012000
0200102021002000000000220
0002000000000000100001010
0201020000001000020200020
0021001002002202210222000
0112000020001000202110202
0000000100000120010000002
0012000002000111000200000
2002010000000010100020002
0110000000201201200100010
2200000000102000002000000
2011020200220101021200100
1001000002000200102020000
2011001000020000010000000
0102200100000001000001000
0000000120211121000220010
