25 2
0000002000200010002201100
2200000100000200120220010
0002000220000010010201010
0000110010000022000000200
0010001011010210000200021
0020010000221000000200020
2000000100100120210100001
0000010012000000000001000
0010020001100001000001022
0022000110000211000000210
2101120202020000010020201
2011000000012012220101000
2020102000200000000020001
0000200210011000210020100
0010000022121200020000202
0210001001202201012210100
1202000120000201020001000
0000020210000010000020201
0101020000020000002010002
0000010100001200110000010
0000200022002001000000020
0000100200000200200000010
1000001100210100000100000
0000010000012000020002100
0002010000001020020000210
