25 2
0100011012202221000000001
1212101201010101002112000
0000020010000000200200022
0002021200100102000020010
0100200000011022220020000
2100000100000000000000000
0000010000002001100020000
0002100100000020000010000
0000101000200000010202110
2001000000002000002000012
1000000110210201220000000
2000000021212200100112100
0000200000000000010000020
0200000010100012010000120
0020001010000021000020000
0000001000200000001001000
1002210211020000001002100
1002220001200100000021020
0200010000210011020022100
0102010200000000002002000
0120010102000000002010102
0000020020010201011021020
1000100102010022001022002
0000222000022020001020210
0000000001000000100100100
