25 2
2010000212000001021000010
2000002020020002000020102
0201010000002000000010000
0000000201000110000200002
2020202000000000010210010
1010010100100002012010000
0010120001200000010020010
2211100200100201002000120
2000010000000020122111100
0000210102010000100001020
0001000020120001002000000
0020001000001120000210110
0100002001001000000200000
0002111000000202000002002
0000001000012110000000100
0200200000020121101021010
0002000002201002000022002
0010210000202100000100010
2100002100020000202001000
0010100101000020000020012
0021120120000212000002120
2102001002010002000000000
0101020001010020000000000
2100210000020000020002202
2002000100000020000100002
