25 2
2100100000200221000000000
0000020000020000020002020
0000100000200000000201201
2100020000000020000001100
0111001100100012201011000
2202001000000000000000000
0012000020100000221010010
0022002000002010000202020
1010002000002022000002111
2001000100000101022000200
0110000001020210002000000
1202000010000002202100000
2000000001002120022020000
0000010000010000220010200
0000001011220010110200000
0000000022002000000010100
0112200000000002000220010
1000200100001100202000101
0002011001120001011000200
1020100200100122010100120
0220001211101020000002100
1100012001021020000000222
0000002200210001000100010
0001001121000202000000200
0000000000100221000100200
