25 2
0200122000001200001200100
2010122220000000001001000
1000000010100020000001010
2000000000002200022001200
0002100000002000101200002
0010000020100001100121010
2100002000000002002010000
0202121000100011000000122
0001020000002000121002000
2010110220210120012000020
0002001100220000020000001
2222002001202201002002000
0011000001100012002000210
0021000020111201001110000
2000000000000120101200011
0000220000001110000100021
0000000000210102000000000
1010010001000000000000201
0022000200020000000020101
0001002002200000020001010
1220212101000200000001000
0000002021000010000200020
0000000010000010010001020
2002001200020200010020001
0012000100200010000012000
