25 2
0200100010020100220000102
2220010000000000000000022
0000101002200000000202211
0010002000100100000000110
0001002200001011020000012
0000000000020020002002000
2211000020000000020000202
0100000200100110012000000
0002010010120001212001002
0002022010001000112002010
0000000101120001200010102
0010020201101000010210122
2100100000200020000000020
0020010002000222000200000
0010020001000000200022000
1000212221110011000200000
0000121000011100000010000
0000112000200200002000200
0021000020020100012000000
0010102101000020000000000
0010100000000001000001000
0210001112200120001000000
0212000120000220100000110
0010102200010100022200020
2000000001102020000110002
