30 3
000010000003311010300000000030
030010100010003000000102000000
100330002320020000001000003200
003302130031100000030000010130
000000100000130302030200000020
002021102000000000201030132020
102000100001010003301002030000
030003131010000220130100000102
022121000010100000000210300000
300100300010003000100032001213
013003010000001030030021030002
003002021120200301000000020002
003001000302100100000102020200
000000033300000000013200000200
030020300000000000030001000001
011002200000331033000200020011
000020000002002310303200010203
003001200003302020200202011021
000012003303200030000031000020
001120010100000000000220100102
000010000220000200000000030000
110020002003020301200002000200
100001000000010000000330030212
321000013210000300200032002000
000300302300030000300001020002
000010000200000020200330030030
300000022032000023000010000100
300120220330003032000003301000
003030000000002012000000020232
001000011003110200010010000003
