30 3
000100110302002103300020303100
000100003010030032200000300011
000002200200300000220000003000
033313000310103030001023110110
023000000100200000001030021103
100000200000000000000000222013
203020000030300000300000300011
300000020000000022000003010000
000110001002301001010110000010
102002302300000303300310302002
001020013000000002000000030020
200010031000000200202030020010
000213000200010000003201001032
000000002002300003003101302000
003000100002030030021330000000
300000000000000202010200200011
000020003200000003001200000000
000001220030002000030201021000
003000000301031003010300010200
020000102033121030000010101000
310230000200000203120000303000
000002200222200030001000000002
020303200110102300000111002300
130201000321003300002030000022
020000000110000020300030000001
032000111000000011010230010022
301000100010000000032003033000
203101000030030023003000200302
000010000000010200200000200000
203000021002000013001200003001
