30 3
300200000000300100030030100222
002010000001222000130000031300
011000000013023033000300023000
030020000301030013033320200000
300100030210000010002001031100
000120010020000000303302300000
030100000000300001010020203000
000100000032020020022033320000
001000000000300001010100313201
000000200001100100220000000002
210001030003012000300001000000
020030031003000200212100010020
032223031000202003300000003030
000010000021000000001100010002
012000002030023310201020000003
200003000000000000020310330000
300000202010000010100100000000
033102010021100100000300000202
000102302000100000000000000201
001303012300033000000200010000
310012000030020020003331020001
203000020000302003121200120000
003003030030000200300000002120
000000000200000000111200303020
023000300010001100123000032000
223000020000220101003000020310
200010331300010123002001002102
011000030020200100020201020011
000000000100000020002003000301
010000000001003000001030300000
