30 3
000032200300010000300001100200
010002011300000000010030000003
132030020202100010000200000002
000000030010232122023300000212
101030100000000033200000100100
201000000130000020002100100300
230102003000101101300121003002
000002000021010003100010130000
010000000030031020100203300320
100203221000000000200030130000
000003000000202023020100011000
232023032000010030000000023302
113000000130003020300121000000
000032200103230000000300210000
030000303300300001232210300000
130031100030102003010110020000
301003231003000200300010001000
020000020030100000000000000000
020230000010100201200020003000
030020100000000201000003001013
003000000000110000000000000133
002000000210020000100020300000
030210000001300001310100002000
013001000203010000210000020020
002301000203000000002002220200
131001030000020020220000010301
000010000303000000100000020200
000020003020233300020000130003
000000001023200032000010033330
000100010202030300020230010000
