30 3
000000000300300232030330003000
130001112330103022231000030101
000200020320013300002031201310
021330030030200330000300001300
300002002000000010012010020100
000330003002001000200000000200
000101100000102001000020001010
300220030030030000001100003100
202310000120002020101011000330
002000021030100000010020013020
023203000011000000000000000300
000003332300200010003200000003
032002000000000000000001020012
000030220000300000002000030003
020022102101000000120000000030
020003202002100011210300001000
000003130023000000002000202020
000030000013203003002000000000
300122000002000300000000102001
000000102300203301000000130001
000033002200000320001002320001
010030033320000001000120010010
200002112300001100300023000000
000031003102000000100301000030
003000000020100000000010031303
000220000020311000200200000010
020003000010000023001001300200
000000000013100000120022031200
010000000000011030121020200001
003000230101302300001120020000
