30 3
200000000000232000300030200003
000000002001002100300002000200
203000020000010000303033302132
100301000023000000100133003000
000000000300010010000000200030
022000010113000100000000000100
100000101000000200002030002200
300000100010000033002130120101
003003000300020310013002000210
300001331033020320000203030230
003310000000202222200010000200
200010000000010100020002100002
000003010130120000020020033002
201000002322001102300010000300
200000330013000001200211000003
320002102000010000201010020000
000000100000020102000103001003
001000000000200032300000000100
100000201030030102301100011000
030033201030000203000003002000
023012030010000130001010000002
000000003020000200210000000200
000010000000001030003000330000
000000020022110000033300000000
000200231002111030130300000302
200331310000023100300010100300
000010100300012000220020000203
001003300001030130110001020000
002000300121100021302000030300
000021210200002223030021000002
