30 3
333031200310210000000300003100
000003330000203130000030020122
300300000010000000030002300000
000103110000013000000000100000
000300001001100000021300000000
000003000000000000003113002310
203300112100003000000200002000
300010002000022001032000000100
010013200000220010313200030000
030031010233320100300002201303
200031300000000001000300321010
101010000000030020100110000000
212000100100300100000002000020
002300020000012000000320121300
000103000002230000202010000003
001120000123003000000000200000
002013010003000300200002002010
200100002002002000030010013013
002030220201210002220000010001
010020100000020200000120000000
000111003300030000000000000000
000000000000302020212001202030
301200012032033003000001033022
020020000200030220000000100030
020003010203202123000300301000
010100302000210000000000000200
013001001100101002000310000020
023101013022300200000022000032
203100003003120000330100003003
300010301000021300003000000000
