30 3
000020320000000003033000230000
000110020100020001200013101100
020000000000033020302020300000
102000300000010000032302300020
001002001003011003000233300003
000000300000310000200013010032
000200113100020321310320020310
000100020030002012100301000000
030200000000020000000001220300
330002000030000120100300330303
032000000120002002000001000300
020000230210000030100030000000
002300000200000001311000300002
003011300011021000000000000001
220012002230113000000000100001
310001300220002002001020000012
200200000000302000001300000300
000331000020000002003032000323
000300000031000000303011320000
000032220000000000000200000010
000010000020010000010000220030
230002000001103330000010100202
132030000003203130030200002010
030300001002100201100300102200
200100000003000002010010000002
021112003000003001102022000000
330000330001000101100330001010
003021000020010003102002000331
000310110100000201200000030221
001000020001000000200002010030
