30 3
020000300321000000000000010100
320000300003200000002000020003
000000001000000013003021000010
020020001000000030002230201000
001003021300003100100102301030
031103001100300000001030002003
100000000320203000022031000000
000000320000010000210000000030
230001003210000010020001300001
000002000000010000000002021012
000011000020000012020000100100
000000200100003010000020100100
100020210000031000200000001000
000000012200000301010001000010
320301030000000000101100000020
203003000300000030103000000303
001000010023320000000000100020
020132332211003020300000030333
103002000001000201303100000000
003200310003300103020022010300
003300100210020020001000000000
000312032010301323003030000002
020002200010031002222020310000
000033000000003001001002200000
002002301000030202200001220001
013001010033200320020303320020
020003200003030010001131131030
012300030000030002030002003020
100202020020002002033000110302
001001301000010002100220030000
