30 3
020000000022030200020000020000
000000112300210101000000000330
130200120010031003101020010002
003001020302030000000002000000
301202000300000002030003220000
031000003003100033000330003300
200003000200102000001230000212
000110230100201202001000300000
120022201100001000030010100001
000000200000201110000000030000
003031002000020000003020001000
312100002013332210031000000020
101000000010020000000000033100
020320303010103000010200102000
001210231010100000020000030020
002000202130000322200000003120
031223003000000212200300133000
001000300013200030000100003301
003020000003300003000220000000
000330000000030000003000200000
000030000000010100000000032303
300020012201002301310003201101
203001302000001020000320010100
031030010301000030030000000302
000010030202000032003030031010
031030000210010000000010000000
000101301000002010213020000000
102311002020013000000030000003
003000000020201000220001000300
230000000000012220100000020100
