30 3
000003000002012003030000010031
310000000103200001200100020000
201013030320302110210010010002
000000100001000100030002000100
020010003200100000210000300000
020003000000320200021003032002
103030000030013130320010000022
301031103202120000100002202032
010000000000310331000010000022
000000002000202000010022000030
100000000000200000110010000300
320003000113020000003030000002
000030000000002000020010000003
200000103013002002003223002000
001030022003210010000300032000
000030100000002012300000200003
100000000000111000100100003023
100223000001001213002031301000
000000032200000003032000000001
100220003022333002300130000010
300030222212000000000001000302
010000230000000003100002300000
000010020102002002000030001002
200003033020002103003330000020
002200032000110030301030010001
300300300102320203200000210000
033000001000000030000000000000
131203000103000011310022000310
001002021200101000003000010101
003000000003010010101000300000
