30 3
011010302300030001020000030020
000303000301020020112003022100
130000010030000000330030030100
202000000001300000032001120030
023010000300020000200003030110
000002100000030230002000001200
000003033000001000000030300200
000001021000300003103000000130
022003012003200002010002030300
000300030030300000030000000210
000030000300000020103200223000
030002000310033300031010301130
100001000100000012200100013030
200202012012220020100033001303
001000100200001022000300000030
020100000020120301020301030202
031213002032020210210200001020
003000022002133001100022001001
000000003003300322200000210010
023003000200313001011001000001
000020223200100000100020100012
110000001002011000000001000020
000203003002130210000300000300
010000003000010000000000000000
100200300030220100020001000000
022000113002000000002000013100
133220000010000000023002200000
010000020000002000000000320000
000000000103000233300030000111
000100010000000030000002131000
