30 3
303002100003310002211102030003
000100000202022100030001000031
001000300002021100302033200303
000100000030000000000300032300
000100000200000330030000000000
000012030003100000013000100030
000130000000000012220120030003
000300000000003001020000000013
001003200020000300023030002202
000320000200000020000030000000
001200000030003002030230121020
230001320030330030000010010000
020001002000101200032031000000
011000322020110032011000230022
002202000300021201100031000000
010000030200003033000300020020
000300001303300120020020002102
000200003221103000000000330003
000020001010023310030130000200
002003112020100130030010200300
010102000200000000102202130000
200002000000003200300002000010
002000001100000100010100000000
030100000203002100000100000310
002103023000001002001000013300
002200000000120000300213000031
003201001210011011010000021111
002033002030000100010000002030
000002200030130000000010000000
010303000002000100130032010020
