30 3
300000020210101000000020000000
022020000120112012301012300001
200000030032000020200030003000
000200001000032000020320021000
103000001030000000002010101010
030330101003100003003000012102
002000010331000200020203010011
000300012000003000000300000000
002010000001030000000311200002
300200100220230333010002200030
100030000300010020000301202100
000000200003000003100102230230
003000002000000300123210000000
100001100001000001000020000022
100000020022021000000110001000
001210132030000220030330230032
000200000000002003001310103111
100101000030000031000022320000
000100301030000002003123022030
202010000303000000000000030000
003120000000000000000030000003
000200120100330100000101003011
020030312002330000012010001203
130000000000000101000100001003
330302001000020133000000300000
002000120033002132020000100000
200000102022000001301000200000
001000030130000300000320000000
200000003203032320230200000100
301200000301000030033202000030
