30 3
101100000030100100001200001022
000000110000001100010000002300
003000000020320323012030000030
002010120230210030020000000002
000002302002100000003000200033
030000203000000110312100000312
020000010030001110000300000000
230000000000230100003002100001
013030003000000030113002030100
002030000002023003101301002122
033120000030200030000200002103
022000021110003003100303000002
000020033030000000003030020003
202021013313000000101003010000
000003020300030001000010101100
020000000000000300010100331000
130300300023000000020000000020
003002000000020302013000302102
000000000301000010330000000000
000302002000002002011002000010
000000300001003300100300002020
020200220121120300020020000000
101000121032300002000000000203
000333000000200200000130000220
133000000000030000000013300112
010002001001010100323300000010
030300200013101000001101110000
100000320000220201200000321020
003210200021000000000200202000
300201020000030000030102230200
