30 3
000030000000210030000000000000
330000001302100000030103000000
000000010030300300200000000002
000020000000333030000300002030
030000202301000003000023000010
002000001000110000000000310300
000022000001300002003000303000
010000033101300000020012300210
000020020030000130100001000002
032300001022000003020022200000
000203001020300022003020021000
100000000200023000120200000000
020000210203200300001000010010
120000000300010300100202302202
000120003120001323012000021020
031331030000203210002020000000
000130000030000000202132101301
000200010030000030200223003000
223001201001300013200210100000
101130102130010030003323000130
100030003011000213000001010000
010000201020121000033230100000
000000300010000200300300002001
300301300300001001000003001010
200000010030003000001101010000
200110020001010210300300023021
000302001123000002101000000200
030033202000120002000020021200
100002000300000020320000000001
100020003110000302301000003200
