40 4
0000300300000000030000000014200000000000
2010000300220400000000000000440000003302
0000003000300000300000401011000000024002
0000030020001042140000004000022000100402
0000000001000020020000200000000044010040
2401000000000400000003000000003000020000
0001300000000003000100030020004100032410
0000000000000400330000040030000000031000
0300003012000040000202030030400000004024
0000400002200000000000040002030000000300
0204000000000000004100200042000000000000
0000000000000010040000000200000000000000
0030100000012100200003003011040014032021
0444000000000000000000101041000040000030
0000000300020012430003000010003001004332
0001000000002300002000310002300000010000
0004200100000100000000003200002000002020
0040013000000000000214100400040300020011
0000000213401230010001112000030002002003
0440000000001000000000000200003140200000
0043100001000001004000000000120020000002
0000003000300020020000000110030300310000
0300303000020000000314004030000200033000
2003110010000000330101404400002100210000
0000400000000000044000330000400204000410
0304000010430001000000000000000000000013
4000300200340100000000000000022020003000
0002401000400334000000302002001000000000
0034420200000000104120001202000000000000
0400200040000000202004000000000102001001
0000000300202000000000000300001400000020
0000440100000002400013010030000030000000
0000000000300100200000300000204000000000
0000000000001002001000003042104000000000
3010004000020100000000000000040000300033
0110000020004400300300230000000002000104
2300020040000024301034000000302001040020
0000004140400000000101004300000030320000
0000000000000000010000004441040400403000
0310000000000200000004000000000000100000
