40 4
0330000000400000000000024034001120000000
0004043000040002100000000000002000034200
2000330000000101030000021000040004200004
0000000000000034033020002400000000003000
1000004030400003200000001000400400300400
0400040000000010004000001000000000402000
0000201000000300001100000301000001000000
0300000000003000444000000330034300000000
0130020000332100000100331400000000000013
0000000000000040004000000000000400040040
1001440002002200002200020001200004000100
0030000000000013000400300040030040000000
0004040000410000000000000040004000012004
0000201000000020000000033100004000030002
1000000002010032004000000002000200040010
1030000220000040000000003000010004000000
0020000330100100430000040001000003030002
0000002001000001300100200400000000000400
0200020000000200302010300000000200023000
0000000210001000000020100000000043400000
0000010002031000300130120300013000000000
1020000002003000303400300400000400300000
0000003000000204000000440000000043403000
0003002310000020200200401010000000400000
0000002000002001000100140000300400000000
0000000000000020000100002000000332400000
0030004000000000000001010031000002000000
0000000004010002200000201032100000000100
3000002000001031300000200010000102400000
0100000000000000030020000000000030000000
0440000024340100400200403200011002010313
0400200140000000402000100003041234004010
2200000010000002200320200400030000001020
0000220100000000041000002000004002011000
2000400000300000101300000031040200000100
0000031000000020400003020003000001420000
0430010000140000000200003002012001131000
0000000300000003000301400000000002004022
0003000000041000000040000340201000000030
0000000001002030403040000040200000000420
