40 4
0401400030200003010130220300110004030000
0000002100000000000040400020000003023040
0202030011000000000000000002002230000004
0000000000002000000400030400430013012000
0200000003420000000301000020334000001000
0000040000000000400002010000000401020100
0200000000400000000030000003303200134020
1002010020400000000030000000000400000401
0000100000420000032000000000403000000011
0000040300040100004000000000040002004000
4000400004000000000013003000000020004040
0300300200000000000040000000000000003220
0210000000003000410000000040040200000002
1002232420000000100031400100000002001000
4000000000010004000141000004001302002100
0000000002200030000000004000300040200020
0000000000000001410303230003021000000000
0003402000301000300002000000001000001000
3010010000020020000000000001003000000000
3433020002012000010000000040000000030400
0200040020000343002010020000000110000401
0000000200300000000000004000300001040010
1010301002001000320000400020000403030000
2001020002000000000320040440401000000340
4001040400000000000000000004000200001000
0224000000000200033202000000220103040400
2103000000100200001010030000003003031010
4010004043100400001310130000001000010432
0000300000000000020000202000000000000001
3000000002000000000000400000143030031000
0000020000400100000200002002000003002004
0001010130000001040000000000303400000000
4000100030000003000000034001000002300440
0000000000000010042404002100001040000003
0000002000000002400030000000002143004001
0000000000400040000000000031004000000040
0202000000000000000000300103010000201002
0000003000003000000120000300000300301403
3400002040033001020200020000000040000030
0000000040000000004001000000100100000000
