40 4
0000002230000000000100002000040200311000
0000100000100000003004001000401000020030
0000003000144000120020000020330000300100
0000300010100003000100000040004040301002
0000000100010000020000000010040410000302
0001000000000010000000000104331300300002
0000010020010000004001000101000040444000
0004024100010100001103400304000030204003
2000000000004001000403003200000031010000
4000200000000200002000300000000001002040
0000001000000000000000010004100010010000
3003203300300001012003000000020000000130
3000022000000000430040000000030400000000
0000001043300040000300300000031003000010
2040003300403210100420000000003020000300
0000210040000040000000000030200000000020
0003000002302001210000000000000300030400
0000000000220003234030230001000000010000
1302040010000000010300000003000100400000
4000020002030000000104000000400000000000
0000000000100100000000040000000400000000
0001031004003030300000102000331404030041
2200204000000000003200020000300000000404
0402200000004424031000000400000130000200
0000000300000001000001000000000004010000
4304000030024202400020000100000400000303
0040030031000032400302100100400000000100
0000003000002100000001000440014010000400
3000004340000440000000000020000000000021
0200400000000000200000000020000000004000
3000000200200420303302400000001004001010
0200000000100000000000000000100000000000
0000002040000000102401000000200002100000
0002002000002400004003004400130000200222
0004000010000000000002000000000010300042
0000000020000003000300000000000100434000
2003000300000030010000400000000102022420
0001042000000400000000000301000300302023
0004200010300000010400004002041200000030
0000002000004000000000000402200002002040
