40 4
0402010003300310000204300034424141002030
4000100000012000000000000000000400000030
0000121000030020000404003103010000040420
0010000000000000000000401200340100000030
0013000120020000020240043100000001000030
0000000000220002024320000040000000010000
0040010000040000003000030210000024030000
0003010010200043001000000200430010210002
0000003000000040000000000100000200030100
0010200102104000000020000020400000030100
3230004030000030000020100400010000000400
0004100000004030200010201030000000000000
0003001300000003000000000000000002403440
4403200000000020040400300222040000000040
1000000010000000000000000000000000000400
1000430003000300330000000140000200000042
0010000400000000000000000000041100440000
0300001020300000030000000000022000044000
0000012040002240400003000000030002202000
0000300000040000000000400102000002040003
0020100001000200010000000000020040004020
0304000401100010310300001004000004334004
0200000000400000000200003204000400004000
0010000000100440000000000001000000004003
0000000101000000010000003000100110001004
0034010230000000001202000000004031000000
0000010000000000000000102000000003400000
3000040020003002002000000000300304100300
0004320100000000024000000000100000000100
2000000020000200040004021000400021004000
0000020003000010200003012004030300303020
0000000040400010002200004000000003102000
1000300003300000230003000002000200020003
0203000000000000000200000023000001001000
0204141010341002010000020300200000400000
0000030101004000004000000000100301130000
0003000000000321000000003010000000000200
0400000000100000000104040000000040030400
0000003000000203100003000010030003100032
0000020030030000230000000040240000022000
