40 4
0300004000000030000440200403000000000200
0000020100003001401020000000302004002000
0012000004400000100040000100300000000000
0000000000000004133001000010000100200323
0000100300000400100000000200000430000014
0401000022000200100000000302000300000130
0030000000100040004000001000030120000001
0000021000002002000001000013000000000330
0000000041100200000000000000020320001001
0020130400000000000000400000100004030030
0000010400000002110040001400000440020000
0000042140000042000000100000000030000000
0000002000020000003000003000400320400004
0000000003000000000100004200000300000103
0004003000000300000000000020000000200400
0000100040001000002000323000230300000012
0103000000002040320000040340200001000000
0001000400021002011010000000400000000230
0000021400032000032004023200200001001000
0203000000000200000000002100003000000000
0000000000000300013000000000030420100100
0000000030000000000000000031111100000000
0000020004010010310030000000000030202030
0001000000404210004000301400442013004004
0000004320000040010000044000400400403000
0000000430022000304042000203010320000230
2340041000004000000000404000442300000000
0000004200400102000000001010040300010400
0000024001043000340010020003400013202200
0000302000430003010200000001030000010000
0030000030000000000000000000000020000000
0004030010001400000023000000000000040002
0000034100030000000200000000000130000000
3000000030010000230001000000400130000020
0200430320100000204000000000004000200000
4000403000000400040000000000000042000000
0410002034110230000010042003000230000040
2000300413000200000012010000000000000401
1002000000400000310000000000000400002300
0200000030020030200000000021231000000104
