40 4
0000000041042004440000300000000002000000
3000000100000200000010100040000001022030
0000000130000000000004000000000020320001
0000030200100120000000040001000103300000
0300000100204000000000044020004002000003
0330044001000000000000000442000000200402
0020044000000000000004400004100400302000
0001200003000200000040000000000000200000
0300000010000003000200000000200034200000
0023340034000002000000022000000000000000
0000024030200000000000000040004002000000
0000000042420000000300002003002300002000
0300003000100000202403400000201000302021
0000011000000013033000400040044000000000
0330000020000001000000003000000000400004
0012000031002003000100000100000201030100
0001002130404100132200201000010021000000
4301033010420000404003004000000300001000
0400030000002110200000000000000000042002
0033000300400000000003000001410000440003
0000200020000000010000001040300300020000
2000000004000000403002001140000000000010
3030001030020000030003103000000000100300
0300400020000400010040000004000222001000
1003231001000400202100000000000001040400
3000000000030000040202000004240040021004
0020200040302100200000002030001000000000
0010004100400020000001000300410400030000
0301200003000000000100001000000400002000
0000003000000000000000001004000340000000
0303400400000000100000000000030001000400
3000000020040400201000000004000000000400
0000000100040233100300000000000000000320
0001021010020010001000000000003010020330
0300120003002000000000400300000332012000
0000100010000004010000001311410000024000
3000300030000400003000410000040000000000
0410000001000000300200200000101003040304
0400001000040001001002401004000300000000
0000400003000000200001020002022310200000
