40 4
0000000000300001000001004000000000000000
0020242004143323000023000130003000004000
0020100001000002400000000000000210000000
0030000300131040000000000200402040100200
3002001000002000000000000032010030000103
0000000003010000300300000000040200100000
0400000000000001300000300100000000023000
0223120000001130000004401000000040042201
0121200400000004030000040000000000000000
3001000004104004132100000003000000200200
0200000000010002014000000040000000300000
0000001000100000000000002000000000000010
0000000004200004003404000004000010300400
0420000000410000000300030440002004320000
3000120002132200000100000000010000004000
4000000040002000420000020000100333000410
0000020004000400200300000400000000000200
0320104004010000000000000000040000002400
3000000002200104004010000014000300100000
0200001030344000012300020040000030010304
0000224240030400000200200104000400000000
0003000100033040002030000000000000040000
0000100300002000002000010330300002314000
0001000000003000000004000000000000010002
0033000040000140100200011040404000401120
0010300000000000000001000403030020101000
2001000401002000001004420010020000000000
4000002000030000040002000000003000000000
0000030003000000000401020001000100003030
0040000010011000000000303001030000010040
4000010221043002000002100300000040300000
0000003300320000004100000000100000003020
0001000002200000320010000000204210003030
0004303030000022000441030000202000400000
2004000302020410100102000002330400000300
0021000023000203003002000000040110004004
0000020010004004000003420000400000000200
0020000030333030000000001000000100010000
0000100000000000000000400200003040000400
0100000420000000300000000000000000000000
