40 4
0000100110001000032400400000400000010000
0002000000340400100300000000040000000002
0000100000200001000000000000430200001000
0000021000000030000004040020040000200410
0020000201024003020000020000200023000000
0040000000001040010000000000001000030020
0000000100000043000004000000000000020040
0000000110303000200004013001001000040001
3000000000012000200200000000404030001000
0000000000000402100040230004100040040300
2000300000030000101000200000000210000000
0040043001001003000040002000001000400340
0001000040000104030001000000034340030002
0200000000103010001000002403000040000000
0000030340000104002001040000200020000030
4040300000040001030000030200002012000000
0040000030000030020000440000000210000000
3000000000000000004003000000000130420000
4002010003020000200000000200100000000040
0000133030100000000003400200000202102000
0001000004000003200000100202022002002010
0103440040000010000400320000030040340000
0000000100130401033200032002031020240020
0434300000003000000100200004002400100001
0000000004020000000000000010102210020040
0002040000000002003000340000230300000003
0000304000003020000000000020000301003000
0000000000000000000040000002000040000040
4001000400000000000000010000000000200004
4310000031000320040002000011300004301000
0040000400303000202401000002020000100301
2300423000010000000000000000300000200001
4000100030200200430300200000020030100001
0100300003000000300000010020001030000042
3000000020000000300000034000100004100000
0000000004430000040000100004000000210001
3420000000000001002000040403000000100032
0300003000000410000224020121204001000000
0000000000000000010030002301110000040010
0300000004304000030000000000300000010300
