40 4
0000000031424000040000000000030001000200
3420000000000300010020003200010014000000
3004000003000001000000000404040400000000
3000000102401034000001000041000310000002
0000004420143104123000004130100400040330
0000000002303100002040030010000000200000
0000040300000400441100000003102033000000
1030004004300000140210040021024400000400
0000000100000004000400000202402000013441
0000000004002000300000012000001030010000
1000100000002000001300003002000011000200
0400030030200031000000004000000000000200
0110200000000000301040000010100030000000
0030000040021000004004000002000003400020
0300000000000040000030020120000000000000
0004000200020402040000010000000000100100
0300000001000000000040002000024411042000
0140000103000000000330000000030000000000
0040000400003000000300000310300000000002
0302000000000000000030000002000000120002
0010010040000000000400032300000030020400
0000100021002010000030001040000000000000
0000402000200004300000000030001000400000
3104000322042002020002000000000200002003
2000000002440310000000000000000000300202
0201000100030004203000000000000123000420
0002303040210001400100000000330002033030
1011000000200140000020003000100020000000
0000034000200200002000100400004000020000
0030000002300000000000030000000400200040
0004000040400000004000300000240003003400
0200000000003003000221000000000020000030
0000010000000000000000430000300000001000
0012000310003000000130001320000000000010
2100002002004020000000000340240000000003
0140002000000003404000000000101000200000
2120000000000000000000000043400000120300
3300000000300000320003000010000130400000
0201400033020000400011000120400000002100
4010040100100000004000001004000200000000
