40 4
0000101000122004000000000000024000000000
0000001202004040000000220000003200000200
0000000400000004100100030301100000010203
4000040241000000000004002000020100011004
0000023031220000000030100000400024000002
0020000010000002000133040003000000400040
0400440002023020000000001000034010320000
0002141000304000000000024021000401020300
0000000200000000420000030403000001001000
0100000000000100003100000000000000000000
0020000300010100004000000000300020000001
0000003000103000000013042300004100010000
1400000000000003003000220300000103000400
0000000003040100300010012020000000000020
4000330000200000002100002003002001400000
0240040004040000000200013400030000000100
0300000000020020000400200000001000000000
2000002000100300001000030400010000100001
3103010010020000040000000030400000000000
0000002300000420000400020023203040000000
2020103000001100003000000034040000300410
0200000442000000400000120003030303401303
0020000040001010000000000010030000000200
0042003300200000000000300400000000014200
0040000040040003000200200000442000000000
4244043040000300000200003030100000000240
0100040000000143000030000000110000030004
0400120000004000200030000000000400000000
2040210010300000330000300000000000000002
0200004040000140001200000000321000300200
3000003000020400000001000101000401000000
4001000000043000000000000000004020000003
0001030203000000000000001000000100323000
1200000000004000000400003000000000000410
0000100000030030000400010200020001034000
0103021000000002100000002030000004000100
0000000003304000000100000000220233000002
0000030400001010200000030400030002400200
0300040130040040001000000000012033200000
0000000000410200330400100010400000004000
