40 4
0100000003004003000000001000002020001011
0340000000000044000303100040000004001000
0300000001002023000002030000000331020100
1000003004002400000200003000000000000020
0004200000400000000000000000030010100101
0000000000020020003000130031020100030001
0000004000020100410000000001000443040000
4000010400000000310010001440000200000204
0000000010240030003400000030030000024000
2000000000000040000002020003000000410000
4400000000004104000000000004000020000002
0004021000120000000000000040400004001000
0000000034000002000000300002000003020033
0000300000000041000000000000230023132400
0430040000000102010010000030300000000210
0102400100004100000001400000230000200403
2000014000004400000000020020000010000030
0402000403020400000004000000000320000000
0000000300000032002042103400020030400201
0240203002200000010010302000300000000030
0340100003040200400000000000200000000000
0300000003000000020100020001000000034000
0003033014000004010011100140000310300003
0021000000200020000030001041230000041000
0042000400000030000000020000200000002000
0012001003000000000200000000040001000321
0000320000420000000000000020020100000000
0020003003000040413004000020003000020400
4022041403000100400003014000200303000001
1000000000400001013000410304200400400002
0002002044000000000002000100030000030000
0300030000000400000003020002000000000000
0000000140000011000000010200000000003000
0000000000000120000000000010000002000000
0400041000100400000000300000000300000434
1000041440000200000002010000303000000000
0000003300044030000200303040001200200020
0042100010001000100002000000003020001000
0430000000010010400300301003000000000230
0000030000310000000000400202010000021000
