40 4
0030000400000040100123000301003000000002
0000000000002020002200000000000000000000
0200040040000200330000000040000000000000
0000140402000030000004004304000430000000
0300000203400204400010000130002040020010
0000000032001000003000000010000000020000
0001000000000000200003001000001010420010
4000003010011340040000003000140003000000
0000000010000000300000000000000020001004
0000004012040300400002001400000010130100
0000403020003000040000000014000020003140
0000001000000000000400000030000000024400
2200000020400300000010000004030000000000
0001000003030024000040002000000100000004
2040002000020000000004000001003010010100
0000000000000003000040003030000004200003
0030100423400200000000000303000110110000
0100300100000034001000042100000140023000
0000010000040000000400003000000122003000
0000003000202030000000000400000342303400
0002010003000000022000000300001010000030
0000010000001003300430020000100000000431
0000032001000000030000040000000400220403
3040022400000001000000003314022000000200
0004030001100220002000004001010000230001
3300000000010000000000000000000000000020
0000000000030001000130010010000200012023
0000300040000000000000000000413000400002
0000040044002002040000002404400034000032
0301000020020020210004010000040030000000
0000001030000000210000040100000000040004
0000003032004314000000000000042102030220
0000010433100000000023000410000100003100
0003000010100140000330044000120104110001
3010020030000000000040000002000000000001
0040400042000000000010020030130003000000
0000020000040300000040000000000000234200
0000001040100002020001020002004200000200
0320004000002401401030024000000030200032
0002300000002102000004000200300000000000
