40 4
0400000400000100400000400000130000010004
0010000000000003000000001001400010000004
0000002000000120002300001001000100003003
0000000012300000001000004003000000000220
3000202040000301000320000202200000000000
0000020032040000040000000000000000002010
1000000010010000100000040000000340300002
0202310000000040230010000100000000440000
0003004400300042000000100030100000000400
0010300020040000240040000010000000000103
3000001144000040011100004010002200034003
0040000000434004010300200000000020000000
0020200000010000003000020200000020103300
0322320000041020100003003000003000040000
1000100002303041001043040003002000040000
2040000404000010040020003000000001140100
1000004000300400000040033030000003000010
0200001030000302002000030000002004103030
0000002400200000000030100000000000000000
0400000000000030001000000004000000000000
0000030003000030042004003001204001120000
0000000003004000040001001400000000000000
0002201000004030000000300000000002012000
2001300000300204000002030044001000030040
0000000020100031100400000020000301400004
4400000000010004213030030000000020000000
0000001001400000002022010120200000040002
0420000000000000400001100000020000430200
0000000003012020002000000203000240000030
0040000000000000000001030000303020003000
0000000000240000030030100400031400000020
0000000000001400400301330002000000110000
0202020040300003340001040000000000033000
0001002030020030003040000000001000000202
0000013000300000303200000040040040000104
0200042020000000000210400000000000040004
0000140000000100200400000000000000100000
0100002003400000000000002100000010000001
3003002020013200012000004000040000000040
4000003300120303000410000000201010004202
