40 4
0012002100100000020043000400200000332400
0000330001000000210000000000000010013042
0002000440000404030100000000000000004020
0101000004000304000140100000420200030010
0000000000020000000100001040000000300000
0003000300021000001203000000420002000200
0000000000402001400000020430000000003300
0240000300100400030044000000000004020000
2003101000000120003300000000400030000000
0000003300000000030000300330440010000130
0400000204000030000020000000000000100200
0001300014000400400001000001040300000400
0000021301000102240001000200001000022003
0000004000000000000000000000000000014000
2003023204300020000030000000000000434400
0200020400020210000000300000400002100000
0001000300003000000200100000300000010300
1010004040020300000000001000040030304000
0000001000004000000032001000000000040300
4000000023020000000000040030010002130030
0000000000200010000000000003023002001000
3400003000000000043140000002000100030000
0000000200000020220000000000002431400044
0020000100000000000000103100100033000000
0023001031000300240000010201000000000200
0002000001000140001030000104102003000004
2000000001000040400000000420300000004003
0100000204000100200000000004202042000000
2300000002003000030044002000000000401043
0000200002111010000000030110400200040030
0001040201230000301400000000120200002021
0000340100030100400040100200002040200000
4043000000212340000040400043002000000000
0030000043301000200000000020000000300014
0000030000300000014013100000000000000000
0001000003000000140220000014000000330000
2300000000004300040200000000301200100000
0000100003400000000000002400000010000000
0000000000000000430000000000400010200200
0200001010000000042000000300300004100004
