40 4
0010203014040000000000022003230000002000
4020001000000000030432000100020400304000
0000000310400000000004002401100340003020
0100100003000000000002000004021000100020
0003023000030200000000000043020004000000
3010030000000000000004200010000004100000
0000000200000210000214040000000000200000
0440000303000040004000000000010044000034
1000000300000000002400000400200201010000
0011210000030020000001000000400100024000
0200100200000100002304000000403040000000
0000401003400300000000034100001300000000
0000000000042200020300000200040040000240
0001000010001030000000004030040300401000
0001010420320010000000000210300000000000
0000030420000000000000010000031000200044
0000000101300000040003100003000000030000
0004202022000030000030000031040130020000
0000420000000020100343000300200400230002
0000020300300200200000000000030031000000
3000024044000000000142000004020000000300
0003200002020000001020000000000000000000
0300030100020010000000000000000200400000
0000040110343104240030001400000002000000
0020000000020004000300001000000033000000
0001400300000002000200000100000000431100
0030000141210200300000031000330000300000
4000004002300000000003300000200000320000
0100001240001000000040204102000000030000
0000000000200030034001010000002000000000
0000401104100000400001022010000000003100
0010404100304000000001001000000014000000
0002240024000000020004034020002130010000
0033040002000000030100000040303000000001
0000004000404000000000201300400020300031
0000000000001004000200001300000003000001
0300000000004003200400200000010000014200
0000030334000130001000000000104000000000
3230000100000000001000202000040430000000
0201000000000024010000100002000024040000
