40 4
0000042000210010240001401000004204001342
0410000001000000020000000000001040030010
0003231000000000000400004340000003030000
0300040000003010002040000002403002000000
0420030003002000000000100000010300000000
0300200000004000044400000034003000302030
0002200000000002100000204100222100030000
0000000401034000000003300000200000020000
0000200000100003000221004002000300300000
4010020000000202100000000000000024000010
0002310000000404000033000040003000220003
0000030040000030000000000001202100002002
1023004002200000000000030000401200002000
0000000000000100300000300200000400340000
0000000030040040000000000203010000001000
0002004000003234010000200000443200004004
3010004040001003000010200100000100000000
0000000000000042000024000003004003003000
4000000000000401010000002000000000000200
0001000000000000002004200000000044300004
0000003011020003000040301000030001010000
0440220100000302000400010200000000000030
0000001000004001010004000040100000000040
0000004000000000043020000002003000401001
0001300314000030010000040030000000000420
0100000200000000000024000400004000000000
0000200103200000001100000110000000300000
2314033004000101000022000103100000340000
0000000000010000000240000000002010000000
0000000000002113400000301400020004330001
0000003020410203000030001000200403001020
0001230040000100400200000000034000002004
0040003000000200000000000001200010003001
0404000030000001000000000120010004010002
0001000000000010002030000003001100032000
0000100320230200300002400000010400330000
1010000020330000000040000020140010000000
0024030004023400003004013000000000001000
0004000300400000000000123301203040000000
0001000000000003013000002042040000000000
