40 4
0000000200000000000000000004040000004000
0000300000400121000030310000000000000104
0400200300030000000000403000020300100103
0000004000000100002000000100300000000000
0000000000044000040000003000000000000000
0000000000020003000110000000020000400400
0000040030000000001003020000002000000000
4001230200001100000000002000000030102000
0000301001004000200420000000000000201010
0001021002300200000020000000000001400040
0400040000002000003020030220000303001000
1000010300000020000004101000003000003030
1402440000040000440043031010001010000003
0000000000000000014000000004020004000000
0400000000000104004004001000420003000304
0000000000000410024000000000330000302403
0002000000100000000000000300000000200020
0004000000000002003000400000440000300314
0100200034004001000043000000300000043002
2330041000300042000020000030333002000020
0003000002101300000000040020100010000340
1000000000024200000000010020010310020042
3300000000000400240340100014310410000010
0400022000000002000002000000100003000000
0002000200000000000030020100330004030001
0100000010220000000000020001003030040000
4000023000230000004000040220000300200000
3000003000100000020040000001101012020004
2002000100010000200000003400000000200000
0300313000020000000044000042000030000000
0002201000000200400130000202210400000000
4400002230000000000110000000000002040000
0000030000100000040004030030000220000000
0010200330011000031001000030300100000000
1000000002100030300000004020010034000030
0130100000320004000100010002000031031040
0000300200040003004010020003200420020400
3000000020030000004000100010001000024000
1000010440012000004000000004400040001000
4000003002000300340000400421002010000001
