40 4
0400010400020440000032100100000000002000
0000000004000403001003014000004300000410
1000000100001000013030004030400000000010
0000201003020300000300000311200040001000
0002300000000030400001102000010304032000
2330000000000000040000000403030000040000
0010000000000400240011400010400400000000
0042000040030010030003000000002100024000
0244100030040030440020400010033000000002
0000000000000000000004201000400000040220
0301000000000000000001000300000003110000
0010000001000000330440000000000304010300
0000000100400004400000000000000000003200
0000040000000000001000040101000003000000
0002002000020000000304000210400330000003
0000030000004000000000000040022002002440
0100200020001000000000000200000002200040
3030000000000100040401000000002310220000
0400000140000040002440001030000400000013
3020300000010003012000000030030004030042
0000000000012320200000002210040000002000
0000030000000400323000333100000001400010
0402000002000000001000000004000000100102
4223002000000300400000000000003000000300
0030300000003300200000000030400130302300
2000000000000020003010100030000004000032
0110200013300000040002000000000000000000
0003000044031000200004000400034100010000
0400040020214000200000000004000000000000
4000001010100010200003300032000000204020
2000040000000000000000100422000000020030
1000000010004304030000410000400000020000
0000010000000403000000012000000000044310
2000001000000000200000020000002020000330
0000000000040030000020400000002000002001
0000114100030400010000020000020202000000
0200010230101100010100003003000040100020
0002000000110000000103203402000000003200
0200000000000002001000000010001340040000
1200040000302041000002000023040300000100
