40 4
0203340032001200000000000220201000300310
0000401020000000202000000000000000100020
0000400402000300012204000000040001000000
0200003030100000000000400200010000020041
0430002040000000000030000004000000000000
1040000004000202200010002300400000000001
0000000002002043030000010000023000200100
0000000140000010000100000300003000001000
3040430002400004401300000000400040000020
0000000020440000000030000100000300403000
0000000001400000003000000000010004000001
1030000120040100000000000304000000020000
0113000000000140100102204020003043000400
3000014000011000033400003003000000010000
0000000030400000000000000020210020000400
0200020200000000010000300101000304000000
0442001243000000401020000001000004400000
4030000204200032000043004030000100001044
3100010020000000000020000000000000300002
0000000000200400000000000030000000140104
0340000010000040000230000030200200000000
0300000000003032040300200210000000000000
0000003020302301002004020000400300000000
0000000200400313302001004000400000000001
0040000000002042300000110020003032042030
2010000030030000010403030000323200030120
0000030020000120000014004030310000000000
1004001000000400400300000004100002000004
0001300204022300000000200000442003300000
0000000202300101000000000000000000000400
0130201001044000002000002000020112300120
0000000000100000000000040034000000040100
0020200000000001000002130000200402000000
0000400030300034000000400000040400000000
0430010231002324004004400000000000000000
0001010000000003000020400000000000030200
0000400100010001000400301300000004000220
0100000000000030000003001000000000003000
0003000000000310300001000101300020004000
4000400000110030000010000100100012000010
