600 1457 600 740 13
164 419
32 572
341 577
142 470
25 388
25 592
95 563
116 258
429 473
358 420
455 458
379 412
259 574
22 476
215 497
112 579
185 398
120 213
166 417
229 488
109 206
7 375
14 548
74 239
100 419
187 426
28 447
208 543
38 478
446 458
287 358
436 463
121 516
187 414
123 428
25 351
335 578
105 232
74 129
288 583
481 580
224 280
71 513
85 465
283 401
235 499
70 188
134 393
88 579
164 496
291 482
186 292
55 215
124 402
533 575
0 223
323 468
43 565
42 112
349 401
23 597
58 415
33 434
129 436
252 257
125 559
51 181
238 344
88 573
390 418
153 568
120 219
47 499
127 298
375 498
234 565
435 538
52 195
158 296
31 499
65 258
489 574
396 546
61 126
17 163
109 366
251 534
131 231
122 552
106 282
400 422
45 155
107 291
17 492
116 281
65 263
74 262
252 523
335 527
445 599
6 332
204 484
193 474
151 569
373 516
209 271
228 511
220 449
242 298
263 311
4 547
424 495
233 250
117 266
288 449
20 510
222 352
385 431
116 582
121 559
167 525
86 132
478 567
260 264
145 522
212 558
319 466
391 591
553 592
543 588
39 292
222 570
465 484
93 362
409 493
380 596
79 90
204 531
23 197
254 443
198 576
59 459
392 487
240 466
500 550
100 375
41 221
123 410
398 555
189 459
19 485
146 237
109 134
487 581
84 446
164 398
500 562
132 468
62 103
25 553
2 565
287 316
207 389
333 375
452 489
101 179
222 248
6 328
262 317
313 592
98 262
438 498
187 567
95 119
174 331
34 214
188 377
431 462
115 198
411 590
205 314
274 314
153 403
11 216
104 491
39 284
392 581
79 483
419 555
209 479
221 254
58 425
49 363
31 540
430 517
26 151
61 238
30 397
6 409
96 143
190 308
365 552
107 530
48 338
106 227
48 413
273 481
326 591
271 441
227 263
231 416
333 498
84 415
379 430
155 397
278 596
53 264
173 464
389 467
68 327
52 130
360 580
260 389
277 504
162 425
176 580
89 417
90 105
179 292
190 218
168 534
286 519
276 447
88 112
150 174
87 336
1 281
120 595
98 231
75 353
115 353
175 468
74 288
127 275
170 527
196 456
76 428
248 352
152 355
224 490
240 520
201 412
142 460
228 557
439 482
187 511
72 176
37 163
25 384
145 403
66 363
352 572
239 262
31 562
193 333
4 92
357 568
160 413
449 551
99 154
173 444
426 511
273 298
258 582
21 269
422 441
67 161
198 293
269 574
395 563
118 248
46 334
104 545
135 509
165 375
480 567
216 368
342 496
224 478
221 462
140 155
104 150
306 575
296 419
313 541
162 261
369 385
247 503
10 24
87 105
31 515
64 231
145 183
156 582
177 539
97 319
254 474
193 376
80 400
37 151
230 550
384 541
50 402
261 272
62 315
273 364
449 583
267 431
328 493
93 290
399 444
73 445
192 587
121 373
120 336
423 445
159 444
135 590
111 395
158 302
72 226
368 516
427 431
16 231
72 481
275 588
148 260
454 497
81 335
177 420
27 170
478 480
346 510
484 551
12 535
69 569
326 387
469 531
148 264
249 475
175 323
424 521
97 305
370 390
68 124
233 248
11 405
376 546
58 61
47 593
200 484
462 581
558 596
160 518
436 573
196 364
105 219
260 376
59 590
101 172
179 186
294 429
260 546
374 528
225 476
327 371
316 346
323 530
100 164
178 494
210 459
135 411
274 365
230 529
289 522
109 382
223 551
20 162
158 375
475 578
175 408
313 384
2 234
66 265
223 288
70 377
44 332
415 554
335 475
394 540
16 27
122 274
318 529
218 499
322 372
196 203
466 520
72 417
191 310
1 282
101 319
321 408
378 520
326 442
195 519
317 476
306 320
168 322
188 446
322 426
83 547
220 300
154 577
94 296
310 597
393 407
55 464
446 493
402 491
99 345
336 548
347 372
383 457
49 88
9 192
204 465
290 473
199 491
224 485
378 404
300 531
118 519
81 208
92 132
27 578
424 472
33 432
326 391
458 554
56 529
467 528
140 386
193 294
289 403
321 348
168 228
94 419
71 337
556 587
48 149
27 231
500 515
241 286
19 381
291 530
20 238
111 154
464 544
172 543
32 222
79 501
276 529
111 145
379 562
311 359
203 360
225 583
566 597
273 580
423 424
312 413
432 516
114 564
142 151
113 331
315 438
137 422
188 328
204 448
343 378
71 114
212 547
30 156
111 289
337 340
34 334
456 596
267 392
12 410
391 437
459 532
28 394
267 369
161 253
266 528
82 464
16 64
20 61
22 91
132 152
517 560
387 564
40 253
221 427
174 254
510 539
86 355
380 517
415 458
62 571
358 503
219 457
118 286
80 422
154 506
122 296
266 374
133 491
295 329
222 356
90 383
207 462
541 586
60 197
15 432
1 590
228 354
83 574
23 566
6 591
304 412
330 506
62 100
82 589
59 167
295 445
63 508
279 563
259 547
6 326
219 336
163 556
100 315
53 260
414 518
405 538
146 433
225 317
409 591
166 176
59 189
165 315
15 516
47 523
147 208
128 245
202 306
90 457
278 430
192 576
1 411
93 473
63 417
509 525
205 313
25 160
291 469
221 526
35 309
103 315
54 445
60 564
12 494
405 536
88 371
177 358
216 405
99 575
53 389
321 465
440 477
207 339
134 138
73 521
37 569
123 366
133 199
236 304
185 572
420 539
114 337
213 595
88 490
21 152
202 463
215 299
456 594
56 447
290 297
105 106
186 509
226 273
1 479
111 522
285 347
199 561
119 395
450 551
28 540
213 383
56 276
107 468
327 584
238 510
247 403
437 554
101 588
147 475
352 537
103 496
237 400
97 520
237 433
264 393
309 434
145 577
83 259
248 356
310 471
207 581
172 397
8 244
42 579
49 490
80 542
267 462
326 435
33 487
8 93
13 103
236 412
40 67
19 280
241 444
26 433
151 461
108 159
532 590
89 583
274 552
139 406
103 571
42 217
458 493
494 524
203 456
270 332
144 448
105 227
21 355
154 161
387 442
245 386
364 580
59 532
211 503
223 436
35 207
416 557
231 557
22 417
408 530
24 432
117 309
103 342
361 497
468 482
437 455
74 490
148 362
169 416
167 189
308 588
285 453
193 429
60 270
325 414
141 423
354 480
153 211
187 312
124 371
196 580
222 592
38 231
283 334
74 573
448 469
314 365
340 564
120 492
44 270
124 327
169 534
125 267
126 425
327 363
192 595
91 476
346 539
213 299
3 228
414 426
50 526
39 509
5 593
355 452
347 514
17 110
40 465
77 300
4 421
132 482
256 301
396 474
144 408
214 286
106 116
300 508
76 410
66 280
370 593
326 332
272 510
338 545
220 583
333 443
226 417
101 397
84 188
175 355
236 500
291 448
70 328
44 60
136 541
117 434
37 192
26 54
341 503
381 567
293 495
142 461
340 387
137 232
347 483
338 541
501 507
52 143
102 333
363 584
143 248
172 208
161 575
177 287
339 581
3 231
22 242
308 560
124 491
278 558
43 256
515 540
65 311
171 406
182 276
78 460
311 451
114 191
296 552
37 142
125 369
81 147
265 363
63 166
130 143
253 330
339 487
202 565
194 197
19 265
208 397
318 489
101 305
108 198
146 569
279 565
285 322
25 51
234 377
391 409
32 94
69 151
258 451
9 293
421 596
367 527
128 140
452 574
31 488
230 489
354 478
181 325
113 443
131 578
255 472
28 276
87 137
165 498
127 543
109 138
26 69
1 209
89 225
362 393
1 116
174 545
385 526
298 527
342 349
560 588
149 512
131 416
274 570
76 123
339 434
29 44
11 435
136 413
279 306
147 245
287 503
141 293
11 268
26 470
529 550
332 377
24 536
322 507
29 194
3 354
179 397
133 512
541 545
141 142
324 500
226 242
311 347
362 407
218 308
272 316
42 194
254 396
480 511
367 543
157 524
193 443
453 507
233 519
123 206
459 542
95 357
255 521
174 526
75 198
50 385
184 534
252 418
215 454
418 540
594 596
81 249
45 140
171 400
79 497
138 393
394 500
79 299
444 595
349 398
138 585
185 537
83 92
43 357
56 550
333 429
95 565
20 126
52 233
294 473
303 362
17 336
357 420
119 403
2 29
166 469
275 380
205 545
36 337
131 169
55 213
273 456
83 152
46 283
325 426
304 489
12 157
177 346
48 491
47 235
228 322
28 324
415 440
265 584
513 559
70 332
317 502
125 392
482 580
119 153
218 319
239 288
223 450
47 252
409 437
137 336
36 513
382 407
305 509
105 263
3 38
249 335
52 82
212 430
212 412
392 462
75 277
13 315
430 488
153 420
259 304
293 424
257 370
308 319
176 469
152 574
147 155
238 301
203 596
120 457
112 371
301 420
14 237
274 592
97 466
137 548
141 470
84 458
46 349
54 295
16 98
461 470
164 342
135 167
39 186
280 490
143 454
48 136
57 373
178 438
348 408
312 381
84 477
209 590
202 223
36 549
135 525
48 512
17 120
267 385
373 549
320 575
27 91
245 475
160 325
453 501
4 558
363 371
130 544
84 377
268 538
148 290
15 559
427 526
78 192
463 565
215 464
27 476
85 321
294 376
311 514
160 541
73 424
72 580
223 533
4 83
10 434
38 98
130 454
226 481
209 441
63 300
325 507
11 505
49 371
398 572
170 578
312 512
366 410
418 523
205 350
69 146
50 559
166 531
128 147
412 562
86 468
10 33
197 566
314 331
98 502
12 524
361 388
201 500
116 284
133 561
297 376
66 490
238 539
124 471
57 326
268 405
310 371
87 219
100 571
28 56
304 574
497 501
8 524
184 311
199 584
146 163
74 436
40 330
155 156
265 561
96 356
216 536
2 217
547 558
533 551
180 262
506 577
204 469
48 545
250 519
244 382
45 582
483 501
95 568
356 553
148 303
374 393
111 183
343 404
246 479
205 586
368 536
92 152
65 227
241 277
311 483
404 520
133 381
0 436
342 401
178 535
81 367
323 408
369 559
90 311
41 462
84 440
54 470
281 284
190 229
341 506
206 366
57 387
240 593
185 352
29 332
500 540
231 578
492 556
206 382
190 517
53 467
212 259
198 353
386 534
0 463
243 389
68 199
100 165
36 340
172 588
57 505
164 571
68 584
381 512
179 305
462 546
40 85
301 440
126 162
82 399
251 416
405 554
22 89
136 338
340 549
150 402
63 220
442 564
67 575
110 163
139 400
113 254
99 111
192 492
306 395
347 501
108 444
389 546
395 575
381 478
302 375
59 135
35 528
108 576
26 461
347 453
380 588
232 422
189 486
218 466
368 505
229 499
47 240
56 324
260 297
15 121
28 182
180 502
149 312
232 271
392 559
470 599
444 589
230 318
44 194
444 576
13 178
168 184
517 588
93 407
184 386
18 114
307 487
371 471
4 596
474 546
312 414
35 389
213 457
270 442
555 572
252 593
18 23
403 522
171 433
237 422
167 486
488 499
488 517
285 372
354 511
217 565
55 299
103 401
241 519
266 309
101 308
331 365
184 359
215 544
216 505
239 583
214 504
115 241
169 386
67 551
96 454
8 473
42 463
86 152
499 523
154 345
55 595
337 513
19 66
20 272
196 360
174 314
205 274
402 526
143 233
105 282
431 526
169 475
109 407
37 587
132 439
92 421
305 598
37 78
236 489
545 586
225 239
102 524
301 539
134 407
395 403
139 210
74 88
40 484
437 493
314 350
324 394
94 122
361 501
158 552
139 171
549 559
5 520
118 537
96 248
38 224
244 407
21 452
384 592
277 286
271 479
218 240
415 425
50 471
46 398
344 440
71 471
44 197
31 430
31 523
273 594
156 292
11 57
443 474
255 329
212 304
15 33
23 60
366 585
51 351
114 471
195 399
82 195
239 317
300 484
16 502
257 418
388 553
14 422
154 253
293 460
20 261
455 554
437 538
169 251
58 440
183 577
368 432
330 341
390 540
174 221
211 247
170 335
385 559
107 323
261 316
256 357
178 315
301 344
102 498
98 180
163 237
152 269
302 333
48 104
413 518
1 39
39 281
42 197
160 384
58 344
220 551
411 509
492 587
76 157
93 244
444 519
48 133
386 582
319 598
561 584
356 592
505 516
573 579
283 349
144 348
14 110
18 60
91 170
97 525
244 428
7 419
478 485
307 392
145 247
105 457
209 542
342 398
288 436
128 155
32 352
116 156
112 566
112 197
9 198
372 514
77 551
1 106
243 546
207 243
171 237
101 598
232 441
320 533
67 533
391 538
420 568
50 71
262 502
27 64
65 451
97 598
141 460
211 358
257 390
79 383
324 550
34 537
299 383
422 548
326 538
382 428
492 595
119 568
201 562
275 543
241 353
76 524
430 562
459 486
153 358
15 307
42 573
230 236
16 476
99 395
149 413
144 465
164 555
449 450
53 528
542 590
203 421
214 277
79 215
57 340
334 504
8 76
5 378
380 594
114 340
168 251
455 493
97 509
159 198
198 495
75 495
309 528
43 95
163 569
8 102
127 367
206 428
159 241
29 377
150 545
364 456
37 556
232 479
119 563
106 258
232 282
269 452
309 339
354 298 445 265 85 511 239 328 528 495 177 328 266 277 175 424 352 147 53 472 556 540 459 172 40 152 167 45 80 161 474 199 182 404 252 46 123 454 99 333 277 121 534 211 490 271 231 264 425 62 84 438 249 512 224 137 498 7 385 487 276 69 342 164 460 201 51 68 267 378 58 596 275 141 153 284 189 381 403 263 495 264 336 485 88 63 221 183 211 593 100 6 227 472 258 81 536 180 204 125 83 451 460 598 292 328 282 49 124 580 185 123 224 540 195 597 386 385 253 466 495 404 573 311 57 319 461 288 305 507 542 284 487 135 217 311 265 413 86 333 139 155 282 40 167 296 203 487 394 154 414 274 474 69 553 497 518 552 594 186 438 2 251 52 98 268 344 576 279 137 337 164 79 593 0 182 197 399 441 521 276 551 579 416 255 276 288 376 38 155 205 539 544 460 59 355 579 471 229 57 334 413 151 70 458 469 349 189 125 253 97 93 501 114 6 232 301 108 354 532 505 570 394 496 336 322 442 517 53 461 478 127 396 117 127 258 307 514 584 397 325 161 557 121 397 128 416 239 17 385 413 1 429 97 452 384 439 124 179 518 182 450 105 406 561 192 428 32 3 228 15 300 184 469 221 164 272 452 90 13 440 586 37 332 443 60 73 232 110 209 238 201 525 538 207 112 410 391 196 432 70 24 7 231 64 514 28 598 173 388 99 589 567 8 446 377 506 367 569 434 48 156 512 278 363 8 398 538 576 244 38 526 163 468 242 220 331 478 216 360 325 79 482 361 592 384 553 184 402 297 347 303 544 385 100 6 456 443 120 208 413 363 314 221 371 193 208 236 61 210 256 379 65 564 174 194 401 175 536 418 502 536 546 21 41 397 479 160 414 531 236 142 109 418 170 84 496 254 103 54 44 426 373 383 214 90 474 169 493 455 446 260 412 45 357 136 558 268 559 202 584 73 82 163 233 461 144 366 439 11 199 27 95 279 520 184 373 504 100 42 249 365 24 3 232 265 247 97 218 305 546 213 37 559 161 307 282 490 227 150 445 489 542 276 558 474 327 199 271 152 373 568 261 22 145 377 590 84 256 45 449 255 384 470 153 92 381 317 581 197 42 132 550 363 152 145 429 382 538 54 452 354 340 592 37 205 170 471 92 244 475 48 368 443 503 538 422 538 583 192 271 185 204 472 189 587 268 199 488 238 134 77 25 482 454 414 570 426 398 156 241 584 79 227 233 414 121 586 365 515 466 388 78 303 155 397 110 419 89 590 399 586 54 20 290 442 57 477 301 100 255 569 239 278 140 590 236 557 537 147 36 330 530 127 309 241 486 73 274 260 387 67 245 462 312 304 411 467 409 22
686 718
151 472
777 727
464 530
299 875
10 696
867 694
679 137
832 99
160 129
988 414
933 531
794 17
623 7
90 330
916 410
485 642
157 288
797 548
585 504
952 920
317 979
480 708
774 588
997 476
517 302
2 179
452 641
50 930
815 695
228 602
121 836
519 157
954 410
429 37
944 275
844 477
107 219
509 536
157 523
570 898
783 309
693 639
819 780
783 639
279 525
464 30
78 740
640 375
644 561
753 449
484 341
390 182
973 228
9 110
245 225
97 940
897 518
961 816
34 499
799 608
954 885
649 61
503 770
477 608
278 439
629 530
618 850
696 472
43 212
864 732
790 460
427 797
61 34
618 628
238 19
850 39
549 794
118 149
344 308
44 384
352 663
305 172
261 921
910 790
579 990
374 965
187 350
634 593
517 716
305 358
442 691
322 919
860 109
582 172
782 815
419 235
99 616
535 568
681 875
646 99
171 661
774 88
612 52
667 357
212 395
232 441
414 927
233 105
944 67
87 303
698 904
719 600
743 225
783 500
281 55
231 489
997 338
400 98
781 844
191 288
896 443
610 211
888 17
720 461
834 410
987 888
323 733
315 584
650 667
357 216
420 599
353 934
604 444
969 96
97 533
594 353
144 350
990 47
0 370
300 560
99 92
54 152
413 198
516 933
732 931
62 245
310 618
913 174
594 387
702 358
79 185
302 942
794 873
664 952
263 568
226 553
820 37
686 174
271 91
524 338
613 879
996 919
95 254
569 94
712 73
456 831
38 548
386 473
372 539
422 671
1 303
262 675
236 172
708 278
392 987
428 823
843 951
699 21
179 622
537 607
410 318
4 988
684 928
344 475
475 101
166 585
531 420
917 760
10 531
173 731
766 527
187 214
804 206
764 657
332 138
373 833
755 618
236 79
641 438
583 833
146 902
704 741
346 854
505 884
632 277
913 37
889 286
292 644
80 447
14 411
790 949
244 852
285 261
364 38
340 249
961 518
757 709
127 727
237 340
546 746
741 310
512 183
657 751
566 567
554 686
418 750
252 406
435 513
156 758
160 975
485 563
184 386
417 140
806 733
109 784
172 930
50 306
918 898
589 692
87 711
304 71
385 703
871 261
889 89
329 545
162 421
764 938
454 174
359 631
372 163
395 516
45 758
617 955
750 257
135 6
866 800
19 770
264 461
230 919
883 197
940 978
575 599
271 387
983 192
629 494
996 291
834 331
956 589
288 965
824 639
105 421
931 952
361 775
636 233
271 743
64 997
335 26
267 807
733 801
586 543
191 490
198 423
515 9
195 518
410 416
367 98
832 984
629 720
720 889
884 143
451 905
196 545
151 76
819 174
15 11
640 181
870 174
352 736
320 277
522 814
886 840
735 151
940 178
197 921
132 605
706 782
924 374
158 709
966 309
737 529
313 402
556 394
585 264
662 264
662 22
886 975
568 649
187 999
107 656
667 803
549 980
438 431
423 971
95 908
472 368
893 603
692 498
900 707
54 6
616 989
690 222
837 676
770 150
433 6
381 645
163 326
817 495
625 342
922 315
858 501
715 999
572 43
32 619
934 867
634 906
866 929
387 393
508 958
553 16
658 292
467 312
479 148
279 22
484 492
342 998
470 206
834 811
815 930
338 443
386 858
407 283
931 132
660 528
354 812
665 233
941 7
314 689
964 492
797 407
10 745
705 548
386 426
906 488
999 224
698 109
845 184
846 755
18 665
214 856
258 773
551 480
918 67
305 299
557 254
768 407
317 497
880 544
454 288
912 253
8 837
935 647
886 356
964 143
59 900
709 856
815 257
258 640
474 68
302 141
41 355
589 6
713 419
766 894
63 612
978 611
4 330
922 99
478 952
916 667
845 7
110 498
174 888
561 341
516 397
999 786
399 551
459 745
57 803
638 146
834 883
324 884
85 366
67 73
112 57
986 840
466 394
756 333
870 58
814 135
209 827
808 345
981 450
21 253
995 370
929 561
662 702
964 677
739 67
350 889
931 824
107 389
835 615
742 185
265 132
14 60
943 766
63 970
479 909
589 753
634 764
291 477
296 997
410 380
378 236
983 719
328 811
252 316
974 756
4 482
127 118
25 163
823 305
705 692
286 210
562 953
71 674
945 243
396 949
484 866
60 118
762 474
187 26
846 154
788 250
383 609
523 665
905 816
520 491
127 440
500 460
389 774
383 901
357 341
562 862
558 520
5 579
929 345
213 801
202 966
608 559
672 395
184 241
943 735
762 27
198 67
587 74
380 271
740 99
136 775
113 878
373 316
525 633
797 976
387 22
932 484
686 985
445 378
491 794
130 523
901 942
446 476
594 416
816 459
351 420
97 856
934 458
226 753
533 373
361 139
51 697
112 27
742 905
86 801
807 65
81 577
747 359
393 674
981 253
118 978
442 941
504 841
30 471
640 816
366 504
738 4
994 532
439 75
969 650
875 879
47 857
572 300
39 428
285 715
319 207
648 325
842 222
272 894
118 330
869 462
143 955
596 791
651 207
469 239
999 690
551 126
141 260
437 549
270 844
853 440
199 718
615 470
151 863
754 838
838 585
770 768
733 571
540 451
821 852
73 216
553 180
601 96
514 123
664 644
237 950
681 829
189 144
711 956
413 635
683 603
402 811
886 318
270 494
547 714
662 459
974 24
601 294
150 220
243 725
267 164
57 481
898 643
553 226
42 725
322 773
214 202
308 836
759 565
134 649
37 84
