600 1693 600 680 23
374 387
212 562
138 379
536 581
13 226
118 377
46 218
251 270
94 453
516 588
120 577
348 596
34 182
69 213
60 108
70 178
21 144
272 303
140 519
264 378
448 542
221 398
342 520
243 485
52 567
437 493
215 244
110 184
232 266
469 529
114 420
255 579
506 575
302 563
210 478
242 578
292 453
137 512
155 297
189 498
131 321
213 575
183 432
9 229
45 262
63 174
92 299
425 485
351 469
76 487
9 290
366 435
470 530
128 320
478 579
98 341
51 590
42 97
18 521
365 473
400 429
119 344
194 266
167 312
126 220
22 83
44 583
129 293
329 498
44 421
392 540
41 437
166 351
56 117
501 585
256 317
257 259
70 270
39 273
56 325
27 179
65 115
180 218
164 356
46 460
176 492
150 588
307 464
377 414
421 424
92 514
276 349
77 503
176 202
190 391
74 485
218 306
42 474
450 468
64 423
343 565
48 215
69 244
113 465
137 384
216 430
297 335
146 248
291 528
245 459
135 342
288 444
40 102
155 401
308 360
52 383
2 473
112 129
123 223
187 455
96 264
275 440
134 177
195 384
249 582
26 381
187 415
112 382
14 374
140 197
20 31
351 515
110 300
309 549
201 449
210 579
168 288
119 130
151 462
73 215
153 256
219 509
170 377
167 186
200 349
81 160
91 364
86 402
236 273
514 517
315 422
375 565
286 363
417 440
100 482
276 375
342 461
246 308
185 220
392 508
303 318
135 559
466 467
326 426
237 338
289 476
79 407
471 561
175 329
471 535
166 487
21 125
278 400
446 526
245 534
170 414
145 579
93 584
322 599
61 308
361 473
183 241
241 448
283 300
154 329
231 520
211 374
247 559
157 434
50 346
471 578
108 186
67 456
476 484
399 472
227 402
212 530
286 517
328 386
150 484
187 488
221 592
44 544
165 242
566 582
318 599
154 214
337 549
283 310
65 432
298 411
149 505
203 392
158 539
33 118
219 309
0 366
202 258
359 449
65 404
111 211
301 382
209 224
326 374
139 355
138 588
440 552
261 484
88 216
372 561
322 503
233 359
89 293
66 576
16 369
36 498
555 576
35 358
113 556
213 333
155 206
320 374
20 132
147 190
7 567
516 518
162 346
17 186
271 454
227 474
88 238
116 542
494 539
371 536
292 487
291 501
158 230
195 505
30 63
4 445
46 136
237 349
382 436
105 362
187 289
92 281
291 401
389 538
258 492
407 457
29 536
223 251
58 108
439 504
345 398
83 485
341 461
333 499
142 396
386 397
153 332
41 338
501 528
418 444
136 212
386 420
191 308
10 86
201 359
256 347
19 306
130 274
46 470
302 558
32 310
326 348
84 430
81 467
486 555
196 415
248 527
333 506
207 409
76 245
114 366
281 517
222 418
63 501
261 476
217 312
206 234
252 392
107 274
44 120
233 267
238 436
170 517
229 560
319 349
281 514
34 181
279 509
153 481
219 543
65 573
304 434
320 596
328 420
216 373
43 290
87 193
477 553
422 531
188 291
151 444
122 253
184 510
68 532
144 533
282 577
112 301
439 593
443 470
152 286
54 215
340 406
56 124
147 299
280 566
174 598
135 194
415 520
168 500
389 512
58 61
25 463
132 163
161 468
106 169
394 569
116 577
380 395
231 342
263 550
44 459
166 377
203 496
307 358
180 212
164 343
461 555
276 565
234 580
484 518
266 532
267 547
297 402
0 560
286 349
61 238
120 459
2 69
205 364
361 365
48 73
407 505
194 590
217 382
45 258
299 514
205 407
98 590
148 389
80 303
9 328
272 406
39 339
72 483
196 289
424 577
136 530
139 272
16 272
5 215
188 203
390 522
267 537
201 265
306 357
140 388
341 555
306 362
334 551
459 583
227 240
507 592
97 328
161 270
86 155
171 529
378 542
66 108
47 532
293 364
285 352
270 442
217 436
2 57
276 343
141 309
488 539
24 326
59 477
197 433
95 197
303 340
258 262
141 370
121 272
62 410
451 497
76 292
197 519
437 552
327 405
443 530
32 78
214 259
396 472
158 445
276 363
209 504
209 295
107 465
352 447
331 448
119 356
313 376
132 236
262 433
242 535
33 572
207 452
49 256
158 225
111 252
88 373
15 539
46 480
4 178
139 406
290 420
454 573
100 304
48 179
112 254
87 253
116 296
366 420
271 380
366 374
396 399
384 389
161 515
380 483
235 454
436 489
131 280
52 64
344 503
311 383
106 357
168 368
38 370
182 256
314 512
39 546
281 481
264 270
19 357
126 467
446 588
246 555
256 481
247 491
16 303
358 374
131 274
30 203
75 316
237 437
84 91
89 364
56 463
268 564
391 427
339 493
381 449
199 504
29 77
201 209
18 453
75 477
55 432
41 237
288 305
0 387
57 288
86 335
528 558
288 575
298 402
102 438
163 236
421 525
265 449
230 488
84 216
271 422
255 594
391 511
198 490
347 353
26 265
43 420
60 214
81 126
354 502
256 353
165 535
36 189
0 9
38 175
446 531
74 243
113 164
232 244
81 220
87 400
302 441
439 586
70 251
148 372
92 177
535 578
410 495
523 592
510 574
197 430
255 385
245 287
441 482
45 492
28 534
14 326
118 250
102 545
157 228
82 254
459 581
167 217
558 585
60 345
266 361
57 365
28 515
337 418
127 479
192 245
33 455
395 569
13 533
268 443
248 447
26 199
101 333
26 209
160 508
190 511
78 574
307 416
387 496
402 411
17 56
223 442
107 130
257 325
379 446
250 529
426 524
49 92
59 578
105 380
7 311
5 54
71 264
413 563
122 297
21 533
121 355
81 464
200 286
172 319
156 354
10 405
126 314
287 468
137 505
130 599
11 259
521 581
292 581
37 540
430 433
243 347
295 439
435 524
223 531
20 393
241 404
5 484
84 364
297 346
5 476
158 334
173 482
49 134
90 269
131 255
175 222
78 510
65 71
38 418
69 499
344 356
165 463
13 125
235 271
23 250
181 572
18 343
116 282
68 244
175 418
118 414
339 409
27 244
125 533
50 142
256 294
1 253
103 503
392 496
121 274
126 149
236 336
159 476
33 281
294 317
174 495
164 204
458 498
38 309
76 459
73 184
16 130
153 181
443 479
181 332
283 591
89 238
324 551
12 240
5 150
192 577
4 109
443 564
144 586
95 519
422 446
438 595
157 417
11 17
296 403
70 324
419 586
102 157
257 570
218 357
152 453
354 482
205 293
179 244
358 464
240 474
2 365
31 144
3 511
89 143
129 195
208 304
34 153
367 497
197 202
525 544
380 454
193 253
90 103
541 542
77 356
90 456
417 545
27 69
24 435
71 270
322 344
475 527
412 413
269 544
124 431
29 456
319 375
365 590
25 53
182 317
132 207
482 580
112 316
485 511
132 393
134 243
219 523
75 82
415 491
228 234
22 74
1 297
144 419
34 550
299 517
126 137
173 353
169 180
330 557
1 206
230 455
33 230
7 133
31 419
211 358
45 373
1 122
26 504
342 559
225 518
274 594
272 369
17 463
141 219
200 427
74 83
190 286
79 129
300 574
466 490
520 559
110 574
129 254
35 307
389 522
268 404
35 416
45 191
216 262
191 584
520 572
239 592
138 300
57 309
162 253
113 131
58 436
253 346
105 569
128 374
379 591
238 489
13 478
169 218
496 560
33 481
185 416
123 518
422 591
121 594
57 69
42 240
341 523
93 191
39 440
166 376
53 85
285 325
72 460
295 504
96 270
110 510
273 339
172 375
332 572
395 557
140 412
99 194
222 329
73 588
55 378
62 457
60 398
455 520
82 477
49 481
64 429
351 551
298 346
15 225
415 559
248 458
115 223
142 346
136 470
85 471
523 555
251 442
397 474
37 358
456 503
467 490
348 524
302 580
414 517
54 476
134 425
0 496
499 510
131 566
383 393
196 491
170 286
57 509
28 166
98 99
4 70
192 459
88 323
309 509
15 494
80 322
550 572
522 538
569 571
207 210
145 255
255 597
189 222
43 114
123 251
156 412
238 323
128 358
145 321
166 170
528 580
187 539
250 334
99 590
523 543
52 311
544 583
57 279
204 356
198 467
466 598
163 409
8 269
455 488
275 391
152 170
58 489
115 442
67 90
16 599
280 321
94 363
12 327
75 553
173 347
104 518
203 560
177 587
425 587
224 295
186 214
512 522
72 268
176 231
176 258
273 546
355 594
51 543
224 547
236 546
321 409
260 498
95 317
83 417
72 380
93 342
84 323
530 562
224 226
109 445
50 133
126 505
164 465
542 577
187 196
6 422
160 392
129 389
232 473
248 475
268 483
228 438
95 263
59 217
136 218
11 117
115 454
66 360
299 587
382 428
159 196
261 289
52 133
56 431
241 268
36 475
298 396
148 538
30 392
142 472
146 498
287 450
81 198
505 598
413 495
124 285
12 405
187 494
240 402
41 493
90 503
313 453
15 261
113 566
174 466
594 597
121 369
152 166
163 207
483 573
80 503
284 545
125 439
230 250
185 390
77 456
219 370
66 507
49 177
62 140
220 314
148 561
159 247
125 295
3 83
66 239
278 284
108 345
249 566
69 232
178 251
38 141
192 287
171 351
227 411
278 336
536 583
453 521
112 143
72 362
332 481
149 466
460 480
151 168
8 583
417 546
344 599
226 579
242 312
179 184
464 540
147 517
16 318
7 52
109 551
115 235
354 563
221 451
18 164
169 357
164 565
415 455
91 407
148 254
236 423
331 542
101 499
284 400
166 529
127 212
86 297
140 413
91 205
20 311
271 395
87 284
231 492
6 283
193 429
122 346
193 400
149 467
132 452
393 423
331 541
27 499
121 139
79 195
1 155
66 555
482 513
24 366
255 355
134 587
18 276
99 135
145 207
310 315
401 528
53 165
202 433
22 243
97 560
104 150
29 521
66 221
178 518
408 448
252 496
160 464
63 585
86 405
37 111
285 431
26 201
72 306
377 529
159 532
106 218
156 502
138 184
443 562
190 427
112 293
7 50
166 313
222 498
97 386
119 599
60 221
171 334
133 429
367 451
102 284
404 573
267 406
350 371
310 330
28 351
254 316
257 329
42 397
71 115
331 421
470 564
507 523
319 338
448 479
67 350
96 468
382 553
88 308
274 369
291 327
451 548
70 161
300 591
516 526
18 94
155 234
13 579
294 519
140 457
303 322
454 483
57 305
302 413
37 464
178 445
263 317
56 259
390 512
55 542
246 576
303 599
55 183
408 525
23 118
284 417
85 165
207 321
521 536
109 158
350 536
450 515
68 266
507 555
118 281
242 463
201 233
296 468
172 249
82 316
252 387
399 411
556 565
202 262
458 570
370 592
190 200
203 291
3 440
253 595
30 508
186 312
168 462
37 211
447 527
82 561
220 416
173 502
8 350
207 478
127 277
19 569
526 531
163 273
280 582
288 500
156 519
30 490
404 432
407 598
93 492
21 586
48 184
308 373
306 460
331 525
303 406
336 423
71 378
247 266
349 427
131 597
329 458
45 216
145 385
238 308
109 324
7 142
325 352
388 430
155 589
245 487
441 580
221 370
84 89
12 86
279 590
93 231
490 508
267 449
143 301
127 443
424 541
28 487
32 574
191 246
194 247
349 375
130 568
173 243
173 354
31 311
62 407
355 547
116 403
79 205
235 531
134 256
223 516
6 591
528 554
47 244
228 595
136 180
30 501
305 575
47 68
278 423
58 167
97 229
419 593
156 563
176 572
59 553
243 425
430 457
217 578
89 301
404 483
395 422
501 558
353 519
302 528
152 313
134 347
491 559
219 279
401 589
22 434
329 497
96 378
20 383
85 535
72 564
192 282
62 598
73 150
277 408
356 465
145 210
556 566
29 371
356 568
312 578
18 204
412 563
104 484
310 557
94 276
493 552
120 192
10 155
327 401
159 266
192 468
127 562
230 539
381 504
191 373
158 250
301 428
173 208
116 378
232 361
501 554
495 558
184 588
487 534
455 572
39 493
287 534
140 430
43 366
41 280
221 548
171 469
178 225
111 387
216 433
301 436
159 491
188 327
234 589
222 444
268 479
99 461
79 505
154 259
75 112
261 494
52 393
315 557
314 390
51 279
15 158
34 263
214 548
14 366
190 517
354 513
64 400
446 516
144 452
97 327
225 484
337 444
9 43
84 457
54 159
306 480
269 350
192 403
19 394
224 233
280 409
86 240
11 56
581 583
50 429
153 182
123 178
63 490
220 307
274 597
152 363
72 105
331 408
83 511
83 157
528 589
125 586
297 298
477 561
309 337
299 485
89 323
486 584
315 395
380 569
12 97
342 584
444 462
211 387
263 572
278 546
90 350
64 133
101 510
396 411
217 553
199 381
157 545
91 457
98 461
252 540
10 327
338 349
207 533
223 235
20 144
362 569
22 157
160 198
183 448
111 540
384 512
19 571
311 567
175 497
140 410
231 572
300 379
249 556
48 244
233 547
290 328
97 188
281 414
60 186
132 144
330 571
371 456
51 341
70 551
45 93
259 325
157 438
580 589
95 202
172 556
92 481
372 538
125 224
213 305
146 475
272 340
120 424
336 546
137 314
284 546
92 587
63 466
216 323
161 551
224 355
17 242
386 474
330 569
190 299
313 487
218 480
353 502
296 378
287 515
57 444
246 486
299 511
44 424
117 259
189 260
67 371
107 568
460 564
321 385
14 24
502 519
154 548
516 531
370 451
168 189
118 230
41 582
162 429
362 394
309 418
129 205
485 587
11 214
246 584
61 108
80 103
208 243
23 529
77 344
135 247
201 224
61 489
0 229
410 598
249 338
17 312
174 558
206 595
257 458
57 549
100 234
346 429
233 449
35 128
280 493
208 482
123 516
166 469
99 342
40 545
194 361
160 490
363 453
294 353
128 596
174 410
104 588
227 399
183 542
447 458
185 314
13 224
179 499
181 550
374 596
355 579
586 593
237 427
277 479
36 146
185 522
541 577
346 396
187 261
95 294
108 167
446 591
253 438
361 590
16 274
189 368
460 470
461 486
513 563
500 575
154 367
360 576
10 401
143 293
47 159
282 403
107 113
102 253
288 462
17 214
306 394
500 506
202 263
174 585
452 533
4 324
375 556
208 434
38 497
40 157
302 513
277 448
119 568
162 193
176 263
241 479
341 543
378 432
206 228
239 507
325 570
39 552
154 257
96 296
104 516
427 437
330 395
213 506
406 537
478 533
53 463
96 161
221 345
66 345
279 543
444 549
6 310
172 338
338 582
302 495
38 451
34 317
421 541
304 482
12 42
22 208
158 551
222 260
426 435
60 548
107 131
97 397
225 261
69 305
234 304
440 546
355 537
379 588
275 511
124 325
8 544
334 529
53 431
400 423
471 477
167 436
77 204
292 521
52 423
221 239
25 56
334 351
112 428
152 376
0 43
189 444
110 138
2 232
25 431
100 580
32 300
275 552
137 195
155 335
279 365
367 548
219 592
151 368
47 54
183 404
6 315
244 266
465 568
113 565
291 554
265 381
226 355
33 332
65 454
71 432
23 377
9 97
163 339
83 440
412 519
192 296
468 515
129 384
1 595
255 321
203 501
220 464
228 304
271 531
409 493
421 544
348 374
246 360
8 536
236 393
29 204
447 570
238 301
32 283
292 313
82 148
441 513
112 553
391 437
206 102 309 586 283 244 519 517 500 178 419 230 500 144 106 571 327 214 116 8 356 181 282 275 500 310 546 63 36 583 184 192 506 133 459 378 345 464 78 298 135 156 177 559 554 37 173 132 175 219 198 197 308 234 390 96 192 353 437 229 44 31 256 588 575 376 165 342 346 481 119 73 41 106 286 420 201 50 128 215 86 262 379 536 2 560 38 205 368 499 258 255 173 265 321 522 570 98 203 433 146 47 573 248 368 476 454 107 270 192 488 387 173 234 282 414 397 153 6 420 62 13 473 431 597 110 345 78 592 286 399 83 484 325 597 542 480 165 7 184 145 310 596 233 523 554 553 224 196 549 298 33 484 136 56 565 492 301 111 220 360 547 575 242 131 398 165 419 467 486 364 422 61 66 104 435 109 255 505 245 31 89 547 376 69 205 238 161 63 374 277 559 145 518 292 265 49 370 354 137 475 261 449 325 353 452 118 269 257 57 330 298 492 533 597 312 321 413 597 71 277 229 397 587 61 120 298 30 416 201 123 412 573 103 258 506 540 492 272 466 182 508 165 122 494 536 544 258 153 358 559 81 164 369 534 184 52 534 586 496 315 479 274 189 342 55 129 171 486 294 500 72 501 321 335 148 278 594 556 510 438 330 291 548 19 191 4 424 451 516 19 116 109 34 222 431 228 102 499 175 304 36 252 375 228 506 122 595 271 148 226 591 578 478 254 558 343 431 397 474 591 359 18 209 403 269 494 356 154 560 49 232 373 20 235 427 346 192 207 355 126 446 372 459 278 458 182 149 230 191 104 489 35 395 472 593 469 106 301 189 583 361 526 575 274 391 36 537 212 465 357 461 273 230 114 67 82 478 313 245 352 146 370 21 338 538 231 105 246 148 385 552 520 393 164 418 439 395 107 223 403 74 18 504 492 596 514 407 8 203 32 329 516 515 417 321 173 178 467 599 571 21 351 188 322 548 222 507 547 551 568 139 395 281 320 70 576 343 155 541 353 502 472 261 327 45 305 244 256 193 107 512 387 3 412 432 69 121 73 482 121 468 471 243 545 143 32 421 191 237 588 551 598 265 343 187 184 308 157 568 275 353 525 238 594 548 507 127 163 399 574 442 467 106 313 324 149 138 597 72 76 95 376 568 0 167 95 436 343 257 187 209 479 33 365 317 552 516 96 290 242 556 476 489 455 523 306 103 28 288 568 473 295 270 83 513 460 541 213 49 354 340 488 273 74 216 536 178 455 232 140 60 386 311 254 141 232 423 228 491 238 294 436 236 208 227 457 28 542 449 295 330 45 533 296 351 187 402 255 452 197 532 336 2 189 85 497 290 37 326 433 152 537 375 333 141 340 555 142 412
929 810
839 546
136 617
706 399
316 333
187 456
100 308
977 402
468 30
966 785
866 648
266 917
941 642
892 180
913 922
299 399
717 78
322 922
562 159
23 135
926 287
925 223
710 464
452 371
959 912
297 972
946 57
85 548
441 208
583 94
765 772
975 246
13 364
456 480
485 573
815 991
28 889
798 898
174 792
772 312
761 458
676 299
948 684
955 820
413 64
414 667
85 68
199 520
138 512
552 501
975 427
201 661
945 382
306 995
186 489
280 156
259 953
96 680
393 833
420 921
306 821
374 798
613 774
720 761
914 399
240 228
297 744
535 41
175 543
114 609
337 293
265 253
128 120
124 468
678 457
488 921
479 132
600 72
20 432
578 863
627 9
701 874
524 938
686 421
495 761
388 995
893 620
859 445
442 720
476 775
518 6
563 783
528 465
371 649
550 221
517 623
314 222
916 728
237 645
273 618
715 558
38 519
783 451
574 9
189 408
96 165
38 69
685 147
339 817
345 340
68 435
833 845
509 881
663 179
960 853
224 248
320 116
229 902
438 399
660 86
396 86
776 82
881 507
223 317
238 966
920 180
662 881
196 2
842 981
551 884
708 113
714 187
903 291
940 413
581 508
274 581
93 34
667 907
95 406
786 51
602 691
191 759
974 471
505 831
915 247
793 216
48 920
587 399
544 986
640 830
155 449
61 748
533 301
496 521
182 864
839 611
625 602
744 489
355 387
255 520
714 850
344 241
919 466
827 290
607 149
351 982
473 275
367 849
15 753
34 16
525 342
448 322
620 242
618 537
672 764
145 793
434 624
565 481
274 342
101 511
68 6
466 530
523 560
235 109
109 430
677 980
348 874
336 469
856 700
29 822
608 350
348 673
383 139
894 460
240 592
593 885
292 481
544 675
684 848
977 67
592 317
926 39
508 657
809 762
605 106
553 856
800 547
844 228
679 515
918 77
830 185
852 879
145 0
79 627
268 863
157 484
483 700
396 901
52 94
194 719
731 941
240 812
78 823
204 279
887 99
265 374
868 114
998 595
758 533
925 778
381 431
402 579
166 593
878 31
756 590
145 228
875 323
657 314
414 786
267 757
979 634
218 74
351 940
636 505
146 565
425 149
318 681
258 561
40 963
665 237
419 386
266 301
832 811
857 486
538 917
788 148
539 542
163 899
479 657
208 877
61 850
289 427
470 679
466 597
289 222
959 24
215 572
862 1
192 85
476 0
304 270
135 204
756 57
807 317
748 115
702 367
577 201
247 7
847 367
179 679
721 245
495 423
344 124
33 345
818 440
190 988
562 323
389 168
70 679
265 468
979 807
814 688
518 184
544 830
546 609
930 130
320 192
881 533
947 542
586 423
39 372
474 825
680 654
694 6
706 515
89 648
88 117
770 960
373 709
156 741
43 316
989 318
365 905
477 247
682 953
102 262
511 909
512 597
701 48
621 267
887 964
760 224
650 26
447 774
352 317
189 937
956 948
879 678
989 774
130 870
7 253
289 32
478 501
29 564
408 322
884 570
853 333
112 748
656 271
760 287
738 15
248 671
315 602
589 177
627 63
316 783
947 473
580 539
945 994
589 280
495 45
407 287
158 971
584 565
665 599
852 88
623 128
7 100
842 945
903 32
322 712
203 594
69 149
541 248
529 780
146 660
964 889
167 840
37 762
748 87
206 787
524 82
519 1000
403 709
891 932
613 219
512 288
501 337
294 185
129 373
131 181
994 42
449 861
959 308
626 920
780 178
995 740
868 861
570 688
594 966
647 977
633 356
790 818
907 332
40 167
70 221
953 500
959 716
282 811
999 548
891 413
834 643
940 583
337 146
228 165
894 659
774 22
594 797
274 11
764 253
631 745
971 575
610 658
636 670
510 363
341 507
733 998
758 398
127 770
995 223
996 826
372 21
127 271
879 367
371 67
626 468
990 971
625 320
476 868
926 442
546 727
258 986
252 171
521 700
715 488
986 924
417 870
688 339
780 501
958 136
746 369
720 625
238 268
159 57
94 764
303 352
160 343
71 969
249 49
936 7
373 198
212 816
868 252
514 230
166 178
380 501
564 76
572 757
84 927
417 118
115 84
295 626
52 706
334 963
764 909
660 150
657 804
659 857
347 203
452 298
130 57
455 968
999 500
160 634
994 686
10 928
225 468
484 954
862 183
190 50
78 93
498 485
692 581
193 144
227 398
653 448
311 647
470 198
369 468
412 813
691 812
293 508
399 635
719 303
313 430
659 719
874 797
153 816
68 880
66 533
4 672
774 745
641 570
587 44
962 98
608 842
11 645
248 740
724 808
163 713
25 457
664 404
626 961
697 628
526 433
399 250
192 345
552 357
231 356
583 603
364 574
521 154
615 992
239 711
994 995
341 10
169 320
10 967
771 656
472 332
121 32
144 291
212 548
882 223
427 182
369 960
497 80
813 17
566 995
354 413
805 872
345 67
309 95
211 685
430 20
764 430
814 350
866 69
246 849
116 710
457 554
377 314
712 345
446 909
774 679
285 670
642 225
69 252
707 685
336 575
897 787
485 994
171 3
656 636
145 95
629 185
694 232
971 374
669 122
43 211
123 938
9 211
434 543
197 193
39 407
46 654
296 697
347 92
387 926
818 150
758 618
478 108
689 259
456 73
339 643
738 719
977 179
597 449
154 409
809 640
205 622
98 355
243 770
999 196
773 110
805 523
920 979
754 138
632 799
671 53
