600 920 600 641 14
433 480
68 122
298 477
62 542
106 219
184 196
96 327
275 491
236 443
241 323
228 476
106 128
146 321
102 516
127 527
282 434
42 258
409 511
47 271
208 423
103 338
132 337
328 343
162 570
377 407
127 348
410 495
385 392
99 154
2 485
18 53
257 314
136 288
533 536
406 457
406 563
387 487
45 215
34 129
536 566
404 445
76 115
162 461
12 66
16 252
349 378
438 481
213 243
23 327
31 199
164 333
372 398
508 574
357 415
49 53
48 184
81 521
169 211
144 397
466 590
2 259
522 551
9 163
130 210
453 512
91 416
145 510
449 566
506 590
83 550
87 523
239 438
299 335
213 443
371 547
9 400
3 301
266 444
187 536
86 535
222 223
479 518
421 523
389 586
346 539
229 256
207 587
308 494
567 571
90 575
366 571
127 405
367 407
35 596
115 547
116 539
418 497
167 356
508 556
360 432
239 276
42 330
64 503
40 354
418 547
165 273
270 457
48 586
471 570
169 449
30 219
148 464
34 475
71 221
44 343
283 488
155 204
96 556
81 122
36 192
226 254
116 378
102 209
336 442
77 203
362 538
326 482
433 522
403 422
412 518
165 279
325 525
18 591
459 577
24 342
54 535
237 269
185 196
92 530
363 369
284 453
59 330
117 554
334 391
13 403
330 488
112 326
12 416
113 306
40 331
64 181
28 166
20 438
35 375
33 297
24 291
9 355
75 428
257 531
364 581
284 577
143 502
261 524
398 540
15 23
149 284
88 109
189 353
48 438
67 111
315 329
83 223
358 500
91 257
124 151
107 190
80 275
215 260
201 382
27 534
41 322
222 550
15 78
11 218
559 585
10 109
54 84
293 507
66 416
138 533
400 428
273 589
39 99
82 358
48 543
382 422
156 157
383 444
493 534
138 536
54 347
300 464
261 391
386 401
334 595
315 517
89 552
551 566
109 235
343 472
312 597
183 489
153 264
199 383
99 512
126 471
192 234
73 259
494 510
8 224
29 356
205 261
373 485
8 318
52 499
31 306
127 251
206 235
177 455
252 338
54 86
70 152
153 364
38 443
295 449
75 462
316 323
270 554
69 517
6 510
28 53
136 195
127 564
136 487
212 530
135 238
129 468
96 546
176 427
55 341
69 114
126 210
409 432
44 247
205 402
116 303
292 555
168 287
338 351
180 244
328 360
93 274
390 433
247 472
151 401
5 176
405 430
102 216
90 219
126 162
179 559
79 345
34 468
370 595
5 119
148 197
83 134
219 445
142 593
140 320
63 565
549 574
244 540
379 381
229 336
120 179
258 492
255 539
24 40
262 441
47 369
407 483
399 504
22 75
226 500
135 178
99 476
133 317
86 566
323 563
21 80
242 318
12 305
115 267
47 178
231 400
256 584
524 563
171 301
238 477
21 561
264 450
9 75
113 462
544 551
187 347
21 564
341 483
412 479
312 490
102 507
164 498
163 292
385 465
517 580
270 435
436 490
63 97
305 532
121 532
168 212
38 489
276 481
94 516
87 132
292 400
124 385
372 486
40 291
335 366
470 558
442 520
36 198
264 300
251 348
100 237
90 317
87 260
37 149
105 542
10 495
63 310
63 599
159 352
454 548
59 375
57 291
4 410
61 482
421 463
201 276
181 388
86 347
142 425
60 244
139 510
118 210
110 361
446 469
16 199
372 502
22 428
130 461
144 150
90 106
340 388
128 167
534 587
280 321
174 226
103 248
411 464
29 381
130 162
23 320
41 570
21 233
24 553
41 326
231 509
228 460
176 577
135 298
479 568
58 93
366 447
3 171
229 545
343 493
79 124
238 307
74 138
112 494
118 252
365 416
10 286
214 587
266 562
301 485
388 478
459 542
192 417
52 56
144 399
391 524
289 585
178 202
295 344
384 391
346 462
18 223
208 272
13 152
142 324
118 338
348 405
61 66
184 586
330 420
196 559
38 243
63 432
227 495
84 259
32 531
183 549
345 431
248 252
30 404
24 50
68 237
109 146
406 554
158 181
439 589
6 366
182 378
57 439
454 503
53 148
311 569
102 174
141 251
351 413
208 361
303 378
335 567
371 562
332 343
205 296
207 545
22 263
357 440
182 379
141 194
376 395
238 367
84 274
304 326
22 456
243 443
42 422
2 93
207 397
64 388
332 554
14 301
134 417
212 592
392 465
319 357
73 237
307 378
98 300
130 440
83 591
67 396
296 316
185 438
57 589
90 133
85 433
131 530
168 194
14 325
30 356
250 283
234 537
17 254
386 505
43 57
80 302
225 288
85 238
51 223
1 517
554 563
120 559
61 253
336 520
177 271
277 464
138 187
190 455
6 538
52 245
232 236
49 198
65 297
92 212
160 345
181 262
550 584
260 451
96 180
358 562
182 294
376 494
339 345
322 482
72 337
441 461
297 549
437 589
329 586
391 402
464 590
118 440
334 584
299 532
242 362
155 322
391 584
59 283
209 507
168 446
82 444
123 594
274 544
270 323
254 393
239 481
150 173
103 190
108 368
99 439
356 404
244 372
8 447
22 514
315 382
23 72
556 574
71 478
273 439
38 265
386 473
15 297
172 466
42 59
180 546
73 195
232 582
92 446
230 508
327 508
61 204
110 468
178 298
327 337
370 402
414 519
108 190
5 154
65 549
374 528
131 350
236 582
240 553
321 588
256 524
125 159
267 355
156 414
426 552
302 312
253 529
41 155
258 339
109 401
279 437
336 563
311 546
279 501
382 543
98 411
388 521
103 217
83 370
361 468
244 337
11 500
122 278
168 592
188 333
89 372
151 557
97 435
459 467
194 592
108 202
208 409
360 515
244 327
478 553
172 300
142 585
344 522
147 207
245 479
69 448
275 424
174 500
94 226
242 538
25 373
232 443
78 236
452 583
174 358
324 585
295 551
195 359
105 427
145 326
453 474
196 504
192 296
7 560
155 570
136 187
2 58
232 302
5 513
71 409
156 503
140 287
279 342
31 573
231 555
28 506
108 255
144 576
216 293
98 581
45 260
255 458
145 299
125 381
86 187
292 418
140 446
299 304
70 596
186 275
416 572
117 520
193 496
24 240
28 245
193 515
60 132
22 509
284 467
458 541
261 323
50 342
113 267
63 360
160 431
398 502
472 493
43 313
138 487
18 568
1 580
32 548
469 523
50 73
110 129
248 338
316 583
104 205
292 547
3 107
313 476
204 314
371 418
306 541
59 70
120 228
195 288
53 394
98 464
10 429
208 528
40 221
161 225
30 128
241 316
124 380
281 414
247 425
32 454
452 565
191 403
278 340
57 313
116 368
125 379
142 493
115 290
333 561
290 562
47 177
321 557
331 354
349 379
378 477
325 413
151 280
46 305
223 412
363 544
370 550
562 573
291 354
17 218
481 543
520 563
171 271
101 296
334 370
199 306
79 578
231 292
78 443
176 513
424 505
58 373
456 509
451 470
363 522
134 370
268 447
148 590
71 200
14 525
20 427
367 480
282 376
144 147
135 433
535 544
295 566
5 99
286 429
143 398
80 186
189 569
245 568
238 408
0 209
92 463
172 246
165 437
7 227
25 301
74 275
88 473
27 554
459 505
179 425
325 351
49 197
118 434
353 552
131 433
56 245
50 100
161 342
122 237
175 557
176 474
104 391
273 285
208 432
1 191
409 478
279 487
227 557
350 367
68 301
223 518
118 325
214 545
28 56
169 188
304 532
171 177
106 451
37 487
149 467
160 309
294 307
231 428
23 33
91 526
344 433
296 370
123 138
128 377
266 573
419 505
278 521
128 137
78 297
329 543
82 562
18 479
35 70
106 579
220 445
231 514
419 424
564 582
253 326
350 530
170 357
32 156
2 373
24 57
213 484
95 266
331 360
134 192
26 490
113 458
289 593
298 368
92 168
546 569
312 429
282 308
534 593
110 374
289 534
577 598
128 470
384 524
73 161
164 186
353 426
16 139
155 314
19 291
323 457
390 592
311 372
258 431
325 440
378 379
120 313
88 401
150 504
157 411
161 279
54 274
262 319
475 503
172 590
108 539
52 111
441 503
50 161
501 589
135 369
77 408
267 573
428 509
474 577
150 397
318 444
74 594
171 455
14 249
164 188
16 306
397 534
368 539
199 573
164 233
19 44
87 421
301 373
497 562
75 303
233 561
318 362
126 130
264 105 565 5 229 70 197 278 132 321 222 586 194 189 532 366 511 39 76 456 305 198 120 501 317 572 521 157 379 388 543 297 47 427 83 550 37 115 237 495 403 426 104 33 432 249 485 29 417 315 375 520 437 230 496 378 316 181 536 317 46 113 452 52 61 481 393 62 231 389 395 38 201 388 169 178 516 353 119 472 101 519 244 142 19 72 154 31 566 303 283 446 184 594 410 376 198 175 396 151 353 161 538 174 77 538 192 445 532 392 164 251 180 9 84 578 228 523 198 434 106 40 156 387 9 64 166 490 128 19 454 164 169 161 354 204 254 334 8 493 74 209 399 286 461 380 318 316 228 474 163 293 138 444 150 523 224 262 197 578 596 267 48 352 517 481 596 256 460 312 571 328 546 61 30 475 456 203 584 547 37 230 277 298 407 328 498 59 313 505 14 92 423 463 577 261 200 236 84 393 468 16 373 187 56 337 283 114 90 48 452 52 207 403 187 523 364 369 42 84 390 35 247 484 447 426 172 456 513 541 339 421 301 394 193 80 207 261 238 399 349 355 345 328 393 155 253 537 581 383 256 200 186 100 463 531 539 64 415 47 313 572 516 322 576 381 43 263 484 523 88 285 78 34 238 308 90 325 236 193 277 520 91 4 324 439 82 40 383 435 569 485 372 41 142 414 599 397 506 541 562 312 582 532 88 136 438 63 401 54 98 44 369 512 224 239 209 95 245 312 47 559 448 110 217 562 172 18 597 247 246 16 365 405 159 393 134 249 502 434 379 186 22 170 146 45 178 592 76 424 186 540 584 367 393 63 435 474 37 160 553 47 150 89 302 479 286 220 83 374 541 160 529 560 579 565 538 296 28 306 491 256 549 440 37 549 115 564 42 123 125 246 501 595 143 380 352 338 309 197 507 528 400 324 174 468 91 48 395 138 11 318 164 542 156 207 226 299 595 231 461 265 239 288 256 253 178 184 94 209 65 528 119 594 257 68 521 226 371 290 194 412 472 432 301 305 382 80 480 320 574 61 205 48 316 198 234 573 87 70 486 596 142 367 533 58 100 290 217 365 448 341 525 234 432 42 245 360 281 355 420 19 401 128 157 413 186 94 441 208 146 439 371 360 512 349 22 308 112 518 389 331 582 45 477 516 497 292 492 531 445 345 291 183 263 367 447 90 437 88 576 225 340 506 301 86 590 517 387 296 305 231 216 297 198 369 193 592 502 532 74 580 359 413 537 337 26 377 583 80 374 525 258 72 295 3 527 530 263 176 207 72 490 168 211 550 540 31 387 421 433 541 411 570 59 438 497 191 402 286 367 528 571 86 287 596 299 297 507 425 579 19 114 171 15 505 263 202 158 327
22 991
951 231
458 588
386 650
753 17
745 329
268 882
759 84
139 911
109 601
620 18
60 825
481 958
945 170
435 668
319 108
260 770
4 817
894 879
722 490
734 247
455 159
84 548
248 108
642 558
394 602
471 4
859 557
873 938
135 406
62 401
189 733
567 875
264 68
612 769
988 116
809 843
516 381
422 22
696 322
670 583
365 883
922 104
685 459
765 537
74 211
471 996
343 522
827 292
784 881
571 536
897 852
908 985
838 916
395 449
206 308
882 976
676 491
385 556
967 96
112 197
457 930
644 214
734 717
554 748
247 29
499 937
965 959
466 618
1000 306
975 174
632 657
196 158
510 536
513 304
120 568
128 641
134 450
354 103
808 146
493 203
485 639
129 814
929 835
437 465
278 415
417 405
184 202
614 93
40 111
73 269
496 906
226 259
420 515
32 924
154 760
126 36
784 712
686 939
712 402
551 567
816 768
60 968
272 681
921 688
683 237
95 294
353 655
271 589
600 46
668 822
983 990
322 893
201 661
983 361
95 671
230 542
897 532
354 743
779 307
784 436
320 980
498 614
542 312
762 149
55 476
339 834
375 171
111 350
606 815
410 785
264 353
161 183
27 282
902 794
302 440
480 422
89 390
489 353
224 835
253 189
365 269
836 457
29 219
998 392
297 920
644 56
960 441
776 921
562 346
919 414
698 160
932 132
599 969
727 370
420 834
595 851
654 854
532 770
23 486
781 48
577 498
386 819
67 670
441 259
586 416
840 967
101 417
283 255
411 277
503 720
357 615
791 993
935 367
95 908
736 137
693 284
337 576
306 478
836 422
84 91
531 710
148 490
338 5
857 346
805 323
486 247
454 386
390 237
81 2
319 619
914 226
834 815
782 645
326 236
492 454
818 380
738 902
749 841
209 776
670 681
849 239
288 537
169 422
444 895
895 698
569 124
965 488
675 760
79 997
382 767
358 302
258 316
371 75
991 509
136 218
115 931
259 640
73 799
52 349
24 371
685 638
997 808
960 837
181 932
556 480
25 893
698 62
793 400
996 557
166 35
14 646
477 79
464 191
794 814
548 76
437 94
524 599
255 446
812 199
642 602
841 677
200 867
393 53
96 136
898 925
763 990
782 483
248 726
493 681
952 51
352 213
300 736
433 969
35 811
249 606
989 620
494 831
880 77
459 535
117 249
900 658
489 757
51 510
634 1000
454 35
125 765
170 683
220 956
588 611
834 649
364 580
694 728
616 392
368 488
521 261
851 202
714 876
554 618
556 447
669 140
597 882
296 780
964 9
613 344
588 388
648 4
295 219
532 465
906 458
114 701
690 549
46 693
152 967
206 500
330 321
892 750
291 60
277 464
358 976
704 986
419 636
492 116
167 562
379 954
436 1000
213 696
222 473
322 801
804 19
727 797
53 59
518 34
728 462
459 850
930 274
847 735
9 327
122 876
454 761
258 151
695 93
414 877
868 653
872 455
378 722
361 931
164 84
769 591
913 324
903 61
732 629
837 541
407 198
983 723
278 973
949 598
140 118
299 681
852 90
536 647
218 337
602 522
800 546
342 348
800 82
207 591
442 428
305 193
141 550
212 366
364 683
2 541
22 20
741 568
151 625
74 442
472 732
88 857
473 509
745 663
640 772
167 885
340 421
653 936
566 922
275 944
196 436
251 520
341 481
925 756
84 738
42 142
421 589
700 843
996 73
256 813
142 377
185 538
119 502
792 116
98 471
873 224
190 826
990 652
779 170
631 184
545 401
566 681
850 311
297 351
968 683
725 204
6 859
870 910
289 811
994 939
933 440
35 173
960 340
42 644
629 126
917 725
933 200
47 437
299 129
885 607
200 401
177 483
618 704
691 8
690 897
967 869
337 708
643 888
445 714
524 974
846 853
21 744
554 241
857 19
189 247
880 164
636 732
581 241
807 468
6 68
717 271
58 617
581 10
286 160
820 42
701 691
298 378
342 774
798 682
487 31
612 466
763 248
680 412
408 749
497 791
925 570
396 86
142 843
24 412
261 225
212 914
995 266
387 311
578 996
120 278
772 749
635 363
549 814
301 568
47 566
854 629
212 633
609 258
753 360
446 826
188 611
147 265
716 953
762 195
812 968
585 303
648 799
210 192
138 301
333 862
797 508
572 165
669 321
581 756
743 402
250 488
600 639
954 921
247 405
798 251
397 913
180 359
335 51
437 615
11 105
517 416
914 8
378 1
512 3
545 205
870 46
838 513
306 841
660 29
812 590
58 764
482 286
936 968
50 866
622 494
5 163
561 776
897 376
610 227
802 939
131 998
199 68
32 596
257 850
577 717
686 352
740 290
9 574
792 618
7 954
963 294
994 897
605 939
923 541
509 658
320 399
206 224
959 640
407 689
538 900
404 160
700 804
423 939
234 296
517 874
391 993
480 318
905 490
390 422
431 308
773 777
240 884
254 567
73 174
233 664
666 269
881 257
367 449
990 472
85 45
56 719
541 854
285 1
979 772
368 378
32 76
637 630
855 601
12 716
153 6
754 114
170 307
846 394
718 33
436 187
97 779
913 611
385 134
737 745
393 365
251 995
923 903
59 18
379 849
216 994
552 954
162 724
212 11
75 239
986 432
640 296
836 136
72 328
975 246
672 981
455 115
809 724
999 694
895 427
886 314
943 522
658 103
632 426
756 944
876 834
320 277
862 492
560 287
950 727
994 203
543 10
641 330
761 692
