600 1683 600 755 10
89 442
343 454
130 313
62 263
185 277
228 269
223 360
405 599
14 70
148 256
40 255
413 540
274 467
22 548
233 403
197 585
260 558
148 340
334 534
47 51
156 541
59 483
85 324
160 470
79 402
9 391
365 382
219 283
278 354
381 444
475 537
432 570
218 328
355 450
410 485
169 438
314 432
111 305
223 318
284 508
336 577
224 464
383 411
219 320
212 216
44 223
205 563
263 479
416 484
233 286
204 536
65 427
327 415
518 558
115 368
353 499
208 497
557 562
37 320
272 310
26 251
180 511
332 460
141 327
139 410
97 255
42 576
171 298
134 191
352 394
346 390
2 78
85 161
97 418
135 594
266 558
222 597
6 394
46 179
4 404
17 226
297 569
53 457
364 451
86 237
174 491
225 520
389 430
105 354
182 250
172 207
382 515
260 443
388 428
162 182
500 557
532 589
202 404
372 514
159 376
541 585
2 89
81 282
320 561
410 495
108 368
145 368
160 166
104 477
82 175
153 519
177 559
389 567
181 584
331 549
452 508
515 544
381 590
210 421
366 529
107 415
238 318
137 247
287 483
213 333
355 550
140 197
317 529
185 586
214 554
171 358
231 363
48 333
272 503
17 310
207 314
88 102
424 596
244 481
13 104
310 311
241 365
103 466
152 560
285 428
70 97
34 206
287 347
207 569
87 175
146 459
60 548
74 582
264 265
107 245
87 283
64 306
169 465
11 51
224 495
225 253
253 554
28 531
488 505
16 286
166 328
112 114
78 228
553 593
148 547
347 448
205 294
13 174
533 595
189 414
9 154
254 486
118 131
471 534
161 513
191 520
297 307
100 512
296 400
91 304
106 488
17 311
45 188
3 86
374 563
122 546
52 475
58 535
2 375
71 368
224 583
94 520
28 232
316 504
342 382
87 377
49 345
32 462
318 360
78 269
297 399
145 501
109 234
283 505
55 370
275 333
362 409
182 503
118 592
136 281
70 149
290 376
440 552
23 42
126 504
150 221
17 272
124 241
105 552
427 511
107 567
20 225
11 386
393 455
260 270
237 358
239 493
124 151
199 504
202 433
465 578
67 96
374 574
432 538
403 406
319 531
78 375
34 424
342 515
535 558
409 519
266 518
490 587
367 370
97 543
244 323
301 331
183 527
377 587
6 308
236 303
338 412
97 193
198 267
213 486
152 434
229 280
285 397
36 387
42 478
205 420
303 385
204 540
37 176
0 428
287 582
407 525
34 287
137 526
2 126
495 527
274 521
8 300
312 319
4 450
241 342
22 416
66 557
306 368
57 165
107 262
102 235
24 329
99 305
221 517
236 480
265 342
557 558
65 169
8 371
174 384
215 251
80 552
124 522
244 281
271 497
469 584
151 243
234 593
82 377
67 84
189 303
8 251
335 497
259 386
125 469
462 584
189 254
81 338
208 271
120 184
6 178
275 480
131 570
393 475
53 211
377 462
193 356
312 461
10 587
211 372
183 408
461 531
268 556
119 137
336 436
22 60
196 198
115 492
104 248
4 474
66 558
483 494
135 386
373 408
303 539
136 154
0 199
315 371
363 411
181 370
313 388
103 429
42 429
289 522
19 246
440 572
300 371
8 315
19 315
350 503
243 382
552 572
276 404
62 326
188 326
70 79
85 113
226 311
438 485
166 425
202 227
177 364
101 357
580 591
544 591
145 240
379 499
142 258
31 387
238 556
141 530
1 521
240 367
312 570
328 556
230 357
92 203
413 562
281 401
227 488
31 510
4 309
406 435
322 541
249 462
232 307
330 430
127 394
39 163
23 103
399 491
373 596
165 532
154 235
307 399
379 548
134 145
310 503
206 373
52 114
17 535
6 496
238 268
92 401
92 281
61 220
112 427
50 469
303 480
14 230
341 582
50 125
66 518
387 468
59 458
142 277
259 342
309 450
261 451
29 115
136 235
121 173
51 479
458 521
386 561
308 404
315 589
235 391
94 370
203 529
30 150
99 111
337 477
86 120
32 584
221 472
525 576
230 588
297 353
446 459
296 437
50 181
359 360
148 586
323 598
492 509
82 210
344 492
348 599
133 158
118 460
143 171
340 547
46 167
151 330
117 540
58 444
42 454
71 187
80 581
235 380
209 368
0 316
291 556
123 164
179 402
59 99
59 294
5 122
175 506
137 447
117 500
238 291
136 380
262 567
35 567
71 264
40 543
466 478
139 224
564 576
191 240
37 265
48 170
110 187
73 380
33 558
402 418
10 291
9 93
333 480
305 448
91 185
157 186
398 595
192 344
69 433
408 527
176 386
31 436
167 232
259 265
362 595
43 353
233 351
206 564
308 309
242 394
129 334
230 482
47 575
387 549
105 489
371 470
409 583
277 317
207 419
433 556
181 469
336 581
122 374
204 296
32 359
257 265
67 149
461 538
142 317
190 240
100 302
78 126
219 550
183 373
274 516
372 545
36 378
25 476
500 536
95 230
159 362
19 471
43 569
359 462
14 392
522 575
283 523
372 452
281 481
2 130
17 266
54 426
222 557
435 520
226 500
124 528
361 596
48 213
47 54
113 540
106 202
33 128
216 261
427 524
523 550
161 223
25 595
306 492
215 300
107 327
72 327
203 401
116 172
91 586
333 414
331 468
241 259
167 399
423 555
435 583
115 264
0 278
147 253
257 264
348 385
129 471
114 143
220 504
114 475
376 525
200 499
87 488
108 145
272 472
30 508
460 497
442 546
353 569
49 565
229 452
69 202
36 395
246 315
292 520
155 161
290 476
150 545
101 295
187 265
178 201
38 67
200 337
493 530
159 290
265 515
297 477
111 458
488 490
308 450
59 420
196 238
192 339
491 593
237 393
359 377
428 445
250 503
345 498
153 409
263 496
117 413
249 584
444 535
107 530
38 357
98 572
99 458
119 452
98 440
233 482
149 588
187 421
369 595
56 423
287 564
422 574
325 364
316 440
65 361
243 365
155 198
115 509
267 470
400 466
129 534
92 154
349 444
60 499
439 576
192 193
66 226
43 416
341 412
169 578
422 441
91 288
284 452
142 445
291 433
6 127
36 331
298 560
337 353
422 546
103 290
51 195
280 452
145 339
354 529
162 301
20 501
74 576
232 279
335 537
521 542
124 571
176 259
190 209
124 330
163 186
75 461
125 409
197 579
75 207
180 465
449 566
121 474
247 514
441 442
1 542
124 289
333 539
194 534
322 514
258 285
353 484
88 282
120 237
472 508
152 293
217 326
73 323
406 583
325 451
88 400
294 420
89 313
211 329
152 273
35 530
302 311
250 517
132 345
42 466
195 426
206 439
82 87
183 206
289 528
2 83
181 367
38 319
274 458
555 598
103 437
227 404
121 523
156 514
92 136
71 190
356 554
562 597
57 218
64 344
448 498
40 262
256 463
10 106
48 276
179 279
109 418
24 140
81 463
356 392
159 583
227 505
106 227
1 458
133 482
128 371
123 439
45 386
288 547
109 179
56 598
112 131
56 311
241 575
314 461
306 339
175 210
305 347
293 560
155 196
377 490
20 214
86 208
191 225
33 557
7 85
204 437
146 442
63 239
154 391
94 125
135 259
285 445
486 573
231 411
280 508
240 252
46 234
231 471
444 558
81 102
58 508
405 532
527 596
85 453
364 521
139 485
240 370
69 480
130 388
22 90
233 295
355 386
58 284
1 294
12 286
509 591
109 593
134 225
69 275
202 275
34 373
163 388
174 593
4 308
112 143
118 432
143 427
183 439
141 344
72 245
63 330
48 573
185 321
87 505
47 195
11 575
83 441
319 465
316 489
57 532
14 356
159 164
16 583
32 469
274 305
334 473
117 557
189 539
361 424
5 563
369 476
163 446
295 351
304 445
171 293
117 536
231 534
299 377
434 559
111 274
26 247
453 513
12 16
64 492
139 495
158 568
89 130
25 369
31 98
85 513
28 75
246 471
264 368
487 593
406 568
127 496
77 329
116 271
206 287
361 427
70 588
564 582
97 402
345 424
40 107
200 248
131 475
117 222
61 316
192 554
81 235
201 217
14 482
53 545
247 322
91 483
74 341
249 299
81 391
327 530
147 482
350 517
298 345
104 553
178 308
94 292
288 483
234 491
203 366
347 551
11 135
294 458
12 101
17 66
245 543
324 566
267 562
11 188
439 525
158 482
192 214
10 360
414 539
487 491
26 411
49 274
26 447
334 363
100 301
102 346
245 415
222 562
381 526
13 384
248 379
179 418
278 428
256 391
66 500
146 546
204 507
229 372
260 300
71 209
77 140
173 355
114 171
63 151
11 68
1 563
222 413
5 157
242 254
186 420
380 390
212 261
261 542
166 371
45 68
190 252
118 475
391 463
384 491
123 224
165 303
76 516
314 592
299 462
305 494
398 533
44 155
431 480
168 293
12 295
256 586
17 518
216 574
182 549
178 450
171 524
85 540
364 467
4 121
90 271
21 255
266 535
380 481
3 393
483 547
49 498
347 483
23 429
4 173
396 423
24 457
67 232
128 270
7 413
100 311
122 563
108 190
43 484
59 304
297 419
221 350
166 268
106 433
191 370
339 344
170 573
61 440
235 346
158 435
199 388
224 439
270 443
72 415
302 503
22 499
76 560
87 490
411 585
27 32
38 84
77 211
344 591
145 306
114 131
88 346
93 154
177 273
297 417
264 515
538 570
300 447
73 244
72 193
327 344
106 587
75 307
201 496
73 598
166 218
225 554
319 578
144 502
7 540
16 139
437 540
273 434
144 346
286 403
75 232
16 403
172 332
186 446
505 523
171 560
129 194
110 421
350 472
453 476
217 355
18 323
118 570
54 195
93 256
464 495
407 454
193 554
41 530
397 529
13 297
292 435
546 574
412 463
38 578
170 352
395 510
82 299
83 89
187 320
353 477
72 543
128 267
180 570
152 177
216 451
529 577
389 571
421 506
143 524
39 313
357 578
75 314
282 478
424 551
61 78
227 474
23 343
201 326
137 590
142 285
11 47
43 172
455 475
54 528
5 459
153 469
513 533
104 337
18 281
166 589
214 225
138 558
170 242
189 385
118 332
198 268
423 502
13 477
277 321
101 169
253 392
200 353
8 215
425 589
268 470
18 510
211 579
326 496
42 407
73 390
472 535
10 318
433 480
186 445
577 581
404 474
113 437
283 550
79 279
10 359
354 577
474 523
338 478
389 493
448 565
127 263
211 545
156 579
146 313
110 283
156 322
362 369
261 364
557 597
221 508
385 405
20 145
73 555
89 146
157 563
62 479
0 388
20 339
35 107
165 431
248 548
476 533
155 223
15 500
26 300
420 445
218 431
172 569
400 507
138 260
76 177
311 423
39 146
453 533
38 95
250 350
153 362
57 431
302 310
86 393
291 318
12 139
3 455
168 184
18 401
48 404
351 357
202 276
1 374
300 590
76 274
503 512
305 565
371 443
484 499
244 380
251 300
120 168
183 464
26 137
115 306
98 581
408 596
288 586
7 566
90 116
24 473
110 219
278 397
44 318
223 398
298 516
412 478
268 328
76 152
28 67
230 351
27 360
217 450
157 446
272 350
411 471
258 529
35 389
55 240
27 153
93 317
413 566
274 565
48 308
74 478
62 188
160 371
119 247
229 545
195 479
133 568
113 290
23 454
63 591
86 152
161 398
251 411
354 489
14 588
270 371
576 582
163 428
213 254
378 395
294 563
200 379
440 489
207 592
169 410
79 149
267 557
165 236
56 323
354 397
18 395
159 369
18 436
216 374
312 465
156 372
547 582
150 280
41 389
286 295
67 531
361 495
27 359
37 561
30 221
140 473
474 505
351 482
460 537
298 524
343 407
307 419
151 365
114 358
344 509
179 234
123 583
217 386
253 520
282 400
68 188
61 228
7 324
226 423
92 93
226 502
278 489
254 414
241 594
80 354
331 395
141 493
260 590
278 285
173 550
40 245
448 551
170 308
11 45
158 253
23 290
101 351
13 553
27 595
287 551
118 537
15 536
255 543
400 478
258 397
243 580
116 416
27 398
498 565
65 495
153 595
12 438
167 279
260 371
46 491
198 449
42 74
498 551
347 494
41 493
28 461
108 240
252 421
122 574
304 420
381 558
76 467
447 590
105 440
24 77
79 179
70 402
326 386
301 549
15 502
55 191
378 510
426 528
334 348
56 555
342 365
78 220
96 279
507 536
15 507
210 252
130 199
21 109
19 599
50 370
242 486
77 579
255 567
113 476
162 512
116 332
43 116
84 230
31 378
110 320
315 532
363 383
144 423
49 516
61 504
258 317
149 279
80 105
359 587
26 541
52 358
16 224
125 435
212 374
218 433
413 449
29 515
392 554
20 134
241 522
199 316
465 570
174 553
123 525
284 349
148 463
184 293
239 430
431 433
198 324
272 535
13 417
8 246
137 284
363 534
96 149
255 262
126 130
263 326
84 149
208 335
63 430
49 298
296 466
383 585
315 405
246 411
162 549
128 557
109 255
152 168
48 486
192 327
148 341
173 450
112 511
242 352
273 559
308 352
432 592
39 459
464 527
147 158
248 337
136 481
218 556
396 555
101 578
155 324
287 547
46 279
57 589
509 544
265 320
16 406
332 592
53 150
298 427
213 414
177 467
34 551
50 94
132 551
430 493
115 544
44 196
140 579
436 581
383 473
184 358
38 531
269 375
290 437
148 288
22 484
122 459
54 289
100 162
138 270
329 457
345 361
346 396
323 331
112 570
15 88
163 313
364 559
117 204
399 417
439 464
160 268
14 193
150 229
108 209
101 438
80 577
175 283
116 460
119 514
312 531
165 405
92 317
133 233
432 461
134 240
449 562
181 249
516 560
15 144
307 456
151 580
382 580
58 349
51 188
130 504
274 364
219 355
110 506
235 390
219 561
255 418
210 506
196 268
260 381
56 100
39 446
176 561
384 399
452 514
315 425
301 323
246 251
52 237
84 588
71 421
303 405
334 383
170 486
1 212
331 387
128 470
325 559
150 457
239 344
275 276
304 321
88 144
203 317
185 256
88 507
184 237
355 561
74 412
409 435
197 541
411 541
248 553
321 445
132 498
31 581
181 252
157 205
37 259
164 376
267 449
236 431
407 576
164 525
207 332
497 537
271 460
435 568
185 304
119 284
96 232
161 533
366 401
194 334
129 348
84 95
147 392
216 422
371 425
133 403
349 526
250 549
83 269
384 417
63 580
44 238
186 205
159 409
83 442
526 590
480 539
276 333
455 537
127 479
54 575
429 466
30 280
373 424
14 97
511 570
437 466
134 501
14 147
239 591
132 424
161 324
125 292
169 427
26 322
389 530
338 463
9 256
33 270
157 459
296 507
459 546
385 599
430 571
94 191
135 241
99 494
124 365
290 369
45 326
401 436
102 282
187 257
340 582
343 376
11 594
6 201
212 542
18 244
93 185
156 197
58 472
364 542
378 387
169 180
211 457
60 379
237 475
330 571
399 456
190 421
234 487
11 241
106 291
422 442
19 129
302 512
93 277
278 316
401 529
376 407
46 399
99 483
495 596
32 153
282 338
473 585
113 453
572 581
382 544
401 577
290 343
29 264
419 569
27 223
382 591
488 587
436 510
19 348
73 396
163 445
182 512
164 583
434 2 68 249 77 13 27 329 452 496 593 392 478 145 122 231 496 316 121 359 445 576 516 73 548 409 159 176 103 561 499 242 2 350 15 528 456 280 378 41 311 106 64 153 39 376 308 496 198 575 1 548 325 501 187 558 44 64 31 91 317 188 310 289 532 353 470 298 208 339 242 445 596 391 209 481 85 309 199 262 291 399 209 316 34 307 373 242 455 377 3 278 69 300 478 480 260 470 136 152 119 156 318 216 350 530 345 414 368 535 327 581 57 69 444 378 429 491 33 584 35 416 29 7 173 252 510 151 160 388 468 491 503 162 109 106 141 399 548 449 579 248 315 133 41 162 172 219 468 122 387 93 199 392 13 434 52 47 435 454 436 268 103 496 592 527 594 241 96 403 463 112 80 161 53 32 123 500 57 1 454 133 143 287 574 42 96 251 220 586 61 402 588 0 317 91 255 151 517 226 185 578 382 403 579 91 575 108 562 329 232 138 52 276 62 11 353 414 525 459 275 580 265 168 454 207 539 542 575 1 439 149 174 251 365 400 531 126 551 375 30 166 349 96 437 388 593 524 218 122 241 75 362 200 387 114 430 223 175 105 513 357 442 260 518 380 379 322 579 374 162 471 222 102 417 376 518 565 19 493 104 97 50 47 272 303 85 495 477 430 515 128 139 146 341 447 382 541 565 129 404 86 254 279 502 375 171 477 187 337 65 45 8 294 331 367 16 561 490 200 432 415 302 515 270 363 135 302 3 346 298 230 114 9 214 526 198 64 499 257 298 543 419 448 151 561 445 284 566 426 437 324 411 53 244 221 510 310 252 377 439 499 143 379 201 100 74 442 427 536 194 577 166 157 566 499 232 67 559 25 579 79 325 394 203 337 590 282 262 267 392 549 135 89 54 148 493 168 271 316 205 216 287 32 414 149 122 286 519 361 540 144 216 386 419 27 482 173 38 268 71 188 69 396 157 10 465 36 425 438 168 254 53 396 93 486 560 252 341 32 407 314 186 307 15 583 282 589 428 21 398 408 213 383 14 201 284 79 326 345 527 345 50 422 54 570 197 221 242 348 404 85 250 309 394 241 364 543 291 343 424 168 162 481 543 321 521 100 27 556 509 467 406 498 210 355 358 453 540 505 63 175 550 321 9 521 479 103 402 558 431 443 119 211 85 397 368 91 21 493 49 390 413 198 136 46 10 75 497 398 2 482 96 313 453 192 158 478 440 394 309 437 69 460 453 90 533 205 56 16 42 576 127 420 153 53 338 297 135 214 596 348 388 481 193 171 344 340 38 274 141 96 161 472 168 250 427 316 164 49 199 178 298 342 174 448 408 0 516 432 424 566 130 396 324 223 414 303 547 181
843 117
894 309
940 78
978 621
130 639
891 223
21 754
397 369
120 299
655 221
267 515
117 856
643 634
822 948
602 790
462 254
580 596
376 157
582 104
30 342
464 794
594 980
981 892
545 404
18 53
440 485
150 172
361 513
764 780
282 842
245 31
630 15
364 571
319 235
692 438
427 981
518 34
206 779
705 754
904 157
527 955
403 965
590 400
895 869
312 440
99 816
722 918
74 936
89 568
825 479
408 649
82 890
908 602
91 6
90 959
408 722
479 136
141 387
261 101
822 325
984 961
849 15
37 868
295 950
419 855
736 612
382 211
704 779
90 856
156 497
636 845
313 781
500 882
523 150
619 383
795 812
880 438
61 70
931 9
679 864
705 43
576 259
278 631
998 111
662 780
397 399
976 595
247 611
511 262
946 122
958 820
719 286
632 139
676 205
442 655
675 744
705 814
611 895
672 0
823 350
444 98
676 677
562 233
504 391
865 975
760 40
232 507
471 941
368 752
624 973
249 697
843 393
827 633
451 398
871 599
337 844
931 780
405 327
896 725
188 113
963 567
156 653
913 245
576 535
188 963
470 631
900 49
12 800
273 306
13 289
904 95
863 650
751 459
556 680
435 751
156 836
596 177
188 147
281 227
655 589
57 97
386 934
748 189
840 584
456 212
408 783
934 177
568 743
662 310
670 821
154 6
243 962
969 488
404 562
617 194
346 425
94 121
862 227
525 699
509 538
233 365
373 452
449 48
857 165
533 520
92 394
203 375
740 873
949 520
720 660
48 623
864 529
895 797
141 680
778 976
268 661
170 807
929 444
69 715
683 942
775 666
372 650
398 32
656 492
929 539
727 258
826 214
264 747
65 863
19 478
326 736
439 718
501 847
550 880
11 262
31 946
294 412
52 123
307 384
869 81
931 955
71 757
162 538
664 140
465 330
825 255
666 438
852 805
989 701
339 764
297 656
94 59
941 289
39 545
515 798
153 255
968 273
107 742
174 434
198 703
874 27
267 15
378 302
320 481
598 571
499 771
415 185
175 576
965 2
159 41
641 746
64 234
744 830
582 676
693 966
566 208
102 444
931 586
264 440
349 935
382 731
209 924
18 604
261 910
546 132
502 914
75 313
161 127
901 996
333 633
366 30
125 215
361 710
513 734
8 535
551 990
652 255
287 783
742 135
197 820
239 224
964 339
480 989
36 827
288 811
234 796
310 166
316 337
237 402
984 19
265 271
989 750
344 112
954 451
871 392
129 514
106 528
716 215
793 105
702 842
194 33
597 141
541 262
217 656
206 94
772 153
613 636
712 402
714 313
144 975
491 428
238 481
469 659
922 514
854 305
629 660
492 327
851 901
832 509
302 605
190 207
473 69
409 103
55 429
754 263
815 395
386 815
791 849
69 679
95 670
386 118
419 136
782 722
903 132
818 783
118 339
817 74
713 172
286 475
748 725
210 752
759 231
133 150
521 94
353 397
996 402
56 812
442 929
211 411
36 35
266 979
491 45
904 759
70 512
0 233
957 685
656 81
882 956
585 293
461 821
671 344
626 355
233 853
541 454
396 887
776 500
532 230
744 397
1 340
237 120
317 28
625 705
16 669
894 898
741 57
147 735
561 831
673 707
902 560
328 549
301 510
747 541
436 557
39 222
938 385
238 934
687 126
376 685
338 798
439 517
410 688
227 310
121 87
673 473
913 271
982 72
561 473
290 582
567 37
953 970
548 160
247 167
263 881
33 182
782 927
6 405
144 805
522 0
872 135
381 991
549 186
626 219
575 779
944 622
5 703
548 64
512 190
754 100
375 483
766 904
520 290
665 106
658 897
586 633
137 593
51 369
541 614
600 450
671 512
462 579
705 614
67 202
601 335
382 349
45 519
473 907
946 844
819 920
642 929
840 860
803 279
290 727
993 204
438 164
723 485
183 329
73 999
770 596
813 146
535 376
321 974
128 440
835 725
182 482
992 448
505 619
624 78
483 374
694 650
614 538
782 9
998 173
967 160
234 275
259 139
782 177
870 203
198 181
763 436
328 365
117 690
978 381
172 78
431 436
554 431
947 662
765 854
49 0
860 354
914 200
938 745
786 762
323 590
610 271
648 527
746 673
524 346
907 425
499 14
384 596
261 350
67 268
291 84
30 150
175 629
902 630
455 460
860 935
561 318
25 891
114 484
570 141
599 696
721 343
940 895
679 602
43 579
722 974
218 585
795 54
254 578
747 962
397 841
376 964
782 372
686 567
51 777
971 732
783 460
942 925
405 243
436 781
418 216
366 79
869 52
199 604
284 692
485 297
257 74
343 873
593 29
801 639
417 64
401 434
142 106
257 845
854 488
314 3
340 177
437 589
482 695
903 345
171 933
207 631
851 556
575 506
225 155
674 543
114 993
710 138
426 954
743 757
101 370
412 476
41 277
286 139
448 296
928 706
807 707
46 474
441 348
98 152
923 326
543 919
303 859
127 18
938 212
697 356
986 991
471 22
170 674
728 437
756 14
831 983
539 811
492 162
228 444
357 250
288 190
956 416
882 487
169 747
341 331
874 278
679 415
801 438
356 361
453 998
530 657
879 849
799 679
300 998
703 13
68 596
944 252
143 935
631 422
690 82
723 717
83 88
267 939
661 31
658 390
551 581
344 610
60 171
691 286
242 551
633 803
151 356
218 197
297 925
850 746
740 999
157 874
413 510
697 505
357 285
508 119
13 373
