600 1172 600 1052 17
54 551
155 412
412 550
1 598
133 403
343 397
41 296
228 386
307 373
105 461
48 590
156 350
67 211
478 579
397 472
43 101
134 305
329 437
222 500
66 296
210 462
403 413
114 254
161 168
215 421
152 566
226 288
239 546
53 449
64 385
197 594
55 397
90 386
105 261
112 528
101 115
399 417
27 140
249 280
59 121
167 216
73 247
354 483
17 565
252 473
31 473
432 550
18 511
158 391
183 545
155 570
38 559
173 445
368 371
353 377
320 428
390 500
6 55
37 167
295 444
91 206
306 435
200 323
94 597
26 88
363 378
127 345
138 316
165 581
379 534
204 385
40 88
2 47
285 591
427 443
116 291
393 465
112 355
24 529
577 587
2 187
53 434
300 474
29 218
339 559
204 307
132 141
341 414
14 399
173 561
295 492
73 401
43 133
299 556
333 536
208 555
273 282
358 553
21 580
442 523
241 324
0 229
124 176
217 348
526 551
35 59
79 381
177 436
319 472
148 595
13 437
81 208
415 525
350 419
49 200
236 439
37 505
434 449
116 192
339 509
489 495
76 191
123 324
39 537
13 126
335 519
451 506
140 579
208 276
24 567
344 390
14 329
453 540
146 395
191 422
357 543
339 544
75 297
396 430
214 485
144 518
78 575
444 449
321 481
20 245
65 511
8 275
81 543
65 457
15 436
139 300
166 194
232 419
13 587
231 420
121 561
189 282
243 598
84 528
488 583
173 459
186 326
198 274
103 120
134 504
177 586
72 345
358 577
62 409
436 568
164 294
254 576
289 475
139 501
58 205
342 416
408 594
383 595
444 582
73 585
301 368
288 315
218 549
155 410
378 599
286 478
362 363
314 480
291 347
287 319
63 322
237 542
541 566
127 221
47 104
423 455
126 437
417 518
71 507
204 513
270 583
372 441
419 496
243 562
226 439
78 84
117 196
55 350
182 513
68 208
96 598
2 367
252 351
289 411
314 572
295 468
23 164
557 559
106 176
302 462
93 266
429 523
82 247
19 382
56 196
286 396
38 572
320 443
425 485
94 534
124 524
329 577
448 559
253 274
17 262
509 544
254 457
159 299
111 380
189 516
63 313
81 280
524 560
237 468
80 139
44 482
228 374
41 166
295 495
295 542
417 433
89 220
74 509
65 535
389 589
35 534
235 430
10 299
71 469
162 425
415 445
200 511
378 486
134 267
245 479
49 65
240 437
36 594
107 174
66 496
178 258
180 412
210 598
11 41
4 488
176 312
517 571
283 378
360 417
294 367
57 241
176 446
198 234
113 599
537 553
69 458
70 430
270 390
64 502
2 217
464 580
110 139
47 316
3 509
12 234
396 579
296 337
161 368
415 548
50 273
169 317
142 571
34 556
230 391
237 574
471 599
190 287
202 208
359 558
236 567
274 415
474 572
163 227
287 472
28 52
268 461
298 465
366 564
562 598
163 354
180 352
233 358
185 296
258 569
135 465
211 317
243 302
410 460
61 166
396 478
59 143
227 483
348 448
89 381
153 158
301 371
29 261
153 230
125 223
344 500
41 337
127 377
127 213
171 401
352 412
248 576
38 448
118 465
308 497
304 568
387 492
238 427
207 217
37 596
196 497
51 536
135 540
1 530
3 74
330 588
227 240
453 465
388 504
248 299
491 525
257 584
269 469
172 346
192 291
334 413
34 114
517 521
412 438
255 286
174 592
383 567
320 587
0 355
226 345
256 599
10 595
402 428
333 538
35 143
237 275
202 223
384 482
149 279
191 406
5 234
326 448
81 466
6 515
356 589
130 454
54 421
209 469
254 535
25 245
364 552
140 303
14 577
248 556
142 517
198 548
51 177
126 587
102 318
205 581
524 535
89 514
159 197
53 90
117 242
306 450
45 411
94 329
291 484
372 528
206 455
24 439
286 512
242 553
67 392
99 129
33 372
157 453
58 398
239 446
66 185
210 516
267 305
124 535
307 385
136 272
523 581
50 189
224 445
424 481
154 248
200 265
74 279
160 220
160 453
293 423
208 543
54 441
95 251
288 439
129 401
93 392
198 313
130 167
365 455
534 597
33 441
37 216
294 311
220 222
255 456
4 583
150 394
7 513
479 542
67 333
68 77
528 534
132 506
305 346
216 539
59 355
172 188
141 461
247 401
207 248
116 253
424 502
385 513
248 547
278 365
116 198
125 202
128 585
231 565
128 332
177 536
146 462
266 375
470 599
245 586
255 502
137 358
274 525
86 140
271 374
531 558
233 402
400 546
97 563
226 315
448 557
132 451
28 155
4 344
105 149
99 503
182 420
209 325
169 546
358 587
155 330
98 107
134 166
245 591
316 448
168 301
54 433
39 426
84 94
202 276
300 480
123 197
128 212
8 15
432 494
111 543
556 576
282 351
118 180
338 538
313 484
166 349
161 301
113 195
387 444
309 392
45 145
83 209
278 318
30 435
145 411
422 571
45 289
91 540
65 414
340 508
265 323
245 574
76 549
493 591
17 527
264 451
270 488
164 576
251 493
150 409
260 358
221 353
423 469
93 312
472 519
224 244
54 144
2 348
12 244
139 516
86 373
56 138
99 401
347 475
309 375
344 583
202 526
517 533
215 575
80 110
521 571
351 473
70 545
542 574
544 559
97 139
429 495
127 353
258 487
236 288
336 419
244 548
451 551
115 138
46 57
87 294
164 257
32 229
169 400
188 456
219 366
386 492
160 500
201 514
54 369
419 450
257 311
57 324
291 313
159 356
82 531
33 278
153 506
215 372
489 582
379 597
120 270
225 301
28 570
354 440
330 410
421 575
90 228
77 276
111 580
421 441
283 467
73 562
156 397
102 278
161 568
7 582
360 520
7 364
58 340
87 497
207 593
328 403
465 539
454 539
63 198
81 464
158 506
462 573
180 465
174 247
256 550
221 315
79 89
63 394
2 448
262 463
52 229
209 269
356 595
331 400
230 433
109 185
3 44
7 552
151 212
55 419
433 551
20 538
56 117
123 589
116 274
130 229
56 328
10 159
16 429
290 571
192 313
321 424
452 508
48 517
162 485
193 508
251 591
151 521
2 316
185 431
206 476
50 282
449 552
191 549
451 526
324 408
200 341
428 537
231 238
0 318
142 290
216 393
265 479
298 453
312 331
74 146
203 277
108 490
307 581
251 285
60 518
330 362
15 251
178 379
307 310
187 367
119 300
64 513
343 519
42 384
184 265
78 215
366 557
66 292
54 60
239 250
181 318
134 183
129 585
246 522
563 573
114 556
466 580
203 338
87 196
164 367
262 321
342 477
136 442
83 170
154 594
81 380
520 564
263 349
19 502
12 394
438 550
153 482
92 376
85 241
178 415
130 352
61 134
78 94
36 46
26 287
128 406
282 516
156 452
167 539
145 175
37 100
445 459
74 149
399 575
535 560
168 568
458 460
190 581
163 437
1 98
398 581
133 399
14 78
168 225
46 241
98 174
391 433
103 297
186 593
300 563
468 495
499 595
359 498
381 500
176 524
134 194
196 308
175 394
38 119
138 520
302 585
167 454
31 252
368 405
256 465
279 384
43 56
54 125
86 307
179 189
404 462
472 532
114 560
267 512
207 326
165 319
310 398
164 547
88 136
114 535
53 552
126 577
119 474
46 119
415 491
361 510
283 363
277 317
26 190
184 479
257 341
479 574
206 540
440 483
178 597
32 37
68 293
439 529
71 103
22 305
141 384
44 544
42 153
39 271
80 300
36 408
86 579
0 181
123 594
150 477
199 274
33 276
2 547
32 596
314 573
245 511
142 209
94 163
291 305
262 502
44 564
6 522
473 516
390 583
171 498
302 395
475 504
463 481
459 578
122 171
82 174
279 482
216 540
16 275
147 353
13 238
386 387
5 63
303 370
85 324
218 580
27 545
36 593
11 152
149 395
112 372
244 394
270 476
165 205
370 431
148 529
233 320
213 309
9 319
334 553
94 354
252 530
49 414
92 309
159 595
0 100
327 349
374 537
333 338
166 263
242 426
24 499
185 337
432 471
88 472
132 264
312 439
170 293
244 409
33 181
180 418
65 446
249 466
219 564
227 238
163 483
314 509
474 480
206 423
148 524
105 407
395 407
480 563
198 199
552 582
110 189
87 104
276 555
96 247
362 486
503 510
438 486
194 289
257 323
70 396
419 431
76 111
134 430
259 462
22 504
386 434
411 484
369 441
436 586
492 542
338 546
104 367
101 399
356 389
366 559
184 426
231 527
31 530
83 423
46 408
249 380
41 61
20 536
31 516
242 265
66 109
52 59
86 310
480 573
370 566
294 584
131 271
446 546
154 207
62 410
152 370
117 328
70 579
27 541
210 259
8 225
7 489
102 216
342 588
90 443
359 485
9 532
29 105
256 298
8 251
88 335
63 234
159 589
458 588
227 463
0 112
233 428
20 586
156 340
347 411
188 525
228 537
56 104
414 457
509 573
158 433
123 408
217 326
315 345
229 596
17 502
110 179
326 348
151 590
69 477
11 545
13 443
107 247
53 420
43 115
76 571
317 546
207 547
69 342
445 548
111 218
480 572
461 464
321 463
46 110
203 546
409 570
73 598
267 281
397 452
61 183
141 279
67 277
246 515
252 282
13 227
88 272
230 564
3 279
128 510
301 523
64 373
3 482
380 543
125 526
19 373
105 585
521 590
141 264
300 501
308 311
58 310
288 567
15 586
200 245
4 540
146 404
316 557
305 388
48 212
85 110
42 506
174 425
127 315
399 518
36 207
40 515
28 459
188 512
156 419
260 577
140 566
69 460
58 303
335 472
93 331
136 371
284 357
304 436
28 561
80 501
119 186
96 107
401 585
482 564
142 533
234 548
558 592
221 288
387 449
137 413
81 264
495 582
440 491
68 543
160 222
237 285
486 599
1 107
171 361
1 31
94 437
201 599
15 95
21 268
358 413
109 431
162 558
313 322
115 360
84 372
303 566
327 447
8 237
155 438
123 159
297 469
83 290
201 298
43 138
262 527
55 232
87 308
107 598
212 361
81 451
19 286
191 571
359 554
469 507
536 538
22 388
27 566
46 85
194 263
102 505
562 585
135 216
457 535
151 422
238 262
52 130
47 138
52 121
72 266
98 530
231 262
8 285
286 382
7 204
112 181
58 140
205 340
196 242
128 129
456 512
204 581
20 338
70 183
364 513
90 320
41 183
574 591
75 423
16 301
335 522
201 256
438 494
49 341
33 369
128 191
23 254
144 421
490 514
76 218
62 477
383 499
8 568
494 599
164 457
105 332
280 380
111 466
100 318
463 483
27 70
122 554
487 561
181 172 59 351 365 533 128 385 42 59 359 240 331 462 277 175 1 577 120 66 428 53 387 576 90 520 455 104 286 16 578 264 513 304 566 4 380 337 205 119 1 14 219 293 516 150 310 533 583 368 393 72 342 389 88 516 466 148 162 273 339 113 569 336 91 352 433 54 458 247 322 259 176 363 356 519 9 530 409 150 481 474 359 227 460 221 266 213 183 150 513 273 119 69 242 142 374 408 110 395 366 437 354 298 351 275 438 346 425 399 311 351 327 199 96 436 311 131 575 487 36 134 103 110 494 345 385 303 538 17 31 130 273 233 133 184 345 573 234 251 219 401 494 136 46 452 85 407 561 219 335 313 282 403 525 236 497 543 53 475 569 389 211 527 258 475 538 393 245 128 339 477 136 251 19 503 436 567 161 88 233 62 16 200 465 399 532 166 267 75 466 120 105 299 109 321 304 30 228 188 426 56 226 169 185 193 177 502 53 362 112 116 19 469 299 569 450 24 520 536 509 522 140 144 403 130 598 592 15 353 220 40 198 547 537 430 350 293 61 348 405 107 599 459 189 356 83 532 524 77 130 411 112 106 205 532 1 522 574 173 98 552 372 252 404 415 264 50 264 499 183 557 168 453 501 277 241 156 28 587 114 39 250 180 457 126 528 402 277 210 361 52 306 241 309 259 33 318 137 471 196 126 482 263 202 575 89 93 357 489 455 75 190 596 100 279 512 291 107 363 45 569 13 232 236 325 391 376 473 368 134 319 308 218 540 68 179 253 513 517 69 91 256 387 66 488 70 465 497 431 313 407 271 569 338 264 436 395 578 209 324 477 172 232 417 218 287 380 365 372 470 349 168 92 63 346 399 45 36 234 165 568 590 238 495 366 501 486 574 502 376 442 351 557 186 242 277 237 164 256 39 227 490 597 595 536 209 317 519 354 90 111 235 101 567 218 490 156 220 278 500 431 125 478 332 1 505 441 93 465 49 456 161 279 199 351 408 155 487 385 574 432 344 86 175 28 293 469 174 461 29 523 38 416 579 393 293 504 273 182 390 155 464 494 69 417 583 2 237 338 316 82 193 114 442 466 551 276 14 108 439 182 441 334 209 307 382 247 569 482 420 123 577 579 454 333 346 117 103 176 458 326 421 463 458 115 575 194 305 41 400 585 44 497 35 347 189 487 80 367 130 262 128 396 586 306 463 308 98 369 372 500 264 542 119 598 544 82 423 286 166 130 220 61 358 515 287 579 207 546 353 297 299 565 580 584 146 84 25 313 253 578 103 356 413 389 59 311 598 460 543 254 502 237 263 81 597 151 103 405 406 451 188 17 88 222 459 363 480 389 291 158 27 142 574 49 108 405 475 313
659 306
62 216
205 556
252 361
678 90
890 413
853 999
637 776
459 909
760 875
125 694
869 745
897 389
558 592
501 497
394 897
590 882
666 615
278 883
750 607
333 896
342 193
921 548
221 725
64 777
345 846
705 905
814 711
810 314
244 148
910 987
24 245
667 286
567 305
122 726
646 359
88 558
691 284
197 466
451 723
704 991
908 724
328 346
380 515
288 390
1000 499
75 474
277 584
295 36
284 778
14 383
342 1000
724 327
605 751
453 342
844 906
350 568
65 494
782 787
686 356
423 379
918 637
926 320
913 414
706 685
267 791
937 833
256 990
521 223
943 254
833 687
577 15
67 907
129 163
234 326
608 78
310 131
576 237
528 466
883 1
90 418
393 221
88 128
490 118
564 390
33 475
743 729
335 633
711 950
870 17
522 696
646 158
72 985
126 915
607 438
401 868
108 175
94 353
29 170
187 83
669 266
376 466
642 243
592 40
312 600
210 176
146 834
67 171
963 24
916 826
62 445
407 131
602 342
977 96
168 733
345 482
875 500
397 586
812 130
123 470
659 5
714 376
110 115
27 560
229 800
465 300
533 578
48 917
256 90
218 97
747 274
427 771
374 276
403 526
900 610
701 136
677 914
440 525
330 503
78 377
784 733
332 279
439 43
667 388
453 381
998 459
186 305
52 976
119 747
228 226
944 363
318 73
858 783
354 358
78 589
862 271
821 874
728 85
380 351
52 653
799 46
563 965
57 59
614 524
229 689
714 835
973 660
726 268
568 927
189 921
546 121
124 54
833 549
771 375
40 131
974 443
174 870
381 984
683 451
19 441
793 160
603 312
598 680
873 696
398 742
911 794
143 530
218 596
829 522
41 375
688 863
298 108
898 493
749 838
994 628
1000 58
374 647
82 626
865 458
824 450
340 773
865 64
510 277
271 968
656 814
768 815
615 111
160 608
483 234
466 33
98 301
203 962
264 5
69 959
28 46
498 420
700 196
166 582
323 170
285 419
840 49
15 900
822 40
454 276
835 334
560 903
75 862
634 550
513 714
706 314
340 411
582 648
895 961
471 614
875 435
834 645
40 801
495 877
619 583
257 889
578 551
42 495
405 686
129 217
865 360
389 836
784 985
72 147
154 630
427 176
304 901
436 890
0 255
803 498
201 719
773 576
838 120
290 695
695 431
141 247
487 522
280 218
640 609
994 715
342 252
373 718
101 910
816 568
307 206
449 0
644 77
450 754
688 961
1 400
799 460
521 902
559 263
235 978
609 262
261 319
409 195
824 588
35 346
999 188
524 185
465 886
778 606
708 874
25 826
988 530
469 105
924 494
974 802
563 139
298 646
548 829
951 763
538 27
834 83
96 666
125 383
583 909
160 236
802 776
397 997
883 534
949 958
722 784
332 676
122 960
758 748
311 692
143 862
913 476
179 375
47 872
301 542
214 930
627 271
739 862
526 605
689 562
953 464
331 755
18 509
484 12
154 560
973 780
374 553
540 499
885 260
173 903
217 152
334 964
433 583
739 965
943 895
908 751
302 927
215 420
786 843
275 736
977 266
821 915
702 82
87 885
842 504
951 534
198 530
984 745
881 892
37 308
774 200
4 974
650 462
694 335
27 691
482 154
465 577
82 34
357 444
175 29
942 190
975 153
643 734
601 225
285 475
228 625
619 960
472 328
828 804
641 928
545 335
749 688
474 738
111 929
32 983
24 954
995 125
663 413
447 168
837 5
762 652
58 750
307 334
689 756
521 741
555 775
896 550
32 737
682 7
371 381
180 971
728 164
939 404
209 244
805 603
807 890
746 786
443 462
197 899
149 85
485 643
409 564
170 262
674 982
272 108
198 206
73 521
895 332
881 280
976 510
810 188
427 546
258 766
752 433
976 241
399 438
786 140
918 896
571 692
477 410
350 86
572 87
716 549
27 74
424 723
580 624
502 677
601 857
841 603
876 812
865 166
385 412
557 747
972 987
404 961
572 498
887 181
106 809
731 516
491 344
664 878
561 642
548 804
817 361
211 870
996 797
227 493
579 768
979 910
419 276
787 885
736 108
744 230
582 182
752 560
241 749
923 265
787 352
952 321
293 235
144 284
653 557
334 214
754 144
394 171
985 222
517 860
519 0
948 66
870 123
733 931
22 283
141 423
974 556
634 103
973 332
769 633
388 777
161 400
694 540
316 368
672 521
943 483
27 14
946 148
732 397
660 101
621 818
929 12
743 495
520 790
433 864
923 142
595 828
942 859
343 658
130 6
101 756
762 19
104 383
740 589
143 64
908 572
685 213
359 324
610 22
765 850
225 383
232 49
293 859
795 579
671 739
907 40
802 1000
66 335
383 38
427 421
819 945
328 455
358 47
774 964
612 886
203 803
783 497
431 245
649 630
563 356
142 802
13 206
60 129
768 901
417 5
626 426
197 771
356 959
467 661
319 945
753 181
700 109
848 743
489 776
478 188
245 401
870 719
235 910
186 600
842 406
307 153
844 169
403 330
611 773
446 621
102 53
547 238
164 691
287 507
74 83
228 466
177 762
760 358
139 193
114 327
307 438
621 675
821 748
32 760
489 975
691 404
859 314
385 74
189 438
159 315
470 828
473 445
186 694
520 508
804 334
780 695
358 167
680 825
606 803
675 55
276 667
186 150
385 934
515 569
949 226
12 655
315 40
433 843
44 85
123 536
59 545
76 734
712 293
635 445
110 206
930 100
