600 963 600 763 21
353 397
423 441
253 329
22 72
505 533
110 516
42 192
236 547
41 548
125 405
91 290
133 271
287 325
538 565
403 533
48 331
214 505
237 422
115 593
143 497
169 184
147 564
328 377
141 185
432 436
13 112
179 415
487 533
414 461
108 122
27 105
53 589
266 274
41 130
299 560
0 354
208 446
219 469
250 485
109 207
177 333
1 128
309 349
5 286
41 135
50 236
12 143
9 577
161 175
345 554
229 450
48 128
376 492
34 475
23 549
64 536
400 520
73 422
132 251
41 94
429 518
169 175
171 577
459 521
144 411
153 594
70 145
59 455
451 483
138 255
469 576
454 465
130 241
243 316
164 567
281 412
215 358
324 580
215 575
120 174
223 535
44 513
182 202
97 505
22 278
294 466
350 571
54 316
512 575
230 597
302 428
149 431
55 341
18 452
69 523
248 301
299 478
266 288
32 114
26 179
374 543
335 532
3 311
83 572
360 470
21 335
100 387
306 393
454 472
328 394
514 578
304 346
156 496
271 426
297 356
311 503
319 343
312 415
95 558
44 431
489 500
37 453
110 326
98 346
280 504
1 331
358 575
127 393
20 493
303 412
33 569
268 586
283 319
73 408
320 593
173 423
80 184
52 531
3 503
271 578
277 512
57 392
160 483
84 538
500 579
134 479
62 555
95 329
7 297
275 339
372 520
82 581
139 235
51 456
306 559
250 351
119 130
492 528
178 275
159 315
382 517
47 284
12 78
418 467
237 239
481 562
32 265
20 583
200 240
367 491
444 522
335 368
71 79
259 453
164 488
460 518
414 498
49 563
128 387
139 310
384 591
431 513
242 519
336 531
183 294
219 574
140 321
101 439
472 505
13 199
46 302
9 544
180 493
242 579
16 341
150 296
58 108
83 96
255 476
132 435
82 549
140 447
83 446
214 482
134 499
75 386
295 540
286 512
238 250
503 561
261 437
48 387
238 305
116 457
372 491
183 500
90 257
219 476
220 412
71 385
1 8
163 405
77 79
14 204
149 156
35 458
0 24
168 181
82 289
84 506
57 427
245 475
337 348
91 162
238 351
185 239
262 493
93 545
458 512
213 452
36 238
132 229
325 439
66 423
344 576
454 533
154 298
41 59
261 413
106 367
94 343
75 563
6 377
290 323
28 139
368 462
115 542
159 224
218 404
30 110
28 52
88 173
162 488
166 208
174 262
479 567
547 559
86 492
42 361
256 313
205 460
488 599
16 55
109 568
414 519
280 289
325 411
80 230
323 486
188 375
95 217
233 247
244 581
261 551
137 195
118 191
366 463
246 468
36 150
295 558
38 402
281 325
71 77
280 549
40 578
24 213
292 452
29 430
191 384
143 570
175 500
14 43
18 174
377 552
47 222
436 470
172 264
111 417
353 425
129 320
540 558
156 599
141 531
24 490
93 99
122 332
226 528
121 286
367 372
228 561
447 592
327 510
14 203
354 389
1 263
135 257
160 532
124 460
270 342
225 276
109 536
32 322
81 216
161 579
220 281
349 384
279 310
125 187
320 577
357 517
21 520
89 438
309 524
30 100
226 571
189 346
73 292
37 427
55 454
403 505
298 525
207 541
11 377
86 528
174 477
123 238
60 499
165 266
135 360
56 224
148 383
22 157
9 285
362 437
164 330
259 392
61 125
13 470
393 506
54 445
157 459
365 576
392 427
223 441
426 505
71 408
99 449
406 585
319 548
481 556
64 376
74 260
247 372
149 443
492 515
18 268
126 393
12 336
214 403
10 369
458 550
242 353
40 514
120 134
191 430
175 466
138 432
164 287
148 414
388 570
9 507
38 45
410 524
173 328
206 428
41 374
277 458
198 589
258 517
317 399
270 306
360 436
200 444
55 387
115 132
158 498
19 36
14 261
61 575
267 360
136 596
53 485
337 438
237 408
543 595
19 150
330 502
361 528
41 455
471 566
103 164
175 519
75 78
405 590
122 303
114 305
131 320
362 366
245 289
130 374
379 494
168 504
356 573
228 311
268 583
115 435
206 457
399 416
76 230
82 244
186 572
124 459
229 298
176 379
77 354
36 114
5 442
103 488
384 557
26 426
11 307
357 382
210 215
281 303
361 515
289 504
254 592
58 490
197 421
97 472
137 578
121 442
321 447
188 293
374 585
172 381
159 291
48 451
7 202
563 569
246 459
115 251
314 411
379 434
317 513
113 568
311 401
228 401
560 587
204 324
77 365
316 519
207 550
185 525
157 224
8 451
81 524
292 422
174 583
35 550
78 279
92 258
119 595
8 335
92 457
148 529
65 558
169 466
86 348
66 173
64 207
45 564
203 582
475 581
34 44
369 587
234 517
350 528
169 294
446 572
44 193
375 584
167 355
385 452
493 499
315 450
69 318
355 528
440 575
162 308
10 173
44 581
6 455
158 425
188 509
155 256
157 456
43 204
248 327
258 318
468 521
133 578
44 475
79 334
222 478
418 590
272 444
318 495
181 504
101 296
144 314
187 440
271 514
147 482
194 458
106 427
302 357
75 569
218 299
293 517
77 389
72 159
421 573
231 489
478 560
368 373
128 331
132 531
45 182
87 588
172 207
5 121
419 423
73 237
14 413
67 321
462 520
131 542
126 217
127 217
192 256
474 504
57 195
105 107
196 345
94 319
396 495
316 554
25 437
285 501
228 326
230 591
85 254
26 573
109 504
146 586
404 429
498 565
269 496
131 593
109 181
229 370
30 446
74 475
51 460
258 457
234 258
4 165
112 365
122 412
466 500
45 147
388 453
54 519
538 559
153 257
296 322
176 261
30 96
480 573
273 310
10 478
199 267
336 435
29 384
273 386
358 598
192 276
293 318
235 405
67 592
168 390
433 492
311 561
22 315
104 298
93 309
366 582
320 453
25 227
277 286
16 454
35 277
396 523
194 541
301 510
0 534
167 350
178 267
27 107
25 176
86 433
297 573
168 317
219 291
22 450
272 522
194 484
188 272
527 595
176 437
485 589
59 257
4 96
66 478
295 393
318 523
222 223
194 215
109 113
201 313
130 595
216 545
33 247
102 345
56 246
337 508
2 399
1 311
87 591
177 265
320 388
43 494
217 442
255 594
101 220
67 254
181 390
145 383
365 417
316 379
104 159
52 336
522 584
248 510
251 450
296 439
248 463
270 400
65 295
323 479
306 400
17 535
70 526
362 582
356 359
70 494
92 206
69 596
460 544
116 206
134 174
274 463
57 483
158 414
72 315
333 488
121 221
224 594
188 596
40 195
127 558
329 566
240 584
177 488
126 306
80 169
309 597
365 380
161 500
154 185
111 469
63 438
106 532
374 548
509 522
12 435
198 496
65 425
507 518
258 495
21 367
284 421
184 445
31 432
129 131
464 559
18 24
117 293
146 583
30 516
74 513
39 159
253 442
107 338
273 467
111 365
166 186
228 516
289 549
239 525
33 233
112 417
206 564
129 542
61 152
141 180
114 322
12 115
393 498
57 106
496 589
509 584
122 314
448 549
4 516
1 401
377 394
108 412
24 424
104 409
103 162
117 382
330 333
205 507
11 521
23 568
207 473
31 219
247 569
63 448
339 543
354 534
163 235
0 385
91 567
319 391
202 297
158 393
55 483
15 208
80 371
42 226
145 511
177 599
272 509
165 580
53 496
249 582
65 313
243 461
247 563
224 476
234 357
32 209
299 404
145 464
307 468
173 394
244 269
232 562
239 298
283 374
335 395
294 338
19 114
555 571
71 292
287 411
51 459
335 462
165 324
221 442
268 452
114 485
120 252
42 528
57 341
163 499
178 339
467 575
313 579
148 494
192 226
349 597
67 350
78 143
65 353
45 402
453 539
128 263
456 544
284 573
167 528
204 526
40 57
413 437
147 214
245 474
406 546
193 496
171 251
133 421
51 124
17 47
156 193
343 530
211 470
129 570
20 422
7 481
8 395
144 332
150 322
24 477
2 317
116 564
407 434
191 557
352 378
296 330
457 495
241 360
275 543
151 244
10 552
377 420
117 188
187 575
326 401
142 377
55 57
259 285
283 546
70 148
162 347
37 491
97 454
127 537
236 559
419 441
263 401
71 190
324 582
26 312
58 534
50 368
28 279
472 533
143 388
521 587
406 543
363 411
179 356
168 513
46 68
158 295
328 552
462 547
47 578
44 156
35 381
54 196
96 516
64 471
40 137
104 291
85 438
437 551
54 524
151 269
59 153
53 212
151 300
61 405
248 288
17 223
398 410
329 442
337 364
87 230
295 425
201 515
405 486
214 312
340 596
553 566
142 468
282 544
23 113
13 417
28 336
76 107
10 560
208 487
324 463
41 319
194 575
192 489
304 575
102 352
308 598
170 308
353 329 397 461 502 275 87 457 553 196 55 589 298 524 513 144 517 358 384 104 200 146 599 106 415 324 193 310 442 119 138 26 446 592 292 27 67 467 590 302 7 545 527 156 287 83 343 164 104 137 281 30 201 77 44 274 574 269 396 383 518 43 342 43 479 265 230 437 78 450 375 126 125 274 333 69 33 373 344 166 408 210 33 157 205 164 28 273 149 19 345 553 186 516 92 182 554 229 568 506 460 281 438 342 443 170 242 497 295 545 327 80 599 62 231 144 41 356 420 207 471 32 503 399 426 558 136 111 176 400 99 239 363 483 148 307 23 173 584 228 141 366 290 366 429 468 34 449 485 476 432 98 207 312 514 433 210 175 370 177 31 423 293 406 21 414 178 228 120 60 41 434 102 342 37 174 497 561 283 127 5 429 151 225 203 148 460 258 122 65 306 261 518 390 479 66 238 416 217 129 235 15 588 312 90 475 174 280 296 236 234 491 305 426 314 11 301 313 186 309 217 300 116 21 349 255 509 256 215 307 446 490 105 275 51 272 557 228 382 553 400 413 502 400 275 159 167 507 173 376 183 216 104 283 518 188 264 575 227 116 202 411 237 5 98 578 218 384 115 364 78 381 26 27 161 422 24 155 504 85 252 405 562 557 163 104 251 484 213 311 86 102 426 205 15 149 423 558 190 87 497 530 302 437 350 194 56 498 88 113 397 416 223 576 109 487 306 69 569 531 523 143 34 325 164 365 451 69 57 145 81 523 145 304 501 188 478 339 67 26 543 100 198 459 401 517 57 56 238 524 322 336 56 111 545 562 209 346 519 48 457 119 79 154 141 380 508 363 468 575 382 336 424 2 370 163 382 310 504 567 392 465 248 209 316 506 30 288 545 476 197 491 264 188 586 380 103 247 405 78 422 58 237 31 45 543 429 301 341 574 487 335 71 132 298 43 272 314 584 425 333 594 596 272 142 419 81 569 446 407 491 479 102 312 548 309 257 463 402 87 126 420 555 311 102 308 447 247 193 24 22 202 169 434 439 1 486 281 458 116 399 114 134 301 393 314 138 424 346 552 127 66 179 87 96 40 597 89 439 45 375 357 396 6 271 523 331 366 388 259 369 564 366 351 156 248 548 357 597 413 469 592 135 4 444 60 343 5 149 299 38 484 223 240 548 450 47 442 235 306 53 268 582 374 483 587 106 472 493 334 324 428 544 456 186 499 71 247 584 528 328 98 114 184 333 355 78 369 583 445 287 113 550 585 14 453 570 72 238 194 449 118 265 221 196 189 432 263 305 213 379 466 418 12 245 250 545 511 205 505 115 330 322 461 293 349 269 515 363 97 423 51 196 548 460 8 582 80 465 479
517 977
642 243
221 638
608 263
649 132
404 475
918 725
985 404
649 315
726 572
925 610
860 665
518 612
792 972
540 135
809 195
760 365
905 492
436 849
116 980
511 770
531 393
750 687
33 532
455 925
459 29
809 408
33 189
493 664
45 46
714 166
751 863
160 925
434 416
66 699
304 494
76 993
596 474
894 313
648 758
761 469
887 828
141 349
481 153
98 723
941 276
838 174
862 508
685 305
530 478
539 246
790 647
478 699
52 849
245 140
705 372
799 746
692 423
447 1000
879 775
402 784
324 670
83 256
0 457
196 473
300 275
932 552
38 274
882 212
961 27
460 177
582 906
741 730
563 817
108 655
488 505
1 107
611 982
470 584
639 943
114 124
262 33
16 617
726 86
417 257
0 396
122 432
32 91
1000 578
33 426
828 825
305 779
953 172
197 39
954 777
311 358
686 130
774 319
380 548
157 42
740 224
203 992
401 47
220 823
649 817
6 138
653 402
62 133
375 973
136 517
685 183
703 924
729 992
78 536
86 928
578 604
999 210
845 94
155 8
908 895
385 861
374 469
374 925
43 979
822 633
364 671
420 342
358 306
691 271
586 557
880 867
628 600
579 672
832 485
374 829
847 865
909 10
750 505
805 877
450 669
59 214
519 729
905 687
517 564
329 889
450 211
479 820
908 258
391 208
168 766
159 984
33 727
286 693
830 781
602 729
181 260
117 768
775 726
340 232
689 761
625 383
224 234
244 798
371 730
252 832
628 108
777 171
65 357
138 619
167 151
289 724
674 631
253 482
980 614
410 832
216 188
426 107
133 833
882 983
828 380
488 742
137 551
968 316
155 209
197 131
547 715
776 101
357 641
886 36
461 530
588 937
98 11
158 321
76 746
249 584
710 477
285 123
842 423
19 808
807 998
734 45
238 392
998 327
562 89
560 166
765 606
977 233
219 508
775 210
148 872
257 634
753 947
85 835
529 932
836 294
271 603
234 13
377 359
827 594
722 853
260 990
348 452
871 537
901 528
756 762
229 338
120 319
424 0
599 184
643 702
85 97
132 245
912 442
473 414
893 125
402 735
520 295
593 811
33 937
552 744
771 64
854 903
259 215
320 157
8 699
46 642
831 730
462 464
669 49
522 60
7 921
611 647
349 868
336 404
19 322
781 824
186 308
852 803
943 115
637 506
89 629
463 123
444 778
712 232
277 465
122 890
659 87
854 995
496 861
0 762
453 354
808 463
851 23
412 547
623 66
915 968
205 364
335 508
703 702
486 620
60 559
258 959
701 642
973 867
872 473
717 511
374 500
255 863
691 83
24 579
325 804
693 845
569 851
880 80
116 216
328 263
187 944
943 384
622 783
852 561
35 758
617 3
917 163
298 947
347 551
61 910
475 313
879 700
247 746
172 104
443 607
605 227
803 364
263 344
306 909
713 739
321 125
168 658
936 74
969 808
644 555
35 240
125 934
331 766
593 103
254 899
636 184
722 7
953 644
288 385
214 898
662 275
344 915
191 866
633 904
577 345
524 649
80 489
79 165
962 988
997 3
737 405
397 416
991 766
677 885
342 73
403 507
207 778
112 484
132 73
55 298
4 955
355 20
259 273
549 983
23 356
887 367
883 167
310 620
909 344
826 915
160 388
497 24
287 830
79 426
675 969
560 14
571 417
566 315
892 611
610 701
119 174
530 434
590 295
944 888
810 72
200 441
935 672
326 28
369 147
671 999
277 506
827 140
419 199
83 55
546 908
440 558
713 294
572 521
579 977
208 573
999 844
654 467
397 288
992 656
616 323
996 118
276 298
269 76
183 702
452 386
664 210
959 351
822 268
824 531
365 700
986 964
434 57
621 861
689 801
308 54
296 869
342 970
517 117
332 202
853 361
220 677
712 964
418 658
973 539
970 729
836 453
550 785
956 577
487 968
299 229
775 399
620 445
948 210
785 540
29 8
134 715
774 894
157 434
402 82
568 645
786 924
488 62
48 456
228 947
368 614
959 493
365 417
214 709
783 11
216 101
744 160
2 223
4 503
174 70
686 678
678 334
514 885
607 507
747 302
904 797
784 680
982 173
278 552
799 707
798 605
282 171
533 324
604 40
514 266
770 240
188 179
405 602
866 731
720 889
809 944
227 465
778 290
165 533
71 601
76 666
747 831
396 905
893 559
327 849
886 402
978 448
871 253
667 368
173 614
85 888
336 730
841 216
168 829
151 279
416 948
570 455
127 402
447 748
414 135
979 93
47 816
519 515
378 236
372 771
192 219
703 552
187 913
580 251
92 581
811 325
426 285
755 540
101 454
835 50
672 6
525 216
320 536
110 685
765 438
208 395
661 163
861 127
780 572
253 177
500 384
830 677
811 19
993 33
223 63
594 764
486 208
933 918
103 358
361 182
1000 686
543 685
595 383
799 240
495 999
929 509
143 466
394 317
451 261
677 516
355 276
227 539
546 581
944 952
732 638
200 10
977 898
504 330
931 836
2 559
255 526
491 91
917 641
232 430
369 102
114 269
995 498
67 21
319 300
485 275
866 592
566 218
935 468
496 476
986 270
425 229
272 423
273 797
105 521
436 491
543 551
101 296
747 125
878 436
659 859
334 595
673 925
673 595
796 495
225 293
601 132
41 682
570 46
448 813
791 40
978 932
505 803
858 627
2 52
17 860
419 688
63 77
10 259
643 629
778 791
885 927
938 5
142 115
267 669
180 801
