600 1031 600 1095 8
261 525
110 280
283 484
6 81
78 507
76 562
131 181
48 321
177 272
165 182
109 148
104 563
3 190
533 549
141 598
210 296
312 458
57 367
1 578
266 427
92 537
481 484
10 253
212 457
410 432
91 342
273 285
282 429
264 417
145 531
115 574
164 179
551 563
314 349
100 439
141 528
59 276
574 594
251 319
359 550
320 580
126 494
243 389
71 425
202 247
77 325
51 137
318 584
75 245
309 437
165 534
44 169
441 546
103 169
115 328
123 261
58 222
492 500
309 595
104 112
555 560
39 584
107 516
438 585
316 467
146 273
93 183
425 438
45 363
2 421
126 359
409 509
58 286
313 478
246 280
140 552
98 514
301 375
54 146
133 171
123 549
184 213
53 398
254 480
20 307
516 592
151 562
109 269
456 507
118 528
85 242
142 202
248 485
176 342
230 571
127 176
89 491
266 269
537 597
58 570
0 492
317 386
25 483
353 455
440 526
191 469
6 35
95 380
43 177
118 435
152 583
353 449
104 238
402 446
365 404
130 234
100 524
364 391
274 581
267 573
295 544
52 190
12 288
219 250
398 596
344 514
24 283
135 467
60 591
238 255
2 16
60 78
85 594
183 358
390 568
95 287
291 333
97 423
164 169
38 175
77 193
336 477
155 239
277 409
306 476
72 388
9 138
288 377
8 518
6 493
117 453
167 218
529 538
215 293
42 64
545 569
343 441
24 121
390 403
61 335
422 527
11 545
144 410
508 565
46 174
294 577
120 482
389 436
356 480
260 568
212 426
220 507
328 464
164 423
417 443
13 109
298 403
208 432
90 461
49 406
439 532
145 306
230 307
222 286
310 434
444 546
81 248
429 582
15 457
144 473
7 222
193 325
68 242
167 469
378 592
387 479
468 534
188 308
67 411
470 471
49 449
175 504
30 258
243 348
71 275
428 441
23 537
297 317
367 551
229 436
96 589
268 406
90 184
171 413
247 387
130 221
107 463
369 476
80 95
97 164
93 385
245 392
62 424
7 233
210 289
19 513
441 487
83 274
334 445
480 528
324 469
49 268
208 482
180 426
239 510
47 295
139 360
88 229
380 579
77 158
265 269
466 519
442 535
435 562
85 327
94 590
387 501
8 458
422 424
172 442
188 275
120 252
99 219
130 493
27 457
320 567
174 540
35 493
53 153
318 417
69 437
105 209
274 478
216 597
53 550
67 412
29 444
311 488
4 432
22 404
459 475
420 471
360 583
182 280
237 541
12 161
276 295
478 578
21 317
425 585
150 156
143 401
224 446
174 328
337 511
476 586
86 263
22 95
67 366
284 383
168 538
14 348
243 316
36 68
351 398
339 376
91 127
9 383
18 136
328 506
149 367
41 110
234 311
206 547
44 167
33 88
294 502
5 319
126 236
190 572
280 345
181 274
307 520
21 520
454 598
207 457
55 294
169 469
381 532
2 491
56 544
225 516
59 511
88 132
12 366
297 343
104 255
11 360
3 124
221 345
74 378
391 566
158 350
420 555
215 537
422 498
212 580
329 529
486 572
116 277
45 126
109 585
185 534
303 401
50 103
247 501
346 355
293 385
90 213
323 553
93 394
159 409
155 584
19 219
386 520
538 587
309 338
86 141
60 272
185 468
337 554
42 302
138 292
16 593
174 359
29 546
29 548
366 412
13 504
204 534
109 246
145 240
56 305
70 348
125 415
222 570
203 432
235 274
139 583
371 537
0 376
371 582
244 461
206 456
330 525
101 437
272 456
269 345
144 277
140 460
153 328
0 197
33 579
504 521
187 405
266 505
50 315
582 588
74 564
281 357
73 186
108 225
130 424
167 350
26 436
93 472
238 416
97 279
62 221
146 460
274 330
159 432
220 456
16 374
97 300
71 585
264 584
359 494
66 455
154 256
366 411
291 554
156 565
298 464
77 489
262 582
81 91
488 527
37 558
1 478
310 496
117 413
427 545
65 546
462 477
64 496
137 344
189 463
206 470
183 565
273 515
134 378
357 418
19 480
150 288
302 341
208 337
266 438
354 470
75 354
484 515
81 485
22 538
72 213
153 174
114 303
490 546
59 295
150 576
74 346
240 438
285 490
49 383
461 497
39 364
123 525
13 175
326 368
19 76
254 356
133 312
209 509
120 404
7 407
201 430
220 408
27 227
115 153
557 558
347 553
341 582
14 214
274 392
31 192
72 242
202 396
215 385
451 463
194 534
27 180
491 503
43 420
93 293
62 301
51 58
51 278
565 580
195 202
450 545
229 509
102 135
234 493
119 309
282 385
114 572
96 562
87 331
192 255
281 503
218 543
525 557
311 493
271 464
230 317
143 228
183 474
8 376
163 477
136 574
147 583
30 345
100 291
247 434
214 467
172 283
358 565
320 594
158 543
271 390
488 535
115 327
255 308
13 148
13 71
225 448
87 186
250 259
13 38
22 530
2 200
346 378
489 499
90 497
279 423
11 147
238 367
129 507
36 40
264 318
382 496
138 217
46 271
207 372
362 571
219 480
260 452
24 573
305 510
508 580
140 419
42 347
258 559
107 189
347 416
184 390
86 190
98 225
128 255
29 94
245 261
406 461
344 570
460 493
241 433
267 484
148 521
144 300
251 545
253 411
4 409
472 474
76 435
175 275
219 410
36 449
240 531
213 506
48 415
260 584
165 559
17 506
526 555
248 413
338 463
42 553
323 347
362 451
10 411
28 447
214 281
260 318
103 125
206 272
32 412
348 467
480 513
263 314
129 335
48 528
177 591
148 201
1 526
267 479
114 292
339 407
81 583
84 383
392 478
302 553
305 384
230 444
289 518
436 509
35 334
9 217
350 522
270 292
334 460
48 356
9 84
141 263
541 593
415 454
341 496
271 452
440 578
438 531
15 67
50 125
295 305
84 591
395 498
105 409
117 248
4 159
251 505
252 380
437 542
461 475
312 413
263 399
231 256
222 523
121 442
160 399
315 423
306 517
200 593
29 65
200 348
53 359
205 281
122 555
316 348
18 227
162 230
203 259
276 305
175 308
343 445
363 417
45 512
79 354
183 394
73 202
201 521
149 551
365 482
133 445
93 211
442 488
97 536
406 459
63 451
244 568
190 568
148 430
95 587
48 480
296 312
397 491
85 506
268 449
368 529
301 559
174 464
375 422
123 285
26 536
351 596
265 345
226 266
62 130
262 553
110 430
106 558
483 561
179 536
20 278
197 502
437 499
139 342
181 469
118 399
224 402
98 344
202 204
199 546
223 597
39 391
199 428
187 491
266 340
487 490
381 538
46 443
24 498
113 514
98 163
126 363
333 532
253 288
79 533
170 369
379 539
75 549
269 280
62 559
270 303
223 323
77 102
286 492
223 262
373 460
286 500
404 530
20 477
14 467
43 272
254 300
165 249
443 540
511 554
28 388
241 256
308 504
106 193
352 354
249 534
431 515
191 235
20 451
403 464
78 272
102 214
381 439
308 563
330 557
178 454
82 401
319 322
41 246
2 89
307 495
532 538
273 431
432 482
435 513
363 443
352 526
333 530
0 278
60 383
64 302
355 564
121 172
218 350
400 444
354 547
248 453
65 590
107 336
469 543
282 508
247 479
279 321
481 515
186 192
77 357
426 457
17 403
122 471
437 561
37 69
202 310
182 331
334 419
118 513
102 158
283 535
275 308
207 411
26 167
185 375
399 435
307 362
212 227
126 540
235 578
226 369
378 379
23 597
257 599
160 589
557 590
130 527
125 315
300 536
54 487
92 361
299 597
309 346
186 416
103 315
168 326
354 549
57 551
399 589
90 304
324 543
99 466
524 532
297 428
495 520
110 148
387 456
516 539
80 237
20 344
294 445
157 533
30 62
297 546
259 519
89 214
232 588
139 176
414 583
173 584
6 130
438 517
63 338
408 507
98 108
9 459
0 55
6 485
46 452
352 470
592 595
245 549
223 371
365 530
95 599
434 501
0 500
198 473
101 558
329 439
147 414
249 301
62 422
310 396
438 586
5 265
68 447
95 579
96 399
73 396
345 465
160 239
142 247
201 331
16 200
228 560
163 336
149 223
4 482
33 209
24 267
108 163
0 520
86 124
139 370
230 400
186 195
367 416
343 577
221 414
280 430
122 526
119 346
150 372
400 548
217 292
247 573
7 500
192 201
46 464
54 490
245 313
194 573
10 366
311 460
166 418
252 404
36 508
54 285
305 566
116 300
268 353
60 335
422 488
151 295
383 591
204 247
197 294
284 335
167 179
151 466
80 88
81 152
170 427
263 575
101 590
330 581
103 191
287 541
132 200
557 581
288 358
17 213
494 550
52 575
25 63
40 567
4 105
376 518
26 389
397 405
63 162
34 447
242 506
398 494
419 552
61 284
125 578
408 434
74 332
443 452
364 584
44 469
72 455
340 438
198 254
161 366
140 441
70 88
401 440
30 559
277 509
272 591
72 304
5 269
7 523
20 137
21 386
163 344
129 196
190 556
203 519
166 489
143 555
241 402
393 545
319 465
112 238
256 570
224 241
212 320
451 571
234 527
122 470
169 191
290 291
381 529
102 467
90 568
296 458
205 357
441 490
123 490
451 462
176 248
111 391
229 389
439 524
228 440
136 153
231 233
156 580
333 482
406 475
26 522
227 594
494 512
6 248
231 433
242 388
168 257
54 273
164 394 191 2 443 6 523 495 557 537 520 114 236 534 212 138 330 250 573 329 379 549 477 572 416 395 276 229 522 453 471 126 292 417 321 533 49 282 311 150 330 589 119 62 83 362 265 164 520 555 508 467 465 180 515 374 325 335 215 491 460 435 160 438 553 300 541 212 484 352 371 45 576 89 226 278 550 365 333 25 567 284 331 29 286 236 451 497 272 397 169 350 359 597 213 1 589 307 387 597 448 410 45 198 230 220 10 435 324 392 508 273 416 230 186 387 328 429 363 284 19 533 162 50 421 247 398 394 299 338 156 89 573 416 434 486 560 163 418 525 208 111 256 570 74 310 594 155 281 149 406 563 223 237 204 40 523 14 579 324 213 66 214 127 120 62 239 383 83 287 355 16 393 358 185 343 479 447 126 502 308 7 394 1 441 586 530 364 422 166 382 492 164 324 413 103 48 384 388 487 198 473 332 174 430 467 40 218 550 478 564 413 481 516 272 451 405 79 165 222 415 470 408 119 352 86 267 514 346 333 430 225 294 477 43 60 336 361 555 381 102 554 28 44 377 276 542 487 410 318 395 15 531 411 192 32 527 188 438 381 112 261 61 405 457 253 565 529 481 402 351 548 374 145 256 153 535 87 8 533 535 423 279 435 5 469 523 423 502 286 157 561 265 343 384 558 272 91 149 88 342 26 103 580 74 534 171 402 215 398 43 222 181 256 443 433 119 418 39 417 156 264 254 28 292 79 540 90 157 507 109 327 325 180 208 226 268 176 382 376 452 100 457 59 120 387 290 127 299 21 556 485 196 575 322 431 365 348 296 466 474 187 464 31 325 93 565 312 537 468 379 383 425 414 483 42 414 214 204 372 443 487 125 138 170 360 122 160 205 556 422 165 360 157 346 94 509 41 30 104 41 341 194 147 325 562 240 87 432 292 489 366 420 578 492 448 114 333 518 303 422 497 167 186 584 334 127 52 571 264 374 542 478 303 384 261 328 64 318 308 482 149 125 558 88 367 175 428 112 96 494 374 136 274 285 124 299 157 63 242 432 69 16 548 245 557 335 122 160 299 318 187 518 454 440 583 43 584 201 495 8 114 22 100 581 390 527 471 405 553 561 21 218 4 169 357 5 144 70 525 68 107 241 287 457 301 13 438 520 515 330 68 31 357 325 287 394 299 322 1 72 201 275 119 499 18 540 61 39 138 598 484 115 527 376 585 381 552 452 587 535 105 355 578 59 574 590 361 394 189 206 432 25 517 538 193 321 187 151 478 595 325 370 84 331 219 6 370 26 137 130 481 497 83 299 78 61 418 365 218 380 519 48 506 545 495 70 123 148 116 325 89 402 47 462 435 551 134 231 575
906 286
454 415
395 18
303 472
147 216
874 770
872 563
991 187
995 350
350 605
77 934
951 735
82 979
773 919
373 88
83 878
306 12
187 682
28 805
196 293
859 178
791 285
143 79
465 938
650 605
706 187
358 210
85 851
250 775
660 287
828 705
708 841
5 979
239 125
305 769
879 501
309 796
577 206
791 962
33 521
235 829
805 845
538 836
452 537
410 262
24 553
106 638
36 267
298 356
359 649
398 338
904 167
231 498
56 763
701 410
891 338
89 375
629 934
911 147
34 315
456 645
446 716
818 661
734 196
516 803
661 352
278 738
63 886
272 800
607 194
316 110
831 963
237 691
600 785
577 1
517 427
197 326
511 123
486 612
575 467
226 89
913 607
323 452
528 347
403 569
183 769
238 450
659 819
281 117
409 45
237 628
948 596
479 994
326 996
635 276
194 94
141 346
326 304
814 77
175 293
1 139
606 245
432 127
409 317
660 907
184 161
529 202
773 138
790 102
835 855
780 857
13 492
643 872
840 26
320 511
132 732
260 203
960 497
204 387
652 114
142 145
679 588
473 463
623 398
271 464
392 370
56 636
968 566
711 894
494 681
853 580
484 280
284 94
911 445
676 107
396 168
98 786
880 152
341 576
989 651
806 435
250 394
596 723
398 504
195 219
903 984
738 455
897 682
767 874
569 949
163 936
128 327
905 636
108 767
943 110
106 457
193 940
598 454
468 195
168 219
153 433
28 999
799 200
831 142
365 262
748 752
521 41
400 228
86 50
390 281
947 871
900 491
690 559
153 496
103 678
761 941
990 592
441 596
271 384
378 232
113 854
493 301
750 800
273 973
193 633
717 664
617 816
482 41
730 981
745 125
258 524
429 304
680 825
533 137
667 641
682 767
509 698
895 375
233 265
723 360
341 43
704 819
599 749
102 277
632 687
458 118
495 543
132 914
82 265
219 145
957 373
278 995
175 843
200 661
424 105
366 925
527 962
355 554
438 220
203 266
527 640
840 662
976 149
516 932
964 2
784 53
912 860
105 826
376 451
271 154
788 234
993 99
403 756
997 135
769 544
446 337
23 629
260 82
613 848
104 402
894 964
932 88
225 760
372 153
244 567
516 387
805 823
618 670
932 521
718 710
161 266
909 778
129 119
110 927
252 291
676 891
958 79
151 17
804 731
130 280
160 524
537 371
509 900
192 443
89 521
858 750
889 853
613 594
342 670
843 775
378 518
148 613
484 562
661 457
469 347
763 986
2 369
227 192
889 212
349 341
812 782
456 81
342 917
662 533
441 694
634 440
949 161
222 63
143 973
929 372
23 138
26 187
343 535
368 969
869 375
70 309
946 413
752 335
161 677
572 990
271 258
736 692
507 827
347 493
260 645
52 396
949 969
819 250
726 955
664 155
550 753
783 507
941 448
486 409
183 480
377 349
359 134
766 278
127 534
881 711
203 817
352 375
928 736
552 876
499 201
510 159
70 3
163 741
129 697
28 43
542 313
712 780
639 9
67 155
843 490
462 682
814 127
4 245
707 156
980 301
885 901
460 816
965 615
820 386
887 127
848 726
618 82
555 851
342 119
156 459
426 197
11 763
506 462
286 706
530 455
553 38
287 317
492 99
230 963
80 676
939 684
457 998
842 208
52 592
85 459
96 148
57 967
580 893
45 2
964 896
982 719
469 880
163 903
777 445
232 12
738 657
943 311
128 946
635 55
701 36
167 139
44 81
450 766
387 649
65 371
355 950
814 315
571 629
246 743
303 169
204 600
49 453
487 359
983 746
278 944
722 632
575 781
504 0
40 732
163 370
740 239
344 437
912 42
160 654
107 124
496 23
300 626
989 224
532 677
162 194
187 240
88 901
13 914
929 483
870 645
344 403
576 839
89 550
474 66
832 472
480 512
361 34
752 615
361 307
773 613
853 937
151 849
923 841
781 378
388 850
757 829
628 470
130 242
975 39
551 688
194 361
277 218
616 155
919 917
23 73
422 431
760 398
701 584
97 572
708 265
876 458
900 18
262 757
732 9
312 723
994 851
824 192
148 567
997 515
306 383
254 712
531 612
122 877
966 425
320 601
810 458
266 602
811 154
752 155
121 663
872 690
176 318
392 108
712 687
450 271
499 501
462 492
255 999
218 239
248 974
288 589
990 952
834 163
452 389
602 615
260 315
592 480
120 219
701 214
639 542
906 541
286 512
751 428
750 570
536 115
679 390
449 14
924 218
858 525
40 651
883 258
471 793
277 622
723 608
597 93
932 245
578 673
911 390
451 39
755 899
903 817
200 744
505 649
284 872
245 175
82 396
3 270
4 617
223 354
870 107
639 515
742 97
930 959
951 347
140 300
877 299
723 876
375 193
970 176
15 98
586 316
466 433
787 559
251 360
43 25
72 120
875 987
48 108
566 443
693 699
714 553
341 230
429 954
72 72
737 44
90 656
262 39
579 180
472 224
103 343
968 768
688 350
542 505
707 242
536 411
46 696
612 959
829 448
518 855
3 213
439 516
240 546
572 283
577 228
776 694
416 470
679 181
169 339
641 965
533 10
258 919
75 428
270 851
197 571
930 767
974 120
815 216
285 534
623 631
150 766
184 509
193 907
832 362
419 409
197 131
243 894
509 273
453 842
933 636
121 497
864 914
938 929
158 63
430 784
125 378
610 278
422 612
718 73
307 51
182 795
682 144
19 735
502 979
328 419
180 19
