600 1081 600 1098 9
256 586
32 256
417 596
117 166
452 466
557 584
0 234
217 237
47 562
445 522
15 350
426 561
165 202
41 445
109 530
564 581
77 110
63 308
12 485
44 307
156 388
162 447
230 293
145 169
214 552
499 554
283 317
56 580
200 206
6 289
106 315
7 169
396 532
429 599
152 373
89 152
263 313
420 550
106 195
144 346
91 151
329 379
371 455
108 339
135 406
113 448
23 382
33 258
70 403
197 469
132 571
25 551
90 238
48 291
31 223
4 390
332 413
294 353
91 309
222 518
170 259
292 503
228 564
40 78
29 250
421 596
85 365
584 597
40 504
115 489
121 565
306 587
335 356
102 255
238 552
435 475
205 251
350 577
149 419
34 494
86 227
463 576
536 541
4 510
163 447
313 503
115 324
106 482
16 415
16 25
180 449
165 535
80 450
103 474
291 372
264 577
68 497
9 290
215 456
129 442
178 566
62 367
180 182
112 538
253 336
62 277
27 473
319 504
183 537
161 449
218 466
134 229
296 361
97 198
123 374
31 146
242 399
64 557
529 537
60 368
209 368
373 475
34 50
25 493
87 325
89 199
86 106
243 575
196 328
299 593
177 379
347 413
304 345
383 534
156 365
23 145
228 292
41 366
434 485
493 551
228 342
179 451
412 490
416 530
83 453
188 443
174 176
456 570
68 233
369 511
346 402
193 349
89 476
58 310
145 575
279 485
302 414
24 52
164 412
496 583
51 576
170 309
53 472
75 95
28 45
278 568
281 519
168 532
43 65
213 371
35 202
25 495
198 545
55 431
492 583
54 517
4 330
124 460
20 80
178 182
75 506
32 272
500 540
27 203
101 465
155 403
340 342
257 269
362 458
134 453
342 564
239 489
284 378
263 503
252 398
151 458
343 524
42 343
152 400
186 251
71 190
285 537
98 116
181 244
18 402
21 518
93 474
126 196
167 278
246 397
293 352
469 484
60 209
226 337
408 500
92 100
198 429
178 449
213 275
38 215
69 514
83 134
482 515
223 555
25 57
428 521
555 557
360 556
536 544
140 515
488 519
249 481
308 501
51 140
320 366
92 313
118 351
18 542
518 586
81 538
290 336
417 510
200 209
116 413
159 394
275 554
226 416
368 499
331 423
73 120
85 316
139 469
46 595
370 392
83 410
397 515
67 134
185 527
433 443
427 508
0 386
101 423
173 258
144 438
274 340
20 461
256 326
271 504
96 574
265 523
115 206
405 510
138 206
344 479
182 449
137 304
245 515
59 598
63 153
74 288
59 287
58 562
368 447
372 545
60 489
259 573
121 438
171 351
296 429
181 366
115 138
91 433
106 227
46 560
14 133
491 558
153 205
266 468
129 566
409 511
316 388
120 212
189 562
102 304
286 445
389 525
25 54
428 502
186 590
201 234
321 590
543 553
579 589
99 389
27 553
197 424
136 317
134 432
90 558
236 315
110 354
190 244
511 571
57 294
31 94
261 303
223 287
553 571
518 547
116 551
111 259
387 515
230 469
555 584
260 375
301 586
13 441
255 472
463 523
202 459
200 436
219 502
133 219
241 391
203 265
174 249
101 453
127 203
319 448
435 476
115 594
6 466
404 439
77 192
294 343
26 188
172 440
24 194
172 208
87 497
87 551
499 569
359 598
27 127
45 421
337 339
279 376
143 595
282 345
291 519
418 598
327 357
289 297
178 304
46 487
72 313
319 582
87 233
274 510
222 266
232 544
118 540
146 199
490 559
10 314
171 523
140 387
45 196
20 288
92 401
33 496
208 542
89 373
15 186
21 378
309 446
79 394
435 514
55 451
132 511
358 523
189 213
374 539
253 388
512 527
16 497
75 297
128 419
231 381
72 210
126 530
410 531
441 471
73 236
1 57
124 525
155 406
166 594
28 159
423 465
146 152
109 305
170 446
245 283
131 313
147 542
314 463
8 149
120 409
234 295
101 154
306 459
104 532
335 395
355 504
320 445
165 218
331 597
85 526
47 189
29 48
364 470
166 324
193 512
351 367
286 328
64 471
175 397
193 248
135 403
441 548
2 417
177 452
255 371
73 157
197 396
130 232
505 532
303 323
19 363
39 147
142 233
14 286
155 277
300 585
376 553
489 590
325 413
475 476
346 483
217 468
88 158
296 327
173 496
191 331
142 490
315 317
351 500
182 462
43 142
441 491
37 343
104 344
99 504
322 562
119 219
314 576
224 390
299 401
117 194
244 529
199 287
54 341
105 122
226 480
383 423
118 546
251 264
33 122
261 302
414 516
95 506
142 559
117 577
269 274
548 584
424 560
427 482
335 490
130 249
150 354
380 529
51 563
178 430
159 260
118 318
305 437
139 396
323 426
123 238
60 239
295 566
75 518
516 578
290 564
78 93
177 539
104 139
173 355
59 597
95 420
216 566
311 581
424 595
117 350
190 196
145 204
342 375
212 370
357 372
355 583
71 244
77 295
140 411
7 349
9 438
393 545
28 257
277 408
57 517
502 525
13 491
342 503
40 103
1 16
407 533
38 174
184 286
397 427
336 390
178 338
22 395
128 308
300 541
420 506
36 370
64 441
334 534
167 412
356 395
147 440
6 35
464 524
145 479
28 260
171 463
190 445
230 486
268 504
393 573
0 201
76 149
104 479
14 474
144 565
310 568
116 493
295 468
336 388
492 496
422 434
138 200
192 234
449 454
487 577
247 323
331 548
44 149
218 452
203 369
338 430
254 529
289 420
49 241
42 250
494 589
7 187
68 335
86 195
215 570
15 577
379 452
341 524
39 381
477 534
95 289
121 516
19 541
362 526
169 187
355 361
73 214
45 437
344 484
182 304
169 204
224 336
333 525
212 279
292 564
485 567
137 566
235 419
374 498
40 119
245 482
80 478
153 264
122 393
50 282
12 434
153 308
287 598
156 253
27 158
460 525
2 421
583 591
130 481
159 305
336 438
69 513
290 390
83 465
334 465
35 587
79 159
391 451
395 404
430 470
422 567
293 486
366 521
87 495
293 382
70 572
4 340
422 564
18 208
17 576
296 319
276 578
22 68
19 176
13 90
481 544
29 520
59 584
120 157
200 568
48 573
3 333
385 386
81 253
31 588
114 537
298 587
205 364
52 194
53 162
256 518
161 430
307 486
235 577
381 457
442 561
142 325
0 289
30 284
147 304
207 281
71 320
130 176
59 331
213 255
153 251
16 294
299 305
294 524
120 511
34 381
148 355
43 270
44 128
356 412
339 406
98 176
369 571
4 224
165 557
548 597
94 588
405 417
28 437
334 418
21 284
16 353
398 482
399 526
234 237
501 577
376 543
329 574
35 306
278 412
56 288
34 231
42 281
102 455
56 285
146 287
56 312
32 435
117 487
268 319
84 465
285 521
3 113
312 461
252 315
44 378
458 492
51 245
66 150
442 566
131 503
37 353
324 594
235 501
17 118
267 592
126 437
162 180
146 588
61 556
52 115
18 360
427 432
349 513
6 386
7 248
353 415
93 103
3 124
331 558
210 313
177 329
72 131
112 240
373 400
158 171
11 509
157 214
228 503
99 460
79 260
248 349
132 212
221 483
84 531
39 457
9 414
242 355
10 136
302 581
298 377
176 249
107 184
16 68
376 567
15 166
198 393
40 271
125 230
391 467
379 385
109 593
314 563
219 389
67 410
91 105
88 210
37 446
280 352
198 327
21 547
20 74
8 469
297 586
187 204
193 514
543 567
237 550
293 307
393 599
196 596
440 542
354 426
8 76
345 455
376 485
38 98
122 573
114 183
266 425
296 582
438 565
45 126
120 444
0 420
187 382
49 433
269 417
352 549
74 312
283 563
225 256
2 596
171 367
175 427
49 589
283 398
447 569
21 425
519 585
193 527
374 574
254 537
362 492
14 184
131 473
290 311
218 539
114 529
77 354
317 563
98 347
286 522
295 338
279 370
454 470
416 480
110 507
112 474
35 289
40 93
315 533
83 101
298 400
276 360
290 340
316 346
174 215
119 133
403 572
270 325
318 546
211 212
389 502
280 293
227 229
85 483
262 433
198 357
280 307
41 521
36 220
163 569
179 208
505 560
30 44
163 368
261 276
195 453
341 464
19 54
191 383
183 366
20 285
82 595
473 553
142 270
55 221
80 141
275 472
107 112
102 462
156 316
469 486
133 474
302 311
141 285
319 361
480 529
207 528
430 468
298 475
65 270
80 461
149 486
166 350
310 554
235 487
64 165
311 414
465 531
80 285
81 156
439 446
69 435
448 582
176 536
86 134
85 362
325 347
326 435
14 522
167 206
236 533
244 416
29 519
19 536
225 272
230 382
13 238
105 259
102 371
147 457
428 522
213 455
247 261
425 468
9 311
65 167
333 478
365 399
418 477
250 259
184 596
58 322
220 370
158 203
327 429
108 593
24 117
160 227
15 324
333 592
73 358
32 348
378 430
188 362
70 367
31 557
158 367
434 567
192 201
191 598
37 170
102 345
430 454
227 427
143 197
144 388
135 339
70 277
83 531
380 537
352 513
18 179
215 347
41 522
476 527
149 307
93 399
17 171
415 439
77 566
324 590
151 433
208 440
231 391
209 499
340 375
205 449
153 501
378 425
133 502
250 573
323 392
273 593
30 307
404 579
465 534
131 384
215 325
434 581
332 347
369 553
42 524
187 349
239 436
428 478
310 499
124 333
321 447
230 484
128 501
280 284
47 494
274 417
232 536
115 239
177 574
341 517
57 464
116 176
196 244
162 186
50 345
474 538
42 111
346 431
88 572
254 580
5 327
186 205
413 551
2 257
275 562
402 565
214 407
38 347
114 181
66 379
172 467
198 599
221 451
11 404
1 294
242 591
516 565
220 279
450 478
54 57
199 598
143 419
143 424
284 547
58 356
26 362
212 137 540 413 562 368 474 433 285 359 256 211 370 490 340 53 306 327 88 573 118 365 327 135 141 457 579 512 320 324 371 376 231 101 49 501 157 237 313 530 472 425 487 16 469 139 205 253 276 326 110 256 23 485 373 582 6 5 118 441 521 24 402 484 596 507 334 21 178 58 286 151 386 89 517 318 119 261 468 7 374 329 596 73 192 27 120 15 102 518 434 427 340 175 106 316 324 138 563 274 372 363 434 200 253 13 582 221 475 207 529 127 568 266 516 409 444 176 2 211 234 255 65 162 336 549 410 37 424 91 545 2 232 213 94 164 569 249 296 208 435 65 178 497 146 542 337 15 419 262 306 33 198 228 404 77 264 414 172 473 507 381 591 237 234 128 413 461 425 121 264 4 407 228 300 540 328 198 433 476 151 267 183 515 95 164 453 364 563 333 280 496 179 230 466 303 230 300 316 210 158 326 262 473 102 363 464 421 506 198 153 389 341 228 49 7 270 65 367 301 129 458 587 546 562 480 517 309 61 38 355 136 9 68 484 342 180 21 459 321 194 351 441 80 180 468 450 539 469 230 98 540 100 441 190 206 400 280 119 46 58 259 526 158 490 378 237 3 120 420 23 398 3 6 262 25 587 439 34 290 323 396 371 347 122 110 27 449 360 165 317 471 91 159 333 324 162 372 561 67 506 40 384 95 370 180 571 224 513 431 507 388 519 437 417 164 289 419 580 22 154 453 35 384 491 238 52 145 137 493 209 503 519 385 186 30 235 477 510 421 589 240 586 102 374 418 228 168 567 183 452 295 189 400 88 352 190 95 556 479 307 403 22 576 362 254 509 281 164 211 495 369 90 162 263 266 509 101 140 358 67 63 303 535 373 226 530 436 61 114 550 139 163 440 474 162 118 500 32 569 103 531 198 138 203 4 586 521 53 449 476 312 203 381 56 476 213 571 473 326 9 435 255 374 495 455 117 174 38 160 196 136 89 135 116 357 440 379 81 486 572 356 113 542 58 559 22 250 355 90 6 250 331 464 593 131 138 92 462 453 309 367 515 526 381 167 214 494 392 540 451 120 209 354 401 198 301 379 81 320 553 596 337 251 102 482 412 64 100 325 180 201 226 247 253 322 551 426 247 188 131 443 339 370 281 127 558 72 297 384 526 88 324 591 109 4 306 111 0 307 528 307 260 567 207 476 212 306 449 334 408 311 503 89 6 274 272 17 327 510 130 520 218 141 513 325 431 265 286 1 93 517 138 305 507 217 470 375 275 206 12 424 400 153 183 460 83 312 294 515 110 35 125 339 437 306 180 96 451 214 43 192 488 556 367 376 140 481 366 207 431 552 215 64 152 142 106 548 30 153
291 619
841 806
672 185
975 238
602 279
988 488
258 530
25 796
195 892
582 362
284 153
668 754
414 374
249 363
798 237
398 886
795 814
343 58
528 516
969 836
964 82
239 708
733 801
84 898
386 990
863 848
738 524
428 188
693 136
931 676
236 806
92 480
148 703
861 537
612 662
193 549
408 399
808 708
888 968
568 652
820 349
866 186
878 701
732 975
245 838
720 168
311 954
685 726
923 630
677 666
574 676
232 34
449 999
501 774
892 843
666 512
921 47
870 825
655 853
123 396
532 924
551 475
426 34
313 767
184 447
662 996
349 528
14 180
746 873
106 708
473 61
809 99
480 154
265 202
967 50
187 608
217 917
374 595
838 405
589 164
962 128
726 384
282 910
95 237
8 207
715 489
83 150
816 906
455 121
4 544
187 303
764 653
522 120
792 347
134 493
225 602
305 332
954 591
906 930
944 314
540 79
115 288
488 702
829 321
121 937
840 613
118 144
726 269
553 33
629 33
354 558
833 696
743 295
999 320
834 55
523 993
877 917
370 936
330 31
855 319
308 218
576 431
856 582
269 396
938 235
162 838
752 85
408 173
301 845
475 639
966 917
502 177
387 276
822 296
57 181
522 13
240 180
426 655
578 976
153 952
202 5
929 129
765 990
252 936
646 416
47 904
59 479
523 619
951 440
240 881
378 523
789 616
18 524
373 839
140 213
485 30
700 404
283 288
409 149
604 115
86 94
376 728
490 812
540 850
677 945
222 469
439 908
639 947
84 993
19 883
790 684
382 78
532 588
927 498
926 955
69 27
925 866
310 449
394 699
587 545
485 732
842 102
451 745
878 78
754 261
64 638
438 854
70 826
732 551
618 746
795 131
74 341
344 603
41 732
422 975
98 171
753 135
213 949
966 538
25 478
597 940
313 607
197 501
390 192
45 873
428 816
599 988
946 765
518 546
556 913
497 109
320 302
356 302
582 751
217 233
884 992
412 592
322 675
278 460
855 283
390 355
695 535
240 660
102 441
664 328
186 703
690 22
100 119
535 245
57 137
133 886
633 638
974 887
781 900
325 645
320 915
192 243
297 672
268 334
538 958
716 299
688 610
818 430
58 994
756 58
191 75
106 12
446 456
49 767
965 949
881 665
405 843
168 168
681 356
877 6
537 759
174 679
662 158
896 528
847 666
642 142
490 432
701 589
558 160
383 863
359 182
262 677
993 272
952 343
637 180
734 1000
882 361
177 746
587 24
621 203
588 786
496 456
458 39
621 902
393 314
198 772
927 717
534 657
228 130
220 762
894 121
805 188
65 451
936 77
256 589
573 332
962 639
502 251
156 799
846 748
369 636
979 439
166 579
111 542
617 55
983 730
124 620
488 346
447 386
471 673
638 91
162 521
200 807
342 826
739 693
610 869
535 356
983 3
513 144
275 97
176 203
669 406
209 174
298 49
959 385
831 144
483 839
647 790
401 466
467 920
803 990
140 639
1000 526
749 218
357 397
663 296
146 358
822 966
976 205
1 309
705 895
604 351
605 4
372 669
565 0
584 250
925 800
541 218
845 718
98 926
506 676
663 485
847 987
139 668
95 771
396 923
382 27
158 772
808 739
381 557
864 428
671 890
998 566
301 185
23 411
489 500
888 425
760 513
968 791
345 767
732 416
867 131
430 78
547 881
412 216
360 355
556 726
984 601
47 562
297 391
576 205
412 298
126 579
261 751
365 459
833 28
585 633
102 856
110 339
466 187
320 535
284 538
135 27
634 379
876 270
624 331
630 603
373 422
893 566
577 131
693 854
191 989
132 65
199 144
774 401
64 524
566 107
597 480
516 39
707 775
650 243
492 7
150 276
459 4
346 204
35 217
281 32
696 923
832 934
545 401
755 774
715 50
657 208
16 357
305 869
247 626
691 168
470 292
134 313
240 970
276 718
390 488
66 75
898 199
969 509
343 740
612 507
2 125
715 668
462 341
103 637
556 942
675 99
610 421
774 756
510 577
228 403
444 602
746 581
282 239
794 163
769 727
516 818
984 360
449 773
997 135
614 556
292 501
91 196
398 769
576 703
936 980
563 601
786 551
162 493
935 266
995 58
463 717
348 83
888 762
48 293
253 486
594 602
316 704
170 913
375 781
214 435
532 798
470 230
780 291
40 592
29 631
46 365
971 172
60 936
712 10
994 952
124 90
703 512
122 912
437 331
186 829
333 986
949 728
499 942
743 901
203 350
834 529
884 876
661 694
839 865
875 494
801 886
298 356
591 887
404 11
346 867
827 261
534 178
910 370
220 999
209 641
301 566
35 61
683 808
620 245
375 230
46 689
147 733
80 679
157 50
553 444
891 804
194 660
963 690
941 652
897 161
829 210
307 139
871 731
914 239
778 453
12 703
986 772
799 0
665 72
55 236
161 984
167 231
38 328
261 429
997 875
866 41
738 322
294 415
360 2
995 823
491 532
447 269
996 901
918 600
304 17
207 730
195 387
121 765
273 654
864 896
245 282
443 240
588 841
121 420
526 484
137 440
181 331
706 949
284 995
423 561
609 770
238 107
552 310
598 455
398 629
445 299
595 913
560 829
961 981
396 247
483 87
872 621
315 375
7 985
299 74
369 903
532 458
724 733
930 3
524 328
981 396
828 453
162 406
992 706
154 617
151 548
95 524
706 712
511 907
804 490
998 221
586 50
444 965
284 963
689 202
158 379
75 397
932 538
