600 1211 600 788 12
428 557
421 558
63 170
203 405
225 559
182 459
574 590
71 98
327 337
3 290
182 228
353 383
230 332
92 311
0 196
28 582
409 460
151 318
219 378
75 259
149 388
2 385
450 537
254 587
14 517
102 136
66 518
261 416
484 512
115 491
35 191
186 343
70 82
0 279
246 336
51 576
16 290
282 515
35 513
377 528
360 408
183 191
10 159
200 340
72 81
117 480
296 361
209 483
135 288
66 331
297 406
101 340
227 431
503 592
373 526
446 535
151 224
182 338
327 482
1 299
352 542
236 509
277 532
178 510
349 411
149 334
281 412
444 551
74 405
499 522
405 500
210 450
210 212
292 369
275 308
151 537
273 454
129 235
305 384
503 588
202 584
460 508
292 536
12 282
227 297
7 397
16 398
382 587
19 556
167 317
518 590
20 253
27 58
27 159
119 130
476 590
179 345
97 107
511 535
195 249
300 569
299 509
329 547
67 523
386 398
59 222
206 561
366 566
430 484
36 349
205 497
155 490
196 279
490 572
269 514
176 462
465 573
57 118
8 509
68 301
303 343
212 411
24 364
168 487
267 553
158 391
424 594
192 302
81 502
313 329
275 404
11 524
188 213
110 503
262 442
24 164
201 534
64 527
75 515
61 578
160 356
99 239
47 238
301 526
162 508
137 287
131 289
541 564
102 553
69 203
139 566
2 538
302 544
111 148
185 276
12 215
84 345
72 333
110 476
415 448
50 436
190 456
71 170
42 285
198 495
289 502
477 540
87 186
122 128
60 544
236 493
409 539
324 524
443 519
532 538
44 472
348 447
172 199
20 151
429 543
50 516
39 311
19 297
201 471
196 479
13 227
28 394
105 274
364 594
201 529
57 133
269 592
574 594
76 285
552 580
48 364
191 217
158 381
9 33
142 172
28 395
519 529
47 558
128 241
268 546
161 561
116 168
494 523
31 284
276 542
40 524
136 349
65 384
257 362
61 359
24 351
278 460
180 330
264 419
123 548
349 414
33 212
421 576
190 327
147 520
100 379
193 410
83 527
369 437
314 354
307 315
221 566
24 424
54 239
134 341
142 571
138 519
44 495
47 294
141 455
139 596
89 390
258 561
82 348
68 275
95 571
209 289
488 494
127 323
207 279
218 232
47 331
13 254
58 157
108 378
175 280
33 411
61 386
418 461
38 262
357 442
381 540
388 581
321 327
34 105
112 507
356 383
105 553
86 553
394 442
277 304
420 536
257 279
198 347
21 310
7 37
27 305
38 580
10 314
92 551
70 283
63 442
74 203
155 516
399 425
123 323
149 395
18 552
191 386
299 493
99 399
12 337
30 154
407 419
194 501
253 255
218 480
33 349
177 279
281 367
338 343
185 417
231 566
141 308
339 599
295 531
300 386
312 337
245 389
443 457
196 265
98 554
488 523
0 216
3 508
305 344
227 598
124 352
390 417
222 499
512 526
233 524
141 335
178 225
11 195
344 384
73 491
358 597
50 146
344 501
68 373
360 512
268 565
393 528
160 438
403 463
253 466
81 350
232 454
19 462
192 544
357 422
40 218
406 585
476 559
200 400
93 118
212 517
169 465
13 598
196 489
49 499
170 442
56 569
82 248
121 286
374 564
210 593
380 530
126 436
135 136
196 216
167 257
339 554
24 48
224 237
206 258
236 355
423 466
28 554
204 445
34 219
13 587
79 177
273 324
485 534
50 438
175 366
114 516
51 515
80 94
36 102
10 441
78 133
184 268
233 426
89 276
203 297
202 264
66 134
317 454
283 381
278 539
117 279
165 465
60 384
240 565
218 307
123 505
294 476
290 359
215 312
205 595
306 589
403 411
216 285
176 507
92 444
519 547
295 415
200 304
33 378
376 415
168 227
177 307
93 133
45 103
218 317
190 579
102 267
172 486
168 598
390 584
287 449
62 526
347 367
77 527
143 175
36 553
245 544
222 412
242 586
71 127
193 208
384 552
104 134
52 332
209 439
324 545
66 424
357 561
34 451
239 395
308 432
333 402
71 461
460 546
206 581
143 231
171 547
266 364
156 242
255 466
336 496
442 445
160 383
225 476
176 556
255 318
403 436
318 466
26 483
87 343
507 597
81 505
298 368
403 414
229 570
112 363
27 354
66 104
383 417
304 361
178 516
142 199
290 565
126 516
425 448
92 148
344 555
138 547
425 549
356 412
211 485
109 583
27 157
423 464
197 264
202 419
50 126
114 155
305 389
56 495
281 463
265 479
130 342
165 296
80 411
37 90
457 530
239 334
311 528
158 447
6 225
70 449
18 384
232 317
77 82
333 501
5 297
8 252
86 451
455 494
10 354
151 458
102 256
315 435
331 504
193 293
466 571
60 389
156 177
125 241
253 533
144 543
14 212
303 307
269 427
499 589
198 429
408 462
207 521
17 109
241 491
89 542
116 556
37 363
246 496
141 488
230 285
424 574
37 335
379 551
146 215
98 461
444 498
267 514
165 226
71 339
107 502
118 235
16 217
99 299
29 595
90 363
168 298
174 400
49 276
375 447
326 330
81 286
135 269
237 458
238 558
251 401
37 397
37 541
258 388
76 372
302 508
294 511
28 418
17 542
78 492
278 492
94 403
171 271
217 398
52 264
76 189
133 433
138 220
188 566
437 585
506 516
348 540
82 449
75 456
348 477
303 435
330 562
52 579
396 430
120 362
353 356
32 569
360 500
32 124
365 430
65 192
220 590
408 523
123 263
180 326
266 380
157 413
101 291
66 590
429 573
162 192
33 108
95 166
228 459
91 486
246 374
105 130
223 594
345 525
279 521
90 335
273 422
219 451
411 414
365 428
342 485
346 408
22 39
332 479
555 567
144 429
249 545
62 301
150 462
185 383
172 429
173 347
110 138
191 563
178 506
585 587
232 273
414 572
249 552
116 431
136 427
244 326
41 512
522 560
165 361
264 321
148 498
111 549
251 569
30 430
151 450
304 538
40 234
140 481
44 187
291 413
309 417
261 509
55 495
266 443
47 475
110 220
260 305
231 420
97 599
91 144
4 519
177 480
30 371
104 168
236 252
371 484
29 326
86 105
212 440
452 527
208 224
53 111
118 133
4 443
107 548
148 311
164 487
152 156
106 535
210 517
25 249
37 591
402 439
39 528
234 273
19 431
53 148
36 451
58 389
30 76
569 578
43 119
447 477
456 579
56 573
43 342
189 285
122 241
170 461
103 115
84 525
159 354
122 568
96 247
153 248
20 255
33 440
400 565
190 264
91 543
570 578
470 545
236 299
418 582
68 73
43 130
69 405
241 531
376 448
63 262
451 553
236 415
154 325
214 545
306 499
204 262
83 180
521 586
22 528
293 410
506 535
308 496
97 502
146 516
13 104
133 413
187 589
23 532
77 316
256 269
19 227
48 351
160 463
42 372
265 279
57 413
478 497
214 249
467 567
390 542
88 103
387 399
329 342
130 485
290 546
26 209
97 473
2 434
10 260
365 512
468 562
151 464
350 505
113 534
111 311
109 152
252 415
342 547
187 495
476 518
278 433
283 348
171 329
90 112
132 486
542 584
377 387
226 465
422 454
0 362
137 153
323 339
433 492
296 452
240 570
91 226
165 200
82 375
205 244
71 554
554 599
238 576
85 108
309 383
394 418
132 172
313 342
7 140
495 573
12 322
342 534
446 506
228 338
507 556
140 141
367 537
442 561
138 594
58 577
242 264
253 571
244 468
373 523
108 440
24 368
288 572
109 183
404 455
388 394
390 407
366 576
343 474
81 209
309 438
126 490
161 393
44 367
6 178
113 530
468 497
126 403
137 326
273 524
13 297
38 204
104 598
224 320
322 535
238 535
22 393
111 528
169 400
146 506
364 380
226 478
213 428
415 531
256 427
84 374
255 533
118 129
1 399
166 571
101 277
382 504
308 336
17 550
302 319
4 266
138 592
49 560
165 169
122 125
211 534
50 160
555 580
178 511
230 596
350 567
291 532
13 341
296 370
87 195
125 128
340 565
370 375
450 593
162 302
284 293
34 520
67 512
365 557
303 315
467 555
138 503
264 407
247 287
159 305
282 576
244 595
91 478
144 486
103 145
45 336
166 466
312 417
9 36
168 431
256 514
83 153
546 565
85 410
145 295
156 583
15 593
12 106
229 578
46 95
241 328
62 373
15 537
146 322
106 238
405 536
122 498
328 531
20 347
161 422
558 585
381 391
103 179
275 455
121 209
359 398
461 582
14 85
61 300
412 499
294 331
399 549
161 454
139 366
112 408
104 424
85 163
225 288
7 541
5 203
529 547
287 326
32 352
74 500
274 451
120 551
305 441
222 472
182 343
45 68
23 413
334 395
160 403
375 452
150 176
108 147
115 295
10 270
75 282
301 373
85 208
225 588
374 496
315 338
471 534
119 313
169 200
296 385
122 328
194 344
16 359
140 335
468 527
106 282
259 282
206 388
149 377
221 280
215 322
89 185
139 188
57 93
195 310
18 87
11 249
152 392
1 99
261 345
554 582
68 491
275 432
67 526
215 337
126 155
104 487
377 561
467 580
189 216
42 230
187 472
325 551
60 65
61 398
148 444
263 548
230 489
38 63
118 433
406 587
113 443
319 544
63 127
152 583
222 306
304 434
125 371
409 544
88 179
117 218
134 382
14 208
251 560
260 333
308 481
86 274
224 517
332 586
344 552
202 242
276 352
47 511
77 248
84 416
271 547
92 120
251 522
153 449
152 177
107 323
453 488
28 388
272 414
42 596
185 353
349 575
450 517
276 353
54 387
51 282
369 585
110 590
245 577
294 518
39 257
142 173
38 467
11 310
231 428
79 392
173 571
149 581
250 500
307 480
48 380
7 335
204 214
185 390
337 482
5 69
67 408
173 253
152 513
190 321
74 462
506 511
254 382
260 344
46 142
109 202
226 452
41 365
414 490
113 519
75 327
81 555
127 350
181 210
168 368
341 382
258 394
59 412
196 332
52 596
82 283
357 445
32 560
200 361
73 484
116 507
113 457
481 541
17 202
238 475
29 95
421 437
218 279
344 580
187 306
131 483
514 592
452 497
180 527
169 174
336 432
38 214
121 402
204 324
201 519
151 517
383 438
133 291
342 529
3 460
220 594
308 455
32 386
30 188
236 448
78 433
101 184
401 589
147 219
365 396
135 588
261 299
243 553
294 510
464 466
226 296
351 530
455 488
235 539
437 558
298 487
315 392
385 391
41 430
45 491
242 521
64 468
321 482
53 448
284 423
136 575
129 539
156 207
90 141
529 534
226 497
44 198
270 402
69 297
268 492
523 526
55 56
39 469
8 103
64 180
7 481
209 502
237 293
122 444
376 568
67 346
20 537
479 586
177 315
161 167
46 595
365 500
80 181
163 410
403 490
53 568
476 588
296 447
112 523
115 145
0 100
181 593
108 212
16 162
235 245
26 402
129 433
260 441
139 456
242 583
276 499
24 104
304 340
35 392
146 535
122 97 80 293 367 184 274 428 483 356 215 417 461 370 275 126 47 215 502 289 508 214 238 399 512 233 448 258 111 282 486 505 88 581 266 370 41 460 312 520 63 354 306 515 381 42 493 347 207 296 186 326 290 437 494 268 349 321 7 138 179 422 127 140 221 489 188 212 321 216 34 57 529 422 511 514 33 435 179 277 128 161 24 270 184 596 447 262 366 387 388 414 386 122 574 310 443 133 8 287 176 224 560 570 13 372 171 360 70 364 101 375 48 397 49 188 250 474 230 40 298 230 432 207 44 393 258 164 399 273 564 109 490 103 367 131 229 243 455 595 134 355 41 15 378 470 384 371 337 175 218 376 585 578 203 195 288 261 588 291 470 29 296 93 360 472 482 213 559 492 116 314 264 119 3 137 295 275 259 536 561 1 342 294 462 489 559 109 591 592 292 289 506 548 552 558 463 57 481 353 167 7 431 498 397 250 409 271 320 16 229 384 76 158 161 221 48 575 379 101 272 116 177 324 13 596 547 180 534 69 247 388 84 348 540 259 40 377 593 218 291 177 241 576 461 112 172 265 346 503 416 150 518 300 339 2 453 44 68 155 472 93 373 254 199 176 97 158 108 114 28 409 219 306 75 186 373 144 214 436 136 191 296 282 508 239 379 510 538 37 218 18 562 218 15 77 487 158 400 225 42 256 306 456 535 429 591 476 33 524 373 49 32 298 46 538 311 509 482 118 231 52 559 327 13 487 149 261 18 128 546 354 278 146 355 448 214 4 545 113 63 206 434 528 417 34 4 129 72 316 377 182 371 372 408 554 121 159 223 588 125 512 39 530 43 210 231 552 78 49 284 366 74 187 123 126 412 15 507 399 466 569 457 19 4 292 138 381 457 320 110 17 270 200 252 214 383 271 133 547 239 36 119 168 577 483 280 197 266 414 549 218 141 274 315 206 275 1 82 498 195 274 209 262 61 59 49 569 66 340 192 86 33 357 410 536 379 80 110 16 380 434 514 502 154 323 415 395 260 59 525 599 367 232 65 30 156 70 551 179 368 84 385 28 265 251 286 458 20 383 424 210 99 81 248 82 454 163 269 231 411 43 182 146 496 384 168 531 400 258 596 570 582 78 118 507 524 174 97 417 249 246 371 306 480 564 502 110 485 340 288 512 259 508 223 496 142 174 299 51 102 25 44 93 584 10 486 48 533 322 396 447 198 89 410 169 207 477 104 581 481 77 499 255 346 487 497 520 360 528 524 368 422 515 340 131 343 21 236 200 1 278 301 412 348 526 210 282 259 246 477 30 528 104 10 75 421 514 588 506 53 62 570 573 239 6 211 334 113 263 280 316 202 447 375 185 131 124 4 114
663 482
976 415
281 959
456 795
198 64
552 123
275 240
907 51
936 295
147 306
726 969
710 734
441 339
487 116
97 423
173 480
453 733
434 581
590 775
590 45
146 579
673 710
802 564
335 969
372 26
730 813
905 993
650 987
978 670
13 699
674 321
9 650
388 624
145 338
49 285
480 645
123 274
893 16
822 764
797 520
736 644
718 253
614 386
59 96
200 589
862 219
99 707
420 219
323 11
313 571
336 385
510 355
553 435
878 421
930 522
273 661
292 701
487 990
612 980
221 532
606 856
388 699
770 214
865 745
69 820
585 843
363 155
738 161
817 202
574 148
112 984
958 770
814 881
798 233
666 138
487 369
667 370
108 887
425 918
573 611
229 415
838 853
137 936
54 866
968 198
54 405
59 227
613 764
963 282
399 519
851 34
182 781
785 463
473 974
244 440
67 697
13 998
975 895
961 747
979 445
705 486
394 900
139 229
880 236
418 89
38 182
436 296
938 878
97 377
520 584
270 147
858 451
750 23
185 3
266 289
838 243
628 15
662 595
511 937
40 128
762 493
854 916
791 390
888 814
355 570
736 365
278 380
905 799
766 355
491 911
21 91
993 926
161 745
433 967
426 128
217 220
196 261
53 897
243 106
583 353
881 70
827 78
120 690
572 230
189 742
860 274
356 335
64 327
828 451
943 590
683 61
90 516
547 608
59 921
697 372
283 318
577 584
534 991
221 991
704 953
294 429
790 591
513 725
37 351
423 38
256 838
42 690
774 564
501 8
284 799
895 714
125 99
151 701
113 649
301 772
539 249
655 32
609 595
322 234
917 212
73 848
219 459
549 729
419 597
385 881
370 480
575 750
257 643
632 325
667 425
491 420
438 647
567 773
32 430
784 879
667 779
640 493
573 479
177 661
146 674
311 836
100 6
500 548
621 127
821 687
114 750
920 624
603 563
64 454
910 957
184 414
22 9
154 400
640 303
764 742
373 375
655 452
446 673
691 616
114 306
264 125
587 279
252 586
275 68
87 458
275 207
239 787
550 36
539 679
337 758
616 426
602 248
728 617
686 665
739 666
540 945
927 328
39 526
443 267
984 517
373 764
769 332
560 538
54 203
27 755
571 909
936 191
30 980
86 909
736 787
624 190
324 623
884 296
116 618
473 146
89 572
153 201
743 540
900 637
459 388
703 897
988 280
831 733
904 860
531 494
619 501
240 43
125 178
466 858
203 188
769 962
152 115
241 344
768 656
49 262
845 161
361 539
356 907
488 861
653 537
564 289
262 497
466 352
139 962
4 614
661 394
833 891
3 931
237 254
968 960
424 788
373 950
509 221
2 487
349 196
841 284
232 863
531 111
457 11
974 380
373 679
767 236
513 791
617 689
329 890
661 947
264 606
647 662
891 120
369 430
651 739
813 482
400 409
86 139
715 999
597 661
114 915
731 592
66 564
536 800
25 477
487 446
378 341
929 854
776 694
715 396
26 820
470 418
787 345
98 119
43 794
405 163
589 453
777 925
956 536
855 58
900 158
437 384
560 704
959 813
369 857
456 114
79 80
610 737
734 854
968 226
732 131
154 604
163 938
179 292
867 797
305 0
386 584
307 498
676 991
916 303
286 489
825 632
724 77
413 733
681 173
276 871
687 515
842 14
275 46
685 209
537 329
191 554
396 1
510 196
200 873
705 319
637 368
788 179
931 126
160 864
848 379
864 546
115 334
713 457
278 3
182 995
443 150
337 453
628 840
252 956
405 657
892 502
942 615
601 939
419 484
288 993
512 625
827 550
890 692
978 613
643 274
924 38
433 714
953 433
318 809
287 627
825 966
269 405
819 149
594 179
524 159
467 490
708 114
508 818
4 365
217 386
255 531
451 1000
216 353
839 336
996 247
397 444
929 708
506 515
605 215
465 242
793 620
4 546
364 70
925 440
661 688
175 226
642 251
210 722
705 291
570 20
875 143
467 903
278 902
594 688
309 384
490 244
331 427
847 952
130 376
711 925
862 688
184 30
774 422
841 677
360 303
206 933
883 363
78 947
145 485
88 250
145 843
780 35
757 599
833 117
532 387
238 16
67 532
517 685
474 823
931 736
661 92
267 448
38 554
268 777
41 591
811 805
78 769
773 514
746 761
154 3
235 610
965 850
634 725
423 248
293 169
182 949
202 788
599 481
669 617
927 86
441 406
945 1000
747 243
18 47
148 764
445 33
793 91
643 470
273 351
809 253
437 892
959 348
789 141
226 682
907 137
134 798
819 410
299 553
645 189
753 874
933 924
235 133
445 175
868 834
358 274
673 18
497 774
969 329
352 235
384 240
728 206
488 621
152 146
509 376
306 262
112 465
338 153
144 27
5 341
590 536
332 603
754 135
734 689
942 215
767 186
91 836
838 516
83 32
215 9
794 319
372 922
131 596
60 2
398 310
575 199
152 522
301 912
511 871
159 972
954 29
404 540
222 770
544 829
735 723
452 823
118 77
898 838
906 455
440 555
755 439
697 813
83 224
994 735
793 848
615 37
659 224
450 218
308 213
353 602
870 585
45 768
471 702
975 34
360 806
585 306
837 813
842 402
322 685
365 737
74 643
233 303
263 734
352 112
215 277
497 274
564 955
352 697
524 424
753 829
890 594
976 715
527 559
483 521
476 197
564 505
501 165
253 194
279 590
316 139
875 43
198 148
194 468
298 79
32 722
584 377
707 53
510 45
990 861
