600 1001 600 886 24
302 327
169 453
216 547
421 494
345 497
297 302
274 488
25 461
47 251
192 510
281 305
309 589
259 405
79 535
141 500
75 384
457 541
32 395
228 494
462 490
71 345
349 537
106 399
519 551
164 592
205 499
111 538
319 419
51 230
353 509
229 247
65 196
536 562
13 374
7 194
199 513
98 306
74 375
322 392
230 557
135 570
336 598
377 556
414 454
6 541
282 351
123 138
206 229
35 181
152 561
413 546
57 290
390 490
61 342
285 371
212 466
110 173
253 353
181 423
129 481
3 297
289 408
72 114
61 269
119 490
7 68
248 450
433 462
265 319
509 564
357 554
339 476
484 556
173 540
103 385
235 513
153 563
7 508
252 497
373 375
5 101
464 573
435 589
486 533
110 418
9 398
173 517
136 372
486 534
101 261
313 416
75 271
1 510
81 547
213 523
111 174
287 415
196 458
201 232
109 503
308 586
10 473
569 593
149 284
11 249
30 172
66 532
208 372
35 179
312 509
16 499
233 476
330 565
44 553
308 427
205 208
206 292
28 207
158 468
167 529
82 296
413 517
527 583
250 372
238 338
47 100
159 325
40 402
102 555
140 390
300 585
311 530
166 473
198 254
222 415
69 202
83 139
49 584
365 513
77 156
78 401
169 184
117 137
298 444
203 594
328 481
241 311
89 553
270 359
40 456
228 505
481 572
102 402
173 511
519 541
61 223
306 434
369 511
17 312
464 526
65 458
99 514
86 211
247 331
36 180
143 211
268 581
60 143
356 452
138 193
28 514
215 422
365 592
15 400
32 576
338 410
163 496
141 321
33 282
303 408
138 467
144 326
468 515
105 341
236 280
66 154
433 463
406 563
2 295
438 561
74 161
171 359
394 543
491 552
114 248
0 340
309 387
392 562
101 188
451 555
236 495
51 429
304 368
20 468
53 353
494 528
494 505
275 502
81 130
30 432
220 278
403 447
105 501
101 475
188 566
112 592
18 159
167 540
222 311
75 592
456 520
299 356
213 320
68 283
40 395
53 405
117 310
34 277
176 392
44 445
202 213
101 570
41 462
324 510
233 275
330 560
42 416
402 578
190 539
157 380
247 375
303 590
93 459
0 148
179 201
180 329
46 341
449 594
139 542
333 484
311 325
88 540
157 307
48 86
42 313
533 534
148 210
89 104
45 172
261 549
333 428
245 317
120 144
89 145
3 579
288 387
401 530
219 270
429 557
174 418
584 589
195 391
122 464
250 359
83 355
419 512
138 483
254 525
37 368
144 345
509 537
364 520
343 493
37 46
46 51
342 574
75 96
264 403
6 222
387 463
26 54
326 540
95 497
376 515
52 541
176 414
217 374
423 442
199 251
198 276
216 378
517 540
88 135
7 33
357 462
111 314
77 559
263 444
34 269
505 593
30 383
202 320
13 63
16 352
461 561
561 587
260 408
49 582
29 94
581 597
52 457
64 172
13 519
19 239
154 485
354 358
17 353
233 303
475 566
44 186
107 179
48 525
211 560
269 324
41 184
222 541
165 510
293 365
251 513
206 534
50 343
211 565
119 156
262 404
82 271
53 400
9 443
553 563
154 548
325 362
231 557
438 558
57 404
499 577
67 78
158 536
149 581
22 517
153 332
101 177
221 499
49 337
355 542
99 472
202 227
68 186
316 588
135 240
316 405
27 447
381 404
43 374
129 322
242 306
341 477
384 408
158 401
30 536
138 281
33 351
155 189
31 128
57 130
124 246
87 487
230 368
241 519
277 324
110 511
225 450
430 489
119 279
60 86
9 159
287 311
310 495
149 320
272 505
142 433
422 575
319 573
165 300
69 176
175 448
266 404
88 529
352 437
59 524
383 408
95 152
312 353
242 277
102 146
310 557
322 409
211 330
38 279
246 503
189 576
45 363
12 25
329 348
298 561
160 360
9 506
461 497
47 297
62 289
152 461
112 164
141 402
12 469
298 461
254 563
527 531
408 432
250 270
136 359
103 531
173 315
12 461
269 339
123 452
14 485
143 560
153 406
33 73
133 162
102 141
91 457
33 194
197 541
4 141
62 408
45 146
50 576
359 431
187 331
291 427
37 51
17 428
158 562
244 537
233 376
59 178
48 195
29 482
500 555
267 442
280 310
48 391
83 426
260 303
488 535
13 43
99 114
214 595
32 286
145 553
133 201
316 424
90 404
142 591
0 137
446 574
330 514
112 260
49 437
78 158
203 476
80 215
506 518
27 76
550 574
202 414
235 590
236 480
15 253
397 575
51 105
68 266
259 588
440 598
356 375
446 502
25 469
238 381
204 543
218 390
159 386
265 307
278 436
29 228
171 270
397 498
427 586
277 306
318 421
204 475
121 300
43 567
314 369
124 531
98 528
2 302
349 564
230 231
28 338
223 443
93 580
279 382
160 255
92 570
23 298
203 233
360 479
177 359
52 597
564 588
196 575
136 394
40 321
165 182
221 539
32 364
98 482
63 374
240 570
125 254
436 573
109 237
78 392
223 274
428 571
239 498
301 540
430 450
364 395
521 562
212 533
276 388
406 553
174 420
309 463
43 127
124 503
409 470
311 415
20 275
463 584
142 396
201 343
258 549
291 586
150 583
190 499
88 188
36 558
274 507
288 309
256 468
321 576
225 430
277 533
100 121
168 282
286 371
366 426
350 477
305 335
239 292
278 573
181 407
198 331
329 350
42 156
56 480
115 416
298 522
303 515
502 594
252 326
129 572
139 447
524 557
435 463
134 385
346 452
144 411
319 512
487 573
354 506
354 492
212 544
226 552
336 474
290 333
131 449
133 442
148 178
445 508
167 326
61 434
199 599
48 254
100 300
267 343
104 371
118 441
457 581
424 588
96 226
496 556
0 139
440 548
258 261
462 554
18 386
249 549
237 589
64 271
392 470
247 478
197 268
114 430
69 481
312 537
365 552
210 379
91 127
38 41
23 444
374 518
222 241
323 507
323 380
117 178
78 176
541 551
70 269
111 345
47 247
79 306
10 247
353 405
23 461
93 565
245 279
304 480
307 512
321 402
380 419
152 497
251 297
52 197
166 361
287 530
333 377
203 269
38 184
146 296
61 449
383 432
313 474
75 243
45 393
109 589
26 206
249 570
236 291
273 402
116 313
36 329
6 67
22 566
224 486
490 554
294 440
170 471
318 419
71 538
314 511
223 574
309 435
367 551
9 354
100 585
45 264
85 490
275 376
32 321
419 573
318 380
466 544
65 422
65 575
451 500
271 432
42 55
106 224
103 134
160 598
145 151
175 335
219 343
421 505
380 512
20 185
47 478
190 360
24 119
186 406
26 80
191 458
3 104
548 596
255 598
151 579
138 305
210 326
245 382
115 255
108 420
367 541
131 446
132 170
233 502
318 507
441 501
209 302
172 393
359 363
107 208
233 425
114 565
466 533
103 503
35 162
128 354
104 285
234 378
72 430
212 486
436 526
25 497
276 299
281 459
89 151
10 47
192 533
239 534
164 235
112 590
117 524
427 581
174 314
192 389
11 45
26 292
183 418
282 493
493 576
347 448
191 346
154 315
277 510
33 155
166 579
399 498
397 422
6 454
407 424
72 489
272 421
17 571
4 500
17 262
203 425
170 320
441 587
84 225
97 532
248 595
239 399
39 496
514 560
79 434
345 411
336 440
18 362
188 413
259 316
532 548
212 242
323 443
8 247
244 282
145 563
220 436
264 570
263 329
11 549
287 401
133 267
170 568
366 481
70 476
21 547
259 353
190 205
286 508
149 308
93 483
232 343
277 389
139 328
3 166
109 582
416 559
174 538
407 583
505 569
360 539
39 57
55 218
106 412
143 338
40 578
423 424
16 577
35 423
177 261
30 521
460 482
155 194
467 483
3 89
287 545
16 150
329 561
469 538
150 407
269 434
137 139
333 556
251 302
183 420
128 567
6 414
344 537
425 502
45 439
193 299
83 542
209 520
32 520
89 371
119 140
254 579
58 402
475 516
238 332
191 196
200 454
11 261
95 441
136 250
337 583
295 578
386 446
291 568
62 256
372 543
210 252
97 204
39 81
226 273
36 350
223 342
162 179
325 374
87 265
438 587
154 204
14 183
129 521
356 422
17 283
179 208
81 163
115 160
198 525
97 208
153 410
82 226
119 245
91 367
184 462
157 443
176 202
80 356
50 451
204 394
131 342
120 511
351 537
354 398
77 317
109 584
324 339
302 456
378 547
190 479
390 554
317 499
28 560
422 452
251 365
307 398
99 330
91 551
30 147
126 135
355 426
70 339
307 358
150 577
132 137
128 492
343 576
86 565
200 541
111 120
118 429
50 257
56 304
295 465
122 318
40 364
195 467
106 242
144 540
546 566
328 542
57 262
35 208
369 418
326 345
19 54
488 528
265 573
80 161
272 334
174 369
235 476
212 224
160 596
3 10
179 232
224 242
336 417
113 359
400 531
335 370
200 284
249 264
185 386
358 492
126 340
61 535
276 525
122 421
108 336
75 432
246 504
226 271
447 570
337 531
457 597
179 455
10 297
257 102 213 300 407 399 3 526 388 403 446 223 336 3 470 519 78 50 512 341 364 34 408 259 468 329 283 506 345 515 414 92 224 197 593 200 466 165 76 573 160 183 581 264 349 589 454 341 160 33 196 115 231 566 133 83 451 473 467 564 578 236 534 387 461 548 315 187 258 376 218 473 434 287 47 182 258 347 2 234 93 350 246 541 439 326 472 491 344 59 102 500 212 354 218 285 403 309 480 436 42 317 439 452 42 156 164 560 497 426 592 242 187 126 298 204 292 319 350 513 312 355 239 315 32 529 390 479 143 383 377 362 88 194 368 494 253 23 456 77 222 110 252 233 189 317 87 569 387 424 47 128 448 446 348 546 577 410 376 301 57 149 169 151 127 158 174 25 209 165 76 444 184 558 482 559 247 229 215 458 529 496 418 179 228 339 476 313 280 137 532 351 174 217 323 229 568 475 340 191 421 207 461 506 245 282 566 434 84 570 528 178 500 481 70 514 349 262 577 285 84 530 283 492 592 467 297 458 32 203 26 555 234 431 161 28 154 179 326 402 423 17 291 550 388 532 169 77 460 319 306 182 570 280 331 338 39 413 351 500 383 502 253 115 436 592 585 386 115 492 243 206 475 205 422 357 198 427 90 501 544 439 403 505 394 166 373 587 173 547 238 464 548 469 223 108 509 433 385 500 185 344 452 348 379 159 491 154 498 172 266 219 2 430 280 257 153 399 575 533 433 208 477 264 359 389 90 47 485 31 411 406 14 238 325 285 220 490 401 467 309 502 159 503 253 530 413 396 165 169 408 185 264 248 372 379 303 389 540 107 580 460 331 515 124 146 547 588 500 508 346 59 530 574 296 179 589 62 567 121 240 412 476 565 460 105 393 192 198 500 571 238 307 90 449 528 382 70 497 8 128 241 597 210 173 252 262 79 362 450 74 65 62 155 203 515 523 51 331 561 392 541 504 252 218 278 415 282 73 55 114 598 255 154 278 165 253 465 499 529 30 381 364 127 188 344 219 346 485 434 247 487 492 322 427 182 473 477 369 308 392 196 235 509 497 545 81 191 379 140 386 211 1 454 406 419 125 469 513 72 441 415 109 307 63 60 516 430 129 482 299 392 577 219 419 418 195 11 274 526 138 419 512 105 444 125 236 43 37 228 265 177 293 589 304 495 301 68 162 580 341 529 47 497 5 571 152 32 573 429 410 327 562 119 251 555 356 109 556 230 440 156 249 76 124 214 509 436 480 65 5 266 312 1 73 549 478 40 180 373 31 441 552 586 338 173 113 229 303 456 519 528 111 499 358 169 234 325 177 291 460 435 137 413 526 437 490 295 517 436 222 536 332 273 556 132 520 293 130 435
298 225
788 545
625 595
695 719
444 526
285 464
600 112
498 781
844 624
772 162
744 673
407 407
0 229
678 46
113 495
381 937
211 710
482 895
706 185
973 627
652 279
675 971
183 387
9 185
78 755
50 234
865 577
417 268
704 933
951 291
520 347
776 44
553 675
482 755
837 397
272 731
96 21
208 19
150 824
519 971
575 613
109 821
54 682
725 30
604 782
419 371
167 29
734 637
767 822
215 866
451 619
198 87
570 42
339 888
925 596
45 713
293 50
536 915
555 559
226 173
697 859
824 347
615 321
688 86
525 417
964 709
218 542
568 159
525 804
502 190
754 396
63 274
840 933
474 795
852 667
570 444
412 302
127 692
575 224
871 350
904 638
594 986
520 456
332 157
927 922
74 813
760 853
897 41
294 340
643 740
586 839
648 5
352 281
822 908
995 363
137 184
582 472
233 581
922 286
767 966
742 591
288 416
463 503
279 955
645 704
171 71
974 436
304 623
31 473
195 964
67 424
45 323
622 429
311 481
794 949
127 645
11 658
287 137
193 161
93 732
128 338
790 607
975 165
884 774
310 952
712 789
309 275
702 9
795 18
484 281
583 945
786 270
329 123
353 692
256 973
293 309
299 541
283 189
895 812
326 203
48 745
476 547
13 921
716 892
145 304
675 765
454 455
495 332
259 228
482 83
228 789
710 755
105 182
639 824
173 481
491 700
90 694
859 193
604 272
724 163
138 597
877 636
326 708
551 998
656 459
754 499
757 713
223 284
433 764
115 892
372 97
389 548
510 387
137 374
15 394
964 897
546 196
321 435
251 184
292 672
96 110
292 754
770 468
90 467
88 885
691 261
577 792
845 735
272 380
520 673
180 644
970 787
861 496
857 806
507 742
800 847
1000 726
542 51
809 746
686 568
536 84
364 664
468 141
731 372
251 500
226 638
835 540
668 933
249 664
610 650
168 229
744 881
915 489
429 153
716 971
941 627
635 949
747 70
6 699
418 608
978 4
154 663
620 142
852 255
940 477
925 1000
540 484
491 164
966 255
817 608
240 74
228 103
362 629
693 344
574 888
692 484
337 6
178 997
646 888
962 549
337 312
649 104
943 404
580 401
411 719
140 736
334 978
829 651
800 993
357 379
332 559
670 600
139 238
418 948
747 778
100 618
596 301
483 600
329 383
365 845
648 392
372 429
510 898
22 25
390 355
885 67
533 846
387 682
507 30
802 377
369 585
543 439
994 132
534 538
895 240
695 302
813 777
854 432
959 38
130 777
328 33
908 895
452 711
481 823
528 110
628 679
549 721
639 194
52 996
593 346
484 942
375 16
900 565
621 499
89 554
633 548
491 433
684 636
35 157
850 764
750 562
200 338
640 623
676 373
267 24
940 881
898 351
860 146
460 12
96 988
289 106
648 167
433 833
45 650
83 350
210 423
317 834
160 699
923 187
899 102
422 74
511 610
490 254
854 221
814 427
700 147
146 269
655 676
392 247
75 56
770 915
819 711
620 847
451 956
999 102
982 843
30 559
254 887
691 909
783 419
336 233
142 41
823 290
396 649
384 730
100 259
941 759
961 995
51 78
368 766
60 19
435 798
189 802
397 877
790 105
369 168
911 704
7 867
822 115
383 493
185 596
789 710
694 210
432 418
561 643
668 511
419 204
619 12
226 50
50 376
917 841
616 708
274 614
895 671
730 105
872 721
670 318
479 971
600 901
214 249
887 183
605 872
166 760
564 337
612 398
233 949
745 189
66 972
828 809
828 478
43 774
794 814
532 240
449 349
287 506
537 620
17 952
1000 627
795 147
981 515
342 930
638 245
520 566
387 327
558 864
333 856
614 809
277 778
635 362
469 231
678 879
117 310
998 393
265 352
548 131
611 173
72 617
12 538
39 413
934 155
3 437
964 203
979 670
335 767
307 805
723 346
403 165
409 7
464 917
223 142
854 977
412 481
555 390
63 919
850 371
135 952
986 67
192 841
125 118
483 407
115 532
159 132
341 739
830 201
0 91
557 769
732 251
386 278
979 955
783 299
889 1000
432 582
919 743
158 862
600 84
319 594
605 618
577 4
984 758
906 942
954 353
56 182
52 852
96 943
956 128
588 552
884 451
867 832
627 296
15 256
500 219
332 92
757 995
791 683
7 598
263 442
713 400
137 2
772 629
213 614
309 10
425 239
930 313
874 881
409 998
130 472
948 519
939 11
883 285
873 932
90 783
557 523
846 83
434 665
955 230
357 37
512 1000
110 226
993 540
218 664
455 566
159 97
724 277
276 993
365 966
994 216
740 131
934 213
526 770
393 840
800 502
83 379
892 137
697 522
743 941
647 337
229 462
178 357
758 97
651 74
593 677
523 308
35 124
417 116
255 142
781 782
954 94
272 847
919 255
255 262
665 224
279 918
165 544
902 513
919 542
881 323
562 303
407 797
6 341
150 623
206 310
606 47
345 183
261 572
915 431
607 218
239 376
633 978
181 508
373 402
781 242
641 48
579 499
649 775
17 838
418 553
444 1000
257 110
140 74
110 670
741 909
94 142
564 260
678 811
366 818
781 885
247 412
761 11
379 62
1000 286
342 351
434 906
445 308
929 73
767 217
996 696
481 627
235 758
596 585
743 748
820 866
505 3
218 896
221 835
168 944
722 559
428 39
139 152
338 794
147 984
668 429
20 998
621 465
996 253
747 292
703 1000
142 566
541 18
89 590
711 585
