600 899 600 943 20
3 56
426 592
93 325
438 530
254 294
32 218
111 198
241 431
23 113
30 428
407 409
123 226
211 480
335 361
91 504
281 487
114 534
431 543
34 490
341 579
466 495
31 73
1 420
106 421
127 284
7 533
147 236
56 127
36 157
563 595
134 233
155 403
300 563
163 577
27 200
191 329
481 515
453 567
28 517
76 121
9 99
380 400
229 560
300 586
133 342
345 560
95 363
46 598
27 425
125 190
184 205
336 410
65 295
301 363
31 316
201 577
238 322
165 569
9 236
107 568
36 546
12 120
21 494
99 253
507 516
44 169
136 384
46 354
435 570
121 366
358 528
195 403
253 381
52 581
192 565
173 277
44 100
368 502
465 488
50 74
329 530
536 554
388 465
264 539
27 69
106 329
310 315
89 574
57 136
94 584
339 516
454 577
479 532
147 248
199 334
281 316
306 546
199 228
402 441
382 450
411 509
26 484
19 67
481 563
270 486
286 539
165 203
164 232
200 534
141 346
383 397
44 359
144 293
373 538
112 181
262 399
30 297
422 530
358 520
84 400
251 473
204 214
106 549
241 277
228 443
305 576
484 584
205 551
19 429
427 562
448 586
101 262
256 366
33 474
39 170
219 403
70 272
435 555
424 459
85 478
157 446
162 578
83 373
193 523
103 180
198 375
253 499
299 382
13 94
254 517
401 480
104 529
374 522
302 383
302 397
299 505
80 187
42 414
1 5
14 301
391 559
453 588
7 571
109 159
13 26
284 539
544 578
38 287
322 359
372 593
19 359
120 151
300 595
136 492
14 95
439 504
532 562
406 584
30 537
166 550
38 590
262 548
148 478
198 423
171 265
257 544
165 432
451 494
320 580
163 545
465 544
34 309
31 490
317 358
96 168
149 511
432 542
275 353
153 249
131 388
202 297
88 562
230 504
41 449
250 446
156 223
14 201
8 585
38 550
233 493
240 437
454 478
98 489
94 372
214 329
369 483
407 556
25 516
243 421
2 222
510 588
224 278
175 557
173 525
207 415
102 182
26 246
293 589
134 206
186 333
150 473
34 492
289 314
311 341
2 123
394 590
124 246
148 330
133 134
54 417
74 489
110 305
120 157
105 496
261 338
12 546
70 442
141 566
228 506
280 567
156 255
181 386
123 206
362 521
278 495
184 531
107 158
295 482
239 388
353 430
330 401
245 419
181 287
186 350
46 451
137 385
413 554
38 552
276 284
133 206
451 499
148 167
194 318
18 476
295 393
78 153
63 524
74 276
145 342
106 243
408 443
331 356
466 546
33 165
152 380
267 374
61 374
143 401
533 560
347 538
491 503
264 355
89 122
45 135
121 164
314 411
242 333
408 527
257 578
473 572
149 373
108 565
369 545
149 445
159 322
362 501
122 220
392 455
172 494
291 436
270 272
210 535
461 562
118 334
540 564
237 429
135 262
265 395
29 141
114 306
352 439
22 155
133 145
138 431
271 536
316 490
346 525
66 207
333 343
111 271
130 414
307 417
547 557
453 570
169 526
62 509
248 317
470 553
63 213
50 286
327 421
62 314
498 538
303 486
317 520
12 211
196 528
378 402
434 537
18 268
274 469
398 483
322 405
349 486
55 230
195 219
208 348
50 489
111 496
132 380
108 192
19 531
185 228
140 461
120 318
324 443
389 474
365 455
287 590
155 458
115 444
323 590
265 266
428 575
3 62
269 488
67 531
102 229
82 488
197 276
246 424
309 316
59 459
357 405
287 312
30 575
139 471
423 553
33 246
204 530
166 599
135 399
210 341
101 523
122 178
95 597
328 375
402 525
136 472
235 402
137 174
236 288
326 449
483 574
112 467
499 518
50 296
122 274
284 286
66 79
75 300
258 556
81 255
10 91
255 569
188 443
291 562
239 365
98 152
43 597
386 590
41 535
208 507
194 225
273 435
158 326
76 256
274 338
100 176
205 207
281 514
86 167
141 350
509 524
345 513
140 291
375 469
307 571
78 315
244 537
338 432
210 555
102 594
8 179
73 85
51 428
6 402
95 301
118 526
358 413
30 40
40 326
421 433
367 538
159 336
37 444
126 307
104 581
113 250
143 480
93 218
42 70
21 106
8 370
478 577
155 182
295 337
440 534
95 545
239 572
212 301
146 396
194 319
242 245
404 410
84 380
389 516
106 168
365 392
16 446
481 557
450 505
172 317
131 455
397 593
196 320
5 386
82 541
23 446
203 255
219 594
453 558
433 500
82 592
303 584
129 394
74 249
224 522
31 514
63 384
235 276
18 260
579 588
63 472
101 193
237 408
389 398
69 500
326 537
438 455
49 565
106 191
171 232
32 235
444 556
116 587
83 538
190 397
130 156
126 189
157 250
110 457
322 357
10 230
326 599
196 358
457 576
75 595
83 347
210 435
34 377
80 123
177 273
232 269
493 532
320 528
267 522
410 463
334 526
210 568
44 190
218 325
364 515
322 508
193 262
49 320
99 499
272 340
170 193
80 88
77 259
291 427
364 458
353 467
9 58
46 319
515 557
25 33
11 183
122 503
79 285
325 344
308 311
406 486
161 217
251 572
57 504
48 588
280 453
369 574
162 269
410 477
131 544
72 135
19 322
325 444
199 408
64 338
47 375
139 216
15 209
352 384
14 545
155 175
31 301
236 369
54 181
272 414
68 374
144 547
497 506
341 431
510 558
94 363
126 570
17 177
135 356
307 560
132 315
230 439
394 599
387 475
185 188
2 206
512 586
96 140
301 593
94 484
228 457
76 171
150 360
140 421
367 511
260 476
0 21
61 68
220 554
132 152
279 311
139 275
337 539
418 581
16 23
270 335
91 374
63 314
391 566
184 596
99 172
242 419
68 91
308 341
390 567
107 435
115 197
520 554
442 569
368 414
464 592
149 438
23 354
417 513
178 274
95 591
286 296
88 187
61 330
199 443
18 101
20 474
182 560
35 592
114 561
236 491
398 474
84 152
67 184
44 357
146 418
219 292
58 167
375 470
373 455
116 152
186 537
582 586
53 203
311 495
107 326
60 523
47 536
456 565
187 427
155 589
97 467
353 563
288 503
226 266
31 487
163 454
451 518
373 511
51 141
270 340
424 569
9 253
34 581
429 527
60 355
150 388
242 505
276 304
51 537
413 528
274 542
221 342
69 425
306 440
300 353
290 498
248 452
230 278
56 71
303 349
306 510
65 264
411 524
305 370
317 321
5 323
359 429
46 371
79 437
174 551
15 549
90 416
420 471
285 447
121 427
171 266
0 15
129 245
28 259
97 353
285 437
18 523
165 424
479 493
271 413
132 310
13 339
302 372
203 569
127 252
260 295
279 556
310 412
72 356
74 441
78 402
263 565
70 486
155 379
186 242
43 507
114 440
68 298
35 464
7 24
256 265
252 337
348 597
275 300
351 400
213 314
162 465
76 164
384 524
180 227
230 374
125 281
12 374
57 384
2 80
160 256
285 415
345 417
56 284
150 283
43 95
99 317
176 581
98 523
522 546
493 561
325 378
70 255
66 415
169 429
116 170
204 456
308 407
348 389
365 572
296 539
344 409
82 269
322 336
3 127
498 511
475 493
296 523
1 519
126 280
73 577
214 549
128 492
425 534
150 239
92 564
355 476
313 415
142 172
240 517
80 256
288 491
40 297
65 337
433 598
422 572
249 441
143 211
215 582
51 575
243 327
293 513
149 329
74 286
231 306
80 395
69 87
275 471
41 277
67 282
270 576
485 556
116 351
70 340
221 226
449 501
247 536
227 273
122 328
117 503
246 459
30 559
240 254
245 599
270 305
170 587
187 562
327 332
208 389
94 339
537 599
344 407
196 565
570 588
166 552
59 424
101 268
39 193
540 567
119 444
357 359
254 462
68 128
555 573
113 319
217 515
376 500
150 572
178 542
541 592
66 137
17 54
376 461
165 338
45 77
383 593
234 275
16 69
3 477
70 349
275 430
490 492
332 433
324 408
127 337
362 449
460 538
5 430
97 386
39 154
447 468
437 447
233 583
361 406
52 100
216 420
104 472
111 423
388 416
176 316
71 284
266 342
11 468
4 121
41 107
432 171 126 569 356 523 335 19 488 565 570 238 471 206 483 0 495 21 72 423 589 431 544 63 555 434 450 27 388 181 61 187 71 528 501 87 45 303 111 597 563 238 559 271 80 280 420 189 91 421 50 523 64 117 290 571 176 219 443 481 119 458 175 317 481 588 270 456 334 408 150 389 490 547 260 221 19 110 545 395 67 562 98 181 233 456 104 147 367 500 235 95 524 432 1 436 183 293 237 169 7 72 545 78 598 18 559 189 401 16 32 123 502 212 129 395 180 564 432 285 516 134 336 168 338 74 510 531 243 23 464 190 163 454 498 474 148 485 86 321 506 426 284 44 406 378 511 51 177 157 360 259 561 202 396 580 62 23 423 579 501 3 498 232 571 156 122 359 114 156 341 389 531 521 272 216 327 508 21 55 203 86 280 226 329 326 474 123 583 4 228 135 454 580 145 241 395 436 487 136 200 112 96 81 257 560 258 191 47 459 333 103 340 400 229 362 340 249 0 379 530 231 591 215 594 280 465 194 416 310 411 586 476 115 256 245 414 226 437 276 246 511 312 72 100 20 283 224 65 93 165 130 366 306 142 301 581 180 468 387 248 596 302 191 32 591 518 172 59 390 191 262 465 72 329 532 85 397 533 526 392 499 451 434 540 388 435 205 83 253 91 145 110 266 227 255 425 514 154 391 208 355 225 213 196 62 408 505 237 214 541 544 168 339 543 58 195 344 68 380 79 457 409 33 543 204 109 215 109 262 489 149 379 266 511 487 221 213 203 252 428 159 65 451 96 11 400 304 400 106 572 161 391 528 417 234 240 212 154 570 329 433 43 70 66 355 569 173 530 32 125 474 4 44 456 263 43 452 333 142 229 211 305 400 179 234 339 412 455 553 208 6 140 541 396 320 467 275 333 389 251 309 305 149 141 307 11 415 561 326 529 53 172 403 181 80 171 223 345 556 481 382 333 328 261 48 223 39 520 572 181 191 93 9 24 470 349 114 573 294 543 366 59 94 331 198 171 50 289 131 417 352 216 234 468 252 290 516 447 382 253 246 236 34 128 457 74 187 436 246 474 302 514 382 476 521 433 42 223 182 389 101 322 36 378 191 493 563 330 102 83 310 57 540 366 80 282 538 73 454 301 259 529 427 399 270 286 61 366 45 271 123 84 392 234 416 272 293 346 547 588 309 195 563 176 455 446 131 194 182 332 343 455 542 482 31 193 273 162 569 570 223 540 184 134 502 371 483 290 131 182 195 213 312 10 98 588 387 64 535 6 232 363 433 372 107 433 570 23 402 126 447 182 319 506 223 437 570 366 412 253 409 83 130 580 406 295 282 207 474 52 273 579 271 206 116 209 502 178 93
358 192
209 928
124 486
742 672
73 297
268 915
610 797
199 597
998 127
509 255
550 526
986 888
456 450
771 222
692 289
312 212
315 410
287 770
861 886
930 536
657 106
332 210
100 770
317 382
155 615
728 138
774 193
244 446
875 854
524 982
458 885
693 366
636 756
743 111
718 462
49 16
427 461
565 665
334 848
881 974
463 855
473 788
876 88
670 230
834 469
960 869
396 349
504 85
459 643
300 52
718 861
485 924
753 496
805 39
266 777
535 597
730 690
613 567
551 281
828 133
815 852
549 424
742 642
703 573
723 42
812 795
968 654
924 562
581 455
266 415
856 94
716 753
957 913
659 363
712 840
53 918
62 361
919 859
644 859
990 715
125 427
823 12
4 106
104 219
662 981
629 425
566 312
242 408
153 423
604 124
88 49
570 480
235 599
619 681
802 244
696 257
219 308
200 850
749 921
453 245
795 446
872 936
138 676
305 725
733 538
257 69
298 262
424 801
322 147
840 645
951 187
423 28
228 796
381 379
340 547
632 642
767 953
532 159
861 371
579 700
414 422
88 335
566 98
86 499
812 157
793 406
287 681
760 713
609 497
329 924
888 42
118 176
671 943
88 587
130 577
920 905
649 541
963 703
477 680
151 952
228 336
504 933
431 231
487 364
106 790
7 586
749 554
513 230
575 350
205 242
147 58
391 451
708 982
675 918
956 994
82 720
875 6
364 455
398 796
862 632
69 403
59 862
34 185
598 279
30 323
736 86
381 844
532 331
234 274
861 469
779 994
3 315
432 204
554 767
912 665
33 755
756 472
337 757
629 81
977 108
342 718
230 830
125 708
974 847
954 573
982 317
410 953
134 373
987 338
265 703
823 411
255 256
349 139
839 966
443 340
67 638
386 98
712 675
478 37
891 354
283 497
666 335
534 821
797 5
285 126
986 617
111 511
988 637
671 195
321 168
437 744
476 422
752 327
779 598
269 184
131 999
172 915
42 883
623 702
115 632
501 118
55 527
138 463
919 27
475 551
471 309
57 480
358 740
950 258
167 638
502 542
397 558
2 272
150 558
146 928
650 775
551 238
982 436
944 592
147 95
949 768
510 731
369 984
326 324
399 936
378 937
774 163
520 51
514 203
676 852
368 428
226 36
787 716
493 296
882 742
855 27
76 423
130 207
565 630
928 810
838 838
664 35
890 927
339 87
788 838
19 398
1 445
483 525
836 903
11 193
923 134
424 60
902 118
379 752
646 14
122 870
700 766
516 767
494 569
522 635
333 630
785 382
945 554
138 29
762 742
997 764
741 817
257 826
561 194
805 640
113 264
208 334
134 615
148 752
892 676
833 783
750 857
502 850
638 451
259 997
91 885
721 320
833 331
850 178
647 675
972 180
380 525
229 671
514 664
737 448
632 934
489 642
322 812
976 674
760 630
631 900
725 425
450 181
464 374
417 376
346 42
387 155
875 568
289 907
996 376
602 703
403 858
285 343
560 69
262 203
590 374
990 961
349 345
497 989
896 401
929 188
887 650
798 750
702 51
751 246
876 113
454 689
23 530
474 974
539 709
203 735
556 937
65 237
675 166
873 147
451 960
727 994
645 613
138 853
346 370
805 823
979 909
857 533
406 128
849 510
111 86
933 210
493 786
743 272
13 728
172 88
121 342
132 297
971 68
610 201
989 206
398 293
809 287
164 239
528 488
542 40
240 388
675 494
590 776
97 672
648 947
491 335
224 985
804 329
666 591
905 719
260 875
171 485
123 114
703 148
305 599
535 856
193 129
816 760
336 902
60 449
796 497
802 353
659 128
894 887
620 976
545 380
615 820
60 660
857 663
829 614
896 205
532 686
997 415
559 689
830 672
708 616
550 988
429 89
942 76
1000 692
99 68
262 740
767 519
311 949
170 982
257 345
235 82
470 18
787 97
314 452
36 89
149 341
459 920
907 484
150 870
486 714
683 69
311 357
382 907
395 738
207 276
970 735
210 180
614 591
341 507
669 795
838 69
958 367
588 679
235 216
334 426
944 797
12 944
441 832
255 969
361 290
486 220
356 617
591 317
150 201
261 94
959 216
8 699
799 141
109 291
217 388
927 724
817 700
78 12
57 190
414 539
146 820
995 837
589 6
515 31
107 991
684 516
182 40
701 94
197 498
836 867
781 685
623 382
159 509
534 405
36 835
856 767
624 162
834 190
519 614
905 143
761 378
44 148
726 892
700 430
525 181
660 469
255 521
398 231
483 610
376 16
967 278
134 254
429 280
261 366
457 816
981 24
549 140
597 527
322 982
955 238
693 210
852 595
717 653
402 580
178 269
77 995
195 757
734 406
6 774
732 181
875 810
389 260
184 940
445 147
494 815
460 509
808 911
684 602
560 828
891 429
909 446
382 71
723 485
250 142
898 556
156 448
193 639
339 481
451 770
459 57
419 921
97 247
775 800
253 625
16 0
647 71
517 706
81 196
602 252
437 508
89 809
900 958
284 212
349 788
938 644
348 827
548 4
458 118
429 696
548 641
25 799
345 595
484 867
169 695
308 526
178 357
68 838
237 571
326 116
555 908
321 578
411 759
801 65
378 666
237 637
181 69
411 657
587 142
483 893
932 158
645 325
74 218
435 646
363 87
747 519
21 993
178 577
855 224
979 146
72 970
759 976
408 608
121 750
293 884
721 233
19 27
780 323
101 648
65 884
954 532
642 216
331 356
359 896
