600 1409 600 1081 12
201 597
548 596
150 221
193 321
215 321
294 415
34 360
136 192
196 448
34 329
127 491
176 180
16 402
91 417
99 181
14 386
99 348
182 558
38 437
35 426
55 369
148 199
6 320
466 565
26 450
84 512
298 497
60 542
396 556
283 421
252 363
158 462
302 380
97 498
189 544
212 416
291 327
174 568
90 449
61 533
295 392
106 351
5 321
118 599
54 411
58 405
27 455
75 565
232 286
85 129
228 531
24 192
392 429
361 377
264 571
370 410
281 593
176 468
428 500
149 597
134 490
104 157
343 396
285 572
23 406
25 89
245 432
241 478
371 560
140 462
284 453
10 122
378 413
410 415
88 430
210 280
92 158
96 99
278 428
19 162
110 471
335 431
314 445
557 582
56 98
457 563
289 324
301 442
65 357
274 559
249 461
164 337
485 566
251 522
167 420
57 142
406 592
113 466
321 541
202 314
513 588
170 318
420 506
324 422
302 421
478 529
385 475
164 404
277 431
74 305
297 374
213 483
115 315
353 534
322 540
477 575
150 447
169 299
237 434
476 484
304 393
132 343
21 93
166 210
180 279
43 338
446 594
53 344
376 587
305 502
85 595
0 462
285 579
68 576
288 524
339 586
16 591
113 565
409 586
125 445
100 512
65 350
62 573
27 130
71 428
89 489
382 393
79 353
241 261
188 238
359 572
387 436
176 225
15 323
209 569
15 364
1 104
489 562
147 292
346 525
277 521
207 249
186 480
353 553
205 222
377 492
11 169
108 202
229 262
369 590
64 482
109 497
54 490
130 339
37 381
86 528
320 547
356 538
2 420
207 469
49 148
173 426
124 555
166 453
328 338
275 509
78 482
133 176
52 428
176 185
375 451
257 305
115 596
52 398
162 514
437 588
209 561
328 339
190 488
65 365
477 538
57 80
1 264
109 412
236 574
122 453
373 473
138 234
185 580
80 495
156 310
119 449
221 447
167 399
419 536
0 599
63 264
445 470
100 410
189 358
291 484
181 346
318 342
58 444
84 415
108 310
9 282
246 465
4 30
131 524
160 489
71 312
550 587
287 473
302 540
152 190
79 588
180 597
36 99
86 460
59 116
299 470
185 424
387 578
182 497
235 398
116 300
241 496
260 500
230 456
256 545
6 520
118 226
270 434
181 551
219 576
137 306
72 594
429 499
63 536
43 379
292 480
561 585
143 191
133 185
139 368
43 328
366 492
418 469
256 400
20 24
77 112
352 404
371 532
47 561
15 423
305 440
247 378
178 186
111 425
149 201
20 192
290 502
139 178
93 345
195 223
301 347
411 461
376 466
67 533
344 414
184 549
400 456
125 169
198 548
7 206
319 393
228 379
260 267
334 391
162 449
244 340
66 479
140 307
76 503
283 322
269 474
58 363
64 78
277 320
52 214
10 208
167 482
27 367
415 570
128 395
427 565
281 577
3 181
429 591
554 593
375 576
20 140
119 208
12 124
35 179
555 557
122 290
15 105
452 510
174 554
554 568
104 553
24 512
304 444
172 525
57 61
147 429
120 371
72 268
46 53
102 457
366 525
184 469
248 518
248 446
109 489
365 569
363 478
20 78
184 537
177 223
508 542
150 218
51 82
360 431
158 308
204 208
441 541
268 518
19 441
416 481
108 349
466 550
38 472
81 374
450 515
112 121
424 556
254 333
118 481
231 497
169 334
3 105
482 506
196 257
214 435
190 524
142 177
40 494
450 589
316 409
122 208
271 406
333 551
19 514
74 257
80 341
23 161
265 443
52 278
267 428
137 236
120 336
390 514
306 521
350 380
341 397
437 472
150 203
238 422
179 426
128 554
253 326
16 209
105 582
111 205
8 315
559 589
55 308
56 148
208 284
68 451
65 212
347 406
39 43
140 562
8 126
201 234
157 264
197 398
152 210
67 77
476 588
156 234
100 143
5 90
57 265
206 213
65 293
386 548
91 563
440 510
84 503
277 546
171 544
70 516
284 407
115 244
171 307
18 249
194 449
238 567
278 398
170 251
297 485
331 367
469 552
344 584
35 239
263 308
457 587
410 570
49 484
32 202
154 206
98 148
11 445
29 366
234 310
114 529
215 317
144 177
304 382
300 341
401 453
151 388
22 349
507 564
343 424
337 386
168 328
202 281
401 452
88 198
311 444
209 293
78 399
144 223
55 519
292 585
82 508
3 582
24 355
175 524
44 271
124 139
139 585
329 526
31 520
188 430
154 213
83 171
285 435
280 519
155 384
249 469
213 389
75 427
112 325
28 175
376 563
21 286
267 278
25 30
209 402
94 318
102 538
373 420
95 454
14 352
53 283
73 426
70 563
22 108
382 564
32 496
369 524
364 557
191 253
122 408
334 548
212 357
516 530
236 582
99 331
198 289
133 468
123 531
394 548
91 102
87 300
125 470
135 207
309 437
50 507
373 541
176 556
23 537
490 552
488 494
243 538
75 566
10 56
109 211
1 353
153 560
144 505
155 403
376 457
295 402
101 432
169 303
144 312
47 323
497 509
106 369
169 470
542 583
472 535
360 517
117 387
147 442
471 519
18 33
292 561
245 586
196 452
160 192
81 414
69 528
362 486
106 432
133 319
104 353
330 575
402 575
356 584
111 276
127 327
148 327
238 425
140 511
193 253
126 324
20 355
391 394
193 215
119 204
140 160
70 243
59 495
79 187
45 462
63 157
127 291
95 288
7 426
260 354
114 468
30 45
300 495
300 568
196 488
31 165
392 499
10 98
227 390
379 455
389 598
245 460
140 183
58 71
121 285
378 459
192 262
27 149
158 358
16 499
471 473
218 447
26 93
74 151
45 599
281 470
466 587
225 279
584 587
186 585
18 498
415 503
48 287
271 559
115 289
187 290
50 170
126 238
259 347
60 211
483 598
86 245
275 481
70 91
492 525
162 541
122 502
136 160
47 365
333 348
226 270
26 335
238 276
255 475
33 296
4 489
3 343
391 445
43 455
64 171
230 570
52 235
18 461
308 462
501 573
30 118
23 592
231 298
142 265
94 342
71 266
143 420
291 476
152 175
143 370
271 385
523 571
59 223
133 393
270 416
39 379
253 541
419 567
107 588
11 391
460 528
29 172
374 558
5 98
146 578
124 574
62 479
421 439
186 329
211 412
27 156
212 254
561 569
48 471
55 92
126 315
280 471
15 254
424 580
249 418
139 329
115 324
150 508
48 83
369 519
99 413
257 595
331 339
110 514
377 556
175 280
27 331
13 532
62 66
367 525
203 221
63 571
85 454
114 478
416 581
147 591
138 201
191 420
42 177
182 275
12 555
393 468
240 598
282 584
22 241
501 504
128 281
376 550
164 334
18 159
44 145
330 477
157 536
346 367
252 478
275 558
222 290
301 480
213 447
110 210
81 275
149 156
74 111
326 372
368 585
41 114
336 352
426 503
334 394
111 188
237 316
123 576
136 229
381 388
71 214
445 451
58 311
331 459
104 425
263 528
188 388
395 554
269 395
198 430
36 413
213 221
37 394
75 248
115 340
211 542
47 254
196 487
313 441
156 217
30 242
304 468
36 273
216 433
224 573
44 559
336 386
139 141
98 467
165 224
85 95
211 298
158 189
33 249
208 407
188 276
0 69
43 130
363 444
123 228
281 314
9 380
59 332
81 558
382 444
93 559
28 152
258 386
314 470
197 267
22 41
217 375
30 275
161 255
25 509
401 510
136 412
182 297
196 494
0 528
151 383
331 586
203 239
205 290
44 163
202 496
150 268
153 568
251 319
29 180
166 448
296 429
443 505
217 228
164 169
465 472
498 530
149 234
216 381
243 392
117 537
72 566
475 592
173 527
164 303
518 598
329 347
7 250
171 506
350 357
41 225
99 247
62 267
176 424
116 195
403 533
170 354
146 469
484 513
12 557
44 232
46 584
3 306
4 89
184 207
16 292
94 251
197 278
306 343
315 340
91 243
76 84
20 307
137 431
9 540
23 301
272 478
25 242
214 428
95 494
360 450
243 295
344 466
150 493
130 328
105 423
204 514
463 546
479 504
106 263
92 308
297 427
189 519
10 449
29 525
79 107
409 459
186 347
195 474
122 440
56 199
431 521
94 546
9 46
114 225
61 265
310 451
479 573
77 572
308 351
293 365
464 472
1 464
94 319
290 291
345 559
68 219
149 172
146 436
92 189
427 566
55 106
335 547
2 541
143 545
86 270
101 586
96 367
560 593
47 212
237 416
54 552
240 389
153 371
355 399
96 346
3 551
206 250
244 258
151 595
0 226
79 534
451 576
74 205
29 149
268 508
70 97
373 390
219 394
28 280
212 365
14 336
29 597
267 500
461 498
37 188
96 331
454 595
489 497
274 589
193 326
57 332
8 419
151 381
330 538
83 287
49 513
384 533
135 442
95 190
72 446
39 228
382 507
10 408
165 286
51 297
102 356
6 318
94 185
532 568
312 443
13 300
42 332
263 460
242 275
390 473
254 348
226 528
310 314
61 67
126 422
35 173
285 359
37 433
250 458
354 507
7 73
258 340
262 527
486 581
156 455
462 599
194 204
95 228
142 332
137 517
426 456
361 525
521 546
57 397
70 417
391 451
51 508
311 500
304 363
162 441
69 263
335 360
154 483
131 168
111 388
343 546
293 575
197 235
280 369
345 589
313 373
317 467
418 552
432 460
546 580
274 406
150 583
297 566
140 158
395 474
186 301
137 521
74 502
20 160
229 412
67 325
215 467
276 425
164 386
247 459
354 479
222 534
259 329
277 342
277 318
171 358
464 571
176 279
4 511
147 296
74 383
373 441
383 388
162 200
237 581
45 140
311 428
350 439
211 231
316 459
523 535
82 297
448 452
110 280
400 458
89 497
361 492
30 511
241 269
114 363
366 556
186 368
8 536
260 507
152 488
384 572
282 356
105 551
386 596
466 584
473 506
418 461
182 298
105 557
243 516
46 283
104 534
416 439
252 405
135 249
265 325
327 484
19 373
187 291
85 216
306 582
60 298
77 403
31 224
185 319
159 296
222 543
76 173
19 390
33 135
26 360
103 311
312 505
168 339
134 578
181 348
132 546
16 429
342 463
294 503
175 369
316 486
49 327
404 577
242 509
295 499
237 486
150 542
318 501
204 449
266 435
37 388
552 578
113 297
407 514
161 387
301 549
87 116
248 268
97 411
287 471
171 473
88 422
295 477
101 168
385 592
402 499
300 395
169 445
71 435
210 448
165 539
208 453
22 201
228 576
277 463
111 383
359 579
191 372
275 421
413 486
120 352
335 539
273 348
279 597
316 413
110 407
173 239
150 518
230 426
17 385
145 559
245 434
223 272
77 155
17 592
94 580
209 292
274 526
228 375
412 527
227 471
244 386
410 545
143 372
93 232
177 265
58 252
254 362
62 197
317 326
10 119
2 253
24 262
12 139
128 593
293 569
109 136
139 364
243 477
251 564
52 579
247 331
146 184
577 593
401 440
159 392
15 47
246 309
117 184
444 507
17 271
346 377
296 442
260 479
81 283
87 495
173 503
251 318
320 539
166 452
174 560
67 265
54 134
493 518
71 405
341 532
227 473
232 559
273 413
236 557
266 443
108 314
90 162
35 203
257 454
211 497
345 515
206 221
101 339
116 474
219 233
330 356
399 420
411 498
129 233
440 453
250 400
60 508
14 404
448 488
160 562
107 476
19 313
350 416
290 534
5 162
104 419
240 518
325 443
310 445
290 491
165 220
272 474
73 179
111 543
220 232
536 571
67 403
244 596
45 118
439 481
163 232
103 500
4 562
254 581
98 449
199 491
158 307
399 512
51 566
21 232
49 309
394 430
283 344
438 496
127 199
159 530
267 479
2 373
226 599
144 272
224 501
250 456
355 512
263 351
255 592
159 516
213 598
218 240
5 467
48 519
195 272
48 189
76 527
22 261
341 495
353 464
555 574
425 567
233 433
21 539
459 586
123 233
32 438
106 308
353 472
129 531
399 482
417 563
94 522
230 294
46 322
289 596
10 491
27 172
393 564
218 389
182 509
161 537
136 489
141 329
269 496
19 200
277 547
117 146
299 303
421 540
227 514
41 279
54 418
73 221
157 419
156 451
203 583
131 288
26 515
190 494
50 251
117 436
80 332
145 271
66 573
114 261
241 529
346 361
241 474
33 442
90 98
348 362
286 539
85 433
86 226
323 561
217 451
432 590
319 522
110 284
336 371
4 25
99 378
163 220
6 501
412 542
408 491
402 477
293 350
345 450
431 547
229 527
392 516
395 438
79 437
174 593
470 577
107 291
356 587
190 288
167 506
97 516
239 527
239 583
128 438
377 396
268 446
305 510
253 321
480 585
37 430
153 174
256 570
537 549
299 404
381 433
316 434
595 391 96 379 457 257 151 296 552 235 488 214 382 337 432 127 378 34 196 32 34 482 46 62 46 36 329 287 216 578 233 319 532 217 569 439 142 52 329 487 549 364 261 131 596 265 233 290 79 353 223 83 192 321 346 578 506 21 186 314 316 330 193 116 480 482 35 519 265 532 254 379 4 294 301 159 383 150 548 551 472 275 374 229 323 50 114 324 216 22 195 473 288 431 482 503 96 227 283 359 223 452 430 77 552 293 461 547 283 301 528 117 329 116 96 210 275 423 381 142 132 466 56 400 578 197 588 477 315 111 264 223 133 554 371 395 317 536 273 557 326 100 240 107 157 419 532 59 503 505 116 488 480 493 298 64 325 430 344 309 201 32 330 438 378 131 122 501 55 54 235 45 221 455 200 560 187 556 550 417 183 215 264 20 479 96 225 221 393 381 436 182 61 1 230 469 488 113 140 381 432 169 93 403 303 190 449 11 367 164 430 231 25 256 269 87 11 264 120 420 363 299 215 432 506 134 217 2 170 402 514 321 153 431 56 580 272 380 513 229 287 555 573 304 551 443 60 261 343 514 505 4 189 384 368 254 442 235 597 350 296 367 66 214 275 311 478 261 166 503 261 509 480 299 37 111 534 177 61 594 205 421 344 413 228 164 153 227 327 562 446 520 457 119 236 389 79 554 357 415 297 52 68 578 551 291 389 391 46 31 147 110 489 89 383 346 520 333 373 23 71 481 102 153 418 233 599 129 46 385 78 304 462 17 66 24 426 446 347 13 193 587 290 71 571 554 464 438 248 371 531 498 353 530 171 382 316 242 310 485 151 294 56 189 542 556 186 252 14 321 84 407 595 501 475 324 15 590 80 116 526 585 339 140 463 210 19 293 492 344 281 20 129 557 55 343 442 263 211 283 509 279 332 260 349 218 153 580 264 131 27 539 147 223 516 449 285 257 290 284 405 290 307 377 430 91 41 230 162 371 589 78 41 280 145 555 387 260 550 163 551 62 398 397 581 574 53 522 547 113 449 2 45 157 27 376 527 78 544 585 21 28 488 35 68 98 454 189 102 157 558 407 554 250 107 374 586 170 254 64 133 49 264 30 455 74 283 586 516 65 494 332 523 92 73 2 502 338 448 506 271 14 207 175 273 92 90 415 225 94 559 423 481 558 286 385 251 156 49 41 175 552 333 417 129 70 316 208 472 570 135 316 189 256 502 538 397 345 331 149 539 247 42 534 201 227 582 26 514 243 583 93 218 139 22 302 548 154 334 274 539 47 277 98 4 147 518 505 87 459 34 206 95 567 458 414 518 449 486 391 188 173 304 175 520 331 439 122 291 266 561 161 48 268 597 50 526 98 444 143
422 596
138 57
112 572
669 541
350 716
46 374
906 462
55 800
287 15
559 835
136 305
509 172
739 634
696 62
518 48
661 665
689 821
982 736
778 903
144 481
269 652
926 543
629 273
874 806
187 721
377 740
885 590
535 435
302 431
608 376
380 687
992 463
625 164
775 873
846 640
137 797
580 581
388 176
44 70
448 318
386 329
648 297
799 116
488 367
994 626
368 652
514 866
621 701
262 518
20 173
865 368
323 919
971 264
488 889
932 998
319 514
49 284
801 30
854 262
765 114
270 877
903 31
991 354
183 13
207 609
549 736
950 382
923 44
479 205
384 587
666 973
895 219
293 936
95 860
249 213
360 972
167 739
935 80
221 635
101 141
756 35
433 849
346 855
235 549
120 712
370 257
446 563
743 127
357 125
367 782
78 376
636 975
329 558
925 590
802 444
396 302
602 524
737 999
32 316
574 547
106 667
460 481
598 959
896 322
217 78
675 590
354 502
115 170
620 222
282 761
244 453
249 177
920 110
428 953
723 309
391 30
741 171
913 883
452 668
158 338
574 34
968 127
177 276
427 233
781 611
527 151
281 57
87 235
625 132
395 248
526 402
419 422
736 497
751 382
969 989
808 884
249 750
777 565
588 274
759 660
317 668
804 628
842 59
59 593
849 187
973 675
910 920
757 791
7 241
588 356
165 916
305 224
312 396
634 44
21 976
971 68
553 330
207 41
316 595
755 885
285 725
940 857
120 455
996 603
495 95
990 524
256 361
155 588
463 424
499 134
888 394
243 606
588 395
149 763
652 91
329 418
714 377
836 99
772 692
111 821
660 378
647 514
368 846
311 693
880 897
766 410
780 719
140 206
293 146
301 564
363 402
55 549
232 711
38 456
128 405
749 203
310 333
995 304
384 96
39 246
148 456
609 305
613 195
158 836
150 383
200 195
53 881
841 912
185 349
675 777
271 400
262 844
578 737
76 939
935 226
13 419
356 222
526 288
144 935
439 201
997 547
126 875
198 162
804 173
1000 428
699 351
438 615
209 452
471 278
228 770
52 723
307 813
963 578
405 214
583 307
1000 229
733 574
505 613
278 122
173 808
139 980
678 236
389 717
655 944
421 37
470 564
2 58
544 519
282 998
799 919
33 825
844 410
781 263
45 513
610 654
937 793
9 699
307 297
462 2
849 736
922 336
680 287
226 739
391 534
178 51
880 63
906 166
946 323
259 937
684 199
464 628
978 706
759 242
583 605
911 695
434 769
261 155
815 500
971 292
671 349
302 481
598 156
547 877
463 864
221 373
965 169
970 552
218 515
411 384
363 76
184 222
85 205
712 774
605 787
96 735
663 873
747 857
372 895
332 820
547 117
705 118
833 813
487 801
524 120
786 331
256 256
754 545
270 614
358 558
17 97
559 231
888 299
885 185
127 514
570 200
311 43
518 581
11 458
885 449
805 390
921 492
69 463
506 840
672 696
336 46
900 93
0 502
49 217
482 400
822 690
585 882
522 494
777 81
638 622
459 124
881 547
541 28
445 94
440 390
492 451
411 6
717 29
828 468
714 473
477 919
924 645
650 481
859 772
606 611
642 240
509 756
360 525
555 59
108 88
893 356
204 661
572 926
511 731
288 599
997 165
850 577
656 457
575 637
766 294
686 673
604 746
640 391
558 462
749 694
326 483
80 627
600 11
47 573
149 529
416 876
499 252
529 987
683 472
550 550
496 315
526 799
352 198
816 325
284 206
990 45
999 790
453 49
960 873
318 201
120 939
187 459
486 170
693 857
797 358
427 170
682 114
715 437
745 7
993 252
178 614
13 726
238 291
645 840
946 44
587 93
857 238
916 722
193 394
136 277
516 557
72 672
839 1000
242 796
553 599
461 889
95 707
507 687
613 985
846 976
234 39
132 585
484 826
299 111
698 635
738 439
243 125
122 766
383 947
914 276
722 831
382 138
845 533
407 487
376 204
493 584
941 191
943 923
74 110
660 161
462 787
222 273
104 509
800 840
881 128
828 300
531 181
296 977
123 910
304 372
108 350
876 639
524 236
282 322
224 327
373 287
520 322
27 761
565 978
1 832
514 529
416 541
798 953
400 624
806 475
127 35
22 33
454 986
7 363
753 345
861 936
552 151
257 482
56 44
192 515
710 214
966 816
89 161
626 878
728 267
942 358
779 757
449 727
187 591
56 988
45 188
352 910
523 630
345 327
334 360
305 750
950 964
104 272
653 429
175 960
360 345
741 104
643 200
342 787
730 977
674 844
924 310
912 436
191 248
121 742
922 395
852 139
179 561
866 335
247 884
392 778
277 284
341 685
143 670
34 134
163 428
905 614
711 960
812 592
189 1000
288 516
941 479
795 536
814 420
51 16
384 429
619 427
857 672
187 789
420 569
704 272
737 941
414 271
693 5
956 20
192 129
87 20
224 8
898 848
610 921
931 520
533 823
58 491
240 836
233 156
271 573
45 638
778 491
887 520
416 115
868 855
483 984
648 575
898 955
168 113
635 107
748 600
688 416
723 617
390 858
938 675
602 64
680 737
319 721
584 993
833 364
410 990
338 937
242 91
671 75
643 773
45 694
141 9
995 130
958 409
758 579
569 812
473 252
581 132
964 935
972 213
776 440
525 656
701 543
200 843
517 922
729 732
503 507
542 954
76 141
899 662
375 473
710 808
927 759
611 107
323 973
342 267
390 71
629 341
89 979
422 637
