600 1004 600 673 6
255 585
149 558
272 483
86 444
424 473
459 516
44 295
93 274
80 83
418 561
112 250
30 122
116 538
233 360
233 465
491 537
225 289
221 474
122 232
183 217
40 220
416 518
500 506
311 457
169 177
327 429
214 287
377 403
252 527
150 560
44 375
114 348
50 218
260 376
26 367
325 499
25 104
216 217
553 592
115 565
91 409
104 180
485 555
485 497
45 178
137 268
8 529
225 497
163 375
294 451
266 539
128 322
551 563
380 557
160 575
245 446
285 492
61 209
163 343
500 589
37 526
401 439
28 492
21 254
133 378
121 562
111 446
494 582
329 348
62 538
401 581
6 571
237 568
524 595
251 417
108 464
478 526
398 419
355 511
66 257
131 508
187 535
18 231
11 136
210 488
422 521
100 175
179 204
450 573
84 482
90 270
59 194
108 145
147 527
267 512
260 394
300 577
47 553
57 467
244 392
280 315
233 592
109 198
22 310
306 572
311 541
271 476
77 543
198 448
90 465
376 394
432 448
118 494
230 416
171 282
170 451
436 497
408 488
68 162
74 429
190 465
33 104
416 549
165 581
43 193
219 253
23 595
14 301
65 281
65 183
97 595
306 589
115 359
332 571
310 378
78 584
171 215
112 461
45 57
90 498
353 359
28 399
323 408
81 588
76 374
85 220
114 554
414 422
17 174
176 218
94 415
64 362
87 98
100 560
249 373
110 595
29 484
244 248
237 458
359 413
352 443
68 511
360 592
194 580
12 229
204 563
93 288
380 522
428 474
118 582
10 173
342 390
32 424
258 405
104 290
173 525
273 457
324 509
226 474
229 384
196 557
411 452
75 421
379 407
225 481
30 336
4 369
113 351
54 469
229 553
96 280
48 549
67 567
65 262
31 561
266 285
170 499
172 415
4 406
127 517
14 365
216 570
5 450
515 560
203 274
93 313
507 534
297 371
474 520
289 351
120 434
54 433
475 545
93 291
124 519
144 398
368 520
154 568
95 479
552 567
235 539
219 409
71 420
157 403
494 517
62 135
351 476
78 278
365 570
271 289
102 488
79 494
393 449
88 251
15 306
3 164
461 557
278 340
159 261
272 292
16 102
30 232
78 89
73 540
29 86
400 406
84 156
318 508
33 249
15 143
253 566
51 107
40 58
264 453
219 232
55 425
87 538
59 141
25 415
223 387
413 570
100 195
412 489
257 380
114 417
333 530
89 309
246 301
144 419
80 435
279 381
173 502
284 573
163 460
67 138
18 506
309 523
449 597
397 402
227 444
106 502
124 583
262 501
113 240
246 501
519 591
455 530
128 590
240 351
310 379
141 395
259 336
454 508
168 385
297 434
389 527
255 449
92 353
485 522
457 541
1 17
150 548
131 198
274 527
13 75
390 571
63 69
283 572
135 558
348 423
96 595
132 233
247 591
18 582
419 448
473 495
83 412
82 288
432 477
276 358
159 385
453 483
251 453
558 586
484 540
139 290
201 387
137 464
254 580
378 487
518 549
115 342
357 431
54 342
26 362
9 534
38 242
233 594
110 354
217 501
452 460
92 533
442 577
119 174
273 541
510 526
325 572
72 534
196 522
60 567
276 338
324 471
11 505
74 430
105 396
506 582
59 211
104 415
431 546
320 323
37 117
171 184
17 52
35 189
93 151
485 503
75 149
7 475
305 322
199 431
248 473
34 564
123 432
69 597
208 395
383 540
387 422
447 483
309 493
74 92
224 598
58 220
199 265
64 386
4 400
74 267
81 418
154 483
459 493
377 543
245 256
126 236
289 436
7 165
124 293
151 458
109 238
57 178
61 547
167 304
254 573
248 263
80 498
84 372
91 429
186 199
79 127
71 321
336 591
49 329
193 440
180 433
141 157
271 510
183 262
523 538
91 353
444 456
6 481
154 237
38 556
39 329
407 566
207 401
27 170
438 542
237 405
120 136
325 559
102 240
161 242
138 245
299 345
261 320
152 260
502 507
339 403
205 213
466 563
5 296
130 263
50 53
46 208
297 505
77 310
393 597
105 382
229 395
370 570
163 496
32 84
82 185
376 548
198 508
212 270
174 599
178 467
197 569
162 410
72 507
163 236
142 498
246 571
443 574
160 557
109 131
299 385
451 550
139 425
129 417
15 589
139 333
279 309
158 196
262 356
60 576
372 561
386 544
34 60
321 533
155 535
246 481
13 471
439 581
444 484
53 587
181 488
85 103
195 438
25 207
335 497
86 280
309 531
267 584
390 578
119 504
49 423
205 412
266 354
253 336
437 528
283 295
18 143
77 146
48 474
158 522
62 98
405 458
23 441
105 397
169 180
150 515
41 564
517 520
177 180
45 344
60 446
254 443
39 114
93 203
433 578
371 490
129 348
216 281
79 368
336 407
204 255
29 539
136 241
7 55
149 459
20 134
153 352
34 243
151 405
81 529
47 465
188 265
282 308
1 207
36 71
188 209
129 275
254 296
306 514
245 535
125 529
101 384
263 507
2 564
571 578
134 399
197 566
164 585
198 269
407 487
36 311
344 404
391 401
363 389
236 283
24 492
121 178
38 165
93 185
492 528
55 192
358 490
191 532
184 366
28 166
29 235
208 229
68 410
356 579
18 500
246 513
273 374
52 391
158 160
65 199
116 531
433 469
91 413
144 238
26 61
87 523
393 412
42 563
86 315
277 303
426 486
51 518
23 354
482 562
85 255
388 486
101 590
337 471
382 479
479 542
69 467
42 179
261 385
154 453
58 121
406 594
114 532
214 445
8 551
192 425
455 491
132 406
4 292
462 574
481 579
76 224
311 511
76 541
481 571
176 587
555 599
267 429
175 468
351 579
124 130
236 499
270 593
37 488
283 325
132 400
215 317
195 257
131 247
168 386
392 495
221 364
43 483
301 390
421 520
137 206
347 593
298 539
130 222
23 110
239 281
68 355
297 303
32 166
499 559
399 418
13 368
362 544
254 328
156 399
231 500
205 590
83 435
70 77
291 313
142 412
57 344
134 529
452 514
287 445
102 210
100 241
494 506
73 383
87 312
37 438
338 505
341 521
0 193
122 409
14 359
62 87
23 263
19 404
220 561
213 590
113 356
312 427
53 176
27 218
457 565
567 576
449 489
355 451
180 578
84 562
188 199
90 142
374 469
474 549
292 352
16 356
109 144
77 377
81 388
50 346
199 209
44 283
317 366
112 414
94 207
335 571
334 537
317 540
192 326
361 554
47 592
338 490
147 389
159 323
258 288
490 505
213 593
417 568
140 291
245 402
411 471
354 473
357 546
130 507
214 280
12 384
67 552
4 272
126 460
444 577
229 339
110 524
221 226
194 328
56 82
1 25
33 373
90 347
66 195
19 473
459 531
144 480
329 472
404 502
6 335
130 238
71 457
122 336
82 148
82 243
171 437
34 446
379 487
227 383
48 107
273 565
125 551
228 490
40 372
282 539
118 324
5 360
334 530
55 165
36 511
372 562
66 548
292 573
96 419
287 448
120 297
95 256
266 473
420 565
182 482
567 596
185 313
153 443
268 590
41 367
100 515
95 542
169 571
380 510
119 391
343 375
265 281
428 520
147 151
75 368
178 482
18 316
175 241
112 521
463 546
267 331
270 465
263 441
135 460
23 97
289 579
16 186
519 583
197 547
292 330
314 376
125 563
285 424
0 453
159 320
329 423
61 431
202 303
487 591
10 133
115 301
249 433
537 587
275 423
200 243
566 569
234 472
538 586
16 262
210 546
361 470
37 102
89 278
141 211
350 439
31 418
346 451
56 462
230 445
232 409
200 443
24 28
417 458
217 365
353 430
13 324
331 523
9 502
321 427
97 398
262 481
145 403
294 346
87 427
174 391
186 210
256 299
46 211
75 337
249 469
76 334
282 437
237 483
212 213
307 346
421 474
103 220
394 468
119 350
244 534
81 134
151 288
531 586
98 162
329 554
321 420
274 389
54 273
229 302
16 210
1 177
301 359
513 571
396 479
272 447
76 587
239 409
73 300
398 595
251 264
241 396
2 367
138 345
86 456
63 178
185 446
56 148
373 374
73 317
402 535
59 200
202 389
266 282
2 157
81 561
153 574
150 195
295 375
410 427
183 501
297 304
7 556
307 511
189 206
247 259
85 204
388 588
341 439
69 103
322 464
70 367
471 514
380 548
77 403
361 532
78 123
203 291
256 261
472 554
328 580
32 156
309 538
287 419
286 485
49 234
26 536
132 573
187 358
56 574
304 371
156 166
53 311
435 489
41 544
269 508
242 581
129 251
20 399
74 512
378 543
98 427
165 425
137 305
499 550
349 511
61 536
340 477
302 464
561 588
375 452
99 337
307 311
67 111
330 573
280 577
466 529
108 339
541 598
89 584
51 549
15 18
491 530
13 337
357 362
278 432
353 413
268 305
75 221
301 342
109 448
63 121
251 275
151 527
222 247
130 441
72 248
247 519
285 308
295 343
147 458
370 409
230 364
181 438
143 582
183 281
208 553
167 319
79 517
205 268
441 480
160 350
41 596
138 256
215 484
22 197
155 319
279 493
86 524
79 304 409 310 282 422 117 206 208 49 69 310 14 510 4 196 264 84 391 409 574 269 272 139 353 548 35 25 101 566 391 402 414 53 356 41 407 260 518 273 476 109 335 263 306 589 401 126 226 132 91 304 352 371 551 198 567 572 508 81 245 117 216 584 23 186 226 110 380 509 215 336 242 521 466 587 337 253 22 334 540 366 239 289 305 388 380 496 132 435 59 341 144 50 75 451 405 516 216 75 175 293 308 463 65 72 411 588 221 70 572 334 371 560 117 477 278 18 411 513 42 36 1 403 222 317 89 502 275 408 261 195 233 327 139 445 171 100 429 99 56 393 82 535 493 4 520 115 434 83 165 533 400 92 566 237 47 504 18 463 184 25 353 413 501 159 212 353 160 558 89 583 147 303 169 132 306 223 316 344 362 426 532 492 167 438 454 248 119 102 107 559 33 253 323 450 426 532 183 218 395 391 570 422 53 108 234 398 85 508 119 363 536 402 535 110 278 467 315 467 526 412 292 321 90 425 226 191 192 505 81 559 173 409 213 247 84 165 134 37 104 503 206 133 57 360 586 461 256 47 75 439 563 297 326 138 207 369 226 385 220 563 312 366 287 491 336 353 443 497 440 559 422 541 535 375 454 277 453 534 306 154 210 342 479 394 160 492 307 458 503 498 323 371 50 440 7 540 37 462 147 523 263 384 393 495 571 260 367 37 540 86 484 435 505 567 473 363 483 34 597 11 200 173 170 74 220 186 84 378 345 254 253 92 568 432 194 165 188 108 157 276 115 127 482 418 87 392 510 196 341 273 167 16 481 246 271 403 407 591 350 283 330 555 448 346 51 261 323 406 550 506 27 76 105 379 64 291 237 103 445 185 114 256 564 164 508 243 375 425 346 433 133 329 96 228 205 437 566 469 500 583 17 580 234 211 214 310 217 168 42 48 52 269 520 126 428 593 183 156 232 396 260 486 553 148 563 361 23 297 317 572 76 304 421 371 359 258 223 436 466 280 73 363 418 38 295 302 433 191 183 480 202 532 222 93 431 491 94 541 142 66 135 442 54 598 207 225 19 373 187 591 340 146 578 157 542 215 347 324 148 547 41 447 98 482 277 379 157 538 399 499 314 272 7 436 310 347 216 416 307 412 281 41 481 322 364 246 261 427 90 462 430 578 157 295 231 41 275 10 3 165 201 580 64 556 402 160 385 500 567 221 58 164 495 115 55 534 200 287 513 101 462 303 399 53 14 298 67 320 330 442 596 150 455 122 159 451 477 527 62 331 419 369 288 0 268 201 189 37 521 25 441 299 130 583 38 538 265 472 401 66 104 3 78 289 301 576 399 483 39 214 235 584 68 78 35 210 430 202
200 960
253 158
397 674
733 984
328 985
439 879
366 300
118 30
986 970
689 668
646 718
68 522
500 845
922 187
471 279
873 90
349 401
264 187
967 84
783 671
985 750
322 903
522 534
772 573
989 715
288 132
404 549
667 4
953 707
911 560
576 474
906 802
892 741
366 116
300 706
640 883
582 122
238 421
126 53
45 921
846 833
332 655
893 989
231 957
816 63
727 733
399 816
501 884
969 316
55 987
616 10
981 386
222 164
560 21
454 126
166 22
242 785
737 766
805 831
333 776
272 682
451 500
725 192
746 824
328 553
389 416
104 393
273 642
625 151
754 870
441 568
588 169
714 617
980 458
599 292
868 263
483 82
498 622
702 329
936 225
614 946
944 874
242 722
643 942
863 746
814 896
881 532
689 203
134 903
723 284
537 958
583 327
585 239
155 776
222 108
182 527
793 489
759 553
711 149
831 186
72 472
536 826
261 439
801 857
329 126
123 561
635 637
996 311
544 740
712 471
814 553
249 630
28 230
323 407
76 901
475 213
753 245
216 395
942 140
149 171
10 630
777 796
597 462
706 372
622 607
966 921
709 119
962 242
580 775
90 943
685 562
656 480
376 961
610 708
989 804
753 188
12 551
644 776
256 603
288 54
83 701
387 769
572 965
884 111
702 515
497 724
472 544
91 856
256 761
823 213
67 415
161 812
47 294
276 832
182 908
175 688
913 769
418 706
139 266
253 518
115 233
82 122
654 155
754 122
757 996
197 69
928 723
109 683
270 542
329 214
698 45
944 608
221 64
636 669
176 195
26 492
523 6
323 175
786 752
824 944
347 184
242 458
809 706
411 380
989 610
203 748
360 451
164 650
459 464
678 847
442 999
11 820
242 1
252 999
381 834
103 419
152 296
503 515
692 455
431 453
310 768
66 70
42 753
77 736
807 921
618 897
690 776
247 115
449 848
414 480
308 467
367 783
538 860
586 879
831 433
942 562
490 365
433 366
580 0
536 445
883 847
841 333
650 553
27 44
517 71
323 307
892 361
926 451
108 638
451 777
881 406
946 7
566 430
462 963
7 998
826 577
726 87
194 862
680 532
486 406
284 416
92 502
100 98
266 738
731 663
220 620
424 303
645 504
752 627
390 118
0 281
145 949
105 821
546 482
339 879
767 903
180 567
136 387
222 808
610 496
20 336
215 539
366 361
749 604
133 988
453 434
888 620
638 315
655 841
661 454
524 915
262 307
259 936
507 128
124 767
116 955
102 583
20 712
749 323
818 332
850 449
423 406
920 635
782 51
427 950
864 677
238 234
809 453
195 780
284 327
350 34
108 710
289 906
590 621
651 23
769 75
416 872
57 633
878 597
210 569
938 423
424 218
531 787
57 709
71 668
609 811
855 56
608 77
899 654
744 295
539 596
569 93
634 243
170 712
86 278
857 518
982 48
996 541
628 404
132 697
228 508
593 202
604 781
226 475
904 158
770 3
288 19
683 409
360 861
38 962
364 939
636 269
405 251
365 16
442 74
354 272
581 499
860 187
86 556
454 712
776 355
59 178
404 175
756 94
698 746
254 573
642 51
564 933
67 936
638 76
109 170
299 373
256 849
548 247
798 601
646 118
337 364
358 510
158 627
492 243
454 923
2 883
360 555
37 806
858 349
519 333
998 585
377 607
890 246
305 961
522 397
82 638
852 806
380 78
471 102
789 89
64 314
503 656
568 630
541 550
161 354
808 355
158 554
953 485
509 808
231 559
281 566
37 77
926 890
58 778
402 204
192 156
708 683
717 915
28 381
424 760
109 524
162 588
763 520
941 755
361 988
172 110
179 614
441 682
694 702
197 828
384 993
536 514
280 499
577 391
632 190
833 128
620 921
502 272
15 149
247 78
932 353
126 876
960 793
760 483
553 191
896 294
34 123
108 990
874 703
245 50
878 920
659 220
918 307
670 336
587 265
379 471
732 393
384 189
19 587
667 947
301 285
965 633
188 445
127 112
256 975
730 562
938 383
306 815
892 463
789 410
208 691
238 895
719 419
738 926
419 910
661 91
797 146
178 931
644 383
480 16
905 499
553 153
161 857
829 236
749 153
75 234
252 821
320 521
615 743
500 946
951 897
728 788
16 467
428 122
0 854
859 139
3 955
810 650
926 330
129 4
252 346
774 389
193 364
149 516
738 537
360 330
810 735
216 933
939 530
219 247
910 940
570 583
280 469
694 919
68 596
440 39
911 689
821 262
973 137
757 680
775 134
287 239
550 992
711 15
993 1
391 351
658 656
204 287
150 210
62 550
991 84
662 614
658 431
886 140
211 336
606 117
623 293
413 274
847 102
64 445
844 258
996 206
962 365
612 557
961 289
23 191
188 266
695 257
837 530
608 644
221 359
116 789
925 659
978 899
427 10
786 242
38 864
526 208
694 641
184 664
384 528
468 46
715 232
916 601
982 489
529 92
205 496
530 632
316 583
89 30
342 478
471 513
137 364
974 339
690 87
949 986
299 634
456 822
6 927
212 224
98 52
129 307
789 197
747 16
32 444
913 830
835 768
890 962
339 705
479 154
524 490
292 656
151 882
506 456
553 319
381 248
843 8
382 918
268 791
87 207
250 662
892 428
360 209
317 335
342 839
148 72
969 113
602 589
694 306
767 940
760 216
496 46
895 871
906 1
582 840
599 527
474 889
561 905
408 997
787 529
298 680
741 890
545 74
185 236
