600 1449 600 863 9
158 218
64 423
97 498
57 398
8 182
269 434
257 431
315 492
226 335
302 349
509 599
241 524
109 258
275 537
290 370
400 504
366 528
210 320
132 473
194 566
209 430
377 566
78 443
519 579
222 481
175 250
22 118
234 369
243 393
388 572
64 262
187 251
224 240
118 537
311 457
136 396
147 263
11 523
328 557
33 520
120 555
178 575
227 539
332 435
74 567
283 287
325 437
193 234
469 574
150 479
327 460
80 141
48 139
67 205
67 115
1 518
22 23
92 507
19 25
83 488
4 303
381 566
358 502
77 366
536 599
232 489
85 125
172 217
276 597
192 320
283 558
341 536
200 487
64 462
216 358
30 91
178 355
485 590
358 529
128 525
144 372
17 64
94 114
91 586
31 44
300 589
431 478
103 510
212 261
320 491
123 151
42 97
511 550
79 150
249 470
153 244
154 246
376 541
286 428
89 593
196 393
220 265
193 265
110 477
164 259
135 401
30 494
107 433
405 503
246 331
127 299
136 180
213 266
243 353
19 62
326 474
120 203
290 475
75 572
448 568
398 457
137 271
374 443
18 193
280 312
133 172
369 473
103 140
245 299
413 544
232 352
224 305
144 592
72 411
37 99
34 103
58 460
194 486
558 593
105 228
72 495
108 504
233 411
133 284
208 284
186 432
474 548
170 548
99 572
59 362
242 560
121 398
396 520
59 188
12 236
568 589
232 596
164 244
258 382
251 323
202 586
97 589
14 584
250 559
155 354
251 394
331 369
407 540
310 517
220 561
141 223
94 214
17 430
166 418
315 458
170 306
115 242
260 595
157 252
291 389
415 439
132 468
15 565
98 202
131 137
119 262
374 465
267 435
19 383
330 466
384 479
358 561
356 464
159 413
103 279
83 247
110 299
35 510
24 384
584 585
152 175
65 474
69 288
212 530
225 264
393 439
374 508
145 559
187 436
321 392
336 527
285 348
397 495
317 575
101 498
162 346
11 387
383 582
228 591
106 325
134 504
425 555
49 257
469 507
303 397
13 199
420 512
113 202
79 241
499 524
345 445
270 339
236 408
153 426
58 251
10 173
187 323
337 501
135 362
3 581
255 372
163 301
283 593
117 332
240 260
562 599
12 311
228 282
56 229
202 290
287 578
279 401
96 578
51 559
181 386
184 254
332 542
48 532
382 391
117 473
482 528
297 379
1 461
332 468
166 241
164 376
206 214
385 476
203 455
501 502
154 568
184 525
266 308
436 530
10 17
465 493
60 81
71 573
4 580
51 479
148 155
269 483
202 370
179 546
229 357
103 544
309 326
4 141
82 561
423 462
483 514
206 485
265 300
150 313
26 228
469 577
28 497
354 520
7 284
193 246
455 555
16 405
130 403
47 130
163 204
203 459
94 297
180 340
447 477
426 553
99 543
146 443
317 318
36 239
85 133
21 190
95 108
67 365
87 286
195 450
225 582
140 242
41 165
225 298
149 422
46 174
80 428
170 363
8 521
166 343
36 210
399 590
171 489
70 542
245 560
230 430
381 442
47 405
437 488
13 141
37 572
352 595
137 445
470 509
182 512
169 193
397 547
309 453
52 342
21 369
185 531
190 473
15 156
452 587
314 474
117 435
287 422
192 491
65 429
280 552
35 103
310 580
317 355
343 418
116 426
174 371
70 332
244 426
260 352
12 457
52 139
377 452
72 322
31 353
166 581
210 459
4 80
394 530
442 552
20 574
218 408
312 552
450 477
111 343
327 527
154 331
34 62
144 564
45 509
98 494
307 441
161 319
285 359
506 530
259 433
235 301
110 245
51 499
268 505
121 158
373 440
158 398
225 289
33 136
133 440
50 362
531 533
186 598
73 368
329 446
287 571
562 595
161 204
100 157
138 589
58 394
231 258
398 489
313 407
21 432
478 517
444 447
129 438
22 378
204 521
42 589
242 380
431 517
448 589
378 528
199 281
272 343
3 79
173 551
389 500
112 207
15 466
296 374
220 534
348 513
13 421
9 253
100 104
367 393
64 584
239 280
36 312
507 577
42 449
48 168
40 70
121 218
118 378
215 419
117 132
105 167
30 302
355 575
139 532
25 445
44 444
497 555
30 68
46 59
252 268
406 538
94 206
175 377
40 501
85 172
56 441
80 223
187 463
62 103
7 115
298 480
207 594
459 556
31 450
299 380
248 594
25 62
182 513
219 572
222 512
63 382
156 565
396 587
7 93
212 543
18 265
302 506
95 570
101 239
187 363
493 595
66 221
2 466
72 428
342 404
167 454
434 583
36 442
76 527
230 237
60 227
190 304
47 591
249 341
187 469
517 580
428 472
57 596
63 226
487 549
162 305
532 546
43 109
150 449
209 592
167 282
217 292
537 573
146 369
292 474
106 213
84 252
78 146
420 429
142 401
510 564
28 179
339 412
54 421
227 492
261 572
9 158
111 272
197 212
11 415
348 467
205 430
509 516
281 415
84 124
199 421
56 214
323 507
222 440
64 144
220 360
4 515
372 564
210 442
99 375
10 481
171 416
323 469
238 321
333 445
33 295
180 250
69 505
266 316
314 363
236 482
71 402
13 54
310 393
324 478
177 578
416 417
363 548
351 566
79 166
138 300
235 557
457 588
138 231
255 413
372 510
274 346
120 486
87 466
123 217
218 236
545 566
26 591
186 599
441 590
368 518
5 433
82 267
73 457
38 130
46 569
28 160
414 593
400 465
271 347
49 290
104 157
139 396
186 562
1 177
166 387
100 277
315 547
103 413
156 524
113 215
295 492
376 446
86 214
127 202
28 546
61 495
271 333
292 410
277 288
51 233
69 426
8 222
36 320
21 473
106 318
254 567
359 467
182 348
184 567
361 393
349 506
91 217
294 311
70 267
215 257
232 274
176 183
263 462
313 522
11 241
338 575
27 559
105 484
276 406
110 127
112 203
289 445
18 169
15 223
226 514
353 367
153 259
54 580
263 551
111 533
153 164
100 278
73 518
269 594
272 387
199 223
27 566
368 457
564 592
168 546
136 587
118 573
149 578
303 495
286 330
307 464
7 586
165 380
449 540
240 400
102 161
253 416
35 140
114 214
353 393
122 329
316 433
309 467
169 456
395 468
243 361
300 448
20 403
77 275
194 442
318 325
75 197
122 487
193 448
11 361
111 185
123 292
73 461
14 557
105 282
68 463
94 379
62 401
55 268
60 539
256 505
322 411
120 160
86 357
478 579
55 288
342 351
342 532
188 427
3 313
155 396
242 279
173 319
226 471
538 597
33 411
183 536
238 329
78 108
515 580
21 146
95 504
142 362
27 545
251 436
161 521
314 463
330 428
36 491
18 82
148 168
403 574
46 427
236 276
384 449
219 579
375 487
31 523
327 543
151 172
223 428
275 378
213 437
55 505
24 42
59 135
388 478
558 571
226 526
316 318
29 154
128 357
91 563
197 201
93 365
43 231
150 384
76 105
140 279
340 377
200 238
239 312
348 359
160 194
38 389
56 206
425 546
109 382
227 458
158 183
516 598
75 201
334 506
294 457
228 356
91 98
325 488
358 438
304 432
425 583
75 579
57 457
51 466
53 198
213 433
327 375
63 391
263 585
57 390
417 496
97 280
208 586
238 282
171 232
306 500
125 429
90 320
99 386
347 445
107 164
339 397
160 497
129 216
304 598
84 157
349 436
154 418
487 553
127 490
216 534
0 438
277 433
34 383
177 198
25 142
127 475
571 588
19 264
93 230
418 533
238 392
38 291
17 221
6 133
181 553
24 145
153 288
443 570
138 360
158 176
432 598
359 429
314 548
69 412
124 247
379 567
304 468
387 523
354 396
99 549
211 412
43 129
418 522
402 537
277 278
392 590
23 518
51 87
42 540
202 344
227 315
37 412
352 496
492 520
43 360
119 255
295 315
514 526
416 489
295 547
271 593
106 308
456 473
216 220
193 331
524 565
5 316
188 346
160 486
364 468
35 564
76 484
84 315
227 354
65 326
61 428
125 410
299 490
128 184
296 562
111 531
288 426
8 204
29 78
71 537
2 15
576 594
225 445
279 560
145 545
28 351
319 585
333 347
6 172
351 532
145 280
125 222
7 273
406 597
20 469
478 519
307 356
510 544
376 426
0 550
81 539
101 589
176 218
412 505
76 92
191 447
195 477
306 389
390 571
283 571
210 486
236 406
232 414
248 483
241 387
143 410
345 362
319 551
340 452
83 104
393 421
258 424
287 588
83 124
233 250
356 441
162 260
34 293
58 543
16 130
26 503
198 588
5 206
139 587
15 281
64 119
87 411
234 456
61 72
44 134
274 414
306 548
85 440
107 541
541 590
24 449
109 511
302 554
14 161
344 494
134 447
397 505
131 225
121 311
173 521
87 233
150 499
215 554
388 517
25 289
148 396
301 328
444 450
496 595
2 330
7 490
245 380
549 553
90 556
194 351
484 503
122 446
89 232
205 230
137 149
496 562
255 544
31 444
136 340
363 469
40 267
176 408
93 237
334 554
32 356
81 247
407 522
201 554
228 464
10 440
132 395
108 531
35 205
399 446
193 300
415 421
16 574
56 485
85 151
130 574
104 488
152 377
87 330
345 414
263 319
313 540
382 511
201 530
17 209
298 582
196 257
191 224
332 476
100 213
5 107
76 460
81 350
309 429
59 414
505 547
175 340
530 554
158 489
68 91
215 324
185 272
471 594
41 299
104 437
344 419
256 412
232 496
64 209
1 73
386 426
291 326
46 188
90 424
246 448
144 209
341 470
217 463
134 224
230 365
334 530
226 391
240 504
117 456
142 345
367 475
311 398
465 508
429 512
435 456
88 580
187 314
23 457
208 563
180 233
163 328
215 344
400 508
162 188
50 142
391 556
161 235
231 360
125 143
165 490
282 321
122 426
518 573
380 560
172 563
264 289
494 554
310 421
16 47
342 452
3 522
106 437
105 503
276 528
200 282
39 168
481 521
337 476
266 433
501 529
45 304
302 494
305 427
252 315
145 384
161 557
189 480
139 148
338 379
115 165
102 204
6 208
375 549
222 429
260 305
44 185
205 592
484 507
65 309
109 438
239 491
337 385
260 493
221 373
436 506
71 518
207 269
240 305
301 557
164 541
131 189
516 599
20 500
224 504
123 143
78 95
32 392
405 507
18 561
198 461
434 455
508 570
38 403
543 572
244 376
298 413
176 341
181 549
400 493
404 566
28 532
167 200
90 192
378 482
43 258
467 513
135 142
86 525
49 393
31 243
91 208
366 378
13 515
329 590
75 212
324 554
112 455
489 596
135 371
364 470
170 500
169 234
93 115
86 114
44 531
442 486
361 439
196 431
8 481
158 253
168 350
53 287
12 294
195 475
66 126
514 576
35 592
23 118
410 429
501 542
7 237
45 364
2 223
100 437
127 195
253 489
118 275
157 278
72 286
341 538
43 534
148 350
30 98
9 417
46 191
202 273
132 332
367 450
157 409
66 430
98 586
335 550
219 388
65 410
460 527
27 250
201 579
92 323
37 386
171 496
57 588
107 206
0 511
126 284
59 345
147 551
535 591
275 366
61 303
76 454
9 599
229 441
498 589
56 86
16 577
137 347
55 277
13 580
37 388
451 528
462 584
322 495
0 109
390 596
256 339
359 420
110 447
295 397
217 314
207 471
88 517
240 493
221 430
121 236
131 149
116 376
79 524
207 556
303 472
119 144
88 270
324 519
138 192
146 154
10 551
132 190
4 472
25 345
32 590
202 490
476 542
238 487
355 567
141 199
224 447
43 438
54 310
503 591
126 230
271 414
308 318
310 431
391 471
171 417
159 255
22 457
115 380
364 476
14 585
133 221
21 374
81 168
179 425
70 501
7 165
174 569
24 97
175 180
215 494
405 484
312 442
252 409
223 330
152 566
253 417
51 156
391 424
306 326
18 456
77 451
346 352
502 561
354 492
381 552
127 370
203 486
49 475
49 215
567 575
27 152
42 568
205 365
151 217
118 518
190 432
5 94
10 221
11 439
32 441
21 443
134 444
313 449
386 549
276 482
293 383
18 220
343 387
483 576
329 399
133 373
145 552
321 356
271 283
572 579
74 355
182 285
361 523
454 527
155 350
296 595
191 427
440 481
268 409
327 336
123 410
38 500
181 426
178 317
405 535
303 339
147 462
52 587
31 185
229 307
12 482
70 435
79 313
179 497
386 412
329 487
127 290
59 174
66 133
57 571
122 553
333 414
96 149
10 373
394 436
186 296
297 338
211 339
226 382
191 569
25 401
56 590
47 535
399 541
280 498
252 505
99 327
29 533
80 472
94 567
323 460
8 512
268 278
471 526
141 515
264 383
125 440
4 270
33 322
265 360
408 538
293 298
252 547
124 458
285 420
526 576
451 597
574 577
41 490
126 237
25 264
212 572
429 453
349 463
182 420
89 558
5 297
259 288
509 536
23 368
260 346
418 581
102 301
156 466
108 533
52 532
390 558
89 414
136 520
50 345
359 453
246 568
340 587
343 533
479 559
95 400
219 478
405 577
212 394
504 531
154 522
316 338
398 596
161 585
198 457
197 412 518 101 405 231 506 59 3 375 287 154 163 374 418 79 444 525 90 387 97 297 28 143 388 406 208 329 86 574 287 159 459 178 578 431 504 74 560 299 79 529 320 368 594 191 459 199 493 398 472 482 443 157 596 567 570 209 444 54 455 182 219 365 26 229 194 584 175 219 130 117 503 292 80 207 291 597 1 553 282 226 175 8 483 237 299 384 401 472 92 111 95 40 429 537 471 329 571 316 550 458 488 351 233 512 156 541 158 537 598 40 416 304 400 222 316 108 427 377 485 329 340 172 296 371 500 120 408 119 252 146 380 208 535 198 376 165 262 589 569 356 243 96 288 108 524 492 81 313 68 542 170 27 529 539 481 148 260 117 493 239 124 162 80 103 343 418 515 575 574 208 53 106 177 200 195 362 419 271 307 520 322 443 537 7 463 510 248 551 125 414 343 573 372 22 227 271 538 413 442 142 461 545 345 396 528 22 374 20 249 168 252 119 371 335 264 108 579 547 536 171 66 258 268 51 557 130 415 182 522 325 244 159 95 468 511 443 472 565 2 374 499 441 574 374 428 122 417 387 520 424 485 408 219 483 57 222 308 163 236 484 75 157 159 296 180 60 238 172 447 458 259 159 140 79 405 78 502 301 292 314 349 356 147 443 231 578 414 416 320 90 18 248 489 456 293 451 525 426 240 106 524 236 219 264 296 570 282 217 101 60 555 522 170 341 299 406 538 304 504 551 28 36 8 2 548 444 40 421 281 189 106 211 123 59 132 100 572 292 38 442 377 21 465 161 77 138 132 261 513 215 277 396 197 231 36 149 465 96 568 287 285 506 32 365 307 475 81 15 201 268 464 429 229 293 446 274 168 561 231 164 262 535 377 506 394 253 415 526 68 426 570 191 143 541 573 196 128 520 318 133 536 23 273 428 360 133 283 315 293 262 322 460 466 33 389 247 421 9 285 464 581 590 434 4 99 248 63 380 82 484 206 239 44 218 440 565 106 409 455 498 307 77 380 77 85 596 599 272 102 52 231 12 134 436 406 540 557 247 232 534 554 152 237 502 259 489 139 475 137 46 43 197 337 517 151 186 548 494 546 382 172 318 285 276 406 525 32 284 318 372 359 370 573 104 189 86 323 76 460 292 594 35 406 18 12 389 565 72 185 509 263 44 330 286 27 573 73 599 477 76 579 84 199 358 573 298 499 155 466 456 182 411 519 463 407 221 176 436 119 394 294 118 590 487 272 375 385 134 100 514 436 283 492 33 212 217 238 259 184 145 90 360 558 26 457 399 272 97 379 87 234 297 102 235 226 559 508 191 11 145 481 269 215 235 512 396 219 189 134 154 421 178 11 211 149 84 468 392
259 27
979 153
315 473
412 344
314 567
107 851
759 740
737 651
852 910
693 159
855 801
467 454
835 106
376 541
1000 850
348 455
478 936
894 730
391 116
892 479
550 892
564 214
909 89
933 118
263 294
872 463
377 970
187 322
64 278
490 303
660 728
550 426
233 925
159 492
905 516
887 593
188 204
379 694
578 967
29 373
452 43
732 561
344 254
303 92
575 392
626 74
745 421
468 990
20 347
571 560
827 438
268 401
83 365
975 210
410 537
138 708
179 912
881 202
490 790
786 404
44 503
244 543
874 508
134 48
975 718
674 890
810 713
823 586
645 752
250 712
480 90
992 39
220 501
967 131
11 994
489 699
437 865
927 11
549 279
383 366
312 526
2 476
419 76
27 635
111 587
781 820
140 967
248 446
416 609
809 253
169 138
692 732
465 851
781 629
95 905
585 309
982 343
303 240
687 705
384 750
76 715
268 197
898 949
894 548
43 680
381 905
39 767
146 857
531 319
247 67
703 481
519 366
99 129
623 605
106 929
792 599
240 805
510 137
941 70
974 651
83 214
788 140
266 807
680 835
34 601
759 875
797 689
661 542
99 996
328 14
544 970
948 357
556 150
786 754
606 396
813 470
133 427
906 336
279 157
53 380
856 569
339 526
850 451
729 865
921 650
227 318
516 264
935 766
44 416
957 317
327 343
732 818
155 324
195 769
433 253
65 459
342 406
68 657
737 126
993 668
93 240
912 908
712 338
892 990
175 821
760 561
424 378
359 886
19 405
407 144
592 871
759 199
767 782
885 810
729 446
176 368
718 69
979 180
9 888
27 258
184 395
295 746
828 964
708 123
70 996
535 390
636 234
538 826
776 323
982 381
556 179
695 390
253 168
393 174
120 243
640 519
518 557
519 718
937 203
372 494
361 838
531 665
664 601
103 179
872 942
850 634
141 889
68 98
742 709
920 695
142 190
311 649
489 733
79 767
140 924
573 626
356 29
688 783
766 100
437 679
354 73
852 744
823 866
291 503
650 375
946 399
127 23
72 535
318 960
194 996
842 661
287 128
766 248
208 422
447 164
950 943
792 84
764 649
327 839
225 219
648 350
419 425
808 559
541 477
214 787
740 484
391 213
3 567
7 88
670 5
222 391
535 796
144 623
733 158
80 955
979 603
257 652
525 584
250 107
147 783
691 318
448 742
995 693
954 812
918 442
352 122
82 792
453 92
144 665
8 146
379 629
837 320
506 411
710 639
769 291
919 35
819 39
111 730
106 696
856 536
224 266
395 446
346 915
880 287
781 719
787 951
239 477
925 256
153 742
909 398
620 578
660 966
666 812
945 519
854 135
188 578
660 256
85 871
986 494
699 520
322 150
935 963
634 721
268 593
599 161
688 354
606 911
229 986
41 798
689 921
446 537
842 159
194 234
380 324
597 813
89 554
75 816
6 862
28 834
915 835
207 164
277 926
188 535
491 836
547 636
10 751
639 907
416 791
971 998
260 862
289 468
427 215
521 101
829 362
581 695
192 15
378 816
534 27
54 848
284 649
151 387
690 24
98 345
473 385
649 651
852 410
749 310
869 356
779 981
613 745
30 453
87 310
724 277
553 506
76 500
4 922
239 961
161 993
362 2
772 930
318 121
504 476
804 428
562 857
642 29
818 618
898 20
607 516
944 141
470 209
649 575
774 476
941 605
836 767
606 244
345 776
214 813
132 347
888 68
55 900
784 546
149 266
222 73
927 492
285 328
558 17
309 723
445 420
414 651
618 954
851 242
137 76
297 888
519 506
518 774
581 138
78 421
207 613
810 176
232 856
599 333
837 494
997 10
554 938
119 320
436 937
772 40
387 284
746 68
93 661
689 859
214 459
284 685
994 562
803 315
434 475
734 189
706 199
467 291
610 627
795 920
422 514
902 301
963 741
191 84
3 271
243 770
741 368
271 521
729 921
871 679
464 572
598 204
123 799
42 151
490 115
565 767
39 742
284 15
473 481
829 811
212 952
154 223
554 244
577 428
881 384
238 831
607 432
354 187
325 316
601 483
860 7
115 368
724 958
386 842
61 169
435 131
918 153
59 570
147 153
442 811
947 167
974 772
615 775
267 997
644 290
300 437
731 985
607 54
515 857
663 60
72 55
284 565
524 188
644 851
621 544
569 67
652 481
459 648
276 360
979 409
852 830
850 64
6 37
415 911
185 875
116 218
333 814
14 716
784 196
730 604
227 182
127 508
669 306
655 685
224 586
737 229
54 231
275 237
313 371
571 919
474 14
427 43
413 951
580 354
229 647
559 738
491 874
612 300
650 98
934 580
219 21
830 894
807 983
50 10
360 564
638 140
435 633
962 102
499 643
120 474
888 888
405 309
509 438
339 376
113 973
80 16
425 833
845 27
445 15
551 714
532 344
54 331
490 365
324 60
435 981
699 88
964 39
728 20
22 547
362 286
193 845
511 51
428 760
962 579
172 300
7 309
169 603
615 855
324 751
240 0
928 795
180 259
289 794
572 671
37 199
117 94
969 923
860 268
248 358
811 513
393 70
671 220
734 752
924 624
362 426
139 303
55 938
381 250
700 419
592 270
877 244
410 704
972 64
516 910
35 878
52 38
485 902
977 275
496 672
386 566
434 331
961 490
13 176
991 793
959 845
723 691
115 405
905 236
294 188
218 891
398 1000
890 626
828 290
33 65
688 268
814 225
790 6
618 182
653 168
