600 1478 600 832 9
13 115
146 310
202 317
336 378
48 565
174 532
17 561
336 415
151 559
275 473
253 561
355 527
17 553
76 215
261 522
20 401
178 404
103 509
486 522
81 112
392 541
489 550
97 149
80 210
120 515
325 354
285 521
53 443
51 187
281 505
80 266
148 413
307 543
288 296
374 461
115 514
48 148
282 384
330 591
114 566
51 266
158 217
565 590
255 445
148 160
9 345
10 157
20 423
70 432
348 561
27 459
414 473
54 475
49 111
45 471
51 358
13 465
11 477
328 464
152 319
94 458
253 449
177 494
19 210
56 361
179 522
133 404
481 538
123 432
5 108
162 438
447 552
158 494
58 543
72 520
263 314
74 243
449 553
2 545
236 582
27 205
197 320
388 515
269 429
199 538
37 40
394 519
362 511
146 497
119 168
113 124
211 543
208 448
362 562
28 221
66 463
196 353
76 391
261 352
424 474
121 330
382 556
256 584
7 205
360 431
125 543
490 534
170 420
247 341
53 332
76 529
303 421
335 428
25 334
41 230
5 18
255 480
41 243
64 488
345 529
114 173
227 392
230 505
79 312
41 107
431 484
132 188
155 265
78 460
397 416
326 527
228 406
1 409
30 381
53 356
58 181
448 471
376 537
73 114
208 346
293 461
43 405
409 567
56 82
396 517
351 588
330 500
438 574
183 536
116 368
122 191
495 525
216 238
385 554
113 452
164 194
183 213
24 555
406 508
311 315
17 103
139 581
155 559
59 454
290 337
199 555
345 496
146 233
31 44
32 371
378 415
53 73
496 529
492 500
291 518
384 479
135 516
265 272
349 442
57 124
69 468
352 370
192 331
128 323
62 391
335 383
447 576
508 587
215 529
167 407
138 167
473 498
427 551
301 338
170 455
254 482
338 460
276 353
14 213
143 387
340 409
82 546
235 508
64 178
77 285
210 344
147 536
464 470
310 584
557 577
11 557
40 262
44 310
242 453
329 585
140 191
84 480
238 554
371 380
301 546
101 476
144 439
339 545
145 410
51 100
176 407
329 349
441 538
290 455
109 569
185 332
20 434
267 426
27 444
217 494
153 321
465 514
198 278
73 257
33 420
224 592
101 137
391 572
3 370
122 265
254 531
13 453
120 550
46 200
189 560
243 528
183 298
56 164
88 112
342 475
81 289
123 281
245 279
313 333
175 177
438 516
202 214
369 389
239 506
284 296
469 499
446 560
431 571
322 359
21 310
152 534
332 598
295 319
65 217
291 578
103 182
136 153
211 418
7 338
215 572
147 458
171 396
187 513
293 374
460 467
66 347
167 432
501 550
210 535
369 542
226 232
204 390
82 467
86 96
10 210
382 483
30 424
436 516
236 545
142 172
65 478
262 574
94 351
221 452
218 392
191 509
122 386
172 454
151 220
59 172
179 524
30 474
186 320
54 476
286 380
58 132
361 563
180 324
266 457
161 359
65 158
37 278
113 221
75 460
231 592
292 414
440 579
381 441
291 458
338 546
80 535
151 477
19 420
274 331
121 500
62 76
478 551
167 176
136 414
246 289
110 428
477 510
538 555
283 393
39 516
18 475
342 484
47 557
73 251
418 549
252 335
306 323
262 586
87 393
25 192
95 520
23 67
441 481
42 501
12 372
526 558
241 373
439 576
186 197
307 495
284 288
233 497
273 554
513 542
343 349
135 436
419 542
216 327
61 584
201 420
436 530
510 552
10 274
138 354
14 183
450 512
193 516
89 212
57 520
353 588
105 252
128 355
384 434
219 539
144 533
325 551
130 139
225 589
459 486
208 566
43 387
363 452
271 302
35 463
162 324
88 239
200 440
207 304
16 98
244 365
106 367
52 155
174 240
380 580
133 178
433 469
176 354
129 286
169 411
224 446
216 549
14 531
225 502
191 350
228 565
92 263
456 471
166 455
97 456
267 437
166 314
379 576
270 568
280 472
15 450
427 517
462 551
224 246
39 201
200 487
361 546
46 426
0 30
287 599
20 479
358 480
186 492
354 478
462 599
480 564
178 267
385 470
298 521
204 540
4 165
158 478
73 566
309 321
186 227
0 271
8 267
38 49
321 437
92 314
274 454
277 548
155 220
59 359
267 404
350 553
134 481
93 98
166 572
2 165
211 549
33 170
178 417
294 569
85 246
565 583
245 446
150 337
301 467
117 501
438 472
33 457
93 367
72 124
37 72
265 386
278 309
380 491
304 585
468 511
113 539
182 259
203 512
365 469
110 235
194 568
130 462
574 586
2 263
198 414
348 507
315 423
235 428
139 556
158 177
192 334
25 59
274 344
153 326
383 390
392 405
125 302
484 537
44 115
140 509
489 515
83 280
253 553
346 448
306 527
344 429
218 363
112 289
274 388
345 582
192 373
197 366
39 420
364 452
26 558
162 472
34 474
104 397
213 298
291 534
119 186
407 500
226 256
78 409
33 166
234 575
286 491
247 333
227 548
130 551
35 315
553 561
234 568
74 230
132 181
188 425
401 434
223 597
144 552
204 430
78 567
2 339
183 521
236 529
462 544
164 361
165 570
63 149
427 462
419 477
131 382
132 173
92 504
217 478
105 508
338 563
67 224
0 58
101 519
160 372
322 471
286 423
66 384
38 413
66 479
402 518
350 412
157 331
77 183
458 490
56 546
34 441
227 591
334 471
129 299
354 551
314 564
180 248
71 492
465 568
131 163
405 493
201 269
169 494
152 207
253 570
430 507
444 578
153 306
100 187
115 256
503 578
291 532
387 493
415 443
11 192
42 436
532 567
147 490
121 492
15 271
48 372
48 160
44 336
28 57
297 535
70 167
38 582
164 380
277 392
38 111
204 383
264 346
406 587
142 159
83 237
257 566
89 108
129 315
205 595
156 505
68 351
284 300
452 541
495 549
197 364
224 409
13 511
94 147
84 358
511 562
88 268
219 278
267 326
75 78
396 531
238 385
4 38
251 257
336 593
438 586
23 224
78 174
42 269
11 398
363 392
421 443
453 468
22 554
82 301
9 300
237 436
26 290
248 260
222 461
142 569
198 292
299 370
379 456
165 253
351 527
546 563
1 488
189 305
1 592
190 427
231 246
304 329
46 487
37 219
84 314
155 389
403 476
351 355
172 594
152 490
81 305
47 419
21 584
256 403
317 459
409 592
74 498
529 545
91 228
54 101
20 250
71 407
12 48
207 402
46 248
355 411
137 476
109 294
300 345
232 514
3 214
394 475
297 513
173 303
141 271
410 501
227 277
9 387
151 368
299 357
272 523
487 592
421 425
395 565
84 564
422 583
351 353
29 446
340 460
187 297
383 540
203 302
81 117
298 531
60 436
47 513
90 147
396 482
33 51
398 447
114 303
10 535
305 313
208 257
196 536
159 569
216 495
92 449
406 590
170 337
431 547
133 417
499 576
435 591
13 468
241 297
260 324
380 519
52 272
302 543
124 221
375 430
296 451
97 448
345 399
4 430
141 424
157 535
122 412
112 268
44 593
114 181
223 243
45 257
458 534
242 341
163 382
149 499
252 259
311 357
249 352
279 446
47 542
242 247
55 358
143 363
314 358
160 413
232 270
232 403
329 524
8 527
225 584
5 401
152 304
390 430
11 379
75 338
107 243
223 292
54 519
177 276
154 209
85 560
63 97
16 493
525 596
195 209
56 234
354 556
328 418
64 417
130 287
28 400
29 362
68 276
139 483
417 458
444 585
388 550
113 364
193 262
241 535
158 190
483 581
68 355
26 337
254 462
467 575
486 524
118 464
19 80
137 270
19 33
144 393
481 497
184 563
238 418
210 429
365 433
37 520
110 540
476 547
569 598
55 255
239 472
182 507
211 328
192 577
42 60
126 481
49 288
213 531
219 597
300 451
77 295
260 437
126 421
23 340
328 573
119 230
491 519
100 266
118 328
333 569
293 384
393 533
377 408
209 589
200 248
139 382
289 560
7 75
246 592
83 117
185 415
161 471
24 225
129 423
3 129
184 214
88 506
362 465
109 333
51 314
15 474
46 267
303 356
28 452
348 430
117 410
4 348
162 586
109 145
143 405
434 479
21 256
25 331
110 383
208 471
70 217
145 501
78 340
201 436
31 146
176 556
53 185
1 46
239 324
193 558
57 79
69 511
299 352
411 505
42 117
26 526
364 366
90 536
182 335
161 322
174 205
274 515
203 271
137 403
61 497
172 251
386 445
399 400
159 294
31 310
43 143
243 466
312 496
62 526
161 251
524 585
29 279
3 371
111 372
91 406
130 556
158 551
512 573
44 146
496 526
1 567
212 401
516 574
318 469
469 495
7 184
328 470
30 441
122 350
92 253
365 525
548 591
242 468
250 479
518 534
27 585
69 245
472 530
158 427
231 487
107 119
248 267
91 587
258 364
281 494
220 559
209 403
99 547
45 161
288 582
306 355
121 227
120 501
0 188
307 448
226 403
375 507
134 381
5 376
126 425
376 475
137 232
253 348
67 340
8 94
16 387
54 547
71 432
104 416
269 436
317 352
387 451
216 525
412 449
123 494
395 406
22 327
184 371
289 305
28 124
159 172
19 266
220 419
104 168
386 412
309 324
12 296
80 297
255 564
155 386
157 241
544 599
112 246
52 368
82 575
220 542
488 567
181 566
52 265
99 475
47 241
149 469
42 237
283 552
185 443
238 470
249 299
32 361
171 196
17 140
22 244
360 403
58 264
128 411
439 552
189 341
205 503
136 321
4 253
406 565
94 404
342 431
159 594
180 239
163 176
156 416
271 450
141 474
98 367
220 369
138 217
14 171
316 533
127 598
37 95
402 578
121 591
325 556
145 294
73 142
275 323
35 357
3 184
231 440
317 522
50 261
95 193
55 389
119 416
25 359
32 563
11 577
222 384
127 415
236 345
44 233
465 511
229 244
182 375
250 315
255 412
327 554
240 291
123 217
55 369
90 353
63 469
12 583
268 506
61 310
92 564
223 466
292 473
318 433
153 323
68 175
337 558
206 472
72 113
120 489
4 408
313 341
96 401
79 520
55 480
149 576
202 595
375 390
307 549
79 558
202 352
187 542
306 326
366 541
391 455
52 523
180 579
111 288
53 142
26 62
222 282
316 439
398 552
250 423
376 484
8 351
136 275
107 186
321 414
168 416
63 495
244 596
108 537
234 362
120 145
283 510
168 186
74 128
189 289
103 259
34 199
66 282
179 486
150 193
35 347
67 409
87 116
454 594
395 590
9 451
110 148
415 598
70 138
194 234
154 571
412 553
8 404
53 303
22 273
32 164
502 555
110 413
282 461
36 466
127 453
334 379
9 452
61 502
59 274
164 519
337 455
61 538
14 396
427 482
318 499
233 421
118 573
270 465
220 389
375 383
107 528
215 545
449 564
543 549
134 425
412 564
0 132
21 44
245 560
209 256
136 473
185 598
143 218
54 99
212 384
215 391
129 580
126 497
33 266
201 429
23 467
34 538
9 28
244 525
238 327
117 313
62 496
174 578
96 485
323 355
161 172
47 477
204 413
86 286
71 104
454 515
30 141
78 532
195 584
150 516
126 233
77 521
174 291
285 298
24 502
2 572
81 313
394 491
101 164
211 302
93 296
77 490
147 353
282 347
314 572
319 490
89 401
188 303
203 450
260 309
340 467
477 557
25 322
294 594
344 550
15 141
235 395
98 451
433 439
152 518
486 585
277 405
304 444
169 355
44 378
183 490
386 389
304 349
16 451
90 196
50 249
398 477
163 556
243 498
415 421
316 433
189 245
278 597
145 333
25 274
426 488
296 300
285 295
122 272
198 597
249 261
130 581
70 123
381 425
38 339
115 465
27 486
41 74
73 172
322 334
345 400
23 575
360 571
120 294
195 256
0 381
131 556
8 326
137 568
190 517
135 530
108 376
469 525
6 56
395 508
55 542
182 561
198 223
237 280
102 374
206 436
22 216
209 360
130 325
74 411
151 283
343 442
57 400
101 194
149 456
318 439
241 513
441 474
502 584
472 506
121 186
205 578
157 274
245 341
400 496
364 528
50 357
260 321
312 400
384 461
288 300
48 583
58 307
259 335
18 96
291 417
12 111
268 280
64 532
332 569
200 579
229 273
439 533
261 317
58 271
326 437
94 133
111 413
51 457
79 526
363 541
40 324
134 441
128 275
154 589
69 279
94 417
99 342
387 452
81 83
45 208
35 250
83 112
36 219
162 239
93 106
233 378
317 486
72 219
500 591
379 398
212 434
438 530
290 391
193 574
308 456
220 477
150 558
269 550
347 463
0 425
29 575
343 524
229 365
22 596
123 156
56 194
248 437
57 72
313 410
40 309
85 224
112 231
379 447
397 432
88 440
308 576
216 418
169 281
219 528
112 440
127 336
151 155
280 506
68 588
27 503
214 352
168 492
263 572
2 504
256 514
161 257
64 567
93 451
240 532
37 262
20 96
49 582
63 448
429 550
12 367
440 487
206 237
29 69
17 350
171 183
119 505
214 595
263 504
166 391
62 290
287 544
180 260
439 499
24 589
123 397
163 407
107 258
259 509
169 175
439 447
6 575
13 593
120 594
364 541
331 373
89 537
63 307
175 355
153 437
92 165
203 211
116 283
87 523
507 561
181 264
7 214
364 539
21 115
149 308
516 530
301 460
250 463
334 456
211 573
342 376
104 492
33 455
466 597
169 505
13 336
218 405
40 586
507 106 243 136 342 433 79 2 216 286 406 118 59 435 88 101 179 553 292 49 562 10 103 332 95 590 404 153 440 358 198 574 521 384 513 533 259 552 0 188 49 381 516 228 247 251 273 147 364 508 176 197 579 537 216 357 370 209 302 207 490 132 564 297 21 121 406 253 243 287 430 349 164 145 423 450 162 587 498 38 183 436 230 556 19 93 256 13 218 464 446 267 466 22 303 478 63 464 340 34 190 298 169 218 275 278 435 295 230 228 469 404 553 16 557 574 471 68 196 411 512 280 81 284 361 383 193 568 355 294 534 171 2 44 269 493 556 299 310 504 349 171 519 518 213 583 285 317 499 305 548 559 170 143 288 89 531 161 379 493 92 37 195 59 275 144 222 590 307 102 336 69 468 490 32 22 47 6 210 495 367 348 152 485 343 120 409 84 380 542 115 231 264 106 4 5 382 514 388 392 383 129 597 493 301 133 209 330 458 368 102 274 109 447 131 33 354 388 140 322 235 181 334 57 421 289 431 29 396 375 270 244 521 264 180 48 338 568 346 237 34 110 10 321 158 376 566 167 303 447 101 58 111 235 87 266 107 575 177 109 300 70 226 211 275 389 70 234 499 173 187 78 471 521 319 483 307 22 278 146 590 190 219 236 320 305 498 101 365 47 184 54 460 388 155 354 198 491 30 159 553 18 458 350 377 247 437 157 176 141 332 359 70 161 386 579 450 296 571 401 104 211 372 308 90 74 460 56 479 147 129 176 568 7 85 157 114 550 582 375 145 18 285 546 312 437 513 173 559 48 154 590 82 382 35 385 406 599 389 403 50 472 137 335 441 32 157 583 248 73 475 528 459 585 407 320 247 332 51 132 358 300 89 275 222 361 95 599 73 87 23 577 147 577 269 287 254 459 374 196 63 321 171 174 168 525 253 266 392 292 389 225 230 19 441 72 466 240 377 238 115 563 31 584 592 433 429 384 78 296 81 283 252 11 176 364 329 36 533 375 473 179 441 0 347 484 299 6 95 494 557 149 173 29 304 54 533 572 118 98 579 355 405 479 155 221 10 481 47 205 311 593 446 579 38 61 346 586 235 379 211 409 163 368 525 567 495 51 127 99 460 585 452 384 201 475 552 338 528 71 449 298 10 55 568 550 279 126 585 355 301 203 560 486 366 443 242 313 571 519 13 544 199 200 94 334 191 270 445 37 34 62 111 518 338 457 424 447 525 535 434 166 54 289 236 439 503 151 300 413 136 184 78 379 571 295 493 241 477 554 594 161 285 375 14 113 448 594 318 229 550 120 109 253 168 587 448 191 390 482 184 546 448 438 408 250 565 393 396 183 504 273 456 454 599 25 258 367 506 241
291 889
677 505
259 235
846 705
179 203
841 935
679 706
855 651
768 338
409 114
275 548
147 619
242 18
549 786
969 263
265 981
387 16
72 299
801 901
338 458
870 873
549 873
41 864
680 647
540 980
237 645
360 319
907 578
426 154
625 720
336 940
496 878
785 736
286 400
380 994
961 805
553 226
507 297
197 149
381 419
531 354
666 217
449 529
430 33
517 854
244 758
688 464
167 542
180 51
224 130
982 718
219 403
33 464
375 760
719 879
157 449
722 734
421 230
214 887
270 620
422 494
469 954
338 279
133 785
794 493
855 136
949 873
672 598
814 228
569 732
782 117
738 39
471 244
343 744
675 254
783 622
342 239
944 394
769 576
407 297
278 494
514 590
719 700
523 542
188 354
623 647
851 832
2 542
562 474
887 979
866 314
32 22
184 301
307 40
819 353
450 297
824 857
172 727
323 11
718 948
217 434
689 810
998 982
38 263
714 96
12 133
269 47
614 174
854 978
423 664
111 99
208 82
559 536
508 177
329 794
556 828
46 557
494 554
78 998
669 147
394 602
634 58
44 383
745 145
436 202
180 884
407 875
474 751
695 281
898 759
959 85
872 30
269 861
805 394
388 915
439 414
655 321
654 855
820 98
954 34
42 308
261 920
373 725
438 79
15 620
440 623
464 912
873 356
133 67
118 732
372 389
76 555
899 461
703 370
633 974
62 476
704 164
239 583
859 166
346 693
169 85
260 722
513 385
833 15
742 778
217 242
275 337
787 55
679 110
748 237
339 381
945 298
315 674
308 830
835 555
782 233
832 52
819 196
794 437
990 589
593 432
263 825
76 218
932 331
830 677
433 745
638 102
206 463
341 848
559 628
883 238
1 326
200 640
428 335
696 757
572 925
911 299
572 95
587 320
433 980
649 466
393 462
921 648
180 963
166 152
835 612
465 480
878 492
235 787
601 944
297 525
139 915
883 947
994 292
891 666
304 245
82 875
809 143
486 39
533 258
109 509
463 184
981 903
596 249
639 609
571 958
607 889
586 44
73 10
5 775
669 185
600 527
615 860
446 858
649 764
57 106
308 183
486 509
30 918
537 425
816 530
204 553
532 717
620 225
33 786
575 665
599 582
510 691
662 429
952 716
915 842
307 728
7 168
147 270
999 208
127 407
576 889
283 750
554 131
23 220
608 382
978 686
483 323
228 299
225 844
40 430
275 455
726 405
537 515
402 521
631 833
227 936
6 424
10 819
295 593
660 287
853 219
537 27
553 290
585 697
517 486
750 180
989 870
40 594
318 105
1000 384
826 793
984 63
271 96
554 580
328 315
831 481
600 285
957 955
373 655
984 434
294 74
240 498
992 326
924 741
347 124
745 645
175 931
385 839
914 491
526 636
724 338
170 824
141 698
562 352
512 927
951 765
387 263
494 629
224 368
918 795
4 731
961 646
68 742
934 436
617 142
641 363
223 675
710 310
552 384
919 76
749 365
51 893
109 957
951 517
664 22
225 612
415 704
460 677
182 666
54 197
493 812
364 358
794 654
257 166
724 601
537 666
743 977
999 500
339 539
341 156
189 794
992 837
117 255
957 460
59 347
810 290
939 681
856 279
876 91
765 272
382 790
989 772
167 418
259 678
658 946
755 746
602 780
481 95
538 158
69 772
536 83
286 12
34 525
140 480
881 700
818 730
214 40
187 587
932 976
104 187
807 946
244 200
461 816
125 654
792 785
346 910
904 13
93 133
935 902
11 966
84 418
409 67
324 570
99 447
142 183
300 291
513 63
1 589
756 864
81 69
973 231
744 102
91 624
384 167
365 194
864 905
855 515
656 895
775 398
463 2
63 45
772 11
208 181
697 553
455 586
730 273
91 349
168 115
623 336
446 781
712 132
826 430
109 916
121 540
332 428
417 840
155 1
859 798
291 930
369 883
756 463
907 182
49 151
354 498
139 220
696 981
753 72
36 740
905 924
598 4
443 455
682 405
477 392
37 693
611 480
352 966
995 466
405 762
906 540
106 383
611 679
81 659
198 762
132 314
228 969
357 64
465 124
497 726
318 632
330 350
172 697
250 407
855 410
932 600
755 603
997 942
968 152
956 836
46 998
599 813
588 220
709 663
535 757
100 782
41 967
216 729
500 420
629 302
312 965
781 924
689 869
113 581
886 121
907 889
152 378
387 951
972 194
964 0
774 977
788 867
963 574
638 498
717 480
364 594
909 393
790 818
688 55
416 6
788 194
113 844
368 224
437 897
634 262
67 712
700 15
418 564
508 987
872 582
237 266
709 215
511 450
109 220
17 84
16 285
77 587
574 768
164 993
182 508
585 847
334 600
403 391
935 205
867 453
752 818
475 274
960 363
997 632
22 492
977 542
90 811
368 289
779 306
566 190
316 213
472 432
999 252
784 543
11 654
887 427
246 528
901 328
827 993
423 950
507 208
129 137
501 125
145 514
144 875
965 122
285 213
764 676
696 907
564 7
114 881
385 560
916 131
61 632
105 297
9 889
468 1000
883 59
154 578
389 338
79 513
596 633
72 259
607 750
795 693
154 335
122 9
279 790
753 517
631 793
382 687
182 236
662 999
265 301
127 985
451 364
640 692
110 681
177 616
875 549
633 439
856 736
996 22
273 132
189 1
540 938
942 552
494 354
2 33
825 264
576 999
98 43
623 24
654 541
523 819
343 654
885 636
54 815
564 255
454 722
999 117
