600 903 600 1099 21
0 215
144 581
481 497
196 562
53 176
70 198
87 190
484 554
457 470
200 599
157 429
183 549
292 502
85 86
103 474
79 212
97 120
264 384
143 530
78 433
109 142
313 405
85 214
248 569
163 527
210 476
23 533
116 219
377 390
335 560
300 548
194 488
186 301
295 369
1 252
3 494
317 518
83 146
61 284
188 385
50 170
86 150
434 591
468 505
513 583
352 373
102 348
171 330
240 571
253 436
94 295
106 422
126 435
74 283
349 572
324 463
498 590
180 355
150 413
191 357
145 231
121 332
380 529
231 474
100 386
172 343
6 55
88 578
322 473
48 449
136 584
48 452
173 215
56 304
156 255
89 573
121 267
156 333
168 390
280 458
153 355
165 229
22 363
131 503
116 241
221 541
95 244
468 477
455 583
283 364
191 434
26 275
171 582
300 478
358 384
235 456
269 519
125 431
2 82
410 569
164 535
59 167
342 355
87 251
406 416
85 174
506 565
133 400
9 325
430 525
460 595
216 567
136 418
289 485
57 208
5 361
292 522
29 243
20 405
97 432
160 260
57 113
195 401
51 554
277 366
35 353
75 111
237 588
0 61
440 549
276 501
143 371
77 399
492 497
286 577
167 528
96 372
413 535
477 505
120 270
127 536
7 239
10 109
176 453
215 501
253 355
159 214
204 426
284 462
251 515
37 214
10 199
306 464
241 294
95 227
362 598
406 413
515 574
22 582
59 218
268 384
73 419
17 135
143 512
423 462
419 457
269 575
327 510
332 486
217 278
202 331
123 585
119 289
29 353
164 413
319 370
376 532
117 281
179 332
77 101
47 409
195 420
147 392
32 369
87 264
49 352
86 214
86 416
335 575
110 550
149 407
109 544
244 404
108 362
170 475
247 354
80 481
330 421
321 589
32 295
49 433
393 543
137 259
174 378
34 251
41 306
136 589
387 452
184 585
242 467
28 357
108 410
73 282
101 510
212 509
236 315
140 360
342 412
266 421
250 315
3 523
60 369
22 167
398 399
64 406
19 437
256 389
173 504
181 478
512 591
120 456
438 534
345 394
182 293
217 492
44 572
81 251
41 392
38 78
177 578
227 411
148 221
211 529
356 563
491 581
457 543
236 402
31 179
96 181
413 529
477 553
142 544
129 268
53 210
220 400
48 250
21 570
424 486
54 426
105 554
186 254
314 546
99 531
218 519
213 470
175 542
222 489
39 407
22 509
455 513
240 258
466 537
176 300
19 89
123 547
222 405
228 283
224 506
116 294
10 531
136 213
474 581
286 330
59 174
340 521
280 385
54 306
43 490
473 497
4 582
189 476
72 432
346 555
431 586
45 417
141 530
91 376
2 251
162 447
80 497
473 563
56 240
398 503
412 422
110 296
494 523
13 158
60 557
37 390
137 278
12 209
367 425
60 552
108 463
232 301
111 484
18 169
18 207
391 432
206 375
463 569
338 375
47 320
202 556
181 300
37 375
430 521
409 578
465 596
165 198
119 495
266 409
68 250
67 485
198 556
290 392
366 495
309 544
419 470
192 378
40 479
420 485
246 543
352 455
213 262
264 574
454 472
113 185
213 434
130 407
226 422
42 211
398 423
38 160
34 132
27 362
290 586
489 529
341 435
96 487
334 462
47 288
340 428
135 518
435 508
226 412
69 536
119 277
46 591
24 78
27 349
111 554
194 538
31 39
215 314
373 440
269 528
88 177
367 558
245 580
5 160
492 514
388 419
185 264
86 406
379 501
102 314
6 124
136 262
264 285
155 521
126 341
426 464
205 513
3 24
32 415
134 566
150 164
255 278
410 587
24 523
299 359
170 247
446 593
112 209
197 556
295 498
234 417
146 370
352 549
125 464
267 407
34 543
40 495
339 417
81 351
297 307
72 157
36 220
42 535
165 556
238 399
69 358
131 398
282 434
451 584
424 534
526 583
18 484
114 417
68 449
399 570
383 527
107 503
4 9
201 467
21 506
371 530
37 192
233 270
426 576
323 456
212 317
228 344
152 507
185 285
455 526
124 508
32 498
458 591
381 533
193 495
22 212
149 260
106 226
401 420
249 512
359 517
87 185
280 451
198 225
254 326
29 445
56 380
110 279
144 308
166 207
223 257
263 554
186 461
170 494
286 421
538 596
358 536
70 573
397 408
287 537
90 140
8 441
15 408
369 415
240 448
26 361
427 532
539 542
104 216
101 327
160 592
292 383
453 474
91 338
35 481
51 457
344 596
157 466
55 579
262 335
263 564
232 348
129 574
154 561
36 43
132 543
307 440
445 454
109 502
351 470
424 550
210 389
560 584
367 467
433 523
373 455
582 584
103 469
106 436
427 441
16 41
254 552
21 205
290 431
357 512
187 476
90 120
287 294
38 267
129 543
180 227
117 305
279 324
135 317
196 398
299 599
338 541
39 267
141 516
32 225
127 293
178 420
460 538
47 578
15 397
54 147
398 557
8 401
68 476
81 262
56 529
92 471
336 422
414 462
21 141
182 536
31 569
75 246
358 374
196 565
6 579
94 461
356 599
96 542
167 363
281 422
334 423
158 283
0 586
117 408
40 223
5 334
246 554
4 575
298 544
243 585
66 563
115 207
437 573
298 442
26 334
332 438
239 396
517 550
68 521
203 225
133 220
417 430
108 569
551 597
91 541
288 409
106 305
60 507
362 499
93 473
310 430
51 246
42 529
76 530
102 546
122 147
15 122
94 254
253 411
271 380
140 493
26 565
247 424
172 546
135 211
56 571
11 62
305 422
395 503
116 381
277 289
229 313
21 76
66 497
29 454
213 589
73 434
501 546
144 429
178 553
279 463
346 553
115 394
301 326
251 252
495 566
76 371
160 414
70 222
209 585
140 193
146 495
257 571
288 320
171 286
215 504
174 208
65 205
25 500
114 521
303 434
311 378
151 337
128 471
382 482
244 387
277 350
308 429
353 454
230 545
243 514
341 546
66 217
188 458
29 35
95 402
140 467
132 457
369 552
91 505
21 516
198 229
61 386
512 583
278 492
253 540
331 500
62 578
146 242
215 546
221 302
200 299
131 597
49 58
49 496
194 312
72 480
429 556
288 421
135 489
59 528
3 486
309 576
202 590
17 164
123 209
337 483
186 245
440 523
457 564
563 599
63 174
156 259
248 438
433 549
331 590
149 267
365 520
67 420
419 564
48 68
30 580
162 590
401 427
460 596
180 579
204 464
355 579
178 350
347 582
16 464
448 566
519 575
23 537
7 357
434 589
107 131
115 158
265 331
383 572
274 438
39 273
15 290
206 221
206 541
146 193
408 594
39 587
126 232
75 127
239 446
198 439
524 530
23 372
95 411
82 457
442 576
443 452
197 225
425 432
222 573
9 575
0 386
331 461
364 368
342 343
284 337
295 461
66 473
193 493
547 564
182 194
13 115
90 235
361 459
365 444
230 260
0 431
261 518
112 492
37 168
82 470
258 360
45 124
191 568
73 333
156 547
283 394
255 259
303 419
74 484
290 397
19 198
254 461
64 214
151 464
335 347
420 553
111 246
98 519
64 416
45 444
187 430
161 440
62 415
201 318
264 374
439 573
184 514
52 455
365 580
475 563
126 301
1 251
344 368
175 300
405 489
196 334
212 286
325 582
157 391
139 236
195 511
22 85
76 513
141 327
272 572
174 311
125 337
277 370
140 258
189 315
190 218
120 425
145 474
15 392
106 253
68 340
184 243
87 113
84 109
48 315
58 65
497 514
336 501
37 311
102 107
59 63
161 593
145 300
149 160
199 527
128 408
27 44
217 593
466 469
85 159
138 430
44 383
493 495
391 403
246 291
33 150
138 474
19 573
237 278
57 561
307 446
1 519
315 328
4 325
262 575
449 452
2 132
165 456
105 445
316 533
392 431
215 559
501 559
141 510
329 518
453 525
63 167
197 498
71 429
6 14
104 525
187 256
33 482
210 450
46 321
8 511
66 475
10 130
43 464
294 367
279 296
420 511
239 526
100 431
345 368
64 338
50 299
10 527
24 332
354 424
234 339
141 238
383 522
107 326
95 118
110 569
131 557
119 485
61 423
50 517
247 486
172 276
17 535
420 209 496 570 348 238 316 456 290 229 166 161 567 367 527 337 339 328 344 210 77 85 296 219 133 362 3 203 344 183 559 95 596 104 481 457 355 34 409 423 53 275 487 571 533 186 510 95 473 517 351 42 594 2 46 101 342 281 215 301 177 190 561 384 91 534 82 272 487 275 317 539 378 336 388 154 113 263 154 262 521 550 9 255 6 498 255 546 512 121 170 534 161 113 279 478 386 25 301 253 121 546 187 332 505 165 155 93 51 412 83 155 125 541 203 368 335 48 109 46 229 420 363 43 232 250 362 72 349 53 321 524 533 593 313 272 480 570 351 471 249 224 485 470 339 5 318 252 308 490 449 542 174 53 292 375 17 448 115 103 403 133 334 99 380 457 447 310 158 347 144 245 372 106 64 194 557 376 503 291 586 274 515 485 410 142 364 584 162 562 158 214 195 554 446 552 424 497 550 515 391 351 347 293 334 279 274 560 45 157 436 217 21 169 402 22 12 379 352 539 470 313 553 492 594 108 137 268 327 253 32 450 167 359 152 458 88 71 181 238 336 403 495 368 276 542 112 63 323 87 362 490 399 215 311 230 116 173 24 465 362 339 72 183 504 16 153 445 265 352 225 163 48 38 500 124 211 82 2 503 349 201 43 485 170 402 538 4 509 70 91 250 264 149 231 598 245 456 306 303 206 179 225 1 13 225 41 403 467 187 505 250 392 28 37 591 163 223 207 429 419 501 536 542 518 90 271 153 307 245 357 152 198 496 185 497 326 221 129 501 233 48 346 436 396 233 491 289 311 446 430 190 383 216 289 180 306 224 166 283 524 225 431 43 433 253 290 552 168 245 319 202 481 463 541 320 188 282 572 201 344 59 523 118 568 563 342 555 521 25 41 190 463 361 299 410 101 118 24 137 449 186 502 116 124 530 288 446 279 408 381 289 250 230 560 372 483 87 307 131 162 507 522 525 144 414 322 262 577 152 19 504 124 13 33 177 344 417 262 383 208 174 353 148 536 36 267 137 50 474 500 512 20 69 477 26 202 306 98 474 512 352 67 578 50 100 201 251 11 416 245 416 594 593 581 307 211 414 62 204 587 381 52 398 54 27 558 297 312 13 398 250 55 501 120 122 585 137 307 261 260 544 55 544 449 394 544 442 490 523 550 246 399 374 58 375 26 208 32 177 225 294 329 278 556 504 281 141 483 401 56 131 239 460 495 147 350 115 468 300 98 278 375 350 587 506 105 441 256 422 359 424 585 22 18 150 582 193 294 268 454 342 60 499 487 296 456 307 54 372 225 32 290 586 385 205 121 579 357 462 312 522 324 350 176 1 225 201 359 19 64 14 287 416 238 57 421 205 485 28
158 450
872 392
782 344
349 156
770 461
280 294
148 738
534 252
923 813
803 479
115 150
494 586
722 165
823 26
144 764
49 420
104 358
765 647
775 76
602 705
651 704
437 391
791 516
508 958
335 176
371 716
307 325
85 15
549 232
700 38
253 696
230 137
450 638
800 614
817 337
665 62
101 229
923 635
275 229
191 164
812 864
32 330
760 713
90 253
101 42
215 764
621 354
499 518
78 877
379 274
427 69
767 248
432 292
257 969
5 309
149 697
739 771
972 473
395 316
927 484
375 561
185 401
474 568
847 522
894 669
401 370
533 81
874 907
163 899
984 287
581 620
416 843
516 877
706 279
865 80
843 221
469 363
386 524
299 219
677 582
649 23
786 386
770 319
762 946
51 167
848 588
849 625
875 353
527 590
556 680
634 854
934 781
5 453
538 26
369 655
28 779
442 972
510 824
880 450
119 81
181 341
453 488
228 570
420 883
290 896
778 146
40 662
276 563
196 33
47 135
321 47
835 184
611 148
921 425
207 847
857 15
585 986
54 533
3 729
808 923
590 811
282 185
26 402
734 127
216 733
140 320
235 634
872 244
2 425
846 299
171 150
305 488
793 305
130 200
787 821
721 633
691 390
592 204
301 859
13 842
660 838
459 434
105 188
542 359
375 863
343 930
740 961
1 365
973 785
175 222
818 641
118 293
324 570
121 689
989 574
192 911
689 192
473 860
887 43
888 580
235 282
465 138
418 688
96 76
805 663
522 727
748 10
836 484
964 630
763 39
404 107
701 531
133 650
148 506
918 527
405 932
280 972
563 558
861 932
258 149
96 758
410 984
939 233
399 196
640 133
945 373
306 657
227 904
576 412
91 963
899 395
572 304
999 600
711 889
900 199
925 860
298 386
488 676
517 684
93 100
447 87
612 889
428 738
514 632
46 264
446 347
957 716
786 6
949 507
651 154
195 993
752 677
707 562
728 364
870 602
203 501
252 926
507 130
903 444
668 973
148 215
1000 729
658 638
867 847
347 419
473 617
70 633
75 744
895 107
587 730
158 269
380 916
256 577
530 756
320 796
646 759
30 882
588 230
427 442
492 228
749 805
618 947
657 916
649 104
86 791
303 694
813 221
381 82
269 122
519 331
86 940
835 381
829 408
12 688
337 641
626 178
237 956
820 793
653 805
629 223
194 270
603 592
738 398
763 210
937 343
410 765
553 513
249 186
888 303
852 445
499 784
672 767
3 60
234 167
318 99
348 336
139 621
756 994
585 158
296 30
624 393
73 554
656 219
924 62
208 337
998 411
624 519
543 933
521 496
832 939
85 405
800 249
37 90
905 226
569 947
410 639
346 39
468 206
22 190
452 49
370 955
272 644
1000 699
696 308
786 758
16 608
64 327
456 177
367 787
31 222
250 888
934 588
889 160
671 719
203 552
31 940
494 991
704 588
585 878
662 944
475 519
646 348
563 19
557 777
249 16
779 491
303 611
488 460
13 973
650 578
673 520
394 708
292 160
718 216
267 346
737 449
112 598
166 301
929 752
257 788
149 867
163 666
64 667
88 671
940 99
981 58
874 991
710 440
206 633
51 6
845 998
756 360
413 254
674 21
358 73
96 704
500 38
546 274
958 284
488 11
640 824
321 250
130 6
846 553
951 67
312 745
769 921
579 925
995 104
398 582
722 990
517 365
456 952
439 238
956 311
914 711
901 762
971 689
974 551
90 524
704 753
561 994
797 545
52 71
926 309
603 403
149 418
101 823
726 250
210 974
954 665
484 817
76 383
857 277
953 31
248 501
531 198
68 440
297 433
379 445
132 167
884 819
36 839
488 751
131 806
663 684
849 704
192 203
41 465
528 526
194 104
44 735
91 643
821 705
251 328
450 605
864 661
228 827
658 424
728 289
933 888
597 500
65 599
259 430
334 74
548 839
14 281
839 743
184 819
443 811
232 860
120 386
512 850
344 208
647 313
222 684
69 691
582 678
298 114
568 649
421 147
887 784
6 209
128 836
283 759
731 92
487 192
429 660
733 828
136 890
101 992
629 459
113 858
314 901
717 14
464 296
590 787
775 273
577 381
323 226
901 134
352 673
237 367
272 23
74 284
958 139
498 893
668 888
978 940
463 890
727 324
1 492
720 65
529 53
336 855
488 113
159 937
958 926
365 983
833 875
525 899
632 62
780 576
163 325
831 139
845 913
342 121
458 994
869 190
707 723
63 228
349 806
592 111
733 879
376 143
785 896
352 296
566 75
452 664
169 79
366 745
121 549
22 126
269 489
118 487
986 849
344 366
356 577
251 731
753 550
429 479
946 843
538 317
476 333
622 106
844 359
467 402
417 16
671 616
854 420
337 735
182 885
35 53
364 189
568 444
277 874
508 274
68 95
856 471
738 746
500 434
167 104
877 750
536 964
269 94
783 683
927 261
518 927
914 165
479 920
17 649
969 751
440 935
824 272
69 197
131 242
199 594
738 191
313 979
389 224
369 40
342 555
367 606
934 921
796 196
964 967
491 728
360 496
585 837
113 514
712 410
986 497
296 353
493 65
747 234
321 369
767 854
270 946
650 255
246 96
362 401
782 788
17 20
594 652
850 332
819 445
0 246
599 567
509 568
126 724
274 668
327 829
745 481
495 318
677 459
680 115
92 435
192 127
572 253
678 364
441 698
561 337
264 263
494 154
59 491
858 146
940 124
307 536
168 43
475 50
