600 1490 600 748 4
208 570
170 560
91 140
81 96
239 249
187 562
209 552
23 206
29 580
7 194
566 578
79 282
398 461
344 362
66 503
227 421
312 402
37 477
425 523
24 423
474 531
10 412
22 534
293 297
232 286
236 365
116 215
70 259
356 599
298 362
171 485
178 390
20 111
29 550
288 467
165 434
1 270
25 579
8 559
208 311
252 478
27 582
76 563
377 531
3 121
202 356
116 399
147 212
363 517
55 165
290 449
277 587
358 567
102 316
386 444
309 448
318 522
83 527
438 578
104 252
230 381
554 564
251 578
103 439
479 554
291 321
381 432
232 542
187 321
144 535
254 289
331 490
275 375
361 586
134 485
115 502
205 296
475 555
4 572
246 330
55 281
420 590
265 529
307 370
46 283
3 334
324 473
344 498
280 590
143 333
134 540
395 582
120 352
8 376
126 429
73 448
14 223
169 382
274 526
207 227
381 493
6 544
206 447
520 542
465 514
88 534
14 253
122 126
393 435
315 506
34 288
497 500
190 385
141 454
154 535
18 574
121 334
61 429
2 327
34 381
495 554
223 340
26 399
427 460
52 248
264 378
130 590
126 347
32 350
420 580
107 556
77 211
134 228
39 436
101 229
379 539
532 553
125 225
257 528
123 406
134 503
169 359
93 458
486 582
401 508
20 216
426 527
328 487
31 476
213 491
15 203
178 535
46 479
456 522
186 459
19 489
94 136
270 315
191 404
426 577
439 440
265 503
123 473
484 534
189 560
375 576
157 394
159 392
115 233
387 457
272 284
316 583
124 210
41 543
242 529
132 154
32 162
21 259
48 377
537 558
85 526
172 573
180 586
84 374
30 285
124 414
205 541
310 346
22 397
278 487
175 215
142 396
351 464
87 276
190 250
40 371
123 354
405 438
162 463
317 516
318 456
24 519
242 503
160 273
33 537
415 532
141 348
113 119
25 124
316 446
318 429
355 525
192 578
236 529
468 486
335 355
372 587
272 523
140 502
158 514
277 509
223 239
71 407
128 544
425 477
114 240
363 445
142 533
83 357
89 186
79 86
155 428
241 528
96 341
183 227
321 458
84 577
335 436
157 520
506 581
132 137
457 504
72 447
323 548
122 429
491 500
122 137
235 331
228 485
56 269
42 567
219 509
117 189
90 303
246 424
185 410
202 599
343 448
200 427
13 15
8 555
313 452
47 200
279 538
197 430
223 293
476 491
499 561
109 128
48 271
162 350
15 526
136 292
165 528
284 350
241 277
47 427
30 467
340 518
462 560
184 438
546 564
423 519
96 431
150 572
468 541
159 520
407 499
32 395
276 307
31 112
138 561
11 434
226 489
365 498
53 148
269 335
98 592
480 487
132 411
173 502
179 517
363 495
337 404
109 133
18 124
37 569
17 42
123 324
25 504
303 426
112 491
274 471
106 243
218 231
243 251
147 501
29 397
375 530
290 556
181 482
113 524
161 570
194 220
243 490
9 102
224 435
74 250
106 233
321 445
219 323
412 513
151 416
526 572
348 454
23 460
282 305
116 308
255 589
164 169
337 596
135 474
548 566
7 564
474 595
223 253
509 550
343 544
310 590
179 512
63 114
40 239
17 239
97 492
80 470
453 464
264 326
396 588
435 584
70 246
8 431
286 585
267 386
193 307
24 324
175 399
86 404
354 583
333 594
363 380
487 572
196 594
117 245
113 162
338 437
193 332
466 545
302 532
413 427
383 551
260 592
272 395
303 454
281 484
496 503
1 39
165 281
296 488
238 342
266 573
91 288
127 474
376 382
34 464
202 539
230 352
295 437
30 105
210 414
187 546
52 528
80 550
169 376
160 292
80 219
73 588
17 485
81 428
432 561
34 493
109 400
16 514
52 372
52 545
36 196
302 335
410 477
190 254
173 280
2 119
78 446
5 299
184 466
35 470
251 490
60 515
496 514
111 216
68 402
175 229
90 141
325 459
112 514
110 422
282 597
130 556
76 105
98 480
124 400
388 491
220 417
29 322
243 562
236 295
35 511
4 85
572 593
157 286
81 560
73 507
263 386
101 593
418 449
131 263
82 233
194 340
3 394
151 313
55 552
31 185
258 431
455 466
13 557
534 547
18 504
441 445
247 481
420 511
10 201
263 577
270 506
127 531
284 478
100 338
423 454
457 557
170 326
311 570
312 421
45 398
9 418
98 471
0 341
194 564
507 551
67 483
216 514
50 498
12 360
146 499
112 216
330 584
149 593
224 475
324 348
43 105
54 230
195 376
201 507
404 596
69 70
453 516
83 577
323 543
26 116
51 189
28 283
55 484
276 357
4 526
144 411
56 79
53 62
265 465
10 256
182 472
4 188
375 451
113 442
162 472
72 193
349 564
68 147
79 494
167 517
108 434
389 393
221 368
59 567
183 421
268 466
59 205
275 379
200 501
244 370
43 458
39 186
22 484
446 583
115 140
77 584
451 530
128 525
229 593
273 575
139 184
100 498
16 37
303 423
188 581
176 257
129 479
378 411
81 341
26 308
445 512
411 545
434 528
375 539
104 197
287 297
158 265
65 96
110 542
177 499
123 449
314 560
88 310
339 394
43 93
2 472
204 299
137 434
119 369
13 203
304 348
126 375
2 369
54 573
64 89
60 204
88 322
235 349
22 550
249 367
157 565
19 37
143 181
194 223
173 511
539 599
251 323
238 304
219 548
167 380
69 211
467 493
241 598
303 386
67 152
214 558
28 190
87 413
374 510
219 550
450 468
20 482
201 227
21 58
142 147
236 503
103 379
55 209
284 523
185 213
248 587
84 370
195 584
237 534
394 585
143 497
199 582
0 492
280 420
313 536
77 463
4 593
292 549
245 508
160 422
179 345
171 358
92 536
90 386
283 295
225 578
381 561
51 117
364 481
56 596
7 129
444 589
21 524
208 383
73 312
300 501
355 400
2 113
280 299
168 443
15 85
294 352
315 414
8 261
264 558
102 446
214 301
16 31
120 311
293 518
546 554
298 308
441 495
411 535
330 424
153 498
312 396
484 547
65 97
214 456
495 546
87 307
15 274
168 206
94 353
237 547
12 544
78 310
226 358
305 597
236 242
2 182
151 297
186 325
328 480
74 385
361 456
320 528
138 342
155 384
461 468
135 387
113 211
6 133
542 571
213 336
35 502
260 409
386 426
162 478
311 352
77 442
143 482
93 233
138 177
342 464
375 379
357 527
214 318
196 333
134 371
268 401
106 543
361 522
110 160
323 566
240 446
331 349
504 579
160 542
215 229
111 158
118 288
23 152
387 591
12 387
128 161
418 556
267 577
461 567
442 463
24 348
376 393
75 483
39 315
358 489
271 533
27 45
562 564
10 403
282 570
90 454
149 538
505 570
127 387
313 405
321 441
366 500
360 544
11 552
269 596
188 414
49 134
322 534
279 572
94 481
309 505
208 505
29 420
229 392
32 284
280 515
137 176
425 433
11 174
280 511
132 176
45 226
452 508
75 407
331 562
343 360
333 482
120 403
10 513
19 358
43 321
183 402
329 560
11 202
220 419
218 392
128 309
587 598
53 185
110 159
222 361
257 545
13 457
36 594
207 412
401 405
458 562
103 174
410 425
40 49
164 468
263 267
124 574
206 521
59 461
199 376
235 469
255 407
131 374
11 137
244 357
123 519
52 257
133 400
429 522
501 533
177 304
278 471
398 567
424 475
153 325
236 338
103 440
65 431
138 304
164 382
409 481
373 578
53 336
9 221
100 553
431 559
245 401
197 336
413 521
218 565
150 526
272 433
129 194
285 493
232 571
182 430
163 443
42 249
574 591
212 501
317 348
295 417
337 380
120 256
59 367
161 309
72 206
488 536
162 442
54 285
206 460
151 469
283 289
337 385
518 564
401 455
149 279
382 582
372 598
89 459
178 214
350 478
172 266
149 422
108 165
406 583
60 290
16 569
247 260
346 534
225 373
125 373
360 396
122 154
41 106
22 320
416 469
42 367
342 561
461 541
262 344
171 228
72 319
71 513
23 183
407 513
332 510
44 413
152 183
256 311
408 593
5 453
570 597
145 255
248 466
128 448
384 428
332 374
277 598
209 484
177 255
166 326
400 525
324 519
190 380
212 300
347 451
92 313
118 299
224 555
347 586
76 115
502 511
174 547
167 363
58 70
77 330
14 536
120 294
6 12
255 443
139 401
213 388
216 366
472 478
284 410
180 361
156 387
217 540
245 560
92 293
161 282
358 398
57 424
170 314
50 365
83 84
101 110
96 428
317 473
71 499
352 573
161 525
198 359
255 499
175 581
81 189
292 538
111 333
241 320
51 81
19 66
50 344
279 328
170 268
259 524
269 415
104 472
20 366
320 550
57 435
36 158
158 594
88 590
39 302
44 307
311 573
82 115
131 589
180 522
49 417
354 449
449 473
422 538
61 178
166 537
138 499
27 486
14 293
102 221
203 557
34 351
192 251
109 525
62 252
193 370
289 479
69 524
64 270
37 433
207 483
241 509
95 214
12 271
206 443
164 198
155 462
291 546
162 327
339 565
198 541
157 339
98 278
156 531
38 98
162 199
85 188
173 288
254 554
179 391
107 368
294 381
13 25
496 569
145 443
172 305
71 432
288 502
217 417
163 510
152 168
335 494
310 368
101 422
35 580
354 418
290 473
35 420
466 587
129 554
146 561
222 586
102 354
250 385
53 213
238 317
236 344
122 132
84 193
233 543
169 431
75 207
195 199
150 278
63 240
388 497
97 568
285 391
167 191
437 553
266 391
185 476
155 329
60 556
141 444
97 536
174 209
99 447
158 529
69 330
57 224
93 105
8 389
212 402
51 341
542 575
262 308
176 528
174 356
125 587
3 143
192 490
328 572
319 332
406 423
135 595
45 486
287 293
16 477
103 114
293 340
179 285
204 290
59 296
254 479
451 576
68 212
93 243
17 249
125 548
36 344
490 562
124 133
247 353
1 315
159 565
376 389
229 408
1 186
546 562
447 521
571 575
76 140
170 245
46 194
74 269
391 517
387 504
127 135
33 166
107 590
105 563
245 268
121 394
94 549
343 588
258 559
214 390
47 212
71 146
53 197
10 383
32 199
121 298
279 549
317 324
117 508
353 549
68 312
147 533
366 497
48 533
338 365
465 503
16 496
63 440
368 556
253 488
390 411
77 199
210 315
231 308
235 578
6 109
338 553
320 509
25 414
107 130
340 564
65 359
229 306
13 85
66 569
172 191
111 594
21 369
9 368
406 519
411 466
103 356
14 92
99 521
203 471
297 564
116 229
0 97
62 197
88 346
237 346
222 576
92 287
148 410
195 435
210 400
278 480
107 310
191 305
185 477
46 220
294 403
155 560
136 481
345 512
153 532
309 570
40 223
349 562
45 395
38 592
119 524
5 204
101 392
90 444
435 555
63 237
378 466
190 289
164 359
94 247
167 337
292 422
313 492
190 337
286 520
125 566
248 372
112 500
72 99
283 437
130 515
173 299
242 265
288 493
163 589
46 289
127 156
136 364
199 395
492 536
5 317
199 382
448 551
38 353
18 579
187 458
156 377
54 391
31 514
403 513
261 428
194 419
67 443
73 551
175 306
429 535
385 596
67 407
146 432
153 399
267 426
288 351
230 573
192 331
66 228
228 358
269 302
58 259
378 390
142 271
348 423
61 318
317 453
44 99
423 583
151 349
126 137
82 470
180 347
172 311
28 250
271 360
414 581
448 588
383 507
62 148
263 374
136 549
433 523
464 561
373 438
89 270
254 495
262 498
203 274
528 598
344 365
66 134
491 497
70 424
101 159
97 488
253 367
96 258
6 591
191 391
153 459
505 551
142 312
152 206
98 260
494 525
95 378
231 394
99 413
30 345
256 383
405 508
79 335
258 428
25 188
69 246
76 233
302 325
217 295
135 457
75 513
319 443
12 591
181 366
28 553
5 118
80 580
198 568
20 333
64 459
223 249
136 273
39 335
137 202
268 378
172 570
132 257
75 412
165 320
414 506
86 191
67 168
474 557
277 548
49 419
11 108
39 325
369 524
234 430
78 221
48 501
204 317
450 461
226 433
226 272
100 365
379 599
44 87
4 306
220 283
322 397
99 193
43 345
355 494
295 338
108 552
45 272
187 291
405 452
252 284
152 483
126 451
65 568
290 418
125 277
209 547
0 96
319 510
232 585
28 74
530 576
268 326
290 317
347 429
52 598
47 183
460 521
118 351
325 532
82 543
34 561
110 520
144 178
315 436
45 450
38 480
538 549
177 444
285 467
82 502
33 329
183 460
60 130
199 463
237 310
49 217
112 476
174 440
301 558
452 492
121 231
164 582
440 547
405 416
163 319
178 411
62 410
335 400
65 198
164 541
47 300
227 483
260 481
171 567
264 537
450 486
7 554
238 516
341 492
19 433
184 587
154 429
6 124
61 535
13 504
356 379
231 298
74 553
326 378
227 312
363 441
63 439
131 510
83 244
105 345
281 320
456 558
321 345
467 563
468 582
371 485
79 305
223 367
21 234
262 362
328 353
77 195
40 194
84 263
101 149
392 565
328 549
306 408
148 185
359 431
397 550
160 575
254 380
91 502
41 251
557 595
402 421
6 574
83 370
57 475
29 80
308 362
353 480
26 262
364 575
28 289
151 235
131 386
132 535
269 385
174 202
451 586
61 214
41 243
140 467
301 456
47 402
158 465
141 177
49 371
512 517
100 153
257 411
189 245
57 584
184 401
26 498
341 452
117 350 440 515 473 148 167 535 467 129 246 518 424 535 497 222 511 411 290 90 124 291 48 521 512 257 515 108 478 95 381 122 23 160 134 359 569 182 524 350 532 589 210 141 460 3 428 507 166 202 3 488 512 208 204 62 527 74 43 304 132 299 564 69 350 401 416 22 337 346 194 478 272 77 144 490 85 177 252 188 514 430 64 208 38 520 123 134 7 170 495 360 157 180 147 175 538 487 93 37 372 549 352 537 586 404 426 230 269 423 351 300 344 122 504 79 179 133 271 385 214 167 380 440 224 223 82 237 545 254 48 419 203 165 93 488 592 128 566 359 464 284 556 253 23 193 283 124 56 446 455 197 222 412 345 549 285 74 570 483 237 441 329 353 42 243 56 191 274 394 592 74 33 21 183 190 57 118 450 590 98 158 278 423 214 282 386 375 259 564 338 305 268 512 43 507 182 439 94 574 8 143 468 313 338 154 276 4 277 140 566 244 321 245 141 364 303 216 557 422 490 167 255 38 177 395 500 291 178 104 27 563 192 326 243 534 96 539 242 320 445 0 3 403 401 470 205 542 200 598 524 466 325 429 375 566 101 222 309 46 399 542 284 117 586 480 110 377 8 163 515 93 32 404 469 477 274 419 117 359 417 167 444 329 284 9 508 181 284 544 206 188 423 396 111 573 42 319 186 161 548 270 297 318 260 436 265 20 482 411 220 127 575 50 548 227 481 113 0 317 596 60 348 146 360 261 577 213 413 160 429 529 325 354 388 189 6 151 277 371 449 272 362 181 410 419 573 41 233 10 497 409 560 360 70 518 287 79 401 88 70 391 404 387 37 535 447 258 476 232 119 437 461 127 133 42 142 316 141 115 281 475 253 28 341 147 413 76 344 522 178 392 173 486 355 299 346 318 80 363 323 52 433 411 301 115 438 282 522 399 535 474 234 38 355 31 250 348 572 43 475 255 189 477 428 13 583 405 182 207 175 267 445 208 241 237 134 182 103 38 67 360 475 571 74 143 257 506 151 470 550 160 317 43 85 509 100 348 50 363 511 599 232 255 202 558 279 532 14 567 109 37 426 144 387 490 379 329 11 332 90 537 148 63 85 332 48 512 221 387 59 286 473 231 422 494 476 169 480 223 124 195 67 533 247 213 44 376 178 356 499 442 476 544 572 300 369 305 47 403 387 67 74 81 179 457 21 238 249 235 52 551 95 317 165 279 403 482 4 143 322 553 599 426 336 447 350 362 33 302 558 536 235 155 291 455 446 511 265 194 499 513 353 262 120 407 490 284 343 488 106 476 528 316 193 464 321 396 385 561 158 137 587 462 577 543 538 524 522 52 26 460 496 557 359 242 129 196 395 288
561 834
665 273
940 859
993 335
815 118
206 422
565 126
555 585
657 964
59 514
355 234
112 797
535 79
721 62
576 736
755 65
868 618
689 651
645 104
782 655
910 485
983 930
190 678
253 74
51 335
701 125
796 345
795 787
609 473
213 625
395 456
900 579
847 818
419 991
260 361
252 561
798 454
837 656
928 51
618 294
635 609
327 617
677 697
416 520
120 28
786 754
602 531
312 54
476 8
693 563
754 413
497 856
247 797
937 650
362 386
127 715
538 344
790 961
958 999
673 732
140 493
205 925
955 728
59 684
744 324
608 840
775 607
246 170
379 64
895 968
922 1000
283 259
152 84
411 151
632 405
281 174
342 511
805 899
25 565
528 313
267 602
504 888
292 544
45 127
93 114
739 104
496 350
79 20
144 598
702 293
79 263
307 452
535 739
381 552
943 109
283 970
578 883
573 786
902 25
134 53
692 418
865 213
40 478
19 735
965 755
371 509
343 570
106 552
127 746
543 162
913 221
880 482
921 558
879 884
8 643
295 515
801 292
455 850
252 437
920 901
351 273
907 394
140 859
63 398
627 143
328 732
103 877
601 23
502 160
574 550
152 527
120 193
188 838
571 170
740 578
635 41
963 136
140 821
211 303
351 833
335 479
105 285
435 58
999 442
234 890
225 199
269 289
401 36
929 692
872 173
819 57
489 718
250 125
721 365
169 882
535 977
545 23
906 302
833 496
879 258
950 200
493 246
873 836
166 180
704 815
176 737
391 966
509 413
221 144
672 874
397 929
727 669
430 316
228 485
57 737
744 243
180 809
162 251
235 920
428 425
105 943
977 477
988 834
301 85
372 803
900 617
660 302
441 572
725 148
473 880
572 447
469 367
396 677
107 71
588 603
750 903
837 437
988 708
642 812
771 858
306 15
350 182
87 835
723 22
165 445
654 764
207 85
321 145
411 248
93 721
644 203
858 904
351 54
956 615
244 954
785 242
899 517
707 524
843 303
263 647
636 551
34 532
42 983
588 702
763 978
370 738
787 726
358 147
752 630
823 225
358 353
877 366
981 279
344 541
998 887
461 687
753 471
73 644
165 313
639 643
26 597
245 724
780 530
385 598
34 75
419 887
855 962
949 79
293 824
646 671
602 439
346 652
927 755
604 732
547 491
207 235
383 259
223 816
610 911
963 967
962 2
617 979
805 373
88 175
344 963
810 513
431 362
61 193
389 901
601 377
715 257
467 40
829 740
972 175
773 39
21 861
40 38
283 725
846 30
864 143
184 533
163 710
500 296
632 496
877 739
378 428
940 299
515 707
296 414
584 487
121 469
476 552
942 159
559 693
321 295
696 496
624 755
515 656
856 388
200 474
344 14
230 990
609 335
11 251
168 283
480 316
775 165
81 50
832 363
471 201
66 590
394 288
397 98
503 767
434 962
665 222
10 463
156 401
176 962
165 136
211 708
447 517
171 616
300 634
86 354
686 365
344 917
911 843
868 95
457 984
814 943
434 645
130 112
897 431
961 382
571 308
986 655
542 420
721 462
888 328
582 644
508 824
200 346
484 132
784 413
423 467
107 624
85 911
102 322
485 645
882 795
253 405
365 305
917 83
58 453
559 257
20 769
13 100
756 687
638 858
508 98
117 976
815 415
495 464
990 153
729 430
947 482
632 708
76 552
956 885
62 82
679 598
275 793
345 756
111 149
16 891
703 891
509 29
300 929
18 811
530 446
304 356
717 857
383 215
531 914
578 397
70 222
598 59
996 583
689 947
264 911
403 410
840 265
724 923
916 329
826 789
466 90
182 651
747 724
773 296
568 202
398 851
347 87
316 248
528 392
397 787
20 396
241 228
803 174
989 32
897 709
261 874
313 190
164 15
705 174
631 373
469 744
672 533
73 477
617 586
215 570
373 113
912 186
10 339
831 992
852 682
34 202
213 22
579 947
166 912
999 804
644 911
292 313
823 709
174 774
745 954
616 212
658 469
440 757
15 684
37 702
481 509
826 872
196 187
114 236
448 482
2 495
179 70
459 158
84 433
741 757
49 916
470 808
193 397
24 282
356 862
202 995
673 49
415 588
684 319
235 49
700 747
502 930
800 858
235 375
842 525
304 856
351 443
710 787
446 725
279 571
799 8
954 825
106 401
620 1
792 1000
940 585
878 665
932 787
567 512
881 56
979 96
942 445
291 135
119 679
717 616
765 781
850 60
593 761
790 693
393 640
965 570
525 799
334 368
555 285
510 516
825 583
999 500
759 384
239 272
956 529
378 6
257 510
784 559
674 96
437 236
702 226
401 191
437 814
272 685
142 155
218 531
450 454
291 208
862 555
172 499
167 368
474 423
554 656
58 363
922 256
187 41
136 932
852 721
945 934
532 194
782 74
17 139
220 769
778 495
14 927
565 1
676 392
445 17
149 646
206 891
547 770
376 992
895 148
53 855
725 553
678 798
965 247
306 588
530 125
264 824
473 587
89 689
304 689
915 114
233 645
429 193
104 764
676 443
537 545
705 992
93 507
692 16
299 994
624 936
446 927
257 328
434 613
363 480
541 621
883 286
334 692
707 712
608 803
814 611
448 267
1000 253
832 95
391 320
604 120
978 203
5 989
44 170
400 720
664 128
238 589
724 197
734 834
6 425
769 928
969 317
69 961
308 773
433 123
162 210
157 566
575 89
932 14
824 149
860 457
660 23
549 372
454 295
265 752
46 800
