600 1490 600 1077 15
34 169
92 122
240 576
151 251
146 543
101 404
411 543
26 191
415 577
278 502
103 565
86 283
98 552
464 585
399 404
352 441
233 416
5 393
61 569
436 524
108 294
283 336
129 268
234 249
161 407
64 346
64 387
136 355
278 588
328 488
66 416
273 553
143 238
134 583
247 538
22 588
262 554
87 486
104 305
559 573
29 530
22 67
83 291
373 416
23 119
65 371
317 388
260 511
72 240
152 188
23 312
80 415
210 435
343 562
49 429
257 556
31 155
150 283
72 86
546 552
69 189
133 415
304 316
246 272
61 433
285 387
176 243
444 592
465 566
309 350
478 524
83 532
206 498
294 388
470 527
203 261
160 541
512 525
431 494
323 524
86 593
32 241
23 28
169 202
212 535
75 295
143 410
23 94
521 522
245 462
120 461
171 245
322 337
265 302
136 495
162 422
161 529
229 283
110 206
227 405
259 491
490 582
40 506
318 323
275 372
331 585
251 368
126 585
144 308
97 443
86 576
299 571
62 132
484 544
217 343
26 105
182 380
212 418
47 51
348 383
129 335
5 532
266 436
114 537
21 239
281 478
30 452
0 428
332 565
9 547
90 256
351 545
57 156
128 487
61 126
18 61
424 499
394 449
405 464
152 505
53 236
379 511
262 412
447 560
347 458
178 532
313 361
102 148
160 574
248 420
202 470
69 466
6 340
57 62
7 236
18 451
20 560
117 211
207 277
164 441
66 373
275 350
193 568
261 275
82 594
30 460
417 500
85 176
415 530
212 517
200 302
328 432
284 392
110 155
220 562
12 211
370 521
438 477
186 406
143 262
14 572
147 398
488 491
79 413
237 452
83 420
121 216
92 326
60 93
276 297
425 444
147 526
150 506
48 320
80 82
484 543
113 532
447 566
177 453
279 463
101 127
99 547
292 452
331 542
296 423
222 598
502 588
259 332
354 521
105 540
142 414
325 417
203 448
211 537
373 482
303 560
88 396
66 282
188 440
289 519
307 364
32 589
130 507
203 523
309 343
114 390
15 315
583 596
1 395
194 209
30 307
65 468
182 423
264 578
497 581
328 533
408 577
276 406
453 587
18 180
255 434
277 482
78 112
249 577
138 457
144 590
371 478
280 554
326 549
47 481
163 536
6 454
71 429
42 318
136 352
134 475
31 519
415 556
66 88
37 258
182 199
334 489
427 435
488 490
190 523
408 425
310 441
196 583
315 430
24 247
255 287
30 263
88 282
141 547
94 552
385 560
52 119
344 469
115 326
57 160
297 390
128 304
254 323
45 373
519 531
68 152
45 250
253 543
407 529
201 566
29 577
296 452
161 320
312 553
75 441
142 409
133 556
185 452
191 540
48 511
473 595
54 97
419 466
116 400
204 298
231 448
20 26
92 549
77 362
345 557
74 146
122 549
370 598
25 370
105 191
38 325
52 429
428 495
88 131
264 568
42 127
155 514
6 125
134 232
6 228
147 418
251 345
4 469
515 516
36 149
26 385
24 562
324 449
14 94
272 585
306 443
2 189
6 344
370 391
41 128
53 85
217 389
260 379
425 496
6 185
40 342
75 393
219 497
437 490
102 140
340 460
440 541
14 238
67 525
182 191
158 230
75 455
288 439
369 522
386 424
233 499
22 502
230 597
13 148
81 135
205 530
127 342
198 344
508 521
70 372
214 346
202 479
239 455
208 209
184 324
187 335
50 367
220 596
215 288
291 420
9 103
0 81
409 414
74 139
110 314
45 196
351 581
110 125
246 585
348 506
378 471
237 296
353 442
277 288
166 213
68 556
208 457
539 592
226 300
121 233
140 505
277 373
201 364
250 501
58 111
121 475
209 471
462 573
254 468
113 420
72 319
61 411
59 489
111 136
326 559
31 498
375 528
194 513
81 500
369 521
32 392
28 157
183 519
437 582
458 464
153 254
330 341
213 368
168 218
140 252
260 461
38 81
157 496
80 408
65 323
80 594
34 273
43 186
87 470
147 353
256 300
225 503
522 525
250 382
15 58
42 101
138 208
13 341
184 345
133 530
1 400
283 319
210 334
68 316
158 414
477 532
321 555
125 340
152 440
14 280
162 358
226 307
190 221
138 564
365 464
193 297
46 184
196 250
377 425
145 249
181 435
153 468
401 518
3 87
180 433
349 406
99 169
137 268
87 527
185 380
317 472
208 367
218 427
113 197
119 157
233 297
40 283
118 277
547 553
339 343
69 159
171 586
190 538
105 178
217 309
380 454
506 507
82 415
86 319
144 358
267 558
203 285
183 289
273 467
168 586
257 541
361 389
252 341
102 341
180 272
368 374
8 340
414 597
95 336
307 465
120 134
17 168
146 484
374 388
326 555
25 574
317 449
377 421
17 591
87 597
208 564
39 114
189 236
332 488
103 158
109 255
163 400
292 566
140 341
71 444
113 291
11 489
311 353
23 552
529 587
494 503
170 264
212 566
51 101
19 527
408 496
242 546
212 367
303 526
400 514
54 456
174 538
13 450
76 495
4 192
148 397
174 247
40 150
206 298
68 188
233 282
179 407
186 445
252 527
109 434
419 484
173 331
311 518
129 398
289 327
221 545
68 82
267 449
337 353
148 341
170 302
235 360
42 72
360 555
103 356
79 456
524 575
9 99
238 280
70 313
113 249
105 385
508 522
47 550
80 286
226 516
23 41
79 590
114 297
155 175
101 481
233 482
234 421
231 595
67 588
222 369
158 332
346 591
44 265
95 593
45 376
50 208
16 584
292 447
438 563
518 530
99 356
494 598
248 385
222 338
329 372
27 573
299 342
32 554
59 346
16 581
380 423
135 500
383 542
24 584
52 444
304 487
250 439
266 593
393 532
181 334
77 162
391 534
4 204
279 500
286 577
424 445
19 169
161 321
149 273
61 253
90 457
93 559
317 374
65 412
91 337
254 318
62 156
154 503
15 164
84 330
221 538
402 455
205 509
46 317
144 417
56 530
235 559
179 587
53 504
12 567
218 531
436 576
295 529
226 263
110 498
320 321
31 175
546 579
215 232
59 231
402 587
96 365
485 506
68 304
18 383
12 485
410 579
128 312
202 527
16 583
168 375
181 489
232 439
15 548
191 199
82 304
153 550
410 412
273 403
385 401
467 553
252 330
250 277
107 557
308 422
201 465
227 585
224 452
18 299
493 503
35 198
142 490
97 264
456 463
119 496
197 599
182 239
486 527
261 523
70 293
437 557
0 438
36 505
52 77
550 551
266 576
101 106
172 287
57 257
348 451
410 546
7 458
62 556
331 485
181 210
198 453
304 403
314 460
129 337
244 361
365 585
160 397
83 178
95 422
84 486
210 327
192 204
130 590
156 322
321 326
72 359
30 314
29 249
324 328
478 492
256 395
279 590
230 470
224 460
274 500
318 359
116 514
49 162
77 281
91 322
183 210
232 233
449 558
332 533
581 584
158 565
284 468
82 556
562 596
376 596
483 550
99 202
242 410
217 329
207 373
39 406
263 400
255 256
129 187
270 348
60 462
223 378
148 446
20 423
203 275
186 282
161 430
367 566
319 342
38 444
292 296
310 563
143 280
137 370
49 144
152 316
267 572
39 567
90 226
83 248
134 379
18 433
205 420
324 558
416 482
151 345
96 458
55 258
33 121
127 569
63 183
37 301
214 591
318 459
192 531
259 488
78 378
397 502
106 127
184 328
375 549
14 552
160 502
155 498
232 475
169 547
14 579
170 265
208 305
264 443
42 551
61 272
300 515
165 393
144 474
200 320
537 567
347 405
336 506
70 389
149 403
102 160
174 221
280 472
186 424
233 445
165 563
328 557
43 282
357 388
17 218
278 397
122 326
114 276
422 436
219 561
508 525
101 399
194 471
258 434
466 543
138 209
25 91
118 207
305 513
112 225
70 217
67 574
48 302
55 301
104 513
81 417
447 535
180 246
239 540
342 451
230 414
477 599
428 500
215 439
129 391
422 575
232 382
0 421
354 525
124 146
97 578
142 491
186 386
15 161
381 566
170 568
254 550
19 36
242 478
226 515
54 355
205 518
302 320
6 366
90 300
342 571
32 284
227 331
85 504
25 354
308 474
553 572
131 396
493 494
95 308
401 526
151 557
494 580
126 159
217 275
244 476
80 304
11 346
177 587
44 315
153 483
509 530
102 541
69 253
84 87
528 549
131 176
200 265
231 244
103 480
474 590
270 506
4 375
64 214
199 540
34 547
522 580
10 473
304 520
263 314
252 486
127 319
146 411
14 312
278 512
425 592
59 64
213 357
167 330
56 132
148 160
120 561
284 554
84 414
194 378
115 573
23 362
52 539
48 219
73 138
205 248
201 457
28 41
41 312
293 372
93 545
125 228
363 441
77 492
367 381
505 527
228 366
6 380
213 510
21 540
473 476
175 289
139 146
145 205
337 398
24 351
29 426
275 309
46 374
16 120
332 414
438 532
253 411
78 225
3 84
5 540
247 562
174 351
5 455
333 387
46 345
347 396
243 396
143 412
55 112
121 232
175 327
158 479
3 597
63 427
186 276
89 283
306 537
207 250
97 117
493 580
73 256
141 195
61 139
271 318
298 519
17 427
48 260
280 449
8 125
407 549
219 461
264 265
436 575
344 366
62 133
79 463
273 312
282 445
12 413
404 544
198 407
268 513
350 538
512 522
1 256
219 235
311 337
115 549
177 454
205 426
191 423
115 245
0 500
154 223
135 417
267 394
76 274
16 220
130 413
312 403
86 89
187 398
28 487
161 548
457 564
38 425
306 390
164 352
69 236
127 571
195 547
234 377
108 166
203 293
142 259
194 268
57 574
34 149
209 305
154 598
290 565
56 156
308 336
190 261
287 434
267 547
148 450
137 194
75 548
299 451
549 586
50 104
559 570
20 296
280 294
265 578
288 482
2 419
164 548
478 546
179 453
185 224
66 131
490 491
225 493
348 485
58 136
452 460
97 355
227 347
254 483
170 475
92 321
249 425
117 537
30 292
332 409
496 539
163 263
143 554
47 551
1 536
386 499
219 260
56 311
55 287
20 447
261 350
38 71
9 290
35 375
179 198
205 401
467 547
91 534
16 134
153 392
26 560
569 571
127 139
25 67
28 119
295 402
100 178
170 379
418 447
177 402
365 458
141 572
253 466
102 440
263 536
43 396
84 167
94 312
338 598
185 340
63 218
49 325
369 370
129 513
314 340
238 579
215 482
76 428
0 377
275 329
134 382
131 243
46 251
206 519
1 109
432 565
173 349
46 449
126 272
249 408
212 381
25 322
51 481
282 416
240 359
79 279
270 451
290 558
104 335
297 499
202 230
353 398
77 429
69 419
392 589
271 550
371 524
80 577
113 205
6 177
67 160
201 367
40 270
10 293
235 497
103 479
30 465
399 544
291 532
285 333
80 520
448 595
339 350
322 574
294 472
201 307
62 257
395 515
125 298
0 477
246 331
138 287
28 408
204 519
14 394
166 589
192 375
293 473
77 119
107 151
50 517
193 306
303 385
363 393
11 591
104 517
241 294
267 290
153 213
481 551
173 227
8 314
27 559
417 590
268 370
16 24
561 581
118 250
355 463
168 528
115 586
119 362
16 561
32 294
24 174
311 322
410 478
104 129
49 71
398 418
432 533
154 378
352 495
245 523
293 595
380 452
60 190
261 538
310 352
25 391
106 404
35 407
66 176
77 546
111 164
140 152
86 95
352 428
214 523
294 317
129 534
235 570
61 159
257 440
78 503
46 324
116 263
244 489
58 578
444 539
379 461
58 355
0 599
85 243
123 596
2 53
195 267
204 366
44 58
272 433
92 161
49 358
130 336
528 586
310 393
227 349
492 575
423 452
264 306
239 402
196 376
241 280
193 216
10 313
251 374
334 361
286 415
167 341
323 371
14 553
313 473
186 499
158 480
106 139
132 530
25 525
487 520
211 413
586 591
193 390
173 406
367 457
13 512
132 133
200 430
8 110
311 526
113 145
476 595
162 492
336 474
15 430
107 251
285 523
354 508
141 553
525 588
146 404
179 529
168 591
180 542
328 490
31 289
104 418
139 411
28 520
501 583
4 35
190 462
497 570
254 271
351 570
18 542
557 582
63 435
308 358
7 504
353 526
435 489
280 394
194 223
93 221
234 425
31 206
204 469
248 401
79 211
335 418
183 327
217 372
27 115
259 409
503 598
354 370
178 385
90 201
200 315
166 357
9 267
510 550
357 368
311 442
249 426
269 325
328 437
239 454
405 458
379 475
145 426
369 580
262 284
488 533
90 364
263 516
337 534
44 578
174 545
485 542
4 198
293 448
86 336
274 463
418 517
63 531
228 298
81 325
128 403
7 53
49 417
387 523
40 229
55 378
55 172
48 321
393 438
171 591
124 543
126 365
271 551
99 479
12 506
275 293
211 567
188 257
75 161
192 218
396 458
45 207
393 563
285 448
330 486
392 468
9 356
214 245
98 546
376 562
204 531
229 342
24 220
347 349
130 474
119 539
455 540
194 305
360 559
39 173
13 446
21 455
316 403
136 274
71 325
189 419
233 424
533 565
32 108
56 518
43 88
436 459
309 339
124 411
408 520
59 244
138 471
421 599
1 255
427 489
15 111
182 540
287 471
302 379
10 70
359 436
390 537
195 572
172 434
247 343
48 360
545 570
419 543
412 478
41 487
72 127
384 465
335 398
197 421
142 582
68 257
73 457
165 310
310 428
246 542
52 71
137 598
269 417
110 263
30 473 43 598 512 518 491 383 225 139 202 26 128 22 308 52 294 349 229 250 428 328 431 129 0 177 305 65 558 69 587 431 467 461 550 433 214 68 595 486 270 73 59 150 529 357 475 373 16 422 287 574 162 482 38 221 46 296 324 4 436 325 578 406 440 167 368 320 467 244 181 460 327 228 553 424 152 66 269 287 339 222 140 456 288 213 129 31 535 463 487 417 92 35 149 333 571 82 32 597 374 144 556 187 538 104 374 143 299 316 359 236 577 311 434 239 368 135 313 321 403 223 394 423 65 411 69 579 399 121 159 416 386 146 363 117 510 346 160 245 179 269 282 558 283 438 223 515 385 495 51 189 198 16 346 264 384 492 442 354 519 321 448 40 586 124 169 271 112 19 73 54 538 218 531 542 62 125 505 241 455 273 13 177 390 53 222 163 284 398 176 442 540 437 58 489 406 576 334 307 538 534 455 128 570 195 515 144 249 409 392 550 506 173 101 272 374 584 165 168 550 30 586 560 294 409 441 509 224 578 180 333 133 16 562 28 153 523 547 250 459 409 275 156 216 471 362 554 406 447 509 316 592 251 397 61 316 424 531 321 108 221 345 168 397 333 228 277 588 568 474 59 307 414 26 226 9 261 298 55 98 530 125 136 575 338 435 276 164 243 599 598 184 588 339 25 223 481 223 431 276 295 66 350 551 215 373 441 130 201 266 422 131 247 559 325 257 222 24 120 9 213 533 276 124 554 291 150 482 518 246 23 238 355 202 132 148 567 293 521 480 176 582 272 73 561 37 60 460 16 217 461 489 398 342 425 328 135 343 416 580 497 234 65 433 257 20 220 533 249 348 328 144 109 443 387 20 222 50 207 352 35 226 231 299 458 59 116 509 130 95 113 65 176 473 374 82 120 88 26 99 159 429 157 552 583 113 536 497 306 256 166 543 92 596 567 404 576 526 279 71 235 302 307 453 346 57 50 446 468 363 79 158 134 251 414 530 306 256 221 459 422 480 588 51 292 140 534 508 390 1 192 168 460 274 214 182 217 198 25 501 569 246 87 314 97 377 269 54 250 380 515 493 519 573 588 226 536 126 81 531 253 142 107 407 485 441 28 532 454 184 357 34 394 123 581 259 580 72 40 173 549 55 584 333 241 190 82 242 264 457 129 545 547 108 145 547 367 289 178 187 281 179 563 568 553 171 562 125 483 534 70 527 547 412 77 36 175 23 14 558 439 175 54 330 111 586 513 462 94 318 288 8 120 259 99 159 356 556 484 211 124 59 18 76 236 286 170 350 115 137 251 288 49 310 561 477 50 441 280 32 467 161 297 133 394 244 88 26 260 18 24 526 36 33 573 401 54 431 109
485 473
347 990
947 20
15 299
644 800
488 622
527 817
924 107
495 883
158 247
934 938
753 923
646 322
27 467
284 238
643 553
915 635
726 884
729 147
126 336
384 718
523 655
99 571
330 301
936 690
132 682
390 695
767 711
331 350
316 482
418 845
566 958
303 74
854 422
171 303
671 746
151 318
42 980
465 394
754 294
672 216
306 348
578 72
908 272
697 513
995 530
162 67
563 9
757 616
489 302
245 795
603 6
425 314
962 60
684 407
122 948
279 583
214 558
686 484
783 933
869 762
772 107
246 534
694 928
798 888
409 115
987 283
85 607
250 443
869 27
975 941
464 337
581 119
247 914
695 55
619 625
595 468
384 261
73 905
635 392
302 428
505 408
265 466
422 599
10 373
965 125
584 167
25 347
950 261
614 148
301 903
173 656
716 680
840 722
303 276
566 221
897 117
694 445
304 222
122 279
440 635
618 50
137 461
121 221
232 776
427 657
668 62
107 9
289 27
230 988
484 928
616 504
57 924
404 522
782 320
750 751
440 961
730 388
968 476
367 326
865 596
871 442
715 703
972 595
752 42
546 844
797 126
674 88
261 371
183 735
619 299
972 208
293 559
277 531
853 514
527 401
619 470
112 800
214 883
736 72
129 429
201 259
8 112
322 149
536 311
380 534
729 30
277 695
87 482
183 364
645 218
136 12
189 435
421 28
55 853
535 978
224 579
351 379
67 224
823 105
124 552
673 613
451 245
412 936
612 533
507 540
330 46
23 397
712 843
112 311
783 515
787 816
155 958
820 238
914 716
511 997
975 170
544 792
456 652
604 709
776 180
739 982
494 711
648 945
118 65
495 809
878 291
207 729
181 458
912 27
863 794
444 699
653 862
825 428
138 810
213 235
990 563
401 494
620 750
470 701
715 562
318 858
87 322
916 859
610 854
352 564
569 911
984 494
238 835
185 831
659 994
690 373
308 768
360 13
810 840
934 409
818 473
992 891
682 902
845 611
957 646
893 765
61 772
114 843
469 805
23 928
365 889
835 214
578 844
650 194
69 279
810 939
891 487
943 366
426 455
800 652
922 53
421 766
300 195
521 694
558 137
276 77
387 188
945 173
820 982
784 791
781 213
959 703
396 615
377 465
964 512
183 5
97 392
821 66
476 65
237 949
315 944
209 504
159 999
18 161
800 580
904 816
357 120
429 913
749 457
756 512
516 192
187 228
130 759
498 385
677 242
492 45
801 156
227 326
574 425
962 855
814 329
970 444
14 574
574 360
275 119
398 215
934 309
627 182
360 82
851 864
318 452
179 927
959 418
600 980
144 180
404 549
384 806
911 921
252 63
619 655
401 754
813 369
584 871
686 141
347 906
65 977
754 569
339 667
265 415
174 799
758 426
381 858
556 262
982 824
534 517
246 627
265 309
922 977
453 871
677 533
215 404
223 76
515 85
637 127
699 607
714 645
199 628
460 118
140 115
484 359
739 706
628 987
75 95
967 887
68 408
778 248
50 190
820 874
766 997
246 756
600 238
211 673
34 825
964 778
514 855
85 436
653 152
990 770
582 779
136 39
786 864
896 240
702 247
874 256
934 785
897 694
576 519
250 658
73 681
653 442
129 254
275 8
492 270
538 106
768 669
857 1000
356 282
550 560
329 891
843 135
571 800
271 814
244 5
34 753
98 763
431 149
965 915
998 404
203 55
673 803
997 595
428 423
112 872
795 548
494 765
299 813
910 514
710 212
396 828
393 645
874 321
838 843
241 29
978 978
785 378
153 748
393 47
507 563
245 195
344 967
927 222
30 515
226 716
646 0
415 981
351 632
561 655
229 367
680 25
868 177
846 272
647 710
362 406
21 221
344 176
772 65
380 148
629 366
14 245
291 491
980 325
528 359
277 743
850 11
375 560
452 472
512 216
441 732
890 344
407 404
364 506
727 928
552 470
453 276
672 588
6 771
111 121
758 164
183 973
697 951
508 153
21 37
465 536
948 453
167 492
572 568
275 645
726 438
455 368
906 326
49 458
313 696
868 899
166 114
55 486
697 193
445 801
586 742
516 756
537 630
642 419
280 886
895 144
494 115
462 834
851 564
823 768
602 414
829 164
350 837
839 48
196 313
429 77
612 802
61 314
152 870
248 91
886 946
586 316
827 498
882 979
444 517
410 179
86 246
103 197
572 35
961 391
467 33
717 5
697 281
64 366
302 371
43 144
755 962
32 85
35 122
430 218
6 859
13 836
581 488
383 391
846 654
536 953
864 343
559 403
942 523
58 561
29 859
958 95
153 376
650 258
620 276
42 666
347 529
392 12
775 587
0 601
176 771
467 987
362 945
381 925
268 776
315 600
608 919
310 402
53 698
39 717
872 842
476 185
12 622
302 656
88 355
695 796
645 674
318 547
646 908
461 561
79 140
152 697
319 745
384 965
755 374
920 765
418 343
481 661
163 519
735 196
791 9
690 3
862 730
370 217
171 279
630 585
700 740
499 18
545 46
344 259
229 271
319 113
732 660
244 491
90 44
167 168
794 677
368 677
859 634
999 670
485 523
250 878
88 171
340 816
686 321
800 453
735 115
856 683
677 114
228 214
779 768
189 585
477 208
541 169
348 454
736 488
330 195
3 747
887 647
2 23
940 579
915 668
810 189
720 817
615 688
66 584
363 44
591 341
758 862
398 371
570 194
280 443
853 939
960 619
42 280
77 810
428 498
