600 896 600 844 9
420 533
457 461
402 452
48 219
319 481
260 544
382 526
163 597
134 296
184 345
66 153
58 241
121 349
73 185
535 536
48 230
60 440
492 574
129 284
66 524
165 514
98 548
557 574
86 579
254 373
120 220
58 404
149 392
178 380
128 199
54 369
80 220
184 362
175 184
163 512
2 468
146 238
345 377
231 241
144 455
215 383
65 534
79 189
176 528
314 333
312 464
230 583
11 405
487 573
76 373
442 451
50 84
374 509
8 12
89 412
211 445
518 538
107 171
13 575
204 538
214 482
174 291
171 426
83 237
208 255
147 559
569 589
212 579
361 471
105 476
304 448
318 529
321 503
90 385
240 328
395 446
568 580
415 518
33 199
78 222
127 266
45 247
47 256
221 493
362 484
389 576
171 283
28 77
265 325
178 554
59 414
102 542
265 562
252 390
151 547
469 554
141 221
363 555
68 148
469 532
101 225
238 573
216 269
50 494
177 384
121 434
90 130
146 457
392 565
105 233
137 574
259 586
105 347
303 450
95 458
111 531
205 207
58 186
300 335
3 572
90 434
73 367
421 502
196 512
247 248
175 395
182 508
383 456
25 505
117 593
333 571
437 523
233 271
88 400
292 484
439 480
354 556
29 44
106 281
76 203
463 573
155 397
255 479
325 562
30 192
205 240
214 361
270 310
436 592
410 482
340 533
49 352
51 402
282 489
218 531
233 575
230 596
83 429
163 249
32 50
349 502
33 142
13 578
568 582
285 508
272 524
500 587
83 196
0 468
150 522
114 551
290 357
158 358
152 543
153 560
30 184
74 328
17 213
206 310
219 521
24 541
157 232
18 164
404 439
4 412
307 376
63 125
12 202
131 183
173 496
193 223
396 440
104 164
87 490
2 174
410 499
98 587
487 538
221 262
360 450
69 485
134 353
218 390
21 273
477 528
86 223
466 539
96 197
155 209
7 432
36 315
255 569
425 436
419 507
336 385
142 223
32 550
343 491
259 328
511 578
332 351
254 441
235 259
350 581
251 257
94 457
40 532
118 318
205 270
205 328
3 451
390 460
213 337
233 476
400 513
273 418
187 407
62 402
23 224
24 127
150 422
226 258
165 417
39 542
107 226
140 161
127 281
73 82
179 548
308 565
414 440
235 444
217 331
3 139
2 294
230 367
99 300
73 386
56 138
337 487
184 377
166 473
38 188
419 422
144 170
296 385
411 504
61 164
432 513
503 593
134 365
197 388
25 581
93 361
81 136
360 590
335 353
177 529
426 559
56 428
215 453
341 565
74 259
237 581
170 256
125 258
323 355
214 578
228 579
109 211
409 457
520 548
298 509
103 201
198 515
153 438
366 386
196 249
10 189
22 592
148 312
198 467
67 595
479 501
291 335
61 472
113 372
9 289
314 327
190 328
162 229
337 381
119 508
221 406
59 598
53 293
293 307
236 388
91 536
454 522
373 484
356 569
450 590
494 573
583 591
470 489
183 238
67 372
181 265
134 397
73 159
137 507
583 588
72 95
12 41
159 589
53 285
64 199
264 291
127 450
136 444
250 424
382 488
58 530
179 346
81 435
89 322
114 514
184 254
348 388
200 446
224 395
401 497
189 545
130 336
214 410
67 310
82 589
229 237
502 598
212 465
425 592
43 358
487 494
517 523
127 407
1 278
108 168
78 462
159 386
251 282
193 339
29 297
3 442
257 334
166 495
335 368
244 526
191 317
449 540
93 112
369 549
62 303
54 79
19 136
20 474
410 578
87 461
277 389
19 426
97 115
186 366
230 591
162 512
311 483
212 223
41 369
80 402
141 452
132 330
19 599
143 225
125 570
312 390
139 527
122 429
90 242
130 598
40 302
159 366
8 41
77 274
75 357
288 342
171 438
137 492
255 516
174 264
234 531
165 288
267 588
250 481
37 253
54 269
13 146
142 244
389 515
43 287
188 521
40 69
261 315
215 306
379 532
237 350
378 532
8 448
106 526
51 376
207 240
568 594
16 563
180 297
546 564
8 517
22 427
210 583
156 408
391 528
299 338
145 275
330 522
96 388
394 490
64 519
445 474
164 547
235 273
215 456
93 416
32 313
10 456
296 572
39 156
123 274
119 513
51 261
295 580
70 130
477 520
217 224
4 322
261 332
331 579
47 170
344 472
63 107
118 491
488 526
486 546
93 151
102 585
244 488
135 438
26 458
236 411
287 381
75 290
0 136
231 439
213 381
202 537
263 546
219 230
40 485
11 248
29 103
311 438
506 536
281 555
107 258
366 367
565 588
426 599
182 376
261 508
85 342
166 203
109 571
78 401
222 484
473 477
507 563
291 368
152 348
299 418
248 251
85 288
45 405
260 419
64 193
419 544
232 403
239 395
259 273
256 345
514 551
15 287
124 320
138 567
474 503
69 174
175 256
192 441
38 321
296 397
357 548
52 486
39 585
190 302
268 435
104 201
246 286
78 346
177 318
118 281
341 392
148 541
195 498
507 544
459 544
156 262
370 541
353 397
130 502
351 550
207 249
20 117
251 334
474 593
161 429
162 505
73 308
334 497
505 581
422 507
116 279
157 416
355 384
222 373
105 412
276 490
107 311
80 218
278 327
246 255
423 570
41 49
570 597
77 550
278 530
64 176
214 435
57 335
293 564
70 475
407 460
50 313
161 594
170 431
60 154
137 172
302 556
279 383
62 525
251 489
121 421
74 423
209 536
459 509
114 165
264 499
380 554
87 481
272 560
62 220
270 580
102 577
42 496
299 469
37 470
184 441
216 545
394 499
169 588
293 305
249 512
428 451
134 335
303 533
27 317
226 591
16 399
110 437
371 566
403 416
107 423
6 11
394 410
173 593
470 515
28 36
118 363
98 357
75 391
375 597
199 223
65 504
4 355
314 364
371 584
168 597
76 441
100 165
260 346
284 475
533 585
290 520
97 558
16 97
187 541
268 361
338 378
308 596
535 549
39 533
227 241
121 442
136 435
108 249
245 508
239 552
193 473
19 559
186 241
378 379
47 144
33 370
313 550
294 468
462 497
35 99
209 352
189 279
154 414
3 242
113 161
327 540
69 368
55 489
238 494
516 569
238 463
428 535
104 547
232 233
171 483
160 558
384 491
301 438
259 299
261 452
521 597
173 188
188 562
287 466
374 391
135 311
370 488
31 537
86 228
236 284
118 590
227 367
34 189
517 561
176 519
320 558
56 79
29 177
200 455
264 280
176 473
91 506
240 249
519 528
43 133
162 265
69 291
296 584
74 108
147 586
27 424
286 479
0 280
93 329
14 94
375 521
141 261
109 436
117 265
23 175
155 309
242 572
21 178
93 232
250 319
112 232
35 134
334 401
244 555
534 566
138 428
289 377
52 564
67 206
393 478
204 381
387 443
170 345
123 400
151 361
348 543
395 552
219 226
429 595
335 394
104 200
193 212
69 413
292 362
1 327
109 474
5 272
13 511
384 577
294 380
277 398
75 430
368 485
427 445
78 484
374 500
395 447
352 424
243 561
303 326
340 384
337 573
102 340
392 551
29 71
179 587
241 439
145 411
333 540
72 458
398 479
194 546
371 510
152 197
303 420
195 428
95 558
188 325
64 473
206 372
404 530
102 384
172 544
21 444
68 407
256 446
364 540
89 443
72 97
279 453
65 197
100 589
316 446
454 558
210 588
192 203
14 276
23 395
27 461
464 541
101 202
46 428
354 566
180 217
39 141
92 309
76 520
85 553
130 434
132 359
99 368
61 344
28 274
292 497
282 431
190 556
191 573
186 227
68 390
130 475
367 386
281 450
79 269
29 180
284 388
0 294
33 128
183 408
324 461
149 417
165 516
117 505
298 587
234 464
354 534
209 250
344 393
140 594
10 34
356 501
10 306
35 300
173 562
368 566
473 528
317 424
504 534
51 452
7 274
383 453
422 522
225 369
341 551
287 304
41 536
542 585
445 505
398 405
359 422
6 277
97 399
116 269
292 334
496 593
286 398
152 385
180 395
161 433
194 293
117 474
126 370
167 249
270 328
51 508
325 521
64 223
74 570
361 416
213 304
353 394
66 364 351 321 508 472 11 172 422 338 332 507 339 300 154 332 96 385 471 216 66 582 550 588 400 3 410 570 88 59 479 507 531 375 53 449 246 288 67 273 462 494 547 552 110 596 130 209 343 152 273 576 68 295 322 312 257 329 455 326 528 224 298 159 187 247 390 592 334 301 343 526 562 239 207 189 327 299 514 345 84 18 590 566 322 491 418 369 86 347 533 473 459 305 217 558 378 347 375 187 69 517 81 426 270 553 84 313 549 138 283 257 545 1 3 41 64 201 43 33 258 123 460 458 253 341 390 461 409 477 484 531 537 183 301 428 208 41 307 424 394 417 422 256 411 504 587 296 596 144 30 545 542 39 226 206 279 184 282 528 571 112 362 125 51 259 122 484 503 40 457 502 599 73 305 88 114 207 219 472 346 582 78 507 374 415 206 500 389 504 536 329 352 189 516 80 325 590 164 512 427 122 401 354 401 320 241 436 298 237 332 355 325 0 296 474 327 463 230 157 437 597 259 340 284 45 49 187 34 43 44 231 542 141 575 526 488 387 49 571 544 160 81 386 246 206 405 482 296 375 419 90 459 112 564 470 139 440 556 492 473 247 342 527 494 469 525 84 550 6 160 557 19 408 250 498 332 218 47 292 555 186 246 472 112 58 166 405 321 38 597 575 109 351 468 375 168 227 293 288 463 256 166 67 467 575 288 251 361 58 79 432 583 418 367 326 481 123 480 13 229 43 6 85 184 212 531 270 383 394 420 32 60 201 21 462 250 571 422 576 492 455 527 520 483 134 483 168 256 274 5 355 382 409 237 231 251 337 378 439 269 301 316 180 302 364 488 195 452 56 239 12 567 162 521 449 519 352 366 306 48 75 97 334 371 213 232 34 60 320 364 429 596 311 248 52 567 191 145 415 400 517 474 585 192 410 30 454 528 379 480 91 50 31 257 330 349 296 239 546 319 131 155 299 356 319 402 285 598 103 441 323 350 229 592 470 116 539 248 387 451 306 209 449 400 237 516 90 435 145 32 252 33 328 37 355 5 307 300 432 343 135 463 47 353 589 121 458 476 139 313 532 272 237 392 562 308 49 443 544 489 147 97 346 188 380 253 195 287 408 411 97 387 225 48 445 557 308 340 372 302 254 91 588 136 530 338 527 283 134 267 546 541 411 591 595 163 151 43 294 547 434 504 172 79 363 18 319 526 525 70 265 386 532 56 229 17 25 345 58 502 224 595 354 183 379 416 240 336 74 547 534 244 266 583 356 112 157 577 543 545 171 249 41 315 307 217 4 90 23 264 38 71 36 432 508 19 157 121 577 387 405 329 203 262 550 567 66 16 267 74 388 58 193 145 481 200 437 318 484
591 486
860 981
657 492
864 240
350 375
410 714
343 845
298 68
642 65
333 744
916 87
300 842
683 74
541 358
617 299
501 29
103 956
563 186
446 527
541 599
877 811
633 556
980 730
184 607
27 279
951 746
317 984
592 239
344 117
268 481
222 646
659 2
400 170
12 423
943 117
793 389
312 104
395 768
818 902
267 249
765 494
681 102
880 894
468 66
306 423
279 859
784 275
348 609
679 870
623 168
388 201
204 94
88 11
157 12
790 64
368 843
885 138
766 363
784 982
994 218
913 193
407 581
156 170
627 719
49 530
866 457
469 648
863 645
38 218
732 521
949 382
240 450
245 985
602 948
720 644
16 641
130 641
363 73
181 799
836 87
110 175
533 527
567 961
853 697
424 180
492 826
138 448
642 281
437 55
362 314
920 321
760 228
670 277
435 446
577 316
263 944
902 457
186 975
86 739
750 415
538 967
718 32
281 317
338 441
399 527
438 317
100 354
597 713
737 692
938 862
457 33
68 101
370 428
895 598
502 854
218 980
799 31
836 826
203 366
238 10
120 212
928 261
952 718
352 31
228 889
657 680
44 320
99 253
5 490
974 486
963 339
346 245
139 812
491 94
766 326
591 760
569 553
74 951
880 180
827 255
998 621
267 149
51 427
768 31
395 620
949 547
521 318
559 647
2 211
531 900
188 936
435 484
884 381
491 693
941 225
739 258
319 288
453 425
480 129
598 985
237 954
959 638
804 784
727 745
427 548
485 930
123 611
730 718
702 718
519 795
343 704
545 668
6 884
798 860
697 491
225 609
28 569
273 437
667 568
118 733
217 549
823 850
179 54
373 251
250 691
561 928
714 981
36 252
758 860
884 63
819 532
523 232
193 650
108 556
25 60
839 140
817 733
903 427
493 751
30 474
342 579
333 499
705 95
164 625
491 154
800 647
867 615
791 700
422 939
722 191
587 792
947 815
141 500
561 158
564 405
979 49
855 65
181 533
90 150
687 823
140 196
319 166
150 741
109 459
150 599
758 63
669 780
696 934
178 421
843 771
649 856
768 949
453 384
459 347
21 122
611 610
920 479
846 723
453 276
265 570
771 676
753 972
872 286
568 31
73 397
220 61
464 946
251 874
260 833
771 729
688 204
289 812
37 153
477 718
196 709
435 972
291 666
281 778
656 744
688 628
56 832
257 118
317 256
2 102
661 446
800 815
71 263
522 825
522 501
830 41
851 570
470 300
430 683
636 587
337 65
980 515
610 332
430 883
883 1000
895 14
619 452
136 342
344 779
498 643
965 455
209 2
439 910
536 82
472 849
302 739
65 678
708 453
240 757
118 27
617 520
883 526
820 326
217 510
45 801
704 592
760 391
519 769
796 501
160 215
576 109
137 45
964 83
110 100
592 903
701 274
839 614
577 739
29 184
374 170
946 932
277 92
302 575
563 220
220 401
678 248
260 899
876 924
340 335
284 410
618 237
761 785
144 242
909 961
781 605
368 507
180 829
183 504
284 126
994 964
254 786
715 365
895 346
537 195
750 600
83 538
258 328
566 853
460 815
205 339
431 573
285 708
97 793
400 310
922 408
971 248
885 747
334 146
689 162
690 323
815 479
317 378
385 1000
56 709
451 92
128 837
194 300
511 473
240 722
166 386
934 956
740 355
669 979
646 940
725 431
773 102
20 340
818 404
901 664
133 694
8 756
707 798
130 78
273 737
775 579
795 564
658 535
507 114
71 327
924 24
283 366
845 356
640 981
398 272
933 441
412 838
54 186
5 676
551 885
474 562
655 353
231 578
992 138
737 285
377 910
86 988
389 26
218 822
165 125
479 393
819 967
305 870
292 218
75 221
348 273
553 245
607 370
925 510
385 354
703 522
967 184
409 110
481 450
533 925
666 602
76 861
222 219
947 294
167 896
677 656
604 204
989 821
539 625
957 775
820 200
920 696
18 717
384 744
325 42
974 678
914 292
553 482
995 867
541 16
538 693
794 949
942 185
192 676
900 232
376 292
598 581
912 809
319 616
271 622
610 73
999 993
147 304
848 198
193 153
992 1
215 857
364 559
949 48
556 281
289 953
19 838
97 198
591 268
213 775
519 269
0 179
159 519
560 59
520 738
630 480
735 558
373 787
483 506
434 616
52 599
895 835
980 365
386 384
67 645
510 558
386 975
734 919
659 213
628 416
568 709
194 737
789 458
60 0
491 180
42 356
337 818
639 333
252 362
43 935
348 205
434 206
115 586
848 897
233 802
814 136
654 393
24 787
345 995
973 298
884 868
888 496
888 779
777 185
118 895
254 53
14 811
846 404
571 351
819 763
289 21
511 883
430 785
479 972
599 37
442 134
11 517
91 653
724 779
174 860
585 6
380 681
201 182
70 370
841 227
19 594
203 432
835 995
45 114
773 532
236 249
854 485
802 169
717 146
656 43
464 152
529 58
908 986
1 259
273 286
910 375
47 861
869 33
15 2
424 511
113 676
766 133
376 134
540 858
316 536
492 801
696 561
124 371
845 513
41 995
212 922
567 584
465 690
579 78
774 829
142 908
67 31
593 872
798 431
902 167
922 575
442 1000
678 701
979 890
826 291
496 221
23 969
501 358
434 857
302 333
579 377
184 475
886 561
928 730
909 542
618 840
818 379
247 279
601 658
44 756
552 825
505 974
180 334
657 830
993 788
855 858
986 578
880 680
628 885
693 766
990 273
513 616
