600 1424 600 962 4
342 480
37 589
39 464
137 276
150 587
481 592
127 218
6 103
393 519
452 493
366 444
71 92
436 564
116 482
101 405
13 91
322 588
515 579
189 256
52 479
391 598
39 111
282 563
101 279
145 438
182 405
258 509
154 363
161 260
75 136
471 551
34 419
253 564
152 512
96 285
274 466
242 451
146 448
10 264
129 269
169 462
246 523
30 377
175 476
278 439
137 513
245 360
190 196
156 397
46 360
70 332
138 461
109 221
207 359
8 490
313 353
516 566
52 142
189 571
1 23
141 540
316 534
392 477
204 469
115 154
386 538
293 544
313 432
25 466
107 474
87 267
225 360
361 577
245 323
161 291
167 461
273 421
244 556
267 555
341 518
99 441
269 580
325 532
371 483
143 428
60 283
211 382
303 407
343 420
414 477
443 591
173 460
166 576
140 430
115 449
115 271
416 486
388 597
105 309
377 406
169 436
386 417
1 470
1 324
101 596
52 210
51 249
157 333
123 492
33 534
51 481
91 299
395 595
263 555
139 228
448 599
151 340
88 381
28 52
36 434
82 458
414 516
323 360
314 547
36 385
21 255
154 271
445 480
27 422
34 131
67 395
6 418
272 298
254 370
200 507
2 398
201 374
294 424
93 336
326 423
316 394
103 418
109 290
251 289
193 232
73 502
330 581
153 367
42 242
81 514
46 225
154 355
191 398
160 370
445 476
146 599
47 442
183 377
393 497
142 297
217 221
84 524
15 205
309 354
355 491
257 555
228 464
189 353
216 425
21 462
60 69
125 449
40 241
193 438
5 172
28 221
433 483
58 585
222 484
242 539
91 135
11 591
169 226
237 559
358 566
394 475
240 577
152 399
266 557
293 441
379 575
169 301
1 49
164 168
512 537
28 109
34 486
40 223
73 125
197 560
180 364
45 440
157 520
85 545
208 225
243 560
104 403
123 319
157 525
37 389
155 397
251 428
44 496
42 56
225 281
20 569
79 427
102 532
299 518
56 517
175 408
356 410
558 561
536 566
162 287
88 247
57 505
120 317
62 167
182 515
75 489
299 424
54 553
256 293
288 477
17 590
240 418
10 511
180 503
292 439
277 278
173 462
79 134
38 398
289 428
150 412
312 477
197 243
288 566
167 535
48 423
373 395
134 179
32 453
169 303
72 512
433 506
244 304
347 456
15 503
99 227
112 127
409 594
255 460
1 174
20 304
485 486
24 485
63 158
30 406
67 224
23 49
63 568
433 460
227 544
48 326
146 413
18 431
263 407
376 447
214 384
44 186
181 246
113 462
426 429
155 370
201 520
145 151
203 563
288 392
329 420
48 505
60 456
148 395
84 155
110 249
318 377
51 323
176 508
243 426
15 172
3 184
2 419
94 584
348 374
321 418
26 62
366 554
128 529
209 315
43 466
37 435
306 313
26 164
18 538
86 117
576 596
83 213
119 432
7 309
67 501
542 583
107 583
295 560
126 427
337 529
43 520
192 365
11 517
89 454
190 596
138 167
144 479
56 253
65 375
328 369
165 359
437 471
12 533
216 409
39 268
268 270
296 514
499 537
285 497
226 301
346 362
61 550
145 569
452 463
55 463
29 565
164 442
58 293
439 570
156 341
3 530
148 430
112 540
7 161
396 514
62 292
290 300
75 323
27 94
222 574
258 557
61 319
306 307
110 201
143 158
320 378
342 529
446 491
321 416
347 580
74 168
130 221
202 481
163 199
203 565
254 572
25 333
135 294
517 526
97 327
335 581
232 340
41 54
74 560
363 384
25 525
468 586
510 570
345 361
139 464
66 135
46 399
410 558
144 493
256 441
27 536
111 512
16 582
241 410
75 498
226 303
136 498
61 365
135 455
124 286
36 296
466 525
2 248
68 586
87 407
31 484
263 467
93 458
199 427
170 359
139 205
259 313
214 578
237 365
109 130
443 563
64 384
380 418
71 204
0 205
217 516
88 491
268 464
1 187
149 190
16 202
202 208
7 560
71 484
487 565
48 478
276 391
405 547
50 125
128 337
213 364
427 523
221 312
503 510
462 587
77 339
358 422
331 501
159 273
405 515
192 284
34 338
22 236
367 462
103 270
65 175
30 315
168 408
6 416
402 571
123 214
479 516
384 578
257 404
416 485
386 431
535 552
75 141
289 320
272 404
209 381
530 588
173 301
126 362
12 187
351 511
46 512
323 489
473 488
14 557
42 317
181 542
268 499
17 147
151 435
211 450
412 465
4 134
66 391
403 441
113 436
11 513
214 455
298 467
368 561
50 519
58 256
252 453
61 123
8 124
265 533
91 391
460 509
422 566
276 598
162 597
182 274
83 235
67 450
37 285
333 525
236 518
127 540
426 560
194 541
11 526
133 354
158 186
151 589
41 591
228 235
131 486
127 249
253 574
517 591
73 519
123 578
345 415
150 411
412 587
34 261
353 432
391 513
105 465
29 282
30 95
49 324
298 396
374 520
252 362
212 215
96 115
129 134
74 426
90 339
63 85
185 544
64 363
112 534
115 285
58 353
387 591
25 394
178 552
507 584
10 102
59 306
67 331
119 171
314 453
227 232
311 484
53 550
321 380
92 431
37 468
100 491
526 590
165 527
59 307
211 394
346 567
158 568
208 281
204 504
38 191
366 541
245 498
148 595
521 569
322 345
9 597
91 424
162 457
334 541
143 289
186 401
220 324
74 408
310 548
110 481
530 552
212 283
163 332
95 313
119 389
55 102
93 352
283 474
219 420
195 478
243 295
37 497
2 220
0 5
40 410
105 133
62 216
14 266
97 208
431 451
116 365
155 183
289 297
189 441
230 533
327 546
154 384
413 552
344 371
26 292
235 494
155 160
27 200
408 445
198 383
279 440
431 469
96 437
73 90
110 218
474 583
13 299
273 470
362 542
455 491
42 451
114 192
161 344
120 553
211 373
198 265
178 530
317 451
361 418
160 473
500 543
55 452
229 415
103 240
9 562
0 238
68 189
87 284
66 214
6 270
90 262
108 166
151 571
251 470
372 556
166 275
219 545
34 268
293 585
262 567
318 524
209 389
45 279
219 493
472 492
186 343
447 453
218 520
465 483
417 469
3 415
205 503
478 505
189 586
142 378
89 94
175 375
415 588
31 539
274 508
1 320
55 351
155 524
430 531
232 402
146 552
580 584
50 551
38 281
273 428
440 576
271 501
145 340
345 588
364 535
277 439
26 408
224 501
410 561
75 241
237 555
17 482
138 552
200 580
70 549
173 226
133 197
22 565
194 334
322 361
82 215
238 388
301 462
76 253
197 390
131 419
164 594
0 287
534 540
66 319
285 389
220 357
27 452
363 395
140 531
77 502
183 406
52 217
360 498
414 566
83 240
7 483
275 314
232 403
94 507
228 494
252 286
187 533
304 521
80 235
280 544
176 374
325 496
307 495
49 419
4 583
19 358
363 472
3 448
126 542
79 246
180 494
288 414
140 561
56 459
87 192
183 318
118 258
282 513
149 196
65 118
138 146
277 408
322 530
14 258
101 182
20 195
130 312
309 483
283 583
60 584
172 388
35 271
294 491
279 405
326 372
139 494
44 548
360 399
60 179
459 526
7 371
286 453
97 265
81 106
208 383
88 355
233 299
330 390
106 223
361 380
45 314
549 556
266 529
141 534
85 401
41 443
7 291
120 386
31 253
19 422
4 79
30 500
196 382
43 274
196 522
247 315
368 396
92 469
192 267
155 424
397 518
393 502
163 366
562 597
353 495
54 120
336 566
84 446
302 467
435 589
28 217
21 587
476 557
70 444
291 375
64 472
69 94
326 549
494 503
26 594
16 348
144 536
392 546
93 508
352 515
23 328
256 353
278 445
19 454
99 544
122 336
151 393
435 497
184 599
136 379
252 346
176 348
130 265
399 512
16 336
101 466
40 529
40 106
78 394
3 229
224 382
208 265
56 526
156 488
305 469
296 509
18 317
314 440
136 457
224 576
390 581
349 376
202 546
100 315
394 531
373 430
267 407
38 46
83 530
19 122
59 572
167 216
367 581
15 570
3 413
128 379
429 442
334 366
63 210
267 365
95 389
307 572
47 168
342 476
394 410
239 364
34 270
141 356
225 323
142 290
571 589
586 589
161 371
438 569
159 174
11 590
413 530
547 579
472 595
18 451
300 533
308 395
188 292
55 310
201 348
434 467
351 580
47 429
112 218
57 227
87 303
50 497
164 408
309 465
490 515
85 144
449 551
147 391
206 339
213 239
42 121
89 422
343 548
27 493
215 352
327 392
177 382
265 383
252 262
36 302
108 275
5 15
227 403
404 595
9 337
206 346
404 555
59 117
99 293
45 405
128 575
177 196
92 311
104 189
159 369
165 293
70 366
13 391
259 500
338 537
14 81
362 541
1 12
101 274
107 124
250 561
392 582
280 527
563 565
297 568
202 327
160 397
12 320
267 559
257 492
63 401
229 234
499 512
502 521
67 308
352 458
310 329
287 597
195 423
233 518
306 495
17 114
100 247
189 402
264 573
188 510
318 446
154 381
385 509
186 548
356 394
174 328
201 202
367 411
257 472
202 592
343 545
109 300
401 545
261 268
330 465
8 215
350 501
260 291
70 304
238 287
20 244
299 598
100 446
25 475
102 496
77 304
338 419
373 450
29 137
345 380
55 329
84 294
276 513
63 186
356 534
107 286
259 543
365 559
262 339
98 591
171 468
172 238
126 541
262 447
117 500
33 112
346 554
29 563
541 554
221 477
15 278
355 381
279 596
208 481
275 440
71 469
282 387
357 383
305 417
213 530
140 410
284 459
593 594
111 287
161 258
369 419
272 555
71 311
262 346
217 479
97 202
113 169
412 483
271 350
209 285
290 320
206 554
359 527
178 364
142 210
355 384
181 523
113 253
74 175
103 235
74 375
459 564
149 177
170 207
285 437
344 509
480 562
179 347
32 262
235 240
241 575
508 515
515 547
147 482
313 389
113 564
193 195
62 409
118 161
218 249
42 517
43 525
367 587
204 335
314 405
108 125
354 560
174 470
230 300
174 421
304 444
269 511
237 267
133 309
489 540
17 391
53 555
332 366
258 344
125 349
85 210
10 351
176 336
229 345
156 160
57 478
70 244
156 236
315 318
116 192
155 299
38 248
310 343
288 582
165 544
317 386
51 225
67 382
200 351
266 476
114 526
60 134
65 291
180 239
224 522
241 356
191 208
35 154
136 152
272 430
105 330
116 147
108 350
248 537
128 136
275 349
104 441
217 414
133 390
81 368
346 541
350 449
117 406
259 306
76 367
62 594
21 173
204 528
308 331
231 293
225 481
111 152
209 247
59 500
86 406
343 401
255 587
102 264
487 518
95 209
336 358
132 445
156 473
510 535
4 246
341 397
111 457
357 398
278 388
84 424
40 128
93 176
153 335
65 476
314 447
255 506
287 388
63 297
2 324
249 481
136 337
43 176
19 212
66 91
125 551
484 504
66 123
0 464
79 199
302 434
173 255
61 116
340 402
36 514
411 581
329 400
9 342
163 334
317 538
440 596
497 519
429 593
68 171
263 385
71 504
317 553
400 420
115 209
69 283
126 181
129 511
194 199
263 272
251 273
35 331
307 585
145 393
236 487
437 449
203 236
200 452
130 327
93 515
388 562
185 527
65 557
463 493
8 283
492 578
237 550
75 575
69 454
254 406
239 494
332 549
278 570
29 233
303 385
370 473
90 376
230 290
291 560
304 569
422 536
399 498
333 475
364 510
81 296
375 560
43 157
251 320
111 499
19 215
150 367
312 392
57 170
104 232
6 34
196 224
7 354
41 98
24 159
46 248
230 320
261 338
294 446
329 463
264 325
170 185
53 257
215 490
130 392
39 499
168 426
172 278
167 425
61 492
37 119
170 527
205 494
51 489
19 82
148 272
382 450
255 433
546 582
22 203
368 558
269 351
25 78
16 201
367 484
272 467
121 517
286 542
116 391
247 381
121 553
101 149
114 590
22 487
8 212
124 474
10 573
75 379
290 378
198 533
503 570
308 363
187 324
136 399
316 356
141 489
68 468
185 227
53 237
246 542
106 558
129 179
82 352
140 250
19 89
295 426
109 265
105 390
126 194
572 585
395 450
250 396
167 292
254 488
271 331
347 584
100 318
262 376
104 402
23 174
126 199
65 260
72 248
33 475
344 483
136 597
501 576
212 454
476 529
335 504
159 421
242 311
98 553
124 453
35 363
57 193
29 598
121 591
357 533
118 557
69 584
413 448
143 297
132 480
152 457
59 259
483 509
400 463
408 439
32 447
136 162
56 242
206 444
385 467
51 127
106 368
87 436
131 485
324 357
263 303
472 578
129 347
138 425
31 222
410 531
96 449
250 272
444 554
233 487
114 116
79 523
64 578
43 508
302 396
446 524
385 434
43 374
330 411
173 385
165 280
69 89
149 466
437 551
112 114 176 526 512 116 409 451 390 461 371 550 388 347 351 479 279 400 138 510 447 423 347 134 504 456 424 24 304 321 159 105 244 344 143 390 513 6 53 298 31 459 572 399 8 333 214 194 214 456 37 99 596 407 233 403 353 213 220 399 170 414 591 154 230 150 28 391 120 177 383 180 468 167 340 510 424 237 531 574 183 62 538 29 352 115 574 534 25 313 585 268 403 38 144 51 339 276 268 459 482 231 434 341 572 587 463 321 217 279 113 34 169 575 208 324 214 272 89 546 542 155 9 301 213 568 350 48 546 105 515 157 216 161 195 561 518 581 406 529 153 597 537 167 150 587 462 187 222 598 399 255 393 40 318 147 182 293 579 208 51 518 529 386 320 73 10 368 201 91 292 115 53 483 416 470 395 377 364 579 121 197 493 539 427 189 584 445 478 180 140 124 13 73 202 214 253 24 384 569 532 117 21 540 421 208 419 580 405 314 287 583 489 107 348 185 597 361 346 242 258 335 589 331 431 470 301 63 574 377 7 204 401 386 169 312 129 438 564 331 150 245 461 491 484 387 175 179 347 178 267 70 355 358 122 299 164 102 481 247 20 586 342 240 56 156 379 597 260 189 466 573 314 174 295 49 136 510 547 272 533 156 400 101 406 466 313 524 574 87 59 175 17 279 505 168 229 450 330 206 287 283 193 49 222 379 157 245 522 534 519 455 117 575 97 236 291 524 26 541 47 416 347 527 104 14 596 102 61 1 147 373 147 378 536 347 29 295 518 12 97 500 400 223 351 588 513 153 171 538 280 345 56 21 225 460 287 191 112 487 154 126 152 350 342 156 464 119 202 487 98 43 255 459 244 406 488 511 58 219 152 246 267 580 543 107 564 418 255 132 408 11 49 65 458 362 449 163 430 58 334 366 202 536 597 463 237 392 113 301 183 276 530 514 121 567 50 119 469 490 100 535 317 592 0 240 84 464 531 292 263 565 143 109 279 342 271 422 118 481 157 31 90 445 303 412 578 140 91 426 312 549 158 313 430 318 178 243 469 192 169 72 93 252 398 296 307 399 33 540 386 222 128 398 147 198 485 598 346 418 535 420 70 388 35 576 146 100 234 553 115 89 343 466 197 369 484 276 188 200 244 419 463 547 180 81 316 37 186 585 7 489 5 211 296 326 212 101 434 122 291 259 190 513 304 322 436 357 485 464 191 242 163 138 399 382 157 29 10 511 319 29 56 393 310 387 566 213 103 292 571 96 472 217 400 235 541 127 564 419 588 159 64 76 334 323 203 276 449 42 172 259 63 134 584 18 255 262 475 505 110 122 524 441 364 244 35 40 578 543 379 322 459 500 462 90 296 165 234 403
740 809
487 907
534 844
894 927
18 611
779 770
724 943
919 471
180 585
713 647
24 860
767 147
431 900
597 173
775 489
807 777
364 670
697 180
915 56
191 672
69 264
874 321
599 48
511 917
612 991
443 517
903 705
159 762
311 835
646 88
389 119
898 214
181 459
491 569
682 914
431 320
793 429
287 198
543 766
698 805
658 550
739 14
818 99
367 580
134 979
285 460
574 750
936 652
5 175
526 880
243 285
499 673
290 863
628 328
787 11
88 829
818 182
65 113
248 25
332 38
99 653
632 256
914 732
266 936
508 312
854 553
542 220
471 385
254 132
126 667
50 348
940 160
589 815
208 333
914 580
588 648
852 257
154 331
464 473
5 572
808 892
717 491
247 628
815 920
485 141
222 873
375 16
752 289
438 230
151 683
206 380
568 178
922 113
288 593
128 704
355 138
328 278
393 767
761 56
125 81
436 190
370 509
50 920
753 935
152 132
965 408
680 516
131 558
280 344
354 858
418 660
672 788
454 588
819 253
735 210
369 264
688 229
367 50
845 519
308 162
826 22
792 96
235 670
554 262
172 534
241 326
76 516
476 634
665 588
6 719
360 779
621 950
778 677
982 456
20 643
543 186
660 675
660 116
974 839
758 833
612 452
575 593
295 916
295 985
216 814
151 249
989 882
659 206
587 389
398 476
926 329
165 199
627 764
980 264
455 281
502 95
501 5
418 574
269 990
512 981
487 44
886 494
683 728
17 462
924 685
122 25
314 376
949 795
893 653
808 293
7 32
280 143
780 739
813 353
486 947
822 590
327 601
439 452
916 877
20 671
854 831
60 541
337 529
432 85
960 980
54 88
210 979
471 873
890 786
211 140
375 461
493 765
714 246
85 195
32 485
46 210
406 433
977 488
430 816
9 515
113 761
389 633
405 698
622 32
989 171
801 821
124 389
22 6
461 739
374 212
260 904
532 451
190 627
846 895
506 243
224 603
999 783
280 819
445 629
168 852
505 833
339 812
919 236
758 530
391 408
497 711
784 332
100 107
751 883
930 996
405 891
192 77
96 167
598 116
988 985
782 918
594 18
638 282
735 756
837 864
791 945
609 560
856 142
981 536
62 303
580 678
86 581
408 209
581 840
469 665
640 419
416 960
144 464
841 212
413 23
872 359
213 58
601 333
825 482
335 75
874 521
653 842
176 417
715 361
2 891
401 814
749 566
693 323
699 870
35 747
719 902
379 314
674 380
452 984
362 544
273 394
646 142
835 664
787 711
322 451
93 36
522 749
688 49
134 629
758 232
331 243
129 508
703 773
304 727
386 945
319 889
900 529
879 737
174 33
508 170
974 569
746 468
303 941
682 412
554 127
392 859
816 322
730 410
749 335
100 338
993 72
312 60
305 30
487 364
943 439
99 881
895 161
337 763
310 97
248 482
391 171
527 532
860 83
413 144
585 234
402 922
712 998
830 962
542 692
503 859
5 985
17 265
381 733
531 962
106 848
990 358
431 353
18 399
454 560
41 452
988 229
285 653
686 621
630 861
177 370
139 187
545 50
747 636
139 914
847 467
858 988
123 428
36 712
349 646
251 380
349 338
64 789
255 591
240 110
946 493
474 250
571 563
469 826
262 690
49 7
594 713
827 990
106 470
473 311
886 839
668 262
63 406
922 281
684 470
567 938
464 59
889 453
29 295
563 415
360 619
885 576
213 416
410 102
342 912
625 613
764 995
391 239
453 425
443 790
498 269
765 364
893 28
701 81
739 718
335 196
994 411
633 189
340 737
184 240
524 486
540 382
671 445
517 67
465 773
614 740
137 840
199 913
173 171
123 123
610 366
330 491
402 50
728 318
862 639
991 744
602 511
975 330
914 373
952 915
274 748
904 967
690 980
962 30
748 973
590 903
142 884
477 974
179 715
19 225
526 142
987 807
985 636
13 541
366 998
988 678
596 429
941 57
273 114
858 398
756 410
249 222
773 262
294 266
94 221
835 727
311 420
170 113
956 688
703 24
122 361
812 644
468 168
209 443
990 922
302 316
503 416
880 119
112 790
186 499
156 649
511 211
54 686
674 756
274 628
770 200
833 387
947 834
859 298
119 816
725 847
940 389
396 517
709 388
257 169
998 122
456 951
268 272
558 327
460 32
144 581
479 532
772 598
306 774
36 158
237 831
780 649
454 689
708 211
906 410
916 187
643 994
662 970
604 89
440 5
527 655
223 560
480 207
583 291
153 796
777 869
266 58
41 964
276 236
620 696
648 814
363 79
388 360
183 303
833 804
964 199
0 112
887 385
132 740
313 578
836 434
860 802
33 773
603 790
680 149
721 454
303 534
241 804
801 140
557 95
220 300
399 609
149 303
370 430
39 562
461 117
430 546
751 175
57 45
970 146
710 605
860 926
562 460
18 946
423 843
520 570
909 817
215 787
628 834
883 58
856 184
514 616
74 448
98 549
360 105
87 75
178 882
364 704
269 515
135 953
0 354
607 305
274 308
940 861
792 59
88 419
648 352
21 326
807 502
647 500
679 291
928 558
647 463
754 689
651 53
807 224
620 64
258 720
152 404
281 961
101 257
848 763
198 182
326 6
6 826
878 232
637 586
346 384
796 979
534 283
201 543
66 758
999 317
321 697
108 597
89 731
271 5
220 167
896 336
861 953
224 203
726 158
736 64
438 714
967 717
940 721
563 364
342 423
703 689
614 146
991 950
