600 1252 600 966 7
156 170
117 508
173 472
53 161
332 336
325 519
395 591
328 531
60 460
109 225
390 490
195 271
240 551
20 65
34 50
340 510
464 475
73 323
20 95
173 342
74 569
125 563
398 401
58 447
210 213
10 491
459 564
278 583
82 563
343 374
280 378
153 443
337 477
336 539
471 541
9 467
172 419
110 511
272 336
64 319
15 24
69 112
137 362
253 592
87 537
509 560
52 105
362 412
138 298
352 470
132 447
454 503
338 408
455 488
31 314
89 561
4 415
209 563
36 77
26 560
169 183
350 474
237 362
480 538
23 105
205 494
21 65
136 255
301 437
172 174
0 369
445 468
71 366
230 416
123 456
139 465
224 240
168 495
462 568
169 507
177 426
262 524
94 136
328 412
464 518
206 432
181 402
19 286
210 447
124 445
488 550
123 270
216 417
143 527
303 445
158 322
379 415
322 413
327 359
206 407
267 455
325 378
181 382
81 599
226 517
325 501
417 593
1 13
48 475
274 528
381 489
114 332
267 363
283 457
88 398
56 93
83 177
133 441
128 593
288 351
318 371
21 535
265 476
81 218
245 519
7 495
74 334
95 520
196 409
247 284
192 384
189 391
84 506
107 161
53 199
97 536
329 365
289 456
354 597
215 320
24 489
226 273
168 332
29 341
279 448
229 558
11 520
351 473
10 377
5 359
1 446
231 263
140 459
524 544
89 390
0 243
79 238
403 508
1 382
215 592
241 411
394 414
111 249
122 401
149 185
247 295
511 560
561 575
22 476
75 542
181 591
268 337
103 121
294 589
127 387
39 371
116 257
273 390
183 334
129 157
159 458
6 262
344 422
166 357
58 327
6 523
196 267
23 121
14 395
387 440
154 285
296 384
52 136
72 367
96 481
429 548
260 264
40 489
146 444
91 362
231 500
526 550
258 340
332 401
189 393
384 527
178 555
12 422
17 427
120 472
255 472
54 313
61 260
468 551
140 565
333 422
114 599
54 92
371 461
173 250
359 513
385 569
90 185
141 204
50 345
300 430
207 574
221 399
15 555
102 421
216 230
228 316
174 297
25 189
421 594
30 179
500 597
444 557
20 154
14 462
353 361
418 473
281 574
327 447
351 579
131 154
199 313
380 551
372 474
71 131
411 591
126 483
209 400
266 443
369 547
337 503
133 459
48 581
372 562
104 590
147 342
131 422
429 570
220 324
37 149
275 301
86 121
140 429
60 101
32 484
154 471
125 400
168 546
112 567
108 273
220 425
452 544
316 576
342 383
192 371
219 297
316 529
153 448
289 343
41 452
223 552
44 565
76 157
45 315
412 453
296 565
423 516
198 486
133 170
457 545
326 486
151 420
168 401
25 146
99 224
397 592
41 163
56 174
90 194
422 541
418 529
345 550
11 312
122 332
322 330
77 344
304 528
38 191
288 569
278 338
14 568
57 119
2 203
484 562
309 376
282 518
325 567
263 597
209 251
148 458
292 518
41 386
76 197
31 48
490 593
290 549
195 481
337 506
465 583
178 467
28 53
289 451
435 450
104 277
93 233
189 370
330 379
470 597
546 597
233 363
280 519
155 382
15 230
67 552
85 104
258 412
94 530
39 68
100 584
64 353
182 483
72 90
46 515
293 478
449 545
419 575
229 373
26 408
214 533
120 586
136 530
14 382
271 487
98 213
72 194
220 584
251 550
113 160
10 393
6 410
33 531
163 452
415 543
27 195
298 532
135 471
236 522
77 396
35 278
427 494
514 522
459 548
24 467
213 359
254 335
164 314
146 557
331 560
305 438
152 531
75 231
165 515
264 458
116 156
46 49
404 499
52 115
247 449
30 576
452 524
116 454
235 461
281 498
469 479
179 576
295 449
178 593
373 512
487 590
160 434
61 510
101 212
3 136
15 216
177 221
298 347
101 565
196 224
231 398
5 530
338 583
515 590
218 541
318 349
297 363
28 50
151 510
334 418
38 509
185 253
299 333
160 506
235 384
94 244
349 441
204 314
211 582
254 474
232 426
77 383
243 282
249 304
478 578
322 529
130 463
252 525
177 460
62 587
151 238
121 553
554 572
273 490
197 217
169 353
268 304
362 453
241 591
282 292
384 428
200 306
281 594
412 531
225 256
174 230
65 69
374 439
284 558
524 528
331 439
322 415
153 315
283 545
14 155
564 565
463 482
528 589
434 543
234 305
50 363
80 582
338 502
84 337
100 414
257 264
335 347
273 517
91 237
56 598
222 562
147 197
135 395
51 86
96 118
182 241
348 504
314 475
127 553
31 164
229 386
315 537
301 326
152 536
231 594
339 392
381 409
237 494
450 519
246 548
128 490
217 342
146 373
22 573
141 369
72 320
18 102
79 258
203 350
106 455
275 286
75 594
277 485
243 547
189 557
246 434
353 399
276 290
397 521
54 199
373 444
85 277
76 129
126 182
184 466
270 289
8 318
209 535
407 467
364 401
236 421
106 196
99 526
315 423
354 574
422 505
120 310
346 397
332 495
403 482
134 520
175 525
1 484
13 402
492 560
470 525
5 513
66 542
242 262
157 493
12 344
226 556
209 550
386 508
482 523
386 403
191 425
184 574
212 569
336 599
80 419
218 388
197 312
222 474
29 125
319 334
211 376
190 369
315 443
167 465
584 585
254 347
226 339
404 572
316 322
312 448
242 249
202 239
176 279
372 532
27 271
39 213
319 353
214 426
105 115
70 466
390 561
40 416
209 526
366 520
107 598
252 595
93 219
252 442
177 433
80 424
354 470
249 589
37 78
33 536
175 442
47 429
180 535
7 175
162 169
80 109
372 484
174 219
256 399
287 478
212 385
101 460
78 365
392 588
341 567
299 389
167 397
196 496
182 208
11 77
79 151
127 540
296 428
143 433
147 472
161 266
122 505
123 277
56 172
405 574
438 497
264 328
103 115
279 520
118 305
336 483
211 309
556 573
147 173
196 381
284 370
290 355
100 220
265 291
102 440
304 458
152 242
75 421
8 98
328 510
78 521
44 460
59 299
110 502
331 511
46 132
302 577
200 514
127 440
66 236
157 358
50 550
160 578
523 544
249 458
49 486
232 376
101 385
411 483
238 420
127 286
142 226
130 571
316 534
74 351
113 295
186 497
148 454
303 496
329 480
113 293
275 540
168 398
39 513
148 304
574 597
86 301
404 571
403 452
117 373
188 368
173 383
42 308
164 204
347 469
113 478
35 465
145 201
99 106
86 103
268 295
412 510
92 279
340 412
54 161
115 121
414 585
367 439
83 460
379 478
93 174
33 152
393 491
76 493
99 380
268 528
146 512
292 480
129 144
131 541
59 514
2 474
119 180
89 575
288 385
327 530
120 306
73 512
127 204
251 313
0 314
421 542
24 178
436 535
5 321
261 547
63 284
14 181
218 471
158 473
134 187
52 94
241 483
398 542
285 567
342 396
49 104
315 516
68 213
309 598
482 544
69 567
90 290
53 107
9 128
33 572
104 486
454 477
60 177
402 591
487 515
105 120
466 581
19 261
133 349
382 446
111 458
301 355
344 366
140 288
504 532
88 168
112 154
97 317
122 388
281 597
270 439
414 497
274 452
502 511
89 417
343 414
370 557
311 455
20 520
145 361
220 394
143 315
114 336
118 499
143 423
280 382
306 514
28 199
288 565
38 492
330 415
347 479
329 521
85 590
111 242
80 201
458 531
319 399
28 345
216 596
334 569
203 254
334 579
31 498
413 534
177 428
21 69
19 190
370 377
96 438
50 53
330 534
484 504
499 571
97 242
22 291
237 427
285 395
175 357
8 213
108 517
87 493
44 101
330 580
26 278
19 276
229 444
116 133
437 540
226 575
174 216
234 438
25 512
78 329
193 484
279 577
138 469
151 340
68 359
235 315
24 555
73 491
375 474
34 233
364 398
70 574
134 366
328 458
141 190
488 526
33 453
149 253
57 577
124 551
247 370
121 437
248 580
245 445
418 576
363 416
405 470
123 485
158 288
145 256
404 410
166 559
182 402
407 496
154 366
49 515
240 468
51 486
125 435
5 129
150 223
17 237
108 490
29 501
47 570
333 389
42 580
81 411
27 481
270 456
291 430
92 448
203 474
74 579
229 508
110 465
3 144
226 390
270 367
227 466
390 417
43 365
106 267
285 356
186 271
267 489
133 548
7 272
545 558
79 340
232 266
256 424
33 137
202 234
2 222
276 355
158 429
135 154
263 546
130 410
55 165
188 564
129 321
71 154
361 430
219 363
136 586
180 302
341 563
59 200
142 517
9 206
55 258
36 406
110 167
202 499
161 171
395 411
318 441
218 599
22 162
24 407
89 172
15 40
224 303
172 582
211 232
195 515
236 542
142 556
252 335
7 357
16 470
166 298
43 261
268 274
25 393
62 571
272 495
32 504
343 451
213 238
29 325
158 570
136 259
377 393
177 225
126 357
329 538
131 344
37 521
186 451
483 539
51 326
193 532
260 420
364 389
5 144
352 597
184 227
56 211
447 552
243 292
54 443
0 282
76 358
167 592
364 505
26 338
4 158
299 406
339 556
267 416
77 187
87 153
109 582
380 400
33 554
183 576
320 331
3 129
13 504
72 123
178 596
46 552
437 553
233 598
151 260
55 132
262 294
43 78
109 211
473 529
119 251
334 576
37 261
258 447
293 370
213 371
23 522
240 303
368 371
93 598
50 233
108 566
324 492
403 544
231 281
245 435
135 285
201 361
304 589
477 506
21 341
110 583
388 505
557 558
102 164
375 562
149 346
186 289
99 209
17 195
312 493
192 368
27 438
408 560
296 564
62 202
516 533
171 598
431 519
534 580
190 204
480 518
90 253
21 95
502 583
313 345
388 541
252 470
474 532
442 479
84 268
7 525
144 530
45 321
386 457
205 572
197 493
140 158
75 398
110 331
339 588
202 305
61 151
103 150
270 374
260 349
118 205
87 157
378 519
41 457
235 527
228 322
145 424
385 565
201 430
16 352
11 217
271 515
113 578
277 549
82 400
3 255
63 558
359 530
386 452
343 394
182 559
464 581
178 216
414 438
71 344
65 95
211 225
291 476
262 523
556 588
532 559
215 331
466 518
370 391
133 188
459 565
87 315
227 405
176 520
268 449
182 591
360 576
230 297
31 207
392 575
333 406
427 481
211 598
363 455
126 559
217 312
55 362
185 276
92 153
348 402
463 587
68 513
492 509
361 399
280 356
134 344
198 355
48 70
66 398
390 593
208 348
200 472
100 585
187 520
435 501
106 526
7 546
85 123
434 570
80 145
124 245
324 425
244 447
236 387
84 160
214 516
433 533
177 256
88 401
310 586
389 522
146 189
502 560
158 351
64 334
133 156
226 561
214 433
163 274
107 171
27 497
106 488
25 491
269 280
58 94
81 395
294 524
175 469
253 346
86 326
293 377
55 447
285 325
23 115
22 507
113 247
243 538
400 551
402 446
416 489
163 545
156 454
64 183
543 570
45 513
247 545
91 165
25 73
166 532
105 514
443 516
164 498
171 376
450 501
411 599
283 558
171 309
257 349
96 205
240 380
115 150
190 286
348 559
382 402
435 551
249 307
66 389
271 456
102 594
107 233
225 232
205 481
76 472
17 91
127 190
300 392
381 496
250 472
97 262
61 328
442 595
430 588
80 392
272 357
128 566
66 379 437 592 62 524 285 583 25 469 127 287 2 175 126 7 73 334 294 429 441 534 55 235 554 324 334 173 452 13 262 427 196 213 316 448 90 557 336 140 44 85 577 321 593 438 113 89 20 446 487 137 352 451 551 429 70 170 79 325 135 167 23 246 23 172 407 359 480 16 223 31 432 469 30 109 300 231 327 190 63 468 28 80 507 66 178 313 337 535 436 342 358 232 128 330 224 85 474 406 596 556 541 465 233 442 426 413 211 524 62 314 429 250 94 416 55 559 514 373 24 528 309 582 534 526 147 523 169 372 541 294 529 31 308 268 501 140 284 407 435 308 424 519 34 222 216 89 568 479 440 457 315 373 25 360 536 347 40 384 189 568 123 342 90 247 419 443 38 559 530 241 459 567 434 2 379 419 436 278 30 102 311 551 282 171 129 15 166 479 11 377 514 62 24 597 498 209 201 355 123 83 60 108 160 444 463 176 125 222 266 251 296 49 457 197 596 59 429 37 85 452 518 102 355 401 209 502 227 478 162 22 384 496 17 310 270 318 95 113 436 122 213 354 180 403 497 147 57 423 129 240 474 406 386 597 371 574 560 48 211 137 69 12 468 424 173 180 22 446 92 590 117 512 245 224 541 153 174 230 2 354 386 88 532 186 335 554 129 236 528 404 598 168 394 113 136 39 435 357 531 142 544 538 405 596 48 88 7 159 304 362 588 316 555 407 343 592 219 295 270 318 306 411 74 341 503 346 575 547 526 583 33 193 134 36 318 42 544 147 174 447 598 4 505 159 519 350 51 7 242 559 37 504 465 248 272 65 324 137 31 409 327 344 81 80 533 170 435 244 75 200 190 316 279 350 18 294 370 504 261 520 122 39 461 578 73 240 42 512 388 384 3 181 87 548 28 217 554 265 198 464 357 328 462 396 554 40 504 230 492 417 388 306 0 519 386 116 59 541 124 158 26 267 573 304 113 495 93 46 549 55 545 474 159 523 32 483 165 493 138 21 570 72 515 185 335 130 379 259 230 565 573 290 167 63 445 325 547 265 268 264 225 68 380 229 29 422 562 505 493 216 251 519 185 291 278 70 584 54 336 445 256 105 340 542 235 398 422 585 33 326 157 169 131 113 428 333 273 441 258 148 73 495 217 309 287 304 286 424 497 227 157 67 292 10 286 396 512 509 246 531 411 222 570 368 53 293 329 506 275 475 406 425 520 512 292 454 422 550 364 297 574 549 391 281 399 86 187 451 370 483 319 528 330 97 491 552 113 389 70 466 41 422 379 516 414 396 170 386 239 40 428 451 394 151 198 443 174 273 63 408 532 180 510 122 243 568 455 457 1 140 468 345 300 12 429 249 433 23
81 383
218 1000
15 999
477 498
880 298
521 491
578 41
106 726
605 353
924 924
978 119
456 667
337 664
195 983
323 925
785 909
78 729
389 237
141 521
154 333
437 776
514 833
997 601
259 483
852 951
927 52
105 8
375 118
647 755
488 892
994 425
83 465
171 992
506 165
713 760
5 16
367 656
90 272
191 40
640 450
767 872
723 51
985 157
68 293
769 473
592 534
361 284
816 297
37 477
337 293
695 791
304 366
407 443
671 743
627 692
440 296
797 740
565 729
463 391
330 611
812 517
582 274
462 3
801 114
918 480
452 841
232 599
396 393
582 433
467 869
36 527
374 759
189 142
946 25
888 434
162 577
484 543
397 667
49 244
523 332
858 669
288 832
575 886
749 499
767 194
282 199
268 388
553 622
178 669
873 791
197 263
422 265
597 662
772 751
438 421
470 763
410 111
573 117
628 375
652 905
328 28
797 471
162 496
300 433
286 306
331 517
674 889
702 730
984 892
808 674
99 128
588 192
424 861
871 167
229 794
309 477
706 284
835 5
454 102
583 755
386 495
262 451
211 717
228 177
590 992
540 905
163 859
219 465
947 892
527 532
524 55
352 742
408 295
713 330
416 717
338 839
460 465
451 180
102 853
1 168
793 413
110 409
997 733
661 556
497 480
846 608
884 62
449 584
704 242
141 276
331 433
554 302
552 178
601 633
389 790
315 953
761 295
541 575
854 366
651 204
820 207
682 684
965 587
717 99
121 474
391 273
127 894
27 136
165 693
984 540
739 312
714 694
862 760
391 595
809 779
99 776
483 725
775 552
877 905
994 488
540 762
280 953
217 882
950 453
33 580
165 252
317 121
436 684
735 383
922 96
137 391
243 51
699 411
144 964
217 220
369 164
742 956
477 616
262 333
623 735
355 577
876 629
447 30
0 951
151 439
438 133
932 982
82 543
191 919
588 825
529 386
775 684
854 475
601 405
713 595
123 183
821 892
488 640
303 797
772 786
276 13
855 526
51 999
360 355
693 941
776 624
956 771
6 598
992 324
802 30
794 849
130 612
748 631
743 771
391 42
650 523
228 530
409 213
555 352
417 4
654 958
249 873
592 141
44 359
430 363
544 991
781 280
813 145
992 220
622 185
421 589
576 780
7 763
150 226
29 904
458 522
870 560
654 260
492 323
427 467
606 297
66 319
602 73
119 643
629 275
973 624
699 643
738 874
725 180
353 910
246 120
306 176
173 765
970 825
735 135
215 390
181 299
242 212
41 2
574 701
392 984
94 568
46 385
768 50
830 113
401 906
196 353
945 170
836 417
287 122
232 266
944 625
13 367
900 160
645 113
784 173
754 444
788 818
67 879
279 641
930 675
239 359
516 749
681 1000
676 185
423 71
360 533
632 158
996 77
743 698
421 530
707 813
519 646
597 730
75 438
609 558
989 386
528 119
650 387
884 497
156 161
569 507
933 314
967 2
210 9
476 936
292 336
503 400
552 242
0 234
940 262
155 132
197 742
293 667
924 451
19 824
234 831
747 213
72 40
929 723
517 292
500 860
431 625
284 93
370 701
610 779
118 260
29 848
202 945
654 318
12 973
855 400
100 695
934 509
14 664
220 337
392 948
131 842
508 550
522 424
937 424
894 585
450 210
739 821
251 677
20 258
381 732
217 141
689 373
134 353
899 126
651 420
107 954
853 25
243 79
71 960
727 663
951 142
432 972
903 233
630 939
820 976
285 991
382 636
704 463
834 457
743 34
217 500
274 745
255 622
910 825
896 101
900 711
959 98
271 51
307 889
432 651
53 183
188 625
904 542
599 902
216 691
255 953
657 6
525 90
4 633
343 638
880 985
107 63
778 972
552 84
270 852
489 256
973 285
331 59
901 273
763 842
864 853
945 396
874 706
568 324
180 536
304 692
641 577
810 631
256 29
765 583
397 183
718 484
808 355
919 652
511 989
976 974
705 557
818 259
557 956
511 789
237 408
394 86
199 112
194 486
683 342
62 788
644 670
847 54
635 993
254 987
429 334
567 644
769 148
499 967
319 86
686 41
492 227
729 246
702 839
250 163
745 77
633 223
767 384
771 517
632 480
335 970
540 28
6 445
15 97
5 519
897 920
613 971
73 820
16 705
352 793
436 554
900 364
38 960
37 439
957 667
758 248
920 203
46 829
1 317
400 141
620 3
218 855
143 994
254 190
313 320
309 219
676 832
755 898
940 866
951 67
161 24
510 622
423 180
135 719
763 992
351 95
94 508
467 78
105 606
500 928
81 89
722 222
172 945
282 708
793 248
996 567
770 0
179 63
542 273
118 109
910 20
600 476
300 599
368 252
671 620
986 795
4 417
479 996
457 720
22 196
292 538
606 24
646 86
55 745
635 842
681 538
693 162
950 370
494 437
543 205
129 919
659 595
997 277
550 788
533 144
570 566
28 336
174 822
210 421
311 724
188 576
858 229
651 34
763 111
114 672
101 333
778 314
246 287
619 820
596 940
384 331
237 435
469 123
846 908
965 731
863 93
806 80
167 907
136 80
904 789
94 980
553 864
729 440
781 440
991 931
450 893
310 979
861 442
850 310
495 53
491 108
998 707
58 578
887 764
972 437
537 715
875 203
892 405
951 198
5 483
830 689
46 50
390 10
364 34
418 491
514 28
946 702
667 146
305 249
258 905
103 212
901 863
143 546
15 794
858 882
85 621
751 730
267 808
