600 1325 600 708 19
264 535
80 88
63 317
336 585
332 551
92 447
315 329
283 390
85 149
406 464
1 495
494 541
424 588
162 529
95 457
159 478
87 271
97 313
119 335
518 564
303 335
63 409
213 377
133 339
48 414
426 584
82 550
59 102
212 464
224 480
63 181
139 545
155 580
264 572
418 486
273 543
125 449
214 343
73 216
45 515
39 149
393 490
265 381
160 286
300 470
127 217
174 246
486 549
493 555
267 438
165 463
94 402
298 452
293 527
169 574
150 163
263 383
183 459
86 230
17 472
76 558
243 587
151 382
369 542
353 412
195 296
285 309
137 529
101 178
50 436
375 488
81 153
70 287
296 326
279 584
84 550
18 340
40 498
308 419
275 326
114 540
301 465
47 170
284 312
155 400
217 335
45 405
212 406
77 327
188 549
70 154
33 571
526 565
192 233
310 407
62 248
153 202
103 449
90 183
370 495
134 208
133 586
169 364
171 397
270 395
89 561
312 472
25 316
127 579
82 453
223 529
355 488
71 132
16 62
194 228
328 526
318 577
374 595
55 314
405 423
218 363
134 239
34 405
110 392
177 408
236 330
49 429
172 404
360 376
228 385
335 437
226 251
208 239
334 598
95 230
134 592
292 587
136 243
428 515
472 575
11 580
248 415
220 494
294 481
77 416
220 541
197 585
291 379
84 300
37 469
363 385
311 372
221 306
284 599
479 508
300 453
179 544
19 202
133 345
196 467
246 547
151 430
10 151
23 490
128 583
157 213
45 596
288 543
181 325
174 467
293 359
48 238
493 497
125 405
182 335
66 458
103 450
247 400
73 116
23 448
360 571
470 509
67 68
191 248
90 406
191 565
250 572
87 126
93 544
283 521
86 104
247 358
256 574
225 226
16 347
69 459
145 468
255 315
396 407
244 401
1 5
324 446
5 44
143 186
239 340
178 280
91 569
316 421
343 532
121 184
116 216
294 421
327 459
33 370
80 567
26 114
311 429
5 158
115 161
24 97
90 241
139 242
319 410
383 386
276 462
48 499
253 445
23 352
235 305
167 311
316 559
189 235
170 186
382 430
281 507
184 352
139 580
251 314
9 318
408 472
356 567
101 108
302 545
116 583
499 594
61 395
480 507
167 411
294 353
281 379
338 487
138 261
215 485
123 281
7 27
328 415
248 561
9 152
188 397
189 276
208 465
197 274
158 402
548 564
262 310
113 403
176 420
25 184
190 532
323 392
49 369
204 207
408 477
443 543
330 380
422 573
259 576
444 461
386 492
19 577
2 340
379 507
196 399
5 451
338 466
331 597
200 449
396 528
422 549
205 599
263 417
0 341
115 273
233 489
309 398
396 513
352 445
243 275
452 506
306 380
240 333
55 210
59 376
170 508
235 349
520 525
23 541
308 398
349 361
39 568
112 305
145 417
3 30
344 509
87 531
265 449
353 559
203 280
462 566
315 380
334 362
368 595
152 278
30 135
348 501
282 587
113 117
525 594
536 577
319 595
241 369
369 429
26 160
26 432
40 114
3 135
100 563
227 445
272 522
30 159
303 368
34 286
348 562
171 287
386 456
9 481
88 506
109 222
145 289
404 418
357 460
470 546
99 453
63 521
261 531
53 98
96 431
482 500
325 505
52 539
96 285
214 529
91 172
235 361
205 317
61 583
12 494
36 486
138 473
213 305
96 359
71 511
233 469
1 451
58 172
271 531
260 368
392 473
12 445
479 510
478 514
219 543
30 301
102 583
135 159
126 268
68 320
110 341
241 542
77 304
401 593
486 573
94 119
213 512
80 508
329 330
442 449
176 237
40 432
358 554
28 409
484 545
271 409
124 176
207 585
176 596
87 555
82 99
291 404
172 418
207 336
501 528
257 289
42 149
146 561
219 288
63 505
103 265
365 591
234 412
326 557
89 146
341 497
51 78
84 399
341 370
59 268
463 530
96 122
32 288
110 394
269 444
194 234
278 481
17 593
99 142
243 282
28 390
370 555
341 493
77 459
166 545
493 531
144 186
9 25
416 459
250 399
86 249
175 471
41 521
183 406
252 489
448 490
52 513
92 299
32 543
111 455
264 452
274 462
104 463
83 127
156 293
93 205
105 346
245 286
213 279
471 500
542 551
113 306
41 409
201 563
217 568
58 150
348 474
140 159
62 530
196 250
302 554
151 419
94 552
287 397
411 429
288 307
118 467
266 523
389 559
88 535
146 317
202 536
72 122
227 577
127 433
16 248
232 443
303 402
122 269
193 383
407 513
367 403
539 570
34 160
446 533
16 249
69 331
337 443
4 101
217 229
50 117
80 506
244 413
335 368
16 387
426 512
195 326
5 388
51 91
177 477
293 461
257 439
5 227
118 216
58 91
153 394
53 426
36 291
241 411
107 181
327 331
361 439
372 528
413 447
263 492
54 284
122 232
266 592
157 512
517 568
172 556
243 296
31 375
120 574
348 375
12 352
52 381
10 263
134 538
240 518
357 399
120 529
156 475
6 222
260 374
216 467
241 551
3 24
329 380
123 358
46 459
199 297
165 231
158 595
309 498
50 148
132 420
508 590
23 494
77 310
117 462
519 583
273 582
241 524
321 458
248 463
154 287
86 256
166 569
64 464
115 519
130 264
104 169
65 341
398 468
51 58
75 532
411 524
4 558
353 421
404 556
513 539
165 565
381 449
421 481
168 392
10 430
70 382
342 559
174 297
11 324
75 226
268 360
8 238
39 437
41 390
57 538
226 314
182 368
36 43
99 165
25 389
58 418
44 354
325 599
413 553
140 550
73 581
87 268
391 537
516 548
10 383
68 582
277 333
175 593
342 393
60 223
8 435
254 545
202 394
105 417
233 412
208 301
50 585
187 210
23 220
470 581
22 368
457 491
129 407
8 517
28 522
67 499
193 430
78 163
330 513
185 564
118 344
204 286
275 438
116 295
170 479
85 517
237 520
236 380
322 417
243 542
403 588
21 488
40 309
192 469
16 86
305 439
206 355
216 297
284 473
305 377
253 352
127 597
230 491
429 524
341 555
103 304
223 560
345 510
14 51
40 285
70 171
161 547
441 521
452 535
293 586
53 279
190 578
399 502
224 556
204 503
44 360
270 354
75 251
568 579
350 516
17 92
154 186
209 481
55 225
502 514
141 394
310 334
523 529
107 317
352 589
200 381
99 340
230 256
181 317
118 509
7 492
512 584
76 108
176 515
426 458
118 470
338 516
50 566
66 426
136 542
154 188
400 554
116 258
173 540
255 424
13 196
331 459
388 410
365 452
100 240
94 270
4 178
42 67
318 589
20 552
14 97
54 487
124 515
35 464
203 482
187 457
437 568
236 562
490 557
27 66
0 451
182 229
68 499
88 356
322 419
160 420
104 249
267 393
91 224
145 322
338 385
215 596
106 139
11 242
136 212
35 406
125 245
455 475
150 506
81 110
26 540
285 432
359 461
238 435
193 382
5 427
46 183
268 555
35 131
26 503
233 234
292 542
19 536
189 462
195 212
56 251
414 433
119 303
390 409
152 536
39 94
281 554
312 599
22 464
48 594
152 202
115 547
149 568
234 481
147 321
120 223
6 247
414 596
53 66
170 188
80 510
188 422
234 278
162 214
61 102
111 285
65 497
239 550
147 213
350 487
152 318
227 253
33 44
77 334
186 384
29 301
276 366
358 400
49 282
320 443
409 531
465 533
243 534
90 167
121 342
207 540
123 379
222 247
31 355
38 364
418 573
130 567
175 482
81 202
140 208
207 503
170 590
26 207
90 598
150 590
308 586
98 584
54 168
38 425
122 461
161 543
82 84
302 400
106 254
48 176
458 504
420 431
73 470
265 570
74 128
142 565
95 210
182 217
429 501
339 527
1 33
71 122
218 323
109 162
340 454
147 512
365 506
191 328
52 570
0 110
205 299
238 499
87 180
456 483
361 398
0 81
110 323
444 567
112 377
27 456
279 377
44 552
52 265
42 115
217 579
39 270
90 332
232 520
237 594
45 428
37 192
70 143
370 451
472 477
34 124
133 144
489 563
555 571
281 480
513 570
159 399
511 520
423 485
200 255
216 470
250 434
175 280
253 589
123 554
71 520
114 235
148 204
80 339
333 391
347 561
349 498
206 488
425 592
258 547
73 583
209 316
130 307
225 343
313 365
38 169
522 581
174 547
195 557
80 356
291 556
269 567
38 454
7 483
140 478
54 392
321 504
141 363
219 434
195 464
286 351
50 113
114 432
478 502
25 209
178 537
335 568
147 426
164 165
218 394
139 254
77 442
367 424
146 413
375 429
120 523
201 489
354 395
145 419
124 420
62 249
59 73
146 259
258 297
49 587
237 420
51 569
24 545
211 222
47 590
209 421
167 362
10 193
188 384
92 205
168 466
186 479
168 218
211 214
236 396
218 466
148 336
15 183
113 351
24 301
221 403
185 563
173 197
286 405
230 457
476 489
311 411
317 526
446 465
133 419
46 131
315 424
102 354
477 575
198 410
49 488
49 371
120 266
59 360
518 563
21 375
313 591
2 99
284 408
229 597
379 556
49 206
532 578
291 418
85 499
304 442
147 439
484 569
78 365
42 582
196 246
342 389
267 275
470 522
548 558
10 417
146 544
59 581
373 537
144 382
131 597
166 484
316 389
215 442
143 144
72 96
106 545
171 456
272 390
319 494
46 597
93 179
295 519
125 367
320 582
14 569
252 476
304 450
99 565
75 190
407 450
137 266
478 550
84 502
401 413
222 225
458 492
43 486
3 97
146 205
228 338
3 313
410 445
262 450
159 460
170 573
305 361
330 396
436 462
208 538
18 592
242 580
369 371
298 591
176 414
4 548
310 450
188 573
92 593
338 476
342 438
183 416
22 260
163 506
223 457
227 410
33 495
252 563
223 491
414 435
114 349
137 523
317 576
123 440
298 572
306 588
324 529
72 431
118 546
125 200
433 435
351 367
280 482
189 366
277 391
139 302
274 585
146 576
22 64
83 517
312 408
317 599
266 425
141 152
52 200
448 464
22 131
575 593
8 85
320 525
26 431
262 407
206 282
81 394
214 578
127 327
216 546
272 300
347 553
247 440
413 544
226 532
73 102
318 536
339 345
68 525
211 343
141 202
491 574
136 551
144 151
157 279
295 547
94 303
83 435
89 347
102 376
147 346
213 439
54 350
337 582
127 331
326 534
171 386
291 486
138 505
65 392
170 384
431 432
303 595
199 258
255 367
99 231
15 90
160 503
362 372
122 359
154 397
369 524
54 177
351 403
215 449
256 491
113 221
538 592
433 596
179 205
191 463
57 266
307 567
388 595
108 558
356 535
284 505
142 453
119 437
329 513
109 580
117 566
492 504
23 184
258 295
108 178
278 385
231 340
19 427
124 160
50 336
393 438
263 386
138 284
20 94
138 493
280 537
178 391
390 453
369 587
403 424
520 594
28 180
85 238
300 344
400 580
572 591
57 137
514 550
19 81
45 423
184 389
241 332
216 258
198 445
135 460
152 363
180 271
273 337
226 343
390 441
64 494
39 74
339 586
288 567
190 457
507 556
28 126
195 448
427 451
85 568
104 574
130 356
244 447
496 556
54 76
11 162
55 56
436 566
308 309
41 63
225 314
161 246
25 352
10 322
267 326
212 332
396 562
175 203
21 49
327 433
125 215
194 489
166 302
457 578
269 378
476 563
79 588
128 519
104 256
17 312
51 163
164 364
285 431
101 558
143 154
45 176
295 583
222 440
56 210
285 475
364 463
145 308
6 109
310 362
250 357
72 132
109 211
496 507
442 596
323 394
135 290
227 427
398 498
62 104
360 555
344 399
215 423
62 463
158 552
260 494
245 367
63 107
261 505
169 463
159 208
283 453
232 320
36 397
285 455
11 109
466 487
321 426
20 270
14 78
253 577
201 233
18 454
67 85
243 292
161 219
71 420
167 334
248 347
2 550
98 426
37 412
425 454
76 350
243 438
354 360
60 457
212 296
4 518
363 466
595 352 400 151 293 96 348 387 432 406 587 113 350 548 22 172 226 338 278 158 88 130 1 102 448 552 434 280 217 90 5 307 219 35 416 583 101 336 397 301 223 320 44 302 589 167 520 305 378 444 387 391 134 237 573 481 76 289 8 248 276 187 33 308 340 498 387 375 427 52 173 443 276 341 49 413 338 560 226 256 544 434 365 159 162 44 566 584 7 569 71 135 508 501 429 368 546 52 183 16 58 98 278 394 170 49 509 108 258 502 495 541 331 184 305 125 341 19 270 358 542 128 448 97 294 27 376 590 311 270 321 65 254 398 537 2 365 512 305 239 428 102 510 22 171 331 95 387 138 436 76 411 546 364 506 529 207 13 211 52 88 202 553 391 511 554 417 83 478 67 94 29 5 431 93 186 259 439 217 133 231 132 324 19 426 199 125 130 548 209 179 386 200 334 541 119 19 30 169 101 271 544 560 328 14 275 486 552 23 138 559 566 188 387 284 573 414 255 335 437 390 282 145 415 192 481 353 91 62 12 381 445 173 479 83 79 561 313 559 49 503 39 297 585 141 27 365 160 584 43 57 106 114 485 279 286 579 498 520 52 6 570 575 454 212 188 36 0 352 85 9 265 572 89 298 22 387 263 150 83 9 555 189 459 496 460 190 215 334 151 274 550 201 488 373 160 291 97 436 163 543 412 187 423 229 547 248 79 377 566 455 300 489 70 577 189 44 174 255 54 397 3 41 147 45 528 531 365 27 164 569 504 470 180 414 518 539 513 302 254 562 107 7 107 518 194 354 7 416 178 250 577 229 11 505 443 580 393 359 134 180 251 463 315 59 412 595 134 20 159 539 532 435 182 376 393 332 380 145 155 243 145 491 124 394 79 508 159 540 205 526 54 576 387 498 511 295 15 21 365 90 279 487 323 546 578 555 350 127 171 444 531 548 155 500 136 69 275 162 463 170 182 308 518 385 177 176 371 17 389 362 424 439 402 532 387 343 176 236 54 476 125 360 447 44 59 23 148 311 53 366 508 93 314 520 113 1 572 495 61 545 63 309 519 452 313 512 251 276 255 310 120 140 430 180 313 269 213 333 567 391 342 92 286 258 351 157 267 219 396 488 449 235 429 85 403 426 133 231 46 459 18 349 23 542 390 582 374 211 308 8 463 235 299 275 386 73 594 70 200 554 331 421 40 423 338 440 180 491 92 576 38 166 70 213 448 250 335 126 561 40 392 200 221 244 596 243 223 119 557 237 159 36 291 386 302 111 587 580 271 37 538 38 297 128 14 479 563 478 263 91 265 164 57 503 527 430 178 102 493 413 383 328 253 126 354 262 108 590 269 217 77 549 410 168 270 100 380 80 393
281 340
336 446
661 279
773 379
106 87
313 463
938 206
965 880
438 674
81 393
903 770
853 216
166 526
670 503
847 435
209 773
608 50
327 95
702 222
202 385
382 497
77 951
202 625
111 578
811 353
96 439
602 856
995 894
492 337
815 326
770 350
111 984
677 601
362 437
502 834
206 670
991 529
5 232
697 184
402 562
721 833
476 256
513 580
988 568
373 464
457 802
240 721
893 547
519 701
49 937
523 936
876 460
356 904
910 992
209 153
992 8
934 18
761 201
915 474
458 407
797 79
458 505
635 89
400 226
164 610
299 281
972 952
489 610
526 639
294 767
943 694
603 741
652 741
503 427
436 552
892 46
199 100
287 791
828 464
406 990
805 600
259 331
615 298
387 695
590 333
461 633
630 13
411 329
773 563
511 30
181 726
898 438
370 55
395 49
373 551
821 15
672 726
814 405
889 973
592 245
6 90
128 95
453 452
341 847
695 89
875 853
854 307
430 195
177 103
894 183
245 303
697 738
762 946
499 962
675 846
536 549
519 451
531 991
592 397
342 574
769 134
49 540
660 677
1000 304
523 784
425 854
449 369
343 703
482 518
302 917
729 522
240 696
605 782
825 689
731 270
752 398
106 729
787 192
330 253
864 284
708 336
170 299
559 218
912 671
881 687
823 775
459 92
867 903
510 904
481 566
886 517
866 732
110 338
229 324
923 641
928 258
755 717
846 954
277 533
689 383
538 835
584 542
831 157
849 486
640 157
599 169
877 366
170 827
205 202
711 130
886 585
992 714
939 444
646 921
608 468
262 39
483 749
263 167
166 83
426 87
449 316
396 170
303 632
221 753
66 517
65 121
868 631
836 32
945 597
674 934
865 51
573 113
5 206
935 748
79 246
126 652
636 471
624 916
187 512
588 478
412 882
2 139
200 340
239 37
547 864
400 89
14 936
587 879
757 302
53 408
879 8
943 142
143 684
824 937
835 128
371 802
546 431
315 697
193 252
623 539
127 544
460 962
967 185
771 90
938 416
986 104
934 75
203 425
98 205
299 655
743 6
642 190
619 652
22 183
61 297
716 898
270 996
560 725
468 680
702 273
13 44
121 808
856 239
55 727
374 3
464 869
629 498
959 259
542 106
651 44
681 456
916 62
63 149
175 448
840 289
419 919
712 52
851 872
556 473
509 108
207 584
386 260
263 869
934 819
740 490
348 874
749 182
60 637
426 370
677 636
394 528
422 293
518 329
571 567
606 955
26 677
684 980
130 16
100 262
841 995
213 53
976 339
1 833
546 261
310 197
703 776
508 870
974 658
660 570
852 823
733 441
995 488
59 775
725 699
41 334
521 481
91 699
574 459
768 495
361 82
559 330
772 322
902 322
286 580
316 827
737 912
470 984
689 555
803 735
747 826
233 864
151 874
329 145
781 434
955 50
387 935
24 430
474 178
120 370
204 527
571 642
921 923
861 779
233 260
809 192
376 186
73 677
316 776
541 132
336 951
336 982
294 728
145 730
56 23
195 831
300 598
558 896
586 615
142 196
799 652
646 238
330 319
20 559
952 111
590 369
824 656
899 897
523 7
140 1000
732 857
181 130
487 905
139 482
17 359
398 471
7 985
750 578
711 439
958 304
700 710
407 418
773 882
196 881
151 275
682 150
795 462
713 956
441 897
258 593
78 827
354 382
52 866
169 896
191 13
210 550
101 960
433 433
824 967
635 628
993 368
377 994
375 873
900 712
938 780
903 608
129 224
954 808
576 17
228 524
40 486
516 290
139 43
262 231
42 611
219 299
435 511
249 902
990 633
782 832
638 394
942 288
339 0
302 526
438 933
978 460
467 839
217 724
277 904
305 174
483 278
220 485
145 827
15 263
434 1
466 720
507 134
238 793
866 806
963 499
840 738
559 789
34 383
955 567
443 824
416 947
728 208
902 941
251 423
508 811
114 854
888 731
651 780
684 796
391 722
690 520
446 696
581 945
360 587
4 676
829 866
1000 259
502 259
343 802
615 604
730 640
177 476
814 229
415 16
122 625
367 847
288 855
309 406
789 503
576 268
674 213
744 754
990 825
812 54
945 909
260 762
703 406
713 662
604 987
661 125
169 655
801 285
168 225
598 444
819 831
0 167
548 386
297 21
307 114
298 237
166 998
751 776
88 154
268 140
684 344
862 607
930 378
39 356
218 26
993 871
827 369
431 788
967 536
179 187
47 977
42 170
80 600
758 56
961 858
376 283
152 560
344 409
956 397
353 289
767 859
495 661
211 3
128 904
655 363
580 858
923 879
359 207
863 524
980 386
846 582
563 361
834 631
590 717
867 944
313 943
655 328
496 789
177 157
414 655
44 80
534 499
601 689
517 239
477 365
763 161
113 831
567 679
493 159
752 649
169 934
795 142
661 91
399 285
891 75
844 260
58 704
757 534
155 367
165 27
776 226
330 908
668 886
131 521
68 748
617 575
433 65
863 340
569 411
558 495
117 144
969 592
640 311
130 775
360 502
499 4
948 333
403 376
975 424
85 625
148 126
2 443
828 106
484 99
176 964
40 121
90 114
572 154
568 978
692 582
391 625
873 423
309 885
377 410
726 464
928 526
744 94
257 102
478 142
156 417
850 90
360 672
897 241
484 394
552 607
492 462
875 990
568 924
746 679
38 825
435 968
119 452
866 570
755 454
728 231
322 27
544 684
242 572
422 759
288 695
199 795
373 121
