600 926 600 1064 8
211 352
429 547
66 106
198 529
172 433
216 566
251 453
72 142
255 520
251 340
3 353
34 272
274 331
66 220
161 533
36 392
23 538
30 227
352 597
282 515
227 509
510 564
160 309
109 157
249 504
108 597
20 210
54 412
253 326
273 478
409 419
134 455
165 471
238 378
363 543
139 464
238 505
378 505
48 477
16 496
403 425
250 569
26 75
153 503
336 421
99 390
99 523
166 491
227 269
232 292
353 396
26 232
221 336
17 136
335 491
469 571
93 517
48 549
449 555
96 371
483 538
245 599
163 304
12 209
81 183
309 341
249 399
77 360
191 372
367 598
11 511
245 456
328 372
379 590
219 314
117 328
382 420
182 371
259 349
7 67
230 559
396 512
401 447
105 110
457 548
106 220
293 329
99 579
52 564
330 441
8 37
213 443
194 591
278 489
197 260
192 501
207 293
380 484
204 217
45 82
104 217
245 512
205 359
175 439
239 461
197 483
178 523
237 554
15 134
175 262
226 557
328 503
73 280
112 594
27 362
147 266
43 155
470 494
455 543
542 561
0 257
288 466
291 589
44 161
121 374
249 354
548 550
102 563
370 401
402 462
327 500
7 353
44 571
308 335
494 521
221 425
109 242
305 520
196 547
117 252
85 350
108 274
169 297
32 184
66 572
264 334
114 227
230 308
29 248
21 190
56 506
139 366
205 560
47 408
45 585
573 591
344 435
295 354
45 528
106 411
412 440
58 412
342 349
289 576
280 513
231 315
17 344
87 155
156 261
256 305
333 353
340 480
107 246
80 474
0 464
272 544
35 96
240 506
149 432
266 368
103 400
281 396
70 237
74 533
297 345
241 511
111 526
208 235
47 298
143 346
49 540
65 130
90 251
328 548
221 364
10 511
267 370
435 464
260 587
351 527
139 286
255 531
118 196
142 283
50 82
299 506
258 549
381 510
373 434
6 312
170 343
275 295
7 46
190 451
100 545
143 380
246 435
327 463
188 250
159 167
5 347
11 12
302 426
354 407
285 585
223 492
363 511
477 554
363 432
319 558
342 557
339 415
285 599
21 291
254 420
76 414
30 269
2 249
224 290
251 312
76 510
523 579
212 405
208 260
1 299
10 12
112 422
272 429
178 200
19 55
389 508
93 334
66 221
358 598
357 392
20 597
284 406
222 231
6 519
269 516
84 320
136 165
232 317
99 351
65 287
361 491
252 575
195 531
229 538
342 583
586 599
155 443
317 493
234 421
16 501
28 389
169 225
167 541
118 459
561 572
292 533
122 539
140 429
164 570
243 398
276 504
301 427
21 284
125 419
307 563
91 453
230 335
230 525
179 598
153 562
69 160
444 524
93 264
145 190
180 295
80 569
156 535
444 462
11 267
338 551
91 251
380 452
390 527
254 554
196 595
531 563
237 338
263 571
76 375
367 402
195 514
158 281
303 383
287 310
394 462
18 503
53 388
364 510
436 456
102 495
176 297
308 530
101 488
98 404
406 574
403 542
204 247
295 598
129 270
143 277
335 525
449 490
17 286
319 525
10 209
46 560
461 503
69 73
2 588
236 365
160 569
352 437
479 591
335 361
210 211
253 595
79 496
24 288
150 504
55 283
55 348
259 557
6 480
81 472
32 292
137 449
108 526
497 537
116 289
14 274
68 115
33 323
61 104
86 546
41 380
362 599
326 418
114 130
445 568
222 260
188 578
3 215
108 593
295 302
501 548
203 306
55 590
179 367
247 395
348 401
287 419
198 327
310 494
111 251
75 184
173 429
72 140
186 215
369 483
88 271
312 519
91 141
234 336
61 95
4 201
0 62
278 585
33 330
97 595
28 458
19 391
162 332
121 254
257 435
210 352
103 169
273 404
288 561
393 569
411 414
86 573
62 233
415 468
444 448
279 365
224 471
524 538
406 561
283 379
243 486
69 80
430 432
211 425
0 127
70 293
76 364
139 484
205 333
525 552
124 298
375 414
229 448
245 385
208 225
384 442
110 417
132 374
77 548
205 409
17 443
77 457
152 279
50 560
10 543
84 134
298 408
110 518
35 436
389 458
172 371
118 556
337 497
400 556
303 511
86 416
32 170
200 523
122 355
271 318
350 405
140 412
75 330
176 315
458 479
98 153
48 258
386 543
111 593
205 301
364 373
34 282
105 417
310 570
117 239
84 508
530 559
23 393
423 576
399 562
385 396
90 223
236 519
97 545
473 531
191 268
311 583
70 219
361 558
137 490
2 357
214 544
529 586
371 436
227 516
14 365
453 593
59 262
265 313
332 489
109 263
252 268
4 566
18 264
215 353
140 272
14 437
186 333
192 457
163 414
146 211
9 162
385 512
61 225
95 462
19 563
18 240
33 164
317 318
11 447
374 378
173 272
131 225
152 175
74 242
321 435
26 377
69 569
17 471
247 553
168 529
552 558
41 259
201 566
52 364
306 500
533 571
13 303
25 188
92 427
294 560
104 247
61 217
386 568
156 159
246 551
329 431
85 218
273 559
187 538
239 404
555 580
31 524
46 385
81 245
164 325
10 305
491 581
221 460
18 153
5 576
207 329
239 478
148 388
160 341
346 568
200 496
291 561
257 464
243 298
566 584
123 346
49 409
23 25
388 481
122 415
54 72
300 407
62 435
198 285
112 358
96 436
91 322
403 421
3 159
468 527
144 172
14 410
119 315
84 389
65 419
8 270
170 292
51 559
48 290
88 318
200 268
201 505
432 454
441 492
188 280
350 553
185 417
261 450
306 498
151 301
36 249
258 356
142 514
401 590
173 547
189 472
520 568
38 88
349 397
224 316
483 524
41 57
501 579
40 205
239 596
68 354
181 201
226 342
131 169
312 526
392 438
182 316
270 441
179 588
485 515
103 104
68 319
211 498
147 361
152 567
185 242
71 219
119 260
326 595
384 541
268 555
132 216
157 571
9 528
156 442
100 400
24 203
102 307
250 341
147 368
449 580
19 531
114 516
323 470
57 452
142 429
33 441
319 559
333 517
39 146
44 533
63 506
100 103
344 376
98 461
78 527
16 120
240 503
25 538
337 537
83 597
117 461
40 560
44 582
333 427
229 524
236 331
263 469
292 446
49 419
41 155
85 535
285 489
1 548
26 325
124 219
178 579
86 591
544 553
209 495
306 437
288 463
234 460
132 566
262 567
111 536
44 469
323 570
141 413
336 425
144 433
575 581
54 195
425 507
61 367
29 259
177 393
216 374
101 528
38 509
30 63
518 527
126 595
262 494
328 550
391 563
323 492
310 540
179 180
123 520
60 319
234 572
157 242
145 378
71 124
51 319
31 538
22 590
288 291
199 310
109 128
465 578
52 373
39 94
355 493
499 565
179 502
193 543
250 309
59 324
139 344
132 378
385 560
68 273
127 277
148 429
109 482
332 534
410 500
17 182
372 496
25 187
96 316
83 108
89 594
438 535
184 232
382 549
145 238
172 189
36 357
100 459
198 489
126 326
0 445
420 554
218 428
53 481
404 596
291 466
94 425
12 495
206 443
90 340
503 550
404 461
29 557
424 594
519 567
81 456
224 258
37 170
149 532
324 540
102 209
154 265
466 589
147 174
229 424
36 562
365 519
25 250
393 424
138 232
6 262
251 480
421 425
64 216
306 410
156 450
113 341
45 285
130 227
82 385
104 133
339 468
248 259
329 467
274 526
49 205
262 324
486 566
38 360
125 301
152 488
163 423
275 354
47 121
55 495
222 315
34 226
175 567
17 551
445 573
323 494
416 591
163 487
21 589
90 521
285 362
87 428
168 466
80 337
30 38
111 453
335 558
229 394
499 572
203 542
336 460
9 152
167 442
412 452
127 464
14 306
62 207
107 435
2 36
98 399
39 42
186 334
1 503
454 592
549 599
97 100
67 396
165 290
87 248
217 350
132 181
3 244
146 210
400 459
425 498
148 481
210 597
194 233
165 338
489 585
200 490
254 387
218 282
580 581
295 407
475 578
112 177
198 362
59 199
529 549
94 434
171 511
423 565
417 522
106 364
14 331
394 448
56 63
127 143
278 528
66 234
74 232
420 549
407 558
74 202
313 479
29 218
1 38
463 500
277 445
159 450
37 577
203 403
1 360
200 449
239 575
226 282
296 305
228 358
201 584
166 580
159 476
187 465
135 561
9 278
235 462
85 282
29 226
128 263
47 314
253 545
295 422
75 546 593 118 280 137 382 72 190 435 332 149 298 525 27 580 401 55 565 529 554 584 96 568 553 563 220 439 75 469 38 265 93 278 113 372 499 423 414 415 102 12 100 547 133 29 159 57 237 558 562 28 555 502 125 436 418 252 502 265 143 385 501 110 264 282 471 35 314 404 6 235 212 535 598 476 275 414 244 222 411 92 273 564 95 6 283 115 103 166 244 238 303 288 141 149 430 109 163 423 149 44 373 276 121 15 62 572 213 201 595 563 70 380 254 61 360 467 594 416 542 236 2 211 188 318 253 43 478 267 6 591 319 324 364 439 130 151 479 235 233 10 579 76 423 596 394 77 36 163 243 232 71 127 175 8 41 8 82 453 579 322 114 11 583 528 186 223 384 102 197 170 512 320 556 134 419 436 571 450 85 555 162 525 95 446 284 368 237 296 382 136 436 259 561 393 174 371 167 387 357 239 45 492 487 446 120 344 420 403 587 200 549 561 205 98 180 14 579 342 393 538 463 469 376 541 461 506 8 96 477 358 166 127 546 11 312 99 370 335 165 458 59 343 359 89 205 566 548 37 167 285 207 156 237 95 210 355 100 58 54 248 492 587 221 0 190 404 256 104 588 440 422 465 184 264 570 298 82 333 401 415 364 172 310 390 166 521 155 308 132 143 457 210 77 310 252 241 204 595 186 150 492 430 205 241 94 451 415 131 64 352 548 173 424 534 406 313 117 398 348 577 110 544 456 256 30 115 526 176 221 460 535 403 174 223 453 2 298 598 318 539 61 26 121 321 23 365 107 273 40 291 314 7 385 324 121 111 119 563 279 569 122 295 297 6 539 32 540 15 54 511 346 415 84 596 278 446 361 8 567 6 277 192 469 584 213 71 274 43 89 440 502 487 476 151 145 374 193 75 353 251 132 434 198 457 44 229 560 107 222 388 45 455 309 46 397 77 156 259 357 514 287 582 104 454 232 560 352 591 183 358 303 92 278 3 532 120 387 81 51 266 294 161 550 199 384 415 123 161 573 78 251 395 473 466 114 353 48 283 253 150 1 6 71 515 36 144 357 302 413 526 427 93 40 102 497 538 188 226 61 352 571 55 259 31 197 390 300 456 375 289 258 272 425 452 179 261 345 520 534 225 51 587 177 378 484 543 198 300 134 357 538 307 257 575 367 209 153 163 413 590 226 535 595 545 179 204 247 506 438 9 0 188 411 1 360 291 459 528 201 505 488 304 511 592 361 591 404 418 507 517 290 328 218 69 240 548 585 381 50 391 295 78 500 535 66 213 583 363 484 25 512 589 468 332 228 181 541 528 496 51 581 203 423 234 13 236 5 110 556 1 384 60 431 259 111 230 328 254
656 823
384 203
614 305
449 412
377 972
284 987
143 522
380 427
20 303
229 579
862 858
980 836
909 806
972 973
128 659
823 961
384 109
554 664
443 261
865 704
15 620
269 840
1000 638
885 150
200 750
922 132
151 219
302 677
721 1000
668 547
325 254
942 205
88 220
119 310
718 504
413 650
572 298
43 248
305 191
3 824
283 438
675 623
23 879
622 673
23 82
335 578
337 442
482 887
414 725
285 403
313 508
628 158
23 914
952 630
807 624
930 722
453 290
703 603
747 695
193 435
674 150
792 350
609 825
369 279
453 899
223 286
149 890
383 466
640 188
836 80
525 817
572 943
845 624
894 26
90 112
125 253
73 960
352 151
293 14
402 132
806 97
414 552
316 540
85 645
750 894
634 450
684 912
624 578
265 174
863 196
73 418
28 443
405 321
499 338
44 780
798 320
475 608
896 468
502 227
364 39
855 431
270 549
857 771
872 406
787 406
192 75
113 919
544 737
38 646
110 12
234 82
39 533
809 183
949 65
270 301
592 192
260 909
484 117
872 492
983 320
363 82
454 870
256 118
777 772
533 948
309 333
995 535
690 755
68 15
17 366
234 258
898 346
395 913
839 384
783 919
173 802
534 693
505 14
213 214
639 714
819 595
2 406
882 629
703 725
590 564
370 833
8 746
728 37
895 583
827 991
550 219
323 303
189 551
525 278
599 970
648 660
519 427
70 74
426 516
489 424
874 49
16 161
203 615
170 987
154 316
467 732
635 15
532 486
321 793
863 344
55 191
913 934
511 550
835 532
693 39
222 505
975 409
791 144
410 23
718 341
697 296
367 925
527 608
441 565
114 195
150 78
446 360
970 156
976 83
478 550
320 851
448 58
307 96
864 948
625 951
820 664
882 539
991 271
273 715
204 405
452 23
345 953
151 114
168 721
758 421
339 411
544 636
591 847
887 290
872 817
5 703
49 734
670 344
554 591
712 458
464 388
431 939
734 368
635 487
532 902
168 923
78 853
939 346
106 406
447 671
867 314
705 530
261 246
790 221
890 219
613 90
974 380
155 157
641 874
160 831
833 293
95 567
458 819
318 883
529 119
429 225
965 912
107 85
474 974
465 446
369 575
570 792
772 459
631 550
589 269
904 107
73 491
502 84
954 440
420 809
761 748
838 803
621 789
399 695
652 590
938 301
561 402
175 489
40 11
482 305
554 997
786 62
938 802
479 49
294 259
24 337
239 197
799 530
589 149
58 626
694 265
625 219
681 799
265 596
187 587
959 6
447 495
672 508
898 690
285 872
315 642
578 692
203 316
270 761
244 949
435 706
262 798
81 160
554 842
281 487
725 247
854 890
910 386
504 960
361 245
686 212
342 333
743 168
994 902
244 994
818 825
126 718
832 750
615 61
887 83
212 374
783 570
89 538
634 988
490 854
996 348
503 652
178 173
213 171
646 132
764 848
578 821
44 416
135 369
233 457
198 250
955 481
201 671
426 150
606 875
85 289
119 612
259 678
385 393
518 359
645 67
80 809
765 97
490 810
281 62
97 460
933 88
728 546
0 251
569 719
919 430
748 798
322 994
959 720
729 586
671 395
326 40
64 702
408 442
657 223
208 139
377 643
591 333
764 249
327 376
344 194
710 71
309 707
898 901
66 924
146 585
588 654
746 319
776 6
993 185
959 768
508 587
426 80
51 871
422 859
98 977
612 727
156 277
363 867
966 676
702 671
18 993
376 752
990 873
585 459
368 503
802 875
373 800
942 570
733 927
332 5
884 734
588 373
834 130
851 228
788 485
413 479
767 602
514 999
560 249
803 439
987 731
767 283
143 770
551 165
644 368
248 863
676 183
497 918
274 372
155 644
141 958
760 644
6 475
125 985
263 86
717 896
178 22
988 469
252 336
404 764
133 815
770 176
197 957
837 165
81 770
720 142
364 314
580 535
855 589
939 966
583 917
893 967
531 528
37 842
591 754
437 613
97 695
633 402
261 461
788 655
70 345
527 458
596 616
839 264
712 821
56 144
999 815
873 246
532 27
525 388
342 773
699 640
2 523
946 998
817 926
406 598
327 131
698 969
846 472
113 855
476 179
802 268
227 742
656 738
993 137
291 794
622 906
239 33
3 27
168 381
475 681
457 527
775 722
806 14
987 38
478 504
440 741
559 135
664 982
106 512
925 609
98 48
974 221
663 692
665 437
433 974
203 1000
220 551
276 633
478 0
672 6
91 370
193 109
160 434
910 759
392 81
764 127
77 736
218 909
206 712
338 95
649 304
466 222
590 228
326 924
412 257
117 783
758 954
279 206
0 967
947 870
374 531
994 2
848 667
694 486
298 290
434 330
203 8
127 553
805 766
133 442
141 27
370 9
910 245
639 102
59 596
265 5
298 570
305 736
578 98
827 706
854 981
53 115
230 623
595 410
21 560
733 112
936 171
292 123
234 423
559 496
165 750
865 917
749 478
884 439
727 861
850 556
385 164
381 724
414 184
512 738
669 99
701 413
442 769
527 55
835 500
699 560
702 110
609 124
329 475
210 799
542 330
855 731
27 947
169 952
397 949
155 556
744 826
864 99
158 351
53 46
209 858
684 867
216 830
543 82
278 950
56 275
991 108
392 53
570 6
599 32
5 128
767 523
412 995
302 607
342 719
920 273
642 336
303 820
994 680
664 939
992 998
4 592
833 204
949 525
502 157
47 677
726 299
349 657
