600 1055 600 719 14
34 257
307 586
361 366
225 372
48 517
81 330
276 455
31 204
527 544
114 349
203 206
328 379
327 563
78 154
130 524
44 364
254 346
162 477
297 365
262 349
360 499
398 432
62 198
152 532
194 537
476 573
235 454
199 513
375 398
24 519
184 517
194 456
186 529
39 201
47 201
16 95
37 124
84 287
49 392
177 368
239 344
128 529
439 567
146 234
141 227
303 482
131 577
324 561
69 97
337 355
208 514
80 409
134 288
19 205
458 547
6 315
269 404
421 590
190 211
337 376
302 353
107 417
69 172
74 523
102 436
10 139
56 73
15 299
33 447
313 358
54 519
272 321
226 383
289 545
209 525
98 571
187 357
358 562
57 291
16 363
144 212
228 363
137 236
84 275
15 217
36 107
54 306
96 418
152 192
302 485
89 182
65 452
279 405
121 135
366 541
394 404
12 575
145 492
43 419
38 381
118 460
187 192
15 23
470 581
123 592
477 502
361 541
77 87
338 485
185 192
451 515
31 587
59 251
109 174
210 546
288 396
310 493
70 430
34 244
349 595
262 420
114 184
40 58
20 322
1 215
248 468
51 509
105 323
92 532
99 242
169 391
75 258
25 137
1 548
151 199
454 589
229 558
37 589
45 545
73 427
374 396
147 151
237 539
383 496
165 438
39 477
370 586
211 598
146 213
284 539
118 595
193 246
308 587
225 400
256 404
337 474
495 565
32 552
199 301
50 437
252 386
192 532
258 318
143 577
119 535
227 494
57 470
577 579
451 590
368 407
33 173
46 190
335 430
168 358
183 256
38 419
140 450
318 593
27 252
203 398
203 452
71 206
395 463
122 190
270 506
160 420
37 501
46 598
217 285
528 551
47 477
122 362
478 480
107 141
71 484
182 440
401 410
59 332
417 503
180 597
235 473
363 400
321 355
242 322
24 218
53 250
327 360
272 337
253 417
114 230
91 278
116 385
340 527
128 186
51 109
298 362
45 410
387 392
430 518
108 473
230 353
48 384
109 334
250 453
7 84
230 349
119 345
268 513
67 86
248 525
18 492
14 358
173 579
272 474
154 581
188 262
169 192
63 279
110 370
126 383
125 452
72 352
270 596
195 472
98 333
22 26
287 492
279 490
109 379
199 372
18 145
237 253
104 293
85 567
203 432
76 291
87 590
223 280
316 352
166 431
296 435
44 290
72 125
128 566
0 236
158 416
257 498
110 451
4 170
62 253
302 350
29 497
122 426
144 514
307 322
111 425
239 480
258 422
98 298
89 261
58 519
318 422
56 510
368 414
381 395
66 585
370 548
30 327
182 217
393 458
153 551
47 550
265 485
33 592
74 411
361 376
274 576
63 469
99 406
507 520
360 563
323 412
157 560
104 278
129 506
93 246
305 403
60 390
364 459
2 104
177 414
19 170
386 559
298 527
11 103
55 133
4 399
21 378
302 464
167 449
156 317
211 500
222 231
331 407
282 428
193 551
142 459
161 508
9 218
308 526
159 317
28 327
108 249
39 279
162 189
6 507
261 456
94 539
372 508
284 350
86 156
59 486
276 458
58 527
328 568
46 241
286 297
82 138
85 249
266 465
240 561
251 459
96 437
172 300
164 308
2 399
431 498
42 461
158 228
344 449
179 314
164 313
46 542
129 309
37 263
85 90
49 558
439 594
370 515
273 546
446 561
184 247
475 559
189 244
71 280
10 552
111 390
171 257
291 400
308 343
46 506
104 281
540 578
372 543
323 421
13 239
87 96
68 195
359 547
93 171
100 319
326 482
25 517
181 222
497 564
140 364
33 424
137 564
55 556
165 187
25 48
101 337
64 369
34 498
9 527
75 422
298 544
230 302
432 434
26 85
65 150
154 363
381 408
80 460
201 550
380 473
100 467
92 494
370 472
263 473
277 347
339 554
135 295
209 292
108 275
480 481
151 372
90 563
314 373
164 343
278 281
292 306
168 425
130 157
231 549
303 381
318 573
439 580
393 488
181 338
63 135
31 555
255 591
20 389
10 264
365 565
82 515
392 538
256 269
236 411
450 543
84 360
41 545
12 494
184 534
166 483
74 207
2 443
14 88
260 496
382 565
112 455
130 346
179 499
83 288
7 269
212 289
177 435
345 477
49 574
495 503
233 569
72 178
23 572
22 567
224 454
200 583
444 522
32 433
75 371
216 466
36 141
402 486
353 595
32 264
201 477
128 379
72 448
317 557
23 81
52 134
75 442
196 597
28 356
181 533
313 587
144 289
246 469
320 599
221 326
110 515
428 539
137 464
252 410
0 311
380 567
459 486
324 427
319 393
9 24
410 576
86 403
181 282
332 372
99 586
94 350
23 285
7 287
146 368
322 505
60 98
67 305
122 211
208 536
291 393
103 317
131 135
17 538
167 466
402 459
343 531
290 395
300 457
402 413
296 391
160 258
499 504
34 93
5 73
191 271
35 177
319 359
6 413
211 397
61 415
43 508
232 341
461 546
318 476
553 565
166 385
161 225
241 465
27 342
13 314
116 257
136 224
80 130
218 554
341 445
392 574
214 250
179 295
238 532
111 433
183 297
277 486
41 570
119 550
3 79
303 419
163 444
10 32
82 590
68 215
160 349
164 358
455 458
98 388
379 566
182 285
108 563
161 584
296 414
28 123
150 259
59 543
441 482
7 394
487 527
130 254
378 430
279 512
232 531
35 224
81 365
455 526
282 485
81 572
38 463
172 210
532 575
133 414
106 465
321 337
424 447
270 309
68 425
149 479
203 316
219 565
62 64
120 331
489 538
59 416
147 395
79 269
88 341
191 243
139 339
221 303
5 427
56 427
57 458
215 313
169 187
16 529
209 306
91 329
208 438
123 267
212 514
64 494
178 259
433 562
46 106
297 572
98 599
254 336
570 588
1 204
351 366
5 111
269 449
188 413
113 499
274 453
110 245
98 340
6 420
197 507
180 361
146 243
66 538
397 571
440 553
397 500
15 245
135 143
196 577
8 385
260 383
2 189
176 436
316 432
21 482
301 450
284 456
99 322
70 359
316 452
207 523
168 313
74 311
266 542
183 286
153 481
74 233
189 431
312 510
490 541
15 572
45 144
264 562
192 226
12 532
22 191
47 119
181 369
292 547
336 532
32 562
356 499
460 595
487 544
566 581
5 561
195 548
22 83
139 218
214 422
253 369
225 363
96 159
319 430
153 478
430 525
129 354
97 273
40 525
132 529
91 119
50 472
242 304
101 405
323 451
167 344
334 379
261 304
41 126
308 555
222 346
145 360
156 159
205 483
186 497
102 375
325 344
52 471
46 479
0 464
97 399
222 338
84 108
202 420
190 487
139 341
338 353
137 497
286 412
101 355
252 274
188 534
179 462
350 428
158 332
369 428
133 391
319 518
165 357
334 389
409 560
149 506
22 271
245 299
221 408
67 557
453 560
171 528
362 426
267 327
221 381
514 536
89 217
255 342
106 266
109 568
107 589
99 370
382 501
224 227
127 270
106 542
169 296
232 292
454 580
305 557
419 508
344 387
233 311
2 431
441 584
18 314
5 324
153 528
338 530
361 597
202 476
369 533
354 506
127 596
93 551
220 306
418 437
280 510
476 593
468 547
91 345
122 487
346 524
387 444
230 464
3 66
233 302
0 137
467 582
33 123
237 495
150 178
56 176
191 567
257 429
160 318
227 575
120 438
99 299
76 154
37 404
161 488
176 510
242 423
114 534
50 240
116 431
155 192
91 189
121 193
378 584
10 320
135 377
228 372
195 240
275 473
266 309
99 505
51 367
252 475
81 297
481 528
48 497
144 545
136 227
418 436
521 579
355 405
188 247
138 472
147 419
202 578
35 243
395 419
438 588
173 521
175 183
388 426
95 132
511 571
319 467
229 415
45 401
89 406
3 216
163 429
155 226
184 464
121 551
133 556
348 447
143 512
34 502
113 145
471 592
200 223
2 293
172 316
560 576
75 160
49 229
126 410
108 380
149 500
234 331
225 508
333 571
53 75
250 560
462 478
74 236
161 467
80 530
24 516
273 457
127 484
367 509
1 68
239 387
489 590
213 368
6 402
347 416
151 508
365 382
111 168
395 408
254 260
40 220
124 501
245 370
328 367
105 489
68 148
298 340
142 450
111 561
332 543
116 498
187 588
92 115
24 139
439 454
142 364
30 563
11 170
335 518
335 467
328 555
356 424
351 597
444 574
121 179
9 58
62 107
138 437
212 570
42 281
172 434
536 570
121 295
259 270
49 429
244 498
115 231
4 97
294 513
495 539
41 155
56 223
117 561
273 443
197 202
4 483
103 434
102 418
30 52
169 357
29 48
10 60
282 533
64 181
319 458
276 470
84 563
268 395
350 485
72 461
527 554
412 572
274 559
503 565
232 343
77 283
205 557
36 224
93 193
158 363
280 312
121 462
73 223
236 564
1 307
111 117
206 280
20 242
36 589
141 198
367 555
352 452
190 241
397 583
310 577
105 585
92 549
175 286
41 383
129 542
359 468
484 583
65 127
388 571
127 259
13 344
173 348
37 394
467 584
55 357
35 146
249 380
35 594
221 290
72 210
100 393
226 336
98 362
174 322
375 510
292 468
219 539
166 205
18 179
0 74
38 303
243 594
41 289
25 497
29 491
90 249
81 565
54 341
119 477
455 470
293 443
16 566
143 541
268 294
322 509
215 587
97 457
386 540
489 585
8 558
54 139
268 290
389 537
330 565
228 332
27 255
80 118
333 390
79 175
144 342
234 271
60 320
199 294
148 240
27 45
577 348 596 269 585 403 537 12 363 591 128 583 292 233 574 394 480 431 394 419 126 477 366 519 218 247 395 464 65 66 82 191 241 28 438 178 243 362 339 139 248 204 211 117 65 345 474 508 121 88 361 259 209 277 238 71 574 494 391 18 282 417 104 498 448 190 398 178 300 585 223 152 397 325 62 24 377 35 490 548 42 181 153 315 338 68 112 337 18 581 319 490 139 213 471 173 154 310 58 109 554 557 283 529 226 589 119 597 267 595 383 291 63 495 57 10 60 477 209 418 500 172 276 248 226 304 213 182 354 355 39 284 323 557 271 58 541 327 563 513 520 235 424 40 394 416 400 318 60 247 155 28 88 69 5 433 460 413 142 81 47 76 33 118 234 272 227 31 151 362 248 457 508 281 128 376 562 502 318 167 356 490 524 355 315 246 150 237 341 236 422 504 234 485 226 304 493 201 284 410 581 188 321 570 415 586 52 351 336 148 325 84 426 90 315 599 164 96 35 434 208 597 552 386 483 303 322 373 445 487 140 588 535 114 83 545 497 494 63 31 293 495 527 366 235 587 498 327 228 302 465 185 577 141 315 377 402 98 46 529 469 391 442 3 382 332 518 311 186 177 446 546 260 380 207 415 362 252 109 448 494 429 144 317 480 275 377 495 0 317 183 307 90 430 237 572 596 120 543 524 380 567 114 529 383 318 585 295 510 430 16 521 21 33 549 116 110 497 277 151 325 43 7 414 305 39 40 63 560 287 374 583 213 350 53 146 153 478 493 584 70 240 5 590 574 8 229 435 595 224 576 257 232 429 334 553 25 136 369 197 214 245 310 36 510 393 385 344 352 297 272 101 427 41 289 497 162 155 81 549 105 546 434 535 454 16 10 457 206 566 148 310 376 85 56 140 456 331 459 476 592 296 419 96 417 218 117 548 306 547 144 330 28 509 110 17 486 104 581 575 184 47 529 467 210 522 511 288 404 69 359 118 179 599 532 457 211 489 559 490 519 179 238 262 170 341 518 92 294 31 499 5 85 476 441 372 61 90 568 85 26 498 185 424 484 485 150 1 113 59 405 273 302 189 387 91 107 521 450 395 360 281 158 390 325 529 36 505 166 547 32 156 458 175 1 389 23 584 522 360 139 157 554 593 368 347 37 235 368 261 390 281 543 448 95 375 367 571 159 347 350 46 308 108 29 340 252 572 187 159 362 469 526 464 59 293 503 154 186 148 583 503 302 473 586 286 567 75 201 395 80 452 377 163 599 566 94 358 449 514 186 314 455 266 532 149 183 188 263 596 273 566 263 345 459 471 225 105 30 506 344 23 12 71 133 379 387 253 44 192 473 3 337 13 127 240 61 63 37 455
432 719
313 464
527 102
626 402
464 116
248 317
390 914
780 451
565 214
14 380
117 360
431 178
767 729
747 364
162 425
519 455
243 729
555 329
825 323
495 166
354 604
32 804
988 553
569 496
42 386
357 744
968 514
850 991
948 338
298 777
915 417
247 502
174 328
940 309
706 135
883 640
794 589
755 523
58 918
768 117
6 473
825 884
495 20
54 859
215 975
816 977
69 87
770 35
347 776
590 237
359 346
308 553
946 409
612 947
91 461
955 783
250 226
148 676
2 409
262 870
123 304
529 318
695 639
823 197
692 701
277 39
594 344
440 238
301 425
421 132
31 626
223 123
344 19
208 262
456 675
567 906
178 772
478 321
213 744
673 396
621 861
620 521
450 371
995 486
844 432
944 497
493 257
445 317
117 424
515 565
892 455
656 29
743 744
753 175
561 652
246 779
376 313
422 99
99 267
405 519
78 721
848 68
362 230
377 201
569 55
558 386
50 35
741 587
865 470
314 617
466 432
232 343
219 590
857 362
468 814
722 769
593 177
275 357
577 838
720 12
969 823
826 238
41 194
970 307
698 506
307 49
787 893
206 80
253 662
128 49
659 829
911 199
288 731
951 734
980 426
860 222
785 658
372 714
419 371
89 407
236 953
758 640
286 975
886 158
880 951
829 363
946 638
133 897
295 396
142 140
235 39
136 864
832 756
747 289
186 723
864 838
458 274
689 854
230 834
406 264
511 880
95 787
669 75
650 218
182 468
928 829
554 124
684 354
229 407
867 787
465 146
704 186
386 79
975 257
333 584
682 429
275 249
878 687
267 6
869 290
970 42
649 743
554 556
653 476
399 817
805 810
303 695
895 813
412 861
634 47
13 98
949 568
830 825
784 188
438 616
339 392
976 127
414 960
740 679
186 909
175 219
765 68
460 944
310 138
282 523
521 184
264 122
512 636
983 945
53 546
375 40
75 161
910 909
907 658
606 979
270 446
638 374
542 524
70 385
586 598
45 495
21 981
648 799
210 182
830 645
151 811
809 855
792 691
168 841
553 268
490 793
671 771
125 509
511 679
998 654
854 552
403 695
634 663
819 781
705 311
361 374
20 62
402 578
921 622
651 110
476 471
733 143
365 825
28 571
891 496
649 931
292 925
741 987
670 654
717 852
969 975
683 464
650 173
517 916
205 14
719 899
483 596
466 860
805 535
139 388
569 759
84 2
978 346
160 978
727 423
165 44
988 599
935 7
458 59
712 980
813 463
151 643
319 855
619 9
814 150
262 169
546 23
597 735
426 290
540 625
587 527
636 445
788 415
978 463
874 913
109 986
140 736
105 563
543 72
135 932
887 254
863 733
608 485
23 261
489 512
406 33
221 920
525 714
17 917
454 574
496 212
101 490
357 486
200 495
142 7
992 158
462 727
263 201
238 448
780 310
344 958
373 108
402 232
515 948
35 670
103 328
830 10
366 542
528 420
279 278
753 410
9 949
922 386
262 590
592 39
593 565
995 779
204 852
135 278
293 654
13 744
750 821
872 15
597 787
75 355
52 313
128 451
878 982
168 520
721 348
680 46
715 809
303 830
936 281
517 812
550 686
956 96
355 73
554 798
78 59
809 45
906 342
901 771
201 409
98 623
859 396
933 51
70 230
204 786
239 998
646 533
931 115
277 554
937 682
659 694
416 467
618 915
164 873
767 343
921 465
332 229
872 83
899 226
14 775
240 611
869 524
49 959
673 555
771 854
337 823
560 160
636 999
677 299
99 226
353 634
164 291
891 722
612 287
87 694
787 512
110 949
948 445
135 193
330 188
490 88
137 777
783 978
362 924
525 263
745 479
835 109
463 545
987 712
78 983
658 888
790 939
387 632
576 416
339 880
915 700
553 297
269 816
709 607
332 322
80 887
430 916
510 371
566 952
430 536
899 292
261 405
94 188
247 278
612 681
620 223
0 640
591 125
345 143
200 353
389 145
854 670
321 269
392 345
989 847
902 593
517 601
52 825
600 887
518 51
639 269
149 472
293 304
930 249
340 47
710 378
253 925
493 421
324 98
674 955
842 581
162 587
482 635
416 65
121 642
321 975
562 864
472 0
774 272
84 937
434 780
49 3
643 320
49 736
69 591
780 160
185 634
977 379
377 405
839 523
903 15
679 985
476 984
729 59
755 251
85 126
749 318
705 278
15 829
499 119
183 136
563 728
322 912
2 180
113 719
529 346
863 110
242 808
805 384
997 99
734 708
627 630
756 891
317 738
639 147
874 329
119 158
708 540
703 98
670 611
889 368
400 549
116 92
395 983
111 830
328 511
292 212
166 247
858 187
180 948
930 958
437 425
57 445
398 789
5 671
22 450
358 988
986 199
679 209
450 643
682 806
8 549
200 559
4 303
729 228
267 707
627 819
141 557
785 788
622 719
432 840
685 10
951 893
404 609
581 317
587 636
545 998
893 106
85 30
217 889
26 221
827 948
436 15
133 593
341 447
694 735
796 16
760 223
143 332
556 591
40 353
242 533
978 742
467 218
527 220
647 964
693 883
301 341
183 381
879 420
338 705
616 589
224 685
928 545
294 580
484 701
888 883
143 222
596 457
491 929
611 258
820 730
745 941
936 170
443 998
950 205
895 559
181 683
18 708
174 190
50 770
561 358
397 489
224 476
943 862
781 559
493 348
996 988
996 289
509 992
866 612
548 828
178 102
980 72
49 113
87 305
