600 1462 600 1138 13
186 238
130 178
538 593
62 67
112 186
22 333
75 320
84 342
71 186
36 159
33 365
228 417
19 199
76 456
15 493
58 86
246 548
496 541
165 209
27 586
93 562
266 525
392 566
236 493
42 266
1 65
318 540
151 472
157 470
118 356
90 245
145 511
288 512
80 311
214 263
74 223
34 45
131 286
105 142
288 355
435 436
152 353
24 108
250 260
476 550
284 505
2 359
7 21
119 148
445 583
217 577
252 385
316 388
175 178
94 489
235 481
215 339
337 375
91 252
352 353
147 570
245 375
32 244
490 531
321 491
95 269
243 265
253 415
346 408
114 335
205 468
18 213
289 582
209 364
161 242
29 226
121 529
189 233
53 127
26 273
91 371
214 442
355 481
400 455
229 435
16 81
141 152
203 559
55 362
55 71
510 530
396 564
318 378
126 300
225 459
524 585
299 366
226 519
67 262
45 190
22 170
246 579
124 573
468 576
543 589
187 371
416 437
72 585
148 567
383 543
49 333
63 586
222 327
252 317
32 456
213 258
437 453
74 146
8 180
412 512
269 431
196 595
2 440
47 82
127 290
120 540
423 489
32 333
182 207
160 464
285 323
1 568
64 172
371 388
1 486
86 222
412 437
238 330
334 574
322 518
296 527
44 192
328 522
227 443
126 504
72 302
110 543
494 583
44 373
31 391
50 323
5 110
23 49
239 274
409 491
17 453
241 379
174 502
240 537
367 416
27 392
110 589
19 410
277 483
53 272
95 99
180 193
355 431
365 499
161 233
296 309
16 547
71 497
97 340
257 341
96 193
18 68
452 540
79 166
59 92
42 529
274 470
153 472
277 344
261 328
235 339
292 522
380 390
195 448
432 553
342 462
211 548
306 473
138 324
70 131
501 573
41 598
150 228
168 439
212 424
272 326
417 450
324 508
91 317
27 513
112 457
556 581
100 430
212 557
296 526
65 549
144 524
222 599
108 296
165 364
131 460
346 403
89 449
102 463
278 588
249 369
175 494
319 486
68 383
139 408
82 142
82 260
26 547
114 357
158 365
117 560
433 591
65 568
256 287
12 525
212 314
29 281
31 578
209 520
152 203
286 395
106 596
115 198
162 213
39 439
7 221
216 580
63 458
55 280
247 377
311 582
74 197
487 578
28 123
446 526
46 413
318 556
85 379
26 81
174 470
191 193
261 478
80 582
297 473
41 441
295 461
126 396
309 527
259 592
49 107
21 258
25 289
146 195
474 476
114 120
140 338
349 423
20 502
370 555
170 244
138 440
136 439
126 492
256 482
291 451
173 390
414 465
195 491
189 501
158 166
363 589
270 383
416 453
44 499
248 370
138 187
209 323
36 86
429 562
29 506
118 398
225 275
241 515
259 361
207 582
125 297
135 491
380 388
186 457
224 334
55 197
295 400
317 349
139 521
157 496
180 424
67 360
375 386
104 210
105 526
136 278
319 591
201 209
110 440
50 309
435 590
411 591
289 311
170 591
68 543
293 419
93 404
217 420
64 329
260 335
80 467
144 149
533 583
444 533
222 388
332 540
16 41
253 594
259 308
8 424
173 287
376 386
12 266
374 550
354 490
501 592
199 235
196 536
5 599
459 560
464 572
180 314
224 281
34 553
71 73
30 435
377 511
89 549
293 337
195 321
332 443
242 553
432 485
51 575
274 541
248 546
490 539
12 563
153 292
397 584
130 271
398 597
560 565
57 267
215 462
264 305
118 235
404 454
319 530
222 368
87 516
39 168
238 497
66 104
387 409
227 577
124 341
87 145
33 383
146 487
158 422
160 572
9 401
143 462
537 577
318 498
132 221
296 399
429 458
68 567
254 331
3 106
137 365
29 554
20 470
130 518
301 543
334 352
5 138
160 326
144 204
441 547
197 223
152 331
195 487
196 488
36 132
109 241
114 142
302 468
294 311
167 271
175 198
504 586
406 437
256 380
253 299
37 242
269 420
88 337
283 460
210 374
166 363
254 304
289 358
352 561
398 420
22 32
304 548
80 150
83 165
147 207
51 244
121 504
136 275
312 575
134 570
496 498
103 385
130 299
293 538
100 105
234 400
310 413
276 463
39 177
42 484
12 279
112 497
179 594
298 404
441 598
75 200
124 528
129 272
507 570
168 275
80 111
147 404
64 374
6 391
303 526
24 285
418 556
196 571
12 344
171 185
458 535
113 341
37 189
434 573
116 180
181 508
46 234
223 466
1 145
404 563
362 448
75 175
31 387
375 419
143 215
52 479
440 589
64 106
169 221
436 443
220 433
105 167
278 555
152 506
110 301
28 393
4 382
350 354
124 501
118 574
211 352
92 333
174 418
0 276
339 356
98 247
89 273
14 139
221 315
214 593
183 249
247 304
227 436
93 429
438 463
347 377
262 595
463 497
225 565
320 496
167 366
361 396
574 597
402 476
58 132
197 280
377 549
507 513
149 204
513 570
90 419
82 335
40 413
522 534
2 291
410 423
107 231
455 580
95 475
9 345
112 238
45 264
163 571
6 524
309 323
13 406
264 396
257 449
27 566
325 423
60 401
240 436
80 523
67 85
99 577
159 202
207 507
185 298
156 425
201 323
78 194
363 440
339 462
59 456
344 520
308 586
85 551
90 375
268 501
96 523
270 373
339 574
529 535
244 312
413 455
46 461
79 512
485 553
49 338
94 423
35 508
4 137
141 548
269 475
110 327
9 88
66 267
239 556
306 451
167 376
44 146
78 420
144 437
191 517
135 321
198 321
29 479
315 580
13 365
93 298
107 338
101 359
540 581
414 534
281 554
115 321
424 472
147 289
375 415
387 491
291 359
282 393
82 372
121 544
10 107
230 418
276 438
97 375
232 557
213 301
27 308
228 389
336 543
233 564
140 143
95 367
2 35
421 547
153 522
121 458
318 541
414 493
33 373
300 396
0 466
135 427
150 311
23 107
36 202
116 505
120 329
161 396
40 310
6 176
393 399
236 341
37 553
295 438
100 469
209 313
45 531
53 104
125 199
123 282
325 385
271 372
465 528
47 105
206 581
81 547
480 509
546 560
287 390
72 524
116 566
294 389
31 122
238 455
196 551
357 540
134 147
257 493
1 351
39 510
262 488
14 568
396 552
370 588
272 558
313 520
220 411
108 285
278 360
166 348
267 344
61 447
13 166
206 443
343 551
131 212
227 537
176 391
61 548
345 538
182 507
555 565
43 233
321 444
317 325
98 341
258 461
302 584
251 348
71 457
175 405
35 138
310 461
542 594
494 533
64 550
91 316
239 541
140 394
329 402
125 306
583 594
420 431
97 366
178 425
334 353
41 421
364 483
109 515
402 474
90 503
266 484
333 338
267 290
243 532
48 166
175 583
76 571
345 593
283 587
526 527
248 536
294 307
9 60
142 527
344 483
169 258
43 564
156 320
19 84
300 492
123 446
177 510
141 211
356 574
131 314
229 490
240 590
524 584
97 376
432 579
350 490
199 355
361 564
52 519
288 367
173 231
51 69
254 516
37 447
206 227
277 364
27 284
166 406
184 449
70 283
79 306
106 120
166 251
128 501
529 572
240 577
122 387
124 128
61 268
163 173
266 298
533 594
57 66
531 539
194 420
479 519
366 376
77 194
191 395
101 291
172 374
111 191
546 565
464 539
4 144
83 210
424 557
28 446
283 286
293 345
267 277
77 432
97 154
54 55
116 392
151 505
338 482
237 466
271 498
177 568
111 228
75 425
318 452
48 589
412 416
45 243
68 270
90 263
5 187
20 174
407 442
234 295
51 456
394 423
23 92
306 512
447 553
300 572
188 425
123 345
174 204
130 405
100 337
11 221
436 590
523 582
300 531
428 547
105 469
145 516
328 478
369 514
147 454
85 262
457 497
118 431
374 596
27 570
271 322
384 540
219 420
465 534
168 521
272 490
204 302
162 218
185 563
30 190
198 200
334 597
394 410
283 514
511 549
210 596
47 372
228 467
418 453
32 59
329 550
304 516
267 484
233 592
152 559
41 65
286 514
90 214
171 266
165 495
245 415
258 295
348 365
109 439
59 571
61 304
409 576
102 497
120 558
96 517
312 530
338 433
406 512
297 355
94 410
200 468
204 524
21 132
19 94
15 26
473 512
35 349
100 155
50 285
302 502
38 99
3 558
298 563
73 330
225 555
141 254
31 192
303 446
48 543
218 295
11 258
140 325
152 254
65 511
283 369
192 487
175 445
248 477
261 534
263 503
70 557
429 529
347 449
156 498
117 275
339 480
164 528
8 116
286 417
203 254
208 529
96 500
432 447
145 351
57 104
53 106
296 303
84 394
264 300
82 250
261 528
215 509
224 480
103 252
17 416
143 433
217 240
281 480
95 355
111 500
403 408
160 539
18 301
216 330
397 524
195 280
293 401
52 559
241 575
535 544
344 484
117 225
395 417
44 487
72 584
245 503
447 485
280 362
25 358
282 442
25 147
26 493
167 430
206 230
398 574
233 242
205 409
292 424
59 163
33 499
85 109
255 275
415 503
4 176
91 380
50 296
266 562
438 567
510 575
579 597
546 555
148 373
54 71
296 393
236 257
32 51
113 347
13 251
255 403
422 543
48 363
136 168
51 312
230 556
157 541
77 243
148 237
273 441
132 159
447 548
196 262
185 266
365 383
484 525
248 555
162 567
548 561
119 466
172 596
536 595
76 551
260 318
89 347
93 147
69 76
206 332
344 525
141 331
19 451
12 171
36 368
459 565
170 411
177 486
13 382
258 368
413 580
88 155
403 560
157 320
101 363
47 167
4 6
219 577
114 540
7 132
292 472
143 509
337 386
135 576
263 415
521 568
317 423
447 579
127 272
53 558
21 36
11 169
193 314
276 466
110 336
402 550
15 273
277 495
250 498
288 416
28 282
116 151
249 450
161 305
102 276
278 370
80 500
165 277
398 431
246 561
95 288
354 558
65 598
483 520
181 187
382 406
110 599
10 256
27 96
141 352
81 346
309 474
345 442
394 545
210 495
17 367
231 287
294 358
154 415
426 479
184 257
119 237
33 270
119 373
128 304
68 162
57 127
268 447
529 562
288 473
130 366
484 529
164 478
55 223
182 570
14 521
273 598
154 375
201 285
58 388
472 522
99 367
281 471
117 459
136 555
125 473
340 376
420 569
151 478
113 257
88 446
86 388
29 319
198 494
326 484
253 542
403 521
340 386
102 223
156 496
421 441
189 242
199 306
166 512
91 187
60 293
458 544
201 279
16 139
22 411
23 163
58 159
56 380
275 555
4 524
193 517
246 597
247 347
83 374
77 265
130 188
122 391
319 554
17 418
107 482
309 476
20 200
255 521
85 343
334 561
142 474
263 407
442 593
103 140
238 463
500 517
230 577
427 576
332 384
211 561
254 548
311 389
147 582
213 327
39 515
15 89
146 373
264 552
188 271
126 586
95 577
133 356
72 205
63 504
179 253
271 518
227 230
510 515
11 40
40 221
199 481
108 393
183 307
235 342
93 134
184 347
43 361
97 299
286 314
45 532
414 522
347 549
137 499
148 276
180 212
22 338
81 428
96 392
195 578
221 258
232 587
238 400
529 544
284 308
264 531
381 436
328 534
187 222
8 472
14 65
2 451
273 549
62 360
205 585
239 318
62 109
243 553
38 577
294 450
103 482
175 594
408 521
319 510
91 256
507 523
322 366
351 486
415 594
43 592
323 374
298 562
471 554
84 235
379 575
39 109
135 409
6 585
216 455
204 453
435 532
35 324
13 348
69 456
45 305
240 569
158 543
128 247
588 595
127 326
419 538
199 297
389 450
424 587
492 572
519 559
9 123
387 578
2 489
236 528
52 426
366 518
350 384
2 349
11 461
226 319
304 377
279 520
62 439
226 351
96 513
218 258
200 576
316 380
325 394
103 256
66 495
137 192
179 542
46 295
217 569
131 283
121 492
191 314
144 382
10 231
10 482
46 400
41 139
71 223
113 184
224 506
13 137
52 506
129 160
522 587
114 329
129 326
191 417
491 578
16 428
177 521
254 559
1 511
117 403
24 296
35 440
208 572
124 164
205 391
430 469
91 181
63 134
330 455
274 418
359 440
445 494
451 489
12 185
259 284
214 407
84 462
198 444
116 472
150 389
471 509
74 280
144 406
183 369
274 556
105 430
62 278
315 413
161 552
48 158
288 412
67 595
109 379
15 449
279 285
37 268
105 155
187 324
69 379
236 414
303 399
307 450
9 446
23 231
30 490
36 222
194 398
77 590
23 333
260 498
539 572
319 433
530 575
132 202
111 417
158 348
301 327
5 222
206 540
218 438
83 323
505 566
22 220
73 238
33 44
140 433
281 506
220 338
474 527
204 418
327 368
56 58
431 475
11 310
87 559
194 579
98 113
40 315
84 410
250 271
83 209
129 490
23 173
340 375
76 343
56 390
19 235
140 545
0 223
208 326
18 543
155 446
134 429
359 363
118 481
165 210
54 223
327 599
249 286
111 467
332 350
123 442
312 319
29 426
17 38
378 556
72 397
413 461
167 386
198 427
258 327
26 414
96 507
262 551
246 447
168 177
287 380
265 435
488 551
78 590
208 484
16 408
124 236
222 371
217 219
140 482
301 336
276 160 242 577 554 183 81 271 386 0 486 281 158 195 474 192 512 385 214 189 576 522 492 297 39 454 476 499 291 417 411 413 446 85 195 493 484 228 235 527 314 324 370 77 393 483 577 119 238 414 468 595 50 245 294 81 575 567 54 108 218 251 414 566 296 120 102 291 18 164 279 76 375 537 118 504 405 477 286 157 94 198 461 239 575 370 211 441 186 553 288 400 322 394 434 131 171 146 54 50 12 291 564 511 563 237 88 445 7 121 590 12 482 298 548 467 585 574 408 47 75 377 0 461 8 141 3 433 334 115 529 479 163 73 372 429 50 96 597 93 160 552 123 172 222 405 211 322 540 295 187 216 270 412 550 374 66 200 220 546 211 197 85 446 251 165 397 60 225 195 2 32 387 223 12 17 89 527 187 339 222 205 357 408 345 19 82 431 336 507 522 322 301 300 468 483 133 248 118 314 112 313 373 503 543 316 50 383 487 229 236 569 296 481 383 467 89 86 362 443 587 165 286 344 409 381 360 444 249 196 178 325 283 277 27 120 177 212 385 522 57 208 549 522 218 465 343 578 193 18 95 388 551 138 487 178 97 150 458 9 212 537 30 539 446 134 568 127 508 349 448 108 367 560 86 551 176 567 411 104 385 268 426 549 321 57 92 448 224 20 226 305 378 125 113 544 182 105 428 348 338 284 462 329 42 267 174 29 347 538 579 375 131 453 468 221 234 443 485 269 534 523 484 156 284 180 260 556 218 450 357 513 367 490 322 139 153 82 30 150 277 91 69 558 237 575 118 250 362 420 1 420 578 539 110 385 388 544 347 138 252 17 310 525 356 141 83 93 430 427 578 245 278 137 23 186 360 26 163 181 313 383 315 370 164 583 168 101 295 194 73 354 384 49 564 467 546 193 276 16 228 31 232 394 321 514 214 197 404 143 75 504 123 10 572 508 578 53 441 383 97 170 373 582 436 597 67 371 30 73 526 161 478 519 275 354 539 298 541 538 27 241 74 160 251 110 425 328 521 595 191 110 481 364 151 7 46 282 531 394 597 169 399 227 274 390 418 252 524 562 294 371 212 557 474 548 394 389 33 200 522 31 372 157 353 107 548 397 592 170 232 310 231 157 90 475 180 48 391 155 425 591 176 291 339 344 260 399 105 51 172 103 276 224 594 171 485 406 272 413 341 444 79 165 478 594 45 472 368 308 167 135 350 484 161 383 33 115 256 429 559 293 511 318 54 207 252 353 275 285 555 95 316 111 401 119 38 486 193 4 308 589 253 141 515 72 183 56 247 526 401 525 397 78 76 593 293 585 373 514 244 227 513 442 277 586 519 235 580 22 139 554 396 533 127 208 330 455 576 519
807 896
672 146
768 588
232 573
604 766
849 651
592 800
967 730
289 91
62 860
935 444
975 809
24 420
663 707
712 94
532 43
700 17
495 642
800 757
679 528
444 790
960 707
865 348
928 365
13 645
38 256
594 15
219 228
27 782
708 259
315 459
625 873
932 325
701 801
380 338
800 597
948 681
440 268
444 608
802 164
982 836
666 65
91 389
325 257
685 837
327 374
937 883
207 761
726 670
885 362
60 653
898 274
656 242
172 539
749 986
722 996
975 575
172 513
994 599
964 304
77 876
503 224
864 125
187 302
183 625
678 111
116 488
919 117
771 808
903 253
211 7
805 974
525 821
869 999
697 907
387 827
948 214
437 451
447 481
647 610
96 179
653 2
227 723
73 585
709 446
925 155
974 633
622 191
99 856
553 60
147 963
871 565
956 336
86 317
706 521
527 568
190 177
245 908
533 159
475 594
139 832
689 617
815 930
870 478
145 544
177 781
200 569
921 400
6 697
869 170
832 692
135 131
862 957
506 118
253 660
496 960
291 146
800 27
587 440
746 891
251 594
207 334
595 865
40 857
423 150
629 527
257 286
177 484
465 171
216 482
318 854
184 48
992 727
612 433
123 292
490 931
833 94
631 786
827 640
715 37
820 456
585 282
202 678
783 418
581 695
645 174
672 914
85 257
752 856
547 691
80 137
347 133
621 265
329 21
223 952
127 808
348 805
399 755
700 701
988 654
199 458
343 280
827 830
991 367
394 128
84 541
666 655
218 821
793 126
949 777
829 319
42 403
165 596
988 430
463 724
388 925
622 818
767 120
361 883
301 932
256 96
848 572
155 232
42 37
540 99
23 352
849 991
878 612
321 811
417 266
330 429
156 126
637 837
212 127
458 435
616 942
988 183
728 946
459 945
621 507
449 838
14 587
979 692
613 241
531 728
540 842
367 590
131 222
165 414
44 550
96 560
531 321
206 76
835 778
24 961
702 375
997 987
456 520
880 797
498 524
829 353
993 754
907 670
754 936
648 328
843 49
732 231
374 568
103 133
302 485
404 597
959 432
255 11
365 260
918 866
632 444
458 91
780 868
899 949
368 679
395 539
863 199
403 300
400 394
853 286
205 980
501 367
551 176
930 22
85 32
285 744
667 680
853 531
266 968
583 233
787 59
924 486
500 90
925 765
298 225
287 705
392 80
960 126
88 998
313 339
411 456
64 389
128 468
456 229
511 503
743 815
276 810
200 496
592 52
413 674
817 51
816 876
75 488
896 86
7 545
665 960
696 320
14 840
142 10
294 193
8 613
134 60
982 481
580 580
42 228
144 443
719 590
287 24
114 901
27 132
904 830
32 712
616 547
63 323
255 927
252 319
824 726
496 781
82 749
549 210
351 315
645 566
3 82
252 247
114 663
962 874
60 162
856 263
20 518
193 94
984 872
928 558
812 538
315 671
750 266
401 800
519 966
273 843
37 604
846 603
790 510
182 438
866 723
358 70
216 623
902 995
592 252
324 537
902 346
601 369
258 688
790 735
132 889
845 371
648 397
200 910
494 150
651 429
919 186
36 471
65 905
772 8
563 122
683 719
777 550
261 519
713 183
604 318
627 325
243 493
569 517
625 398
282 669
4 126
736 626
890 119
276 246
674 999
731 649
47 517
681 765
255 860
540 592
931 743
66 21
913 67
904 568
269 775
709 868
130 594
198 936
223 883
579 148
353 656
907 221
967 526
349 482
625 724
737 777
262 551
818 491
196 869
592 897
945 591
69 106
994 515
600 826
244 166
15 742
773 479
145 97
285 295
525 795
540 444
36 743
897 883
104 881
184 650
760 37
31 299
343 905
620 682
28 982
747 17
533 893
712 496
800 334
598 640
953 898
461 5
219 998
543 638
115 112
437 668
155 934
487 500
637 66
712 748
759 528
264 62
343 850
665 262
466 904
665 22
138 328
196 804
531 463
433 389
771 330
358 179
339 450
346 518
583 660
842 867
833 163
797 640
611 72
3 893
348 558
463 999
382 971
77 809
472 333
628 989
532 74
50 70
703 569
317 640
528 663
61 259
945 957
952 245
825 981
156 313
838 24
177 10
935 849
677 431
835 888
228 443
420 78
784 898
109 157
485 842
157 808
421 761
747 296
332 71
625 593
156 684
525 529
140 634
959 15
373 124
690 247
686 343
563 492
888 449
46 490
123 414
432 367
732 160
640 895
969 167
741 549
264 475
550 931
229 326
514 17
417 979
98 509
370 744
836 925
289 765
669 789
140 185
397 212
473 747
188 995
216 299
303 173
669 288
177 209
791 570
744 379
816 202
621 167
617 619
197 236
113 34
836 186
589 198
178 139
291 828
684 216
18 488
756 73
353 9
156 209
548 764
73 416
139 787
148 719
434 102
172 366
806 233
271 411
356 426
383 999
391 53
164 343
993 68
409 559
116 926
258 437
284 647
368 703
287 956
773 751
185 334
797 453
883 1
639 35
493 314
588 117
163 633
955 183
322 315
405 329
719 282
867 50
380 650
210 49
230 539
635 243
802 6
550 343
71 356
11 330
300 262
861 10
263 177
801 845
730 131
422 493
165 256
990 249
228 391
383 147
593 397
866 222
474 877
440 580
594 920
453 373
1000 943
340 619
93 225
363 989
524 772
551 813
228 270
277 3
926 86
767 655
394 485
833 298
357 238
71 926
313 986
976 108
156 562
569 367
616 94
875 695
