600 1000 600 742 4
373 394
87 255
3 52
286 437
123 356
99 531
166 372
10 269
417 443
145 537
54 569
31 199
287 375
330 351
356 599
80 462
200 305
95 195
317 581
199 295
284 514
34 446
162 206
127 228
334 541
15 130
254 584
479 575
177 491
165 424
205 572
332 381
72 552
354 426
202 275
125 221
331 575
153 497
249 307
19 486
113 542
63 573
108 343
8 481
424 569
238 421
244 500
172 237
40 512
385 417
92 263
58 238
15 233
176 418
161 512
74 243
299 536
387 429
285 391
458 574
182 438
457 515
306 424
284 467
4 560
154 580
354 529
150 294
77 579
228 562
240 545
257 587
408 486
257 423
237 465
356 589
336 394
157 280
366 476
367 478
160 377
172 262
165 599
90 381
167 542
246 574
435 583
153 453
109 131
554 595
168 511
277 473
136 552
69 117
75 283
59 581
342 444
158 573
56 422
365 430
42 365
134 536
49 586
213 251
95 279
214 372
388 591
428 450
0 531
132 297
318 378
464 566
440 551
184 544
35 251
256 377
381 476
239 283
240 577
337 401
220 296
12 542
379 542
483 592
165 225
85 363
301 555
434 454
78 419
23 428
322 346
339 555
243 581
3 421
532 569
38 413
62 421
307 455
282 336
170 177
275 485
117 302
360 459
0 132
71 220
43 478
162 522
0 546
220 321
190 593
355 530
438 487
61 186
88 556
371 573
125 213
144 313
141 291
160 298
61 444
360 513
113 494
346 449
158 169
444 506
135 299
95 530
63 76
168 429
200 457
78 415
272 575
397 524
178 186
5 21
250 507
335 582
123 599
333 386
545 584
243 587
335 376
147 291
18 291
84 515
146 342
263 559
244 340
245 477
500 529
175 492
415 419
378 512
126 327
254 302
175 592
313 552
216 315
168 216
262 465
129 158
82 111
159 509
115 143
451 541
177 453
351 412
300 554
287 557
86 425
96 453
287 304
45 410
393 584
81 190
509 534
325 548
39 298
11 62
136 267
135 448
217 512
353 420
67 539
211 255
249 414
322 458
142 456
75 239
254 541
245 319
86 234
423 534
317 413
76 158
55 450
404 532
245 572
124 464
160 415
359 485
348 535
302 371
360 390
186 268
187 272
223 417
208 545
183 228
157 349
61 535
216 318
298 415
454 508
252 583
160 498
11 277
201 537
2 187
57 279
505 584
264 410
106 523
97 181
31 203
185 395
328 495
383 407
13 177
61 142
89 458
194 327
183 316
120 341
79 276
50 561
200 375
177 337
487 540
128 229
415 425
389 590
126 194
502 507
129 169
180 383
326 508
338 532
357 364
198 386
210 430
215 288
230 524
303 412
394 458
96 452
303 386
301 583
223 377
281 413
363 583
88 396
80 260
325 551
2 376
486 570
16 499
0 467
55 563
319 572
255 435
93 408
341 460
40 378
429 593
343 411
32 485
207 506
453 473
297 577
20 215
121 495
405 536
64 584
58 366
247 469
4 45
329 366
242 407
254 371
159 423
133 324
381 438
58 166
373 422
226 480
90 366
231 445
132 171
331 530
90 182
551 578
246 462
140 522
335 503
99 110
43 268
202 490
18 447
66 141
1 206
375 493
47 391
32 380
115 433
465 596
76 94
107 207
0 171
331 479
393 490
54 338
188 231
92 526
121 173
69 286
402 451
101 565
40 310
146 186
108 465
103 146
320 518
161 375
179 563
398 424
249 504
315 512
269 416
473 586
224 513
116 567
247 341
93 558
262 411
16 313
23 484
359 365
187 355
188 448
34 312
164 249
303 571
323 411
187 588
358 388
10 195
242 383
100 542
111 139
89 373
60 112
210 327
436 586
181 599
73 435
174 434
109 155
96 491
133 344
296 321
85 211
248 469
196 513
112 198
213 410
377 409
259 320
253 402
141 566
403 511
85 435
148 538
242 537
250 296
91 569
287 493
72 83
95 295
293 550
80 140
383 480
36 523
315 324
37 499
281 581
339 598
120 478
14 221
3 366
159 396
236 558
30 498
118 255
373 458
29 427
326 434
408 501
266 528
16 23
390 411
362 510
479 589
489 526
165 306
66 396
39 256
330 352
348 444
249 455
182 214
68 150
150 279
433 520
80 246
42 83
81 593
88 308
380 485
314 568
18 105
21 51
454 548
67 242
38 289
77 370
60 418
131 184
368 502
326 456
91 150
372 496
284 455
179 544
16 450
207 470
151 587
46 296
50 347
78 298
180 554
3 497
8 291
224 390
46 250
256 555
92 311
80 420
282 521
73 555
352 382
299 405
112 556
373 388
87 438
302 585
9 433
247 276
14 282
183 325
343 596
253 384
528 583
206 522
405 510
150 526
103 342
403 593
363 435
119 444
193 536
477 527
103 441
14 264
190 356
347 527
367 460
314 346
138 594
323 596
423 509
231 239
71 234
303 432
339 445
163 212
14 336
124 566
197 289
109 579
143 203
33 139
24 491
1 436
38 481
108 550
136 144
4 466
24 494
145 351
343 390
121 563
127 548
62 516
31 248
270 371
102 143
117 138
34 568
353 358
114 244
126 137
84 539
339 583
503 582
54 91
223 256
64 393
309 470
405 570
221 282
291 566
290 389
6 320
482 539
336 345
232 468
157 234
176 507
297 533
218 389
82 545
91 92
325 454
197 481
67 554
530 599
227 389
394 446
81 523
289 381
254 270
170 337
55 109
223 443
1 586
164 307
273 369
357 440
395 499
358 373
267 579
204 412
74 491
124 507
235 465
125 391
52 516
115 520
22 103
3 516
288 580
204 287
14 374
579 597
196 232
53 581
27 541
414 455
78 253
91 559
434 535
429 511
214 366
170 191
246 322
290 415
121 179
349 402
271 521
83 137
161 488
48 128
266 496
431 555
252 363
189 271
57 530
378 511
75 448
94 384
60 106
43 120
138 233
133 492
187 416
337 461
41 196
76 402
442 534
110 518
120 268
299 448
464 502
254 505
227 474
10 416
23 144
117 585
401 461
263 478
46 288
183 357
286 359
402 419
390 558
353 421
246 346
88 509
251 410
188 459
209 232
77 267
220 389
2 335
188 360
220 425
277 522
229 587
417 524
209 319
171 280
201 330
47 285
424 565
208 240
294 424
459 558
150 306
565 592
86 220
128 222
345 472
504 553
351 557
393 545
514 531
106 154
357 463
43 54
163 372
277 586
22 361
191 436
511 593
260 436
62 140
385 487
132 533
445 583
301 339
328 499
347 477
244 364
226 242
28 48
90 329
33 316
204 303
181 387
41 188
110 284
293 544
204 351
80 522
149 483
167 471
440 463
383 475
390 527
8 30
196 231
63 158
205 209
90 438
256 409
135 528
6 156
82 393
234 546
157 546
449 568
153 473
357 578
31 261
114 354
7 475
185 495
26 149
97 387
290 425
109 563
109 406
309 535
183 440
508 548
250 580
76 451
253 468
302 505
33 111
377 498
68 279
219 241
60 154
105 481
98 316
494 542
29 327
163 496
527 572
477 572
163 266
160 474
25 48
196 205
135 560
57 95
14 213
270 334
492 565
213 221
198 523
160 227
99 514
217 488
89 358
406 579
197 524
453 564
345 394
111 393
203 520
187 321
392 544
279 489
136 576
35 134
34 282
54 532
28 222
241 475
397 417
32 69
52 497
432 493
30 147
390 513
304 557
61 79
102 553
42 430
92 367
273 381
561 585
157 451
218 296
148 390
398 404
48 303
471 549
468 525
238 358
37 395
157 350
116 519
32 70
368 566
22 342
196 445
93 192
83 552
67 226
491 494
274 472
397 540
47 449
208 297
362 459
466 560
286 370
10 187
108 130
315 344
196 598
199 526
3 58
24 243
34 449
367 469
64 505
78 402
343 465
215 589
319 525
178 268
214 496
0 280
344 492
252 266
292 599
174 535
62 277
93 172
468 555
399 519
379 567
92 248
87 487
147 389
303 493
14 122
216 378
298 431
359 576
137 313
552 576
286 380
258 391
232 525
164 562
49 473
152 274
67 537
79 247
290 590
206 277
169 265
400 434
400 508
318 512
11 516
130 550
212 388
174 309
258 285
172 538
50 233
71 86
284 307
533 577
135 466
278 493
171 297
173 563
199 261
40 403
15 347
4 410
297 541
177 401
331 599
161 517
134 405
143 520
165 292
241 519
27 280
50 138
255 443
364 578
224 527
201 407
205 527
133 225
272 355
104 320
545 577
118 214
381 452
26 483
120 460
61 341
168 378
399 475
167 494
199 489
176 580
41 513
87 118
331 589
17 69
19 501
61 348
75 528
247 326
246 420
25 51
327 427
65 310
125 258
429 599
328 395
145 482
46 321
211 266
299 510
66 88
360 558
25 229
274 374
355 416
530 575
6 195
237 392
163 591
203 248
17 597
273 452
226 554
145 539
272 479
114 529
105 413
203 433
439 550
211 252
62 522
40 511
19 405
44 393
134 570
129 525
215 479
457 488
164 553
542 547
20 543
422 591
48 333
55 136
113 151
56 472
166 212
307 533
370 437
127 164
470 506
115 553
155 563
24 284 135 67 488 327 402 96 191 2 180 573 277 357 475 42 450 545 599 554 234 422 435 203 285 9 218 46 503 487 270 161 278 164 248 423 341 177 591 478 375 485 440 382 175 332 312 296 139 99 415 29 256 61 272 33 7 172 382 446 236 44 307 19 259 188 248 31 317 518 311 565 214 557 380 71 129 42 49 280 430 581 116 577 215 518 487 25 362 484 298 157 482 201 515 64 141 484 481 293 92 515 567 23 14 90 160 352 443 524 146 367 11 201 558 481 355 388 39 217 566 463 257 169 352 155 197 128 396 117 129 378 17 534 355 379 507 202 367 31 377 508 230 501 433 335 107 83 477 273 431 564 365 53 438 97 120 543 314 258 482 40 176 198 544 248 422 68 291 126 474 412 317 450 451 527 209 81 438 486 6 12 492 110 48 557 353 166 417 372 135 121 141 485 300 531 318 146 338 217 283 355 42 267 271 301 133 361 497 251 148 35 210 428 409 458 520 200 342 134 138 500 224 111 418 388 453 327 245 12 350 236 244 487 475 271 178 127 590 98 210 290 588 581 23 122 386 75 158 407 338 516 557 409 49 347 414 395 34 22 429 494 261 586 269 49 469 315 408 595 258 264 196 370 288 264 64 80 373 139 334 61 386 495 54 191 439 530 468 328 137 377 236 470 34 568 346 176 32 285 400 185 199 158 191 390 232 460 7 39 127 284 553 561 405 562 497 110 431 536 229 54 550 176 0 515 498 78 38 271 449 337 529 324 27 135 81 359 73 7 13 347 235 527 53 521 500 401 329 590 399 306 118 39 81 436 268 463 155 54 249 579 438 387 499 59 253 58 480 139 140 345 133 353 269 120 96 542 42 151 155 573 36 265 226 599 40 503 371 260 255 545 375 372 245 549 241 370 549 273 456 571 283 261 24 326 270 272 511 336 473 196 7 439 305 458 182 305 164 167 372 303 307 422 512 536 318 357 571 582 359 147 577 360 162 157 551 284 291 250 54 379 419 159 142 159 173 257 410 473 99 592 84 6 136 66 424 564 410 596 254 363 136 214 583 463 45 575 121 165 212 496 416 16 144 414 87 155 180 234 522 305 23 356 147 59 522 412 512 459 408 15 444 301 80 120 20 416 260 438 143 87 313 583 73 438 440 540 162 378 127 195 318 422 522 46 333 296 516 552 115 339 581 65 470 538 212 415 556 7 573 331 274 40 245 33 251 276 182 539 412 111 318 40 167 435 533 288 565 271 417 132 148 77 525 192 122 215 125 229 547 373 41 511 179 106 244 477 262 59 397 33 108 37 491 422 89 148 331 433 567 145 25 465 78 447 262 437 215 455 253 165 333 153 274 503 234 303 462 261
482 318
598 976
417 337
621 854
913 691
199 918
342 272
98 979
453 672
330 244
355 354
593 915
259 894
457 921
899 803
860 315
909 58
765 248
405 676
961 601
229 552
230 918
35 110
879 61
374 878
171 851
16 287
573 314
240 786
647 37
473 617
291 263
696 193
544 130
879 911
985 727
191 665
988 3
480 733
605 543
97 611
801 514
741 64
127 220
645 154
953 714
346 474
896 991
196 784
529 951
738 320
179 884
589 857
344 784
122 266
879 159
840 757
234 406
662 830
377 743
239 648
138 68
657 904
640 366
660 186
139 619
291 650
20 869
181 392
749 211
709 233
434 447
814 45
656 584
383 839
784 632
611 385
813 195
577 466
200 113
684 965
194 589
580 174
769 46
7 777
687 652
484 431
657 720
288 704
757 846
614 758
162 273
219 264
968 474
628 417
263 370
461 856
139 430
505 138
418 275
329 988
35 337
330 109
74 114
357 215
400 710
219 610
3 26
917 319
860 220
435 231
579 144
202 694
328 922
577 26
338 185
239 959
728 269
689 723
6 72
156 182
978 145
943 794
225 487
372 586
982 892
761 3
362 107
206 827
659 427
892 302
889 241
515 242
80 467
967 672
842 667
816 113
824 16
774 278
606 90
694 922
368 639
181 64
288 120
846 89
52 804
103 99
467 572
906 450
2 238
183 354
304 879
812 691
525 873
250 591
913 212
371 301
534 372
675 380
355 711
548 567
50 616
652 974
797 723
432 133
132 388
727 779
380 958
122 515
702 410
450 995
538 279
973 428
944 153
199 16
32 401
313 594
427 904
36 191
977 208
44 961
150 462
668 765
433 59
954 241
989 49
114 150
370 410
827 567
875 951
166 546
538 993
921 505
878 646
740 31
336 330
769 480
488 669
168 643
248 279
33 659
98 852
649 116
273 167
111 761
786 444
629 952
33 4
612 248
746 447
698 52
705 692
776 752
991 820
693 789
277 520
68 496
2 539
418 504
69 988
465 475
974 858
242 820
627 639
827 458
105 440
18 902
523 550
389 68
232 864
509 634
788 553
724 470
777 320
491 390
963 375
922 542
994 359
685 851
796 598
587 224
136 990
54 901
351 822
537 40
760 375
744 963
248 110
261 242
452 156
324 553
984 762
728 646
627 463
660 280
674 694
606 595
311 823
982 955
388 180
625 995
301 300
921 391
199 238
916 770
718 367
765 696
824 162
114 188
293 386
625 306
937 934
305 464
475 775
832 723
657 83
169 116
593 946
135 679
223 367
519 314
413 772
939 866
760 601
488 227
966 987
743 175
68 728
332 502
518 696
518 516
447 635
197 438
952 290
119 325
269 327
388 486
561 241
594 503
893 620
0 1000
687 560
691 263
164 763
39 743
34 692
144 360
491 180
243 688
142 1
93 656
250 214
849 905
853 28
803 978
24 492
467 103
422 828
63 540
761 415
395 219
388 439
788 950
884 392
50 469
398 10
257 75
710 17
958 56
609 801
131 859
244 460
514 774
230 756
610 354
408 376
915 840
479 985
83 205
727 549
530 78
158 150
66 78
856 367
5 456
856 828
768 992
802 339
115 31
516 430
545 343
86 810
144 918
741 872
579 65
307 433
198 517
485 42
743 818
740 135
845 534
32 140
894 587
702 617
499 84
730 92
648 796
207 204
432 540
466 808
784 183
671 309
739 748
794 866
874 737
63 645
449 350
579 614
97 534
284 969
710 160
562 749
182 947
75 938
598 419
596 679
172 717
112 481
768 795
479 536
866 450
938 970
983 315
615 167
857 873
958 26
324 672
555 680
61 291
173 991
282 24
474 951
566 402
133 589
49 250
968 641
836 264
100 893
976 525
578 584
941 745
889 424
127 802
442 786
422 200
537 490
338 387
556 646
280 594
546 454
732 929
710 879
811 808
338 747
87 368
505 465
552 99
665 3
903 100
163 498
700 83
645 497
131 713
301 196
226 40
661 617
577 998
772 150
591 729
871 269
449 33
67 157
278 786
645 679
84 48
757 566
907 873
375 678
833 625
837 984
930 125
579 360
508 829
506 906
306 5
459 192
214 70
3 689
792 904
877 558
188 165
509 984
732 999
475 8
407 574
921 354
883 682
478 285
694 503
236 155
89 3
412 965
864 793
560 917
499 583
147 951
563 812
801 371
174 214
278 490
46 930
444 723
33 841
5 328
868 128
682 146
1000 564
627 705
15 623
234 327
611 124
411 866
74 424
103 687
376 918
964 93
737 717
546 845
535 609
917 6
547 2
951 564
398 537
416 411
406 151
672 233
58 24
368 547
338 54
292 737
926 588
109 562
39 564
839 492
455 259
15 725
614 885
10 572
389 260
229 999
308 159
903 932
661 936
191 623
521 663
691 462
184 299
826 392
791 663
608 32
268 415
454 307
86 265
546 172
261 743
162 25
926 649
64 864
934 436
0 840
548 722
571 281
309 948
197 555
984 261
608 202
489 358
288 916
371 30
406 928
916 263
444 1
788 84
361 143
0 943
648 549
204 729
76 774
887 520
155 243
898 718
700 342
422 95
948 192
492 862
51 375
407 616
267 997
826 939
134 297
995 602
152 825
792 404
668 344
757 908
271 446
786 123
564 201
515 4
812 225
281 564
382 803
443 390
730 595
638 224
708 301
560 955
280 825
335 420
240 522
486 502
806 777
15 366
164 592
801 260
32 998
888 362
783 217
736 511
186 469
