600 1647 600 663 21
120 537
210 357
530 578
92 519
5 351
168 202
134 211
323 326
193 194
386 460
382 436
235 504
32 371
108 203
212 495
281 407
333 384
392 538
41 385
79 237
103 332
138 314
188 336
274 344
240 384
56 483
330 506
174 354
371 424
445 482
120 559
15 147
19 547
3 55
86 310
398 406
259 572
416 583
59 541
33 86
303 378
284 542
157 473
86 554
83 398
121 269
213 277
393 551
179 439
172 223
46 480
38 394
23 291
444 495
375 451
385 466
276 599
152 522
28 561
18 240
465 550
481 536
129 590
177 267
371 531
58 493
269 310
133 517
357 566
174 460
50 385
93 381
373 482
153 591
70 104
415 580
249 295
100 217
171 455
343 376
299 390
366 474
330 414
405 537
337 397
43 580
20 427
372 419
43 79
98 228
208 492
331 586
106 494
35 92
138 380
78 232
447 448
28 597
488 510
291 529
183 504
163 550
26 426
389 512
94 570
196 219
204 258
286 463
0 572
95 196
33 526
429 587
160 585
137 491
48 499
438 456
61 531
234 541
27 272
224 484
117 167
412 422
206 451
146 266
374 511
390 516
226 498
307 589
228 233
7 550
134 313
215 373
188 327
99 569
499 599
270 476
406 566
130 219
310 478
209 547
282 523
50 425
347 387
211 593
16 98
26 417
146 147
45 598
95 117
174 426
250 262
224 306
366 391
30 456
123 513
429 462
19 207
100 325
331 572
109 598
201 339
289 433
136 405
39 359
364 365
133 445
6 281
113 351
402 407
436 580
403 476
255 583
7 478
220 321
238 549
77 272
77 363
355 564
12 480
286 527
222 596
69 558
64 155
261 596
378 539
338 510
99 149
76 339
59 480
23 504
53 487
241 486
14 22
239 525
266 511
55 357
156 492
393 545
46 519
37 184
202 383
24 407
289 508
347 377
45 420
21 277
72 455
512 528
205 458
154 491
6 519
90 332
210 222
152 345
118 132
187 310
15 593
497 579
189 500
356 503
400 561
141 436
20 459
384 521
215 228
421 482
469 538
30 249
358 594
64 171
311 328
149 257
550 552
209 401
340 425
192 426
314 558
8 122
26 85
149 528
26 276
87 196
102 535
81 593
367 457
6 185
400 516
200 273
206 573
182 481
207 434
419 494
333 352
39 223
87 381
319 448
203 398
47 515
515 518
384 581
485 568
255 564
416 514
224 470
177 208
9 50
337 546
115 396
90 555
350 355
68 104
227 589
354 400
37 139
11 428
94 461
341 456
311 356
424 531
339 490
475 570
16 261
151 442
163 489
575 583
388 591
286 368
125 388
153 388
81 580
42 135
149 369
263 554
2 255
82 303
17 275
355 503
367 492
226 468
43 452
248 334
243 366
60 355
289 290
27 154
223 424
78 333
260 461
425 440
7 376
545 551
296 571
18 238
84 563
226 278
172 546
71 122
66 488
122 287
72 274
522 585
10 294
140 290
148 366
239 411
258 472
312 437
516 561
79 415
118 364
434 575
70 254
110 442
68 456
123 464
74 527
163 187
310 526
114 364
152 514
22 101
177 335
204 472
175 496
205 467
85 248
227 323
172 337
59 234
106 474
32 553
276 426
353 597
238 256
9 193
48 599
231 573
60 311
406 584
217 511
212 280
281 519
200 444
85 276
80 327
53 327
58 319
320 440
249 587
121 178
322 370
394 502
157 312
352 544
5 323
111 379
68 216
315 597
302 487
172 588
309 408
105 438
31 135
404 442
209 284
53 188
467 523
524 593
333 521
422 536
1 167
413 474
144 252
379 431
385 539
178 263
389 438
235 433
96 297
90 526
252 587
145 465
69 248
437 473
319 443
481 544
25 107
271 315
99 125
471 556
470 563
2 575
18 549
322 537
98 173
238 482
129 495
47 518
81 415
256 540
357 596
139 452
14 101
76 120
123 555
487 552
22 67
49 523
467 565
444 577
282 292
117 196
268 551
180 270
394 543
90 126
189 244
67 459
105 341
226 436
2 483
483 562
124 399
139 388
272 363
434 522
247 292
48 315
396 556
3 381
172 359
126 477
109 119
157 235
11 252
303 539
137 239
67 101
306 460
190 523
155 291
262 596
90 167
409 530
256 521
177 346
29 66
222 576
69 198
346 441
39 172
305 383
502 543
203 338
190 247
156 212
43 184
410 583
514 575
511 533
186 256
87 130
42 223
182 275
76 116
155 529
29 510
39 256
125 139
170 335
65 431
220 284
25 74
242 245
86 178
148 243
76 305
267 441
112 295
64 286
69 229
211 439
233 382
207 585
58 579
144 598
256 384
115 428
37 318
142 151
299 354
128 187
269 478
10 344
150 488
100 304
10 368
286 358
127 243
446 529
44 520
458 491
133 318
532 573
350 564
302 361
64 463
426 430
174 479
234 275
103 464
359 588
229 558
242 412
13 321
126 167
29 582
85 599
151 404
1 90
164 219
81 343
578 599
17 402
183 548
316 442
114 124
42 424
292 405
103 571
28 353
22 427
123 310
534 553
197 232
184 452
333 481
73 364
363 467
170 525
101 538
281 402
139 318
364 399
38 204
81 211
217 327
245 583
434 483
320 425
150 178
84 491
198 578
216 389
279 316
313 450
199 234
91 201
395 537
96 156
377 482
120 395
214 239
353 561
15 81
242 535
329 505
42 594
324 381
29 210
323 351
149 295
155 455
99 579
227 326
470 537
86 263
194 385
46 572
11 297
70 375
26 248
512 532
107 337
63 401
526 555
74 307
247 523
146 162
266 304
169 436
274 586
128 342
236 542
436 543
498 517
246 502
200 248
5 148
24 519
265 551
69 165
11 191
82 253
312 473
389 573
152 416
241 474
240 387
73 288
2 583
244 485
504 560
9 425
326 413
168 523
135 594
475 489
190 292
4 61
138 471
533 550
34 232
84 137
469 574
63 220
505 544
36 498
397 546
129 177
7 145
443 447
397 594
109 462
223 531
302 475
77 230
58 448
336 487
424 453
270 593
439 593
273 280
476 565
11 96
315 499
260 570
298 506
281 553
121 204
98 261
89 484
103 555
295 515
61 186
41 378
53 533
486 595
32 453
230 470
253 303
291 463
82 193
197 581
290 291
175 192
100 279
157 433
170 493
70 109
573 588
71 291
174 386
171 368
16 62
278 382
2 350
158 419
163 552
62 592
227 307
145 146
187 489
96 492
488 502
60 564
313 392
320 520
399 423
103 123
127 486
128 513
467 476
304 399
73 403
235 290
11 556
39 540
97 265
78 581
22 237
100 423
361 570
374 533
77 292
11 144
66 510
19 209
80 100
156 495
273 297
34 333
13 41
174 430
59 422
311 355
245 412
137 267
30 109
252 462
458 565
179 593
93 509
118 308
2 285
15 162
228 309
214 574
217 304
219 584
71 446
434 514
210 582
314 568
141 343
434 585
9 194
392 574
30 429
379 399
300 529
3 131
163 478
206 254
147 266
191 556
355 562
104 216
252 429
139 591
73 180
412 544
114 379
316 506
296 342
288 476
371 402
354 479
118 365
152 160
112 257
197 261
5 113
577 590
502 582
128 264
72 586
432 520
108 178
11 115
410 564
116 339
20 43
165 314
40 565
242 393
151 362
207 253
345 416
129 444
189 568
290 508
24 275
58 411
323 413
234 536
400 479
287 291
125 579
295 456
208 448
234 422
537 559
309 347
97 480
46 265
14 392
86 121
327 336
127 189
382 502
132 379
231 337
89 175
414 461
158 598
339 386
84 88
78 384
253 483
123 187
87 324
128 489
168 293
27 435
294 368
267 470
106 326
244 595
39 421
273 334
52 404
55 131
336 506
260 361
444 496
317 505
201 386
46 92
380 568
249 456
314 380
29 502
79 580
210 576
482 549
24 46
69 85
130 381
232 328
215 517
218 470
465 533
14 538
73 293
377 387
425 509
411 493
140 312
245 544
148 413
4 521
81 162
173 228
18 384
369 389
24 541
82 562
140 463
50 324
203 488
75 238
20 139
293 308
527 589
181 328
21 463
349 450
427 459
82 539
62 98
138 244
69 409
30 70
158 494
178 488
191 195
219 348
129 156
89 496
475 552
55 509
512 573
182 371
67 221
194 539
181 250
464 571
255 350
268 545
203 584
134 179
144 462
272 435
47 112
44 311
35 185
74 594
17 24
80 336
384 592
169 478
185 586
69 334
51 554
244 568
131 219
110 414
23 287
285 355
121 472
200 417
31 553
31 368
342 570
3 93
215 408
306 484
116 490
73 308
171 344
401 547
45 106
357 425
63 303
441 590
44 193
166 401
411 497
44 356
7 169
40 458
112 149
102 393
361 414
42 546
189 595
257 579
179 270
288 403
11 457
61 521
271 479
171 274
514 522
46 259
494 595
90 567
319 447
192 496
180 364
83 338
196 348
214 469
218 590
292 363
221 497
507 539
512 588
12 541
285 562
147 524
54 493
51 90
250 520
157 161
455 529
334 471
83 510
45 159
49 293
169 376
43 517
96 280
48 479
134 439
288 523
430 479
47 295
108 219
81 349
75 421
245 410
53 552
366 413
4 333
367 443
270 403
296 464
248 417
302 414
377 408
107 451
279 298
503 562
245 505
159 420
23 560
61 256
250 320
254 451
215 498
91 386
71 72
287 560
125 569
89 218
134 450
382 582
532 588
261 262
83 406
125 449
43 498
168 282
137 177
334 558
358 368
13 220
230 272
342 513
2 434
200 495
227 420
530 599
325 431
299 400
391 486
239 458
4 182
193 503
328 432
332 477
159 598
32 424
349 392
564 583
57 500
0 331
82 507
81 450
74 397
360 487
395 559
123 296
178 246
116 305
221 469
449 528
185 344
6 344
304 511
191 297
349 501
219 566
411 525
58 257
333 544
93 324
50 301
225 411
251 414
270 364
259 265
268 345
479 599
87 95
183 235
345 551
342 475
33 310
344 368
145 550
192 417
104 456
329 410
373 377
107 397
112 367
251 442
77 405
189 486
138 396
103 477
129 346
85 578
40 134
63 209
145 266
21 351
143 232
240 377
74 589
468 498
191 273
221 538
318 449
200 334
47 367
43 237
375 420
31 294
71 300
166 303
76 559
160 418
8 287
279 506
34 505
78 143
198 409
38 169
45 158
133 184
14 415
238 540
43 436
75 540
25 227
213 473
139 184
253 562
25 451
324 509
252 515
18 256
247 467
253 547
290 504
251 461
102 551
111 132
241 494
267 590
44 320
303 401
38 543
486 494
317 329
6 553
47 457
421 512
62 581
34 78
228 576
275 541
27 458
176 356
20 237
378 385
119 159
210 233
206 231
130 131
298 336
60 232
66 502
174 175
265 480
301 324
11 492
91 354
115 419
291 446
63 284
0 46
34 352
164 567
44 176
138 485
208 447
290 463
230 537
144 158
275 402
102 242
121 169
230 435
515 587
121 478
60 328
14 79
241 391
242 268
153 497
67 427
1 219
9 340
362 442
130 348
282 405
48 271
34 317
8 548
489 552
143 197
94 260
383 559
5 473
270 524
123 526
84 230
233 582
164 263
132 308
185 331
296 513
236 284
496 577
263 567
68 389
123 264
32 402
202 370
487 506
35 519
155 463
527 594
249 515
232 329
60 329
42 397
55 425
223 546
13 324
84 435
344 553
433 508
40 313
98 592
318 445
361 475
0 92
52 251
124 364
199 536
207 418
18 377
209 236
0 35
147 593
218 267
100 298
292 523
136 537
250 432
20 591
161 473
392 458
56 207
192 200
39 61
91 390
127 391
1 164
396 419
288 467
416 575
241 366
87 348
412 536
182 536
175 460
71 287
233 576
7 162
372 396
21 323
304 364
99 528
380 485
463 527
396 595
480 535
177 492
258 394
198 530
229 314
100 399
211 450
226 382
39 531
334 556
576 596
201 490
13 466
471 558
9 385
246 472
3 130
105 456
13 301
313 501
206 389
195 273
111 431
45 494
343 580
119 420
76 470
20 452
7 343
306 339
332 555
311 520
221 225
249 429
29 83
108 488
89 224
224 339
230 563
41 220
114 118
59 412
372 494
113 473
480 541
113 213
554 567
184 517
76 224
25 307
288 293
240 347
243 391
240 592
265 572
268 416
176 193
459 557
300 455
52 442
135 424
450 501
6 35
500 568
370 559
33 51
22 79
36 233
361 461
219 263
412 535
181 232
17 407
225 469
145 162
181 432
106 241
262 440
153 579
199 422
83 357
181 261
445 449
31 594
338 488
138 558
231 451
21 527
271 597
535 551
205 363
36 226
122 548
40 476
193 562
218 224
121 310
354 386
338 398
458 574
242 416
21 227
268 393
143 581
36 228
430 599
137 525
453 534
27 88
166 547
182 234
390 400
367 447
128 475
277 351
89 577
237 427
411 469
94 571
277 437
246 488
110 506
231 588
141 376
118 379
202 282
353 479
472 502
266 283
188 487
326 420
335 448
173 261
65 325
382 543
149 579
63 378
28 516
166 253
457 518
157 289
315 530
200 280
12 46
30 462
394 472
80 298
423 431
129 441
77 136
51 567
193 507
330 360
335 493
267 346
325 423
32 534
177 525
557 591
27 205
41 466
283 533
207 547
233 278
316 362
244 396
213 351
100 362
70 216
88 435
115 556
322 405
357 406
262 320
370 383
119 375
16 197
183 560
149 341
218 577
56 253
195 556
271 353
173 596
136 230
148 454
119 598
175 426
30 104
291 504
459 591
10 553
62 197
156 177
25 375
88 154
145 533
97 535
54 525
195 334
283 511
449 569
13 385
39 186
320 340
172 231
173 576
235 508
59 535
358 527
306 386
160 522
337 451
311 503
167 477
280 297
239 491
34 544
84 267
129 577
98 309
329 564
150 246
70 119
327 374
127 148
68 438
369 512
58 497
94 342
80 217
402 553
138 556
67 497
205 565
50 509
125 318
10 31
110 330
581 592
187 264
222 357
67 557
421 540
140 277
21 589
257 319
142 362
407 519
421 588
181 197
140 289
131 566
65 142
45 326
178 472
264 513
135 453
208 335
124 379
155 171
347 408
162 343
73 365
90 164
57 189
301 385
57 127
49 168
370 405
479 561
55 566
220 378
96 212
163 310
453 553
457 492
175 484
379 423
322 559
36 278
141 580
392 501
250 261
54 170
373 517
217 374
228 408
289 312
462 598
538 574
373 408
35 331
44 340
51 526
183 287
499 530
369 528
311 432
179 476
536 544
83 210
257 443
180 403
202 405
341 369
373 445
201 390
192 444
154 458
153 557
442 506
368 594
285 350
65 100
165 409
347 592
49 288
38 436
98 347
359 421
31 453
566 584
67 153
51 86
115 144
274 455
12 24
8 183
165 229
21 140
449 482
254 389
302 360
15 146
185 274
295 341
36 215
101 221
364 524
277 473
1 196
302 330
53 374
300 446
225 497
19 418
285 483
390 490
25 397
14 349
88 491
125 153
214 411
88 435 416 242 224 530 337 452 454 366 230 364 302 139 546 19 302 451 54 578 226 246 400 246 124 367 462 539 222 107 191 117 137 209 310 469 99 9 457 411 480 291 486 471 599 137 175 226 236 486 170 158 18 557 112 300 310 280 62 216 163 431 355 494 231 463 147 469 279 575 279 323 355 151 176 113 230 224 490 358 128 342 187 28 591 568 392 253 34 227 306 56 59 439 551 84 548 196 370 577 551 12 295 3 388 166 595 96 375 465 49 456 15 542 503 598 534 240 321 27 256 306 230 35 347 535 392 284 572 439 224 427 234 380 593 42 159 544 427 226 169 125 71 107 143 38 571 101 77 7 338 247 547 137 209 480 339 85 9 23 259 67 17 543 541 505 546 265 309 22 164 292 563 39 57 246 237 118 97 462 114 143 457 442 470 116 571 556 59 123 167 95 46 226 242 460 275 92 390 528 398 415 362 567 56 527 161 80 291 55 350 15 57 160 94 303 537 379 127 508 100 308 18 537 475 149 325 48 254 445 423 469 532 427 331 113 568 271 256 5 190 558 549 446 591 10 393 252 591 380 22 570 369 455 513 231 420 321 58 495 66 260 55 448 331 95 117 38 1 163 547 369 597 296 559 191 125 276 377 316 421 298 358 15 432 481 425 463 189 79 331 218 73 428 202 280 369 518 143 282 426 111 212 154 568 191 515 451 156 161 119 444 421 72 325 556 250 76 396 511 294 145 390 232 324 27 263 489 533 146 263 121 136 125 549 474 72 33 319 307 102 91 205 586 557 445 432 544 386 458 306 176 111 96 237 59 543 299 241 437 339 430 55 443 598 233 104 15 73 474 353 81 241 81 244 394 587 216 171 301 105 562 452 459 571 508 49 571 370 272 105 335 277 102 16 82 382 376 278 379 463 550 472 300 246 428 79 392 355 459 355 246 306 86 411 0 6 360 389 394 106 139 378 430 92 205 102 127 521 39 577 588 214 329 311 14 135 582 592 46 288 379 2 329 460 481 107 385 199 126 509 393 316 246 175 50 565 75 458 130 542 533 380 239 399 508 124 206 21 330 10 206 411 79 117 350 514 63 358 560 128 138 391 30 172 311 173 441 416 378 50 196 226 96 169 245 439 306 14 340 506 142 261 400 314 217 45 420 79 256 185 227 436 265 43 181 62 542 303 62 70 213 45 563 54 279 331 443 430 325 403 357 94 46 310 40 3 361 232 248 208 549 302 150 159 572 102 18 186 19 302 380 262 147 365 339 142 485 309 251 475 24 597 321 552 144 503 550 435 423 541 320 170 569 108 9 329 278 306 507 408 217 207 578 3 532 347 204 342 125 229 184 364 501 585 267 206 272 379 419
383 966
938 511
741 909
905 624
510 753
97 679
335 928
723 317
41 941
874 777
284 877
216 383
436 924
975 783
529 309
691 233
664 695
411 865
544 658
871 962
558 400
190 738
567 332
110 894
422 886
269 686
118 194
438 146
30 15
753 493
259 520
276 813
343 813
876 399
605 777
329 964
658 528
527 487
719 399
390 690
549 202
930 825
333 744
630 421
770 797
171 549
426 960
312 426
49 159
519 28
927 751
889 424
965 41
844 200
408 314
866 629
818 947
10 520
400 352
511 895
706 817
427 715
627 688
944 887
193 868
827 30
769 505
518 363
320 548
58 267
266 556
106 977
199 992
630 64
264 730
470 607
275 61
420 99
593 734
603 341
800 134
636 272
830 891
785 556
361 171
88 200
867 439
959 607
411 191
223 150
939 438
132 40
391 945
900 670
993 229
990 588
208 309
507 946
637 663
453 453
825 73
506 330
577 947
989 389
286 546
366 523
140 588
283 655
852 536
241 539
917 124
707 0
341 423
94 700
686 55
144 423
230 6
996 568
660 33
229 576
315 91
800 391
36 981
937 323
708 60
475 455
967 460
3 553
924 265
278 212
926 584
888 600
663 5
523 514
582 223
314 773
376 101
379 252
76 413
521 460
135 804
677 342
849 28
638 741
165 463
746 238
714 220
686 192
19 633
406 478
819 467
923 5
720 987
499 400
433 189
171 879
263 296
40 786
164 510
196 563
768 998
9 751
728 279
840 297
914 519
27 299
882 917
986 496
483 26
722 344
353 294
232 892
385 670
689 636
134 92
166 130
789 829
326 263
850 469
601 161
615 108
703 733
514 827
22 921
563 469
299 941
445 705
881 281
847 179
49 482
466 71
148 352
162 177
813 843
877 815
150 311
971 562
651 725
38 247
523 854
180 232
154 33
422 10
835 522
776 391
473 160
331 615
828 973
323 337
940 909
745 588
618 240
239 286
114 729
456 251
613 530
300 570
771 150
250 135
887 553
966 860
486 336
769 605
379 757
243 75
457 305
654 504
180 661
644 570
40 347
381 135
353 648
652 767
698 568
498 846
32 861
976 991
599 377
485 622
431 254
557 680
108 558
612 917
30 572
79 450
608 875
799 462
489 87
103 219
300 498
727 696
995 88
234 460
858 915
285 600
679 900
484 687
401 410
739 397
450 989
989 163
707 669
733 658
872 482
913 286
482 986
736 195
322 176
644 984
815 376
606 137
36 116
414 136
173 272
226 938
474 846
82 180
160 764
681 507
853 89
208 271
351 886
445 49
748 218
987 909
738 880
208 829
93 913
556 62
83 825
122 865
132 897
445 69
553 13
265 849
313 476
969 315
202 339
835 127
98 45
167 977
955 742
929 203
881 891
752 106
310 8
198 75
229 695
579 14
623 595
850 354
729 817
92 803
546 234
29 374
3 152
876 67
649 808
499 475
379 387
768 706
996 788
387 53
138 676
934 698
809 61
141 635
815 174
709 767
662 827
923 162
323 991
983 446
530 767
113 299
358 320
847 144
339 668
807 526
189 34
822 735
378 493
981 245
684 319
295 896
668 985
303 197
610 632
950 588
609 284
698 892
119 697
572 781
20 68
108 70
714 863
767 822
830 624
229 792
405 663
897 169
978 183
862 44
460 133
680 75
650 68
69 629
324 408
230 845
402 518
398 31
425 816
99 492
566 545
800 196
261 603
703 352
530 599
908 866
721 33
45 397
906 650
687 472
383 3
559 711
930 773
155 78
582 626
504 430
341 571
105 6
55 580
520 274
583 975
731 431
336 75
100 464
278 715
827 549
760 54
74 38
912 919
394 843
592 93
944 21
415 70
841 590
391 887
596 565
13 254
641 866
431 318
550 882
101 632
956 156
623 317
689 952
146 212
850 999
129 493
190 591
439 614
527 879
750 36
340 785
848 718
135 178
557 366
198 406
234 484
116 138
734 12
743 749
42 811
764 945
391 163
682 417
141 771
340 539
609 203
779 666
296 177
927 33
365 405
206 204
538 544
135 946
325 379
364 351
463 497
594 266
271 628
588 438
299 806
0 660
199 969
291 516
256 382
459 216
536 382
194 110
993 139
190 467
172 813
987 366
768 236
936 799
495 132
640 446
474 290
320 128
97 392
762 435
76 749
114 604
905 230
574 136
995 465
805 349
69 73
503 918
528 803
489 581
778 912
227 92
45 424
75 553
874 193
805 485
888 253
170 4
420 214
278 337
386 330
125 520
218 246
185 163
452 332
620 510
31 184
24 481
569 272
760 466
783 855
92 879
631 822
880 110
856 831
58 844
880 668
786 519
750 175
408 548
944 283
720 953
296 460
52 6
581 495
265 424
383 913
755 732
522 731
747 958
490 56
653 158
399 282
921 393
225 751
424 518
167 924
6 224
399 785
396 571
773 201
325 833
547 921
535 837
359 81
493 299
877 843
462 654
465 872
992 952
705 443
592 812
614 988
356 738
884 945
14 977
501 608
795 290
572 994
868 229
323 863
885 459
954 417
143 389
516 383
97 346
346 56
69 894
45 34
789 882
352 149
664 871
504 163
860 604
891 490
17 414
462 477
991 203
991 307
397 997
356 617
484 271
730 935
727 606
230 169
52 228
428 390
651 348
627 709
733 506
649 897
861 559
771 965
253 995
278 473
389 630
199 685
276 158
528 418
595 673
641 214
257 769
74 504
761 628
14 89
206 540
72 158
