600 1491 600 1059 17
85 91
185 578
134 463
205 220
173 343
288 599
108 153
181 262
288 405
42 358
133 344
100 202
161 363
382 389
257 430
446 567
104 545
200 526
258 365
227 345
233 388
231 350
5 25
106 541
254 329
569 589
404 427
167 215
360 437
156 293
195 596
80 425
194 259
537 549
454 570
473 592
27 262
334 593
71 271
413 510
431 579
59 165
392 573
26 537
582 598
173 234
105 385
315 390
25 66
356 592
63 266
132 363
73 115
41 214
143 443
132 157
38 153
313 348
85 597
163 387
201 365
3 49
290 480
255 279
119 562
417 538
81 599
109 301
35 94
457 475
58 97
179 510
12 96
325 401
59 565
33 424
435 589
145 349
39 84
381 410
152 193
231 398
196 379
229 425
150 410
336 544
310 585
426 546
263 342
149 291
503 551
71 183
64 462
42 481
296 465
76 212
272 546
210 408
56 343
215 576
397 558
332 515
100 560
107 375
268 501
76 588
178 279
406 408
186 489
41 458
322 514
14 586
286 395
198 554
303 540
17 267
311 365
30 38
137 318
64 328
68 242
49 413
404 483
135 521
127 345
210 406
305 386
203 581
547 560
180 427
85 326
148 215
388 534
110 428
57 383
119 542
52 473
123 143
320 428
110 566
54 350
328 405
81 552
372 380
335 366
103 473
11 232
454 550
146 500
9 306
48 214
304 416
270 289
213 398
296 468
240 280
53 491
336 384
164 584
103 588
22 160
138 458
173 513
190 338
232 255
339 551
112 582
412 419
265 334
178 383
281 371
193 207
148 572
515 554
293 379
92 507
108 367
216 308
130 271
205 436
192 295
171 563
113 254
35 168
75 437
70 421
42 247
332 554
167 386
114 585
146 150
474 499
47 441
499 531
360 454
360 570
473 598
217 363
485 518
0 501
437 494
80 281
190 502
44 265
308 565
19 120
222 236
74 325
12 256
385 395
17 418
318 595
319 339
95 333
232 279
319 551
41 48
317 480
379 381
114 321
118 289
162 527
183 475
76 448
322 510
425 483
51 341
143 500
145 154
146 551
216 256
84 576
461 502
34 534
149 391
61 599
120 497
208 261
147 561
158 261
159 537
165 385
192 454
58 172
387 401
192 494
39 522
136 545
98 505
393 487
272 467
59 492
82 346
7 518
18 36
91 465
362 376
286 409
189 243
98 168
205 313
420 450
229 391
36 584
244 521
83 492
459 467
559 568
7 62
379 437
305 400
490 504
330 516
32 506
57 178
295 454
199 289
97 342
212 235
84 242
133 290
285 463
37 199
20 138
158 451
270 537
177 542
46 175
142 424
1 577
305 581
177 213
157 209
175 554
115 204
201 440
7 247
101 219
229 404
124 578
135 244
330 473
203 252
86 187
458 534
267 485
436 479
26 159
41 534
185 384
354 403
433 450
482 569
270 549
4 155
243 436
262 445
269 394
511 514
271 424
411 455
7 546
227 264
5 456
14 302
229 415
86 466
253 321
109 479
250 499
65 235
369 401
129 242
100 321
222 515
2 537
46 197
119 272
0 472
216 497
464 506
414 508
514 575
370 414
29 476
29 474
275 535
418 547
280 294
119 529
289 317
361 572
394 444
140 281
130 254
28 471
91 190
65 322
111 400
493 551
173 394
266 446
254 457
238 472
288 328
120 256
43 217
205 545
284 566
149 519
233 496
306 388
82 207
415 419
189 348
210 564
122 242
430 490
136 501
61 527
108 357
266 304
108 532
118 336
133 241
111 117
464 525
144 176
179 514
95 593
450 505
246 293
62 115
344 571
307 434
79 201
123 186
44 411
142 239
47 205
301 571
219 530
122 262
442 515
510 573
8 463
39 175
248 495
354 555
440 596
9 56
30 234
131 475
127 284
1 503
458 540
90 540
243 456
140 144
219 542
92 142
108 121
13 549
217 559
184 370
338 502
341 574
350 591
519 568
402 490
355 453
196 293
2 345
287 300
198 559
77 445
110 320
405 474
101 542
212 407
461 469
257 414
10 475
78 411
235 322
298 384
99 173
212 588
261 454
94 355
10 230
83 586
45 81
24 434
62 300
91 107
145 408
22 549
156 539
195 369
361 448
2 127
123 299
225 423
118 317
128 275
202 560
274 492
73 287
93 147
146 186
156 196
237 402
313 383
295 494
169 314
314 486
34 48
86 567
92 461
1 215
231 549
23 450
573 591
166 395
157 222
301 479
109 185
427 512
412 519
178 255
66 126
3 440
397 469
439 563
160 538
238 452
20 458
164 541
112 598
70 113
16 340
360 494
214 276
36 172
319 577
272 358
53 444
249 372
308 427
350 524
220 312
113 457
165 395
147 443
168 555
338 465
126 232
141 341
443 557
39 559
54 392
60 471
353 458
99 343
187 466
305 327
201 259
398 528
109 578
152 368
256 497
67 286
359 370
184 359
273 349
21 99
151 530
268 429
281 468
16 567
398 495
96 256
557 561
90 168
204 525
95 526
307 520
121 347
186 500
18 223
143 147
304 310
189 279
4 267
233 585
51 455
49 511
173 422
22 528
166 286
106 204
142 230
31 83
211 328
483 512
113 240
150 379
413 511
300 485
91 590
375 484
39 561
230 239
22 398
487 588
426 529
57 145
333 535
185 298
6 130
241 344
54 185
291 391
152 268
331 486
297 349
405 462
226 535
31 565
314 408
367 516
252 581
20 45
463 478
103 212
215 252
139 584
286 508
13 270
352 595
235 514
144 371
281 296
349 429
378 456
246 550
229 483
449 465
451 494
111 319
474 476
23 505
203 278
325 387
140 504
106 525
492 565
23 56
231 544
388 496
363 364
77 575
384 480
60 135
73 172
240 331
19 261
19 380
25 189
30 422
173 269
521 573
245 264
38 108
369 387
139 264
177 529
335 474
7 481
115 300
95 434
80 371
11 226
11 564
68 576
33 507
118 384
301 480
4 432
170 323
218 459
364 376
80 449
33 141
114 509
23 34
311 445
15 230
509 587
305 513
170 523
21 496
420 505
63 99
188 448
341 455
88 101
387 596
119 546
67 274
229 419
422 513
199 284
322 521
134 218
217 568
428 431
171 418
29 531
18 342
241 571
295 451
342 569
67 166
79 225
122 188
73 309
2 26
161 376
334 434
121 285
75 470
82 315
381 499
92 282
104 441
133 206
202 587
190 461
194 511
34 224
87 386
80 176
136 594
150 500
228 448
417 464
105 283
280 447
37 206
134 478
265 455
87 167
357 473
102 493
218 517
358 439
36 73
4 485
123 503
470 494
62 464
149 161
495 583
442 536
92 424
136 273
62 533
525 556
164 309
500 557
516 592
55 566
180 249
277 430
152 429
141 271
121 463
154 294
206 290
188 445
40 464
89 170
218 463
146 493
459 562
187 266
16 153
439 560
30 513
96 427
140 371
26 227
120 302
328 462
395 402
135 248
111 191
469 558
53 111
174 505
175 522
480 571
39 170
179 413
163 369
102 551
97 182
148 576
464 556
347 466
239 590
102 453
81 399
15 424
150 493
0 268
95 334
256 380
40 426
64 211
302 550
85 277
64 354
329 475
47 220
214 224
378 479
417 525
553 570
268 390
287 435
276 450
431 545
187 446
321 560
464 533
435 485
91 326
21 585
87 305
465 502
240 486
124 369
228 445
51 593
58 263
275 341
201 225
470 557
76 487
22 389
416 509
18 172
366 453
391 425
119 134
424 507
117 577
389 528
78 442
26 264
165 237
14 477
83 302
181 258
108 330
490 508
57 297
181 311
59 385
588 592
478 530
99 446
129 175
107 239
33 72
293 570
180 324
76 125
44 442
240 314
69 133
257 277
17 316
447 457
158 170
28 135
238 501
193 351
114 304
268 472
31 492
282 469
65 212
61 162
346 368
318 352
201 396
50 316
154 429
244 322
20 61
251 566
37 284
302 497
249 380
93 576
155 267
322 407
289 544
54 591
179 511
337 373
84 129
95 200
167 252
524 544
8 112
238 431
396 511
180 419
268 273
441 545
32 40
366 410
456 479
16 30
301 384
214 458
278 361
530 598
269 444
52 598
148 278
163 596
439 467
273 594
78 222
326 597
273 297
28 60
96 249
114 310
148 252
52 103
269 343
182 435
62 426
3 596
58 287
16 234
167 581
164 538
37 69
140 277
79 197
85 281
21 266
77 194
224 433
398 549
459 587
194 396
511 575
137 595
88 177
6 226
294 351
27 181
106 164
90 420
87 400
30 327
358 481
318 580
348 436
160 549
166 385
47 312
292 469
466 567
64 403
5 325
88 495
153 340
190 239
356 581
219 471
273 429
139 223
169 210
114 253
27 242
204 556
49 195
198 217
357 582
419 427
266 416
131 329
21 63
417 506
79 258
231 524
248 591
142 461
359 414
495 591
66 200
391 415
221 459
284 345
162 328
24 200
26 245
25 456
199 206
327 513
399 458
194 575
391 449
218 562
432 589
126 226
56 306
29 405
160 537
263 374
161 498
360 379
193 346
423 440
398 583
6 488
3 195
366 462
170 470
55 284
237 504
280 314
232 406
211 555
460 505
97 263
51 275
35 403
234 422
209 554
50 485
104 320
32 464
208 550
94 339
392 413
128 226
324 568
111 491
143 186
71 254
335 405
473 588
211 303
70 130
249 324
163 195
88 438
241 436
116 565
489 503
137 352
98 491
43 568
527 599
96 180
94 403
449 502
193 548
448 487
343 460
201 423
109 124
121 466
152 154
346 548
267 316
265 423
324 372
157 376
410 493
208 302
3 511
293 360
247 316
149 498
221 517
121 532
426 464
159 377
105 274
15 183
125 575
350 544
125 228
376 469
4 435
131 457
78 260
84 147
149 449
370 508
176 504
510 521
455 574
127 537
186 551
466 509
98 420
89 470
329 457
327 356
126 535
210 314
307 423
125 448
19 256
56 505
11 130
58 73
224 450
172 374
373 528
212 322
136 313
278 393
342 482
14 539
39 147
266 585
330 367
449 468
88 213
193 294
168 420
126 200
236 411
51 265
222 397
112 121
60 407
37 580
159 160
268 368
35 491
177 337
399 552
522 554
452 501
25 243
249 256
278 572
113 447
321 587
195 578
220 436
187 509
347 567
358 563
37 251
165 402
27 175
3 201
154 280
181 445
316 518
412 568
0 238
36 223
539 550
38 516
176 371
106 309
169 408
392 591
182 569
9 21
44 536
265 411
227 566
161 364
199 317
202 439
389 538
67 105
197 332
83 497
68 84
11 210
481 546
312 318
9 343
437 500
152 346
125 514
274 283
160 389
162 211
209 217
126 279
157 364
190 465
42 563
184 409
141 488
61 211
178 348
544 549
118 480
105 166
454 553
121 153
143 557
410 453
74 456
102 355
290 571
335 462
57 406
59 116
275 333
246 570
356 516
199 290
288 527
137 251
71 130
266 310
259 365
324 412
258 311
33 558
402 504
32 337
307 334
176 425
185 301
276 433
24 66
85 140
477 586
387 520
240 447
170 561
124 401
96 308
52 151
198 522
74 479
236 558
236 455
221 466
191 491
278 448
291 519
70 331
453 493
390 472
115 556
297 383
242 262
404 512
90 276
89 158
373 389
67 409
558 574
330 592
1 167
228 575
503 577
125 235
207 548
336 350
134 542
277 359
132 217
158 372
403 462
325 434
48 224
157 515
5 66
219 478
387 434
12 308
150 437
15 271
188 361
350 495
283 385
46 332
122 572
93 299
136 452
239 375
250 366
531 543
386 581
132 209
375 475
139 245
20 353
209 515
230 375
61 303
320 352
106 417
88 471
82 390
121 517
287 485
443 561
383 594
116 512
255 406
27 46
20 540
8 530
44 423
187 567
210 232
197 258
348 383
207 346
282 292
283 492
31 308
273 501
122 445
313 594
257 359
191 319
489 551
130 141
19 158
42 316
100 587
379 410
259 396
39 523
237 483
62 518
92 292
355 366
250 381
2 227
467 562
423 536
487 592
10 484
431 452
387 423
151 407
104 579
182 589
507 558
75 557
545 579
24 95
394 400
102 339
44 78
277 326
116 427
182 287
476 499
274 477
75 500
69 312
248 521
421 564
21 233
362 469
54 578
115 533
368 390
475 484
438 495
293 539
280 351
13 537
40 177
145 280
9 496
27 129
434 520
313 545
327 581
285 517
141 558
97 569
331 421
11 126
108 582
465 468
87 117
89 451
78 236
203 356
71 329
203 592
176 483
305 394
18 374
413 578
69 241
72 141
332 442
110 137
120 208
253 509
572 576
112 532
203 393
39 323
138 540
276 420
155 547
292 507
291 419
179 322
437 470
171 560
532 582
134 562
145 406
73 204
463 517
246 539
202 467
77 365
362 461
164 245
319 503
197 536
282 461
73 300
260 515
314 564
192 360
128 535
38 356
190 590
445 575
252 278
498 502
466 517
270 284
196 381
221 509
220 241
94 191
376 397
476 531
51 333
10 183
103 407
286 370
370 409
533 556
10 15
251 580
145 297
167 577
30 340
104 428
38 367
69 318
203 487
74 378
341 488
33 271
140 430
161 519
158 380
174 269
191 339
160 377
158 295
292 558
149 502
436 456
373 417
123 576
85 296
137 580
155 432
362 498
88 398
277 597
183 329
34 388
205 348
418 563
425 449
208 454
236 397
196 499
550 553
358 546
101 177
234 446
392 510
45 599
213 337
323 372
127 270
14 550
7 426
178 189
221 587
303 555
6 128
204 309
197 225
394 513
214 433
414 430
54 413
382 417
75 590 43 133 374 27 74 71 196 276 268 568 39 174 596 513 81 480 140 298 443 482 416 533 513 61 285 446 575 97 326 515 528 466 131 494 174 214 459 124 15 329 91 440 51 142 109 31 265 101 113 127 179 488 459 509 10 282 18 46 219 542 361 385 203 543 446 512 149 230 231 118 476 249 412 22 8 248 157 250 263 456 333 563 277 174 497 307 244 540 108 252 493 383 159 366 211 400 220 140 545 85 362 514 211 431 36 331 305 154 8 24 565 197 373 354 205 314 228 323 442 178 520 43 554 28 451 480 345 201 250 46 327 551 424 203 293 204 572 276 142 65 376 358 294 267 214 148 510 188 44 406 365 165 324 507 474 522 425 304 111 296 400 380 149 111 448 438 157 328 80 420 29 285 4 496 263 489 144 74 38 77 589 290 110 153 71 202 497 47 529 57 260 326 596 322 437 386 580 119 573 106 160 30 65 535 305 367 180 218 31 40 234 37 304 537 383 290 465 516 176 234 213 289 537 21 148 86 349 45 253 336 44 19 447 73 56 574 525 238 198 300 313 399 61 68 344 57 59 348 42 143 595 163 291 84 102 54 390 79 300 89 445 424 290 6 443 109 505 584 42 446 350 566 509 312 331 426 239 226 537 436 277 469 593 147 39 185 517 433 7 520 32 146 401 424 177 237 33 364 235 591 21 555 363 58 582 193 506 363 172 294 363 348 535 115 579 569 208 115 598 88 354 151 319 508 28 189 277 342 402 221 579 62 217 300 122 534 469 536 270 400 241 279 133 538 154 386 404 477 317 79 411 71 54 262 535 557 7 264 328 96 113 395 571 501 397 31 221 587 389 123 359 192 340 8 305 263 329 276 478 370 107 246 584 59 510 561 581 588 62 518 591 39 581 426 452 99 269 236 388 377 69 147 430 54 162 130 199 310 330 163 15 206 68 2 511 434 384 482 259 60 256 68 177 391 198 150 458 502 492 587 333 115 345 114 560 188 415 86 580 509 22 337 82 234 434 128 158 567 97 451 170 466 148 312 425 530 276 578 456 179 130 250 216 279 143 54 327 528 37 50 74 365 236 330 30 37 110 411 10 250 261 488 122 2 262 355 461 396 153 71 145 322 586 80 313 346 193 364 315 524 586 539 212 142 98 475 273 502 51 338 351 139 249 258 588 415 222 85 108 340 303 219 120 216 185 167 243 327 231 253 154 545 398 351 274 504 51 417 174 258 59 531 595 81 587 262 519 417 276 16 481 377 237 283 500 70 437 188 514 82 409 384 354 194 96 564 223 368 70 39 371 242 596 384 241 138 264 514 8 445 423 259 27 417 549 541 538 156 94 345 253 302 507 496 124 100 172 363
53 147
720 642
34 605
390 442
161 932
268 309
370 157
254 854
403 767
687 915
496 24
301 135
865 331
100 596
993 384
520 50
563 828
215 979
0 882
848 411
951 901
624 944
155 655
768 889
321 282
230 257
16 645
604 451
305 655
990 678
593 785
941 317
212 731
501 132
766 940
823 785
35 828
75 449
550 754
687 432
253 763
848 977
266 946
700 283
460 332
978 915
570 412
84 333
799 961
380 495
211 916
416 262
395 706
751 816
284 509
75 478
700 885
177 158
61 903
895 214
374 648
959 861
209 844
595 929
916 751
419 594
262 262
984 133
608 532
103 391
343 86
414 80
486 171
84 872
282 367
810 523
491 607
505 497
506 281
503 436
796 133
983 964
21 58
961 348
667 497
767 52
515 887
687 710
263 673
789 460
860 846
687 52
582 108
706 548
836 727
346 263
828 303
36 968
792 821
614 902
386 981
278 701
814 670
438 677
39 319
972 194
98 762
649 30
489 782
281 429
2 387
753 761
416 793
360 41
509 992
148 850
879 253
731 707
192 481
315 832
910 385
466 818
577 538
716 611
290 402
465 575
301 202
84 557
395 196
667 455
395 120
437 27
620 285
135 398
367 842
315 619
88 228
11 439
931 921
12 762
833 48
461 158
590 71
736 545
833 111
189 112
795 599
698 495
612 617
692 186
848 586
371 689
106 80
515 809
140 80
175 998
973 551
585 278
818 424
64 648
99 663
666 222
970 805
360 412
46 731
913 178
949 159
661 667
853 802
226 104
751 442
306 988
30 860
645 852
723 825
644 423
828 139
247 726
210 196
390 528
791 299
551 481
95 945
469 61
966 12
268 466
759 591
537 906
537 570
195 242
644 85
795 733
886 479
121 8
443 493
335 453
932 554
519 378
652 354
117 476
293 271
452 419
391 953
572 668
110 826
123 279
108 436
35 15
925 419
609 341
248 125
943 797
449 617
228 673
862 936
670 629
899 341
656 315
408 866
339 754
121 340
451 915
535 248
22 798
790 916
462 386
337 161
8 581
487 540
806 214
545 64
172 580
291 166
648 980
592 838
432 568
498 242
861 142
28 178
599 34
319 13
160 372
624 509
195 300
348 628
30 695
956 476
259 909
285 606
785 346
929 637
32 493
621 675
465 965
384 77
268 189
850 359
887 20
535 419
464 464
513 310
882 429
584 483
45 939
1 718
437 305
570 944
185 970
86 128
689 835
120 568
470 96
299 878
99 174
972 240
408 225
848 879
809 2
569 630
250 212
234 15
799 73
580 144
944 221
101 513
433 837
967 110
106 908
999 803
146 510
172 438
722 217
555 172
932 524
148 43
848 457
741 87
145 165
224 498
696 584
162 876
235 413
951 396
911 849
544 967
664 737
723 946
405 338
892 313
72 792
573 981
529 455
80 363
125 220
220 74
7 117
233 947
160 469
74 414
772 705
33 353
446 992
392 579
716 388
724 353
313 324
734 12
621 748
967 745
428 54
488 723
305 50
558 367
375 236
385 309
950 703
204 527
211 699
671 104
810 706
561 788
437 207
4 941
668 890
179 394
46 551
68 42
480 843
162 246
155 132
233 559
164 8
35 389
957 936
892 772
870 691
573 707
467 747
310 908
926 16
900 520
554 598
630 165
672 275
638 257
496 465
915 675
506 749
64 99
330 414
956 51
831 82
777 389
170 719
29 911
576 8
608 219
64 705
255 340
903 571
814 379
928 603
125 729
170 208
219 465
944 190
646 697
377 377
724 995
140 685
36 88
759 173
306 538
543 641
682 798
926 138
421 472
556 221
186 634
959 986
710 752
310 376
899 124
868 736
828 239
984 715
232 160
408 637
210 133
982 74
881 621
464 287
748 266
349 500
906 53
763 224
515 961
143 758
258 979
784 245
817 838
281 111
608 809
429 369
535 99
788 179
238 802
851 276
12 307
118 112
860 31
27 241
130 985
819 882
354 319
128 954
149 337
864 555
273 640
340 936
427 403
103 305
513 342
716 518
726 794
544 510
589 885
370 4
524 611
733 160
796 857
813 480
42 217
853 656
903 454
451 244
236 315
391 26
916 958
394 923
724 864
612 114
917 705
405 833
183 788
701 93
481 884
360 910
756 140
587 178
787 497
310 691
37 117
456 702
949 667
456 3
976 653
991 264
379 791
244 384
203 431
271 877
11 988
847 176
531 14
181 912
282 67
514 659
416 172
749 626
877 62
767 789
958 288
837 623
848 501
249 606
693 958
931 346
668 167
966 606
778 555
65 192
671 138
744 675
859 97
755 851
196 760
541 139
910 94
490 926
362 563
410 501
860 212
647 777
442 534
557 332
525 716
445 878
213 885
712 244
377 348
343 598
638 379
719 421
203 558
121 785
312 250
970 833
183 681
275 786
380 736
999 603
444 800
186 826
821 989
353 210
490 371
70 609
99 714
993 459
901 898
78 738
329 800
958 577
170 550
78 269
288 850
237 1000
84 13
131 594
960 427
779 653
994 998
938 446
608 373
920 813
149 821
756 493
519 194
691 355
350 991
718 460
353 877
300 949
262 89
889 280
19 519
550 881
721 307
41 998
926 484
208 384
597 572
315 565
476 212
479 508
656 579
716 672
296 455
55 285
45 458
612 704
446 770
203 600
50 774
620 991
992 354
431 953
488 646
103 1000
636 57
281 551
512 689
391 279
101 203
41 427
391 413
769 11
440 735
994 865
