600 1463 600 1146 9
22 515
65 233
38 161
23 435
92 290
309 372
379 396
441 495
489 540
21 146
43 326
137 148
62 378
489 522
193 524
25 314
87 477
90 405
89 100
155 489
49 176
277 453
395 414
506 565
410 539
333 422
385 528
151 501
487 593
31 122
186 593
274 597
113 516
490 526
339 400
174 282
248 350
230 359
224 423
120 520
236 363
117 285
465 504
288 515
91 366
493 560
264 396
62 525
134 206
60 497
228 280
98 271
134 218
42 278
370 585
4 452
510 543
72 104
111 464
243 372
140 383
170 343
283 491
420 536
401 580
316 344
101 552
21 240
330 353
439 500
45 425
300 440
72 358
365 416
188 598
69 234
181 393
44 386
438 461
167 352
190 245
108 410
141 311
136 239
143 516
24 150
214 415
223 475
39 362
158 570
436 475
1 484
5 310
17 410
291 468
26 175
255 535
141 450
113 138
212 408
388 451
293 328
261 366
434 446
39 242
187 247
116 280
545 569
199 476
233 595
261 464
226 426
81 108
260 596
10 272
317 592
163 419
273 275
3 561
141 267
458 516
1 368
53 322
28 360
98 556
167 590
230 466
106 155
420 511
363 377
152 263
255 368
173 323
27 124
168 533
305 439
6 233
83 424
518 591
44 486
265 536
113 581
19 589
488 556
175 259
305 338
242 494
239 467
383 401
383 510
76 90
144 199
241 419
276 436
298 457
336 545
211 548
307 421
246 555
281 304
102 159
111 385
57 446
40 525
14 120
26 544
168 343
196 265
143 563
32 304
587 595
104 137
129 534
539 577
296 558
130 474
143 442
40 70
127 528
148 474
319 505
278 327
171 382
309 480
347 473
156 483
482 547
296 360
354 486
315 507
20 247
271 488
396 438
378 537
165 542
414 538
513 555
280 554
116 251
201 511
31 556
244 549
208 362
89 481
29 407
180 479
6 370
295 362
336 351
45 287
178 339
189 217
397 475
203 404
198 397
52 237
184 467
142 390
495 523
139 582
457 539
14 584
145 475
73 137
203 586
125 437
113 572
89 290
207 241
68 547
157 203
81 405
173 532
303 367
249 455
148 389
180 486
285 315
169 484
61 257
156 409
165 473
30 384
266 438
68 298
42 272
172 423
162 373
84 98
375 464
87 409
284 594
207 347
292 579
22 288
285 548
120 584
462 596
169 368
247 480
22 402
46 495
54 119
112 450
103 109
507 557
329 501
190 534
108 539
406 580
71 474
490 521
131 328
92 142
371 519
341 559
78 536
377 459
349 589
137 484
31 83
21 479
331 543
120 561
163 371
135 432
268 479
386 573
139 279
18 130
382 507
238 516
426 562
56 528
207 473
96 336
272 597
252 513
56 379
133 394
138 516
187 553
15 80
471 522
93 201
375 414
299 513
10 597
3 7
138 563
61 367
185 359
139 490
36 544
370 452
252 399
145 327
30 58
47 307
48 384
34 403
75 244
79 368
67 158
423 445
67 570
7 531
337 401
502 540
227 433
24 95
15 270
232 559
135 412
114 361
116 554
301 313
314 337
244 525
193 356
235 555
385 491
428 594
287 413
173 380
280 435
21 180
191 304
54 481
204 247
111 127
126 441
134 467
85 114
9 134
266 461
136 357
399 501
174 527
111 179
225 367
54 94
299 505
58 166
86 197
65 256
351 569
107 483
266 269
213 519
112 593
16 384
430 437
35 506
47 421
150 350
423 493
416 575
223 436
124 152
129 591
335 575
93 511
13 321
202 283
18 376
10 306
506 518
194 364
157 575
193 565
552 572
88 491
190 402
18 559
276 475
401 510
121 176
413 425
93 420
347 567
17 411
409 483
51 416
75 549
31 84
328 399
301 577
77 153
55 573
71 378
188 541
194 338
248 300
203 335
241 519
28 29
334 373
241 454
452 465
13 271
497 550
20 177
353 549
482 541
14 561
2 121
243 500
340 434
322 520
238 574
292 408
252 299
192 332
152 183
294 444
424 556
134 181
66 174
222 399
292 433
32 191
87 131
77 151
195 323
5 136
83 597
376 560
43 217
311 422
18 474
204 589
184 279
273 569
139 521
196 511
267 393
99 523
60 578
231 246
443 578
174 297
167 446
118 128
165 567
157 335
367 415
77 437
130 421
265 340
66 527
20 187
6 256
94 596
354 378
223 457
37 247
88 472
388 424
174 436
116 278
321 460
91 469
233 587
68 558
198 276
82 337
75 318
323 532
212 588
98 488
111 283
90 108
43 189
217 346
473 542
384 449
150 590
96 490
2 210
104 380
160 288
0 87
123 539
39 326
32 35
127 339
256 325
19 530
11 289
253 555
160 383
25 288
295 451
273 496
96 351
268 573
122 563
209 449
8 303
404 416
412 500
0 329
347 512
90 418
126 495
221 448
205 504
311 566
187 312
232 318
490 582
70 354
243 530
13 449
48 481
150 497
337 383
134 184
351 526
217 221
341 376
413 504
526 582
298 410
3 417
227 588
266 528
349 463
116 451
25 66
49 203
342 403
147 248
270 492
211 334
35 565
183 212
184 206
268 371
45 199
181 267
78 455
82 435
261 390
39 295
107 564
284 428
406 435
204 463
149 219
45 263
440 441
20 312
240 371
5 41
516 581
287 466
132 386
140 427
205 478
248 595
161 300
294 574
101 598
275 514
37 209
277 321
72 441
427 515
322 584
39 361
86 267
170 533
20 303
373 553
402 485
200 334
294 309
76 418
56 438
116 262
452 504
118 551
354 537
45 152
463 589
207 454
170 171
472 570
113 377
151 399
46 237
324 476
38 52
220 316
137 498
56 472
20 119
215 258
40 44
78 495
143 458
361 494
216 347
119 429
163 519
192 227
195 358
127 400
79 595
338 364
153 291
348 487
102 128
290 529
457 577
28 296
277 448
252 253
360 411
281 356
412 517
200 471
211 312
162 553
76 411
51 91
468 477
345 442
240 355
216 427
189 326
324 467
182 401
254 364
117 489
4 392
179 375
258 296
103 434
199 263
85 295
320 565
272 274
293 369
173 358
194 305
144 230
38 167
33 65
154 404
304 405
325 398
8 177
186 393
233 256
541 547
21 323
309 444
25 337
275 545
191 320
205 325
180 573
60 221
398 413
517 581
227 408
228 543
284 297
188 482
500 530
120 322
265 434
224 376
196 201
201 494
332 571
302 518
13 460
117 507
68 145
97 551
257 379
147 300
65 325
264 382
566 588
146 180
354 391
17 90
132 163
293 375
33 95
252 328
355 523
97 201
141 468
65 292
26 259
214 257
346 403
44 70
98 345
175 316
37 429
193 506
342 346
334 499
192 422
414 469
260 462
472 528
68 296
13 556
94 260
23 554
137 380
231 545
105 171
132 268
201 331
132 454
146 354
310 357
345 431
140 512
11 465
323 523
158 472
392 445
176 586
90 410
226 534
23 276
386 486
101 122
369 400
154 277
282 594
398 425
38 237
541 598
24 350
506 562
87 468
238 294
123 356
143 574
29 459
35 381
320 503
212 317
275 496
40 353
47 75
380 391
270 564
108 123
54 225
36 259
213 355
67 260
440 535
270 433
242 265
23 297
4 585
192 483
70 378
395 538
297 594
79 147
67 379
292 317
335 586
80 286
69 210
36 404
325 478
65 592
472 491
333 468
514 555
94 290
414 464
389 498
10 327
324 348
198 554
197 206
73 391
154 443
497 590
294 372
57 326
178 505
242 361
368 585
136 467
285 522
281 320
1 445
450 593
270 571
16 209
238 412
1 137
426 527
285 533
181 206
492 571
86 125
45 144
9 218
366 469
252 293
20 429
193 320
23 82
262 280
49 443
99 536
431 444
170 315
262 361
364 530
289 465
237 440
410 457
234 579
77 526
346 362
0 328
26 166
135 517
172 465
179 293
87 156
261 283
157 404
161 237
155 540
172 493
17 215
60 63
160 515
101 541
138 572
131 395
173 391
13 488
110 149
56 266
340 455
338 520
568 591
112 152
58 384
63 167
238 458
254 589
328 395
312 553
496 526
447 502
208 295
251 451
4 445
174 456
382 470
209 271
77 430
62 307
51 538
3 531
150 352
93 374
224 389
346 448
441 535
157 416
411 418
132 419
368 535
142 491
376 394
106 522
305 500
133 172
332 433
70 525
24 33
529 544
122 442
124 593
12 336
552 598
200 548
328 329
258 410
461 509
220 449
492 564
269 528
427 512
230 287
214 308
344 404
81 304
236 360
112 566
370 587
77 582
73 474
228 331
254 530
110 544
192 409
57 109
460 556
36 344
53 364
7 471
151 222
234 433
149 366
93 97
28 558
53 584
57 189
5 96
246 514
115 513
5 12
235 275
391 537
64 599
129 562
321 449
89 94
162 187
158 379
282 428
80 564
142 529
16 48
88 570
186 450
34 342
102 374
308 396
381 506
169 535
101 597
392 465
10 547
102 519
147 595
11 359
427 454
154 344
196 420
1 169
473 551
119 481
154 203
291 501
307 546
419 454
314 383
276 554
150 550
311 450
133 185
100 529
274 424
17 360
304 418
163 241
177 312
371 479
429 481
97 159
199 230
479 573
250 307
221 578
334 548
302 591
63 590
394 560
194 439
332 483
63 221
269 461
23 280
23 284
178 400
59 564
261 414
202 491
178 369
152 425
123 281
42 274
349 499
289 504
234 270
72 535
179 400
49 60
243 294
179 464
3 520
75 508
18 389
152 476
55 386
65 398
358 380
485 591
86 181
28 482
311 333
208 403
29 236
67 257
311 588
339 528
179 369
348 476
259 316
129 190
183 425
431 442
347 383
322 338
278 397
518 562
219 529
67 462
552 563
259 344
172 392
70 486
438 509
209 345
136 324
208 451
118 207
374 536
412 581
242 326
245 534
164 474
80 121
170 470
15 121
253 513
128 551
538 583
151 153
154 448
448 578
29 360
272 327
436 456
202 261
105 415
8 367
455 495
319 509
358 441
105 214
198 278
99 374
277 342
541 597
297 436
135 500
126 358
46 441
3 14
353 525
180 386
79 587
36 110
86 468
253 399
72 169
228 406
75 546
92 260
250 474
65 317
30 175
406 543
124 487
139 206
73 380
444 574
215 410
443 448
366 414
244 546
227 422
265 420
191 565
159 551
223 456
302 381
176 497
48 89
310 521
18 341
146 486
183 592
485 568
151 235
182 580
93 159
62 244
289 413
409 468
392 452
72 380
148 498
391 576
56 396
323 355
432 517
196 494
273 351
118 241
258 298
178 299
219 366
393 450
161 350
46 455
2 550
139 184
260 491
82 406
42 116
222 555
30 316
213 371
39 85
82 284
83 556
115 505
59 416
264 308
218 348
215 360
141 333
327 397
425 592
63 189
378 525
34 388
122 552
112 311
182 510
92 94
202 390
66 245
262 494
457 475
215 296
161 248
269 509
540 557
46 440
439 530
168 548
214 264
363 387
483 492
167 350
43 346
203 443
200 499
74 230
405 418
93 102
205 413
100 166
302 506
243 412
69 121
238 243
352 590
191 503
55 268
280 331
365 575
372 589
422 588
54 596
301 527
442 574
166 529
283 464
81 123
502 599
298 475
41 336
92 529
117 522
499 584
128 519
224 560
149 544
178 509
257 308
34 277
226 527
417 520
91 416
27 476
12 41
88 260
331 494
94 481
223 577
335 365
114 262
173 195
364 439
60 176
125 197
62 546
393 487
155 502
81 90
52 249
274 451
247 345
136 279
81 281
145 397
383 567
164 537
107 156
107 492
99 355
257 415
470 507
49 586
212 566
356 426
153 437
306 547
218 487
247 463
387 517
309 345
219 390
374 420
79 585
91 149
95 350
171 470
320 524
154 453
373 499
53 349
116 274
6 325
118 519
66 534
102 355
316 453
140 515
125 291
208 346
276 397
80 335
412 516
29 377
35 229
445 498
244 353
286 564
387 581
330 508
249 434
225 596
64 155
71 250
26 529
251 295
0 291
32 229
373 463
363 432
171 264
315 533
182 406
53 254
121 335
30 220
166 175
9 181
103 265
225 303
61 67
87 583
59 107
82 580
204 309
547 558
160 314
279 310
20 37
309 431
209 384
165 510
31 98
59 538
11 172
197 437
216 454
181 197
224 498
25 245
387 432
39 114
2 24
143 238
383 512
119 303
262 331
84 345
50 515
50 160
349 373
299 369
69 270
106 489
139 430
255 300
207 216
2 150
63 217
385 472
229 381
187 463
183 566
205 398
442 563
389 474
254 349
83 101
390 491
27 487
117 540
105 170
184 239
56 158
313 577
84 442
125 153
343 367
34 424
74 359
223 527
232 421
176 550
447 520
42 327
366 390
145 298
306 327
46 52
321 453
60 590
97 542
281 503
117 315
27 348
1 498
231 514
305 432
407 482
156 583
19 254
2 69
110 404
51 59
50 140
227 332
375 395
127 179
218 324
0 477
171 214
48 58
271 345
64 531
64 502
271 449
78 340
336 569
80 270
210 579
28 407
12 96
33 233
55 132
33 292
328 375
225 462
351 490
71 164
75 330
59 365
153 501
288 402
62 71
285 471
210 292
193 562
74 413
168 285
232 341
186 487
478 504
275 569
190 568
97 510
174 594
154 316
220 453
33 210
377 387
48 429
315 470
220 321
435 385 460 149 117 503 543 317 107 53 515 444 16 498 187 318 431 425 246 316 128 522 575 241 383 258 549 557 12 349 374 562 285 64 431 23 315 474 326 472 263 16 156 414 177 184 224 87 585 89 471 137 249 433 589 533 594 150 188 571 163 264 361 149 288 386 339 209 48 517 406 532 519 408 313 403 248 230 41 419 140 398 306 276 294 297 563 146 366 580 116 34 594 516 378 60 281 238 248 51 532 402 491 268 256 379 422 37 215 74 594 337 235 12 395 161 103 565 241 19 543 320 289 317 486 378 362 10 21 208 363 276 183 542 171 193 130 313 529 554 568 264 29 162 551 253 552 533 439 543 144 511 458 317 45 311 243 571 502 322 567 151 449 286 130 488 509 286 68 594 87 549 290 86 364 22 7 531 272 43 158 436 473 590 560 11 239 211 116 242 477 147 170 54 314 304 72 52 79 590 321 581 326 388 379 309 490 379 145 172 548 569 238 398 332 523 516 23 372 58 462 291 38 346 483 454 469 324 193 240 337 487 547 248 166 4 105 565 112 421 365 86 194 288 415 284 200 48 472 128 147 208 472 389 325 370 528 192 33 346 586 405 398 304 281 278 577 245 323 14 181 231 308 584 575 471 435 16 273 325 64 267 588 405 307 527 575 265 250 227 554 347 457 564 429 201 583 68 67 163 411 515 546 254 545 438 200 41 191 249 47 373 522 117 348 483 15 388 203 52 188 557 207 452 477 194 259 193 457 382 178 121 148 310 372 311 407 201 142 318 72 258 476 131 319 129 394 138 496 521 288 117 577 277 12 25 182 548 30 411 508 283 566 134 62 519 14 102 456 377 376 243 292 280 367 459 405 489 233 399 334 416 321 551 316 168 555 270 541 304 116 420 103 82 383 313 122 311 226 512 358 572 484 109 161 76 525 241 249 241 409 57 528 510 546 395 157 128 522 595 148 464 60 191 293 440 495 167 40 500 218 126 10 33 67 101 588 521 351 198 292 115 556 519 175 265 139 222 235 483 551 419 289 258 597 561 423 593 573 497 568 212 69 353 25 129 541 216 87 37 319 243 514 19 330 463 398 364 156 367 533 375 490 593 415 284 41 593 438 8 431 117 8 228 217 105 302 3 473 185 568 571 5 193 562 484 538 579 236 180 145 81 169 155 423 353 314 175 268 204 361 143 163 279 217 204 233 445 138 89 297 335 39 500 326 446 24 330 104 387 189 537 77 470 395 500 271 499 316 12 143 409 244 437 573 109 410 292 423 100 197 115 191 46 319 170 497 412 119 356 221 319 112 289 38 413 553 463 109 176 144 371 174 250 302 294 556 160 219 42 255 251 271 176 584 460 347 494 410 37
280 211
160 722
368 480
938 149
146 658
19 56
186 566
901 107
727 155
85 263
774 626
59 643
57 24
659 471
925 187
350 430
720 328
959 662
52 801
895 328
738 233
291 887
698 996
685 780
330 522
723 898
559 324
20 343
894 602
938 590
638 377
757 496
991 942
273 551
607 512
957 977
526 364
734 290
387 624
570 691
215 996
28 2
703 634
529 608
253 990
70 477
328 708
52 931
677 305
453 468
626 974
398 293
376 673
927 268
650 215
353 977
568 29
480 638
627 334
344 320
449 523
645 107
118 936
462 572
962 55
187 493
784 889
604 115
860 662
343 460
219 952
141 892
261 746
179 829
18 594
50 963
968 709
167 147
371 760
230 635
357 394
950 809
658 818
721 527
766 436
596 653
171 249
284 270
554 157
631 290
935 728
459 292
577 216
466 812
611 215
323 566
89 51
519 842
725 447
391 797
578 278
761 533
419 852
490 671
211 774
728 85
919 75
312 341
910 783
447 654
509 333
447 149
102 390
920 490
602 700
359 0
656 687
845 27
445 915
695 228
979 206
400 437
789 500
912 816
50 350
180 218
318 762
451 109
436 882
812 953
87 840
324 241
383 986
29 689
69 229
974 385
9 161
156 773
869 482
101 161
590 991
158 306
524 213
844 457
23 487
808 694
256 896
276 626
125 789
485 307
369 526
219 117
77 410
204 166
511 442
940 29
302 302
464 393
566 85
457 843
637 941
332 629
825 238
399 939
157 851
541 898
585 308
416 595
812 144
223 715
758 79
732 22
68 680
280 823
767 841
594 358
428 492
769 186
413 76
401 145
286 937
110 242
589 857
123 435
53 181
2 655
104 338
790 246
835 568
490 609
778 969
984 911
228 325
910 904
987 315
307 800
512 764
139 218
695 712
1 432
898 163
526 803
498 198
459 438
802 309
125 537
98 192
480 944
598 563
716 368
269 502
803 177
173 425
367 853
700 48
923 651
512 976
521 576
46 267
503 268
628 410
487 547
281 91
815 798
65 746
665 184
835 904
205 392
594 801
993 1000
2 519
264 0
15 863
225 553
287 459
228 78
997 595
336 674
888 419
25 194
343 873
433 949
526 714
893 365
83 987
759 921
289 21
775 294
308 600
407 702
105 886
640 659
349 86
313 89
886 290
253 665
198 533
640 70
880 685
558 365
599 171
443 214
613 731
44 412
704 4
469 731
510 57
125 284
340 942
473 48
310 414
724 417
742 608
167 58
698 593
174 24
730 741
562 472
699 679
51 139
645 743
948 841
754 890
472 176
692 824
836 105
359 348
52 520
730 943
48 615
598 253
226 216
231 480
348 145
845 368
608 620
893 651
738 796
820 727
374 66
290 655
837 854
892 979
717 206
989 840
995 350
811 661
86 924
666 40
813 353
46 90
156 363
789 210
867 832
680 928
802 67
558 407
183 460
22 922
415 16
956 888
601 463
978 238
319 840
14 272
165 537
533 651
742 657
333 189
275 163
7 998
577 775
250 374
196 320
855 184
415 410
106 3
685 883
991 282
451 74
435 722
16 803
554 518
763 130
525 415
758 399
544 551
537 939
20 308
870 256
357 576
118 42
390 558
114 1000
219 892
382 826
895 851
21 112
283 777
20 630
968 631
573 727
567 589
976 527
945 295
397 368
467 256
684 145
214 686
388 108
172 610
364 899
852 333
853 226
429 803
371 186
37 772
918 535
195 928
608 59
238 794
931 996
764 13
594 935
685 360
509 144
280 970
952 476
656 565
90 776
489 229
212 850
101 654
93 294
3 731
358 235
625 5
751 705
137 508
281 125
418 120
615 881
720 974
582 530
494 413
974 775
615 832
865 553
217 442
254 296
891 736
996 679
940 418
98 513
388 237
687 106
433 319
984 106
988 740
424 990
453 764
56 893
189 353
95 720
701 551
121 468
859 875
560 998
726 862
699 284
137 165
791 408
994 457
254 433
441 685
640 788
772 786
164 184
522 1
952 335
295 696
291 740
801 440
487 469
825 398
128 705
454 612
995 69
513 491
679 392
124 315
641 615
128 615
595 429
481 998
377 708
793 825
837 775
874 449
983 559
668 525
485 3
641 145
818 275
426 179
83 623
25 555
26 229
224 265
427 284
774 42
876 133
537 128
500 913
127 831
779 754
4 374
263 243
142 574
322 918
783 344
675 259
839 598
278 336
183 744
760 994
255 939
71 315
694 458
887 37
103 100
523 178
289 366
64 715
538 746
351 737
179 118
403 530
125 755
909 217
944 372
243 160
988 0
986 871
85 577
387 34
923 945
804 30
17 959
445 1
555 862
485 788
550 968
322 42
231 23
667 997
904 449
973 421
868 957
405 901
983 160
84 133
863 79
345 788
920 872
167 966
144 89
802 856
499 86
544 267
921 313
939 110
286 857
795 99
802 918
257 705
418 765
180 888
363 288
877 783
920 5
794 594
519 876
557 829
517 304
204 0
99 961
832 637
845 142
42 998
397 493
488 873
819 530
831 202
676 736
266 55
690 494
829 0
867 624
34 838
32 739
955 178
880 920
832 496
332 372
954 935
137 401
565 925
813 990
153 2
574 125
280 418
877 524
323 969
831 428
450 361
248 857
851 805
481 501
256 463
643 870
952 446
117 133
326 279
943 220
177 669
426 453
212 583
171 395
837 307
421 555
847 999
151 480
85 362
726 825
258 594
630 179
737 577
792 548
983 33
