600 1047 600 1002 19
51 101
198 479
158 445
165 540
211 562
346 428
416 461
79 512
489 523
24 454
30 421
441 550
191 584
329 483
87 396
209 285
296 558
473 502
240 324
352 458
45 497
46 496
16 392
187 527
232 578
28 152
6 564
347 469
127 440
278 409
396 423
199 235
264 570
150 157
185 541
9 155
273 370
5 490
215 353
285 378
42 523
99 258
241 439
10 78
195 197
113 146
338 366
316 554
297 593
135 169
455 581
357 547
346 496
348 540
111 214
106 391
44 282
403 433
477 571
401 416
75 126
267 397
142 210
171 532
18 61
40 416
212 327
268 346
193 585
373 487
75 529
66 243
330 402
224 228
268 451
26 507
101 408
260 559
159 516
477 553
186 259
19 199
179 407
287 342
204 322
27 412
250 283
293 490
283 574
255 496
116 473
299 366
381 547
262 463
407 494
17 587
244 558
221 308
76 141
358 527
189 544
98 225
368 449
39 285
100 314
1 116
100 563
71 83
59 393
286 303
97 277
317 344
127 250
83 308
213 425
65 388
66 85
422 513
411 461
189 387
60 539
352 408
56 584
303 380
23 299
168 319
99 484
0 64
466 561
84 188
248 401
130 532
351 448
430 537
198 253
442 577
244 488
290 292
124 498
452 569
76 267
234 598
235 279
0 4
76 445
132 553
125 269
151 570
332 555
93 102
120 481
27 85
31 321
184 275
476 574
267 520
487 547
109 430
343 375
517 538
480 566
196 369
401 472
54 465
174 423
84 164
299 314
118 411
203 272
224 376
53 431
276 300
32 480
332 550
287 492
177 180
429 589
325 381
212 347
44 519
564 589
395 562
74 117
474 506
231 254
16 322
352 464
210 309
87 423
173 521
66 343
133 507
163 304
312 399
35 516
232 523
433 576
96 100
81 547
258 525
175 288
435 538
267 317
47 219
345 471
216 357
259 505
214 261
89 450
422 485
443 589
136 300
50 486
165 519
54 234
91 462
49 535
389 529
8 139
186 523
230 521
422 477
268 536
158 236
168 195
252 566
211 395
209 362
400 521
499 500
257 312
47 308
10 59
478 494
46 387
58 434
249 324
135 414
501 557
139 211
125 528
33 571
199 599
13 310
291 491
489 546
195 324
228 376
581 583
97 275
70 585
253 508
53 329
26 139
325 437
292 576
270 274
209 348
402 549
22 266
110 200
23 248
122 156
10 468
278 449
106 114
104 387
57 594
0 595
124 308
169 402
209 223
504 507
345 412
220 238
219 364
120 543
189 511
29 112
55 401
348 543
212 564
176 524
456 565
119 291
51 119
171 330
108 317
91 560
113 153
436 449
400 459
317 520
424 557
411 447
106 245
88 453
166 463
261 435
40 176
368 413
92 241
75 475
322 492
287 529
109 396
152 335
199 579
290 485
126 230
84 467
176 531
116 417
73 227
25 465
31 96
170 575
62 180
210 390
319 596
183 262
18 168
39 374
122 157
85 375
87 207
169 286
540 543
95 174
205 553
442 530
12 526
9 569
139 184
489 526
413 509
86 569
146 423
174 514
209 540
194 570
446 504
32 178
51 291
412 577
149 552
239 419
245 281
103 545
355 533
437 552
161 332
182 222
22 444
172 355
303 518
307 550
14 265
182 322
476 561
142 492
76 397
27 577
121 370
17 426
59 256
221 498
357 460
17 343
282 450
313 320
547 552
11 580
354 405
329 431
127 272
161 546
191 385
213 557
411 542
48 167
139 432
61 77
130 302
416 472
37 237
129 217
27 66
129 183
29 133
357 570
52 500
51 319
291 574
474 594
203 502
309 410
324 385
271 439
123 341
155 280
403 519
446 565
397 539
41 363
99 541
177 297
35 159
167 461
72 377
385 556
9 86
194 349
14 190
98 381
19 225
414 507
509 572
180 511
246 285
413 495
424 575
23 55
25 54
177 593
364 379
293 539
42 151
318 481
94 367
80 588
22 232
382 523
202 421
6 32
72 218
186 505
294 521
356 593
31 409
411 556
284 304
155 170
75 262
308 359
475 529
240 249
45 380
323 469
266 346
289 516
251 474
198 227
448 522
176 361
22 523
491 574
23 572
234 497
451 528
35 129
104 266
15 522
31 278
38 522
426 445
4 595
58 507
269 346
57 544
172 533
54 486
50 286
352 584
234 486
92 439
151 326
290 480
353 498
375 585
270 503
303 355
388 438
107 470
164 220
359 396
292 485
121 501
451 555
372 405
328 418
1 91
216 547
215 351
470 538
95 534
466 574
119 466
208 249
49 304
267 445
68 157
238 467
363 543
56 240
297 395
336 371
29 414
111 321
239 441
374 378
287 389
193 412
316 487
515 555
187 421
121 557
311 550
471 483
148 550
163 573
483 579
386 458
145 474
484 586
268 332
12 546
444 489
240 584
73 111
278 288
178 327
265 341
191 336
159 289
145 251
103 336
526 546
107 214
101 106
209 246
320 534
481 599
361 421
41 271
36 329
422 571
25 312
110 466
23 590
273 390
202 361
258 294
174 581
393 468
90 555
147 385
27 585
175 457
473 561
68 102
108 343
414 434
215 555
176 394
77 392
331 581
292 403
224 278
38 395
322 342
2 300
91 254
206 320
197 542
193 483
234 284
279 500
76 158
111 131
172 580
3 77
254 418
474 544
192 304
256 352
125 346
410 440
366 539
303 415
121 296
113 174
414 518
43 229
309 440
314 563
282 363
50 380
21 242
258 488
240 385
15 515
219 510
125 255
16 384
2 340
350 504
92 599
97 534
89 566
184 595
53 579
20 163
89 480
160 503
18 596
216 381
184 459
168 596
176 344
32 252
153 221
82 556
368 409
221 359
383 557
68 122
183 453
140 214
4 350
141 236
349 419
444 526
135 432
52 348
502 561
308 431
11 383
63 339
312 548
38 97
133 565
132 571
118 447
0 294
78 256
74 553
343 537
145 593
156 371
14 110
315 352
229 393
47 510
423 455
280 417
2 493
46 346
226 378
160 405
57 189
9 417
62 177
38 62
9 137
568 573
266 428
272 440
35 298
90 448
398 551
62 395
6 252
509 590
107 115
37 229
156 336
204 250
39 209
541 586
192 406
278 321
354 421
75 389
260 349
160 176
413 493
18 392
216 349
80 453
384 527
301 470
128 590
218 246
548 593
364 419
451 515
180 496
250 322
257 548
227 253
246 500
100 509
75 463
200 466
290 403
330 549
19 333
207 217
7 208
105 446
147 542
400 514
318 599
90 215
369 534
216 264
58 135
208 597
215 311
220 413
428 536
520 539
408 584
419 510
505 546
6 437
228 335
243 499
488 525
262 358
98 379
357 487
126 475
45 486
339 518
298 581
215 498
458 545
22 104
360 431
155 404
146 221
158 246
72 107
165 374
231 418
79 248
456 525
447 461
102 122
69 217
307 441
44 403
60 520
236 246
416 447
11 557
453 588
244 456
445 587
176 270
250 272
286 306
344 524
88 421
200 254
299 572
323 477
114 265
93 263
290 450
47 364
47 148
12 161
100 413
41 120
254 560
207 583
36 483
438 577
52 543
217 372
127 309
3 527
121 488
181 579
57 511
44 363
20 506
200 341
429 487
532 548
67 574
38 255
314 572
561 574
128 509
80 358
117 553
413 436
544 594
288 457
285 301
196 459
23 366
198 224
52 223
65 235
3 197
458 464
10 391
423 581
22 526
9 280
284 598
37 144
226 374
216 570
369 400
297 532
54 573
138 558
131 490
247 275
280 462
440 478
17 499
484 541
241 437
30 187
301 377
405 453
347 554
114 281
398 580
85 585
28 479
141 397
291 466
99 482
145 356
317 343
129 207
305 379
24 43
68 150
286 380
36 585
275 534
350 595
361 394
205 469
13 55
305 349
215 313
49 192
264 349
223 246
122 340
97 448
279 388
187 588
67 476
317 524
7 134
233 331
13 401
9 404
52 120
472 531
65 345
163 593
316 469
65 438
349 379
510 550
559 570
99 488
462 560
16 596
224 321
228 288
159 233
511 593
66 577
403 576
94 508
222 389
184 196
514 581
6 212
109 207
285 377
186 489
239 259
286 518
201 580
133 446
443 564
81 381
186 239
63 398
199 318
360 579
197 324
101 208
16 18
56 191
333 599
51 281
171 432
162 203
244 525
227 321
164 413
42 559
5 214
1 462
7 101
24 341
122 371
302 306
211 275
126 166
328 473
520 524
300 493
422 427
126 463
39 226
55 248
454 462
493 495
75 384
96 409
175 436
370 390
139 562
108 344
242 563
267 426
7 168
179 575
300 509
97 313
327 422
5 111
149 437
454 560
129 583
134 195
12 536
337 537
334 396
345 438
216 305
239 510
266 387
300 310
316 373
41 481
63 551
409 413
96 413
34 192
8 432
95 369
239 260
233 298
241 325
398 533
201 425
3 61
135 434
496 591
201 398
146 153
26 365
26 595
82 310
69 337
202 542
122 276
328 582
123 229
19 599
141 154
339 414
515 528
81 552
2 122
331 400
59 468
242 299
166 521
138 244
87 455
7 143
330 532
166 400
43 341
406 474
277 395
147 556
302 399
187 358
222 322
156 276
2 420
293 397
46 189
270 537
60 524
8 562
185 210
542 556
92 271
115 214
246 499
292 433
165 209
217 337
179 370
229 295
201 383
475 521
311 498
48 310
470 567
246 587
73 367
203 452
14 592
399 465
34 304
301 517
3 542
350 507
64 521
98 325
248 512
394 416
407 478
283 491
242 338
36 70
593 494 239 217 441 233 578 340 265 121 472 38 448 204 416 586 171 416 439 27 337 465 525 520 476 431 219 305 462 211 196 250 547 451 57 161 486 20 493 388 193 412 144 147 477 551 375 534 364 231 386 575 444 405 441 196 486 383 447 453 101 590 322 349 12 10 311 571 584 230 81 138 154 40 423 242 344 71 152 457 65 517 379 453 329 217 546 335 20 156 346 256 10 554 324 544 253 413 521 173 464 201 83 91 181 337 455 250 149 258 554 578 391 381 188 546 439 218 370 193 83 10 34 166 595 18 535 372 547 128 164 11 148 404 63 528 156 538 596 362 170 575 428 45 331 549 424 323 398 202 6 43 288 254 379 475 518 326 211 388 48 91 384 403 326 212 527 512 163 188 276 134 304 144 282 455 362 571 436 70 202 7 435 195 325 2 319 549 506 154 340 478 408 141 537 264 357 105 456 147 543 547 490 48 441 390 349 281 564 593 555 90 510 379 388 383 173 451 326 6 458 53 468 172 524 319 314 528 567 220 378 7 334 194 448 104 553 186 137 96 87 227 66 483 122 305 342 591 69 131 488 245 10 377 72 98 370 555 320 49 493 209 15 585 112 238 543 574 310 237 209 204 587 513 127 168 590 324 242 324 35 378 556 243 329 103 30 538 357 574 51 452 139 240 186 57 123 55 136 56 321 198 304 405 541 396 558 427 452 457 277 67 376 388 523 199 415 414 347 5 350 486 591 581 67 218 79 543 303 17 90 176 47 345 96 594 409 47 85 16 593 510 439 575 18 128 256 318 189 475 314 164 274 315 375 519 353 7 503 214 587 585 224 580 267 224 463 83 69 71 294 413 536 2 60 472 389 268 255 526 127 491 568 93 576 279 185 454 374 548 104 470 327 301 443 361 598 459 142 340 389 586 237 498 4 214 472 302 527 74 376 183 358 596 260 417 597 203 312 585 319 204 446 506 475 433 591 458 68 130 107 546 171 58 113 483 194 204 543 259 193 100 528 555 44 394 143 33 447 253 356 242 419 402 142 345 422 217 248 54 502 514 505 164 58 82 325 334 135 259 199 323 517 47 267 75 76 344 432 504 283 470 298 165 122 8 422 183 265 123 297 569 429 317 510 423 355 14 451 88 35 98 477 401 208 416 380 41 290 405 431 528 300 409 258 312 439 246 365 455 421 458 299 106 181 30 588 396 354 313 257 46 501 239 547 492 530 25 258 56 408 70 433 301 86 1 165 584 387 343 124 256 236 39 220 44 221 300 326 61 103 386 351 381 402 488 52 593 194 526 144 391 197 241 186 20 310 419 81 202 149 268 52 159 325 73 476 431 388 267 61 385 163 568 68 379 105 137 184 127
258 448
25 816
664 874
421 685
239 403
851 735
861 182
338 827
244 270
52 740
283 957
5 485
476 100
594 799
206 928
401 239
319 706
755 539
348 743
729 302
186 47
792 724
477 29
714 739
76 922
110 135
226 323
693 467
951 928
131 397
450 671
826 855
896 193
961 20
161 34
444 484
611 405
19 992
321 192
941 515
585 672
851 353
648 22
113 943
922 371
21 154
379 66
613 250
568 791
76 8
50 174
304 866
848 415
646 339
62 115
615 753
458 851
310 52
191 304
269 1000
713 688
382 712
289 143
38 343
297 431
749 394
710 486
210 758
579 984
581 523
606 448
675 247
866 608
913 749
859 3
379 593
775 613
383 670
300 982
647 702
444 611
766 185
541 822
673 284
734 917
665 482
87 766
520 449
477 625
906 251
434 242
49 853
824 325
506 949
984 832
391 384
785 848
354 290
719 228
185 577
739 827
325 895
552 957
484 914
445 19
225 472
297 920
897 646
661 601
555 458
176 886
883 773
94 378
457 386
257 934
874 663
63 815
891 2
507 705
237 867
808 380
77 521
607 889
132 986
550 305
381 159
349 530
207 669
676 810
492 501
174 206
859 776
993 8
174 400
358 800
122 310
653 791
68 700
143 516
272 306
844 700
814 642
255 668
404 787
56 990
215 61
496 362
487 749
576 244
827 176
610 978
688 19
980 950
466 338
845 639
15 708
569 853
606 925
806 592
412 506
561 591
498 146
92 695
171 83
736 950
1000 470
344 493
537 773
335 787
109 286
3 635
239 190
3 395
289 457
414 406
847 983
598 622
246 113
953 181
36 606
284 111
719 374
303 642
479 536
293 363
227 599
596 116
440 640
694 959
335 82
216 906
489 876
127 5
683 431
670 79
397 759
321 373
412 725
941 884
740 325
151 895
79 429
483 692
167 742
287 729
844 32
434 373
530 500
362 863
898 494
216 635
311 250
896 165
66 481
871 713
468 274
736 139
555 515
859 583
614 204
758 979
509 317
320 659
863 452
906 881
720 261
930 548
919 813
895 941
80 1000
308 512
118 859
521 15
380 487
46 65
788 398
836 603
50 939
700 985
638 137
426 858
795 303
776 774
738 505
178 513
276 905
826 526
326 346
646 728
419 810
244 720
269 59
861 217
958 840
123 891
340 151
362 976
154 133
231 512
598 149
615 82
936 718
417 563
520 919
689 97
213 978
428 38
738 622
431 128
397 131
588 567
866 298
198 716
126 632
625 606
326 281
630 858
324 217
810 902
805 443
5 757
239 897
921 318
258 757
77 45
904 577
57 232
300 599
860 928
425 534
950 269
272 837
986 322
784 692
252 476
82 968
99 504
252 154
420 477
738 739
660 833
917 632
147 194
7 226
126 48
710 154
87 225
513 174
608 301
172 647
620 832
555 257
178 170
434 321
751 804
392 996
811 70
703 621
768 344
299 791
406 345
888 838
269 713
905 69
438 790
780 274
732 20
940 147
81 843
635 363
166 229
380 462
475 193
756 296
575 392
949 955
524 851
580 495
771 738
44 311
637 930
161 964
286 622
690 572
664 635
714 405
416 85
890 114
890 423
678 123
235 377
445 288
394 925
502 283
509 628
9 308
195 86
758 97
409 620
558 365
688 320
556 624
958 495
888 365
646 240
217 358
763 712
960 763
789 922
359 398
110 567
557 889
536 556
776 78
968 525
634 513
873 903
896 609
958 565
686 161
5 174
743 209
574 21
34 466
372 641
472 814
450 949
376 23
773 421
351 619
172 617
363 947
355 715
179 993
559 666
264 183
541 393
764 646
61 396
121 191
362 445
596 732
111 256
945 361
28 675
508 582
227 2
75 665
372 904
793 871
153 672
532 743
707 434
771 887
88 343
6 202
584 704
52 785
92 870
644 189
695 893
482 652
971 138
509 417
15 543
107 424
721 566
980 205
447 80
819 149
606 496
654 309
192 274
968 349
154 339
973 726
794 974
800 216
750 431
839 280
164 695
564 181
752 478
852 126
544 68
747 570
214 430
536 699
383 297
806 952
889 325
422 173
112 727
474 578
40 909
492 441
197 479
859 958
425 959
325 400
820 23
561 730
0 844
385 554
434 926
81 168
180 862
668 965
258 973
861 57
938 656
679 398
618 699
81 791
236 28
304 538
167 787
930 74
123 674
967 889
935 236
796 350
162 569
639 388
255 502
991 232
55 143
806 118
160 539
539 115
817 729
253 799
256 612
688 870
60 614
713 877
335 121
6 109
541 282
777 522
835 462
49 533
128 783
562 545
207 405
527 142
184 22
186 364
978 858
706 808
584 207
286 78
671 732
930 122
383 430
405 212
436 509
965 596
46 278
989 434
724 653
283 481
384 267
578 57
690 651
203 513
518 79
411 644
382 198
326 580
771 455
609 670
231 167
16 331
361 363
11 0
453 110
603 542
970 673
740 684
916 434
258 564
491 725
868 394
276 8
471 981
509 115
786 155
194 146
158 263
500 197
63 364
803 177
923 10
845 86
483 226
505 773
34 500
136 474
618 53
25 878
110 806
269 245
796 816
877 137
183 430
841 245
956 626
55 89
80 725
708 56
958 76
719 784
88 115
199 800
6 603
971 395
728 470
561 0
678 354
49 424
443 452
145 866
484 475
423 893
629 429
303 564
814 551
467 603
843 151
695 782
315 139
234 924
216 109
264 32
260 387
311 749
396 871
4 62
773 315
