600 1546 600 1003 23
266 437
75 561
165 557
206 531
264 582
353 489
143 410
362 381
41 469
216 514
102 330
163 322
49 595
462 508
179 194
423 431
107 561
95 367
300 357
10 237
174 560
190 242
135 237
190 524
45 562
199 473
45 145
234 274
145 562
353 463
402 533
44 499
430 574
406 504
199 534
301 416
343 538
336 552
71 319
186 579
328 377
173 445
292 341
305 368
212 333
193 430
237 431
23 419
78 388
300 481
44 124
159 231
217 373
179 231
40 547
147 373
32 219
287 378
78 370
2 30
409 436
96 423
159 368
31 274
95 463
112 424
54 122
25 240
39 374
6 326
40 575
318 361
183 318
208 567
107 469
80 150
15 385
60 156
10 267
83 468
218 523
322 573
68 377
67 143
113 508
109 186
275 393
283 413
5 248
188 534
50 87
84 177
11 545
123 465
63 403
214 444
513 521
503 506
53 165
126 220
330 383
230 505
327 541
21 104
54 504
290 381
7 247
189 399
167 552
165 395
10 29
395 557
23 32
113 279
453 555
279 341
498 535
141 298
202 445
13 187
286 470
493 540
18 64
316 551
170 398
272 303
239 271
14 61
111 379
37 424
2 151
40 559
410 598
38 499
395 530
183 247
19 246
422 569
188 449
12 13
75 224
413 496
214 305
93 441
460 598
205 266
7 334
227 237
454 583
169 237
469 487
150 549
89 125
78 537
131 365
239 507
29 360
314 590
277 335
19 462
209 439
230 580
530 560
6 379
37 517
176 397
419 510
118 146
152 422
343 576
134 531
185 393
164 325
157 273
112 226
245 351
334 470
191 338
469 527
31 517
433 463
184 470
47 112
130 544
203 402
33 294
111 348
175 276
144 562
45 387
315 321
295 452
53 58
188 569
153 272
536 591
61 97
173 459
96 288
244 383
233 236
188 336
160 522
349 494
92 429
366 492
117 260
11 427
94 546
343 437
185 503
284 486
321 575
87 425
68 492
199 449
129 249
92 441
295 418
282 353
178 443
165 174
336 342
38 347
174 477
194 305
207 315
326 529
325 366
80 552
33 393
361 470
51 262
369 440
292 378
264 320
198 352
418 476
398 505
285 543
361 504
470 504
110 203
547 559
42 552
313 320
12 153
399 530
424 517
98 358
161 350
156 226
175 595
111 120
113 478
130 287
78 401
279 292
60 591
387 547
212 492
429 525
86 357
70 370
292 390
441 590
4 164
312 352
83 499
43 206
12 272
45 352
168 499
175 381
166 480
399 452
146 404
175 372
108 567
163 250
176 236
101 443
336 369
460 588
2 597
147 521
235 322
255 471
89 553
376 579
36 496
201 567
482 523
5 281
134 250
421 500
77 368
109 259
17 177
314 441
75 107
121 432
480 537
180 278
210 295
332 588
155 308
208 501
471 558
359 466
132 535
27 268
213 554
132 408
25 418
65 273
132 509
264 416
209 567
168 304
106 527
294 588
236 348
90 297
30 143
494 501
524 563
94 246
146 226
135 227
563 580
67 170
210 232
78 133
79 259
219 510
144 145
62 153
318 406
16 448
170 505
146 156
509 526
423 439
117 389
233 379
115 278
196 365
303 481
34 310
264 355
91 377
2 50
295 575
72 260
92 550
268 437
170 410
205 512
305 444
232 554
244 539
588 598
66 413
196 515
88 292
91 594
141 392
302 376
394 471
62 114
297 549
68 325
89 217
9 422
380 388
53 255
301 510
114 479
547 575
36 132
52 319
132 430
14 569
392 519
421 583
340 559
96 558
323 599
294 505
408 457
182 218
214 558
278 564
155 199
2 98
459 487
189 560
396 549
322 520
11 381
116 589
107 527
238 596
127 261
154 414
127 384
295 321
216 243
436 595
453 508
126 540
207 321
196 430
95 129
525 580
6 529
6 373
50 425
330 500
176 528
13 303
81 250
146 166
434 463
70 391
5 22
30 507
47 191
45 207
62 371
82 462
89 373
186 451
27 519
124 168
192 207
259 525
166 226
106 469
213 290
102 227
252 578
370 401
356 515
20 495
298 437
288 394
252 459
284 304
172 428
491 531
257 363
152 401
41 459
210 585
52 550
584 585
96 471
12 303
449 534
243 287
196 493
410 460
14 422
190 563
45 312
241 505
48 162
52 483
76 407
149 564
124 287
273 332
464 484
63 500
1 493
375 445
22 353
254 535
347 576
289 432
357 371
262 475
102 135
142 535
181 468
436 574
173 391
99 293
171 351
53 353
100 566
299 420
346 413
94 148
361 406
209 494
16 582
148 516
88 572
435 579
38 130
351 564
186 411
454 475
276 381
432 473
496 509
162 539
192 321
168 486
337 527
330 421
58 255
250 531
220 540
364 478
159 269
136 490
100 530
205 437
133 401
118 183
250 322
66 407
131 453
72 224
125 397
229 549
34 382
72 187
411 579
288 463
99 474
169 209
100 395
35 257
393 505
374 551
297 396
308 559
14 191
150 336
187 300
264 510
39 599
15 140
9 569
232 566
20 360
30 565
90 234
149 245
329 455
354 497
241 525
223 533
291 554
136 556
216 287
200 250
146 480
79 350
176 233
17 281
9 188
176 217
255 560
176 178
110 383
64 125
199 340
79 550
169 227
77 315
409 493
218 522
172 440
99 417
181 284
39 478
157 393
258 404
387 559
83 486
114 589
277 534
347 499
174 395
87 398
246 516
228 586
448 579
539 589
95 249
82 246
9 534
89 311
304 486
251 376
113 323
95 120
9 277
101 528
150 256
61 133
333 455
158 221
532 557
249 367
268 519
78 97
80 496
551 597
505 580
102 169
71 92
554 566
98 309
86 300
411 516
18 542
453 462
319 550
308 345
3 413
12 412
38 287
155 340
54 184
409 595
190 270
67 414
201 296
219 320
202 370
382 568
99 224
53 532
235 520
122 195
333 366
262 373
372 427
28 493
131 363
106 310
263 491
393 506
55 444
246 546
209 431
82 453
33 275
301 302
7 183
171 490
225 337
259 350
18 59
43 243
49 570
122 518
358 462
190 317
491 544
29 571
23 161
17 248
73 308
430 535
91 544
320 510
189 315
184 286
461 468
62 357
30 151
13 260
139 538
16 549
232 291
40 432
49 484
147 592
400 438
282 463
263 447
502 596
221 490
278 577
68 576
104 234
271 551
43 438
261 390
55 315
249 475
308 340
56 187
45 198
388 480
178 236
34 312
500 583
246 257
245 564
292 386
204 378
8 147
279 364
0 402
95 288
11 175
15 218
164 366
56 405
324 547
46 351
366 437
385 567
156 591
416 448
365 498
32 483
122 137
148 411
427 545
460 505
167 240
96 571
42 167
294 393
83 181
333 512
271 511
213 532
291 584
199 432
98 246
107 487
207 324
316 364
496 526
5 17
271 364
231 368
386 572
132 496
56 482
220 572
90 355
49 175
197 214
26 381
117 467
231 458
24 271
315 452
240 408
189 452
87 317
247 334
427 574
408 509
76 411
126 464
346 496
16 229
177 348
373 379
7 536
203 223
96 394
25 575
0 265
267 426
86 371
39 316
82 257
216 400
80 346
5 81
10 571
57 530
125 176
81 235
277 422
105 408
50 151
62 589
176 512
277 308
533 589
247 318
231 474
100 557
300 523
90 229
76 546
435 448
377 544
136 538
164 437
52 79
317 398
69 345
46 461
152 335
29 119
118 591
374 597
217 233
255 477
1 572
231 305
311 553
240 473
363 555
6 262
408 526
92 525
16 150
487 543
125 311
358 508
25 585
8 553
306 548
27 298
27 392
143 598
335 422
57 100
300 581
153 412
257 365
495 586
375 578
162 501
144 299
507 551
251 448
259 429
160 214
363 365
119 367
415 500
249 326
234 446
107 238
124 204
53 477
116 153
250 570
384 390
364 390
20 442
150 552
316 478
193 493
461 577
291 585
45 324
140 208
202 345
428 587
76 579
101 177
554 584
333 528
399 485
220 400
109 516
238 502
169 431
34 145
304 472
303 357
119 360
426 586
137 195
15 522
525 563
277 450
159 458
258 406
62 272
39 323
128 261
455 528
205 366
173 344
253 591
213 557
2 309
459 469
147 513
10 431
81 520
18 141
309 599
224 467
160 194
59 176
77 159
124 472
160 296
150 396
370 445
2 599
238 561
308 335
324 387
124 378
123 563
61 78
138 571
544 594
29 267
237 267
193 196
173 285
215 244
316 374
85 545
67 154
224 225
171 268
147 262
54 518
172 297
160 201
51 513
279 390
210 566
85 585
36 66
338 587
88 220
50 98
243 544
202 211
490 538
512 528
228 475
139 268
66 496
4 437
35 546
491 594
564 577
129 326
57 566
228 583
294 332
280 302
108 197
137 406
543 596
183 406
187 405
230 398
134 438
323 358
55 77
128 390
75 527
289 575
51 454
38 328
111 529
48 244
458 568
440 569
62 479
71 550
371 539
90 264
257 407
228 421
225 527
189 444
166 537
55 368
116 479
345 578
267 360
195 406
151 414
76 148
171 538
30 222
172 234
110 488
83 556
222 597
308 450
376 448
301 419
24 511
238 487
306 499
345 562
54 285
136 221
320 446
475 495
148 546
210 399
283 407
230 317
442 495
37 47
210 476
36 535
8 521
328 347
151 425
427 430
122 388
426 495
335 450
171 245
320 355
232 585
452 485
465 525
431 439
83 168
350 354
439 567
5 348
26 213
47 424
15 581
236 443
101 176
23 350
111 331
4 343
81 447
440 587
160 305
159 568
157 275
20 475
217 379
142 498
18 512
310 474
145 312
14 97
69 578
46 171
35 246
221 468
394 434
186 516
133 422
120 433
274 338
109 302
454 513
1 28
95 119
108 201
365 515
16 435
104 446
256 346
52 497
18 397
314 505
65 332
372 574
28 113
334 361
323 478
58 282
64 397
37 338
177 248
315 444
32 510
223 488
194 522
280 451
103 556
123 246
40 121
0 203
59 397
395 560
286 504
475 586
26 85
201 522
172 338
177 443
8 373
394 463
90 549
444 558
271 565
197 558
38 306
364 551
92 590
72 405
96 197
93 241
416 582
339 401
81 248
346 435
211 345
173 487
72 99
131 555
97 537
185 506
104 313
158 461
524 580
66 257
184 285
62 539
76 283
41 420
111 233
162 349
403 415
372 436
127 204
321 452
37 274
327 402
239 551
102 426
245 268
250 290
307 349
244 589
49 276
108 296
414 425
259 465
31 456
218 482
195 380
220 464
382 474
156 359
418 575
197 567
13 481
89 176
170 460
140 385
371 581
88 216
110 244
337 417
163 200
179 182
22 433
407 546
83 103
353 573
94 516
154 170
134 570
329 594
242 270
364 511
191 440
169 494
173 543
208 494
168 472
523 581
98 462
41 299
265 327
167 342
224 389
13 117
84 455
106 337
371 501
431 571
65 598
120 348
362 545
24 261
51 475
144 593
57 399
463 489
50 190
102 383
104 274
175 436
189 255
124 548
341 572
0 415
110 330
215 488
488 533
34 568
290 532
476 585
267 442
52 354
139 437
32 313
28 356
142 254
202 339
3 76
69 562
54 286
58 394
369 396
240 526
243 400
145 593
69 144
216 378
557 566
206 491
376 451
32 161
257 546
139 343
129 529
499 556
520 573
105 457
352 568
373 553
343 347
263 329
99 405
263 531
295 485
74 472
66 283
19 82
104 320
105 585
229 582
162 244
53 573
285 518
195 388
342 473
300 482
444 471
165 532
200 290
404 406
74 127
66 142
426 442
109 280
31 253
344 543
253 466
229 264
251 302
72 293
22 489
63 415
127 472
461 490
2 222
112 359
80 256
52 71
73 562
484 595
507 565
458 474
264 301
223 402
201 385
143 414
251 416
126 595
187 481
23 302
47 338
92 503
423 571
126 484
84 101
429 550
5 573
103 221
483 497
206 438
173 375
276 570
20 249
341 386
118 258
0 327
66 254
292 384
130 377
131 508
119 138
188 440
124 127
48 349
85 457
70 388
141 542
109 350
123 190
56 300
25 105
33 273
219 313
73 559
106 299
22 573
192 575
48 383
53 163
81 531
181 461
236 331
299 593
112 466
317 524
49 134
87 414
91 492
465 516
249 262
173 252
297 369
403 583
194 218
389 561
540 572
102 307
60 253
102 586
356 508
225 417
215 589
200 532
337 474
92 241
71 503
380 406
140 581
50 317
262 326
5 520
300 303
140 501
44 168
159 198
224 561
56 218
212 455
189 471
423 567
23 301
249 360
126 409
144 420
135 267
11 372
287 306
436 493
21 274
208 385
197 423
158 490
140 371
336 396
451 579
88 386
385 522
26 362
488 589
327 415
203 488
408 427
432 575
208 209
113 572
308 562
287 548
400 514
51 592
101 178
14 537
307 383
64 311
179 305
163 532
104 456
84 248
420 459
259 516
187 260
400 464
430 498
438 464
19 98
57 210
16 416
216 292
133 152
477 560
302 416
46 564
234 338
162 371
58 471
130 243
118 404
123 516
183 258
389 596
220 514
298 392
403 454
233 331
113 356
399 560
325 343
1 113
149 519
122 391
427 457
44 548
3 579
198 207
177 236
90 446
143 151
161 483
262 592
99 182
115 519
136 347
213 584
185 505
366 512
130 328
310 337
183 536
391 445
47 537
339 370
26 290
106 593
253 359
192 547
503 590
70 122
58 434
85 105
128 511
417 474
65 588
115 149
113 341
370 388
374 599
224 417
83 284
24 128
135 426
127 390
131 356
202 375
198 269
70 445
269 315
61 422
252 375
99 231
167 473
84 528
88 514
31 37
180 577
60 359
81 263
207 269
360 442
34 352
276 290
247 361
46 490
50 242
210 485
235 250
59 512
192 324
98 270
82 555
274 456
499 548
68 328
507 597
3 346
272 412
53 174
329 492
379 529
116 533
98 242
102 421
78 480
234 297
421 586
377 492
161 497
33 332
199 559
336 449
120 129
4 325
26 584
196 498
282 434
119 249
85 362
155 534
349 501
177 281
280 376
402 541
299 469
569 478 58 446 598 483 59 486 94 109 273 237 164 76 102 22 442 93 179 276 367 336 311 267 258 177 119 123 507 300 297 522 4 468 160 435 411 272 448 142 375 96 275 407 15 524 360 318 532 564 200 279 379 340 359 591 61 245 192 247 394 345 354 131 327 420 179 125 178 451 13 372 218 112 249 247 370 276 199 23 321 97 321 130 569 577 131 318 436 267 459 522 85 324 567 241 234 191 277 288 491 264 532 441 215 113 532 584 389 255 352 472 491 552 140 96 478 349 557 384 587 302 252 380 393 572 23 139 100 33 501 170 360 303 409 182 74 338 208 522 429 81 598 172 118 100 135 272 257 586 199 525 553 57 498 32 338 74 300 543 1 110 226 482 240 155 456 282 364 244 483 368 302 525 495 47 450 427 368 398 127 260 454 27 126 180 584 485 157 549 285 534 58 523 69 571 78 421 488 349 35 396 138 512 245 202 461 415 92 296 314 376 469 413 245 299 207 514 491 122 42 83 316 398 54 116 546 154 166 146 495 364 261 552 579 50 300 327 485 14 98 437 337 419 241 230 556 20 133 258 165 72 412 15 387 156 283 522 103 191 443 186 247 585 243 339 570 348 503 49 543 303 203 225 366 428 532 477 434 468 145 71 555 371 214 297 411 200 518 307 490 38 432 486 363 521 326 564 91 244 524 340 425 433 21 189 478 116 34 579 549 532 591 286 52 181 478 25 520 125 567 406 216 594 194 367 9 578 23 414 254 103 231 499 573 418 123 502 246 146 86 444 328 8 361 189 406 106 355 439 190 328 152 283 54 516 175 324 118 18 26 55 414 461 22 238 110 24 437 342 79 516 50 76 0 535 452 262 486 513 571 474 8 176 202 268 447 302 13 316 246 123 526 358 481 472 435 469 430 474 40 301 400 210 327 583 152 390 251 498 519 351 128 256 341 344 355 429 238 379 157 25 566 324 401 528 138 285 269 87 259 358 560 98 13 228 449 87 217 352 300 79 1 290 365 238 570 150 212 3 501 91 134 19 599 250 421 426 433 558 295 461 25 249 447 580 68 189 56 452 60 306 151 220 128 346 489 4 111 124 308 181 523 163 313 512 530 491 242 85 86 115 519 589 406 112 363 193 44 78 494 519 124 505 206 522 599 386 574 13 27 89 518 276 459 18 425 550 41 359 584 295 529 118 45 176 158 133 98 243 567 438 416 54 578 212 520 182 555 29 322 345 393 33 414 322 437 317 446 587 488 207 455 524 598 31 312 530 278 187 256 63 64 462 358 74 417 540 430 210 370 484 141 371 477 513 251 205 152 212 564 283 307 228 58 150 581 89 351 296 376 209 162 436 395 586 547 513 569 219
957 91
491 780
329 916
244 607
855 814
791 558
937 467
8 46
995 463
267 310
809 295
495 617
693 19
655 44
187 282
690 176
212 535
804 618
988 704
312 797
914 359
48 405
830 521
75 606
487 973
461 472
561 569
957 831
465 746
830 321
336 981
38 340
34 591
48 951
463 203
290 726
352 608
85 331
720 840
384 850
397 370
413 109
328 509
695 757
678 913
451 267
856 958
103 302
845 145
572 670
254 870
975 369
38 715
699 508
188 49
589 325
632 120
589 432
732 424
942 674
12 230
203 258
801 73
971 191
992 639
123 980
294 642
227 970
799 785
359 205
214 131
17 800
588 65
362 285
603 986
495 66
234 680
561 290
186 212
68 735
285 549
731 622
334 752
734 964
825 646
504 559
725 122
226 891
566 837
957 585
150 475
742 737
59 828
95 877
239 742
819 430
745 338
164 258
283 856
552 135
616 465
867 638
876 219
754 924
59 443
431 527
460 140
458 70
692 271
134 679
929 143
900 512
69 249
466 825
836 43
976 951
839 17
631 12
30 173
826 373
852 481
374 385
157 87
197 779
641 922
968 613
555 731
571 943
516 971
876 463
731 802
401 723
413 608
227 235
658 674
867 271
775 871
127 84
793 349
867 872
739 166
983 757
350 680
251 986
385 182
423 204
110 196
966 425
216 718
954 933
229 487
294 960
251 222
765 5
218 922
328 323
57 217
12 995
805 947
532 269
649 229
65 654
795 137
703 539
870 775
659 513
135 208
352 485
653 953
809 232
198 939
915 885
147 396
301 51
675 492
547 642
934 635
831 616
913 618
601 196
916 978
772 993
625 151
61 104
187 16
43 898
163 684
628 67
279 386
628 384
230 799
188 310
456 341
453 658
632 206
158 121
428 678
717 313
490 277
350 372
667 565
695 235
267 163
932 82
594 903
919 720
669 706
474 319
754 189
774 236
546 451
292 199
816 714
588 527
684 319
870 94
633 813
932 570
645 168
24 529
568 792
780 930
349 950
934 51
556 34
525 71
109 246
846 236
941 283
171 508
155 879
581 227
554 478
906 552
104 393
716 593
878 579
825 269
423 46
425 941
394 495
113 842
264 829
673 797
872 123
919 913
266 758
54 47
799 651
889 380
693 619
149 579
341 135
4 285
331 634
705 436
242 522
317 713
77 148
96 764
606 41
548 978
933 411
744 671
96 529
988 112
923 779
859 302
943 883
530 313
260 800
452 928
730 41
62 977
56 374
19 950
581 638
294 316
977 999
481 866
130 637
803 586
755 465
245 651
706 990
264 20
161 39
671 830
773 372
394 446
610 581
547 507
561 866
579 103
105 934
490 409
671 245
170 435
947 793
427 152
699 106
86 556
122 592
708 60
651 988
612 280
679 857
859 181
326 295
312 882
488 169
1000 580
447 227
0 502
69 887
561 328
426 865
212 867
71 68
28 773
49 496
494 373
731 537
393 825
431 331
828 790
898 422
996 87
779 810
776 696
919 208
876 550
87 963
863 714
40 9
278 231
280 415
500 144
150 345
246 188
353 336
503 849
309 459
845 838
339 40
328 227
256 556
803 848
860 526
818 165
105 690
879 939
479 251
771 502
69 708
89 502
425 780
740 92
326 849
35 250
870 339
96 47
519 591
352 732
449 891
396 692
856 752
847 391
596 256
236 426
230 164
760 137
511 649
974 487
377 887
293 125
158 618
758 759
621 885
945 523
147 147
557 595
523 202
899 183
553 903
712 204
527 823
405 319
189 142
534 12
529 932
234 96
984 812
23 918
744 395
649 462
206 463
971 659
185 891
595 406
637 774
211 193
975 69
981 238
103 146
592 137
100 81
270 664
394 536
513 718
177 968
193 696
734 13
280 606
239 938
981 167
134 555
528 119
475 441
72 578
401 138
935 245
233 273
746 292
77 298
259 905
920 305
450 607
183 381
73 797
426 637
799 262
377 413
822 460
767 438
213 576
498 694
895 795
669 770
753 266
231 364
78 856
899 327
887 605
618 345
258 127
107 477
754 643
185 576
313 394
308 274
180 632
555 382
365 760
992 295
837 673
18 395
472 547
548 233
369 97
159 935
829 970
340 806
791 468
595 751
154 761
46 276
580 14
760 968
445 108
140 14
709 391
621 951
365 445
520 165
971 339
490 469
699 474
447 843
808 33
146 183
673 71
660 124
15 655
601 709
528 429
692 963
376 37
904 51
804 504
824 920
716 691
786 751
465 704
789 202
930 333
335 579
35 675
391 658
721 883
954 224
776 167
407 24
25 827
139 54
113 898
0 894
381 966
369 801
380 565
52 551
487 926
909 670
996 391
599 806
443 761
192 742
29 296
242 50
988 869
743 580
996 426
668 203
682 150
199 833
122 796
362 528
471 109
864 664
905 466
643 436
698 666
630 519
895 16
294 347
366 636
26 145
131 262
826 872
799 111
526 772
1000 44
962 734
351 11
723 717
485 585
252 709
427 362
674 887
199 489
55 776
410 912
287 497
998 551
576 503
378 737
751 897
616 493
702 364
381 342
674 445
480 20
386 213
172 799
915 948
383 995
574 457
745 236
508 225
231 313
605 653
783 313
540 794
762 546
484 672
451 393
805 819
879 1000
369 159
202 616
146 832
716 149
141 528
969 270
544 538
525 493
918 266
197 359
132 941
835 89
44 867
10 196
955 392
433 180
743 698
547 703
438 0
360 922
151 975
350 879
