600 1277 600 910 10
119 229
18 458
474 481
269 404
69 268
83 569
34 103
236 555
80 172
244 536
201 343
445 446
423 592
64 405
156 302
107 130
109 289
420 595
247 301
573 596
344 556
98 442
278 536
470 559
344 497
193 365
217 382
102 410
343 521
125 504
24 466
245 433
19 481
352 527
89 512
329 429
20 167
95 398
77 200
426 451
53 321
402 534
308 424
131 580
182 591
75 550
17 551
498 535
56 551
328 495
56 383
272 432
65 208
375 571
404 547
60 220
427 552
286 337
162 430
47 406
169 204
170 533
18 298
52 204
57 496
78 175
238 420
433 544
291 371
189 516
206 423
100 122
172 223
487 556
146 447
139 527
388 581
74 98
130 506
307 361
240 365
86 573
175 196
33 580
353 524
58 528
463 553
116 137
30 75
26 44
120 492
6 183
31 65
333 483
317 525
49 384
20 81
85 428
58 101
472 566
171 344
156 594
74 442
129 424
53 194
118 137
276 442
352 419
218 425
138 406
116 441
302 598
21 398
261 294
95 390
47 371
55 524
152 294
17 267
207 432
370 463
35 163
21 571
26 599
98 532
203 546
248 369
281 482
366 560
359 439
17 84
177 467
367 398
154 471
99 134
0 396
508 582
266 522
20 57
149 416
81 261
106 479
359 365
436 500
118 161
397 579
242 456
210 477
244 330
15 296
10 184
127 403
204 596
110 360
473 563
176 256
10 331
293 458
18 232
58 256
235 502
472 559
319 468
74 532
5 77
166 181
388 438
253 549
8 423
75 199
337 508
97 455
452 563
158 524
60 431
205 270
322 481
116 572
62 464
68 345
415 583
253 494
43 492
396 570
113 318
7 162
400 438
381 490
268 576
305 336
526 592
54 81
146 528
15 542
144 254
165 445
51 423
147 160
99 369
416 564
131 394
288 387
545 557
79 381
96 412
23 578
73 559
32 37
262 383
238 484
543 567
1 384
2 257
385 543
282 424
36 267
79 559
51 341
171 448
89 218
189 584
186 244
325 439
366 505
204 220
275 288
196 292
22 542
400 414
429 596
203 437
192 312
303 407
339 559
95 494
373 424
54 323
187 369
17 589
16 55
14 193
279 525
19 551
283 326
461 570
564 583
417 587
357 495
24 565
8 356
104 161
451 583
159 539
272 543
285 509
114 469
84 434
31 277
401 484
336 490
110 459
382 514
440 555
288 478
422 454
159 580
259 593
364 373
170 510
266 421
421 522
58 106
70 135
155 269
171 410
224 348
96 285
59 387
215 500
65 282
181 453
39 202
538 594
472 521
183 586
134 175
399 439
97 537
97 148
67 555
63 547
465 579
428 479
78 248
160 435
85 528
301 373
216 276
127 224
213 243
123 180
95 266
438 455
38 348
143 340
152 261
385 567
147 545
280 546
79 389
302 484
452 473
36 507
206 385
153 552
377 381
48 461
531 575
538 598
19 164
14 226
43 587
55 158
232 298
246 356
153 446
292 524
110 473
1 285
83 557
55 468
29 582
143 591
449 512
66 220
124 407
132 404
450 512
285 444
178 394
265 368
425 531
221 286
179 426
347 458
434 506
132 269
157 316
217 548
264 422
110 374
212 340
235 335
206 326
41 470
133 548
386 507
408 483
93 507
18 555
331 375
117 585
87 121
57 494
220 225
215 557
50 294
154 536
198 522
156 595
202 515
315 452
254 370
356 593
119 149
335 520
380 435
360 374
204 300
205 316
173 426
59 165
169 558
363 564
51 334
47 291
290 518
70 116
287 336
439 539
355 515
247 281
92 542
320 406
269 547
298 499
572 576
211 405
120 251
16 207
6 572
116 480
232 299
228 323
392 521
432 553
35 406
5 204
196 283
365 447
294 562
568 599
119 363
11 238
23 136
344 487
386 393
402 560
14 365
192 460
282 358
218 394
140 540
218 531
257 489
123 176
228 252
49 310
128 192
400 455
464 517
38 198
395 545
478 558
90 317
114 498
159 505
206 543
69 139
184 213
185 428
518 543
171 497
114 179
131 250
509 511
196 326
89 205
268 311
22 92
169 329
511 516
171 269
73 79
550 584
514 548
394 474
291 449
250 575
229 231
360 435
184 331
251 347
332 407
125 430
28 300
90 378
205 450
134 196
410 564
439 502
27 88
410 583
476 484
173 179
98 249
190 464
124 565
260 397
42 356
126 284
19 217
62 305
126 362
419 453
279 317
246 423
287 305
268 572
168 276
142 423
370 432
94 564
244 265
278 489
123 128
55 353
202 281
66 498
284 451
328 584
74 108
108 436
33 241
174 302
96 210
257 299
223 522
150 223
155 332
87 415
38 224
179 535
237 470
11 575
67 489
411 474
4 311
140 367
334 568
0 194
189 550
100 127
324 459
57 461
230 523
115 543
89 394
79 419
97 356
173 284
290 523
158 274
81 491
80 463
228 549
570 588
368 472
208 409
556 564
245 305
12 242
133 157
466 500
186 440
476 531
129 358
299 317
10 325
176 180
502 580
187 391
215 379
448 547
449 462
203 280
363 487
415 564
156 484
26 568
86 429
371 406
2 472
315 563
102 284
160 545
78 292
22 205
424 513
471 489
98 395
411 505
111 292
337 577
333 406
69 576
46 51
297 314
168 216
234 488
366 411
345 450
37 46
357 455
277 460
135 501
70 330
379 500
172 549
209 463
209 443
127 156
542 548
50 220
9 272
104 271
51 142
378 525
311 572
203 232
165 387
151 155
154 244
231 405
83 415
238 314
209 432
65 180
68 205
132 309
123 276
207 475
40 61
240 359
48 491
367 496
48 570
194 340
325 359
29 508
23 517
2 278
107 364
231 332
136 306
388 414
233 246
489 499
6 480
440 441
72 370
370 554
91 421
236 397
42 273
49 285
518 567
316 322
156 403
347 492
63 448
376 534
39 541
162 351
276 563
138 483
136 345
222 233
211 407
205 512
161 454
367 418
454 480
74 227
291 406
114 535
113 448
342 351
62 433
41 377
117 511
328 354
100 271
221 597
442 545
197 515
93 217
221 577
22 296
390 549
36 217
7 351
408 586
301 482
135 186
480 572
181 346
94 583
588 591
235 238
142 230
223 549
322 474
97 593
139 265
509 516
233 356
313 407
390 494
102 362
197 560
28 431
190 408
175 248
357 537
289 411
284 410
86 318
223 390
191 527
350 572
18 260
365 459
24 263
180 312
91 198
110 324
61 456
385 518
323 599
102 318
182 226
274 524
40 587
100 221
144 228
418 496
101 324
242 319
149 557
521 566
256 338
246 592
287 490
44 152
56 164
21 421
99 175
254 554
18 293
43 120
196 543
366 402
87 435
238 335
163 174
230 334
57 167
87 160
114 225
121 583
314 420
365 540
85 359
504 581
122 594
447 459
52 596
71 388
259 356
6 454
277 282
495 584
155 497
263 565
82 365
83 149
47 136
264 483
177 286
448 478
559 566
400 503
30 584
398 421
447 528
198 348
439 580
120 347
230 423
198 582
413 535
13 235
88 589
266 398
402 510
350 576
177 397
30 354
461 588
108 532
69 527
71 581
7 99
323 549
441 467
239 539
372 435
128 276
104 122
378 392
232 280
457 513
208 355
63 486
272 353
210 431
409 513
393 506
0 53
3 29
147 569
170 482
239 304
52 469
267 386
99 248
288 558
22 270
31 282
431 477
517 578
438 503
436 532
85 439
158 319
305 433
228 254
8 246
349 579
105 437
91 571
188 564
218 462
111 196
249 532
0 488
360 380
368 389
306 345
304 505
51 568
214 430
231 487
102 448
55 579
355 409
508 577
77 219
54 152
107 434
422 598
2 279
75 412
47 449
12 78
64 211
491 562
100 104
320 422
4 183
496 588
21 140
281 355
174 598
326 526
66 294
516 584
286 577
5 295
135 440
208 515
153 200
303 309
13 439
140 496
206 230
245 346
200 310
329 558
119 416
42 233
240 325
188 556
177 597
62 190
29 443
436 574
493 564
4 181
9 16
224 508
193 226
20 494
67 440
159 304
164 383
225 498
299 327
52 225
109 402
267 507
345 512
139 389
190 483
262 510
138 333
218 561
69 485
360 563
346 453
393 434
235 580
30 328
148 273
455 537
247 513
215 395
281 409
180 192
5 28
103 486
254 529
13 502
182 496
257 317
52 86
201 470
25 207
238 520
285 550
74 168
339 368
169 552
279 521
130 434
73 377
496 591
322 394
60 294
9 432
281 513
59 445
284 362
166 485
20 491
321 340
26 294
244 501
18 546
100 577
61 242
379 466
429 573
28 60
43 417
179 469
33 159
183 311
92 157
9 353
197 505
179 396
234 396
370 553
319 456
38 403
102 171
275 448
145 530
198 421
162 187
201 559
77 310
318 362
242 292
108 574
67 499
4 166
435 442
98 545
127 594
3 582
413 491
406 483
544 586
16 25
316 514
225 469
181 527
68 270
48 413
37 51
206 523
181 419
1 444
212 459
200 446
189 285
333 517
124 313
310 384
19 382
432 518
185 528
139 244
468 579
144 172
117 495
487 493
68 306
26 60
39 533
34 258
455 519
183 264
62 544
119 487
90 392
106 256
363 416
17 386
23 464
156 420
414 438
233 273
121 415
100 594
189 509
233 351
171 556
283 342
87 569
220 294
125 351
165 552
11 520
174 320
214 504
128 216
235 297
87 234
561 575
495 537
482 541
197 304
159 439
534 560
61 417
418 494
11 531
82 540
131 241
263 405
249 436
281 457
188 410
395 500
128 168
316 481
28 444
293 465
170 534
45 494
28 210
36 93
199 341
274 319
35 476
252 568
5 219
68 296
26 431
219 444
101 528
249 395
31 460
96 444
195 201
368 536
121 234
120 417
415 416
462 476
234 426
120 468
395 557
251 468
289 481
149 379
120 319
482 510
257 499
347 465
4 586
236 260
12 292
4 485
64 124
206 592
178 316
19 56
224 577
217 551
241 474
64 407
151 231
239 515
305 346
370 518
137 221
230 554
48 167
214 530
338 473
131 561
145 391
69 166
440 489
308 373
90 437
305 453
162 391
321 435
260 555
21 213
374 435
387 558
157 542
52 126
236 467
191 389
135 441
25 443
231 344
22 316
209 553
168 574
110 212
269 497
112 222
212 374
27 307
14 143
45 418
27 510
440 471
119 231
484 595
519 585
291 462
419 490
72 80
326 543
412 477
349 465
107 361
125 273
266 390
387 552
108 168
156 571
410 451
86 478
106 515
169 427
298 555
361 364
264 454
446 552
83 416
376 533
211 332
199 259
531 561
335 575
171 188
2 536
0 87
420 571
358 409
302 538
314 571
479 515
111 115
101 338
275 478
3 508
222 526
510 534
27 482
317 378
210 412
31 312
249 500
198 224
330 501
82 243
255 437
44 54
161 480
109 510
252 599
533 534
493 556
179 413
270 296
533 560
466 565
27 262
140 398
535 562
72 144
70 501
404 486
95 367
277 424
380 563
126 469
279 472
161 271
343 566
160 372
28 220
32 46
86 362
328 593
99 187
193 540
382 481
289 402
118 480
76 467
100 224
255 299
462 531
520 575
102 113
31 180
392 525
131 218
38 127
50 60
84 386
118 221
182 540
223 266
174 422
77 153
198 508
247 373
146 359
339 389
329 478
93 548
276 380
25 475
69 244
133 514
408 544
318 478
175 292
141 357
52 573
59 275
134 342
170 541
341 590
241 505
191 419
235 250
106 528
420 484
57 418
15 22
325 399
166 527
36 551
101 256
260 349
161 422
5 169
244 471
217 514
87 321
131 474
157 514
169 81 330 244 486 555 400 478 550 239 65 293 476 217 177 193 296 319 91 331 460 495 351 150 572 313 503 525 111 538 249 305 141 488 482 466 478 283 453 92 462 147 534 541 552 184 195 260 132 161 241 339 168 260 477 32 240 259 124 519 323 71 113 455 112 15 466 394 372 276 161 513 169 205 413 555 147 475 535 420 107 127 348 304 124 274 271 157 399 560 1 568 463 420 381 233 215 226 418 203 278 451 365 4 407 339 229 33 514 35 228 313 274 398 521 64 62 457 217 158 574 121 10 447 224 574 360 249 526 382 45 185 43 458 228 231 126 595 49 93 507 380 554 388 66 352 263 55 19 384 567 585 299 66 526 254 157 313 168 288 150 416 575 406 121 214 107 459 297 431 29 30 216 2 0 485 587 130 333 221 302 596 591 201 246 124 211 251 417 58 122 358 274 280 120 394 275 506 168 107 498 330 18 462 591 255 202 5 300 94 380 64 155 496 87 332 108 288 211 40 228 531 493 367 598 69 402 199 236 138 498 351 442 505 400 335 236 408 105 81 370 304 375 555 371 540 389 403 446 532 460 466 173 383 509 12 460 266 170 250 325 187 136 103 555 524 493 282 176 165 308 36 458 85 465 372 452 100 87 368 475 354 69 595 341 481 3 431 482 526 376 100 318 567 261 250 558 91 370 276 81 195 100 216 527 547 205 246 347 278 491 564 196 260 101 355 29 491 593 258 130 163 215 94 400 567 193 191 151 537 73 176 200 547 366 324 531 277 355 16 314 381 486 476 240 196 155 314 417 108 315 171 111 178 499 493 418 177 359 532 288 397 300 137 559 138 236 487 270 547 452 12 530 149 440 82 420 297 377 291 309 313 407 476 297 505 386 407 346 470 514 403 82 224 337 42 168 474 114 103 195 569 361 132 43 6 585 190 335 553 177 442 552 231 452 269 296 492 246 581 532 190 511 447 393 103 113 294 198 544 556 287 598 433 424 336 105 87 366 65 174 314 483 247 336 391 110 536 556 454 188 447 65 237 223 26 496 214 8 389 506 103 273 314 251 422 58 298 99 15 53 231 163 545 318 386 428 514 315 350 49 0 361 344 100 463 119 37 386 342 440 133 272 538 398 555 506 467 531 343 213 189 241 424 274 26 207 586 227 491 225 331 163 214 30 406 443 78 230 375 73 137 587 312 395 354 34 378 171 543 340 241 367 400 540 498 486 442 149 498 432 502 538 252 274 98 520 495 167 390 576 556 266 46 537 54 394 197 102 274 282 556 157 295 58 307 420 324 40 483 481 428 298 333 226 254 74 46 287 52 386 481 424 243 22 446 238 169 66 328 488 160 249 342 17 180 309 372 265 115
665 753
935 423
176 109
489 366
99 281
891 506
199 333
731 72
793 265
548 212
379 584
285 516
583 49
340 613
517 687
0 636
510 204
60 866
376 106
97 760
654 545
459 540
42 634
8 473
793 985
490 261
720 422
143 845
837 449
519 344
879 314
429 961
763 388
240 704
967 719
195 487
30 812
747 362
417 411
272 830
553 12
7 40
841 170
452 19
689 449
554 527
819 353
94 486
659 615
987 446
788 477
766 334
829 614
623 738
674 481
507 160
92 793
609 574
432 809
969 647
789 451
514 22
30 356
966 750
889 982
395 945
762 518
302 178
28 528
147 241
258 260
906 16
603 338
52 120
582 934
869 337
360 265
963 503
630 77
69 141
547 398
688 514
452 625
717 859
56 893
386 737
859 676
682 775
104 897
152 603
256 9
436 488
70 667
9 798
788 771
531 504
878 376
881 162
625 890
685 43
387 372
482 781
858 757
996 724
332 358
290 10
401 823
109 943
609 966
146 760
545 741
606 126
755 194
900 696
754 617
598 183
298 278
959 276
293 323
805 888
458 67
720 760
339 396
505 936
920 994
805 126
826 681
377 415
517 980
331 944
59 978
187 632
985 834
42 721
665 122
287 236
66 480
329 299
117 432
139 179
508 553
924 185
738 281
564 699
599 377
760 6
451 714
672 850
874 106
738 923
553 437
887 886
729 458
971 564
209 146
932 853
358 454
51 697
548 144
303 700
646 835
288 382
776 45
247 464
121 779
984 623
118 239
642 583
556 992
893 584
210 853
884 791
618 426
766 671
249 438
658 81
444 899
388 249
127 633
727 659
459 922
73 245
516 611
152 341
402 599
399 763
261 200
712 36
835 802
933 351
80 388
72 167
475 974
500 644
628 682
32 27
641 148
266 791
472 427
841 315
999 553
89 72
297 833
384 16
866 570
73 596
695 230
544 259
357 903
523 289
832 406
916 951
534 712
430 566
863 23
708 964
546 966
49 780
180 592
932 464
800 521
350 315
766 163
570 459
427 379
804 570
526 659
590 908
641 410
828 936
711 282
859 901
331 70
810 168
709 708
301 607
368 204
5 78
333 549
334 763
425 621
214 675
550 60
438 590
199 215
66 315
791 236
225 945
620 53
653 963
268 621
459 94
693 350
646 512
654 364
279 57
438 838
255 108
987 689
862 251
383 169
714 493
132 815
824 973
183 377
167 194
496 488
22 850
169 274
949 826
27 563
356 344
569 197
832 146
551 111
958 686
548 913
363 999
222 122
195 82
373 61
253 885
360 964
690 136
816 711
927 397
405 294
7 226
942 653
152 733
633 259
156 490
590 89
408 131
755 494
869 522
10 596
360 567
320 132
251 58
871 489
197 934
297 437
996 923
281 723
31 304
17 503
129 902
261 987
977 868
996 481
135 294
460 947
951 996
377 523
471 869
101 664
220 56
875 701
521 89
212 456
613 763
153 666
661 458
513 763
400 636
667 166
245 32
901 277
905 611
225 228
386 552
900 912
92 417
733 309
306 579
0 264
453 339
480 810
132 107
591 695
796 291
716 122
97 32
865 871
69 557
44 280
434 87
450 413
429 148
232 267
779 120
76 197
538 187
869 288
330 881
845 214
954 207
307 917
418 689
549 811
146 953
844 711
784 841
169 982
465 686
199 750
528 537
141 140
649 3
628 299
126 481
666 799
227 974
569 779
404 521
224 784
0 103
203 28
739 958
553 839
21 163
104 722
98 827
955 438
660 208
12 888
959 620
948 59
100 125
577 492
785 15
209 3
10 926
160 641
688 915
666 685
415 196
503 514
360 629
996 118
288 468
178 764
389 437
964 804
858 959
137 458
954 962
116 349
303 889
837 773
193 699
853 364
688 603
980 62
743 824
760 871
484 37
561 562
37 192
377 481
466 497
242 406
756 254
298 969
192 551
767 696
943 562
365 713
882 651
831 49
775 412
572 240
48 338
40 954
617 826
662 990
317 41
962 97
338 678
288 199
315 240
599 870
524 318
902 439
997 658
992 580
444 740
907 736
159 515
94 571
794 725
489 842
44 229
230 377
959 169
489 65
246 917
402 91
498 725
399 989
624 610
198 518
575 338
20 413
431 117
767 981
338 225
488 121
788 622
57 72
230 171
151 89
518 813
183 660
511 239
267 498
790 377
912 656
360 780
252 321
134 687
215 879
124 400
318 501
122 271
995 767
833 864
680 725
254 136
9 187
672 564
437 48
814 842
605 527
929 256
541 614
908 861
756 590
296 143
714 993
256 230
317 629
973 144
831 99
253 738
6 970
2 831
461 366
990 390
157 821
997 324
141 580
277 913
79 709
325 833
960 348
51 434
620 237
990 204
293 553
136 28
507 433
653 295
578 142
180 55
740 157
106 187
422 782
635 338
810 22
230 527
631 936
219 823
184 801
732 598
169 146
886 194
293 412
326 711
490 613
247 857
12 693
632 177
68 365
676 891
412 43
932 795
23 758
603 463
890 353
55 826
952 593
591 293
705 314
349 168
847 837
702 883
927 633
74 100
244 763
218 584
726 522
516 842
800 810
847 995
115 50
632 212
718 375
711 820
645 663
409 483
217 296
857 628
596 988
274 584
202 271
421 327
36 464
446 168
259 655
887 51
521 385
763 745
903 329
1000 280
92 337
476 12
591 614
56 921
819 281
575 665
732 211
885 239
330 420
342 487
860 599
374 295
268 411
694 387
