600 1612 600 1016 5
373 488
368 558
213 299
413 426
131 324
141 180
208 480
27 233
0 15
208 276
163 178
274 384
75 363
60 587
283 497
144 473
334 349
487 542
479 487
341 484
115 207
269 478
276 480
10 29
535 565
228 558
16 387
115 316
125 382
163 353
150 155
295 431
92 535
480 561
117 599
183 411
314 551
100 380
91 461
99 215
217 439
169 279
96 588
100 455
79 132
102 396
121 539
67 481
14 399
86 543
36 339
344 421
256 513
117 436
5 252
397 528
25 120
82 433
436 441
59 141
30 89
362 534
129 322
201 386
205 567
5 569
105 249
244 545
367 390
14 214
332 575
201 304
81 146
122 390
52 377
239 281
360 537
347 570
75 198
26 32
86 570
223 537
240 558
78 328
206 278
270 398
319 462
118 522
230 517
3 475
79 450
397 513
136 292
372 420
175 548
92 186
226 340
155 539
105 312
133 207
295 477
82 540
134 435
279 501
236 544
585 586
83 506
100 285
94 430
382 462
46 212
13 340
126 574
368 378
198 202
327 472
137 539
207 316
393 443
223 360
241 342
211 394
419 485
404 509
90 586
173 487
111 290
18 569
250 415
466 550
108 530
183 516
106 490
412 572
355 521
430 574
2 252
116 347
109 245
39 206
142 355
176 544
101 558
238 348
87 440
35 253
215 312
7 111
37 225
68 158
23 251
189 261
94 452
263 420
359 471
418 521
201 575
167 282
172 485
343 362
281 501
377 501
243 294
200 267
0 149
127 506
184 366
131 566
24 147
438 467
364 561
445 597
219 580
476 511
142 595
321 538
165 234
267 481
259 486
248 597
72 473
352 381
427 501
31 539
306 530
88 435
227 431
172 345
280 318
145 241
141 594
255 497
69 241
191 213
176 584
173 333
88 486
96 421
136 507
182 273
218 261
369 567
127 397
168 290
174 485
177 241
240 592
150 223
326 541
149 544
13 102
183 185
42 260
142 470
149 359
69 177
400 433
306 502
361 456
58 463
155 542
59 151
15 77
52 176
276 446
57 464
428 532
255 412
493 550
208 406
194 432
396 441
403 582
30 593
23 192
225 582
416 569
187 194
126 430
397 449
208 561
56 268
378 555
103 214
99 460
97 244
327 418
116 543
62 426
211 232
19 505
522 580
459 566
332 398
89 593
278 555
213 263
0 359
232 463
0 471
221 545
366 543
285 380
46 161
147 375
245 475
207 598
180 229
408 527
58 203
443 590
361 407
173 479
368 425
111 154
398 575
91 556
503 538
65 373
288 572
105 217
254 510
41 357
107 167
150 496
71 246
157 332
202 363
139 302
432 565
457 557
154 317
125 481
506 550
81 472
329 541
310 412
47 529
334 339
138 331
32 437
88 134
230 467
65 495
221 554
224 295
511 579
278 338
271 406
453 581
81 418
5 18
258 379
430 449
6 221
164 217
181 357
197 531
301 409
221 503
211 344
93 352
373 556
43 103
336 438
115 119
87 266
55 79
262 411
236 596
114 163
238 403
114 353
24 32
33 84
360 446
283 407
520 575
174 419
134 595
280 420
339 433
0 12
44 184
172 419
364 452
454 565
236 543
127 513
84 398
284 460
449 452
46 111
545 554
350 563
68 274
61 300
52 89
13 299
214 222
365 536
334 589
312 428
294 346
314 515
132 288
156 284
227 265
48 128
414 567
153 560
323 374
440 485
352 527
87 599
250 567
169 239
192 341
547 587
438 546
87 509
183 262
139 243
83 528
512 582
54 423
93 408
105 233
133 598
163 464
100 275
69 597
101 190
2 157
467 517
84 535
182 422
293 341
31 246
336 577
290 468
133 486
38 532
3 599
277 354
22 540
111 147
206 599
249 428
11 66
156 460
44 86
37 372
26 147
2 113
97 179
153 286
81 115
124 415
312 460
413 416
287 542
110 203
38 307
212 220
80 121
293 327
325 498
366 596
60 304
3 441
96 144
447 590
74 547
208 571
227 357
2 413
192 529
344 585
95 301
269 376
78 561
220 265
122 459
333 491
271 537
269 396
37 597
232 344
430 494
108 297
241 508
201 529
103 395
176 518
37 560
78 438
250 369
128 591
272 511
28 333
9 16
413 515
31 337
159 166
231 473
135 537
391 462
367 429
45 356
185 254
9 23
495 556
289 428
243 302
169 591
380 504
123 434
51 206
363 454
65 343
128 239
242 576
236 531
149 459
450 530
193 548
370 509
395 463
383 593
49 596
221 469
164 243
169 448
423 591
298 383
263 299
137 417
194 575
101 343
105 292
90 172
26 505
95 152
579 589
21 549
444 578
28 504
17 433
158 570
208 499
501 516
103 167
177 425
128 447
25 26
201 331
325 363
22 549
413 424
313 509
4 437
169 423
56 322
6 18
234 573
314 389
297 385
213 420
248 322
68 374
160 231
150 553
9 422
66 219
406 563
20 443
424 426
14 44
162 189
304 331
388 525
514 529
198 558
35 452
170 473
101 444
443 457
330 511
272 579
393 557
468 478
268 597
79 530
200 317
55 166
87 245
144 170
206 266
205 400
423 507
122 429
422 470
171 194
279 281
35 296
111 161
145 420
29 97
245 440
432 547
48 447
75 498
119 316
387 470
302 536
383 392
51 370
34 406
14 167
543 596
232 264
114 178
344 463
192 231
69 445
131 301
404 440
222 264
340 431
562 572
85 341
21 199
316 598
260 425
41 50
206 280
0 236
300 305
242 489
180 271
291 354
4 120
208 303
187 432
406 502
220 227
34 537
19 59
175 193
12 116
302 414
90 572
137 487
182 538
29 464
196 345
8 235
348 403
203 282
94 522
29 179
187 535
451 497
518 590
125 319
311 508
107 410
59 229
496 505
84 187
45 368
107 282
48 136
38 443
72 138
7 140
461 592
389 515
64 92
143 179
323 402
229 537
188 192
272 589
171 398
162 288
314 401
304 547
23 529
522 571
442 586
290 456
200 354
102 335
81 110
173 242
449 528
386 575
141 385
89 544
515 568
40 101
132 562
358 370
153 526
130 518
0 544
151 496
10 73
138 204
441 475
448 501
10 61
234 305
217 292
396 475
418 486
153 226
60 201
224 431
281 377
287 517
235 385
12 531
45 268
190 444
50 257
122 566
73 247
212 265
363 498
109 451
176 564
231 341
185 410
90 323
28 100
316 540
173 504
37 129
437 500
73 300
27 63
43 58
92 488
496 553
71 173
138 547
144 160
258 573
479 504
207 418
32 147
426 568
92 373
469 483
53 477
306 450
68 384
325 408
434 469
25 235
76 337
383 516
274 572
415 476
70 586
216 453
372 445
82 400
175 270
102 263
33 187
271 502
446 525
573 595
253 296
251 327
507 591
59 180
66 482
249 292
398 552
331 514
57 163
350 406
405 557
157 252
228 240
172 196
23 123
308 436
417 489
427 516
234 595
220 295
194 587
252 520
3 436
75 278
145 445
374 442
439 507
302 567
2 5
119 282
322 597
228 592
144 344
259 458
262 346
379 492
0 159
223 553
214 395
393 457
157 270
315 581
241 445
296 466
466 546
254 262
407 437
239 279
456 468
142 273
134 142
205 465
16 470
319 391
28 455
2 569
371 455
199 316
340 519
95 566
78 525
320 422
256 430
206 318
432 535
30 544
269 477
173 417
110 119
309 377
119 203
382 505
122 149
246 337
20 307
36 334
303 480
564 584
18 416
263 436
342 508
226 519
422 538
255 485
33 194
361 500
12 77
149 429
95 390
406 450
302 365
374 394
73 97
136 217
37 445
295 335
138 188
299 533
77 158
488 535
338 381
80 155
89 501
0 531
436 599
343 488
305 573
392 399
46 168
143 515
28 491
286 403
492 589
234 273
15 159
313 421
42 206
12 197
329 357
54 169
458 598
111 291
126 580
95 131
97 247
126 482
202 444
132 530
258 259
36 433
82 523
17 339
449 494
160 473
82 458
342 420
21 282
242 539
191 533
146 341
161 168
20 457
241 425
519 533
130 590
358 509
433 458
113 175
446 537
113 193
23 483
201 483
410 510
155 360
48 292
182 321
256 574
75 352
353 401
12 570
173 489
202 578
68 402
131 152
17 458
44 366
4 283
109 376
9 387
313 585
48 591
339 349
51 87
177 368
221 320
8 385
262 448
161 290
130 405
8 25
277 291
315 564
230 542
197 543
540 549
238 326
407 468
147 154
480 525
10 300
363 444
390 429
348 512
438 517
66 574
27 284
179 244
358 588
167 203
106 286
290 361
184 392
11 359
204 588
258 435
168 212
67 147
328 438
377 518
324 584
16 422
121 337
288 297
380 479
275 493
73 165
547 565
198 578
383 427
95 409
284 415
419 586
96 237
463 484
178 464
292 590
1 302
360 525
71 333
124 476
40 534
193 426
487 577
112 222
74 565
93 527
211 264
328 561
150 360
320 469
245 497
11 367
416 545
86 559
263 308
162 385
287 577
244 554
40 240
120 437
260 378
88 259
19 496
276 499
254 411
233 460
477 478
172 412
376 583
100 371
519 560
523 540
141 505
66 580
247 538
59 496
343 534
64 556
392 593
106 541
195 272
313 588
319 382
350 580
254 346
363 565
183 254
77 166
334 579
482 574
141 271
231 484
245 451
22 365
64 186
99 312
213 533
217 507
45 69
94 126
222 394
324 453
383 399
12 15
394 559
186 373
45 597
454 547
216 315
296 452
352 498
386 483
174 509
21 254
210 246
444 535
98 512
452 494
332 520
24 500
11 574
409 513
275 380
77 570
325 454
274 402
192 514
363 535
117 308
405 457
11 429
51 338
28 371
148 262
328 546
29 389
555 558
254 549
99 289
94 118
80 496
260 508
180 537
4 407
86 394
222 559
6 386
1 250
449 513
338 352
162 235
137 155
58 341
233 312
198 555
192 293
176 324
14 112
133 259
195 573
571 580
44 559
31 121
70 442
56 356
90 345
336 380
483 529
506 528
406 499
350 450
201 514
96 138
35 328
52 501
28 285
226 286
41 212
22 465
138 473
380 577
465 567
210 337
388 480
160 463
21 107
26 125
95 513
108 502
113 157
50 357
66 471
137 542
397 506
123 320
23 387
81 207
215 428
256 367
216 584
111 257
225 560
106 238
67 317
493 546
195 258
128 169
185 516
352 358
361 437
330 579
10 464
142 387
13 533
88 355
145 372
235 261
86 347
55 77
52 309
314 568
256 390
91 362
79 158
393 405
154 375
253 546
8 594
329 490
1 524
63 217
438 577
92 398
448 516
452 528
109 283
205 369
106 431
195 492
138 304
45 177
185 510
49 593
48 507
27 243
91 592
376 407
443 532
209 234
3 245
63 164
181 329
376 475
275 336
133 458
242 246
216 581
327 355
26 67
290 478
139 524
70 323
30 49
348 541
176 377
533 560
146 327
70 90
124 511
378 558
360 542
132 384
204 527
355 387
224 340
351 513
259 339
352 588
101 240
269 475
199 549
434 483
264 394
40 461
294 448
78 388
148 448
99 428
55 580
6 545
298 399
85 110
190 198
118 208
178 314
36 330
165 247
1 415
186 556
78 230
138 170
80 150
376 468
393 590
165 300
54 294
260 555
53 295
43 463
9 320
26 594
283 376
221 386
371 491
33 171
399 410
280 342
160 344
256 351
288 562
292 532
259 349
93 325
502 530
287 487
239 377
181 227
279 448
263 396
205 523
385 502
39 87
210 319
426 548
172 255
21 510
25 594
91 495
323 572
2 416
148 294
283 451
56 129
44 392
63 105
206 338
104 582
489 539
53 396
25 261
517 577
86 366
253 328
17 259
34 271
45 592
251 387
419 585
21 119
144 421
228 368
131 459
184 596
7 277
442 585
128 518
409 506
376 478
301 581
42 311
365 465
283 310
47 483
143 389
89 427
465 536
267 319
98 582
76 121
23 434
165 273
518 581
248 268
113 413
280 508
421 585
101 534
302 346
54 448
525 542
254 365
106 226
140 354
104 225
344 442
108 288
159 471
276 537
9 123
51 381
162 261
53 102
131 176
13 224
112 214
290 500
249 532
84 171
302 524
286 526
171 575
475 583
129 225
251 355
76 210
8 141
301 324
153 519
86 158
76 382
353 474
394 442
13 335
343 373
66 126
260 311
536 567
247 554
349 589
31 576
289 307
166 219
13 519
361 468
365 549
118 561
58 484
110 115
358 381
172 572
99 156
51 266
79 384
390 513
75 555
240 461
486 521
5 6
87 404
45 228
68 79
306 406
88 521
220 477
118 452
43 395
81 85
123 469
336 546
104 129
212 257
60 194
218 310
22 523
78 542
176 309
206 311
369 511
308 318
323 442
272 492
38 289
75 338
251 293
370 381
74 432
286 582
182 247
174 404
63 233
68 86
214 232
30 236
85 146
288 412
328 364
218 283
298 392
301 453
548 568
52 544
140 200
204 325
34 135
432 587
348 582
116 570
128 590
5 520
112 559
121 382
157 175
552 556
257 291
379 589
304 587
29 551
168 477
143 413
401 568
4 218
485 497
210 391
27 460
165 305
83 466
36 205
372 533
92 552
43 167
21 316
29 314
163 474
82 598
125 505
166 580
538 554
25 32
216 324
329 431
143 244
117 318
241 260
140 154
148 346
388 561
62 413
349 379
263 441
526 582
23 293
421 588
140 277
126 522
40 362
374 402
14 107
267 354
253 466
318 420
79 580
27 164
255 283
294 439
38 428
292 447
315 518
153 225
80 505
65 362
191 372
188 331
120 261
390 566
179 389
67 125
188 514
546 550
378 425
539 576
134 258
330 369
313 419
50 212
77 79
79 350
36 369
396 477
80 382
346 365
259 435
19 141
402 572
65 91
164 439
459 544
417 539
392 596
270 552
444 488
223 229
167 214
157 520
414 536
106 340
57 61
18 545
36 400
41 227
268 356
128 377
114 314
64 552
185 399
185 383
317 375
42 555
107 510
15 166
111 500
145 342
318 599
75 202
7 154
80 539
415 524
247 321
197 236
124 369
96 204
237 421
84 92
44 112
71 242
359 429
181 431
76 462
258 349
81 327
518 564
35 364
244 247
165 182
292 443
120 218
143 416
313 358
118 364
210 462
193 424
372 560
43 203
72 192
237 588
285 504
465 523
503 554
106 326
102 295
273 595
56 248
24 111
373 495
13 263
330 334
54 439
384 572
135 271
87 370
39 599
267 317
208 563
369 415
57 474
225 526
183 448
243 524
345 586
7 291
288 530
422 503
168 478
142 422
58 85
209 573
176 459
209 595
563 580
83 296
106 403
19 151
130 581
204 454
39 266
61 464
443 232 201 78 408 137 186 266 170 370 334 153 484 68 208 99 447 295 333 7 369 174 384 121 237 456 244 276 593 453 208 47 278 82 179 353 239 486 465 276 213 401 167 76 34 153 16 488 451 388 593 151 24 1 540 399 77 344 338 79 0 133 80 393 455 391 557 393 439 448 284 428 417 112 51 507 527 465 179 178 360 587 301 442 107 369 64 374 41 384 386 98 517 334 172 370 164 15 107 83 550 473 558 190 206 252 248 426 301 586 9 450 9 136 428 424 21 232 325 460 137 260 566 130 567 191 509 595 64 503 19 520 333 573 420 493 4 138 424 52 182 87 592 478 343 155 458 378 520 321 118 70 308 14 544 440 31 1 395 371 374 578 565 437 519 496 336 240 405 594 111 582 76 480 236 283 470 255 552 530 305 419 567 9 467 53 102 251 65 459 593 281 370 128 423 502 382 374 4 162 543 150 434 515 185 246 63 245 181 9 506 183 465 66 425 404 272 186 5 85 28 264 492 206 323 315 58 577 132 222 449 129 2 511 593 26 502 535 536 500 575 18 3 71 2 552 331 245 125 419 425 2 370 511 433 452 208 218 346 173 27 518 411 352 159 275 467 542 55 208 11 351 474 469 295 249 584 302 370 365 443 256 584 306 233 25 380 550 283 500 14 369 395 238 74 51 304 469 341 382 510 223 247 537 562 348 522 68 545 445 280 153 238 114 96 182 30 98 280 138 63 72 570 293 58 29 583 17 594 507 268 347 486 547 98 214 493 22 11 481 437 318 325 283 247 137 535 290 213 444 587 327 483 94 556 147 19 499 517 271 519 263 144 556 238 292 575 257 453 232 286 179 72 396 500 21 283 536 399 564 76 584 235 220 260 370 398 395 282 540 34 83 515 414 262 328 315 453 275 265 548 473 230 344 153 227 11 0 18 429 298 259 76 300 55 264 462 90 5 142 188 542 148 352 593 321 129 155 21 39 298 341 343 118 401 244 2 354 69 566 422 435 69 336 267 21 162 107 486 198 83 437 303 343 21 4 535 576 284 323 559 300 134 404 310 33 50 470 567 594 474 176 428 142 427 544 552 195 151 392 166 350 492 351 511 427 196 99 101 212 508 37 588 444 1 149 226 361 52 257 142 99 496 192 572 13 375 206 109 595 338 471 109 26 534 288 243 391 153 581 575 511 172 291 498 435 581 208 465 237 352 70 279 115 332 174 18 111 205 280 138 152 549 296 344 578 584 322 138 305 429 93 371 557 465 169 475 81 98 322 494 24 116 273 248 501 484 159 397 450 371 548 9 83 11 180 28 407 132 549 541 370 555 323 592 527 44 427 584 424 65 402 166 49 68 553 25 214 450 85
533 780
910 673
767 109
273 331
223 484
758 165
812 190
87 464
206 593
812 287
950 157
470 833
498 699
157 226
661 606
476 700
838 288
886 462
802 164
166 661
914 967
746 598
819 590
756 298
148 504
191 557
133 584
902 759
41 923
939 116
601 765
44 762
137 528
632 132
273 690
344 891
907 524
219 97
954 955
325 291
433 44
42 328
396 214
660 481
614 623
298 51
97 393
718 276
801 875
613 718
32 375
399 290
666 787
156 287
766 772
418 686
201 14
987 58
657 442
206 686
654 220
1000 128
841 96
872 792
597 36
506 39
447 795
100 560
456 581
300 99
501 484
7 853
629 339
970 176
587 223
451 238
51 697
459 658
223 845
386 666
110 726
752 418
848 524
356 979
610 132
699 415
518 598
368 321
896 382
654 762
423 486
475 2
612 61
502 270
370 836
500 947
530 361
903 151
66 14
968 846
93 979
428 75
165 259
643 506
85 23
892 819
60 133
693 575
327 604
260 434
721 447
124 462
621 584
778 55
931 59
751 472
527 677
265 257
345 816
734 486
200 533
66 747
523 873
778 273
976 612
103 599
392 812
443 966
776 875
189 74
763 956
560 936
371 601
807 459
953 371
250 699
827 846
146 837
608 289
870 709
63 485
180 619
894 313
868 124
567 388
280 165
737 374
102 537
805 702
548 830
145 759
170 696
529 924
130 85
81 497
177 800
986 738
754 74
469 626
473 762
615 411
126 420
252 555
976 78
850 765
977 213
445 724
663 536
123 376
765 821
559 352
651 104
363 432
89 857
432 398
750 19
624 866
329 89
943 85
893 122
226 671
25 272
906 282
747 676
607 660
734 650
564 36
595 150
639 303
232 545
465 123
215 189
663 331
831 38
645 173
988 397
389 442
534 711
442 164
766 558
24 513
673 258
515 160
684 463
548 285
877 577
381 263
782 461
323 774
979 325
5 682
534 526
100 348
197 210
598 542
959 872
654 948
845 818
247 520
437 750
104 316
832 220
599 572
186 733
108 227
131 60
112 123
54 283
382 29
193 713
201 863
654 377
582 497
920 811
981 304
241 583
571 747
496 360
51 114
715 825
406 62
314 143
35 809
852 744
894 173
296 361
7 788
913 216
233 47
888 860
941 661
773 346
734 113
338 912
779 628
325 419
422 882
74 379
954 409
901 432
360 171
216 559
779 673
213 237
571 543
65 315
369 288
7 547
262 28
202 358
736 49
256 676
999 486
921 306
418 566
192 981
294 731
36 457
419 229
720 796
318 220
688 797
707 546
275 488
933 714
94 924
81 92
165 857
345 584
990 930
147 426
35 431
855 877
756 328
814 737
118 283
343 944
313 585
655 677
175 201
993 185
573 989
874 686
298 759
645 246
998 258
311 647
921 988
233 250
646 834
289 530
360 228
936 850
458 379
912 78
674 934
766 513
58 543
284 233
17 598
824 265
901 241
215 66
459 519
611 960
519 253
33 130
772 374
296 875
24 191
943 556
631 264
707 86
3 928
950 504
134 257
221 964
19 746
434 258
905 486
115 199
675 399
301 175
505 80
536 486
433 458
828 665
524 638
5 74
933 461
352 690
431 904
469 272
954 20
18 469
799 348
276 8
5 299
437 335
519 814
223 775
186 461
480 36
539 168
313 851
827 627
584 662
459 852
366 124
930 599
393 319
35 977
214 142
540 49
476 543
79 529
210 406
675 828
373 145
953 448
115 917
422 292
80 693
688 682
396 595
257 600
731 183
849 306
254 822
893 99
486 865
15 648
631 677
852 953
542 564
625 469
182 302
422 956
690 69
665 656
873 549
913 14
459 556
55 91
386 371
822 986
302 672
203 446
521 284
480 985
689 619
764 656
325 507
814 94
887 660
958 688
813 135
110 819
818 391
445 416
240 193
496 385
865 277
781 800
810 45
338 127
847 73
675 717
958 910
508 842
411 857
64 237
605 192
884 508
748 267
914 404
267 292
172 486
238 928
802 787
350 360
252 314
517 502
901 932
519 133
264 114
245 776
832 890
742 775
409 913
354 659
279 465
366 878
644 985
557 201
44 955
175 443
883 994
853 492
569 902
971 755
442 18
36 671
627 447
973 111
869 601
305 949
223 879
179 413
732 230
874 306
484 783
746 393
603 372
979 25
254 358
998 590
139 323
171 373
133 880
287 788
70 588
416 811
728 252
654 409
342 384
873 403
127 852
545 96
88 804
60 171
12 950
992 441
228 999
388 881
505 12
152 707
314 384
508 234
290 708
160 465
681 771
288 637
854 221
87 895
150 637
400 985
819 824
318 191
411 354
726 617
966 590
20 15
458 932
658 287
866 98
716 718
193 893
710 920
151 120
707 125
838 364
371 798
841 574
907 710
235 813
97 76
498 305
398 955
702 299
339 638
537 737
904 905
178 178
491 57
565 153
871 622
230 722
878 248
78 780
802 535
9 144
165 824
548 678
558 793
843 160
261 960
587 246
850 24
782 600
287 993
914 104
671 27
160 736
880 218
399 167
578 7
850 982
404 104
568 595
192 138
311 796
375 573
357 735
680 908
580 192
517 903
905 639
865 50
780 147
495 640
377 748
369 547
983 371
428 830
682 182
42 789
153 895
494 144
972 528
406 760
661 1000
76 67
243 403
633 910
490 412
479 459
617 223
483 342
951 478
789 915
786 846
399 15
631 735
161 598
948 343
610 686
253 64
799 510
301 300
