600 968 600 875 12
542 556
36 127
33 541
311 460
151 257
308 467
151 502
158 200
50 585
47 359
343 476
321 390
13 157
66 319
234 464
362 533
66 544
8 247
88 323
270 273
61 112
102 396
325 427
399 406
253 298
334 435
27 49
44 502
437 492
139 483
93 236
99 342
573 584
22 391
89 599
80 372
559 578
227 433
20 408
111 482
434 473
338 566
307 585
55 392
456 587
492 531
387 488
477 509
126 229
221 333
275 325
148 299
158 402
161 582
342 505
254 307
20 493
85 413
39 69
220 328
175 487
302 588
95 527
326 543
18 134
103 227
96 518
462 476
144 419
6 276
171 241
13 83
147 402
369 532
69 392
93 144
469 483
223 558
375 518
76 318
34 61
15 552
436 479
235 239
421 511
127 270
432 461
52 211
231 419
406 424
51 424
179 199
47 217
16 157
371 514
133 347
507 540
315 408
331 460
48 531
34 79
153 289
318 486
577 591
42 245
154 467
66 200
157 490
113 352
74 543
279 537
47 462
95 210
43 102
48 445
109 213
471 582
201 511
12 373
70 400
14 65
74 393
48 416
177 558
42 417
88 160
131 414
296 353
118 542
12 202
0 219
271 588
181 333
50 116
53 175
73 381
48 175
0 368
169 368
340 394
159 589
23 122
142 397
7 525
71 109
212 372
4 526
142 414
55 534
34 184
47 563
254 591
86 212
363 436
441 590
326 563
139 469
130 483
212 589
237 535
32 467
43 453
177 299
251 380
201 317
499 591
208 262
21 327
188 527
133 258
62 133
438 565
165 304
236 449
11 240
306 398
76 514
20 93
172 231
528 541
9 27
128 310
557 569
281 291
56 550
402 435
352 540
113 279
218 408
73 595
231 478
21 328
416 445
388 462
104 419
192 379
25 597
307 499
291 475
124 253
164 472
384 549
206 207
39 237
88 466
405 589
204 388
489 550
209 409
48 76
230 538
11 181
149 295
109 309
505 562
313 362
501 590
89 488
5 440
433 471
210 282
12 377
26 428
126 526
23 525
143 520
93 592
226 310
39 535
155 442
179 255
162 381
140 170
180 276
62 538
520 540
218 315
381 439
28 189
26 163
98 353
28 559
468 546
424 448
187 413
370 441
108 567
287 522
186 399
124 450
170 581
22 95
161 553
103 276
527 571
417 579
324 435
6 342
438 475
3 19
268 518
64 326
3 222
101 183
544 598
407 566
37 585
171 302
118 576
19 349
434 563
3 447
194 248
445 458
8 328
290 310
390 456
15 168
270 503
287 512
289 599
157 249
39 387
67 199
11 222
200 398
193 443
313 342
201 373
273 516
354 535
112 553
101 181
86 405
172 383
91 257
403 438
37 499
401 570
7 23
317 356
272 410
230 430
153 387
122 284
210 297
233 287
19 366
185 237
98 442
128 439
100 173
65 555
55 68
318 514
190 317
334 339
112 326
90 538
14 555
31 136
383 448
309 401
11 46
33 528
267 326
237 256
4 160
348 513
344 349
14 80
214 323
355 368
68 597
70 182
193 289
31 211
106 140
256 323
25 123
173 228
110 320
3 183
211 292
109 376
31 377
47 60
312 325
508 553
130 154
135 177
352 507
36 138
243 459
336 536
215 489
340 374
67 255
122 388
303 356
26 413
55 431
289 387
276 342
119 196
18 369
152 455
196 417
8 452
138 209
166 477
78 340
277 563
117 357
244 548
391 444
147 313
371 560
71 503
123 205
282 527
146 371
338 526
323 455
446 594
330 416
210 252
194 412
263 583
119 491
41 229
21 111
94 494
123 130
264 448
113 520
204 380
431 483
29 587
64 239
231 552
286 428
95 202
1 165
354 504
129 146
162 174
55 294
84 199
14 115
386 422
346 434
259 324
156 367
91 489
83 475
123 145
246 573
63 142
82 247
100 559
336 500
156 208
158 339
321 456
71 270
327 580
59 317
215 396
46 453
529 576
562 579
275 595
68 123
257 502
358 578
61 480
52 546
174 282
280 376
92 396
47 596
115 583
425 538
396 413
478 586
297 444
144 236
178 444
127 581
482 484
4 338
224 519
87 509
62 515
323 488
118 507
75 442
318 458
187 389
94 473
164 476
332 525
314 398
270 521
5 468
86 107
281 426
107 492
1 140
131 283
189 559
279 291
6 180
343 462
193 392
2 382
215 457
346 473
208 466
110 245
273 495
203 303
282 300
34 232
33 416
72 246
250 451
130 205
168 552
148 493
344 357
54 346
399 568
42 371
181 404
447 494
188 571
126 474
11 102
270 495
271 536
254 597
137 578
5 188
548 564
338 367
213 225
336 464
193 599
176 439
227 481
189 296
287 411
342 382
63 171
219 357
512 523
52 468
175 482
27 380
305 466
208 305
36 581
56 489
77 303
162 207
265 411
373 547
139 581
458 528
23 284
147 276
121 559
306 425
111 350
512 522
273 309
121 189
305 501
110 391
13 249
192 520
278 331
364 412
123 154
158 481
4 367
170 260
209 410
17 21
224 597
267 420
131 375
155 189
79 161
155 593
103 582
273 401
108 526
75 569
144 168
280 570
381 595
34 553
386 408
132 422
93 148
27 596
335 561
115 267
379 540
229 357
242 331
101 480
61 232
129 318
120 211
59 292
337 354
90 422
288 429
320 385
1 517
138 409
119 372
105 398
424 515
73 128
352 556
87 278
415 538
35 365
34 480
156 262
100 578
28 238
166 458
392 443
161 508
128 532
379 520
164 167
276 582
517 567
216 523
237 323
279 545
374 497
219 286
314 390
124 298
171 414
344 428
38 574
166 541
128 134
177 446
272 409
57 562
265 429
58 563
214 488
339 551
54 575
253 450
182 572
178 391
398 459
264 383
2 74
244 470
129 242
49 263
375 574
40 206
416 487
142 452
88 237
254 451
291 545
78 497
207 381
336 584
121 593
490 520
169 219
66 347
41 165
217 384
59 201
98 159
263 569
225 376
354 469
311 373
19 222
1 581
41 304
35 450
256 488
51 133
164 384
28 107
368 539
542 576
83 316
30 568
357 428
129 477
152 370
121 173
55 224
393 491
132 386
355 526
335 365
164 572
298 345
174 206
91 453
341 349
292 356
396 428
108 304
57 110
140 581
165 510
140 517
294 392
350 559
433 582
312 440
2 491
159 301
346 575
188 468
61 235
227 243
508 543
50 379
88 185
176 444
4 106
327 482
429 529
20 135
37 332
141 204
272 503
223 345
159 372
241 271
26 286
419 449
555 569
195 527
150 323
5 546
494 575
300 440
175 492
500 536
230 347
22 320
502 550
472 572
120 303
115 555
109 472
485 525
238 296
384 462
174 210
57 391
11 453
337 504
106 108
243 481
324 369
22 210
38 375
275 440
161 180
234 283
118 585
151 550
85 92
288 542
150 466
8 220
200 551
445 486
69 387
35 335
516 521
453 513
491 579
182 472
422 538
372 491
3 280
338 539
64 235
35 124
375 414
114 302
171 283
458 486
29 390
24 532
450 530
155 353
39 337
0 293
298 594
201 547
125 561
278 311
5 195
280 349
172 586
104 449
32 499
20 299
97 541
555 583
211 303
548 587
90 264
285 564
165 567
357 474
109 273
216 375
398 544
42 562
75 98
280 309
135 218
85 187
233 274
418 576
165 401
68 224
85 335
106 363
147 533
122 141
164 462
166 191
506 595
361 446
13 143
233 523
323 466
524 546
348 453
284 485
112 543
294 504
22 297
132 408
38 518
116 485
306 538
160 208
281 588
456 564
157 284
12 95
29 386
273 521
273 510
160 479
172 552
5 300
2 180
149 467
88 150
48 487
100 121
213 472
382 579
313 533
190 269
244 446
25 577
198 247
146 245
384 572
55 123
202 385
0 355
21 220
56 457
484 487
18 454
155 255
58 359
267 583
14 543
152 501
190 511
66 551
218 361
332 585
195 282
64 112
36 483
210 527
136 211
374 518
193 387
29 415
180 382
360 421
226 432
378 481
169 266
229 474
45 248
229 401
158 496
5 423
403 565
102 489
130 431
319 347
172 478
233 395
100 228
57 245
99 178
322 409
18 461
444 463
2 579
44 244
194 321
93 493
113 540
24 176
301 372
311 331
514 531
265 465
264 515
116 525
171 498
539 566
70 213
44 365
200 544
185 479
256 387
442 565
30 197
116 192
107 238
13 545
250 329
99 444
17 580
156 160
355 539
0 474
432 551
470 594
105 459
147 463
157 485
378 459
44 470
14 74
66 598
209 295
298 558
258 347
274 518
85 561
272 476
253 530
122 343
482 580
400 549
163 187
247 328
39 256
351 540
51 515
155 179
45 285
198 559
81 578
13 475
10 397
299 493
146 460
261 443
509 547
259 532
146 318
376 400
349 357
304 526
484 554
77 203
582 484 397 35 84 183 347 383 482 154 473 551 352 393 561 72 204 575 486 545 493 52 265 214 424 164 419 538 400 529 17 31 18 468 96 114 594 318 176 253 454 251 375 160 46 189 389 172 536 295 258 380 521 134 29 408 60 99 304 538 49 32 510 578 342 246 79 61 251 305 123 504 19 183 523 327 73 339 113 547 424 202 544 258 272 420 424 240 121 218 529 374 33 595 464 345 251 413 291 586 117 33 327 267 101 116 96 509 234 362 341 184 583 142 289 363 502 359 461 283 64 314 358 369 307 282 162 60 297 518 341 53 284 314 522 246 406 204 34 147 172 572 16 468 163 280 498 94 368 51 501 35 502 330 541 454 336 235 494 511 189 95 121 265 478 439 363 165 575 493 97 91 365 58 493 75 355 74 194 567 309 146 503 463 567 419 307 68 319 415 227 348 286 0 9 86 530 292 241 89 187 480 160 426 522 427 196 472 532 408 414 304 341 226 533 192 414 570 50 142 430 107 387 545 114 394 250 483 469 18 189 579 93 482 44 484 138 572 466 304 268 419 578 541 177 157 295 325 125 288 169 333 250 221 72 17 585 453 462 126 128 369 310 144 195 142 4 499 119 84 0 360 67 334 205 271 20 301 68 94 460 110 211 65 195 590 149 504 537 230 253 210 391 509 415 567 90 401 551 461 462 561 242 440 165 366 371 557 399 349 18 459 280 315 42 236 235 102 548 146 528 579 311 83 430 419 399 527 599 71 594 351 129 494 88 257 469 455 93 459 124 9 374 465 230 527 150 238 170 349 336 481 318 394 155 198 38 288 354 426 5 121 373 409 16 140 597 483 597 469 100 545 329 209 316 83 593 387 96 203 51 263 370 366 445 270 113 180 338 97 371 323 409 110 233 269 424 496 261 488 121 387 99 330 522 105 481 359 483 158 16 554 64 15 63 583 547 88 126 430 525 572 51 57 521 222 57 424 139 376 209 538 362 15 73 282 248 325 148 253 94 71 168 126 155 150 524 44 204 92 440 431 8 202 42 304 521 408 203 569 597 132 401 567 162 436 143 19 556 69 455 131 377 90 430 440 423 419 407 590 271 298 210 109 211 296 208 14 232 13 146 233 300 501 54 274 446 553 569 353 563 105 160 190 147 405 234 494 392 389 55 23 422 505 515 226 301 53 457 453 298 413 498 442 142 70 470 472 481 235 216 308 60 264 236 150 408 33 410 299 364 325 41 481 458 573 482 592 68 186 278 292 416 550 363 217 121 205 569 317 92 548 271 363 569 377 373 457 161 16 199 118 458 13 5 249 310 583 461 131 427 352 400 31 425 581 548 97 19 516 25 290 130 357 435 376 312 439 410 183
384 66
275 237
597 618
489 300
288 116
938 788
662 563
203 493
330 923
414 583
188 986
587 265
821 827
248 659
547 608
895 165
285 603
391 983
889 479
501 222
888 110
428 927
800 725
244 480
825 599
38 443
517 42
365 604
483 821
780 231
979 494
867 873
119 469
650 990
638 442
656 31
210 314
147 533
138 973
103 197
805 685
394 167
678 751
581 207
704 158
683 307
624 272
391 472
601 913
419 654
112 596
966 318
975 872
522 951
543 396
68 334
631 135
727 709
428 537
883 917
391 435
571 437
913 305
288 920
505 454
515 631
873 364
318 759
47 375
74 235
409 365
328 324
112 773
962 653
580 572
471 672
624 880
981 990
3 950
658 473
547 648
323 804
311 879
285 656
354 676
561 75
598 798
770 885
154 97
28 131
870 248
631 203
568 109
900 66
463 359
818 788
117 911
748 995
490 702
708 641
385 802
590 354
537 212
757 509
974 48
754 337
274 144
536 825
319 140
390 291
748 747
451 899
565 498
164 702
294 836
473 580
177 590
423 84
62 592
611 758
971 910
400 776
292 480
90 388
698 69
622 33
373 120
246 294
941 578
679 872
161 358
202 901
867 150
930 341
912 540
838 108
922 878
325 843
219 363
185 294
243 207
293 549
282 970
194 679
949 78
32 406
659 811
771 555
902 16
200 411
118 101
664 197
54 42
43 174
158 414
430 757
209 30
233 619
809 426
557 727
229 79
626 518
901 672
514 7
343 386
324 187
698 939
315 370
923 138
406 26
193 209
255 878
955 197
371 767
889 721
532 886
814 635
804 87
716 679
392 700
634 577
639 318
388 343
549 314
689 452
212 122
935 414
562 20
884 837
446 820
846 992
706 911
141 628
4 226
721 384
902 811
632 718
990 553
408 883
331 707
817 385
829 934
795 814
998 949
340 548
127 362
858 661
900 636
156 53
243 382
826 740
941 902
591 723
412 311
23 102
535 181
144 899
432 416
801 117
454 61
351 944
651 375
528 279
842 24
15 355
442 302
968 457
744 456
356 799
402 133
890 336
966 153
610 457
71 898
177 830
540 433
959 16
149 136
524 774
533 473
580 304
246 850
695 824
756 407
739 145
715 774
83 738
344 879
684 362
219 664
29 578
356 512
859 701
698 28
54 476
379 739
92 149
691 212
962 356
854 577
206 252
1 323
188 61
415 619
916 265
62 791
370 11
456 556
109 983
797 995
305 271
203 803
282 371
371 235
87 930
939 703
699 535
472 473
784 859
193 766
479 242
255 767
854 760
211 848
244 541
697 278
451 23
34 883
65 686
11 182
928 496
251 730
919 971
354 76
107 267
227 451
466 769
774 692
749 38
843 63
899 781
531 697
254 820
958 962
354 163
113 14
823 309
92 512
171 505
423 246
970 528
753 825
983 735
704 572
795 300
811 177
321 615
865 962
647 851
886 391
794 770
730 306
280 321
77 112
833 545
1000 694
522 515
460 936
372 918
3 528
615 958
730 851
184 561
660 341
799 486
609 88
115 852
142 203
293 54
827 455
41 932
432 152
673 596
318 463
473 132
787 24
512 395
928 371
657 238
446 192
479 880
103 661
92 697
466 721
160 238
318 81
883 989
446 119
369 853
409 495
769 949
782 188
750 624
244 162
616 411
679 100
548 241
258 51
330 32
863 542
1 49
643 786
577 687
814 870
79 995
175 912
448 268
834 903
794 366
149 658
330 577
932 649
655 637
914 198
382 379
762 791
842 183
36 205
318 497
631 3
762 304
750 670
45 278
574 636
53 976
10 902
528 137
239 990
808 337
996 376
474 328
399 206
761 480
336 640
630 346
559 778
999 329
196 1
824 144
259 351
257 443
4 812
663 416
529 72
220 925
826 222
577 965
649 694
23 646
999 120
517 562
740 954
854 214
996 768
979 269
808 264
287 759
968 693
498 85
44 719
859 307
131 317
905 416
714 470
456 442
818 519
176 151
530 855
314 678
876 614
927 748
9 10
445 691
4 282
781 650
643 949
770 143
518 319
925 226
999 71
675 3
72 550
329 972
615 244
910 450
25 68
751 265
589 142
665 928
766 377
694 794
856 474
348 436
794 613
168 881
4 765
103 51
177 441
936 837
161 274
737 91
654 505
366 323
482 400
394 96
276 711
317 429
733 890
1000 169
247 131
596 384
790 400
502 925
180 334
492 977
220 593
641 907
546 931
61 149
603 183
199 616
610 685
565 869
871 54
493 353
341 236
774 444
19 985
284 868
131 498
136 826
73 3
669 157
301 341
123 240
675 663
983 621
101 632
602 542
751 913
357 207
813 965
71 844
666 282
603 852
942 283
358 281
296 211
111 949
41 320
180 645
327 292
21 844
115 882
994 829
215 524
323 110
854 790
671 961
15 682
750 4
595 884
887 577
748 590
107 339
169 187
166 794
158 734
879 281
293 12
133 698
706 970
45 665
551 552
842 370
200 719
956 813
782 923
727 205
430 385
635 169
853 435
957 124
613 492
440 1000
488 618
61 625
521 662
792 56
418 845
618 819
585 54
679 701
453 505
694 245
382 652
246 5
292 181
983 432
470 642
450 226
846 845
357 355
149 762
172 944
528 366
14 608
95 437
350 828
646 665
437 970
219 278
701 502
455 612
90 799
135 570
988 217
746 229
273 792
517 742
43 0
90 474
918 42
427 790
763 77
999 665
383 532
0 425
844 340
5 150
