600 1442 600 884 12
95 279
106 182
78 279
324 483
139 244
30 500
222 402
137 229
79 391
143 346
430 449
271 422
179 557
224 297
3 216
25 565
63 509
440 575
508 526
400 528
398 500
307 533
458 478
108 185
222 255
234 253
189 423
271 522
50 104
162 434
2 177
483 577
223 294
20 288
495 599
65 590
50 63
377 467
452 492
141 556
6 506
48 377
88 311
373 487
158 282
341 597
148 488
198 248
69 132
213 298
241 363
384 532
328 401
85 106
106 497
220 430
57 480
40 435
314 423
245 312
384 455
18 138
365 573
283 456
91 236
47 588
120 539
59 581
200 375
26 51
242 548
170 558
412 434
158 359
404 459
301 394
76 583
132 445
12 174
71 524
334 544
200 410
264 514
32 173
165 424
437 579
206 368
336 407
189 314
385 428
38 342
127 569
136 571
197 275
110 389
195 354
114 544
129 484
108 378
382 465
330 481
46 443
47 467
188 560
398 495
110 529
164 323
121 229
492 502
19 512
142 353
31 65
39 549
141 204
335 361
208 590
243 337
258 581
166 538
298 490
119 299
112 365
347 551
95 185
109 302
242 344
35 134
407 582
293 596
34 419
244 283
57 395
69 391
225 296
193 516
29 103
222 335
16 224
302 415
103 352
280 344
323 365
59 269
131 148
36 254
6 35
5 472
109 287
44 254
175 575
205 270
316 391
253 453
42 450
466 584
182 400
95 324
74 541
392 526
154 321
33 415
152 311
362 443
34 501
447 578
315 515
167 414
171 470
257 362
388 572
124 212
219 467
373 472
253 339
38 496
115 451
263 285
26 408
127 182
0 171
236 499
48 467
15 186
185 378
9 534
203 223
82 201
147 283
177 448
14 599
210 266
321 583
137 475
225 543
119 303
432 532
96 261
216 330
45 284
72 482
291 444
298 448
64 215
331 537
213 490
326 384
114 334
298 563
25 82
58 233
90 192
97 191
364 437
58 496
197 315
431 502
32 486
201 543
107 507
152 435
252 293
241 542
46 317
29 310
191 340
6 113
208 546
100 188
289 522
240 345
291 387
351 562
32 234
545 594
70 553
198 524
448 563
1 453
187 295
114 561
8 326
157 353
299 470
303 586
145 173
58 87
188 509
296 587
255 498
496 553
223 267
81 291
280 430
319 495
78 479
301 417
11 466
312 517
196 548
24 415
38 142
78 95
435 523
110 553
328 411
202 236
217 384
215 549
319 599
517 530
376 505
190 363
112 422
2 468
109 136
117 404
356 456
192 562
364 506
73 249
387 396
58 276
269 386
228 539
14 494
367 464
379 395
117 531
419 538
140 171
33 399
207 345
274 509
35 579
17 174
202 439
268 493
194 500
236 366
131 226
200 390
30 41
129 495
150 354
391 540
97 340
207 240
280 417
205 428
243 521
315 408
174 412
198 436
304 590
94 115
135 551
107 343
317 573
352 362
488 507
64 548
281 283
127 461
21 421
178 534
356 433
326 532
8 316
22 235
94 585
327 416
121 331
389 529
184 538
39 64
199 537
395 405
197 586
103 555
324 557
417 570
284 423
276 553
156 333
0 140
256 534
125 249
153 262
337 553
238 504
447 477
371 581
102 571
264 369
7 72
421 488
505 543
277 455
439 477
92 557
75 447
187 559
67 367
379 512
485 542
334 561
313 410
26 294
35 49
439 499
104 208
14 515
366 499
132 217
4 141
4 574
172 458
209 211
3 481
306 408
149 227
370 377
210 409
95 157
2 380
12 412
32 390
278 293
223 292
237 341
407 564
315 599
285 319
300 350
63 232
121 475
68 563
91 202
339 457
416 554
106 266
60 583
45 403
58 108
109 571
22 482
60 321
29 321
238 287
60 76
153 189
363 588
77 123
334 569
404 531
312 406
219 414
146 218
99 128
535 576
245 588
19 223
168 170
107 367
100 492
188 449
131 262
464 546
468 539
51 155
13 224
30 550
81 217
29 135
299 586
84 532
65 318
80 441
570 580
72 220
499 518
23 502
279 378
49 134
167 245
313 339
5 373
29 469
4 230
304 508
107 278
314 510
297 450
239 322
31 526
286 393
278 464
112 522
61 447
367 546
380 452
279 479
227 361
80 205
236 401
187 272
343 507
361 385
219 245
52 149
128 148
459 558
112 573
85 552
93 430
542 588
360 464
74 335
286 517
191 530
454 567
262 448
198 540
22 334
251 569
127 341
126 392
305 480
438 509
244 456
253 332
413 589
118 247
383 478
141 529
146 302
225 376
194 398
61 578
122 477
140 299
378 479
395 480
374 500
322 468
19 379
313 584
33 327
105 427
46 463
226 293
254 297
0 528
255 335
121 537
370 485
70 276
163 449
290 547
148 448
336 582
264 594
176 570
105 364
44 190
22 249
256 501
442 505
49 579
297 429
138 490
75 596
280 564
271 583
272 559
63 212
267 512
55 447
86 145
182 520
152 183
432 455
31 318
437 531
326 445
89 116
433 462
71 324
36 559
150 451
286 523
97 517
30 374
118 301
113 506
177 228
248 575
306 315
39 160
19 395
157 418
276 496
111 147
95 557
150 533
397 489
30 139
111 203
151 265
296 543
66 479
239 468
313 457
504 571
353 568
416 503
102 218
99 488
7 251
93 417
424 562
85 156
24 209
286 355
193 466
321 469
370 514
349 580
66 524
78 324
79 396
74 427
351 426
228 448
23 420
212 232
207 388
48 588
336 451
74 105
371 416
461 597
549 564
19 473
178 568
33 309
69 291
153 226
236 439
117 541
347 540
327 399
529 556
231 331
416 487
273 567
106 528
320 505
52 159
111 484
131 547
463 578
49 590
280 549
258 504
424 494
309 504
73 311
350 596
357 522
147 162
325 565
39 336
217 445
134 546
113 401
516 584
263 345
1 108
55 350
211 472
346 508
50 509
167 406
24 302
264 559
416 489
345 388
452 598
370 471
77 181
158 164
247 536
138 493
88 435
212 509
306 587
17 405
43 282
31 536
216 441
354 592
50 438
321 443
173 331
379 473
169 355
72 430
220 431
108 261
284 403
257 403
393 517
9 53
89 458
471 514
133 433
32 331
143 168
408 587
199 231
352 443
177 308
85 182
168 558
118 124
161 163
6 366
453 527
263 294
42 297
448 519
22 251
100 502
274 488
368 433
136 218
168 361
29 413
293 510
102 136
284 375
124 188
166 454
223 476
536 580
115 533
45 375
110 204
8 132
82 491
355 517
449 502
76 444
13 299
110 337
160 451
143 459
182 446
129 398
77 497
38 110
109 146
103 135
403 555
16 465
339 516
184 501
112 271
153 525
165 351
489 554
261 516
70 475
57 412
228 490
494 562
314 350
259 516
295 325
167 219
68 213
203 476
138 213
47 48
313 403
144 335
186 384
283 398
40 355
32 231
203 294
383 435
28 301
118 212
220 449
28 580
12 162
397 521
6 437
405 476
80 216
38 553
102 480
161 188
168 385
155 265
10 176
109 309
7 372
191 585
123 266
111 388
370 545
303 491
2 128
29 352
98 167
320 442
8 445
73 183
441 481
221 376
115 585
42 465
122 447
76 589
43 411
21 188
40 286
123 409
243 574
74 222
107 290
442 460
203 345
97 98
97 530
232 247
248 540
90 426
57 59
234 410
303 587
61 164
127 544
205 358
106 552
366 401
50 65
368 462
397 554
13 25
201 591
471 485
421 560
316 540
162 412
58 142
196 549
287 571
340 585
22 311
375 423
14 495
89 172
126 349
93 280
461 544
124 161
26 155
129 388
17 57
200 486
222 427
9 178
13 16
120 138
466 516
200 525
135 575
196 344
72 280
260 369
62 590
35 518
146 425
489 567
51 225
87 108
309 581
45 313
15 217
226 252
132 291
38 529
310 551
86 173
26 296
89 383
125 183
158 447
437 590
350 463
391 413
330 441
224 429
88 152
221 265
80 358
92 381
133 368
171 182
451 474
338 508
76 79
234 332
325 591
160 336
141 389
355 530
69 387
195 582
150 474
226 262
514 545
237 470
27 482
381 483
204 389
7 482
98 340
356 397
183 435
175 593
586 587
354 482
383 523
68 200
143 558
47 219
519 525
178 256
60 154
472 567
21 560
11 555
435 478
199 331
407 549
143 205
18 231
519 563
351 424
116 172
116 341
164 359
249 482
108 253
350 443
327 581
58 353
283 374
261 339
262 519
366 518
128 598
69 316
236 328
225 505
7 235
151 155
235 482
129 572
122 360
478 561
379 480
54 566
177 539
89 214
273 489
84 324
67 104
199 351
101 246
0 210
37 327
144 255
59 434
43 91
129 281
510 596
74 558
194 424
176 580
341 461
308 539
46 323
327 371
235 372
320 460
195 482
194 494
92 483
207 285
538 556
266 528
163 188
133 244
10 570
16 297
159 205
354 474
333 497
257 284
94 533
258 305
70 233
490 539
126 358
236 411
187 511
254 450
229 329
468 493
557 568
82 119
17 513
156 239
31 247
189 226
84 436
226 290
6 401
40 307
11 440
99 598
194 550
230 454
90 562
102 379
10 280
259 593
201 505
479 524
215 548
403 584
189 525
505 511
169 585
193 593
326 436
317 422
171 400
121 527
551 575
487 489
244 374
351 537
60 589
114 597
190 523
133 456
85 246
53 557
242 481
70 250
164 357
206 244
166 419
250 475
195 564
82 543
90 268
127 446
55 578
200 563
246 569
66 175
139 206
73 125
424 550
1 527
259 261
230 567
190 393
89 297
293 360
239 246
105 541
275 515
360 546
458 597
147 484
83 364
337 574
207 319
6 364
272 382
275 315
356 386
274 343
404 558
54 146
30 351
338 459
296 491
228 298
488 560
175 440
67 438
150 307
126 580
304 531
237 446
72 431
22 569
22 561
387 595
257 300
343 509
520 569
293 314
90 535
76 595
263 408
203 388
336 549
148 507
10 344
142 256
144 227
13 237
100 449
171 446
142 342
382 565
169 191
176 481
101 569
24 33
57 405
409 576
193 259
84 577
397 574
399 472
351 550
491 543
360 499
460 511
309 327
356 554
187 325
41 537
175 524
73 152
181 497
184 419
128 380
18 68
21 452
85 520
60 469
151 294
356 503
70 527
180 328
155 221
137 329
77 106
56 146
214 523
373 567
37 416
109 415
91 282
23 251
105 437
65 208
43 289
118 161
138 426
63 65
134 518
83 402
0 400
17 203
169 307
131 290
436 532
386 456
187 369
48 370
77 266
142 178
286 435
254 471
114 458
499 546
420 502
27 72
265 460
140 470
196 215
275 409
116 597
444 595
67 107
307 355
141 538
74 170
295 511
161 394
329 368
358 508
147 386
0 275
248 524
257 350
433 521
14 315
21 598
48 485
8 69
216 481
91 411
109 238
269 434
338 346
137 250
153 519
504 581
34 184
333 468
218 425
136 146
129 207
305 571
44 485
270 441
299 303
19 476
12 513
296 303
133 206
475 527
515 576
222 498
34 166
158 439
31 232
8 540
183 307
269 371
321 352
240 388
101 492
159 428
507 547
284 314
272 565
250 337
196 280
300 362
442 511
96 108
306 586
139 329
127 237
162 513
289 357
290 507
402 427
250 462
161 449
267 292
234 457
49 546
469 589
327 472
44 241
217 326
219 588
289 411
362 555
122 499
74 361
482 592
108 453
336 354
52 385
309 415
3 580
164 447
171 237
356 521
480 571
369 559
333 493
200 519
402 506
310 347
426 562
269 503
115 150
59 412
85 239
54 425
410 486
18 199
40 183
249 311
86 332
256 556
4 538
144 149
402 498
69 396
226 314
323 522
281 484
145 527
317 365
494 515
246 520
84 432
254 485
310 391
320 376
126 536
89 523
96 259
66 96
81 132
129 283
179 483
36 514
9 288
82 591
354 582
37 487
384 432
21 492
348 555
156 468
239 492
101 239
252 290
343 438
422 573
454 538
41 121
186 277
514 594
205 346
500 550
192 576
265 376
353 418
71 198
140 197
125 354
121 173
79 595
295 505
387 444
80 270
81 130
304 318
147 456
181 333
120 493
25 591
371 503
1 233
182 569
149 385
149 361
154 583
233 276
239 380
124 509
484 572
508 531
447 596
301 570
381 557
64 160
166 567
41 351
62 531
148 262
206 329
67 343
94 307
89 429
57 174
5 487
342 556
86 453
32 86
297 523
324 436
10 417
191 355
337 462
201 295
243 397
287 504
48 542
7 23
15 277
42 254
103 440
273 373
208 367
394 430
96 378
256 342
70 337
24 399
115 160
11 103
118 232
310 413
59 258
107 464
253 261
8 436
422 583
437 541
185 279
188 492
313 375
431 449
272 325
180 401
143 338
247 301
317 443
151 292
11 584
142 496
65 304
324 479
265 267
87 418
1 58
377 545
36 42
148 177
501 556
462 521
41 229
16 42
14 398
155 225
162 269
312 393
10 242
207 263
221 225
391 396
117 558
46 350
143 385
390 486
273 487
323 357
209 472
172 597
210 528
111 572
180 506
51 296
49 208
258 571
274 560
28 536
181 493
27 195
11 422 249 74 368 410 516 59 533 139 512 286 228 470 214 397 482 393 200 81 220 4 281 420 178 97 285 219 569 196 328 123 43 372 496 531 208 425 419 413 114 148 166 517 75 509 266 117 429 62 225 80 48 357 525 163 474 316 473 55 243 2 143 379 311 325 317 259 34 553 597 355 365 418 46 261 155 103 105 112 101 472 538 333 484 89 268 387 533 105 7 327 79 71 271 16 90 510 162 68 145 392 225 492 324 542 90 353 215 503 365 50 344 269 347 122 478 341 414 398 180 452 135 412 504 371 230 395 336 99 249 103 373 40 380 522 86 83 482 119 158 40 89 15 62 400 90 356 205 188 318 345 271 203 384 61 550 404 495 239 120 87 536 80 545 181 224 289 11 150 244 533 183 131 409 571 169 195 466 572 112 104 457 251 14 484 349 387 119 37 511 420 237 211 78 455 124 487 552 366 350 225 83 346 567 298 42 480 138 227 13 170 441 304 188 130 459 270 436 292 343 146 517 596 137 174 213 84 484 317 330 281 590 211 535 257 449 195 585 41 14 597 299 119 436 488 121 364 458 414 319 82 151 31 209 526 412 259 163 447 575 528 597 123 140 124 301 319 229 294 61 304 354 564 348 4 272 193 59 287 590 258 198 174 524 395 220 238 88 454 455 180 511 288 61 472 178 430 117 55 235 512 548 238 382 220 377 411 325 449 570 125 57 45 151 519 31 271 379 314 240 107 446 495 24 247 268 390 237 368 143 173 330 27 141 591 425 59 255 88 16 194 585 319 51 143 363 278 37 421 376 78 407 450 487 350 226 496 537 143 307 465 417 421 525 284 6 256 102 326 384 71 126 429 329 593 400 447 290 138 467 513 579 1 559 446 450 304 586 143 163 330 499 95 18 309 140 524 68 297 181 25 138 148 320 248 487 146 572 521 504 335 84 414 32 328 243 271 212 49 219 251 427 443 478 57 191 507 76 381 444 116 28 393 488 539 228 528 80 402 356 416 143 64 517 564 172 340 447 108 529 329 37 494 180 341 120 314 201 11 155 156 455 212 250 508 439 12 402 411 146 522 461 178 456 559 374 5 231 547 327 293 282 62 227 258 11 539 142 472 225 326 562 514 443 86 47 524 277 174 277 390 547 294 376 218 294 372 156 353 168 561 289 308 267 283 194 30 413 282 292 384 577 319 504 99 126 541 515 518 136 407 595 570 307 218 433 547 316 287 22 339 395 90 217 581 348 51 259 573 135 163 189 190 283 576 515 340 466 511 503 57 375 366 475 539 240 168 365 80 89 404 451 311 532 389 360 489 235 456 122 471 22 542 211 502 95 484 336 238 347 497 463 135 530 26 384 579 489 416
429 304
788 538
411 509
72 675
930 403
937 265
308 889
206 426
886 901
995 631
81 565
703 780
757 149
345 229
560 288
961 949
301 150
724 114
593 517
698 45
1000 671
339 571
208 347
259 447
976 182
361 181
553 125
145 465
130 621
723 866
681 400
227 726
666 570
943 190
997 470
323 862
265 55
908 250
912 497
26 425
107 260
681 433
294 89
443 977
199 135
636 707
566 867
107 30
154 25
306 805
304 708
522 113
13 901
946 645
999 20
522 814
984 67
790 104
849 558
848 177
687 973
536 889
235 822
266 703
0 463
263 744
827 737
367 733
587 575
837 932
781 463
866 776
167 492
154 322
166 910
468 790
722 997
464 393
890 731
742 936
26 763
920 992
435 149
239 967
937 812
357 394
738 562
822 593
157 261
202 225
569 414
418 949
939 702
126 535
17 240
885 679
782 664
29 164
6 125
402 574
254 533
296 440
825 23
719 832
338 741
238 892
416 410
413 724
778 617
939 105
868 462
687 197
592 957
291 935
245 309
5 300
293 233
186 850
212 658
432 188
517 520
699 471
434 828
500 364
255 627
113 341
126 705
311 322
411 542
647 248
971 999
466 658
892 943
775 317
328 830
757 801
867 54
752 424
560 466
714 369
430 271
924 446
911 542
71 811
48 979
745 518
918 59
721 224
442 620
3 957
84 337
596 81
144 289
519 657
657 938
563 69
406 445
871 632
457 887
17 828
15 377
221 619
776 202
273 582
496 915
635 372
991 399
31 54
95 876
44 228
146 889
392 295
250 239
692 504
754 116
806 759
37 628
455 571
937 594
998 733
303 996
492 394
382 366
108 313
970 459
832 642
985 928
371 56
308 601
519 691
119 135
47 197
546 377
747 697
612 318
112 428
45 529
480 273
863 819
628 464
573 631
434 100
419 921
689 120
890 404
43 793
748 337
596 176
310 745
1000 252
458 327
985 216
268 659
563 540
208 183
23 497
28 676
929 946
912 12
81 0
208 546
554 33
175 964
652 60
301 182
526 82
487 686
46 945
488 566
720 402
920 360
641 507
242 687
822 524
685 630
178 417
388 929
342 273
909 140
327 483
624 161
170 98
17 591
867 355
743 291
59 64
335 429
172 656
830 807
163 362
781 402
254 387
449 718
738 596
228 112
93 992
979 572
626 754
820 124
749 668
398 5
732 640
489 627
571 152
292 22
577 9
441 376
658 20
532 423
814 211
2 792
618 970
365 120
972 332
364 641
507 291
827 492
996 975
411 761
855 694
96 490
683 264
462 946
712 281
596 734
561 196
130 181
893 103
971 658
465 998
418 691
866 992
620 48
444 763
636 111
429 71
503 153
235 153
541 570
435 240
616 801
165 619
985 121
456 212
251 782
819 84
499 232
80 300
466 540
915 174
769 867
181 311
83 92
678 697
529 723
534 262
853 898
597 890
218 753
602 222
496 45
664 910
366 482
530 918
915 762
395 92
929 879
911 213
378 986
750 379
8 711
666 483
678 596
479 459
244 339
119 935
66 398
821 390
121 794
675 664
3 180
303 270
940 531
347 674
42 558
648 143
84 770
806 863
681 831
103 678
560 777
654 417
668 856
894 597
100 370
80 212
800 284
510 971
108 744
485 877
408 812
75 914
647 786
121 91
238 925
557 933
346 915
358 774
783 362
353 6
199 38
862 209
219 398
955 297
693 331
595 666
530 16
188 9
817 687
758 9
356 516
952 727
347 154
171 215
979 870
49 885
808 241
804 981
641 189
892 440
623 561
815 913
156 710
90 120
167 579
736 63
790 932
880 330
626 278
957 218
410 329
312 959
212 982
669 730
163 826
703 90
38 102
75 426
538 212
499 332
618 640
417 1000
783 162
727 896
36 2
956 141
882 239
115 564
852 603
990 436
277 470
370 589
612 924
564 699
600 373
945 28
599 458
213 940
48 840
259 192
161 530
220 473
997 812
806 319
814 182
135 224
880 845
246 857
317 676
413 881
773 768
0 739
472 30
622 843
777 996
916 913
358 346
481 832
523 596
241 563
256 129
16 335
322 543
765 585
961 380
985 899
751 263
655 644
231 266
123 838
493 9
282 299
821 360
560 812
387 791
328 118
734 749
121 3
419 480
691 902
396 237
245 76
981 275
739 35
44 336
741 457
675 78
435 863
204 282
856 733
788 42
7 651
143 413
946 760
683 233
180 59
631 601
913 287
402 602
908 326
525 547
464 151
300 523
507 468
573 364
613 249
884 527
453 425
153 985
373 894
664 315
984 503
252 492
837 228
854 124
467 75
277 964
406 637
168 771
322 641
513 753
445 14
704 1
712 147
227 35
528 311
711 692
59 128
355 857
541 624
326 400
847 327
547 960
164 186
830 776
563 662
186 743
770 495
411 375
902 469
60 166
209 802
933 840
35 278
991 599
520 397
156 679
662 455
967 420
468 506
819 838
194 882
147 63
472 121
278 330
216 1
345 807
437 661
4 542
68 470
626 343
791 828
383 421
839 445
855 262
667 760
949 502
933 673
154 855
307 55
340 602
212 310
598 414
560 599
100 458
378 147
960 2
990 364
909 626
301 353
102 590
856 82
650 219
581 916
894 373
798 790
539 348
998 765
544 838
281 865
123 657
880 177
95 404
649 965
699 735
3 215
465 248
498 193
101 59
712 924
281 782
414 128
140 382
775 712
255 6
766 960
497 778
269 272
377 559
573 224
