600 1199 600 1043 24
107 423
366 508
327 406
73 565
263 439
98 309
277 487
160 175
250 504
235 316
355 449
85 294
215 227
428 564
399 464
176 385
34 309
39 167
188 461
213 227
98 121
208 503
279 487
353 371
157 520
238 321
375 521
194 263
4 26
212 449
99 515
72 227
429 535
262 351
113 185
75 388
410 536
377 505
296 489
316 571
189 421
185 324
134 272
12 41
270 347
291 477
130 511
6 361
292 458
437 566
81 225
219 363
21 290
41 133
198 514
199 248
352 471
493 579
209 481
404 583
75 274
256 575
113 324
8 16
334 492
11 38
533 559
289 498
364 549
258 347
322 543
53 161
37 564
220 574
47 380
228 538
220 503
233 289
201 259
345 540
407 587
85 199
521 555
100 190
290 411
64 495
245 421
522 531
136 433
147 548
184 270
435 474
216 528
91 257
141 410
161 283
7 10
4 532
99 136
82 382
488 545
437 553
76 242
27 515
5 427
433 581
76 177
208 220
368 566
319 502
114 375
153 268
419 569
349 496
92 118
148 521
68 81
30 370
234 410
448 461
160 493
79 331
142 447
54 541
80 561
6 101
461 535
528 567
278 352
245 350
156 559
11 311
285 536
239 432
253 351
197 296
59 107
277 520
197 547
381 393
5 423
76 406
217 593
48 149
74 560
172 550
186 418
204 398
186 362
82 289
130 397
9 179
584 593
196 567
117 216
52 492
444 554
333 471
456 460
40 573
53 588
103 232
471 569
176 261
120 160
339 591
33 258
216 551
46 459
171 472
146 248
101 361
183 464
120 537
136 515
278 380
144 400
230 450
99 581
71 548
143 506
271 562
161 588
68 303
333 393
205 435
127 431
222 348
112 474
217 584
184 203
12 465
96 499
254 402
51 109
190 469
9 596
133 241
199 294
228 562
55 482
116 239
36 133
339 360
45 124
192 558
300 416
270 592
539 599
299 374
19 526
0 284
214 435
203 238
107 313
126 133
80 525
30 384
132 471
227 467
223 468
90 142
61 539
20 173
371 536
36 259
312 382
139 535
267 319
343 566
400 442
175 519
470 510
20 478
284 396
359 436
36 201
279 378
151 582
370 392
351 583
56 331
232 329
108 558
499 595
270 321
145 439
313 423
77 485
85 394
36 453
88 552
145 433
414 425
243 254
330 477
176 407
124 490
223 560
403 529
90 592
145 194
339 479
108 413
69 494
106 428
58 236
116 134
38 51
240 402
325 327
98 170
146 375
440 456
386 597
360 591
102 260
208 358
390 401
293 339
80 400
35 446
226 279
188 378
70 260
274 335
112 305
146 395
195 366
457 501
159 355
583 599
22 362
108 570
478 555
71 339
158 222
44 516
229 320
106 369
326 545
299 565
150 506
238 270
38 109
77 503
251 521
224 355
333 569
356 523
547 576
402 572
49 384
310 330
130 373
59 498
173 281
10 308
60 124
96 397
30 502
287 376
66 306
174 501
240 572
124 226
168 388
125 239
4 172
371 404
106 342
143 587
207 410
137 163
138 182
0 396
494 499
149 550
196 212
308 332
401 526
149 152
521 522
81 442
366 436
255 580
314 561
193 246
125 275
297 331
128 191
154 497
150 435
392 565
139 362
86 255
363 577
22 341
227 249
271 538
17 320
230 557
412 510
178 229
360 406
167 527
89 538
46 465
200 413
496 522
198 300
41 465
69 153
0 500
159 334
146 496
140 323
286 455
495 501
143 407
104 388
163 167
100 101
368 432
44 295
50 356
202 537
16 476
453 459
367 449
139 341
121 170
111 166
65 340
7 408
322 512
68 581
213 429
290 507
183 568
46 222
13 139
165 488
23 468
68 433
110 164
97 195
64 497
244 271
415 589
169 553
91 314
9 592
391 512
392 552
92 393
90 527
363 427
326 488
314 442
14 124
362 418
20 106
379 582
117 472
297 334
111 463
403 452
261 266
269 437
128 467
388 540
188 277
213 249
264 326
319 510
171 528
403 495
176 587
198 259
3 444
244 470
40 452
43 505
14 304
230 337
239 368
45 378
125 134
13 429
262 438
224 537
79 297
538 562
52 334
135 270
578 590
167 447
225 439
238 250
489 544
258 270
356 481
257 317
94 252
137 167
37 168
409 519
56 503
33 542
183 332
153 494
63 340
79 86
318 457
395 555
420 499
171 567
240 243
132 456
245 279
62 198
378 487
221 462
14 490
195 469
26 430
135 361
396 461
373 424
92 569
101 165
169 490
84 364
198 532
147 327
526 530
39 137
200 545
280 581
258 321
63 264
296 447
264 340
345 464
256 576
9 237
141 355
191 454
216 518
292 313
329 343
179 237
197 489
336 398
417 518
343 553
15 354
244 538
111 383
451 570
59 217
215 467
12 252
160 537
18 449
194 439
396 500
367 383
6 570
278 569
205 474
359 366
164 287
74 223
49 412
203 592
51 249
127 178
152 210
149 528
108 455
288 363
1 284
489 547
335 345
154 222
202 212
546 597
234 383
305 596
91 268
44 306
70 102
174 495
105 468
120 247
90 203
44 430
274 557
153 595
10 408
374 565
404 536
374 552
386 497
271 405
62 149
335 557
0 429
219 427
54 264
141 297
201 241
30 390
142 527
74 589
68 315
147 280
19 530
346 366
143 480
69 268
93 321
553 566
206 577
28 400
25 364
218 448
42 287
197 240
126 453
234 484
74 132
436 541
41 87
69 91
147 379
515 518
434 475
453 597
302 525
150 214
106 357
154 457
278 471
276 595
186 291
462 509
109 249
460 565
257 499
66 172
29 218
413 545
397 479
107 498
214 441
335 464
62 550
73 456
275 463
422 463
26 252
209 523
91 499
315 379
5 363
95 230
352 560
71 293
162 585
14 40
6 596
82 357
191 467
188 218
89 113
131 191
333 456
78 256
51 131
217 235
349 444
215 249
261 587
324 586
155 482
356 431
456 471
47 524
19 394
146 199
168 312
531 571
316 349
96 479
132 560
305 441
118 333
70 444
266 587
216 472
451 545
2 239
27 472
103 590
275 484
273 462
228 586
20 555
391 425
358 574
113 508
6 112
12 94
76 511
232 578
322 563
390 526
101 488
173 521
25 72
295 411
33 53
149 210
29 45
192 534
361 596
132 589
173 357
164 405
45 307
87 241
75 313
194 288
204 336
65 156
484 536
324 508
295 516
121 278
317 479
453 546
8 387
45 226
130 491
385 407
225 442
187 562
172 210
188 448
45 553
138 544
101 135
180 340
190 488
41 126
232 262
180 523
558 580
103 578
106 173
67 356
517 566
409 493
93 258
234 367
486 506
445 517
32 589
162 372
170 309
427 594
31 35
52 473
129 389
127 236
56 192
22 372
162 232
210 550
16 387
525 561
344 540
325 598
125 590
157 396
165 451
22 553
129 417
299 381
8 83
35 385
121 223
376 476
69 420
78 123
228 324
16 228
50 89
344 568
178 431
95 409
260 444
456 565
440 589
191 215
179 305
61 583
86 473
142 572
46 158
39 504
26 532
181 182
389 518
360 373
10 156
122 239
7 334
80 144
24 271
236 556
495 512
64 457
324 588
240 296
15 206
323 425
141 285
221 443
327 591
184 238
280 389
358 404
52 86
472 519
391 563
187 476
8 376
33 469
78 138
75 292
243 365
145 303
21 327
77 192
43 364
88 510
83 475
424 479
232 585
447 527
398 455
89 356
101 570
312 357
23 294
73 390
493 519
114 555
318 543
234 463
178 481
19 20
54 488
123 547
67 359
269 529
394 530
47 170
426 491
351 539
114 521
20 369
152 417
486 587
339 373
450 594
254 365
351 438
274 388
88 244
150 454
200 326
27 95
232 438
236 401
299 460
122 211
243 547
163 181
152 389
287 569
50 346
24 381
313 382
145 282
53 475
140 421
81 151
37 556
224 449
276 499
280 598
119 362
119 372
65 559
91 420
592 596
39 238
63 326
222 497
131 435
4 430
42 405
337 409
114 395
94 462
45 218
390 456
301 364
81 314
131 454
275 422
225 303
313 498
473 558
230 409
239 517
36 546
81 582
323 513
296 572
233 357
46 509
83 434
23 85
262 585
287 419
284 505
35 243
380 569
407 480
253 262
405 562
10 334
13 213
42 164
57 568
411 507
238 504
253 585
56 534
181 250
447 572
51 286
104 168
199 394
32 338
411 516
249 311
93 434
123 489
195 283
427 450
265 320
132 440
158 462
207 234
396 520
261 365
99 280
54 326
500 535
25 43
208 574
482 573
205 570
149 216
34 524
82 312
343 368
183 308
276 426
97 366
351 574
223 298
13 186
285 353
119 418
221 273
472 551
108 451
50 113
193 250
37 540
386 466
514 567
115 210
28 263
323 443
247 579
134 166
355 367
359 541
291 418
438 539
284 364
275 590
11 220
221 318
340 533
339 424
23 338
210 389
104 382
247 337
40 60
79 580
427 458
52 79
92 110
338 589
308 408
282 594
271 374
263 442
246 250
358 583
219 288
159 224
389 598
432 566
461 500
294 468
533 568
207 355
177 411
211 546
55 189
173 289
175 472
167 489
7 159
79 334
395 478
172 507
316 444
111 416
318 322
44 252
161 542
174 457
220 477
531 584
190 195
243 576
13 330
247 408
77 336
155 350
96 317
428 556
180 264
82 313
121 352
188 307
574 583
513 563
56 404
349 531
274 458
31 446
329 368
357 428
60 573
31 480
49 370
268 314
14 60
53 93
475 586
24 299
283 542
342 369
11 477
173 233
461 520
237 441
97 488
248 478
112 205
279 350
116 125
58 431
507 516
124 155
390 415
7 120
53 542
28 194
23 298
332 408
206 354
21 507
27 483
41 241
245 482
285 410
138 163
22 119
192 485
149 417
55 425
61 536
17 340
267 431
48 514
506 587
445 597
420 494
84 549
336 503
21 325
179 441
247 335
148 289
482 512
211 272
34 105
266 486
38 204
340 473
111 196
54 97
267 356
97 190
375 395
258 469
92 381
437 529
319 431
17 523
265 344
185 228
166 422
11 109
319 412
291 330
64 386
1 43
46 348
137 250
307 378
89 470
154 221
360 511
401 502
60 155
432 517
195 542
339 548
443 543
534 558
534 580
88 412
393 460
311 477
39 203
78 575
457 497
251 555
168 382
8 475
466 497
173 251
247 557
372 553
484 590
236 431
120 579
237 572
180 359
72 549
111 567
443 563
82 233
71 379
528 551
303 433
265 540
175 493
50 359
221 543
48 528
351 599
111 198
463 484
167 296
67 523
452 529
25 549
32 394
126 459
272 416
210 507
150 486
235 571
196 383
498 593
101 190
129 518
347 469
23 223
431 481
265 568
132 352
469 542
281 555
231 571
187 405
25 227
412 552
346 508
75 458
140 414
87 201
47 278
119 585
112 435
75 104
253 418
297 355
21 598
183 559
328 468
217 571
123 339 293 538 73 256 571 302 532 591 502 173 14 147 524 580 0 220 35 321 172 516 0 195 583 195 348 508 80 49 285 386 208 45 47 441 466 221 327 416 64 247 205 287 139 340 386 434 41 421 565 112 339 111 29 462 112 413 7 133 595 549 264 371 438 93 395 247 394 468 225 45 20 215 32 50 589 241 368 58 127 531 30 412 417 51 556 575 192 126 195 374 66 557 176 225 344 337 395 154 82 106 145 307 379 95 527 174 245 473 332 266 312 200 376 99 421 66 407 25 221 486 537 104 578 113 452 486 553 490 550 447 573 503 419 111 60 433 147 486 272 62 460 447 266 365 241 188 559 591 284 450 30 83 173 474 18 259 34 319 424 178 128 155 463 367 45 583 344 573 375 283 494 93 307 318 373 497 12 385 144 98 539 40 372 393 238 89 289 332 192 594 471 434 508 519 585 314 275 388 418 237 234 130 171 274 27 178 457 424 80 313 112 300 564 590 439 270 428 230 443 74 41 334 31 259 86 496 539 241 142 144 467 20 272 473 14 533 231 180 546 319 337 62 71 67 528 228 219 207 550 168 342 531 537 271 571 123 20 556 377 494 357 416 489 175 383 529 193 86 409 22 511 143 172 416 381 297 3 562 142 22 377 206 555 561 295 383 156 72 341 567 390 17 489 19 173 324 189 143 51 152 418 384 79 47 545 563 334 511 98 87 533 466 225 272 63 466 180 119 366 85 381 143 599 144 471 118 284 70 151 222 587 206 506 523 398 371 581 395 521 478 193 12 487 543 78 261 242 574 243 56 442 211 246 375 288 160 359 327 19 530 594 300 449 103 332 546 450 91 361 119 299 320 101 32 588 567 534 261 541 135 571 142 357 126 573 482 554 69 294 189 444 554 246 128 137 387 28 578 158 56 291 141 167 11 44 117 218 548 319 43 562 281 406 226 9 457 46 559 298 50 393 124 32 157 504 590 391 375 159 30 188 336 486 452 525 398 172 60 419 434 208 393 373 224 319 434 47 91 524 117 418 314 355 328 248 227 566 464 489 593 330 458 395 382 415 440 95 49 193 595 424 346 137 512 68 28 332 312 552 388 181 112 88 270 304 234 54 330 534 92 32 427 159 112 592 153 123 331 548 487 299 361 100 224 421 544 273 323 518 454 526 277 370 35 292 559 210 102 471 549 555 450 388 3 261 451 110 43 593 352 9 72 182 437 458 56 554 499 174 579 312 169 109 330 346 560 248 58 81 17 126 174 371 384 71 44 95 192 499 494 462 488 487 580 594 517 581 110 262 83 180 60 485 73 502 226 257 527 511 405 563 220 236 75 118 241 46 207 465 84 34 149 184 274 402 318 163 233
905 470
945 528
706 268
73 411
469 60
175 418
715 741
470 442
464 988
759 827
461 495
777 525
564 40
846 457
890 223
113 390
445 945
439 616
492 321
142 711
127 673
301 100
847 349
61 816
329 906
941 592
508 75
334 279
148 322
892 321
236 765
990 737
145 754
592 884
11 956
947 776
617 147
254 628
748 554
744 910
868 196
586 81
329 975
916 537
426 12
934 284
646 49
89 982
449 207
297 807
442 750
804 605
517 549
560 897
557 690
907 62
640 472
417 557
272 712
139 461
904 169
645 406
441 178
536 620
749 162
490 596
415 60
460 690
220 218
32 167
0 415
182 128
950 617
224 809
102 834
242 494
259 27
677 549
886 986
559 505
68 279
129 204
174 555
533 962
970 571
72 770
575 547
548 68
347 823
416 753
745 851
97 163
242 963
619 918
576 14
312 367
78 41
563 744
43 927
296 208
632 785
669 760
14 317
674 324
236 533
13 908
175 653
174 491
679 675
802 558
296 955
547 254
745 720
455 803
57 614
339 105
649 219
364 276
209 970
813 346
426 418
91 904
679 192
965 943
943 231
645 265
636 107
295 657
931 638
347 180
132 3
799 658
135 831
605 121
611 219
664 788
289 236
736 963
852 975
860 426
999 5
547 399
790 846
895 667
49 318
232 329
12 650
243 167
92 559
414 181
782 693
166 184
383 155
11 78
753 56
943 180
484 542
997 462
673 45
500 427
419 380
551 858
766 320
835 948
335 943
625 717
588 238
789 918
255 577
862 263
104 949
425 311
416 105
120 587
770 142
400 338
919 737
282 11
357 660
794 779
491 709
761 1000
827 990
409 529
698 863
449 833
822 422
378 947
956 337
955 72
591 770
841 637
662 522
595 950
180 312
565 803
502 281
933 872
480 150
55 734
595 658
517 110
435 347
729 877
749 595
707 684
126 352
543 371
718 489
400 640
382 117
625 189
466 329
874 524
782 719
860 589
393 240
110 484
925 313
207 361
744 487
786 22
699 54
62 846
482 400
168 248
982 251
910 570
436 892
314 618
303 392
57 513
734 337
148 569
562 334
84 437
288 685
805 809
699 912
709 230
876 851
568 125
231 30
964 838
376 837
975 110
640 961
369 442
59 687
832 565
701 980
97 613
531 5
752 402
895 813
590 576
978 999
111 106
632 875
506 145
18 379
915 770
746 364
151 285
524 670
327 591
863 768
353 726
11 195
786 216
660 869
360 874
596 188
734 29
276 441
615 276
47 43
982 381
131 940
981 206
293 178
112 639
281 343
516 823
964 498
579 410
745 642
306 994
173 346
126 550
298 50
764 452
209 468
153 120
23 787
352 15
872 880
539 440
95 808
276 887
524 174
999 539
23 235
219 254
843 231
769 745
442 39
965 288
429 505
58 958
827 478
819 522
183 587
186 517
72 224
200 177
38 476
79 73
790 53
324 751
380 619
652 906
848 51
965 1
445 864
268 150
569 657
254 119
28 885
741 308
793 457
607 494
394 472
191 919
506 488
326 471
719 567
358 396
109 782
186 88
509 615
883 377
202 684
768 290
325 561
311 515
489 777
645 822
681 77
4 456
975 175
720 391
132 891
586 445
82 347
511 385
412 716
172 614
685 454
486 742
211 57
699 775
837 393
173 383
972 539
928 806
538 758
534 334
731 279
171 701
257 829
622 422
812 317
173 49
308 870
17 616
350 992
899 496
991 289
176 155
126 973
269 928
211 557
526 304
287 773
952 731
698 131
477 961
277 520
354 154
205 789
878 75
284 852
233 938
115 726
45 654
955 437
132 36
695 619
351 535
111 287
244 716
859 816
834 162
647 433
354 924
271 72
934 709
423 465
343 366
584 380
327 51
325 789
630 658
952 40
174 795
561 217
382 203
808 400
271 971
56 148
992 81
577 276
165 460
159 71
923 33
21 26
214 411
201 654
885 443
493 16
320 705
735 221
265 250
562 941
761 665
526 729
818 239
702 356
207 282
166 826
826 769
120 248
858 4
45 412
699 164
991 766
822 886
926 348
518 359
274 411
658 696
838 196
662 127
849 662
698 651
218 841
756 103
224 441
649 82
215 882
956 399
686 6
567 308
338 511
593 41
682 104
885 601
9 818
614 826
385 807
159 916
385 292
534 581
736 683
491 939
377 979
783 495
85 701
133 72
958 688
403 682
915 122
279 301
606 352
682 575
846 745
998 320
589 724
897 918
888 259
98 9
512 522
392 380
41 126
802 140
14 542
721 92
139 493
51 74
912 431
801 106
287 747
710 520
704 943
925 510
848 702
348 77
511 797
638 12
367 753
201 15
846 99
920 4
475 212
330 242
391 25
757 201
325 197
343 335
993 425
63 579
47 547
438 676
39 989
8 273
191 722
770 899
434 240
788 185
161 729
31 516
482 119
463 584
635 524
912 402
615 381
455 393
417 874
663 375
281 566
521 699
565 836
818 21
872 951
619 682
652 179
938 898
213 114
978 599
441 127
397 268
319 824
818 288
58 358
73 635
244 658
320 422
588 603
446 562
108 873
52 241
398 896
875 31
207 622
250 856
778 256
471 239
382 564
214 998
694 712
73 491
817 839
876 163
719 450
944 974
982 917
145 377
676 269
391 410
603 542
257 222
147 162
686 426
80 526
782 350
482 895
879 736
517 857
138 805
633 312
232 76
712 836
117 522
241 378
0 47
745 791
669 159
301 133
680 395
