600 1631 600 1181 4
346 515
12 443
418 474
566 582
159 164
36 326
203 277
142 534
427 477
546 573
168 271
163 538
182 551
78 99
283 348
69 326
145 265
102 411
56 121
156 169
131 585
500 574
144 186
317 555
74 212
211 288
449 547
352 399
19 597
428 599
425 473
134 191
66 194
351 536
88 182
284 427
433 508
370 478
353 576
168 427
180 418
110 430
173 583
77 446
128 132
43 181
26 422
369 521
13 195
109 317
93 249
105 559
109 226
32 523
71 599
181 463
249 510
306 456
89 500
391 479
455 494
184 332
315 422
256 295
60 351
112 248
135 259
480 576
343 398
45 431
262 578
326 386
5 519
161 465
204 433
186 402
206 309
216 230
146 180
179 251
44 461
215 430
90 579
379 474
284 477
307 521
484 500
260 548
70 448
403 569
75 579
245 293
278 467
360 526
140 596
0 336
505 587
104 542
233 494
96 278
226 555
346 583
77 524
310 346
5 23
154 407
300 349
72 361
407 424
516 562
445 483
106 296
136 354
421 512
515 593
134 389
31 95
401 530
378 552
233 455
78 202
56 584
178 399
127 481
329 371
225 406
233 526
156 228
144 402
346 415
188 348
149 434
0 592
202 503
118 340
20 381
121 254
131 152
39 558
269 511
29 79
276 306
46 70
1 529
95 117
33 150
140 231
336 554
314 315
29 114
227 361
255 590
380 550
137 558
61 364
140 518
81 481
154 564
62 201
148 428
168 184
345 511
123 333
51 498
318 352
464 548
58 329
322 448
0 3
301 562
60 470
315 324
48 101
155 387
85 423
105 357
190 527
88 324
441 529
89 574
33 353
322 589
220 570
39 137
296 379
56 254
71 547
176 581
548 566
14 298
28 114
304 430
276 470
420 552
50 132
182 394
390 484
203 214
369 409
288 319
187 336
117 375
187 263
14 210
20 197
391 402
453 502
195 398
349 586
177 436
368 469
75 410
6 545
46 178
244 570
12 451
50 302
67 414
420 559
194 416
397 546
132 586
76 147
445 517
483 517
34 295
568 585
97 500
337 428
216 244
255 379
142 450
146 488
272 325
131 568
213 378
355 569
9 270
19 421
117 429
204 466
113 387
393 533
131 239
120 134
59 458
227 390
52 295
377 499
454 515
136 452
231 412
436 542
58 583
566 577
124 515
407 488
45 137
19 375
171 300
354 451
46 538
289 458
150 388
92 305
458 530
220 251
243 465
191 513
242 332
80 385
111 310
202 551
21 535
129 375
12 90
338 484
27 217
127 234
108 504
26 314
53 543
189 496
11 255
107 556
123 282
113 291
225 517
212 558
531 537
221 243
156 373
486 598
21 572
129 169
63 419
36 561
68 75
208 464
159 446
22 574
242 477
468 565
139 467
274 300
112 511
476 477
58 335
123 365
359 385
310 415
109 345
403 418
62 373
28 447
180 303
63 106
293 533
308 462
63 493
47 168
106 493
128 525
118 510
152 184
115 195
221 539
16 461
98 137
100 199
408 546
36 434
60 536
107 334
130 442
43 176
442 479
382 521
11 474
539 554
1 290
303 514
456 549
91 551
174 289
154 253
160 484
175 542
71 84
222 487
4 582
160 500
97 374
235 550
286 289
148 337
36 149
204 224
33 166
23 53
70 408
249 340
308 447
20 331
32 309
34 414
77 489
283 578
50 552
18 75
253 564
189 399
74 459
52 305
165 208
22 97
88 394
440 544
227 496
422 524
18 237
22 508
16 451
408 589
398 585
198 529
9 388
134 301
103 350
403 520
92 140
306 339
4 208
181 581
222 560
329 335
439 572
69 401
115 398
130 502
55 93
14 545
347 370
57 302
257 461
57 491
179 276
69 210
47 271
18 579
18 127
454 476
120 389
32 384
180 444
32 188
21 41
78 395
145 239
121 542
414 583
170 554
550 573
84 337
56 104
386 438
231 596
73 480
269 317
146 444
146 189
145 236
272 415
408 573
301 389
101 191
306 393
232 392
227 253
542 565
211 319
302 552
185 588
224 466
147 568
67 486
452 483
65 223
119 569
383 445
144 535
157 503
342 348
489 524
357 420
293 432
126 489
112 345
317 345
168 435
240 365
132 501
153 166
180 189
41 502
260 464
110 121
9 193
440 585
384 523
174 594
96 284
441 475
77 580
320 595
103 521
1 55
31 58
39 158
30 420
255 424
322 514
316 396
417 465
307 369
22 466
5 351
384 396
102 569
294 372
147 265
51 579
104 376
28 308
62 566
124 377
33 388
237 445
39 241
49 416
379 590
125 219
225 596
324 553
158 357
20 291
131 265
188 213
333 537
312 484
270 382
439 590
380 400
124 469
405 455
462 584
17 110
447 584
151 160
122 165
53 391
457 576
437 451
78 267
210 545
358 386
64 548
68 192
151 390
28 79
2 262
125 165
85 294
136 483
41 535
17 565
60 549
199 320
207 412
83 538
76 440
390 492
36 210
159 222
226 437
62 548
110 215
368 385
195 343
428 475
76 544
372 457
4 464
247 297
244 251
335 583
141 491
331 467
135 311
129 570
363 592
207 596
179 339
120 575
64 567
54 248
230 506
131 147
359 368
118 259
21 522
327 453
53 402
473 500
41 453
88 328
372 480
417 436
299 305
163 455
424 444
115 544
87 554
266 291
26 159
74 137
52 256
217 247
186 522
1 263
108 546
285 336
54 360
81 334
178 352
72 227
14 263
309 485
570 597
12 507
168 284
97 574
91 182
406 518
102 119
206 523
268 438
125 260
310 515
23 258
312 500
109 250
312 473
86 463
330 546
66 459
93 510
208 387
469 515
518 596
13 78
220 244
110 542
143 227
264 400
25 218
514 589
49 286
84 190
442 456
116 141
291 392
87 509
77 499
176 541
2 283
292 541
221 554
69 557
15 504
308 584
365 531
175 436
300 525
103 382
31 219
30 282
24 575
32 378
317 461
361 496
134 218
101 528
302 348
487 503
110 565
418 569
97 473
204 508
404 521
169 201
290 356
502 535
258 456
350 521
251 393
446 560
279 524
379 520
27 162
351 549
6 298
236 503
5 68
192 410
588 591
323 566
393 516
333 531
155 571
149 294
109 112
485 523
31 329
124 499
442 516
275 457
171 307
485 490
333 587
189 303
203 321
419 493
161 468
54 112
211 325
207 225
6 297
170 229
430 468
180 504
64 260
165 260
68 536
113 392
374 433
133 318
250 405
250 360
241 378
499 560
470 536
108 330
48 513
158 420
274 385
177 539
417 468
216 228
8 554
271 435
79 114
335 415
385 469
3 263
107 364
200 406
222 503
301 502
87 162
91 394
374 425
23 549
46 448
288 325
52 486
374 508
273 353
155 582
293 575
133 473
318 399
157 202
191 218
1 441
210 356
311 475
310 454
106 543
59 401
399 496
297 509
162 243
191 344
282 587
203 261
185 214
5 192
104 447
174 212
498 563
221 465
119 355
559 587
217 471
257 354
375 429
194 286
52 598
67 200
446 499
171 409
402 522
253 492
234 383
390 564
11 424
29 56
149 423
306 442
139 246
177 221
196 289
57 141
30 365
132 525
216 245
20 139
372 561
276 334
448 540
45 98
171 369
472 519
100 377
372 471
340 341
430 511
302 578
246 381
25 176
58 172
374 473
10 341
35 313
82 277
43 292
104 175
169 228
211 266
176 185
314 324
471 497
61 421
248 430
42 592
198 263
63 572
225 518
249 458
12 354
80 141
135 475
520 543
276 456
62 261
111 454
226 507
200 404
122 208
138 342
24 245
312 338
207 231
402 419
133 312
50 501
127 207
268 326
341 416
21 186
167 522
358 438
336 592
457 497
205 252
438 587
575 591
391 442
164 551
1 495
270 273
255 474
52 299
348 578
214 228
271 278
342 384
111 476
16 317
28 433
36 69
74 183
109 563
397 400
109 555
203 287
326 401
137 241
250 526
268 532
178 448
216 570
99 395
194 252
258 549
35 305
83 163
38 468
192 519
181 541
158 378
89 97
104 584
42 148
158 241
62 577
23 351
129 201
222 595
248 526
383 517
81 127
94 119
174 459
44 576
320 477
145 503
299 313
65 591
29 254
135 599
138 283
334 364
173 307
82 450
220 597
103 136
27 468
38 565
473 538
524 580
277 321
231 305
274 359
238 242
347 558
218 588
157 159
82 541
59 196
49 194
111 288
164 202
7 130
4 571
141 578
35 107
377 476
82 181
13 236
18 234
108 589
446 580
6 509
51 264
278 284
339 393
431 490
48 528
263 298
259 599
105 420
51 75
1 198
9 501
400 573
296 520
532 558
40 414
386 561
367 387
118 135
200 598
105 505
135 495
251 421
35 412
534 577
131 184
83 433
28 462
193 388
410 519
304 471
279 422
70 163
254 494
215 526
235 405
20 266
175 376
62 534
26 580
18 81
436 565
277 450
240 501
441 495
72 154
273 576
82 482
157 164
196 532
275 497
258 442
318 473
225 350
205 341
25 185
55 557
5 53
137 212
24 506
467 476
293 516
218 223
269 345
40 67
201 219
145 242
82 321
91 202
58 95
195 265
423 434
370 505
195 236
313 421
425 433
48 581
113 197
283 342
212 459
90 498
268 505
282 559
95 172
116 262
365 552
29 83
137 183
336 363
463 482
212 594
117 219
232 387
455 526
269 497
15 411
260 567
285 554
56 542
73 561
478 505
68 460
84 547
86 581
173 359
354 483
437 507
106 439
114 462
474 520
18 536
98 183
331 476
69 356
54 109
155 197
245 393
411 519
119 543
3 187
16 257
169 373
70 589
134 344
153 537
272 371
304 468
166 531
502 562
419 522
173 593
27 509
283 324
214 230
464 566
277 534
362 550
413 569
256 299
36 386
293 562
40 173
225 383
229 554
95 429
46 473
334 470
316 328
108 411
45 241
432 516
124 385
177 376
148 592
17 468
252 449
9 586
322 540
11 418
232 367
124 126
90 507
235 362
18 68
31 125
558 594
240 552
9 132
504 569
332 427
57 578
27 161
70 235
245 533
94 472
176 214
178 540
497 511
424 488
211 392
132 349
32 241
389 562
275 576
56 462
323 450
349 525
85 149
412 556
380 573
303 399
367 371
396 523
426 585
84 599
299 429
50 57
252 459
207 556
105 347
208 281
347 357
13 99
327 502
351 460
116 578
59 268
188 342
388 501
397 573
237 579
190 547
93 495
305 412
410 411
248 360
173 346
249 289
225 234
398 440
109 550
311 599
516 533
230 591
238 595
232 371
199 499
130 516
59 532
288 415
218 591
548 567
282 420
409 586
348 378
258 391
207 234
92 598
42 441
112 430
117 201
145 487
350 452
184 427
108 408
377 454
123 531
280 319
77 126
303 322
154 361
220 421
315 553
155 566
88 396
429 512
122 387
1 14
120 223
296 543
5 472
119 472
141 489
63 167
262 553
335 346
102 472
25 588
102 413
66 174
376 539
92 518
67 404
150 365
370 532
136 270
214 541
163 494
40 307
94 543
10 289
218 513
9 369
118 341
399 540
146 496
35 421
83 494
12 445
157 222
265 544
560 595
270 369
205 416
122 367
178 318
31 165
172 429
355 403
285 363
227 484
338 399
235 408
237 383
202 267
28 204
152 168
37 490
333 480
148 527
368 515
224 447
36 545
100 476
15 108
301 344
27 297
151 564
183 431
159 580
529 592
62 277
113 155
43 541
288 310
76 585
425 538
492 564
93 557
127 556
211 232
296 439
481 556
200 518
294 561
268 370
126 385
90 226
475 495
221 229
177 417
44 275
461 497
572 590
193 270
73 358
101 581
205 449
116 524
87 229
333 438
550 563
186 535
35 61
142 277
15 413
146 361
95 219
118 205
444 488
136 257
300 409
269 461
235 250
372 423
42 428
83 425
109 360
358 561
30 552
330 397
463 581
111 280
80 300
287 373
245 251
236 265
380 498
252 416
211 280
283 553
174 286
196 594
34 583
179 421
173 414
14 290
91 267
80 491
298 509
375 597
144 479
203 541
117 129
170 221
264 498
495 510
144 391
46 163
369 382
24 216
75 264
153 576
314 422
19 220
261 277
232 325
185 591
76 568
27 304
70 455
253 390
301 327
70 405
30 123
513 528
39 357
33 193
91 328
8 363
156 214
138 396
275 461
72 253
201 548
92 231
320 499
261 287
343 395
138 384
194 459
191 528
332 477
129 597
55 290
35 299
64 201
47 246
177 465
205 547
422 580
176 292
136 382
303 504
139 381
79 83
75 400
239 265
62 169
276 364
99 195
128 491
421 429
337 599
518 598
6 14
147 544
268 478
166 537
27 247
10 249
44 273
185 230
451 555
162 465
385 489
43 581
111 331
7 502
245 575
4 155
311 428
437 443
233 254
167 572
124 454
450 482
346 593
150 531
106 572
10 416
80 525
115 440
493 543
217 372
173 368
53 258
40 404
200 521
84 527
164 314
28 224
188 378
80 274
37 267
17 430
326 438
296 590
34 67
217 423
276 339
187 298
143 496
4 281
116 279
213 348
139 331
281 571
223 591
8 539
222 238
47 435
0 198
7 479
246 278
328 394
120 293
69 530
59 530
10 286
206 485
299 421
431 485
228 230
100 320
79 433
32 206
357 558
480 537
86 101
466 574
217 304
99 343
8 285
68 410
14 356
138 324
239 242
208 260
164 182
90 237
242 320
32 45
229 243
238 487
52 92
458 557
323 577
172 299
61 107
88 316
335 371
9 409
460 536
259 547
65 575
35 556
422 553
45 309
48 218
333 358
150 240
257 270
130 479
56 114
145 238
355 520
250 550
171 359
47 381
378 420
205 259
297 423
270 353
303 540
37 523
395 398
316 523
215 248
190 449
209 477
368 593
81 107
182 324
268 401
13 503
443 507
156 287
261 373
2 553
149 561
121 526
387 571
90 563
21 167
90 445
160 574
31 122
504 514
38 417
162 229
289 594
3 336
295 486
10 340
366 574
136 350
330 411
228 570
85 372
135 510
10 49
362 573
209 284
418 504
239 332
8 376
246 467
223 575
150 166
50 240
225 452
448 589
172 583
282 333
153 353
5 460
96 476
271 284
150 501
6 434
470 549
119 520
262 422
214 287
266 392
197 381
98 431
55 69
121 215
309 431
278 476
246 271
37 91
320 560
372 576
200 486
256 583
116 422
491 525
199 377
97 508
456 470
171 173
161 417
16 354
179 393
403 474
69 290
340 510
126 499
434 545
464 582
234 237
362 408
0 529
97 366
418 444
216 506
71 259
37 485
42 475
323 534
424 590
161 162
437 555
264 380
51 90
53 472
159 560
195 544
11 444
347 532
361 407
411 413
175 177
532 594
81 556
179 364
530 557
393 442
295 583
297 434
312 399
26 164
100 477
249 557
104 421 335 84 220 103 482 85 493 126 271 58 364 594 51 381 110 553 108 105 301 294 113 440 356 336 579 461 53 584 447 396 246 107 587 513 286 220 582 514 81 228 261 141 463 482 526 413 79 258 224 267 371 38 464 296 227 570 32 66 40 456 589 543 434 559 46 486 549 213 167 109 450 114 209 340 395 61 574 503 71 393 386 186 139 497 108 156 224 565 534 356 160 587 598 253 349 115 177 349 92 257 381 393 334 474 388 445 127 86 240 466 8 217 374 234 552 514 557 344 498 339 304 268 576 468 531 93 301 577 467 599 548 290 571 207 82 180 80 238 568 564 583 247 234 158 412 264 38 472 575 71 312 62 382 326 154 236 562 268 119 71 193 148 231 377 416 67 435 201 502 282 250 201 118 295 502 540 262 150 217 546 0 144 357 212 16 3 370 572 40 542 301 258 561 275 523 43 67 143 78 383 210 249 396 298 406 516 223 17 5 169 165 477 246 290 321 282 514 324 229 541 566 49 398 304 186 466 106 562 30 439 585 347 517 183 516 328 554 479 579 574 71 220 558 247 509 266 119 494 275 113 562 580 160 478 490 193 110 226 516 106 404 577 581 382 159 172 454 249 305 453 597 478 363 278 438 490 250 30 186 383 159 174 212 84 320 480 316 251 301 6 550 99 342 204 383 258 575 433 68 218 298 58 282 293 339 203 368 316 74 381 466 480 523 305 484 94 344 377 429 304 168 201 585 242 146 501 438 572 544 555 443 540 368 182 207 425 134 514 504 316 225 434 548 412 68 423 46 312 478 228 457 191 150 270 289 203 471 94 306 276 382 178 137 321 391 599 256 545 151 529 202 191 445 567 496 188 369 374 36 38 568 265 276 436 520 34 375 556 578 272 435 241 154 232 569 275 27 525 567 383 29 582 301 227 145 153 208 198 164 215 410 558 429 522 165 66 328 400 13 467 406 181 211 593 321 252 295 523 518 109 367 241 14 23 288 150 337 442 70 148 301 244 84 68 208 386 238 560 192 290 15 461 399 594 78 582 575 147 340 146 395 344 442 281 307 505 33 424 279 365 493 391 24 550 181 365 530 189 588 171 269 302 300 327 355 309 241 343 571 313 448 254 552 435 400 421 484 534 93 502 394 100 230 228 541 206 46 215 449 137 405 357 241 490 43 560 407 445 457 66 169 79 69 172 218 406 500 368 221 573 145 587 504 503 130 159 157 466 472 249 164 475 356 76 262 37 379 473 360 211 259 241 299 220 593 355 201 175 355 80 184 26 220 67 397 260 479 243 255 324 117 56 350 460 423 253 191 323 88 187 80 556 375 140 480 261 297 132 456 2 386 61 305 370 529 173 492 450
979 263
901 239
392 195
953 310
36 591
538 786
828 333
381 940
996 398
458 374
804 72
694 957
552 571
150 64
844 295
675 792
607 502
815 513
485 700
265 692
12 440
451 996
958 782
479 857
239 864
141 914
284 179
822 434
968 661
894 648
531 233
196 590
469 92
530 370
309 516
352 662
762 274
371 6
869 500
581 100
343 443
425 996
957 209
56 902
603 459
518 42
806 725
1 346
128 959
804 26
446 278
561 661
320 577
496 887
730 567
839 200
911 579
408 263
212 549
733 164
449 796
332 707
67 738
544 951
156 661
217 907
740 34
326 497
519 742
783 223
754 714
921 76
847 957
657 322
612 44
541 694
13 83
269 254
187 29
912 684
343 339
402 726
42 840
885 684
968 79
702 343
65 984
898 334
346 92
966 834
558 619
282 60
367 595
825 149
557 874
225 621
117 304
935 831
552 22
133 47
168 285
117 996
603 808
438 493
977 550
619 164
572 934
358 717
707 772
642 592
828 538
164 355
742 532
37 456
924 628
82 41
342 241
188 658
857 112
606 853
255 950
838 583
128 557
551 261
241 360
154 612
273 281
431 689
413 309
211 711
365 920
7 168
430 332
863 808
239 979
909 140
466 495
572 65
389 130
40 395
381 569
346 295
21 779
900 906
439 927
132 154
764 915
52 121
993 173
748 310
509 327
990 989
9 198
562 328
827 976
1 570
155 779
233 140
549 140
241 176
994 892
853 429
852 400
856 678
247 103
147 584
536 339
519 985
29 268
147 734
930 377
370 415
248 641
320 427
725 63
941 498
111 927
951 443
804 777
323 793
743 893
31 892
291 111
589 29
28 214
137 887
452 960
924 310
465 151
778 879
979 21
185 999
553 757
502 408
772 19
94 66
720 128
3 479
936 261
202 274
370 511
175 687
205 94
96 831
974 702
894 50
458 67
416 645
93 602
121 270
786 280
123 432
684 62
496 169
141 837
793 571
246 810
739 392
180 950
199 631
280 739
924 402
204 155
225 930
1000 672
431 553
615 601
887 936
189 806
892 363
176 855
395 603
117 486
818 603
462 647
718 693
134 109
484 660
161 182
117 193
485 289
524 86
137 211
903 390
264 760
281 884
37 359
790 405
770 558
817 122
678 604
286 790
814 1
886 964
859 628
689 988
278 582
582 476
449 878
906 104
75 649
74 764
369 212
904 276
575 683
104 121
98 428
275 4
712 199
671 501
526 453
39 299
150 486
568 451
318 378
628 424
349 801
58 790
61 321
309 214
147 390
62 590
572 222
391 171
82 273
974 345
772 60
127 782
174 413
780 95
843 263
60 465
94 908
302 927
710 320
294 549
616 954
761 368
879 316
296 622
366 364
329 966
445 234
719 845
749 452
339 592
363 838
376 443
971 611
471 17
207 420
943 162
866 838
328 659
305 147
334 156
385 63
652 537
840 801
150 417
177 232
70 815
750 786
5 730
360 128
149 462
737 246
364 982
337 39
194 533
680 754
104 375
81 190
583 259
394 766
173 507
983 318
976 106
847 862
334 832
839 94
850 69
418 123
110 12
215 1000
704 494
235 463
638 135
476 191
405 337
425 519
472 787
816 803
552 407
552 515
631 868
810 254
603 118
667 267
330 399
700 585
804 950
685 681
998 353
355 762
513 299
961 807
111 517
277 411
421 432
664 164
139 521
676 350
119 757
915 738
223 684
990 466
216 313
522 172
652 947
615 674
10 377
452 458
465 582
445 110
299 354
692 259
82 511
484 374
290 956
924 944
437 902
82 476
309 839
321 69
142 1
416 99
642 745
78 12
804 835
616 728
742 205
467 940
669 903
353 468
771 619
401 504
786 980
691 730
412 376
582 750
652 771
397 628
651 809
316 462
198 466
830 25
889 453
700 905
504 944
541 197
297 676
325 186
731 353
737 982
882 747
1 12
64 235
962 142
265 667
775 514
489 0
325 920
938 701
772 334
12 321
915 487
595 556
674 236
591 973
55 42
917 220
413 885
574 544
741 925
498 559
262 197
1000 633
798 752
909 7
25 822
587 522
481 523
401 993
202 346
829 631
409 852
666 396
764 144
718 10
506 767
619 480
949 621
40 976
55 623
907 426
996 763
84 361
838 478
285 381
417 791
704 433
556 834
888 787
677 935
929 183
150 316
156 259
685 181
392 916
615 307
403 690
12 871
522 555
942 918
435 14
341 521
161 132
763 959
313 295
414 0
387 299
910 973
550 913
844 651
872 170
819 896
679 463
577 635
231 255
965 880
465 317
386 966
172 110
680 820
652 195
208 874
593 590
950 731
862 366
873 133
708 457
286 651
158 962
716 804
235 415
331 895
473 546
377 536
559 799
635 900
409 480
488 985
430 71
286 231
375 321
794 600
990 60
141 980
961 237
764 181
553 291
694 143
307 876
36 759
418 960
434 750
585 313
856 716
976 412
788 796
76 884
908 540
532 894
57 67
800 316
666 732
920 51
76 673
453 820
654 660
255 74
483 249
360 174
952 357
624 555
377 676
805 180
670 92
594 190
209 222
688 304
349 942
606 625
922 1000
873 525
1 672
109 667
33 136
646 844
225 757
42 556
562 981
661 693
987 816
244 905
586 424
23 704
429 211
522 668
285 204
83 948
22 641
255 528
969 583
0 52
436 362
605 230
162 928
751 759
658 998
186 905
999 284
244 438
716 97
183 195
404 553
247 727
348 554
932 121
