600 1454 600 718 12
340 576
244 304
98 476
173 328
41 281
130 335
260 327
119 253
236 292
88 156
283 522
75 352
471 512
44 62
30 55
274 314
177 228
488 551
356 392
6 93
233 393
63 134
295 440
16 582
5 307
381 585
65 350
84 473
66 167
238 463
215 219
348 386
197 220
145 507
348 573
346 594
77 397
17 562
533 540
328 559
3 315
487 575
17 399
176 272
515 530
219 457
174 261
353 482
75 89
466 509
62 563
373 553
29 553
18 121
491 542
191 269
204 294
108 575
124 494
133 399
66 224
182 377
37 445
478 509
117 419
45 545
267 377
211 262
411 588
131 181
114 391
52 578
159 262
82 166
91 599
125 419
243 352
394 564
82 266
381 461
208 473
136 253
113 303
350 490
2 141
141 520
134 445
151 338
167 593
59 390
280 349
116 427
150 180
120 423
297 576
130 200
63 445
330 393
250 427
90 449
109 549
181 489
83 304
6 386
179 507
9 207
356 367
226 251
35 367
187 302
111 459
363 548
197 470
460 529
202 452
60 239
156 588
90 192
9 515
244 337
0 527
495 558
20 565
80 415
103 212
339 554
52 145
459 573
83 326
137 382
163 596
65 125
47 355
203 319
22 56
105 564
312 516
119 128
207 397
85 296
106 357
157 361
30 357
114 412
177 337
45 285
353 493
159 211
436 437
191 472
193 555
50 405
414 477
389 578
320 324
250 308
214 253
353 384
202 260
359 566
520 585
95 106
229 276
88 523
157 367
317 332
57 348
66 74
204 550
28 328
24 555
109 111
187 554
226 395
187 339
119 458
308 536
20 529
99 154
118 316
56 428
137 178
36 148
84 438
533 587
307 512
231 277
198 308
145 212
392 479
529 589
44 248
213 390
435 528
487 524
301 422
230 404
121 474
76 227
149 207
124 387
261 541
236 404
323 519
208 588
201 468
413 461
327 452
481 541
272 553
191 560
210 548
27 150
281 410
386 459
60 246
400 460
335 338
312 411
290 483
358 485
194 368
234 279
250 502
99 538
306 308
111 498
230 590
56 593
48 518
366 584
7 280
388 452
4 477
103 145
9 152
148 188
9 193
102 494
17 51
195 278
41 407
78 350
138 356
91 205
66 428
130 553
88 154
129 135
301 512
200 571
308 379
203 368
8 338
182 386
196 544
127 453
467 524
226 264
13 357
288 541
204 241
155 205
280 501
158 359
125 321
116 232
110 549
132 432
515 555
346 386
79 560
118 195
164 201
351 558
235 413
438 492
89 352
165 565
355 545
19 38
73 563
87 301
174 582
196 554
237 431
148 417
262 556
143 335
299 388
295 466
1 537
85 169
171 561
259 275
50 501
75 243
123 443
119 214
460 565
35 392
2 119
161 352
126 253
333 580
104 221
22 444
29 486
3 285
12 595
355 514
53 448
209 245
173 307
89 281
71 529
251 264
73 241
270 560
400 589
343 371
303 582
165 192
281 542
418 510
305 538
194 248
235 342
219 461
530 560
20 187
423 520
74 503
108 206
163 526
184 310
4 414
31 45
158 566
43 116
34 209
33 543
259 598
196 529
136 327
140 185
394 599
105 223
180 223
228 262
306 365
365 391
232 506
170 358
436 589
95 305
337 420
179 468
39 193
34 227
377 554
52 468
376 499
579 581
490 513
301 435
155 516
67 286
37 335
198 536
103 535
131 232
345 574
201 245
102 124
224 428
443 503
381 505
221 288
266 429
432 521
205 599
368 383
176 486
48 114
269 560
239 484
307 417
401 456
60 326
446 533
240 564
189 295
109 498
22 200
15 147
138 479
303 577
64 425
206 369
152 169
446 481
122 311
297 533
435 591
354 591
73 437
465 476
19 496
525 559
257 420
121 245
165 302
271 576
450 564
266 354
213 329
168 317
182 554
33 289
238 407
197 270
52 251
347 399
278 432
279 351
97 99
116 311
271 340
255 458
488 494
175 331
299 452
183 305
437 586
64 592
465 487
152 296
264 578
1 593
325 328
293 483
470 472
7 311
98 413
316 521
315 424
30 438
97 462
0 164
93 420
229 295
342 350
128 458
240 450
426 537
341 553
288 521
98 236
91 394
54 67
127 369
135 435
414 583
123 316
32 534
110 537
44 570
434 463
49 584
22 289
1 33
442 489
319 546
24 595
171 500
211 364
39 169
63 426
335 466
305 371
451 514
312 493
473 523
120 520
56 543
306 379
81 316
101 586
238 336
44 154
36 301
345 553
227 575
371 557
98 292
387 507
334 483
10 114
61 310
333 341
336 463
208 523
54 516
134 571
159 361
194 376
114 319
178 328
397 557
251 409
89 474
73 353
74 263
167 537
30 538
225 433
23 227
106 558
232 427
239 338
58 116
400 567
419 513
137 148
466 478
215 489
491 504
330 564
555 572
557 579
56 444
276 510
114 518
151 239
172 348
228 304
66 110
75 121
19 568
6 112
123 224
65 185
444 541
350 404
343 579
73 532
200 303
136 198
169 274
285 596
47 256
265 490
47 71
18 453
30 84
195 531
60 484
120 585
119 126
114 184
34 249
10 412
146 444
180 396
385 449
296 351
181 260
324 568
444 577
189 466
217 561
28 325
378 412
266 569
25 204
33 426
294 372
188 287
211 361
62 485
199 404
218 438
227 448
166 422
122 280
3 596
128 322
43 58
203 310
500 561
39 508
181 452
131 190
242 590
6 348
112 313
162 530
409 474
48 61
66 593
457 534
143 571
56 146
28 362
175 454
11 450
133 347
93 348
62 570
125 140
50 587
316 443
240 394
317 594
297 349
317 455
402 597
98 524
226 408
136 363
257 337
316 511
191 546
11 240
269 376
38 258
439 538
222 544
189 484
107 260
402 488
443 449
186 379
106 207
324 580
176 318
342 490
46 87
21 233
0 7
22 303
52 517
111 263
317 547
335 433
385 400
226 463
78 342
234 351
290 412
255 321
242 362
189 246
178 325
401 542
21 475
154 248
402 576
203 358
465 534
185 350
361 364
131 277
141 403
543 593
130 433
356 510
12 24
58 298
406 467
246 295
251 578
209 416
174 577
15 180
12 216
266 539
403 505
12 572
83 268
117 125
136 480
303 583
53 231
192 263
375 564
374 408
114 378
234 296
139 171
223 396
48 391
284 492
16 574
526 596
112 317
170 203
200 289
462 581
13 106
263 549
319 472
169 296
193 216
118 521
7 122
179 517
250 536
297 501
248 383
21 394
135 354
255 513
13 55
236 242
38 86
77 371
94 287
91 454
295 418
58 587
54 497
298 533
198 363
50 297
195 365
156 411
49 366
362 590
133 285
202 327
457 465
437 589
67 372
62 358
217 592
354 430
249 453
118 278
372 447
89 401
360 443
83 392
308 363
168 526
189 335
405 587
132 308
14 102
499 579
12 566
97 343
349 402
449 565
80 127
57 459
196 267
48 531
329 519
108 453
374 401
397 515
142 523
57 573
27 347
52 409
313 592
277 489
477 574
358 570
54 372
15 150
221 541
27 562
273 318
400 449
141 214
169 247
84 538
103 264
37 338
440 510
241 437
74 192
498 549
1 543
404 590
55 538
60 584
81 360
215 461
175 438
172 380
340 533
28 300
428 521
247 495
376 581
489 505
200 583
294 353
301 528
53 227
59 213
13 30
166 569
313 425
172 573
18 75
374 456
70 576
224 503
109 573
199 362
27 147
72 556
158 508
41 238
69 193
169 193
351 495
456 504
341 345
35 83
329 390
246 484
199 230
44 383
132 250
229 246
0 311
227 416
151 484
47 529
133 315
192 503
99 183
19 320
348 459
284 438
458 566
92 147
136 483
91 475
58 311
160 485
307 471
219 277
251 389
237 436
74 110
174 444
314 508
229 440
156 482
567 586
135 266
13 305
220 323
54 312
195 511
101 160
31 267
201 282
179 201
70 568
84 492
50 533
108 344
499 515
281 407
499 557
378 391
125 185
529 565
191 469
530 555
104 541
97 183
131 299
67 497
429 430
186 290
349 501
103 578
42 454
194 383
182 441
35 228
473 492
61 184
137 188
146 288
114 310
110 275
70 324
39 274
216 421
115 158
242 292
56 288
215 505
107 214
177 262
96 178
281 491
81 443
164 209
140 464
156 208
66 254
344 453
2 255
12 421
100 180
3 133
24 530
226 336
70 597
75 415
68 221
108 249
52 201
85 351
138 392
99 142
183 538
561 592
212 597
32 227
149 397
265 520
220 290
26 360
23 575
32 76
309 455
134 143
31 596
133 514
539 569
177 552
288 428
243 415
179 387
250 298
5 300
219 442
182 346
153 425
278 306
203 570
379 548
162 270
113 414
402 494
31 163
1 426
7 102
460 589
108 369
106 234
214 260
151 335
38 324
155 588
72 159
492 588
65 490
156 493
128 293
186 412
11 286
281 401
293 458
52 389
394 475
115 508
326 479
138 276
451 550
2 513
102 280
8 380
64 72
168 455
98 465
215 442
147 150
108 467
225 466
483 548
158 283
225 553
238 491
134 426
0 232
547 594
241 436
290 379
72 561
245 453
1 167
332 346
112 592
252 553
226 434
82 129
464 569
213 519
132 540
126 322
178 362
390 566
35 364
8 239
163 168
278 308
309 317
139 500
251 374
255 566
58 501
455 526
430 591
228 244
5 173
364 367
332 594
64 153
298 540
29 272
155 492
333 345
0 116
194 546
82 569
277 442
465 524
45 133
175 475
154 462
5 350
86 226
432 540
115 314
22 577
173 417
426 571
257 584
70 103
391 531
222 355
426 445
269 515
268 326
28 350
457 476
365 412
68 540
2 520
184 518
249 344
10 319
251 408
61 567
170 567
25 550
90 443
233 330
47 431
209 249
449 460
164 416
216 572
170 586
49 239
270 519
398 486
386 547
36 188
452 480
3 526
185 307
99 462
423 490
286 450
200 335
333 574
25 447
59 566
79 269
36 471
198 480
74 254
267 317
147 447
73 204
266 430
418 478
51 399
24 162
68 104
134 335
275 445
77 149
369 453
144 339
319 368
164 282
121 201
31 222
111 144
12 59
161 243
32 231
9 397
318 486
98 406
190 232
387 494
298 427
49 420
323 483
273 509
300 350
276 440
160 532
43 298
115 283
291 380
191 194
125 283
236 413
86 258
93 139
433 553
273 466
339 459
263 302
130 583
38 320
188 382
99 523
10 472
239 291
500 556
350 362
215 381
87 287
101 485
152 193
49 93
174 446
311 501
68 432
72 500
434 504
323 329
138 510
247 591
67 223
318 398
21 564
283 321
206 467
95 149
370 372
123 503
148 471
155 599
236 590
419 490
71 436
16 477
163 267
156 312
429 539
401 474
253 322
26 531
16 414
257 268
136 548
147 562
18 40
259 549
88 142
104 481
236 342
388 480
123 521
85 247
197 469
6 592
445 598
8 259
54 384
194 269
48 360
131 448
399 514
326 392
47 222
332 377
294 370
40 121
178 559
277 448
374 434
232 299
280 494
71 589
441 459
92 447
225 273
398 509
400 586
20 196
144 187
60 479
472 546
32 465
324 574
37 134
4 345
11 67
494 507
290 548
171 592
496 568
485 532
522 539
507 551
110 254
422 512
137 525
343 462
274 508
220 334
44 482
21 393
73 482
144 302
101 170
368 570
464 512
7 527
371 579
177 244
31 285
235 461
265 423
231 534
6 171
263 498
307 464
417 525
220 412
481 540
504 542
469 560
257 326
40 245
281 352
376 579
327 480
376 515
205 284
366 420
112 386
488 597
322 483
273 398
120 461
293 390
9 296
553 583
40 453
164 527
220 470
258 496
576 582
103 258
385 567
153 313
298 587
349 494
375 396
137 559
139 337
18 80
97 371
97 305
497 599
400 437
222 545
245 249
259 573
221 432
218 331
144 263
225 318
29 176
256 451
329 483
422 569
147 451
138 229
247 430
39 216
429 522
478 486
8 445
82 135
165 263
15 223
320 568
197 472
514 545
463 504
516 588
287 382
129 266
36 287
342 404
65 419
26 48
44 73
403 489
160 437
75 474
147 550
187 196
270 323
135 591
18 415
436 550
19 258
33 200
141 585
105 396
49 291
5 185
229 479
324 333
180 375
163 317
70 212
0 190
113 583
237 550
362 404
145 179
70 582
95 371
29 373
120 381
457 461
214 403
225 252
407 410
228 364
371 397
421 572
82 301
384 493
26 511
0 506
60 229
124 179
439 473
338 445
523 538
264 395
219 534
212 551
398 478
79 515
132 278
283 359
226 238
162 519
126 128
86 395
204 353
185 464
365 378
257 366
162 560
11 497
454 475
80 206
157 159
139 420
485 563
14 527
162 213
0 416
337 552
24 572
352 410
101 358
467 487
92 223
367 392
44 563
39 158
275 537
372 384
173 559
64 217
85 495
9 234
51 451
256 355
370 384
70 535
103 496
412 470
198 502
495 591
10 470
145 578
77 95
55 305
408 434
313 455
84 439
469 472
162 595
72 217
220 270
135 301
67 92
252 272
74 224
154 581
339 441
155 497
244 257
323 334
218 357
315 347
413 476
464 539
25 294
127 206
297 340
172 259
190 227
241 550
309 313
58 160 116 449 38 593 554 584 292 232 378 481 408 288 180 82 352 522 188 96 333 160 395 41 32 398 70 598 258 166 23 532 364 38 442 57 43 466 371 241 24 63 33 559 550 19 174 146 316 92 428 206 594 214 419 553 167 384 215 289 486 12 382 148 21 493 427 473 528 494 418 353 60 568 276 421 139 368 381 423 94 507 23 469 50 61 115 511 24 522 396 147 517 490 118 404 454 295 542 571 219 273 443 325 525 444 572 15 110 181 500 156 7 469 69 367 327 154 385 54 112 199 266 591 80 477 15 369 378 103 204 445 73 204 361 471 570 85 572 487 557 2 432 139 592 515 436 100 212 29 256 277 264 200 224 554 98 439 499 92 73 243 158 259 342 543 481 76 297 79 383 97 74 174 362 134 242 376 32 168 184 404 398 100 0 406 169 414 25 279 76 220 495 487 62 48 206 68 116 366 313 350 250 332 582 436 199 135 57 14 226 200 90 380 537 87 259 555 525 68 63 556 166 591 586 265 137 171 311 96 522 490 155 378 2 48 586 505 200 115 477 572 527 64 493 165 263 57 219 480 596 69 564 355 455 489 98 74 9 377 406 284 341 569 336 404 150 216 424 301 151 193 110 582 569 355 165 575 206 478 232 255 315 269 23 17 302 345 239 150 88 214 247 48 346 350 349 187 573 464 278 178 82 444 478 547 60 428 553 255 43 391 476 205 126 325 440 204 115 165 332 329 45 96 287 222 309 385 231 177 26 202 318 150 513 155 577 243 564 502 288 326 325 173 241 11 62 478 335 204 318 70 87 429 127 215 410 301 501 20 478 428 410 583 415 450 256 247 523 284 425 146 11 10 137 372 464 436 13 136 67 319 511 274 97 599 424 466 361 553 421 53 527 590 476 72 244 69 87 94 238 29 30 159 329 81 147 315 236 27 522 94 597 238 505 429 100 225 359 256 221 267 596 590 305 456 205 61 203 255 57 547 495 83 468 325 567 286 552 226 497 562 83 546 539 2 29 481 28 223 514 500 283 569 103 581 468 83 56 438 270 60 571 169 531 573 245 112 464 247 357 395 454 154 397 10 131 315 269 6 16 204 28 451 45 355 440 425 277 547 509 74 31 196 135 482 187 40 507 202 471 389 105 360 414 340 358 435 240 372 311 556 187 103 178 213 112 327 481 192 107 314 47 111 261 367 407 187 411 228 114 87 263 483 354 332 246 324 12 225 555 131 98 590 444 47 499 398 592 225 1 511 374 317 594 596 268 192 10 371 418 468 87 502 405 101 449 465 276 85 96 70 308 177 158 112 527 486 474 32 153 328 388 546 334 363 34 511 14 368 537 432 6 264 350 394 129 202 132 515
358 760
264 400
697 741
527 15
89 525
826 924
272 127
311 739
235 250
877 522
629 467
870 91
772 629
958 388
300 806
732 62
125 589
636 87
247 950
32 651
478 241
939 50
232 474
417 917
782 579
693 189
482 508
662 89
759 921
14 488
953 321
479 89
472 897
220 414
374 867
46 117
953 933
182 327
19 667
858 647
272 937
33 937
941 165
391 661
737 291
541 108
983 881
568 176
533 490
164 221
330 641
606 100
184 813
439 864
811 164
934 339
327 440
306 226
361 677
735 655
106 256
575 400
678 331
230 353
252 27
759 835
347 382
784 128
378 549
837 620
134 617
555 212
159 12
714 251
373 342
206 962
437 938
920 435
718 874
811 533
252 990
466 464
920 789
82 148
930 265
962 604
17 714
998 902
798 322
157 905
448 388
939 142
736 108
234 181
963 1000
955 435
804 973
869 378
553 985
893 343
721 4
622 323
290 780
87 713
354 531
804 46
985 475
580 738
335 960
330 246
320 344
372 251
309 123
168 502
561 474
852 718
365 705
775 774
424 506
640 746
619 855
228 917
305 716
400 425
244 783
797 765
614 686
277 966
637 701
936 775
145 449
430 776
420 567
571 41
202 357
972 771
551 674
857 990
32 215
201 136
843 790
630 784
839 311
166 382
413 266
133 737
324 479
701 101
898 956
923 468
685 66
110 326
904 574
286 25
795 362
876 187
836 254
13 46
820 686
62 28
632 289
119 1000
719 585
435 56
302 833
413 290
919 839
307 377
403 18
930 612
613 352
250 106
256 216
837 943
262 538
980 195
30 473
149 89
784 990
221 788
778 43
486 760
387 170
896 364
578 425
811 852
556 563
455 236
932 959
89 316
387 798
737 493
416 358
857 614
756 427
486 548
466 134
692 507
498 670
691 935
192 447
230 876
542 748
647 367
698 210
922 174
326 982
895 494
857 255
312 870
535 604
53 52
130 717
686 604
603 750
535 846
816 643
217 24
995 308
505 857
644 551
355 500
526 155
783 73
365 391
97 421
43 814
422 849
111 93
67 260
675 923
481 862
403 728
970 46
957 524
599 893
621 942
601 191
0 903
150 264
886 68
644 227
689 969
180 968
116 119
263 909
82 295
963 680
755 390
330 881
429 649
129 809
69 447
577 673
347 352
757 738
598 159
139 166
44 701
275 286
561 761
294 544
157 64
387 293
73 733
685 794
923 757
434 84
107 141
778 494
688 558
263 599
57 472
57 389
932 671
270 308
22 263
492 831
449 578
969 549
283 720
102 933
272 790
813 740
948 204
530 68
816 105
977 974
352 473
210 433
593 604
194 246
595 989
662 691
742 177
44 344
942 575
272 656
390 637
476 722
792 909
963 864
435 270
202 507
87 113
922 374
502 575
851 902
515 622
341 39
613 405
335 697
833 211
320 20
901 705
599 14
415 457
383 65
46 427
642 418
35 625
764 712
605 668
661 575
39 593
750 950
96 170
562 718
793 944
664 611
952 3
996 257
401 95
64 569
622 582
133 367
41 842
156 130
174 300
395 227
279 612
58 528
645 891
831 407
323 930
73 546
393 136
614 44
315 203
259 675
743 884
978 573
143 948
750 221
962 745
570 147
2 194
1000 383
646 340
804 702
497 493
35 43
706 952
529 639
45 73
580 529
139 189
8 145
680 395
313 961
762 189
870 428
771 147
13 531
98 838
827 6
790 466
444 138
597 514
554 585
236 214
570 864
937 999
709 396
786 183
555 354
358 152
210 752
454 701
160 811
708 646
560 496
52 170
982 64
910 53
50 747
804 25
887 471
18 420
608 78
537 342
136 876
230 677
589 795
664 900
335 673
457 1000
46 992
92 812
144 856
102 981
839 232
619 519
583 915
124 511
226 971
375 834
855 929
5 328
757 789
179 179
793 633
927 858
677 823
665 40
277 3
246 375
425 679
360 428
902 754
946 730
580 192
424 546
135 429
61 850
977 822
591 226
607 275
950 258
905 292
23 298
409 176
523 827
433 432
284 512
212 320
310 595
720 159
459 839
477 332
840 78
603 120
520 741
296 928
973 175
346 6
100 871
533 904
686 683
340 221
507 321
573 884
849 368
43 864
852 845
509 956
59 365
413 990
208 838
723 526
653 503
876 904
721 480
881 256
160 871
961 109
564 928
121 534
25 357
67 229
529 702
357 556
743 255
643 615
114 290
669 310
6 442
402 934
200 693
545 799
730 826
50 920
918 248
819 236
237 720
996 623
65 684
865 138
352 272
838 474
203 101
309 680
453 669
390 399
78 887
565 833
382 729
184 747
889 674
37 393
5 226
460 484
868 881
725 768
577 124
837 531
839 190
204 806
560 453
699 586
656 829
380 476
857 757
882 292
473 981
874 975
452 20
319 784
999 834
512 229
796 549
512 508
672 280
318 614
491 910
85 684
475 666
289 347
914 320
887 773
388 572
330 518
80 913
265 445
506 165
536 128
722 450
357 130
568 602
311 271
648 191
157 708
167 99
68 491
440 180
825 576
181 74
844 434
981 527
833 963
768 512
242 85
645 110
697 317
891 28
483 282
769 684
608 374
61 631
899 801
684 373
191 381
814 622
296 250
99 567
381 949
242 633
236 532
106 757
819 439
17 554
785 405
162 578
168 462
131 211
591 829
584 306
368 635
884 234
523 292
676 952
970 721
276 59
298 405
375 106
755 602
492 35
179 673
253 291
886 116
