600 1500 600 746 16
20 404
122 545
145 393
280 403
24 193
477 492
121 564
292 459
129 479
262 337
65 290
157 175
261 491
179 598
311 565
444 508
132 403
0 370
465 597
485 554
111 222
142 433
77 233
137 540
310 473
284 411
414 415
272 368
14 241
297 493
186 354
8 19
344 539
56 424
222 555
26 113
72 563
35 485
14 379
92 421
167 253
160 521
326 416
68 93
132 218
99 464
67 227
174 271
387 493
9 92
131 468
289 340
500 526
246 427
383 530
252 281
45 376
14 564
431 568
314 525
75 397
100 545
177 580
202 440
250 518
156 379
201 248
26 499
198 524
259 590
76 563
357 492
181 253
92 461
9 574
42 169
381 493
100 197
1 393
567 591
71 219
4 412
133 415
139 172
172 342
47 165
336 480
225 331
104 402
171 385
186 378
104 572
238 419
337 390
117 499
187 420
226 352
4 582
19 175
381 417
196 368
224 300
232 371
374 489
58 76
409 556
44 392
36 383
456 508
192 599
1 306
326 356
479 517
207 359
72 78
157 299
248 587
48 354
101 370
117 449
435 504
72 363
40 212
165 186
114 512
476 521
105 219
397 458
195 557
177 181
37 326
189 420
425 592
80 557
475 561
138 222
86 270
469 520
554 556
74 316
10 170
432 497
183 583
494 544
197 514
59 78
307 591
6 46
326 478
331 396
255 348
108 590
330 384
36 225
4 171
471 566
284 535
344 597
61 367
417 429
504 587
256 279
319 397
227 543
111 258
71 440
68 484
469 567
20 450
144 212
27 447
50 350
139 365
218 521
154 476
155 581
210 295
261 283
63 77
227 521
11 567
56 369
91 479
138 459
102 204
13 21
96 301
321 521
3 436
209 522
92 395
7 210
0 116
269 283
219 432
399 481
130 297
371 509
413 564
348 390
535 540
164 550
76 342
58 598
88 472
131 357
368 594
115 226
92 176
134 449
343 391
315 564
180 455
104 286
15 202
9 150
336 476
165 378
34 344
151 505
500 505
207 400
45 505
504 525
268 553
119 301
103 427
419 552
240 595
17 343
263 415
47 539
47 465
403 489
273 437
550 565
38 125
78 138
274 338
54 321
202 379
18 345
183 455
462 583
161 416
517 571
196 361
279 307
3 419
110 189
101 112
54 425
112 333
502 577
109 409
40 371
275 404
261 559
359 400
70 202
152 507
188 469
156 475
235 249
105 187
440 475
21 255
501 515
349 493
443 460
217 298
263 433
190 418
18 496
211 272
38 193
297 349
533 583
322 593
158 268
548 569
317 503
110 111
206 416
44 188
486 493
221 500
95 549
132 376
382 546
90 436
22 447
70 71
27 44
25 301
447 487
252 590
423 580
207 218
64 77
57 245
34 168
36 218
478 560
106 251
118 149
114 479
341 538
7 98
40 144
104 203
126 334
233 328
116 353
142 263
323 447
273 403
18 254
296 490
247 450
43 216
313 511
119 304
257 536
138 375
28 124
424 502
280 489
180 587
398 494
438 457
393 401
52 565
277 301
136 172
186 339
103 515
323 371
105 596
120 561
49 274
301 433
271 288
88 237
48 69
32 101
107 290
207 331
85 297
420 542
85 583
366 478
371 540
249 356
347 477
3 543
278 496
507 535
69 389
88 380
327 588
152 535
149 406
344 526
360 422
430 597
215 474
72 138
161 560
382 404
46 184
215 527
324 492
75 464
423 453
182 275
327 401
165 551
18 235
135 418
218 376
223 396
318 419
165 339
302 565
198 286
112 250
80 391
223 536
196 488
267 496
55 267
131 363
184 217
166 175
199 579
331 364
428 452
64 102
464 559
231 591
124 316
256 295
131 492
412 582
183 297
49 471
30 293
135 190
139 169
30 581
84 339
227 400
90 160
250 278
449 451
306 441
327 393
455 549
301 424
218 225
185 599
204 230
33 50
425 531
120 442
125 357
272 326
52 550
106 571
78 375
189 442
29 553
458 557
384 531
176 439
131 204
217 510
253 472
257 599
31 463
23 137
282 517
128 432
180 264
53 395
249 313
568 577
299 498
144 509
9 463
311 528
305 484
86 178
247 298
17 559
360 441
261 494
345 408
223 309
91 114
50 336
157 343
346 383
28 545
58 136
259 372
6 184
13 255
388 401
208 554
244 543
55 523
445 514
418 584
84 186
255 593
410 549
352 534
77 519
185 192
225 536
488 594
368 575
87 354
16 450
224 577
23 490
55 558
267 278
422 441
338 340
238 271
204 563
173 308
239 388
533 568
281 386
127 413
361 469
24 357
3 227
88 170
29 185
211 484
249 395
346 448
305 513
112 135
110 258
473 503
172 365
281 372
143 595
318 420
217 247
19 459
461 506
575 594
62 241
12 527
340 522
167 472
83 557
29 309
126 276
90 425
78 563
305 529
40 487
74 138
3 244
117 134
325 555
108 366
146 415
259 406
236 378
231 307
279 392
23 535
403 476
17 157
395 421
386 451
96 142
199 538
27 256
109 554
144 334
195 397
12 104
214 260
520 524
24 246
514 554
370 541
445 580
69 456
320 560
188 591
465 539
347 486
45 132
581 595
397 434
15 497
199 243
103 246
341 386
213 558
99 458
58 59
258 580
244 552
87 239
55 213
435 587
374 505
136 179
193 246
259 560
482 495
1 327
531 592
353 418
128 596
104 347
36 376
75 319
390 429
24 102
102 230
30 240
367 498
22 94
267 523
528 547
89 588
84 145
201 583
49 82
187 288
220 518
111 325
25 263
313 317
302 407
356 511
135 584
419 482
119 300
203 524
284 490
311 550
61 208
20 298
205 580
26 73
133 146
3 482
235 345
128 537
61 391
33 489
441 451
204 363
45 403
50 437
300 369
166 491
56 224
43 178
115 362
171 351
44 474
194 443
159 181
313 345
96 433
285 421
400 521
175 358
90 227
7 234
32 135
311 466
262 568
16 510
11 591
225 257
512 543
246 286
181 237
349 410
148 441
57 98
149 214
45 280
403 521
109 556
286 477
253 293
86 444
115 352
505 546
35 554
127 258
46 412
59 563
158 571
61 343
122 222
76 230
539 597
249 345
74 222
515 566
7 163
51 202
17 261
96 424
22 266
311 547
243 252
19 292
16 36
270 508
77 289
182 191
386 538
151 546
162 395
150 463
494 587
56 300
226 362
18 162
148 336
173 436
276 334
482 598
418 518
91 512
52 265
571 573
209 515
234 295
255 337
167 293
130 390
135 250
82 471
259 320
417 527
150 574
174 517
224 502
345 473
251 571
128 219
285 395
107 322
317 478
53 513
296 540
82 294
229 410
386 449
166 261
205 564
60 522
271 419
330 592
214 575
198 361
188 377
220 532
117 451
129 282
48 401
303 404
64 355
107 300
13 115
30 595
10 564
112 370
269 494
264 455
335 370
49 330
19 138
99 343
267 408
112 541
141 248
33 273
257 530
12 44
109 143
241 373
68 567
9 162
67 460
101 135
258 453
148 350
70 432
208 556
194 543
75 133
229 349
74 122
71 105
44 572
206 320
354 454
60 471
162 235
406 483
123 416
185 448
38 477
139 531
107 394
86 267
270 456
209 566
37 511
332 467
102 519
95 183
200 554
259 483
187 238
175 292
7 506
129 517
56 304
268 481
190 584
186 239
214 471
53 272
209 246
320 575
248 494
67 543
375 589
310 313
20 546
55 278
11 231
119 369
3 173
352 390
93 484
281 449
430 465
40 266
69 444
60 209
100 453
81 222
259 281
163 234
8 72
302 516
73 425
27 296
309 599
39 77
530 599
573 596
117 118
168 382
29 192
196 594
484 529
2 310
51 241
26 592
79 535
295 307
445 581
228 542
420 442
92 574
467 582
102 355
86 523
186 551
386 441
130 337
324 477
370 463
120 475
79 152
130 417
299 343
299 578
182 184
142 533
426 525
428 465
269 435
22 215
197 423
0 101
297 583
68 272
236 344
462 568
145 306
351 404
537 573
295 411
145 401
47 452
169 531
150 461
199 588
214 320
52 164
331 570
50 428
141 263
54 90
58 172
242 404
326 511
126 550
6 346
171 332
16 505
69 153
246 522
202 497
54 480
331 536
250 333
346 599
301 304
238 318
294 330
453 580
47 378
477 486
153 243
12 572
220 558
231 529
24 38
4 182
13 547
148 360
232 296
8 358
520 572
173 495
193 477
74 459
118 562
26 425
222 545
310 345
73 576
210 234
266 352
118 330
74 124
217 346
519 522
387 527
46 346
501 566
79 540
3 552
107 577
66 355
302 528
336 576
217 275
396 571
310 317
189 555
140 420
468 525
103 488
39 531
155 181
92 162
149 562
147 243
228 598
36 510
377 591
290 394
71 120
23 296
362 466
205 413
285 305
19 358
24 519
49 294
123 575
455 587
63 66
319 464
84 350
263 414
34 303
213 523
306 393
108 478
148 576
59 585
10 62
174 596
538 588
264 525
230 355
344 378
233 289
194 512
221 430
247 510
12 474
4 404
491 504
336 350
144 226
102 357
141 142
80 83
528 565
71 187
66 139
440 561
154 403
106 158
47 428
148 422
542 548
161 320
272 356
368 416
97 385
79 371
254 291
80 208
112 291
248 544
58 342
5 18
170 237
182 412
66 172
133 559
234 411
197 485
178 216
351 385
81 189
176 506
339 551
203 572
424 533
68 196
311 334
63 355
98 231
291 333
484 513
378 539
61 578
116 135
408 503
53 356
290 302
256 296
314 363
13 466
390 534
54 476
287 295
398 544
279 591
39 63
42 173
402 524
260 470
281 341
10 446
2 503
94 474
221 465
367 578
261 269
65 119
141 398
283 435
70 440
87 388
259 366
174 479
329 582
15 481
108 259
445 595
233 531
43 408
441 538
31 162
237 380
314 468
285 439
329 467
49 328
188 520
155 177
81 548
135 518
244 512
231 305
364 443
212 266
32 116
51 446
88 181
316 459
26 330
168 526
228 419
31 541
30 155
262 431
126 144
111 555
238 420
348 534
383 510
154 437
215 417
289 519
542 585
271 552
499 576
354 388
228 482
69 508
168 303
153 444
319 458
337 431
256 490
147 153
15 432
372 483
278 333
137 535
430 526
65 407
415 434
22 487
289 338
57 305
48 327
34 457
39 233
123 368
266 487
396 517
290 593
469 524
11 93
3 495
336 437
35 200
272 513
130 381
194 282
50 452
498 578
240 293
498 545
223 331
141 583
107 224
159 315
277 434
21 547
17 464
197 554
254 333
121 159
501 575
182 404
214 470
242 385
127 156
322 568
60 274
83 208
214 566
428 489
170 380
100 423
450 546
305 439
35 367
178 243
585 598
97 242
117 576
198 402
149 471
271 479
37 478
85 462
501 594
160 227
448 599
232 540
52 302
422 576
67 400
78 548
0 32
103 361
206 575
157 166
220 418
177 315
259 260
81 375
184 412
474 527
532 558
240 409
340 519
134 451
113 499
48 388
54 521
52 516
270 523
266 417
205 315
217 383
116 584
20 382
73 113
5 254
97 303
98 210
28 498
98 245
418 532
185 553
13 348
27 279
95 410
252 341
14 156
90 169
262 322
140 189
23 284
215 266
183 586
82 149
331 443
408 496
41 588
379 475
179 482
389 456
175 299
350 452
58 179
82 118
281 590
306 350
143 409
84 239
263 398
261 398
203 402
154 273
349 586
287 411
73 480
229 549
145 239
256 307
196 567
144 507
53 249
211 513
257 383
120 187
232 447
229 486
87 454
261 414
47 339
290 528
70 219
260 320
64 519
186 236
114 244
257 309
98 305
40 323
158 553
78 589
141 533
56 301
387 417
79 509
188 567
125 492
115 534
176 245
35 498
398 414
144 352
103 209
252 538
479 552
141 544
26 117
216 317
70 497
68 368
266 429
133 464
58 405
91 129
121 170
94 447
154 336
163 506
146 397
245 506
42 179
569 585
343 578
94 215
176 461
268 399
65 300
27 94
124 299
285 513
462 533
87 186
100 498
21 290
34 438
263 277
201 587
8 491
26 118
126 507
463 541
161 326
105 288
526 597
50 489
106 268
41 579
29 223
107 593
201 455
180 504
400 460
138 589
93 567
399 432
251 573
86 243
548 585
121 315
48 588
313 356
359 521
198 427
124 292
286 427
312 469
186 454
140 542
238 288
219 596
42 308
443 570
502 568
5 291
43 86
191 404
10 121
59 405
272 416
177 205
518 558
308 436
27 232
169 365
379 440
85 337
86 153
492 549
29 571
274 471
123 206
81 555
199 252
97 171
4 351
90 308
229 324
161 206
330 531
361 524
100 485
213 532
304 369
229 493
108 317
517 596
353 584
63 64
182 217
24 522
114 552
41 48
120 189
328 384
144 152
69 579
110 156
16 247
409 595
392 591
122 124
118 294
287 490
488 515
147 579
129 194
1 89
292 299
62 373
207 460
153 579
84 306
214 501
39 66
18 112
207 364
225 383
243 317
111 545
189 325
99 391
276 550
297 586
408 473
24 125
480 576
228 585
579 588
254 278
29 158
328 338
44 279
289 328
264 492
18 408
196 312
205 258
62 564
166 358
2 317
92 439
314 426
47 350
465 489
20 275
375 548
60 340
34 526
130 429
4 467
221 489
172 355
179 495
328 330
258 413
33 403
263 434
60 566
270 444
143 514
109 514
81 138
460 543
326 560
162 249
224 424
298 450
268 537
216 408
195 458
21 593
194 570
278 518
242 351
425 480
136 365
300 394
5 112
183 201
110 475
75 146
13 534
406 562
275 298
9 31
227 436
160 321
517 573
236 438
350 441
292 316
466 562 400 109 462 460 217 315 163 481 54 328 316 206 217 282 120 376 488 119 573 500 460 37 293 195 503 596 224 80 428 575 202 517 44 79 314 325 586 563 570 573 245 271 67 433 173 558 428 437 20 489 211 88 309 352 24 589 418 216 225 488 270 75 379 522 31 174 569 423 76 321 122 525 16 147 264 437 502 580 406 83 358 444 201 262 202 89 201 427 194 132 61 532 223 115 276 207 477 379 412 509 107 52 112 38 95 251 323 268 490 374 188 162 555 87 101 486 98 100 145 372 464 77 118 243 370 341 510 245 78 598 163 352 3 235 597 251 206 518 487 118 138 548 93 119 401 86 33 95 6 64 597 19 400 215 450 91 270 64 39 512 577 95 149 488 543 431 288 300 203 176 499 125 16 223 560 489 161 264 326 120 66 320 65 91 57 130 36 71 270 578 140 239 426 10 154 14 286 588 127 392 119 59 470 496 407 168 176 266 357 139 108 62 127 347 373 562 409 279 303 173 540 2 15 554 246 198 216 176 288 155 347 109 343 546 361 426 11 266 234 6 433 216 417 177 152 473 320 84 466 183 204 85 158 330 340 316 464 60 168 197 555 450 438 298 223 283 197 360 253 296 411 229 540 538 391 552 48 356 206 216 512 185 104 4 546 541 473 547 579 126 194 490 306 173 360 220 194 257 66 509 332 443 589 235 286 62 395 364 320 190 405 79 483 159 347 200 326 16 345 410 108 236 340 132 558 301 556 276 312 488 20 255 385 235 127 256 385 102 228 14 533 560 267 503 196 172 401 116 229 511 343 105 311 449 249 125 148 115 176 302 7 196 91 492 248 244 8 249 2 317 548 397 14 276 263 31 358 207 447 117 592 421 342 237 5 260 301 181 562 338 541 433 261 231 140 442 490 382 134 242 412 331 146 69 534 541 349 2 309 589 274 583 116 223 40 539 290 215 207 65 140 148 346 379 324 404 17 160 142 569 354 106 312 391 181 192 515 38 219 283 16 482 548 86 323 195 188 528 279 441 576 431 277 526 496 124 308 429 570 477 30 73 240 480 202 269 10 42 525 270 444 361 391 290 492 282 587 154 454 104 160 469 247 477 553 555 313 124 476 588 327 519 574 501 135 271 350 251 107 373 446 316 311 202 337 418 107 121 461 277 106 11 520 240 75 205 448 38 455 62 540 35 275 380 284 128 30 501 348 406 126 255 132 237 102 369 542 376 201 132 481 300 239 551 457 490 236 351 448 143 287 382 64 443 2 102 32 80 463 295 185 330 167 217 514 137 429 482 100 88 253 431 398 117 63 284 181 158 575 32 533 89 193 199 512 125 368 250 342 329 315 12 102 353 516 159 370 293
1 887
478 878
246 793
721 518
943 903
120 830
936 799
36 548
548 226
57 720
949 168
149 550
192 404
139 150
940 267
976 375
841 761
558 116
128 800
588 208
849 867
149 100
152 311
22 385
409 428
412 47
536 652
104 374
700 205
939 624
889 39
49 750
25 919
669 814
773 958
708 99
817 741
256 735
375 402
557 533
90 268
437 975
647 514
237 872
173 440
790 777
983 810
615 902
472 991
464 613
631 842
990 319
37 37
192 692
641 695
207 940
307 56
71 598
622 407
634 380
394 529
637 103
945 231
513 479
461 461
196 0
559 498
744 598
222 594
393 967
917 357
871 381
571 312
565 691
656 238
537 28
591 390
478 508
632 339
27 298
640 14
698 284
439 647
698 19
556 911
292 177
265 959
564 964
992 61
454 859
666 622
808 513
75 682
191 573
140 355
375 237
361 78
861 1000
82 553
563 82
727 163
23 853
465 430
329 519
269 411
845 416
954 555
219 91
314 789
770 78
818 254
771 210
77 834
541 681
768 490
111 176
14 965
488 717
472 678
254 7
836 351
935 139
694 234
290 641
671 197
417 376
1 188
871 235
945 419
822 546
221 267
492 361
731 702
500 81
466 755
70 915
634 479
21 343
648 268
590 505
730 329
389 139
398 94
808 55
34 218
512 917
477 34
366 892
573 833
397 621
18 711
790 858
8 275
346 913
622 764
921 48
884 260
596 135
955 586
906 101
687 646
295 691
99 724
0 554
0 48
639 963
547 158
954 10
799 926
619 546
1000 111
902 991
587 478
677 555
820 458
594 163
53 640
871 119
285 908
663 493
443 239
933 82
921 856
352 217
965 830
985 632
603 977
783 355
191 514
790 301
68 944
899 875
958 659
386 439
825 590
588 16
267 559
774 135
299 467
409 893
714 74
369 180
944 321
243 427
526 379
878 165
303 665
788 655
695 47
355 527
56 523
188 634
100 241
173 962
345 622
182 314
265 843
910 813
799 709
893 423
125 963
733 853
730 270
881 656
303 93
840 706
61 191
710 610
710 408
354 317
536 411
113 541
75 335
525 550
20 521
132 739
693 992
955 116
773 400
534 950
869 8
969 277
846 954
315 876
751 532
39 595
355 481
867 802
409 159
159 747
115 908
928 541
361 839
946 51
156 863
185 149
75 419
914 698
842 192
355 772
366 714
519 143
226 150
445 89
433 274
19 15
171 281
203 895
970 510
488 174
299 993
775 434
229 628
664 769
432 581
892 851
12 161
415 19
160 914
119 431
722 796
379 802
860 571
499 198
17 416
127 632
333 450
50 426
816 409
498 526
163 48
109 859
623 183
893 0
481 632
46 488
51 367
302 214
868 828
637 144
217 47
332 35
105 15
819 973
285 42
101 577
524 883
109 505
664 577
918 673
214 783
62 131
239 527
188 747
495 287
905 140
642 205
272 795
742 388
553 58
333 678
664 671
230 120
96 296
364 342
793 260
273 710
461 897
486 570
995 994
519 613
852 664
931 987
136 888
37 173
5 780
594 799
200 178
456 555
603 928
435 535
393 826
601 425
613 114
732 933
176 794
982 754
277 357
166 171
303 265
557 880
910 941
110 216
37 992
544 1000
529 438
229 697
429 398
559 182
772 675
535 824
293 516
71 159
513 331
818 657
622 501
316 745
679 98
273 618
249 44
48 811
65 277
391 762
974 219
747 824
674 297
779 744
175 486
670 968
920 298
988 87
248 287
783 901
902 732
518 582
884 966
430 804
256 322
505 985
373 985
189 201
606 70
152 465
487 907
196 26
142 666
885 577
558 5
453 119
955 450
762 629
507 960
272 454
697 758
862 921
654 400
388 702
151 4
201 834
786 43
347 275
30 448
966 879
881 210
479 105
469 58
259 651
210 307
95 982
738 425
750 358
103 658
544 795
812 136
347 110
581 641
502 258
324 474
653 878
192 262
724 879
252 175
973 415
385 59
480 6
460 186
690 581
637 809
755 988
81 627
896 335
498 846
786 330
831 621
337 939
827 77
994 235
115 322
992 701
417 781
829 824
490 798
603 878
806 174
569 989
397 216
338 995
722 984
584 44
623 237
789 616
27 660
273 160
29 791
538 89
692 862
99 151
958 961
467 325
255 503
352 660
410 593
981 36
212 809
178 377
890 305
630 726
359 372
275 752
840 507
580 732
995 444
708 496
413 743
174 610
736 127
321 344
133 294
305 542
702 826
59 397
537 195
436 344
297 303
457 157
689 516
183 870
943 361
677 158
517 727
764 844
325 580
318 125
240 820
479 218
788 823
11 618
0 229
326 967
37 271
887 782
232 728
792 541
155 641
806 108
339 549
49 4
857 539
123 932
453 498
224 472
704 697
396 497
240 972
248 461
472 267
755 904
209 332
98 90
162 573
934 722
553 583
157 982
348 153
139 197
11 319
890 684
958 481
417 868
698 940
49 322
55 777
720 362
765 579
438 139
721 221
820 877
106 120
689 318
388 282
18 125
613 954
752 465
1000 593
754 100
759 286
754 7
613 1
146 944
515 107
299 719
871 335
442 700
604 364
904 176
65 79
365 571
212 539
265 128
672 350
858 608
923 566
218 432
908 517
45 689
315 621
548 755
257 99
659 121
388 920
844 165
858 65
992 955
335 195
61 970
690 392
326 253
438 204
417 919
638 314
349 804
152 500
555 610
204 122
297 573
857 38
895 470
717 908
686 432
984 659
