25 4
0040030234130000000011002
0420203040002340014111102
1410240242232000102400203
3000121044204400230143400
1300001001232202002042300
2033423110220001123332100
0310030204132130010124030
1020332401410434310002320
0220044030210440133043120
0110020023022202040023201
0003103342312030343432032
3411311034100310440110003
1442000242022401212321402
0440134320030212330032010
2342241103000402440014404
3401110220440122411000130
0100304104323131414031020
3202310412431300440440414
4420023300021334043230004
3104404434030400340413030
4022004034032203011331000
0041443304200040033240213
2001020301331131003231014
2420201340012400100144012
0404120031014132000212001
