25 4
1224210424444340314040242
0332010100303314440000100
2203432100224204100001010
4214102402304120244001113
0342124000130010024131200
0222010214100140033143133
2022000020133004422002304
1000020013003001320433040
2421033232102304404032210
4200114410332202313131240
0034220034140004200002010
2113431400110443103304340
2220003200332000000303404
0000442110331040212212032
1032420002242041330033001
3001411002044413343140000
0121103231133101011030110
4444113041001343330043330
1242420303324003201043340
0014100424300003440300042
0004121430043001301024411
3034440100101340103014000
4004001030420002300020210
3203220110000222122204322
4303301120043420022001002
