25 4
0243333220004003200434230
0020134000042301040401111
1414440410002430103030204
3014111002043220141201222
2014004100402201010302221
0310444100002310244042033
3043033012201040030034044
0040044300401241102013001
4004231010331043243021432
2303002201330010413142020
2031210104241400143320302
4002030004043010023014001
0010030100100003442301400
4433020042120102000112414
0431003410232300303422420
4000122323010041003142103
3344210031100112123221300
0422014440020301322301200
0044101042001220000104034
0100032140033000310002043
0340142040203330004304232
1220120304133421102323344
0320433203212214013001011
0312010432423230042134204
2000033000044013211440231
