25 4
4112440332241422024100440
0134001444030102044201220
3420234144020044332000012
0113230013202003421104410
3311040003212002100212010
0000121304240234002400213
0121132002003004012103010
3304121000402300300021003
0334321012023021320302002
3013202000404301300240332
0010334044203030243003000
0032301114320234003100244
4101204134004040100020300
0030204144221030000310102
2340224042031111230031200
4423200422313230010320110
0421140301010140043444430
0002334114230430313044010
1420340300103042230410240
0342024434030024403304000
3010433014014100120000244
4300301201110400101111400
4110043122312402404141000
0000234101402103013234033
3243131202200020132223203
