25 4
0030402132303032300000300
0333230020000000424130100
0000243320020002421340430
0343024000000222040102140
0400403203210240000240030
0201343044011004240300001
2011241312031211313330440
4031230102341321340111101
3401204100001014423200430
1233430224410200000243004
0301104323301042132041040
4022244410441222013042030
4040033330410421230211422
1000341403011000023000400
1300434220010400030010344
1234310101213111443322432
4400100124122300344401303
2002230400101111000141003
0421122014231203140042023
1343301324330400042014112
0214031440100041302402030
0030320220023230003100114
3020001042404000033244404
2300242100102032320102032
0032322141301240142411401
