25 4
1034242100412142210012412
3003102200121221031020000
1032040010302300030022102
4113403000002144012301030
1030040000230034401414140
3340144011434203244400214
3202123431231014002242130
0141100431303303303040111
4423304120302031233141000
1304001410200003032220302
2344021110330020030200301
0034220032100002010120304
0330400104304040103143423
2000211001140000234220403
2004103400030432330443104
4213102420033412321000410
4424041212140032000030020
1133201310400020331201000
0124040104314123320434214
4422320322402004013232031
3200040020030300021420421
4324430440100000302030123
0400400312400014100440043
0142043121140121024321004
3003003004003342042212010
