25 4
2100000003012143403241222
2024400240400030213142433
0204210402011304313120414
3221203301242221141200103
1030012000030241022234041
1030040141304312314121331
2442033244211300010323003
4341000404420031120443444
0021234240320011003040040
1200040423020313040100033
0314002101302321124143022
0402213000123002032004000
1044022320001333400101334
0302034010000003402123043
4032030014310220030324343
4343304020300131000014001
4132214030300010101340243
0344013402143134020220300
0104111000203332400134302
0202334414004001000001304
0442030401001300400003300
0100002004231121240034140
0001142040110400033242214
2144201040200221322002420
1101320033000112242100014
