25 4
0103332000401443044004000
2230201002210031100201010
0002410040420323410001321
4140003022300210132202334
4142143420302100140040144
2021203331012412330010041
0030143403233403021201400
2040241004100404014340132
3021024332031043044441042
4400204022030201341101141
1042002111140200040000210
0043423210400342212024324
0400034310010402330010301
0300302300011040002002313
2113103003114043030300033
1310023140321001110400033
1202322032121211034233312
0310223000443212210100110
4333004020020410102104033
0000004214424342220200123
2013010331002023300404210
4142434243200302302424440
4033404201230040300333211
0322000040102204044400411
3014000032104400200330140
