25 4
3410144311013024330010002
1111322002040332023141120
1003200123042120244004132
4030124212120020223021021
0030300102434204033330400
0100440002022000040000010
4213304114340013004033400
2400310201000442420444440
1404100021020002013001040
4303140231001100421333404
3212434302101032034220321
0221311004200304210400101
0032104312010430201421231
0142332430413130020020202
3000044314300234142001000
2010304311234442222034044
3101233001031311040144030
3301301140021430103220004
3002304232333041223224300
0200004120000404040000022
0021213004332440440424331
3000002402430041030304004
0201034400300001014011341
4044322031320200010013233
2212114330100000130422101
