25 4
0110320334404300004100310
0030030444404430042041030
4402140231224332413004342
0440200340030424400030440
0000300343111322002133010
4140410001202000030223324
0342412100041033211410013
2023122241400343220431122
2243032030023132224020120
0200010043433211300100330
3002013013020440021404014
0030302330034300223423302
3411010401132242110400310
4001024140230000102014120
0042002004004431422300314
0013101401103022104004104
3123132000200240304120320
3224032300310321300110300
1032110230400431432100021
3013134000004301130003332
2202000341100441400401442
4001024202013102100403413
3044222024410200420030110
3142042043010020034140104
0010211200114000122021123
