25 4
1000104033003320032201004
0232114300401031202320400
3342212000144032220044231
1301103340020430000002030
0030010012304100010100031
4012310410310200020233102
4034242240130230021002441
0414020222300110410444004
4300014304032424101100000
0410102440143144210342220
2003103042041100311434233
4012042204400042033020204
0411040121213102400202320
2303101013432004300302300
0210313203041102300440330
1004232233403300020323303
3300204024023440334332203
3034413130141311022003312
0404204140420013020042000
1320000004013013000402200
2302100400021240320211004
3404110442122404222114040
3104203430031020403011411
2004404140330033113212412
3420000110301114011001404
