25 4
3013330201213012430420202
4023021030011110224033301
0001040101200404010100422
0343032403004003000214231
1130344104013111342110043
4040010001111004100012012
4021100300224124430111403
4011102314434202004040042
0102420423002203443102032
2040104033421130100200300
3004333224000004000024000
3310203342223044314000010
0001330301403202330024012
0104302200432012214010101
0031300030043121011231023
0024330130003322401202013
2420123404231203302034244
2233202303404022304431122
0101020100000210300043302
0414031400240020342013044
2013000003112133042034302
0240010144203031220004013
1204442213444031004100343
4040003440103012413042240
0102040020110030242044344
